# evlo=221.171097 evla=59.492401
217.659 60.6024 2.98687 2.80224 28.9847 231.432
217.639 60.9231 3.09096 2.88799 56.6684 252.444
216.976 61.3836 3.11507 2.89165 32.5354 312.55
218.049 60.1785 2.51468 2.26087 124.156 190.986
217.533 61.1871 3.11699 2.895 67.4074 275.655
218.856 60.4399 2.92155 2.69935 211.782 166.927
216.546 61.2275 3.11937 2.92074 42.3717 320.114
226.475 68.3065 3.16941 3.00106 25.4736 1015.57
218.652 60.1592 2.34314 1.88185 52.2329 159.622
218.626 60.2469 2.64152 2.36458 79.0695 165.498
218.627 60.1298 2.14133 1.78244 34.4139 159.425
217.659 60.602 2.98687 2.80225 28.9847 231.432
217.639 60.9231 3.09107 2.88809 56.6684 252.452
216.976 61.3836 3.11507 2.89165 32.5354 312.55
218.049 60.1785 2.51468 2.26087 124.156 190.986
217.533 61.187 3.11682 2.89484 67.4074 275.64
218.856 60.4399 2.92155 2.69935 211.782 166.927
216.546 61.2275 3.11937 2.92074 42.3717 320.114
220.454 59.9722 3.16743 2.94999 52.4636 66.9575
