# evlo=217.653793 evla=61.035999
217.507 60.403 2.96664 2.7827 61.138 70.9858
220.363 59.9534 3.07596 2.86744 358.475 191.615
216.3 60.3932 2.98333 2.77782 302.478 102.93
216.716 60.1205 2.67501 2.59944 256.907 114.231
209.013 64.0997 3.03998 2.73986 63.3991 559.607
209.094 59.7511 3.1187 3.03718 60.9226 492.788
207.916 63.4188 3.01938 2.54782 26.5485 571.053
209.796 67.2269 3.04723 2.81066 61.0727 787.786
217.513 60.0823 2.80202 2.57465 181.036 106.544
212.624 63.0753 2.98938 2.55092 49.6565 347.472
215.93 63.6482 3.08339 2.92287 99.0245 304.491
213.401 60.7277 3.14915 3.11656 182.705 233.444
211.074 61.771 3.19388 2.95791 73.8394 360.737
216.188 61.4417 3.25895 3.42349 64.2748 90.784
212.904 60.8792 3.22714 3.06665 103.28 257.872
215.271 60.5805 3.10454 2.9382 328.351 139.28
216.679 60.2805 2.83387 2.63393 172.928 99.638
213.052 64.4091 3.05128 2.76374 104.983 443.327
213.497 60.396 3.00311 2.85669 239.642 237.838
215.738 60.3351 2.92468 2.79548 260.444 130.609
215.581 59.9268 2.53962 2.51974 186.214 168.098
216.749 60.4427 3.03287 2.97882 208.227 82.4995
214.077 61.4924 3.23702 2.98285 192.579 198.502
209.077 63.5527 3.07287 2.85904 83.4728 525.455
217.277 60.2474 2.87637 2.6252 92.6962 90.2593
218.995 60.824 3.28282 2.99824 133.36 76.4774
211.768 64.9602 3.0398 2.73783 116.863 528.941
218.049 60.1785 2.93539 2.75464 158.178 97.9717
210.931 64.5928 3.06214 2.79442 58.9302 523.573
216.031 60.2361 2.85975 2.69876 208.939 125.82
214.53 62.9699 3.09781 2.83911 135.394 270.556
219.747 60.0959 3.06681 2.88788 189.035 155.413
220.599 59.667 3.01925 2.7273 122.946 222.888
214.475 65.5174 3.11134 2.88996 67.9681 524.215
211.667 60.8584 3.22124 3.07327 132.446 324.979
215.323 60.3863 2.97144 2.856 177.673 146.409
210.261 61.0889 3.19282 2.9963 146.207 399.051
215.154 63.7399 3.06703 2.85119 186.384 327.873
218.652 60.2994 3.11098 3.02933 107.922 98.566
211.14 63.4056 3.02988 2.64513 74.3903 429.269
219.217 60.1294 3.00448 2.93747 206.821 132.463
211.668 61.807 3.21592 3.03196 142.46 330.769
212.671 61.832 3.19422 2.91015 87.6187 280.24
216.01 63.9761 3.09141 2.96784 79.9846 338.432
214.792 60.5341 3.01449 2.87546 535.335 165.611
205.816 56.5593 2.94339 2.88079 17.9899 844.771
217.161 60.1791 2.80178 2.48043 172.421 99.2163
216.221 60.072 2.62787 2.60661 318.681 133.097
210.547 60.1043 3.1472 3.10431 92.7879 403.058
218.856 60.4399 3.2106 3.22611 130.655 93.3283
209.711 63.4502 3.05324 2.72026 39.7426 492.296
216.546 61.2275 3.32331 3.28248 54.4356 63.4155
211.415 62.9628 3.04249 2.57963 48.9627 390.892
211.462 62.6812 3.03075 2.68696 24.6272 373.737
211.771 63.0624 3.05666 2.73446 37.8395 381.47
212.26 62.5808 2.98239 2.5088 59.7295 332.292
211.152 62.8331 3.04507 2.68366 40.9421 395.539
218.249 60.3583 3.04707 2.91715 128.806 82.2125
212.138 64.8736 3.04283 2.74475 184.775 510.783
216.289 69.626 3.04681 2.85144 37.6143 959.802
235.93 69.3475 3.10258 2.83812 55.3914 1251.83
203.387 68.7132 2.99344 2.72592 21.088 1085.32
211.177 69.1532 3.06083 2.83902 16.4054 953.599
213.625 69.322 3.02077 2.78755 24.4651 942.43
219.035 69.243 3.10289 2.95103 26.1007 917.261
221.263 69.3286 3.06503 2.84279 23.3126 939.511
202.768 67.4572 3.0489 2.74045 23.0327 1011.77
208.187 68.1343 3.04076 2.77298 18.8211 909.828
210.384 68.0584 3.05007 2.83348 17.0747 855.717
211.513 68.0748 3.12039 2.84937 17.5839 837.19
214.432 68.1207 3.02294 2.79104 31.6946 804.513
218.405 68.1861 3.09888 2.92212 40.6713 797.929
220.465 68.6043 3.09148 2.89741 38.1519 854.056
223.281 66.3701 3.10914 2.91991 79.3326 655.889
206.517 67.2221 3.02977 2.76777 37.0031 874.711
207.821 67.5076 3.0482 2.80707 22.7064 862.381
214.357 67.5933 3.12046 2.8379 25.9024 747.952
215.855 67.6946 3.02083 2.8503 27.7525 747.304
220.128 67.6136 3.09348 2.90685 55.3598 742.834
226.258 67.441 3.096 2.8911 45.9543 825.409
206.494 66.5156 2.98989 2.67782 33.2546 819.896
209.976 66.7108 3.04812 2.82918 55.0234 735.428
212.525 66.7004 3.06574 2.9138 23.1703 679.387
218.345 66.8088 3.08723 2.89119 60.2931 644.409
221.978 66.9116 3.10039 3.02302 23.5156 687.974
225.729 66.9227 3.10291 2.91687 34.8212 764.804
207.195 65.6571 3.01833 2.62332 39.6592 732.833
208.623 65.8937 2.9946 2.6826 39.9101 702.914
210.457 65.8251 3.03589 2.77818 98.3157 642.625
218.473 66.2305 3.0804 2.87077 78.3952 580.448
221.631 66.2191 3.09266 2.88155 25.9947 610.196
213.052 64.4091 3.05128 2.76374 104.983 443.327
216.846 65.3064 3.12889 2.97107 67.6296 477.722
218.385 65.6035 3.08841 2.88894 101.328 510.43
220.064 65.4483 3.10215 2.91915 36.2331 506.425
221.694 65.3609 3.13052 2.95315 123.317 522.944
223.623 65.2225 3.1298 2.96978 83.9125 554.861
205.853 64.1767 3.07156 2.89826 37.8969 698.305
214.63 64.613 3.1009 2.9427 74.7198 427.326
216.201 64.5654 3.09972 2.99684 16.8147 400.275
216.436 64.5012 3.10735 3.00517 78.4176 391.177
221.784 64.453 3.1186 2.93975 188.432 435.251
221.784 64.4525 3.11847 2.94355 117.219 435.188
223.67 64.5753 3.11785 2.93272 51.0594 499.344
214.222 63.8036 3.07828 2.81267 190.833 355.698
222.48 63.8433 3.13998 2.9803 98.348 399.789
201.703 62.1344 3.07331 2.82784 16.9286 853.701
205.146 62.1816 2.94282 2.77428 48.0485 674.83
206.12 62.4787 3.0466 2.5369 23.3445 629.052
216.652 63.0254 3.09415 2.95866 136.393 227.818
218.173 63.0618 3.08597 2.86269 144.033 227.391
221.871 63.109 3.14504 3.01654 167.851 319.207
199.312 60.6947 3.20829 3.16494 15.821 994.108
212.274 61.7929 3.21577 2.93368 53.509 299.322
213.825 62.1067 2.78835 2.24187 157.58 235.79
217.004 62.4013 3.15809 2.97191 161.034 155.984
218.122 62.3579 3.11858 2.87535 122.593 149.381
221.538 62.4435 3.12135 2.94183 153.917 258.243
223.206 62.5763 3.10811 2.9619 234.545 339.242
225.609 62.2024 3.11202 2.93155 381.359 441.287
215.402 61.6061 3.2633 3.26287 84.1442 136.315
222.911 61.4593 3.13726 3.00081 81.2665 286.096
226.918 61.1512 3.14564 3.01321 148.643 499.545
201.907 59.5938 2.97466 2.7022 19.4175 882.761
210.276 60.4814 3.17934 3.01138 96.0229 406.718
219.809 60.7718 3.2321 3.01482 166.694 120.628
223.909 60.7704 3.16619 3.02059 113.632 340.66
212.597 59.9979 2.90832 2.73104 143.383 300.782
223.04 60.1218 3.19429 3.00104 60.6809 312.261
226.285 59.5898 3.19236 2.95441 47.8366 503.113
227.183 60.2114 3.18952 3.12585 101.63 529.201
212.566 65.1171 3.07504 2.82958 220.44 522.153
203.344 58.6774 2.87555 2.62474 16.6275 841.854
207.606 58.6097 3.03815 2.93937 18.3061 624.274
227.731 58.9601 3.1737 2.9655 58.8594 607.252
227.048 56.8144 2.67724 2.55092 27.3929 715.685
212.138 64.8735 3.0428 2.74395 176.543 510.779
210.428 68.6408 3.0315 2.79385 19.0889 913.139
226.879 56.1146 3.09356 2.93707 26.4893 765.855
218.842 64.7774 3.10109 2.91471 130.144 421.348
211.14 63.4057 3.02988 2.64513 74.3903 429.27
218.547 60.1369 2.4853 2.35211 328.351 111.499
210.84 64.6544 3.05227 2.65772 50.9255 531.513
210.867 64.709 2.9817 2.59741 41.9239 535.048
210.853 64.7716 3.05648 2.65279 37.4078 540.601
210.819 64.8857 3.04835 2.66135 38.2927 551.112
210.44 64.87 3.09967 2.74044 35.9184 562.048
210.174 64.8537 3.02348 2.68851 29.9866 569.583
210.069 64.7653 3.01537 2.56443 28.1309 566.273
210.917 64.5498 3.05616 2.77456 42.5653 520.588
210.901 64.613 3.05841 2.75206 60.8012 526.186
211.172 64.6917 3.00264 2.63318 57.4097 523.791
217.507 60.403 2.96664 2.7827 61.138 70.9858
216.296 60.3923 2.98924 2.78332 302.478 103.133
216.716 60.1205 2.67501 2.59944 256.907 114.231
215.271 60.5805 3.10454 2.9382 328.351 139.28
216.679 60.2805 2.83387 2.63393 172.928 99.638
216.749 60.4427 3.03287 2.97882 208.227 82.4995
217.277 60.2474 2.87637 2.6252 92.6962 90.2593
218.995 60.8241 3.28267 2.9981 133.36 76.4739
218.049 60.1785 2.93539 2.75464 158.178 97.9717
216.031 60.2361 2.85975 2.69876 208.939 125.82
218.652 60.2994 3.11098 3.02933 107.922 98.566
219.217 60.1294 3.00448 2.93747 206.821 132.463
216.221 60.072 2.62787 2.60661 318.681 133.097
218.856 60.4399 3.2106 3.22611 130.655 93.3283
216.546 61.2275 3.32331 3.28248 54.4356 63.4155
212.567 65.1173 3.07294 2.83462 41.0689 522.165
212.57 65.1176 3.07244 2.83474 39.7258 522.124
