# evlo=209.796204 evla=67.226898
194.627 64.5646 3.12619 3.06506 65.4629 750.135
217.908 60.4896 3.05335 2.766 43.9998 848.845
217.654 61.036 3.04723 2.81066 61.0727 787.786
218.338 61.0595 3.07652 2.9383 28.1732 801.901
225.144 58.5792 3.04113 2.87462 30.4871 1233.14
209.013 64.0997 3.01827 2.75514 71.0936 350.54
207.916 63.4188 3.03235 2.71005 95.1937 433.494
212.195 64.6453 3.00665 2.76457 234.486 307.817
216.907 60.7523 3.0607 2.62261 17.2606 800.145
217.513 60.0823 2.95658 2.62603 27.9012 881.873
212.624 63.0753 3.00694 2.75993 131.636 481.391
214.225 61.1292 3.01082 2.62849 56.8295 712.621
215.93 63.6482 3.08084 2.9397 59.512 489.66
213.401 60.7277 2.99794 2.65077 55.9368 745.396
214.766 66.5657 2.8206 2.41576 97.7508 229.77
188.296 63.7758 3.12005 3.26152 28.8933 1060.34
203.121 64.7461 3.04145 2.70818 176.095 410.082
216.188 61.4417 2.9641 2.64488 47.8431 714.298
212.904 60.8792 3.05566 2.72542 60.9025 723.495
218.244 60.7315 3.06228 2.85486 46.5069 832.278
213.052 64.4091 2.98722 2.72099 171.737 347.573
213.497 60.396 3.0412 2.83276 43.8018 782.635
217.659 60.6024 3.04789 2.80302 17.8527 831.772
215.581 59.9268 2.87748 2.59753 41.0753 862.098
216.749 60.4427 3.0597 2.76507 32.7456 828.909
217.639 60.9231 3.0503 2.78898 92.7311 798.828
211.542 61.4131 2.9947 2.67942 133.297 653.541
209.077 63.5527 3.00696 2.64429 102.488 411.022
218.995 60.824 3.06009 2.81108 21.6598 841.721
216.976 61.3836 3.03471 2.80733 26.3781 737.225
211.063 63.7318 2.89517 2.50342 180.365 394.073
211.768 64.9602 2.99284 2.73257 264.066 268.004
218.049 60.1785 3.03458 2.79752 34.237 883.668
209.256 65.0304 3.07007 2.8481 124.554 246.141
216.031 60.2361 2.95952 2.61469 51.2371 836.955
214.53 62.9699 2.99934 2.72495 160.487 523.848
217.533 61.1871 3.01952 2.65195 43.7209 769.783
211.667 60.8584 3.0029 2.68407 99.3819 715.718
215.323 60.3863 3.02519 2.6746 68.7048 808.943
215.154 63.7399 3.03723 2.82509 69.077 460.893
218.652 60.2994 3.05882 2.83828 28.1739 885.378
211.14 63.4056 2.90235 2.49101 124.081 430.617
219.217 60.1294 3.06352 3.03406 24.8452 916.124
211.668 61.807 2.98123 2.63031 138.524 610.819
212.671 61.832 3.03916 2.71082 126.909 616.914
216.01 63.9761 3.04451 2.84418 121.594 461.585
214.792 60.5341 3.01149 2.6908 53.2439 784.818
210.547 60.1043 3.03687 2.80129 44.4352 794.821
211.415 62.9628 3.03322 2.55745 65.9604 481.426
211.462 62.6812 3.04042 2.55914 62.4891 512.839
212.058 62.8349 2.9905 2.75995 40.1197 501.055
212.26 62.5808 3.00362 2.76952 143.709 530.864
211.152 62.8331 2.93141 2.5567 154.92 493.997
217.147 60.448 3.00041 2.75424 38.1722 836.496
211.908 64.4716 3.00362 2.75714 152.724 321.971
218.249 60.3583 3.05244 2.80017 51.4839 869.954
196.917 67.6988 3.05603 2.96479 38.5895 552.588
211.177 69.1532 2.7383 2.37614 103.066 222.341
213.625 69.322 3.07828 3.1056 129.01 282.1
221.263 69.3286 3.11186 2.8697 31.4762 527.551
202.768 67.4572 3.13685 3.20485 35.2181 303.164
203.811 68.2575 2.93793 2.62074 63.8001 277.804
208.187 68.1343 2.97089 2.73933 138.501 122.049
210.384 68.0584 3.00518 2.72879 84.9377 96.0345
211.513 68.0748 3.071 2.87732 75.3016 119.388
218.405 68.1861 3.01227 2.82343 324.02 379.598
220.465 68.6043 3.08323 2.95235 54.3231 472.712
222.103 68.3889 3.02483 2.82249 165.485 533.902
198.75 66.442 2.99361 2.54016 66.8096 492.261
202.227 66.8332 3.0859 2.86913 175.899 332.449
204.275 67.0486 3.08728 2.90555 127.26 240.219
207.821 67.5076 3.09978 2.83799 85.1303 90.4425
212.113 67.5187 3.08623 2.98125 156.413 104.684
214.357 67.5933 3.03157 2.92262 190.228 199.759
215.855 67.6946 2.99046 2.80504 226.532 264.334
224.214 67.6106 2.97173 2.68251 37.6012 618.127
226.258 67.441 2.94262 2.61932 88.545 706.521
199.349 65.5011 3.1801 3.24019 43.1846 504.879
202.913 66.1434 3.11341 2.82724 83.2501 327.031
206.494 66.5156 3.05131 2.7853 225.964 165.07
208.493 66.9214 3.08325 2.85569 84.3644 66.134
212.525 66.7004 3.03171 2.80864 120.354 132.852
213.899 66.7653 2.90673 2.49272 49.7172 186.196
216.215 66.9498 3.01857 2.78851 228.745 280.558
203.551 65.5276 3.04395 2.72307 186.057 337.347
205.119 65.4924 3.02958 2.70699 167.292 284.899
210.457 65.8251 3.08415 3.18624 95.8364 159.055
212.122 65.8371 2.96378 2.78121 223.431 186.28
214.843 62.3987 3.03388 2.77004 62.1593 588.827
213.052 64.4091 2.98722 2.72099 171.737 347.573
199.305 63.8864 3.02051 2.62091 54.0052 609.918
205.522 64.7962 3.02326 2.72052 81.4776 333.154
208.018 65.18 3.07214 2.86364 129.927 241.874
210.64 65.1479 3.05636 3.02199 103.2 234.92
218.385 65.6035 3.08322 2.59312 69.9826 423.711
223.623 65.2225 3.03457 2.80258 59.1374 659.528
196.446 62.7492 3.00043 2.69116 48.0457 801.111
199.398 63.2842 3.03901 2.69459 64.9626 653.725
200.922 63.3965 3.05728 2.6861 60.9974 593.574
203.285 63.465 3.04015 2.74892 56.5051 516.994
204.379 63.994 3.02772 2.74237 83.4075 438.189
205.853 64.1767 3.0501 2.79174 85.1664 385.152
214.63 64.613 3.01755 2.79826 71.9334 365.064
216.201 64.5654 3.03472 2.78281 25.5951 415.948
216.436 64.5012 3.0383 2.8305 154.467 428.814
195.344 61.9331 3.01527 2.75109 35.4338 906.019
198.469 62.2938 3.04555 2.63752 36.1391 767.97
201.699 62.7161 2.96995 2.68579 21.4443 630.755
217.924 64.0292 3.06217 2.84154 124.99 516.286
198.513 61.678 2.96726 2.61366 70.208 820.772
200.525 61.7105 3.02024 2.79149 27.5898 758.04
201.703 62.1344 3.03411 2.59267 23.7649 685.563
203.311 62.2195 3.05972 2.97135 32.6565 637.362
206.12 62.4787 3.04516 2.81585 78.0644 557.119
218.173 63.0618 3.06261 2.89765 97.548 607.351
201.041 61.0224 3.0648 2.76787 34.5038 810.917
202.562 61.4009 3.01288 2.66547 23.0588 736.694
205.609 61.9037 2.9937 2.60804 51.7276 626.155
212.274 61.7929 3.01932 2.71367 58.1533 617.264
217.004 62.4013 3.04449 2.83174 53.336 636.815
218.122 62.3579 3.11059 3.04947 45.3741 670.635
221.538 62.4435 3.07123 2.90466 44.0323 769.084
225.609 62.2024 3.18221 3.08687 36.2711 934.894
199.908 60.1686 3.05941 2.7515 61.8246 923.986
205.516 60.8132 3.04855 2.76814 41.2315 744.548
207.791 61.2001 3.02562 2.7634 36.6398 678.796
215.402 61.6061 2.98069 2.60399 104.029 681.758
200.175 59.1767 3.00953 2.63322 36.5593 1016.95
205.68 60.1952 3.06992 2.86833 36.1793 809.385
202.009 59.0314 3.06343 2.83444 21.9074 992.599
204.771 59.3922 3.07594 2.86172 55.2643 908.197
206.768 59.6524 3.02369 2.7108 44.3572 857.475
212.597 59.9979 2.99281 2.68339 45.5013 817.501
222.262 59.6304 3.0986 2.91186 23.4351 1046.8
223.04 60.1218 3.10364 2.90906 137.9 1023.84
226.285 59.5898 3.14793 3.04579 25.2917 1177.57
212.566 65.1171 2.9685 2.69303 167.958 266.32
213.66 59.4296 2.86352 2.59432 58.6289 890.006
227.731 58.9601 3.07179 2.68498 20.948 1283.12
205.548 57.5665 3.12341 3.26425 15.489 1098.21
225.482 58.2747 3.1856 2.99909 40.7987 1272.35
229.033 59.3946 3.12131 2.94135 22.8081 1291
223.768 57.9616 3.11948 2.91318 76.4175 1251.37
225.424 57.4688 3.1309 2.95591 33.4742 1347.57
228.869 57.9128 3.11977 2.97751 18.5065 1416.57
227.048 56.8144 3.14341 2.97695 45.211 1460.02
229.75 56.9811 3.10106 2.76742 24.4311 1532.07
212.138 64.8735 2.99417 2.74838 194.825 283.023
226.879 56.1146 3.07364 2.70245 36.5279 1522.6
228.385 55.3279 3.15064 2.92872 26.5614 1645.04
218.842 64.7774 2.96465 2.61603 109.878 492.502
227.653 56.4191 3.1226 2.76273 23.6413 1516.81
209.931 62.7622 2.05171 1.77035 55.9435 497.82
211.063 63.7323 2.89481 2.5031 180.365 394.023
211.14 63.4057 2.90232 2.49098 124.081 430.611
210.84 64.6544 2.9926 3.00857 83.7247 290.75
210.174 64.8537 3.02192 2.81119 238.57 265.184
210.069 64.7653 3.02735 2.86384 217.129 274.766
210.901 64.613 2.96035 2.80032 64.3539 295.764
217.908 60.4896 3.05335 2.766 43.9998 848.845
218.338 61.0595 3.07653 2.93831 28.1732 801.904
218.244 60.7315 3.06228 2.85486 46.5069 832.278
217.659 60.602 3.048 2.80312 17.8527 831.802
216.749 60.4427 3.0597 2.76507 32.7456 828.909
217.639 60.9231 3.05028 2.78896 92.7311 798.823
218.995 60.8241 3.06005 2.81105 21.6598 841.711
216.976 61.3836 3.03471 2.80733 26.3781 737.225
218.049 60.1785 3.03458 2.79752 34.237 883.668
216.031 60.2361 2.95952 2.61469 51.2371 836.955
217.533 61.187 3.01957 2.652 43.7209 769.798
218.652 60.2994 3.05882 2.83828 28.1739 885.378
219.217 60.1294 3.06352 3.03406 24.8452 916.124
212.567 65.1173 2.97914 2.70149 24.5184 266.307
212.57 65.1176 2.97883 2.69943 23.3662 266.336
