# evlo=214.225098 evla=61.1292
217.507 60.403 3.05721 2.82894 102.448 196.296
218.338 61.0595 3.2575 3.14105 145.959 221.967
220.363 59.9534 3.11951 2.96738 64.8294 361.296
216.3 60.3932 2.94269 2.87153 130.592 139.683
216.716 60.1205 2.70694 2.62813 188.068 176.686
209.094 59.7511 3.14259 2.95182 115.307 321.425
209.259 59.7417 3.15322 3.0405 68.5259 314.035
212.195 64.6453 3.01493 2.71017 129.964 405.232
207.685 63.8827 3.09103 2.82555 93.4009 455.401
208.763 59.5251 3.13505 2.91862 71.3044 350.579
209.796 67.2269 3.01082 2.62849 56.8295 712.621
216.907 60.7523 3.21461 3.18481 189.934 151.334
217.513 60.0823 2.82201 2.66797 129.551 214.53
212.624 63.0753 3.05431 2.71835 178.519 232.427
215.93 63.6482 3.01115 2.65751 305.293 294.252
214.25 60.5487 2.98505 3.14317 403.26 64.6974
213.401 60.7277 3.11472 3.1577 124.071 63.2229
211.074 61.771 3.10912 2.94037 241.358 182.639
216.188 61.4417 3.23498 3.07095 377.56 110.844
212.904 60.8792 3.25981 3.21076 91.4291 76.7022
215.271 60.5805 2.90185 2.87933 102.143 83.4763
216.679 60.2805 2.875 2.68803 125.048 163.995
218.244 60.7315 3.25607 3.07119 147.072 222.361
213.497 60.396 2.98748 2.9087 243.692 90.8378
215.738 60.3351 2.81309 2.748 157.299 120.992
217.659 60.6024 3.1931 3.18039 215.791 195.592
215.581 59.9268 2.50743 2.60899 155.22 153.268
216.749 60.4427 2.96761 2.92089 167.17 157.312
211.542 61.4131 3.13247 2.87541 285.373 147.387
209.077 63.5527 3.11143 2.86275 102.201 379.401
217.277 60.2474 2.90631 2.69958 52.4913 193.494
216.976 61.3836 3.26603 3.17188 329.822 150.328
211.063 63.7318 3.08887 2.84602 138.717 332.813
218.049 60.1785 2.96049 2.80648 153.767 234.421
216.031 60.2361 2.78488 2.62262 269.953 140.132
214.53 62.9699 2.93287 2.49688 322.043 205.758
214.475 65.5174 3.06206 2.89066 91.8552 489.297
207.811 62.8962 3.14712 2.96125 68.5413 389.176
211.667 60.8584 3.21609 2.9344 235.828 141.701
215.323 60.3863 2.72985 2.43418 194.344 102.139
215.154 63.7399 2.96676 2.57017 371.044 294.888
211.14 63.4056 3.11556 2.81237 150.302 299.999
211.668 61.807 3.17621 2.90187 147.764 155.811
212.671 61.832 3.17101 3.02314 214.629 113.977
216.01 63.9761 3.02091 2.69582 311.591 330.28
214.792 60.5341 2.91685 3.03749 78.5134 73.1235
205.816 56.5593 3.12944 2.98118 59.7539 702.417
209.777 60.5117 3.20766 3.09524 193.799 251.571
216.221 60.072 2.61338 2.49485 138.776 160.711
218.856 60.4399 3.23213 3.20697 68.5776 263.614
217.171 60.7541 3.22074 3.21325 185.468 165.041
209.711 63.4502 3.11748 2.89331 144.281 348.851
216.546 61.2275 3.29606 3.25127 174.982 125.32
211.449 62.8295 3.14113 2.84093 144.834 238.897
211.415 62.9628 3.12373 2.87458 76.508 251.707
211.462 62.6812 3.15238 2.88166 83.5867 225.799
212.058 62.8349 3.11982 2.80876 92.0728 221.434
211.771 63.0624 3.11093 2.799 80.2521 250.649
212.26 62.5808 3.08933 2.76382 238.691 192.005
211.152 62.8331 3.14472 2.90172 118.668 248.97
217.147 60.448 3.04471 2.96751 203.861 176.304
218.249 60.3583 3.10072 3.05009 73.7149 235.637
207.417 57.7828 3.06783 2.85084 45.8538 536.232
202.768 67.4572 3.11789 2.84009 33.8491 894.527
203.811 68.2575 3.00159 2.65976 31.8306 934.517
208.187 68.1343 2.96166 2.5307 31.6719 831.717
210.384 68.0584 3.00009 2.70317 77.5075 793.731
214.432 68.1207 2.92958 2.56504 75.0721 779.516
218.405 68.1861 3.05093 2.80769 89.5607 811.243
220.465 68.6043 3.0721 2.76263 30.7791 883.278
222.103 68.3889 3.06028 2.81925 67.0268 890.386
198.75 66.442 3.04324 2.69404 18.6431 961.532
204.275 67.0486 3.04436 2.86154 19.8307 817.093
206.517 67.2221 3.10871 2.95867 28.017 774.488
214.357 67.5933 2.92192 2.5083 59.1455 720.66
215.855 67.6946 3.00623 2.68922 168.508 736.069
220.128 67.6136 3.07844 2.82328 45.3871 776.231
224.214 67.6106 3.02045 2.68476 88.7216 866.45
226.258 67.441 3.06462 2.76087 42.7841 910.471
197.645 65.3936 3.01502 2.6241 26.9537 954.598
201.346 65.895 3.04716 2.72989 21.9582 829.953
208.493 66.9214 3.05287 2.56413 30.2256 703.204
209.976 66.7108 3.00832 2.52802 38.2091 655.851
216.215 66.9498 3.02758 2.73183 140.26 656.026
218.345 66.8088 3.05589 2.80222 60.5484 664.177
221.978 66.9116 2.99957 2.77368 21.7068 746.572
223.778 66.9808 3.04496 2.81616 63.0478 800.118
225.729 66.9227 3.07268 2.83164 33.5201 853.737
205.119 65.4924 3.06998 2.83611 29.5814 665.8
208.623 65.8937 3.08882 2.67082 58.346 599.348
214.181 66.267 2.9506 2.56601 40.2536 572.726
218.473 66.2305 3.05088 2.81903 72.1345 605.944
221.631 66.2191 3.04657 2.81034 76.4878 674.534
214.843 62.3987 2.91381 2.58753 258.935 145.19
205.522 64.7962 3.07627 2.85229 45.4891 600.772
208.018 65.18 3.01741 2.70192 41.8606 548.785
216.846 65.3064 3.07118 2.80976 90.2556 483.805
218.385 65.6035 3.0564 2.80243 163.919 540.146
220.064 65.4483 3.05644 2.79269 45.0676 563.053
221.694 65.3609 3.08581 2.88527 173.132 601.95
199.398 63.2842 3.05876 3.15065 16.278 806.04
205.853 64.1767 3.07935 2.79897 81.1084 546.66
214.63 64.613 2.99221 2.6318 98.4483 388.847
216.436 64.5012 3.05079 2.76569 210.141 392.329
221.784 64.4525 3.08192 2.90652 31.0669 534.152
223.67 64.5753 3.11116 2.97123 131.707 614.5
201.699 62.7161 3.01764 2.70876 22.1358 680.161
214.222 63.8036 3.00823 2.64763 149.425 298.07
222.48 63.8433 3.13648 3.01341 210.636 521.544
205.146 62.1816 3.01011 2.74079 61.7839 494.744
216.652 63.0254 2.99238 2.63448 185.977 246.437
218.173 63.0618 3.05026 2.83219 169.437 298.066
221.871 63.109 3.15473 3.02865 197.501 455.596
204.176 61.4907 3.07076 3.12588 20.9193 539.401
205.609 61.9037 3.05163 2.8973 67.6132 466.317
206.868 61.8823 3.05195 2.81339 34.7617 400.374
209.88 61.7531 3.10837 2.88068 174.365 242.008
212.274 61.7929 3.17032 3.01673 150.821 127.646
213.825 62.1067 2.98408 2.57193 308.947 110.98
217.004 62.4013 3.05914 2.88545 392.654 203.982
218.122 62.3579 3.12237 2.95494 394.273 247.214
221.538 62.4435 3.16065 3.0023 245.172 412.427
223.206 62.5763 3.16431 3.01665 225.824 499.129
201.231 60.4742 3.04476 3.01529 29.6389 710.02
204.11 60.6801 3.01191 3.06832 44.3229 550.645
215.402 61.6061 3.10526 2.97432 281.833 82.3659
222.911 61.4593 3.17549 3.20532 66.843 466.747
224.22 61.4862 3.13796 2.93668 150.776 536.526
226.918 61.1512 3.12719 2.88825 52.4534 682.694
198.736 59.2533 2.94916 2.68402 21.7715 882.045
202.905 59.7733 2.8723 2.44486 76.3371 640.181
205.68 60.1952 2.77493 2.30791 94.6684 478.335
219.809 60.7718 3.23571 3.07722 57.1568 305.136
202.009 59.0314 3.07231 3.04196 17.1859 717.753
212.597 59.9979 2.92091 2.77983 430.158 154.471
227.183 60.2114 3.19902 3.06178 31.0092 714.481
212.566 65.1171 3.00615 2.71784 177.447 452.275
204.113 58.2637 3.03898 2.70356 32.9533 651.787
204.991 58.6484 3.03028 2.71502 31.8236 585.491
207.606 58.6097 3.11314 3.00351 55.7675 464.713
213.66 59.4296 2.36333 1.91329 113.675 191.925
227.731 58.9601 3.00196 2.68353 16.1417 788.78
203.613 57.6397 2.97773 2.5826 26.1961 716.267
205.548 57.5665 2.97168 2.74414 17.9601 632.587
224.26 58.4133 2.89867 2.58833 54.7708 638.945
223.768 57.9616 2.73924 2.46525 34.0369 643.952
227.048 56.8144 2.87028 2.68558 32.5491 878.059
226.879 56.1146 2.87825 2.62981 23.2764 920.788
228.385 55.3279 2.92914 2.69823 29.1627 1049.73
227.653 56.4191 2.8825 2.69585 40.3688 934.678
211.063 63.7323 3.08919 2.84631 138.717 332.847
211.14 63.4057 3.11559 2.8124 150.302 300.003
210.84 64.6544 3.03585 2.70814 81.1615 428.829
210.554 64.5756 3.03453 2.6738 37.3206 427.043
217.507 60.403 3.05721 2.82894 102.448 196.296
218.338 61.0595 3.25758 3.14113 145.959 221.973
216.296 60.3923 2.9408 2.86968 130.592 139.594
216.716 60.1205 2.70694 2.62813 188.068 176.686
215.271 60.5805 2.90185 2.87933 102.143 83.4763
216.679 60.2805 2.875 2.68803 125.048 163.995
218.244 60.7315 3.25607 3.07119 147.072 222.361
217.659 60.602 3.19292 3.18022 215.791 195.581
216.749 60.4427 2.96761 2.92089 167.17 157.312
217.277 60.2474 2.90631 2.69958 52.4913 193.494
216.976 61.3836 3.26603 3.17188 329.822 150.328
218.049 60.1785 2.96049 2.80648 153.767 234.421
216.031 60.2361 2.78488 2.62262 269.953 140.132
216.221 60.072 2.61338 2.49485 138.776 160.711
218.856 60.4399 3.23213 3.20697 68.5776 263.614
216.546 61.2275 3.29606 3.25127 174.982 125.32
