# evlo=196.582397 evla=54.8564
200.411 54.831 3.06511 2.64302 201.477 245.914
209.738 62.4058 2.93699 3.04747 18.8462 1132.05
209.077 63.5527 2.69674 1.9748 30.4136 1198.88
211.768 64.9602 2.69653 2.03158 19.6532 1402.62
214.475 65.5174 2.74922 2.04651 37.1239 1536.76
207.811 62.8962 2.6491 1.91532 40.37 1101.89
193.495 53.8452 3.02264 2.54808 37.5637 230.096
205.522 64.7962 2.65084 1.84478 18.543 1212.88
201.699 62.7161 2.67472 2.06929 18.979 923.435
205.93 63.3569 2.63474 1.84293 47.4683 1085.41
198.513 61.678 2.54333 1.7341 24.1277 768.117
205.146 62.1816 2.65013 1.84147 16.6293 954.654
201.041 61.0224 2.52148 1.69074 29.85 735.355
211.172 64.6917 2.67053 1.89147 19.6659 1361.43
