# evlo=213.401306 evla=60.727699
217.908 60.4896 2.97992 2.98718 107.051 248.239
217.654 61.036 3.14915 3.11656 182.705 233.444
217.507 60.403 2.8558 2.77695 181.438 228.021
218.338 61.0595 3.1614 3.1801 157.536 270.466
216.3 60.3932 2.74308 2.64419 228.459 163.277
216.716 60.1205 2.50371 2.38162 271.678 194.687
215.395 60.9677 3.04097 3.08525 203.309 111.63
209.094 59.7511 3.09225 2.90555 140.607 262.197
209.259 59.7417 3.08978 2.90834 108.583 254.399
210.701 64.1732 3.09878 2.85706 88.6004 408.441
207.916 63.4188 3.07385 2.85162 46.9081 414.667
212.195 64.6453 3.08645 2.90843 140.396 440.972
207.685 63.8827 3.06405 2.85243 150.332 459.622
208.763 59.5251 3.10349 2.95962 129.196 290.491
209.796 67.2269 2.99794 2.65077 55.9368 745.396
216.907 60.7523 3.03175 3.07455 115.347 191.251
218.66 60.9649 3.18384 3.2514 93.9542 287.044
209.738 62.4058 3.11025 2.86572 128.692 269.884
217.513 60.0823 2.64454 2.46615 120.302 237.701
212.624 63.0753 3.12777 2.93474 170.965 264.791
214.225 61.1292 3.11472 3.1577 124.071 63.2229
215.93 63.6482 3.00282 2.63174 290.711 351.054
209.784 61.1426 3.0126 2.69974 83.7388 201.49
211.074 61.771 3.0576 2.90762 199.085 170.642
216.188 61.4417 3.15886 3.06115 451.889 170.096
215.271 60.5805 2.80784 2.91204 99.9043 103.555
216.679 60.2805 2.66813 2.59907 145.757 186.849
218.244 60.7315 3.11456 3.12985 132.074 264.202
215.738 60.3351 2.63634 2.54003 148.466 135.519
208.348 59.6572 3.06135 2.99081 56.6891 304.526
217.659 60.6024 3.02027 3.03046 100.024 233.193
216.749 60.4427 2.83009 2.76593 204.106 186.198
217.639 60.9231 3.15246 3.18415 178.473 231.56
214.077 61.4924 3.12018 3.06137 268.78 92.6788
211.542 61.4131 3.09399 2.73525 204.101 126.145
209.077 63.5527 3.08584 2.85662 166.599 387.119
217.277 60.2474 2.75334 2.61829 90.6779 219.634
218.995 60.824 3.1418 3.09121 126.16 304.898
216.976 61.3836 3.1493 3.11262 348.398 206.416
211.063 63.7318 3.12984 2.92799 94.074 356.15
211.768 64.9602 3.07812 2.86379 128.256 478.989
218.049 60.1785 2.7835 2.64915 222.514 262.97
210.931 64.5928 3.08377 2.82907 103.611 448.935
216.031 60.2361 2.57318 2.43503 185.421 154.601
219.747 60.0959 3.03557 3.30645 33.8488 356.572
207.811 62.8962 3.06043 2.86538 66.4252 380.926
217.533 61.1871 3.12238 3.01919 269.611 229.581
211.667 60.8584 3.11811 3.03731 127.871 95.5838
215.323 60.3863 2.62084 2.53172 95.2735 112.055
210.261 61.0889 3.1088 2.9211 136.52 175.073
197.092 68.0541 3.01259 2.80955 16.0934 1127.41
215.154 63.7399 2.99723 2.65558 96.0506 347.821
211.14 63.4056 3.14083 2.91786 147.044 320.964
219.217 60.1294 2.85637 2.73711 56.2013 327.067
211.668 61.807 3.06813 2.87937 331.933 152.006
212.671 61.832 3.13552 3.03724 219.937 129.137
216.01 63.9761 3.01334 2.67553 258.933 386.34
214.792 60.5341 2.7823 2.96369 60.087 79.1034
205.816 56.5593 3.08069 2.84831 41.6651 639.236
209.777 60.5117 3.10342 2.95556 209.316 199.875
217.161 60.1791 2.66041 2.52173 99.4401 215.729
216.221 60.072 2.42155 2.35132 204.61 171.73
210.547 60.1043 3.11982 3.03147 188.266 171.884
218.856 60.4399 3.08693 3.15707 75.0662 300.603
217.171 60.7541 3.04568 3.04029 216.552 205.61
209.711 63.4502 3.10243 2.89739 203.859 359.37
216.546 61.2275 3.11575 3.0998 292.098 179.101
211.449 62.8295 3.14647 2.9249 170.237 255.86
211.415 62.9628 3.15022 2.93779 88.4016 270.139
211.462 62.6812 3.13623 2.93039 120.027 240.632
212.058 62.8349 3.15063 2.9416 98.0457 245.285
211.771 63.0624 3.13582 2.88487 81.2932 273.916
212.26 62.5808 3.13631 2.93472 290.282 215.175
211.152 62.8331 3.13464 2.93899 185.203 262.903
217.147 60.448 2.8558 2.76692 230.469 207.618
211.908 64.4716 3.08258 2.90128 142.531 424.236
212.138 64.8736 3.08457 2.90258 83.5233 466.54
198.198 69.3641 2.95418 2.61643 20.8834 1192.85
202.84 70.0079 2.82549 2.4333 24.8188 1141.68
205.387 69.6211 2.85464 2.49377 18.7264 1058.21
200.413 69.1049 3.02236 2.7133 31.0218 1113.06
215.088 69.9175 2.97483 2.68626 38.8306 1027.54
235.93 69.3475 3.09662 2.88178 17.9152 1416.57
196.917 67.6988 3.02473 2.786 15.6578 1109.13
213.625 69.322 2.94204 2.59335 39.5858 958.249
219.035 69.243 3.04823 2.78365 66.6723 984.918
206.028 68.4414 3.01137 2.75609 16.3341 928.158
210.384 68.0584 3.04362 2.75962 30.2236 829.862
214.432 68.1207 2.956 2.60106 40.4471 825.659
218.405 68.1861 3.04566 2.76928 80.0771 864.974
220.465 68.6043 3.059 2.76015 72.9008 939.283
222.103 68.3889 3.05595 2.79305 65.3153 948.497
223.281 66.3701 3.05249 2.80102 56.5591 796.135
215.855 67.6946 3.02473 2.74508 85.5359 785.597
220.128 67.6136 3.07275 2.80721 44.3754 833.314
224.214 67.6106 3.02743 2.67145 74.4246 927.379
226.258 67.441 3.0626 2.85056 40.6951 972.606
208.493 66.9214 3.00022 2.67942 30.0409 730.975
209.976 66.7108 3.05394 2.87532 36.9056 687.841
213.899 66.7653 2.95515 2.55397 65.238 673.47
216.215 66.9498 3.04802 2.84367 27.1566 707.111
218.345 66.8088 3.04987 2.76678 91.4902 719.886
223.778 66.9808 3.04545 2.77536 64.794 861.604
225.729 66.9227 3.07314 2.84656 57.056 916.178
201.637 65.1527 3.02847 2.78066 31.2927 772.589
203.551 65.5276 3.03765 2.77199 46.8013 728.638
205.119 65.4924 3.06283 2.84573 76.5774 674.789
207.195 65.6571 3.0396 2.7673 48.6028 631.394
214.18 66.267 2.98396 2.63252 33.0541 618.666
214.181 66.267 3.07195 2.6287 54.9305 618.669
218.473 66.2305 3.04381 2.79217 19.6275 662.933
221.631 66.2191 3.05072 2.83883 49.4489 735.588
225.657 65.8052 3.08955 2.94911 25.4915 833.478
216.846 65.3064 3.0534 2.74466 117.482 539.144
218.385 65.6035 3.05186 2.80205 119.663 598.244
220.064 65.4483 3.07425 2.80454 29.7189 623.907
221.694 65.3609 3.09002 2.91338 90.3138 664.285
223.623 65.2225 3.11322 3.00741 56.0131 719.348
196.446 62.7492 3.12006 3.18828 17.7927 920.945
203.285 63.465 2.97459 2.63147 35.8364 609.185
204.379 63.994 3.04977 2.80027 30.3939 591.363
214.63 64.613 3.03619 2.71128 81.9141 437.575
216.201 64.5654 3.02531 2.66525 18.9146 451.081
216.436 64.5012 3.03923 2.73821 174.528 448.39
221.784 64.453 3.09298 2.96734 68.1001 597.38
221.784 64.4525 3.09198 2.96937 53.8874 597.322
223.67 64.5753 3.1162 2.95913 89.8992 677.69
214.222 63.8036 3.03931 2.71859 111.95 345.438
217.924 64.0292 3.06281 2.77082 107.888 435.851
222.48 63.8433 3.13767 3.01066 149.831 584.491
205.146 62.1816 3.00006 2.7251 33.3869 468.755
218.173 63.0618 3.07144 2.93672 187.185 361.202
221.871 63.109 3.14824 3.0244 127.184 517.522
193.799 60.3849 2.83032 2.25492 17.2452 1072.08
196.65 60.4135 2.88599 2.41015 22.7213 916.752
199.312 60.6947 2.94655 2.70668 17.916 767.803
201.041 61.0224 2.84284 2.35748 17.4517 671.229
212.274 61.7929 3.09158 2.93916 110.442 133.226
213.825 62.1067 3.01346 2.64451 245.875 155.326
217.004 62.4013 3.0814 2.93229 315.638 267.202
218.122 62.3579 3.12681 2.96936 231.949 309.767
221.538 62.4435 3.14317 3.0124 137.684 472.098
223.206 62.5763 3.14614 3.01961 102.968 558.278
225.609 62.2024 3.12742 2.96468 117.737 670.18
199.908 60.1686 2.87248 2.48494 29.1174 744.008
201.231 60.4742 2.8961 2.49034 34.8432 666.39
202.813 60.5269 2.91673 2.71036 44.2877 579.393
204.11 60.6801 2.89473 2.68631 24.1771 506.99
215.402 61.6061 3.1531 3.06818 436.894 145.502
222.911 61.4593 3.12743 3.1196 56.1564 519.013
224.22 61.4862 3.09694 2.89977 74.7853 588.811
226.918 61.1512 3.1442 2.972 37.665 732.96
198.736 59.2533 2.91492 2.61079 23.5602 833.001
200.175 59.1767 2.95815 2.60741 22.8593 757.585
201.907 59.5938 2.92522 2.50562 27.9832 649.768
202.905 59.7733 2.82625 2.44608 34.8303 590.215
204.792 59.8542 2.82883 2.4716 26.6684 485.641
205.68 60.1952 2.71555 2.2201 43.7274 428.706
207.376 60.0815 2.65847 2.11867 125.022 339.682
210.276 60.4814 3.0899 3.03709 209.338 173.375
219.809 60.7718 3.153 3.03977 94.1275 349.346
221.424 60.3024 3.15532 3.13727 64.6893 442.976
203.561 59.1953 2.94039 2.37783 22.7696 575.01
204.771 59.3922 2.91313 2.4895 23.9682 502.781
212.597 59.9979 2.81689 2.62218 238.3 92.6411
226.285 59.5898 3.15306 2.78706 25.6243 725.39
227.183 60.2114 3.1705 3.09479 52.8126 758.846
204.991 58.6484 3.00672 2.6424 28.9391 526.779
207.606 58.6097 3.0825 3.0938 34.8683 402.702
205.548 57.5665 2.97182 2.86323 23.6415 570.363
212.138 64.8735 3.08537 2.89854 61.9821 466.531
226.879 56.1146 2.92232 2.54544 18.4902 937.686
218.842 64.7774 3.0861 2.88046 80.1771 529.705
213.356 63.1033 4.4608 4.43438 44.4939 264.756
211.063 63.7323 3.1302 2.92833 94.074 356.191
211.14 63.4057 3.14088 2.91789 147.044 320.968
210.554 64.5756 3.14577 3.08221 33.6135 452.922
210.901 64.613 3.08221 2.82686 93.7466 451.512
217.908 60.4896 2.97992 2.98718 107.051 248.239
217.507 60.403 2.8558 2.77695 181.438 228.021
218.338 61.0595 3.16147 3.18017 157.536 270.471
216.296 60.3923 2.74045 2.64166 228.459 163.121
216.716 60.1205 2.50371 2.38162 271.678 194.687
215.271 60.5805 2.80784 2.91204 99.9043 103.555
216.679 60.2805 2.66813 2.59907 145.757 186.849
218.244 60.7315 3.11456 3.12985 132.074 264.202
217.659 60.602 3.01998 3.03017 100.024 233.171
216.749 60.4427 2.83009 2.76593 204.106 186.198
217.639 60.9231 3.15231 3.184 178.473 231.549
217.277 60.2474 2.75334 2.61829 90.6779 219.634
218.995 60.8241 3.1418 3.09121 126.16 304.898
216.976 61.3836 3.1493 3.11262 348.398 206.416
218.049 60.1785 2.7835 2.64915 222.514 262.97
216.031 60.2361 2.57318 2.43503 185.421 154.601
217.533 61.187 3.1225 3.0193 269.611 229.589
219.217 60.1294 2.85637 2.73711 56.2013 327.067
216.221 60.072 2.42155 2.35132 204.61 171.73
218.856 60.4399 3.08693 3.15707 75.0662 300.603
216.546 61.2275 3.11575 3.0998 292.098 179.101
212.567 65.1173 3.06731 2.84712 24.9837 491.088
212.57 65.1176 3.06755 2.84737 25.7145 491.109
