# evlo=209.255798 evla=65.030403
217.908 60.4896 3.0538 2.91284 29.2146 670.82
218.338 61.0595 3.11056 3.07774 24.2309 636.887
225.144 58.5792 3.13224 2.72886 25.3932 1098.58
209.013 64.0997 2.91399 2.63937 211.523 104.413
209.094 59.7511 2.6404 2.1175 91.2948 588.445
209.259 59.7417 2.65282 2.14001 81.9837 589.433
210.701 64.1732 2.67378 2.07938 347.274 117.975
207.916 63.4188 2.97241 2.67667 181.114 191.066
207.685 63.8827 2.95532 2.58238 235.664 148.614
209.796 67.2269 3.07007 2.8481 124.554 246.141
216.907 60.7523 2.95496 2.4748 57.7636 614.63
212.624 63.0753 2.87403 2.38807 113.292 272.988
211.074 61.771 3.00984 2.68983 158.265 374.47
208.348 59.6572 2.64975 2.32863 84.3381 600.673
217.659 60.6024 2.95798 2.46062 36.2115 652.537
225.615 58.2758 3.09809 2.85402 16.2085 1142.1
211.542 61.4131 3.01114 2.73744 139.564 419.198
217.277 60.2474 2.92859 2.51367 32.9272 672.353
211.063 63.7318 2.76157 2.18817 227.261 168.995
211.768 64.9602 2.96168 2.60563 141.333 118.79
218.049 60.1785 3.05315 2.95494 31.4018 703.272
210.931 64.5928 2.82806 2.72441 136.709 93.3287
220.599 59.667 3.03052 2.79339 18.6507 835.836
214.475 65.5174 3.0473 2.74915 264.274 249.61
211.667 60.8584 3.02305 2.77338 95.7179 480.763
215.323 60.3863 2.9428 2.92124 26.6533 603.002
210.261 61.0889 2.99049 2.66314 75.9333 442.245
197.092 68.0541 3.00025 2.77507 34.668 635.462
219.217 60.1294 3.00069 2.72284 18.4806 747.042
211.668 61.807 3.00855 2.71455 143.46 378.906
214.792 60.5341 2.98175 2.79484 21.9907 574.86
208.468 61.98 2.9629 2.62156 139.453 342.273
209.253 61.4636 2.90505 2.51695 60.4298 397.575
216.221 60.072 2.8525 2.31056 18.7051 657.818
218.856 60.4399 3.07295 2.97497 16.5396 707.594
209.711 63.4502 2.935 2.60379 314.91 177.538
211.449 62.8295 2.90637 2.66547 64.1708 267.864
212.26 62.5808 2.96472 2.77225 59.3153 310.528
217.147 60.448 2.95417 2.4774 68.1583 649.883
211.908 64.4716 2.86134 2.52914 128.013 140.808
205.516 60.8132 3.02312 2.70296 143.436 506.788
222.911 61.4593 2.98471 2.58651 38.7205 790.919
200.175 59.1767 3.02861 2.64274 30.4957 804.85
201.907 59.5938 3.03958 2.77334 91.2955 714.796
202.905 59.7733 3.05574 2.78987 48.1997 670.909
204.792 59.8542 3.04876 2.77861 80.314 620.876
205.68 60.1952 3.02153 2.70106 76.993 569.102
207.376 60.0815 3.03149 2.74919 144.094 559.924
210.276 60.4814 3.02745 2.75143 65.848 509.675
221.424 60.3024 3.01097 2.75814 20.0085 814.111
223.909 60.7704 3.11502 3.02511 24.1921 880.342
202.009 59.0314 3.06667 2.8509 61.6049 767.576
203.561 59.1953 3.0741 2.79148 67.5114 714.379
204.771 59.3922 3.06034 2.77421 73.7982 669.904
222.262 59.6304 3.02882 2.82488 16.1713 900.603
223.04 60.1218 3.04146 2.73201 43.7529 892.07
226.285 59.5898 3.09738 2.85393 21.0827 1065.98
203.344 58.6774 3.06365 2.80176 66.5751 772.601
204.113 58.2637 3.09035 2.79378 66.0934 801.188
204.991 58.6484 3.13862 2.92577 46.6283 745.439
206.355 58.9287 3.13018 3.16464 62.6535 696.615
207.606 58.6097 2.87538 2.58075 36.302 720.738
213.66 59.4296 2.83698 2.54636 51.1892 664.509
203.613 57.6397 3.05953 2.72185 51.513 876.406
225.482 58.2747 3.08864 2.84018 26.3883 1136.96
223.768 57.9616 3.02905 2.58354 17.3214 1098.65
225.424 57.4688 2.9948 2.62142 19.4657 1203.11
227.048 56.8144 3.02989 2.62863 30.0121 1321.59
210.428 68.6408 3.00821 2.80626 185.95 405.885
226.879 56.1146 3.08017 2.79546 16.3661 1376.75
228.385 55.3279 3.062 2.81497 16.6777 1503.49
227.653 56.4191 3.05982 2.77516 25.9067 1379.2
211.063 63.7323 2.76101 2.18772 227.261 168.961
217.908 60.4896 3.0538 2.91284 29.2146 670.82
218.338 61.0595 3.11058 3.07776 24.2309 636.891
217.659 60.602 2.95806 2.4607 36.2115 652.557
217.277 60.2474 2.92859 2.51367 32.9272 672.353
218.049 60.1785 3.05315 2.95494 31.4018 703.272
219.217 60.1294 3.00069 2.72284 18.4806 747.042
216.221 60.072 2.8525 2.31056 18.7051 657.818
218.856 60.4399 3.07295 2.97497 16.5396 707.594
