# evlo=220.598602 evla=59.667
225.449 60.24 3.17095 3.12826 51.0538 278.384
217.908 60.4896 2.80102 2.61056 169.016 175.552
217.654 61.036 3.01925 2.7273 122.946 222.888
217.507 60.403 2.66415 2.38535 103.446 190.824
218.338 61.0595 3.01861 2.74577 102.512 199.071
225.144 58.5792 3.20973 2.97294 195.071 287.064
215.395 60.9677 3.00359 2.88585 114.512 321.91
212.195 64.6453 3.04436 2.7858 26.2371 705.736
216.907 60.7523 2.93978 2.77774 113.984 237.667
218.66 60.9649 3.04953 2.84657 155.992 179.962
209.738 62.4058 3.02474 2.93083 31.4149 660.455
217.513 60.0823 2.14298 1.57211 199.237 178.906
221.785 59.0906 2.99309 2.66319 15.0026 93.0999
212.624 63.0753 3.06804 2.81726 24.8842 570.333
215.93 63.6482 3.062 2.88817 28.1049 507.657
214.25 60.5487 2.79681 2.73311 60.1597 366.344
216.188 61.4417 3.10245 3.0498 72.3424 312.4
212.904 60.8792 3.00479 2.92861 30.3076 446.408
215.271 60.5805 2.80088 2.65176 55.298 313.074
218.244 60.7315 2.96733 2.77278 122.765 176.386
213.052 64.4091 3.05855 2.85056 24.0093 658.838
213.497 60.396 2.72351 2.61495 48.3648 403.953
217.659 60.6024 2.87021 2.68363 87.6673 193.729
225.615 58.2758 3.21773 3.01502 189.62 327.432
214.077 61.4924 3.0677 2.85816 58.0951 411.046
211.542 61.4131 3.04565 2.84162 58.0351 533.288
209.077 63.5527 3.04696 2.76701 29.3308 747.507
217.277 60.2474 2.27144 1.64923 100.092 196.523
218.995 60.824 3.0211 2.79796 248.01 156.528
216.976 61.3836 3.0578 2.79351 89.6547 275.888
209.256 65.0304 3.03052 2.79339 18.6507 835.836
210.931 64.5928 3.08601 2.72801 56.0192 743.977
216.031 60.2361 2.40705 1.97238 51.7112 262.953
214.475 65.5174 3.11582 3.06366 36.8966 723.206
207.811 62.8962 3.10038 2.9733 23.7235 772.612
215.154 63.7399 3.06194 2.87488 69.8478 537.168
211.14 63.4056 3.01513 2.59156 39.0181 652.129
211.668 61.807 3.07893 2.87722 29.403 541.799
216.01 63.9761 3.06923 2.91721 76.192 537.37
214.792 60.5341 2.75132 2.58359 57.4455 337.043
209.253 61.4636 2.99464 2.95321 21.6703 652.657
217.161 60.1791 2.22537 1.63754 206.165 200.513
218.856 60.4399 2.79751 2.52577 138.244 129.773
217.171 60.7541 2.94197 2.76354 171.235 225.326
209.711 63.4502 3.05993 2.86455 15.2499 714.521
216.546 61.2275 2.96442 2.5054 64.7323 282.77
211.462 62.6812 3.01641 2.66239 16.4643 594.573
212.26 62.5808 3.01862 2.7041 32.2365 553.765
211.908 64.4716 3.04425 2.72559 35.911 701.002
213.052 64.4091 3.05855 2.85056 24.0093 658.838
212.566 65.1171 3.07421 2.90086 56.7218 734.697
225.482 58.2747 3.21172 2.94608 91.3665 320.767
229.033 59.3946 3.18328 3.01933 146.498 477.911
223.768 57.9616 3.05539 2.78627 58.5264 263.818
225.424 57.4688 3.04384 2.68564 55.4374 372.39
228.869 57.9128 3.20655 3.02085 89.1158 516.166
229.75 56.9811 3.19364 3.00969 31.1268 613.334
210.428 68.6408 3.02067 2.81706 22.8007 1112.79
226.879 56.1146 3.09466 2.76733 49.4953 542.971
228.385 55.3279 3.18719 2.89289 42.9416 671.095
227.653 56.4191 3.23272 2.99126 52.2638 551.28
211.14 63.4057 3.01514 2.59156 39.0181 652.13
217.908 60.4896 2.80102 2.61056 169.016 175.552
217.507 60.403 2.66415 2.38535 103.446 190.824
218.338 61.0595 3.01855 2.74572 102.512 199.067
215.271 60.5805 2.80088 2.65176 55.298 313.074
218.244 60.7315 2.96733 2.77278 122.765 176.386
217.659 60.602 2.87021 2.68362 87.6673 193.729
217.277 60.2474 2.27144 1.64923 100.092 196.523
218.995 60.8241 3.02127 2.79812 248.01 156.537
216.976 61.3836 3.0578 2.79351 89.6547 275.888
216.031 60.2361 2.40705 1.97238 51.7112 262.953
218.856 60.4399 2.79751 2.52577 138.244 129.773
216.546 61.2275 2.96442 2.5054 64.7323 282.77
