# evlo=215.153793 evla=63.739899
225.449 60.24 3.18627 3.03379 70.0533 664.59
217.908 60.4896 3.07585 2.81351 131.919 389.648
217.654 61.036 3.06703 2.85119 186.384 327.873
217.507 60.403 3.04594 2.77981 83.2118 391.636
218.338 61.0595 3.08836 2.95319 80.2612 341.008
220.363 59.9534 3.07487 2.90812 77.6634 502.959
225.144 58.5792 3.17714 2.91558 106.991 785.667
209.013 64.0997 2.90447 2.35284 104.063 303.891
209.259 59.7417 3.18321 2.94919 203.704 543.19
212.195 64.6453 3.00934 2.75583 189.37 175.657
204.378 55.8218 2.8894 2.86768 32.8349 1066.77
209.796 67.2269 3.03723 2.82509 69.077 460.893
216.907 60.7523 3.08805 2.87669 61.6952 345.182
209.738 62.4058 3.14686 2.97943 304.619 311.412
217.513 60.0823 2.98112 2.72959 76.9482 425.979
212.624 63.0753 3.08856 2.92694 305.032 146.491
214.225 61.1292 2.96676 2.57017 371.044 294.888
214.25 60.5487 2.98218 2.69302 115.479 358.752
213.401 60.7277 2.99723 2.65558 96.0506 347.821
211.074 61.771 3.2026 2.95798 198.094 302.567
212.904 60.8792 3.03898 2.69956 270.503 339.455
218.244 60.7315 3.09675 2.8793 117.954 371.696
213.052 64.4091 3.02836 2.75036 254.77 126.829
213.497 60.396 2.96548 2.56072 123.57 382.573
217.659 60.6024 3.06907 2.82936 197.192 373.175
225.615 58.2758 3.18705 2.99035 110.22 829.25
217.639 60.9231 3.06368 2.82564 220.464 339.279
214.077 61.4924 2.95247 2.4705 203.941 256.51
211.542 61.4131 3.15915 2.92095 287.378 318.855
217.277 60.2474 3.03784 2.91907 41.8342 404.755
218.995 60.824 3.07668 2.91328 129.613 381.136
216.976 61.3836 3.03077 2.73057 225.56 278.813
211.768 64.9602 3.05921 2.802 80.6798 212.719
218.049 60.1785 3.03317 2.80182 145.669 424.879
210.931 64.5928 3.00458 2.67795 215.773 226.298
214.53 62.9699 3.09994 2.96817 311.235 91.3304
219.747 60.0959 3.06607 2.82377 55.5372 472.141
220.599 59.667 3.06194 2.87488 69.8478 537.168
214.475 65.5174 3.16152 3.0078 183.084 200.804
207.811 62.8962 3.15809 3.31319 162.791 379.636
217.533 61.1871 3.06208 2.81935 169.243 309.819
211.667 60.8584 3.12531 2.92267 151.491 368.482
210.261 61.0889 3.19454 2.91284 119.369 388.689
218.652 60.2994 3.08181 2.88802 41.9247 424.796
211.14 63.4056 3.11595 2.80561 310.226 202.821
219.217 60.1294 3.06673 2.87516 42.5072 455.236
211.668 61.807 3.17883 2.91324 271.111 279.367
212.671 61.832 3.09964 2.85858 308.791 247.509
214.792 60.5341 2.97456 2.67158 35.6812 357.776
209.777 60.5117 3.19587 2.96514 153.339 455.93
210.547 60.1043 3.15304 2.96799 137.957 471.661
217.171 60.7541 3.07659 2.84802 93.4408 348.844
216.546 61.2275 3.08441 2.81399 150.771 289.047
211.449 62.8295 3.13212 2.89327 253.644 211.747
211.415 62.9628 3.11953 2.91257 150.8 206.228
211.462 62.6812 3.14519 2.92592 129.942 219.982
212.058 62.8349 3.13105 3.03199 154.137 185.185
211.771 63.0624 3.11989 3.04419 173.106 185.112
212.26 62.5808 3.2061 3.06822 296.635 194.798
211.152 62.8331 3.11658 2.89358 311.538 224.727
217.147 60.448 3.07222 2.84685 46.5718 381.315
211.908 64.4716 2.98583 2.71831 219.531 177.973
218.249 60.3583 3.07118 2.82083 121.504 410.065
213.052 64.4091 3.02836 2.75036 254.77 126.829
200.447 56.2848 2.70645 2.14702 15.1555 1162.14
223.768 57.9616 3.1241 2.84697 117.703 794.693
225.424 57.4688 3.13315 2.79094 47.0167 894.863
228.869 57.9128 3.20989 3.063 31.2486 985.478
227.048 56.8144 3.12651 2.94988 69.402 1010.91
229.75 56.9811 3.23726 3.09958 25.5396 1098.05
226.879 56.1146 3.15434 2.97889 43.4373 1069.68
228.385 55.3279 3.13312 2.95395 71.2327 1194.61
209.931 62.7622 2.44739 2.16846 96.0153 284.013
211.14 63.4057 3.11589 2.80555 310.226 202.817
217.908 60.4896 3.07585 2.81351 131.919 389.648
217.507 60.403 3.04594 2.77981 83.2118 391.636
218.338 61.0595 3.08838 2.95322 80.2612 341.011
218.244 60.7315 3.09675 2.8793 117.954 371.696
217.659 60.602 3.06934 2.82961 197.192 373.208
217.639 60.9231 3.06364 2.82561 220.464 339.275
217.277 60.2474 3.03784 2.91907 41.8342 404.755
218.995 60.8241 3.0766 2.9132 129.613 381.126
216.976 61.3836 3.03077 2.73057 225.56 278.813
218.049 60.1785 3.03317 2.80182 145.669 424.879
217.533 61.187 3.06222 2.81948 169.243 309.833
218.652 60.2994 3.08181 2.88802 41.9247 424.796
219.217 60.1294 3.06673 2.87516 42.5072 455.236
216.546 61.2275 3.08441 2.81399 150.771 289.047
