# evlo=212.671005 evla=61.832001
217.908 60.4896 3.16294 2.99625 145.25 319.048
217.654 61.036 3.19422 2.91015 87.6187 280.24
217.507 60.403 3.11483 2.96925 98.3179 305.363
218.338 61.0595 3.18957 2.92282 140.031 314.212
220.363 59.9534 3.1358 2.93814 122.26 466.737
216.716 60.1205 2.89776 2.90751 53.7751 290.323
215.395 60.9677 3.14197 2.97567 202.044 174.49
209.013 64.0997 3.07834 2.78953 111.338 313.476
209.094 59.7511 3.14586 3.06268 148.172 302.763
209.259 59.7417 3.15571 3.03336 139.672 297.907
210.701 64.1732 3.06977 2.8282 183.961 279.362
207.916 63.4188 3.08576 2.86509 155.779 301.275
212.195 64.6453 3.08671 2.84332 396.708 314.495
207.685 63.8827 3.06508 2.79416 170.535 341.453
209.796 67.2269 3.03916 2.71082 126.909 616.914
216.907 60.7523 3.18161 3.00666 132.984 256.945
218.66 60.9649 3.20239 2.9299 93.5384 334.108
209.738 62.4058 3.18059 2.92941 260.5 165.91
217.513 60.0823 2.94676 2.73909 83.2348 326.711
212.624 63.0753 3.17085 2.86969 454.285 138.59
214.225 61.1292 3.17101 3.02314 214.629 113.977
215.93 63.6482 3.08232 2.80808 200.876 262.119
214.25 60.5487 3.08078 3.01227 167.29 166.306
213.401 60.7277 3.13552 3.03724 219.937 129.137
203.121 64.7461 3.04026 2.81196 76.9648 577.953
211.074 61.771 3.14712 2.75112 221.61 84.4957
216.188 61.4417 3.21094 2.9467 261.213 191.438
212.904 60.8792 3.11909 2.90129 233.051 106.905
215.271 60.5805 3.06055 2.84918 84.8764 197.405
218.244 60.7315 3.20526 3.00832 119.73 322.927
213.052 64.4091 3.08121 2.80033 325.886 287.893
213.497 60.396 3.0539 2.843 208.789 166.086
215.738 60.3351 2.98546 2.87301 122.693 234.924
217.659 60.6024 3.16874 3.00999 139.362 300.944
215.581 59.9268 2.758 2.70114 83.4892 264.616
216.749 60.4427 3.07627 2.91313 81.451 268.685
217.639 60.9231 3.21065 2.9999 243.901 284.201
214.077 61.4924 3.116 2.80268 233.785 83.5607
211.542 61.4131 3.19388 2.93084 105.264 75.952
197.4 66.8951 2.9115 2.46625 18.6039 924.639
209.077 63.5527 3.1002 2.8269 244.489 265.734
217.277 60.2474 3.016 2.81615 35.4649 305.047
218.995 60.824 3.20445 2.96696 135.912 356.623
216.976 61.3836 3.17033 2.9425 138.078 233.822
211.063 63.7318 3.12159 2.92514 255.058 227.091
211.768 64.9602 3.07388 2.78052 320.176 351.592
218.049 60.1785 3.04768 2.89374 132.19 344.237
210.931 64.5928 3.06363 2.77188 225.567 319.913
216.031 60.2361 2.9542 2.77215 162.654 254.107
214.53 62.9699 3.0596 2.7463 386.058 159.124
219.747 60.0959 3.14307 2.96271 68.9929 429.066
214.475 65.5174 3.09646 2.84652 348.899 420.373
207.811 62.8962 3.11032 2.92302 142.726 278.091
211.667 60.8584 3.16699 2.89371 294.054 121.077
215.323 60.3863 2.93329 2.7982 196.131 215.364
210.261 61.0889 3.12685 2.85059 393.818 152.862
215.154 63.7399 3.09964 2.85858 308.791 247.509
218.652 60.2994 3.14833 2.91883 89.0491 365.141
211.14 63.4056 3.13822 2.8842 386.66 192.181
219.217 60.1294 3.11238 2.91825 97.5199 401.743
216.01 63.9761 3.10019 2.8515 232.254 293.037
209.253 61.4636 3.08738 3.1409 75.8078 185.716
217.161 60.1791 2.96276 2.7498 44.8936 304.731
210.547 60.1043 3.18143 2.94583 527.272 224.231
218.856 60.4399 3.21055 3.02274 225.717 367.353
217.171 60.7541 3.1781 3.04313 175.624 269.399
192.073 65.5598 2.98425 2.64644 30.4069 1094.01
209.711 63.4502 3.11956 2.83609 291.789 235.719
216.546 61.2275 3.19558 2.95891 247.996 216.828
211.449 62.8295 3.18089 2.91006 284.356 127.94
211.415 62.9628 3.16827 2.91745 141.27 141.789
211.462 62.6812 3.16914 2.90856 144.471 113.579
212.058 62.8349 3.18277 2.907 129.413 116.201
211.771 63.0624 3.15496 2.84173 117.548 144.78
212.26 62.5808 3.14248 2.85665 242.775 86.15
211.152 62.8331 3.1601 2.88742 287.487 136.531
217.147 60.448 3.11003 2.91569 127.486 286.131
211.908 64.4716 3.07871 2.80517 364.512 296.717
218.249 60.3583 3.14706 3.0142 67.1622 342.642
213.052 64.4091 3.08121 2.80033 325.886 287.893
212.138 64.8735 3.08139 2.85837 269.592 340.071
210.428 68.6408 3.0001 2.74476 129.38 766.234
209.931 62.7622 4.27186 4.1379 219.918 175.938
211.063 63.7323 3.12216 2.92567 255.058 227.132
211.14 63.4057 3.13829 2.88427 386.66 192.185
217.908 60.4896 3.16294 2.99625 145.25 319.048
217.507 60.403 3.11483 2.96925 98.3179 305.363
218.338 61.0595 3.18962 2.92287 140.031 314.217
216.716 60.1205 2.89776 2.90751 53.7751 290.323
215.271 60.5805 3.06055 2.84918 84.8764 197.405
218.244 60.7315 3.20526 3.00832 119.73 322.927
217.659 60.602 3.16873 3.00997 139.362 300.942
216.749 60.4427 3.07627 2.91313 81.451 268.685
217.639 60.9231 3.21054 2.9998 243.901 284.191
217.277 60.2474 3.016 2.81615 35.4649 305.047
218.995 60.8241 3.20442 2.96693 135.912 356.619
216.976 61.3836 3.17033 2.9425 138.078 233.822
218.049 60.1785 3.04768 2.89374 132.19 344.237
216.031 60.2361 2.9542 2.77215 162.654 254.107
218.652 60.2994 3.14833 2.91883 89.0491 365.141
219.217 60.1294 3.11238 2.91825 97.5199 401.743
218.856 60.4399 3.21055 3.02274 225.717 367.353
216.546 61.2275 3.19558 2.95891 247.996 216.828
