# evlo=217.161194 evla=60.1791
217.654 61.036 2.80178 2.48043 172.421 99.2163
218.338 61.0595 2.86607 2.59572 252.233 117.356
220.363 59.9534 2.55519 2.29895 125.989 180.055
215.395 60.9677 2.78456 2.63045 186.833 130.76
209.094 59.7511 2.74156 2.57607 60.0523 452.868
209.259 59.7417 2.73009 2.55685 81.0168 443.901
210.701 64.1732 2.96777 2.63089 97.048 557.475
216.907 60.7523 2.62954 2.63318 95.345 65.3744
218.66 60.9649 2.89539 2.66239 307.673 120.075
212.624 63.0753 2.9296 2.54511 100.081 402.381
215.93 63.6482 2.97555 2.73624 110.389 391.964
213.401 60.7277 2.66041 2.52173 99.4401 215.729
203.121 64.7461 3.04264 2.94924 26.4832 882.383
211.074 61.771 2.97697 2.82835 63.7027 374.114
216.188 61.4417 2.91045 2.71263 245.336 150.33
212.904 60.8792 2.78057 2.66504 120.313 246.362
215.271 60.5805 2.55871 2.40995 134.073 113.454
218.244 60.7315 2.755 2.5056 237.422 85.6734
215.738 60.3351 2.316 2.33035 109.416 80.7058
208.348 59.6572 2.75579 2.56943 21.761 496.002
217.639 60.9231 2.76474 2.47202 180.225 86.9521
214.077 61.4924 2.91096 2.72599 77.0851 222.546
211.542 61.4131 2.92997 2.7283 85.9064 335.343
218.995 60.824 2.89471 2.65224 250.017 123.769
216.976 61.3836 2.88079 2.7099 181.986 134.59
211.063 63.7318 2.96771 2.68021 81.9481 508.641
216.031 60.2361 2.10322 1.84603 203.363 63.0001
219.747 60.0959 2.51204 2.29882 261.392 144.006
220.599 59.667 2.22537 1.63754 206.165 200.513
214.475 65.5174 3.04585 2.854 77.5149 610.385
207.811 62.8962 3.02236 2.84127 33.4372 581.47
217.533 61.1871 2.84907 2.49071 123.395 114.136
211.667 60.8584 2.84565 2.75441 121.962 311.03
215.323 60.3863 2.41057 2.16006 164.103 104.295
210.261 61.0889 2.9025 2.88911 41.3575 390.802
218.652 60.2994 2.55401 2.27301 189.045 83.6756
211.14 63.4056 2.97007 2.7602 37.2705 479.392
219.217 60.1294 2.44615 2.20298 411.159 114.32
212.671 61.832 2.96276 2.7498 44.8936 304.731
216.01 63.9761 2.98925 2.75631 61.7683 427.404
214.792 60.5341 2.51226 2.25099 112.233 136.628
209.777 60.5117 2.83047 2.73089 61.3828 409.203
209.253 61.4636 2.86305 2.64026 77.0046 453.12
210.547 60.1043 2.71454 2.57853 68.6907 367.411
217.171 60.7541 2.62345 2.52456 91.5391 64.0689
209.711 63.4502 3.01034 2.71028 47.2633 535.259
216.546 61.2275 2.83049 2.63748 160.768 121.559
211.415 62.9628 2.99353 2.68186 24.6139 434.969
211.462 62.6812 2.99251 2.80812 46.8016 412.362
211.771 63.0624 2.89752 2.54543 25.4929 429.827
212.26 62.5808 2.94876 2.71694 47.9819 374.35
211.152 62.8331 2.99952 2.77166 61.2443 435.376
218.249 60.3583 2.60374 2.22795 130.112 63.4296
227.653 56.4191 2.46372 1.80385 21.9444 742.938
211.063 63.7323 2.96784 2.68034 81.9481 508.665
211.14 63.4057 2.97008 2.76021 37.2705 479.395
218.338 61.0595 2.86615 2.59579 252.233 117.359
215.271 60.5805 2.55871 2.40995 134.073 113.454
218.244 60.7315 2.755 2.5056 237.422 85.6734
217.639 60.9231 2.76464 2.47193 180.225 86.9488
218.995 60.8241 2.89486 2.65237 250.017 123.776
216.976 61.3836 2.88079 2.7099 181.986 134.59
216.031 60.2361 2.10322 1.84603 203.363 63.0001
217.533 61.187 2.84885 2.49052 123.395 114.127
218.652 60.2994 2.55401 2.27301 189.045 83.6756
219.217 60.1294 2.44615 2.20298 411.159 114.32
216.546 61.2275 2.83049 2.63748 160.768 121.559
