# evlo=211.152405 evla=62.833099
194.627 64.5646 3.01893 2.82419 28.4369 837.18
217.908 60.4896 3.11071 2.89161 75.2283 442.72
217.654 61.036 3.04507 2.68366 40.9421 395.539
217.507 60.403 3.07503 2.84622 80.1663 432.097
216.3 60.3932 3.05358 2.77973 45.4068 385.171
215.395 60.9677 3.12268 2.83 150.037 304.776
209.013 64.0997 3.01398 2.75817 202.775 176.946
209.259 59.7417 3.15294 2.93609 115.423 359.101
210.701 64.1732 2.98313 2.75122 752.412 151.062
207.916 63.4188 3.00367 2.67168 151.753 175.852
212.195 64.6453 3.01872 2.7473 267.288 208.46
209.796 67.2269 2.93141 2.5567 154.92 493.997
209.738 62.4058 3.16973 3.10328 224.88 86.8479
217.513 60.0823 2.9352 2.49023 41.505 456.808
212.624 63.0753 3.13043 2.86591 231.486 79.4184
214.225 61.1292 3.14472 2.90172 118.668 248.97
215.93 63.6482 3.12997 2.94926 321.123 256.652
214.25 60.5487 3.12062 2.89201 183.635 302.725
213.401 60.7277 3.13464 2.93899 185.203 262.903
211.074 61.771 3.19777 2.97283 499.185 118.441
212.904 60.8792 3.13279 2.89384 230.164 236.45
215.271 60.5805 3.0705 2.8547 50.8416 332.261
216.679 60.2805 3.02971 2.76797 64.047 408.67
213.052 64.4091 3.18071 3.38277 191.943 199.32
213.497 60.396 3.08989 2.87275 176.89 298.666
215.738 60.3351 3.02411 2.83802 46.3782 369.687
217.659 60.6024 3.12201 2.8662 45.5651 424.189
216.749 60.4427 3.07451 2.85215 55.5826 398.508
217.639 60.9231 3.04352 2.63478 41.7228 401.935
214.077 61.4924 3.09808 2.79507 176.634 213.419
211.542 61.4131 3.17958 2.96496 452.076 159.552
209.077 63.5527 3.04572 2.83942 228.233 131.713
217.277 60.2474 3.03588 2.79996 46.7938 434.56
211.063 63.7318 3.03183 2.91648 348.488 100.276
211.768 64.9602 3.01269 2.72129 264.278 239.037
218.049 60.1785 3.16203 2.82857 40.4169 471.144
210.931 64.5928 2.97922 2.69257 385.657 196.464
216.031 60.2361 3.00616 2.74034 66.4864 388.509
214.53 62.9699 3.25479 2.97055 145.711 172.39
214.475 65.5174 3.16158 3.20603 93.8256 339.977
207.811 62.8962 3.07298 2.92656 281.217 170.249
211.667 60.8584 3.14082 2.92295 403.355 221.724
215.323 60.3863 3.01313 2.81316 86.0493 351.033
210.261 61.0889 3.14491 2.96086 102.528 199.924
215.154 63.7399 3.11658 2.89358 311.538 224.727
218.652 60.2994 3.11527 2.99007 28.9264 487.954
211.14 63.4056 3.02354 2.87999 249.846 63.8164
211.668 61.807 3.20078 2.96144 449.338 117.446
212.671 61.832 3.1601 2.88742 287.487 136.531
216.01 63.9761 3.12886 2.98318 281.728 274.021
214.792 60.5341 3.08747 2.94163 56.0971 320.461
209.777 60.5117 3.18488 3.05835 128.305 268.742
209.253 61.4636 3.15769 2.96117 141.591 181.921
217.161 60.1791 2.99952 2.77166 61.2443 435.376
210.547 60.1043 3.19773 3.01254 269.229 305.79
192.073 65.5598 3.02389 2.81057 43.0731 971.128
216.546 61.2275 2.97076 2.63078 110.839 334.081
212.26 62.5808 3.19459 3.02181 109.571 63.2771
211.908 64.4716 3.00773 2.75146 375.182 186.442
218.249 60.3583 3.10376 2.89922 42.1865 466.502
213.052 64.4091 3.18071 3.38277 191.943 199.32
211.063 63.7323 3.03344 2.91803 348.488 100.329
211.14 63.4057 3.02382 2.88025 249.846 63.8223
218.547 60.1369 4.334 4.25268 50.8265 494.989
217.908 60.4896 3.11071 2.89161 75.2283 442.72
217.507 60.403 3.07503 2.84622 80.1663 432.097
216.296 60.3923 3.05315 2.77934 45.4068 385.117
215.271 60.5805 3.0705 2.8547 50.8416 332.261
216.679 60.2805 3.02971 2.76797 64.047 408.67
217.659 60.602 3.12206 2.86625 45.5651 424.197
216.749 60.4427 3.07451 2.85215 55.5826 398.508
217.639 60.9231 3.04346 2.63472 41.7228 401.927
217.277 60.2474 3.03588 2.79996 46.7938 434.56
218.049 60.1785 3.16203 2.82857 40.4169 471.144
216.031 60.2361 3.00616 2.74034 66.4864 388.509
218.652 60.2994 3.11527 2.99007 28.9264 487.954
216.546 61.2275 2.97076 2.63078 110.839 334.081
