# evlo=206.580399 evla=70.339996
198.929 70.2043 2.61531 2.33013 48.6797 288.584
205.026 71.0033 2.65635 2.2887 160.749 93.6814
202.84 70.0079 2.56441 2.29003 98.8891 146.377
209.387 69.836 2.66769 2.3012 73.7329 120.626
207.318 68.8799 2.07762 1.56673 161.418 165.388
208.187 68.1343 2.23189 1.73575 75.9523 254.11
210.384 68.0584 2.22203 1.70474 95.0215 295.709
214.432 68.1207 2.5413 1.8522 36.725 396.893
220.465 68.6043 2.84665 2.48313 25.596 575.513
223.281 66.3701 2.85267 2.48572 24.7435 813.862
193.671 65.4742 3.03776 3.02243 67.9907 764.125
206.517 67.2221 2.42929 1.91479 31.0515 347.798
212.113 67.5187 2.34686 1.80162 77.1078 384.852
214.357 67.5933 2.51212 1.92523 64.7504 436.409
215.855 67.6946 2.605 1.97624 57.658 473.037
208.493 66.9214 2.45479 1.96326 57.6416 389.13
212.525 66.7004 2.4643 1.99941 102.117 472.664
213.899 66.7653 2.53816 2.00353 41.6385 497.535
216.215 66.9498 2.59078 2.00188 23.2459 543.32
210.457 65.8251 2.57737 2.22403 27.0897 528.593
216.846 65.3064 2.68861 2.13836 44.631 706.822
218.385 65.6035 2.66465 2.07829 15.534 721.086
220.064 65.4483 2.69365 2.11992 71.1592 783.318
221.694 65.3609 2.7942 2.20821 25.5728 840.36
221.784 64.4525 2.8054 2.37937 23.3438 920.728
223.67 64.5753 2.80806 2.32312 33.5253 967.795
206.12 62.4787 2.77971 2.32701 20.6994 876.865
221.871 63.109 2.79517 2.25492 48.8811 1045.26
199.312 60.6947 2.85232 2.76586 16.836 1124.89
221.538 62.4435 2.80894 2.37477 24.5272 1099.36
222.911 61.4593 2.8571 2.36373 39.1676 1230.41
224.22 61.4862 2.85643 2.44251 25.2753 1263.23
223.909 60.7704 2.86369 2.38043 41.1245 1323.7
207.606 58.6097 2.80425 2.4917 20.5568 1308.6
224.26 58.4133 2.91078 2.5719 32.5977 1566.71
225.482 58.2747 2.92089 2.54866 29.1561 1611.38
229.033 59.3946 2.9558 2.58463 16.4276 1600.03
227.048 56.8144 2.8912 2.60017 35.3199 1798.53
226.879 56.1146 2.97398 2.52396 18.0787 1865.11
228.385 55.3279 2.99621 2.61785 26.4556 1983.68
218.842 64.7774 2.69651 2.19466 21.3116 808.126
227.653 56.4191 2.98184 2.57753 29.5467 1854.16
210.853 64.7716 2.70491 2.46197 21.657 646.807
210.847 64.8338 2.67924 2.41413 28.9724 640.016
210.901 64.613 2.6876 2.28756 50.5618 664.5
211.172 64.6917 2.63372 2.4014 20.84 659.293
