# evlo=200.412598 evla=69.104897
213.401 60.7277 3.02236 2.7133 31.0218 1113.06
215.271 60.5805 2.95173 2.66893 15.2883 1176.72
198.929 70.2043 2.10399 1.52609 130.401 135.491
203.383 71.3221 2.28708 1.69054 81.6838 271.564
198.198 69.3641 2.19942 1.75166 91.6758 92.2865
196.822 68.4753 2.49481 2.37675 55.8641 161.092
198.806 68.6483 2.38365 2.08208 41.5206 82.3005
205.217 69.1565 2.14259 1.67784 40.9998 191.109
211.299 69.72 2.06272 1.63027 38.0977 432.271
215.088 69.9175 2.25862 1.77816 21.4225 579.154
196.917 67.6988 2.67224 2.39536 97.6989 212.624
201.885 68.4946 2.49625 1.95498 102.941 90.3715
207.318 68.8799 2.45903 2.2657 35.4493 277.367
208.187 68.1343 2.65541 2.32678 41.9116 334.152
210.384 68.0584 2.6711 2.2139 29.9986 422.406
211.513 68.0748 2.67719 2.29724 29.0077 466.049
193.671 65.4742 3.02626 3.08147 31.4978 497.781
202.227 66.8332 2.79142 2.76985 138.617 264.496
204.275 67.0486 2.77388 2.52779 55.5642 280.104
206.517 67.2221 2.76962 2.57872 63.1231 328.928
197.645 65.3936 2.92168 3.05772 51.1083 430.693
199.349 65.5011 2.97951 3.07603 41.9668 404.506
206.494 66.5156 2.82756 2.57264 61.8423 385.86
208.493 66.9214 2.80882 2.58428 36.3589 415.863
212.525 66.7004 2.88675 3.03619 36.916 573.684
208.623 65.8937 2.85038 2.63401 43.6826 500.525
221.631 66.2191 2.4129 1.84829 16.1434 950.296
208.018 65.18 2.901 2.64286 67.0312 547.235
210.64 65.1479 2.88146 2.63568 33.5615 624.379
203.311 62.2195 3.01158 3.23846 42.2972 779.011
205.609 61.9037 2.92494 2.63331 17.7252 837.446
217.004 62.4013 2.94851 2.78213 17.4496 1059.93
202.813 60.5269 2.91005 2.66547 22.8392 962.937
204.11 60.6801 2.88466 2.53792 31.7767 955.038
215.402 61.6061 2.8958 2.55621 26.5418 1083.04
198.736 59.2533 2.99414 3.04701 20.1181 1101.16
203.561 59.1953 2.94116 2.60667 21.3967 1114.91
204.771 59.3922 2.96858 2.68171 25.8106 1102.52
206.768 59.6524 2.9678 2.6826 19.6577 1096.12
206.355 58.9287 2.96933 2.72163 23.4005 1169.71
209.931 62.7622 2.40316 2.01683 31.0231 827.351
218.547 60.1369 3.24595 2.97976 15.317 1313.49
210.847 64.8338 2.82464 2.57581 33.5179 657.56
210.44 64.87 2.90218 2.67887 23.2815 642.353
210.174 64.8537 2.90475 2.79266 15.7832 636.043
210.917 64.5498 2.94084 3.08344 20.5623 684.487
211.172 64.6917 2.84262 2.5038 48.6822 679.604
215.271 60.5805 2.95173 2.66893 15.2883 1176.72
