# evlo=196.822403 evla=68.475304
198.929 70.2043 2.24096 1.63404 70.3549 209.936
198.198 69.3641 2.55312 2.49219 125.843 113.495
194.656 68.2746 2.61594 2.34718 37.0394 91.8812
198.806 68.6483 2.62627 2.33271 70.2837 83.1939
200.413 69.1049 2.49481 2.37675 55.8641 161.092
235.93 69.3475 2.80292 2.72222 15.5698 1547.16
196.917 67.6988 2.78496 2.48158 109.574 86.6984
203.387 68.7132 2.51829 2.00854 55.3429 268.66
219.035 69.243 2.80796 2.60245 23.3661 893.521
221.263 69.3286 2.81409 2.70524 15.7366 980.197
199.397 67.4213 2.84212 2.77315 166.616 159.562
202.768 67.4572 2.88324 2.71842 41.691 273.556
208.187 68.1343 2.72061 2.43642 50.6321 469.882
211.513 68.0748 2.76787 2.55371 46.1081 607.277
202.227 66.8332 2.84896 2.56476 110.491 293.374
204.275 67.0486 2.79863 2.74108 73.8781 352.49
206.517 67.2221 2.91623 2.75769 26.2763 430.82
212.113 67.5187 2.9179 2.83669 38.8965 646.642
214.357 67.5933 2.878 2.69632 56.2537 736.241
215.855 67.6946 2.86432 2.73866 18.5487 794.56
226.258 67.441 2.76973 2.48329 30.108 1226.72
208.493 66.9214 2.9827 2.93301 30.4241 522.953
203.551 65.5276 2.98118 2.97078 42.5265 440.191
207.195 65.6571 2.9977 2.73729 15.4848 548.8
220.064 65.4483 2.96977 2.70956 15.2864 1062.49
214.63 64.613 2.94685 2.74258 21.4016 896.339
223.67 64.5753 2.9988 2.9348 16.4297 1258.32
203.311 62.2195 3.01268 2.69687 28.6262 759.168
206.12 62.4787 2.92926 2.60154 25.9691 793.523
209.88 61.7531 2.94389 2.66078 20.8295 964.434
218.122 62.3579 2.97873 2.7849 17.0315 1191.71
205.516 60.8132 2.96662 2.72164 16.4368 947.853
198.736 59.2533 3.0902 3.23492 19.9673 1032.18
204.792 59.8542 2.96284 2.64852 28.1698 1034.32
219.809 60.7718 2.97036 2.74664 16.0843 1381.19
210.782 64.5716 3.16411 3.46989 21.9748 755.517
210.901 64.613 3.09274 3.14009 22.3512 756.765
211.172 64.6917 3.05238 3.10593 20.9598 760.944
