# evlo=223.669601 evla=64.575302
217.908 60.4896 3.10247 2.96098 32.5036 542.969
217.654 61.036 3.11785 2.93272 51.0594 499.344
217.507 60.403 3.10582 2.95791 37.6236 562.65
218.338 61.0595 3.11901 2.98696 91.8053 476.591
220.363 59.9534 3.099 2.97398 60.4417 542.807
225.144 58.5792 3.16025 3.0222 298.749 672.723
216.716 60.1205 2.98098 2.70875 31.2886 612.652
215.395 60.9677 3.12516 2.99302 119.908 582.476
209.094 59.7511 3.08073 2.81072 34.4584 927.209
208.846 60.7683 2.848 2.49312 66.5746 867.096
207.685 63.8827 2.94443 2.54399 33.2694 777.493
208.763 59.5251 3.08325 2.81191 36.3117 957.923
216.907 60.7523 3.11724 2.93303 77.684 548.663
218.66 60.9649 3.10819 2.9752 116.873 476.54
209.738 62.4058 3.15669 2.97391 78.8869 733.223
217.513 60.0823 3.05369 2.91654 40.4327 593.202
212.624 63.0753 3.13627 2.98725 127.13 568.125
214.225 61.1292 3.11116 2.97123 131.707 614.5
215.93 63.6482 3.13041 2.94894 39.4342 390.81
214.25 60.5487 3.10197 2.97005 107.731 659.177
213.401 60.7277 3.1162 2.95913 89.8992 677.69
209.784 61.1426 3.1193 2.73673 25.7351 801.559
211.074 61.771 3.11036 2.70411 55.7046 705.654
216.188 61.4417 3.11927 2.97052 232.205 514.818
212.904 60.8792 3.11454 2.99413 57.5844 686.203
215.271 60.5805 3.10097 2.95822 88.3335 619.228
218.244 60.7315 3.12111 2.95357 68.9104 510.411
213.497 60.396 3.08981 2.95649 70.4474 700.055
215.738 60.3351 3.09144 2.97869 43.669 624.351
217.659 60.6024 3.1151 2.98352 38.2702 539.363
216.749 60.4427 3.09845 2.94708 56.6607 581.804
216.976 61.3836 3.12873 2.98725 96.7437 491.211
218.049 60.1785 3.07579 2.91275 69.191 569.356
216.031 60.2361 3.06097 2.88463 60.1717 623.516
217.533 61.1871 3.11727 2.93358 72.1569 489.57
218.652 60.2994 3.0986 2.96565 28.0971 542.076
211.14 63.4056 3.22055 2.99226 64.9305 625.915
219.217 60.1294 3.07868 2.94424 48.5682 546.221
216.221 60.072 3.00219 2.85901 63.7398 632.4
218.856 60.4399 3.15754 3.25771 47.4308 523.071
216.546 61.2275 3.12633 3.00294 72.5465 519.46
198.929 70.2043 2.55222 1.96669 16.259 1220.82
203.383 71.3221 2.79072 2.14444 26.4017 1125.52
202.84 70.0079 2.56307 2.11424 41.1713 1074.48
205.387 69.6211 2.65251 2.24861 54.0127 967.335
206.58 70.34 2.80806 2.32312 33.5253 967.795
194.656 68.2746 3.13825 3.08194 16.2496 1344.81
196.822 68.4753 2.9988 2.9348 16.4297 1258.32
209.387 69.836 2.86157 2.5565 50.2452 848.116
211.299 69.72 2.99121 2.76321 85.4852 782.583
216.289 69.626 2.96325 2.55429 47.5709 647.12
235.93 69.3475 3.1232 2.89419 85.7355 752.528
201.885 68.4946 2.94459 2.72521 23.0281 1055.05
207.318 68.8799 2.96275 2.75757 49.3398 862.228
209.319 68.9656 2.92643 2.73069 100.063 796.126
211.177 69.1532 3.00988 2.83421 113.071 746.409
219.035 69.243 2.97218 2.52172 115.5 558.316
221.263 69.3286 2.93851 2.61885 145.274 540.318
203.811 68.2575 2.93006 2.59944 17.3305 971.664
211.513 68.0748 3.05658 2.93133 42.3052 668.402
214.432 68.1207 3.08478 2.954 82.8916 571.174
218.405 68.1861 3.10715 3.00695 57.4957 466.085
222.103 68.3889 2.96036 2.61387 130.035 430.922
206.517 67.2221 3.03769 2.7697 15.2599 832.427
214.357 67.5933 3.0911 2.89694 55.9734 538.398
215.855 67.6946 3.12297 3.03101 87.5114 494.881
220.128 67.6136 3.03234 2.83575 73.9723 374.622
224.214 67.6106 2.95308 2.45147 110.626 339.353
226.258 67.441 3.0368 2.78126 263.931 340.39
195.961 64.9941 3.09503 2.92721 15.2466 1307.92
199.349 65.5011 3.09127 2.82119 20.9337 1143.12
208.493 66.9214 3.06381 3.15452 19.8049 741.131
216.215 66.9498 3.1106 2.94218 72.897 431.737
218.345 66.8088 3.16659 3.16121 183.276 348.898
221.978 66.9116 3.03362 2.73365 234.203 271.79
223.778 66.9808 3.04378 2.68268 214.917 268.269
225.729 66.9227 3.0348 2.76762 204.926 278.221
200.087 64.937 3.09838 2.93969 20.4693 1116.84
203.551 65.5276 3.07465 3.02083 22.0367 949.09
207.195 65.6571 3.15198 3.21281 30.3824 780.825
214.181 66.267 3.10414 2.89246 31.2344 478.628
221.631 66.2191 3.0889 2.71259 165.81 206.293
225.657 65.8052 3.11388 3.06053 194.739 165.733
208.018 65.18 3.14195 2.99634 30.7274 742.881
210.64 65.1479 3.15269 2.93338 54.1608 620.037
216.846 65.3064 3.15091 2.95977 135.395 332.578
223.623 65.2225 3.12864 3.07586 187.696 72.1905
214.63 64.613 3.21407 3.12515 64.7426 432.547
221.784 64.453 3.19883 3.11629 32.3791 91.5744
221.784 64.4525 3.18086 3.09732 110.564 91.6119
214.222 63.8036 3.12605 2.98385 42.3618 466.702
217.924 64.0292 3.12419 2.72909 48.7524 284.571
222.48 63.8433 3.09113 2.99618 148.974 99.984
197.317 61.3416 3.03021 2.79709 23.2413 1373.79
200.525 61.7105 3.07619 2.88694 27.3319 1202.36
201.703 62.1344 3.0701 2.88053 39.6094 1126.48
216.652 63.0254 3.11375 2.9384 247.539 386.297
218.173 63.0618 3.12172 2.96638 160.51 318.834
221.871 63.109 3.10448 3.08341 132.762 185.862
198.04 60.7515 3.07649 2.94183 15.423 1369.99
205.609 61.9037 3.1239 2.95136 68.8308 951.452
206.868 61.8823 3.12679 2.93453 54.1813 893.243
209.88 61.7531 3.18272 2.9678 50.705 760.714
212.274 61.7929 3.10664 2.90866 87.1057 650.972
213.825 62.1067 3.05469 2.77092 103.206 563.763
217.004 62.4013 3.11943 3.00849 159.505 410.806
218.122 62.3579 3.12418 2.9655 258.024 370.727
221.538 62.4435 3.11099 2.99626 88.601 260.226
223.206 62.5763 3.09207 2.9715 407.433 224.012
225.609 62.2024 3.11373 2.94003 161.261 281.69
199.908 60.1686 3.11057 2.92807 28.73 1314.51
201.231 60.4742 3.11495 2.90826 63.5525 1234.41
205.516 60.8132 3.15552 2.82413 16.4273 1015.03
207.791 61.2001 3.09766 2.81334 33.8021 887.836
215.402 61.6061 3.09819 2.9707 96.9406 532.195
222.911 61.4593 3.13713 3.11692 181.477 349.424
224.22 61.4862 3.10329 2.92277 544.263 345.441
226.918 61.1512 3.12806 2.99458 132.554 415.813
198.736 59.2533 3.11826 2.9009 20.2709 1425.84
202.905 59.7733 3.11391 2.94409 20.2975 1199.43
221.424 60.3024 3.12173 2.99429 116.94 490.058
223.909 60.7704 3.11232 2.95851 422.651 424.257
212.597 59.9979 3.06653 2.91084 73.6522 766.604
222.262 59.6304 3.13249 3.00763 151.708 555.939
223.04 60.1218 3.14531 2.9752 97.138 497.41
226.285 59.5898 3.16476 2.95571 89.6937 572.06
227.183 60.2114 3.13824 2.99676 89.4995 519.003
212.566 65.1171 3.22021 3.18075 51.0605 529.557
227.731 58.9601 3.15279 3.0055 40.5323 661.154
224.26 58.4133 3.15337 2.99397 379.997 687.386
225.482 58.2747 3.1593 3.01476 159.607 708.671
223.768 57.9616 3.14913 2.98549 156.641 737.003
225.424 57.4688 3.16581 2.98976 84.4071 797.45
228.869 57.9128 3.14811 2.97243 49.9518 792.533
227.048 56.8144 3.14142 2.87966 47.2727 883.898
229.75 56.9811 3.19604 3.07177 53.8464 907.746
210.428 68.6408 3.01215 2.87435 69.9591 739.085
226.879 56.1146 3.2218 2.96782 95.4886 958.871
228.385 55.3279 3.17341 3.02421 86.6668 1062.7
227.653 56.4191 3.18275 2.99747 101.784 934.308
209.931 62.7622 3.25549 3.09141 89.8994 707.983
211.14 63.4057 3.22053 2.99223 64.9305 625.91
218.547 60.1369 2.80887 2.67956 88.3393 560.899
217.908 60.4896 3.10247 2.96098 32.5036 542.969
217.507 60.403 3.10582 2.95791 37.6236 562.65
218.338 61.0595 3.11899 2.98694 91.8053 476.588
216.716 60.1205 2.98098 2.70875 31.2886 612.652
215.271 60.5805 3.10097 2.95822 88.3335 619.228
218.244 60.7315 3.12111 2.95357 68.9104 510.411
217.659 60.602 3.1154 2.98381 38.2702 539.415
216.749 60.4427 3.09845 2.94708 56.6607 581.804
216.976 61.3836 3.12873 2.98725 96.7437 491.211
218.049 60.1785 3.07579 2.91275 69.191 569.356
216.031 60.2361 3.06097 2.88463 60.1717 623.516
217.533 61.187 3.11728 2.9336 72.1569 489.573
218.652 60.2994 3.0986 2.96565 28.0971 542.076
219.217 60.1294 3.07868 2.94424 48.5682 546.221
216.221 60.072 3.00219 2.85901 63.7398 632.4
218.856 60.4399 3.15754 3.25771 47.4308 523.071
216.546 61.2275 3.12633 3.00294 72.5465 519.46
