# evlo=206.120193 evla=62.478699
217.654 61.036 3.0466 2.5369 23.3445 629.052
215.395 60.9677 3.18437 2.83102 27.9153 517.941
209.013 64.0997 3.03817 2.69895 157.825 231.702
209.094 59.7511 2.67201 2.14812 231.748 343.541
209.259 59.7417 2.65861 2.09715 199.65 348.695
210.701 64.1732 3.07313 3.21284 120.047 297.13
207.916 63.4188 3.02176 2.69354 353.556 138.863
204.378 55.8218 2.91299 2.50319 27.7808 748.164
207.685 63.8827 2.96187 2.5743 287.778 175.2
208.763 59.5251 2.80055 2.31967 230.213 358.757
209.796 67.2269 3.04516 2.81585 78.0644 557.119
212.624 63.0753 3.11357 2.94822 122.356 338.518
214.25 60.5487 2.96876 2.70397 104.779 482.803
188.296 63.7758 2.95016 3.04253 20.9105 907.705
203.121 64.7461 2.97438 2.65864 251.385 293.224
211.074 61.771 2.95965 2.61716 166.78 270.194
212.904 60.8792 2.94939 2.59022 73.7955 400.731
215.271 60.5805 2.98778 2.73703 40.8684 530.224
216.679 60.2805 3.10376 3.19045 49.5258 614.422
218.244 60.7315 2.98866 2.76407 22.7718 671.138
213.497 60.396 2.92824 2.55025 34.8903 456.555
208.348 59.6572 2.83676 2.35307 202.485 336.584
215.581 59.9268 2.8383 2.61929 47.7441 581.949
216.749 60.4427 3.08418 3.2531 46.7535 609.586
217.639 60.9231 3.06476 2.78191 30.6699 632.704
211.542 61.4131 2.96435 2.7901 99.3431 308.236
209.077 63.5527 3.00746 2.71244 367.139 191.673
218.995 60.824 2.99569 2.61517 24.965 705.469
216.976 61.3836 2.97782 2.64273 46.9371 582.277
218.049 60.1785 2.98741 2.50225 17.58 687.03
218.652 60.2994 3.14487 3.3051 15.4247 711.046
211.14 63.4056 3.11023 3.00035 110.035 274.913
219.217 60.1294 3.18002 3.29385 33.4864 747.487
216.221 60.072 2.80641 2.60622 49.307 603.659
218.856 60.4399 3.07671 3.08014 26.042 714.708
216.546 61.2275 3.18274 3.26002 32.0184 565.638
207.417 57.7828 3.00939 2.62984 173.094 528.1
206.58 70.34 2.77971 2.32701 20.6994 876.865
196.822 68.4753 2.92926 2.60154 25.9691 793.523
213.625 69.322 3.032 2.7566 46.6622 834.815
219.035 69.243 2.97821 2.76437 22.4227 953.342
221.263 69.3286 2.94638 2.60629 42.9776 1023.89
198.174 67.082 3.03848 2.61931 33.5493 636.345
208.187 68.1343 3.05291 2.83299 84.8679 637.812
211.513 68.0748 3.04415 2.73096 56.2639 672.233
214.432 68.1207 2.99948 2.72046 21.0257 737.551
193.671 65.4742 3.0178 2.80266 23.2918 693.447
200.349 66.6001 3.08285 2.6499 70.6018 536.003
212.113 67.5187 3.0347 2.74873 52.788 628.382
214.357 67.5933 2.97209 2.6263 77.6057 688.521
201.346 65.895 2.95499 2.62869 148.754 445.698
202.913 66.1434 3.00295 2.69852 90.9762 436.892
208.493 66.9214 3.02166 2.76944 128.609 507.98
197.761 64.6379 2.99443 2.75328 39.0041 479.62
200.087 64.937 2.96329 2.69382 33.8867 404.739
201.637 65.1527 2.95846 2.65056 145.635 370.783
203.551 65.5276 3.00125 2.73511 79.3323 362.317
207.195 65.6571 3.06586 2.86011 307.833 358.172
208.623 65.8937 3.02874 2.76787 143.138 399.586
210.457 65.8251 2.98908 2.65678 152.783 428.391
212.122 65.8371 2.95967 2.61411 78.9698 474.387
214.181 66.267 3.07866 3.21893 48.5804 573.451
221.631 66.2191 3.0295 2.70258 20.6451 854.431
199.305 63.8864 2.9907 2.75318 47.5625 377.11
221.694 65.3609 2.98725 2.77598 33.8551 826.26
196.446 62.7492 2.97371 2.73974 54.5773 497.125
200.922 63.3965 2.996 2.70933 43.4352 282.984
203.285 63.465 2.95774 2.76423 92.6476 181.002
204.379 63.994 2.97939 2.6736 217.657 190.223
216.436 64.5012 3.17134 3.20823 66.6389 560.413
195.344 61.9331 3.11911 3.18136 26.7339 563.432
198.469 62.2938 3.10728 3.19862 56.4821 396.118
201.699 62.7161 3.00725 2.72579 72.4619 228.625
205.93 63.3569 2.98506 2.90037 222.258 98.3604
217.924 64.0292 3.13835 3.21982 60.1179 616.589
222.48 63.8433 3.1404 2.97139 75.1433 835.9
197.317 61.3416 3.01361 2.66274 129.181 479.241
198.513 61.678 3.00211 2.69014 155.235 407.206
200.525 61.7105 2.98994 2.68392 242.295 304.424
201.703 62.1344 2.98855 2.68947 236.808 232.277
203.311 62.2195 2.98373 2.65503 194.998 148.317
216.652 63.0254 3.06379 3.02579 81.1018 541.026
221.871 63.109 3.10732 2.94119 46.1988 804.779
198.04 60.7515 2.96952 2.56741 59.2451 469.527
199.312 60.6947 2.99823 2.71273 95.956 412.344
201.041 61.0224 2.97224 2.66889 98.7651 313.463
204.176 61.4907 3.1254 2.92211 148.63 150.035
205.609 61.9037 3.10446 3.21131 105.751 69.4002
206.868 61.8823 3.15242 3.0252 185.895 77.0442
212.274 61.7929 3.05141 2.78794 90.6432 329.837
213.825 62.1067 3.03456 2.72736 56.9505 401.74
221.538 62.4435 3.18048 3.09781 34.4736 793.73
198.315 59.9237 3.00736 2.76354 46.9475 506.599
199.908 60.1686 2.95668 2.60891 102.664 420.371
201.231 60.4742 2.92824 2.69184 169.046 343.051
202.813 60.5269 3.10497 2.87824 93.8904 279.779
205.516 60.8132 3.11716 2.96089 414.742 188.341
207.791 61.2001 3.07509 3.00466 149.249 167.469
198.736 59.2533 3.01635 2.78864 75.6959 538.063
200.175 59.1767 3.09172 2.77336 69.2638 489.468
201.907 59.5938 3.11072 2.92873 146.877 393.773
202.905 59.7733 3.15884 3.27376 137.463 347.609
204.792 59.8542 3.13005 2.93268 187.702 301.047
205.68 60.1952 3.1423 2.97257 342.799 255.548
207.376 60.0815 3.15734 3.0106 201.384 275.475
210.276 60.4814 2.61932 1.98357 100.328 313.86
204.771 59.3922 3.14275 2.96912 250.986 351.597
206.768 59.6524 3.13562 2.91519 283.256 316.867
204.113 58.2637 3.16646 2.9847 204.638 482.443
204.991 58.6484 3.18121 3.01534 180.926 431.228
206.355 58.9287 3.08777 2.82281 185.859 395.763
207.606 58.6097 3.01129 2.58311 112.859 438.701
213.66 59.4296 2.78655 2.60411 32.4028 530.794
203.613 57.6397 3.12082 2.83243 110.6 556.817
211.14 63.4057 3.11029 3.0004 110.035 274.918
218.547 60.1369 3.89056 3.6856 40.9608 713.765
215.271 60.5805 2.98778 2.73703 40.8684 530.224
216.679 60.2805 3.10376 3.19045 49.5258 614.422
218.244 60.7315 2.98866 2.76407 22.7718 671.138
216.749 60.4427 3.08418 3.2531 46.7535 609.586
217.639 60.9231 3.06471 2.78186 30.6699 632.694
218.995 60.8241 2.99567 2.61515 24.965 705.465
216.976 61.3836 2.97782 2.64273 46.9371 582.277
218.049 60.1785 2.98741 2.50225 17.58 687.03
218.652 60.2994 3.14487 3.3051 15.4247 711.046
219.217 60.1294 3.18002 3.29385 33.4864 747.487
216.221 60.072 2.80641 2.60622 49.307 603.659
218.856 60.4399 3.07671 3.08014 26.042 714.708
216.546 61.2275 3.18274 3.26002 32.0184 565.638
209.518 60.7352 2.51084 2.004 61.7567 265.004
209.518 60.7351 2.51106 2.00417 61.7567 265.027
