# evlo=198.039993 evla=60.751499
194.627 64.5646 2.8835 2.9785 34.7318 459.445
209.094 59.7511 2.92782 2.57764 26.6565 621.396
210.701 64.1732 2.9487 2.51273 20.6833 754.579
208.846 60.7683 2.946 2.63134 25.5239 588.437
204.378 55.8218 2.85848 2.20945 28.5464 662.446
207.685 63.8827 3.00664 2.77969 45.6525 608.843
208.763 59.5251 2.97986 2.63007 44.1019 610.545
212.624 63.0753 3.02721 2.68999 22.6512 806.824
214.25 60.5487 2.86197 2.38173 16.1986 884.748
209.784 61.1426 2.86031 2.38424 16.9933 637.101
203.121 64.7461 2.92904 2.54815 37.384 515.058
215.581 59.9268 2.72791 2.41162 23.218 970.179
209.077 63.5527 2.96853 2.61796 39.1875 653.448
211.063 63.7318 2.99127 2.60792 41.0488 752.216
207.417 57.7828 3.01518 2.64741 55.1385 627.882
205.387 69.6211 2.98311 2.91716 19.7526 1045.33
205.217 69.1565 3.09697 3.36738 45.5877 994.972
213.625 69.322 3.14724 3.24503 28.6057 1197.71
199.397 67.4213 3.00171 2.65203 20.6562 746.432
223.281 66.3701 2.99586 2.66342 24.2838 1388.9
193.671 65.4742 2.94937 2.93901 29.0371 570.409
195.352 65.7077 2.92856 2.45948 37.8726 568.604
206.517 67.2221 2.98754 2.59208 48.9836 830.526
208.493 66.9214 2.98486 2.53995 34.9619 856.555
197.761 64.6379 2.92917 2.46745 60.3829 433.399
203.551 65.5276 2.96212 2.50773 39.4549 600.019
205.119 65.4924 2.994 2.64426 44.204 637.026
216.846 65.3064 3.00413 2.71023 18.1854 1073.14
218.385 65.6035 3.05049 2.92483 18.4021 1151.38
221.694 65.3609 3.06575 3.05411 16.8579 1292.01
196.446 62.7492 2.90719 2.47496 52.7157 238.001
199.398 63.2842 3.01306 2.56385 78.6342 291.062
200.922 63.3965 2.89542 2.39873 51.8645 330.97
214.63 64.613 2.99429 2.66265 28.2077 948.724
223.67 64.5753 3.07649 2.94183 15.423 1369.99
198.469 62.2938 2.98491 2.47053 190.475 173.381
197.317 61.3416 2.82883 2.20472 134.355 76.4786
198.513 61.678 2.85691 2.27926 121.858 106.327
200.525 61.7105 2.96659 2.37978 109.027 170.981
203.311 62.2195 2.97605 2.49244 60.9077 324.888
205.146 62.1816 2.96014 2.61291 43.9208 410.703
206.12 62.4787 2.96952 2.56741 59.2451 469.527
196.65 60.4135 2.56354 1.85123 110.866 84.9912
199.312 60.6947 3.00068 2.74859 115.559 69.6884
201.041 61.0224 3.00894 2.66869 163.562 165.694
206.868 61.8823 2.93271 2.38038 31.6846 488.976
213.825 62.1067 2.9556 2.43357 32.6135 853.729
198.315 59.9237 2.83743 2.23425 203.733 93.4722
199.908 60.1686 2.93741 2.5226 168.744 121.573
201.231 60.4742 3.01378 2.70292 149.563 177.447
202.813 60.5269 3.02281 2.72318 101.357 262.333
204.11 60.6801 3.01294 2.76765 111.52 331.357
205.516 60.8132 3.036 2.7685 102.446 407.122
207.791 61.2001 3.06779 2.86662 43.5208 529.871
198.736 59.2533 2.94629 2.59217 131.427 171.376
201.907 59.5938 3.02943 2.71333 231.37 250.359
202.905 59.7733 3.04931 2.85489 147.835 290.465
204.792 59.8542 3.06079 2.84729 149.139 386.273
207.376 60.0815 3.15244 3.13732 24.3944 519.32
210.276 60.4814 2.8106 2.42609 60.4564 669.724
202.009 59.0314 3.05644 3.04358 37.8933 293.35
203.561 59.1953 3.03896 2.78429 112.486 353.544
206.768 59.6524 3.06952 2.81165 134.998 498.891
203.344 58.6774 3.0119 2.68915 120.404 377.323
206.355 58.9287 3.07375 2.82663 81.0351 508.085
207.606 58.6097 3.12362 3.1946 38.3585 588.664
213.66 59.4296 2.78067 2.46538 18.7451 879.42
202.426 57.5673 3.02057 2.43843 50.0603 434.282
211.063 63.7323 2.99144 2.60807 41.0488 752.259
