# evlo=204.175797 evla=61.4907
220.363 59.9534 2.85663 2.56767 17.246 897.477
216.3 60.3932 3.0312 3.05076 18.7352 667.44
215.395 60.9677 3.05654 3.18839 22.0968 604.71
209.013 64.0997 3.04461 2.79151 56.5428 381.209
209.094 59.7511 2.63801 2.09484 93.4043 331.632
209.259 59.7417 2.75115 2.18705 58.7952 339.623
210.701 64.1732 3.05771 2.78014 44.4416 446.805
208.846 60.7683 2.87436 2.60968 60.4884 264.161
212.195 64.6453 3.03668 2.78996 61.0006 535.952
200.411 54.831 2.62971 2.10221 28.3968 773.843
207.685 63.8827 3.02565 2.72028 165.472 321.418
208.763 59.5251 2.83726 2.3898 148.567 333.746
209.738 62.4058 3.03193 2.78374 117.971 309.101
212.624 63.0753 3.09861 2.90505 104.441 472.344
214.225 61.1292 3.07076 3.12588 20.9193 539.401
215.93 63.6482 3.11289 2.91124 75.871 649.289
214.766 66.5657 2.88738 2.44709 28.7629 764.879
203.121 64.7461 2.98408 2.68029 96.8303 366.73
211.074 61.771 3.07837 2.98439 38.9142 366.976
215.738 60.3351 2.91604 2.74902 18.4271 639.469
208.348 59.6572 2.83742 2.39061 97.8004 306.621
214.077 61.4924 3.10326 3.20816 28.4165 526.94
209.077 63.5527 3.06881 2.79118 84.598 341.185
218.995 60.824 2.89727 2.51194 17.2479 799.572
211.14 63.4056 3.12034 2.97257 148.805 417.781
207.417 57.7828 3.0565 2.59012 100.264 451.593
215.088 69.9175 3.08104 3.11573 21.5808 1061.27
235.93 69.3475 3.07861 2.77817 16.4624 1686.47
201.885 68.4946 2.96895 2.63927 41.7828 788.186
213.625 69.322 3.05811 2.78377 24.4534 974.767
202.768 67.4572 3.00272 2.70498 39.8395 668.561
208.187 68.1343 3.07384 2.72099 28.995 764.409
210.384 68.0584 3.04442 2.8081 26.3207 788.613
193.671 65.4742 2.99893 2.66371 61.7369 684.952
195.352 65.7077 3.06959 2.71735 83.2319 641.347
198.75 66.442 3.08439 2.59665 78.7092 612.106
224.214 67.6106 3.03663 2.72403 42.076 1170.12
226.258 67.441 3.02071 2.5739 34.3602 1242.3
197.645 65.3936 2.95713 2.65867 164.581 543.006
199.349 65.5011 3.08879 2.73416 63.3689 507.268
201.346 65.895 2.95296 2.64714 88.1545 510.395
206.494 66.5156 3.06177 3.13847 40.1247 571.43
208.493 66.9214 3.04147 2.72269 37.6145 640.327
212.525 66.7004 3.02422 2.84727 17.8958 707.982
216.215 66.9498 2.92376 2.5923 18.0792 841.056
221.978 66.9116 3.08128 2.90645 23.2134 1049.06
225.729 66.9227 3.09067 3.09682 22.67 1200.35
197.761 64.6379 2.9622 2.69485 58.6461 477.318
200.087 64.937 2.96317 2.70951 109.254 435.523
203.551 65.5276 2.98262 2.67936 37.9924 451.061
205.119 65.4924 2.98104 2.66402 49.6534 448.522
207.195 65.6571 3.15003 3.12099 55.8494 487.909
210.457 65.8251 2.99981 2.64438 25.5221 574.052
212.122 65.8371 3.00467 2.68071 36.9072 623.205
214.181 66.267 2.89464 2.43854 39.6476 723.106
218.473 66.2305 3.0612 2.78188 69.586 876.163
221.631 66.2191 3.11194 3.17668 19.8694 1002.36
214.843 62.3987 3.08156 2.97093 31.7127 568.349
199.305 63.8864 2.94244 2.64399 127.358 365.211
208.018 65.18 3.0102 2.73984 43.5788 453.843
210.64 65.1479 2.96546 2.65957 92.0208 520.179
216.846 65.3064 3.16929 3.16063 49.7003 760.722
220.064 65.4483 3.09936 2.83003 71.7305 903.15
223.623 65.2225 3.1607 3.21035 49.431 1053.1
199.398 63.2842 2.94576 2.60884 197.697 317.742
200.922 63.3965 2.924 2.62655 209.636 270.742
203.285 63.465 2.95097 2.65491 250.387 224.786
204.379 63.994 2.99726 2.7216 100.06 279.203
205.853 64.1767 3.10592 3.14012 64.9292 311.317
214.63 64.613 3.09045 3.15612 53.2244 631.885
221.784 64.453 3.11792 2.93031 19.1321 948.418
198.469 62.2938 2.9415 2.60003 37.8493 313.015
201.699 62.7161 2.91442 2.60516 354.721 188.083
205.93 63.3569 3.00828 2.69328 117.637 226.863
214.222 63.8036 3.11985 2.92724 113.875 575.232
222.48 63.8433 3.12955 2.85328 32.6398 970.217
197.317 61.3416 2.96731 2.59819 73.3513 366.449
198.513 61.678 2.97909 2.70767 39.5733 301.377
200.525 61.7105 2.91985 2.5815 106.109 195.294
201.703 62.1344 2.89939 2.54261 125.612 148.794
203.311 62.2195 2.83419 2.46161 274.345 93.0982
205.146 62.1816 3.15484 2.93637 124.992 92.4043
206.12 62.4787 3.1254 2.92211 148.63 150.035
199.312 60.6947 3.01568 2.74573 92.2445 276.928
201.041 61.0224 3.01634 2.75946 115.341 176.149
205.609 61.9037 3.08896 2.90647 97.6436 88.6892
206.868 61.8823 3.08765 2.82254 125.416 149.043
213.825 62.1067 2.98967 2.57169 52.7923 513.052
198.315 59.9237 3.01464 2.72537 132.285 364.383
199.908 60.1686 3.04078 2.97178 67.0558 274.875
201.231 60.4742 3.05205 2.84526 167.813 195.535
202.813 60.5269 3.06587 2.91321 168.903 130.246
204.11 60.6801 3.09225 2.87972 126.331 90.3948
205.516 60.8132 3.06336 2.91047 236.79 104.444
207.791 61.2001 3.12223 2.90407 111.313 196.152
198.736 59.2533 3.10648 2.80145 104.179 389.929
200.175 59.1767 3.11154 2.95027 107.87 339.435
201.907 59.5938 3.06944 2.83564 141.362 245.282
204.792 59.8542 3.14149 2.9506 186.034 185.428
205.68 60.1952 3.0987 2.94902 363.976 165.901
207.376 60.0815 3.08787 2.91587 179.042 234.564
210.276 60.4814 2.77852 2.42182 81.9326 348.676
219.809 60.7718 2.91101 2.60353 16.7669 844.146
203.561 59.1953 3.14085 2.9458 91.4357 257.992
204.771 59.3922 3.17189 2.93592 153.562 236.095
206.768 59.6524 3.09162 2.84999 334.423 249.278
212.597 59.9979 2.86316 2.43593 30.3137 488.069
204.113 58.2637 3.16533 2.94358 150.285 359.537
204.991 58.6484 3.15407 2.97762 70.1163 319.904
206.355 58.9287 3.09537 2.79551 119.996 309.934
207.606 58.6097 2.9732 2.50792 334.846 373.449
213.66 59.4296 2.57274 2.04362 21.3326 569.472
203.613 57.6397 3.1098 2.84814 56.7378 430.194
205.548 57.5665 3.09416 2.80036 56.315 443.985
209.931 62.7622 2.02969 1.79215 20.5787 331.905
211.14 63.4057 3.12038 2.97261 148.805 417.786
216.296 60.3923 3.0305 3.05006 18.7352 667.286
218.995 60.8241 2.89726 2.51193 17.2479 799.57
