# evlo=206.868195 evla=61.882301
220.363 59.9534 2.929 2.55826 21.3196 761.364
215.395 60.9677 3.08538 3.33727 36.8007 466.084
209.013 64.0997 3.06014 2.77008 196.881 269.966
209.094 59.7511 2.54561 1.98413 300.56 266.535
209.259 59.7417 2.53272 1.93281 281.435 271.652
207.916 63.4188 3.09431 2.90691 210.971 179.471
207.685 63.8827 3.017 2.76893 272.93 226.797
208.763 59.5251 2.69708 2.18082 172.605 282.262
218.66 60.9649 2.88595 2.43864 32.8237 636.833
209.738 62.4058 2.99058 2.63141 443.912 160.591
217.513 60.0823 2.94886 2.88788 19.3075 609.341
212.624 63.0753 3.09566 2.84632 271.165 325.124
214.225 61.1292 3.05195 2.81339 34.7617 400.374
215.93 63.6482 3.1123 2.88258 125.007 502.435
203.121 64.7461 3.01179 2.76942 111.088 370.246
215.738 60.3351 2.93144 2.77209 22.4357 507.899
216.749 60.4427 3.02384 2.89874 30.7663 554.926
217.639 60.9231 2.91024 2.48393 50.4417 584.543
209.077 63.5527 3.08552 2.86492 161.448 217.754
211.14 63.4056 3.1228 2.96265 252.603 277.078
202.84 70.0079 2.77849 2.44458 54.3085 923.904
205.387 69.6211 2.85152 2.53141 85.6668 865.5
205.217 69.1565 2.92299 2.65727 100.81 814.584
209.387 69.836 2.79622 2.41896 45.2955 894.107
211.299 69.72 2.88536 2.47819 30.786 896.563
215.088 69.9175 3.10859 3.22302 36.6304 969.146
203.387 68.7132 2.99463 2.78326 46.8432 778.433
211.177 69.1532 2.97676 2.68048 20.2918 834.338
213.625 69.322 3.06456 2.97383 15.3791 884.854
221.263 69.3286 2.94155 2.59335 19.5733 1057.47
203.811 68.2575 3.03817 2.82403 58.0808 724.972
206.028 68.4414 3.04755 2.83939 31.3929 732.345
208.187 68.1343 3.0229 2.80785 43.8024 699.776
210.384 68.0584 2.98778 2.67757 49.1682 708.033
211.513 68.0748 3.03801 2.67807 40.0843 723.912
220.465 68.6043 2.94203 2.63485 25.8671 978.336
222.103 68.3889 2.98286 2.55855 22.4371 1013.36
195.352 65.7077 3.01855 2.59688 32.8505 708.233
200.349 66.6001 3.00175 2.7034 45.6454 612.997
204.275 67.0486 3.0605 2.83106 128.225 589.193
206.517 67.2221 3.06988 2.86442 99.483 595.545
207.821 67.5076 3.03481 2.82668 94.5588 628.776
224.214 67.6106 3.14712 3.32081 31.7899 1038.13
195.961 64.9941 3.03105 2.58804 25.8184 644.206
201.346 65.895 3.09258 2.68292 77.3323 522.72
206.494 66.5156 3.07488 2.85753 173.685 516.838
208.493 66.9214 2.99352 2.68319 232.416 567.162
197.761 64.6379 3.00695 2.75664 45.5644 550.154
201.637 65.1527 3.11661 2.7186 106.218 447.685
203.551 65.5276 3.03551 2.80723 35.4496 438.07
205.119 65.4924 3.04274 2.7901 114.681 411.585
207.195 65.6571 3.02738 2.78624 137.827 421.097
208.623 65.8937 3.01847 2.78264 78.1915 455.358
210.457 65.8251 2.92763 2.6358 89.7646 473.46
212.122 65.8371 2.97036 2.48092 55.6169 510.601
214.843 62.3987 3.06326 2.74482 68.9731 419.637
199.305 63.8864 2.97983 2.74321 72.1406 444.502
205.522 64.7962 3.05474 2.8304 194.859 331.711
208.018 65.18 2.97806 2.68406 132.916 372.001
216.846 65.3064 3.1515 3.33952 95.6172 624.132
223.623 65.2225 3.18448 3.2475 52.0568 908.79
199.398 63.2842 2.99287 2.76438 83.6655 414.197
200.922 63.3965 2.93074 2.50333 34.7445 348.394
203.285 63.465 3.01183 2.78093 81.6113 254.553
205.853 64.1767 3.05445 2.83537 385.128 260.839
221.784 64.453 3.12283 2.90914 57.1149 801.944
221.784 64.4525 3.12355 2.91898 40.4103 801.902
223.67 64.5753 3.12679 2.93453 54.1813 893.243
195.344 61.9331 3.00931 2.72696 27.1392 604.879
198.469 62.2938 2.99934 2.80901 67.4715 440.896
201.699 62.7161 3.00438 2.81665 147.228 283.766
205.93 63.3569 3.0527 2.89264 318.52 171.258
217.924 64.0292 3.11695 2.92446 143.647 608.97
197.317 61.3416 3.00453 2.72581 48.2471 509.912
200.525 61.7105 2.97982 2.75192 94.4851 334.986
201.703 62.1344 2.99946 2.78964 146.259 271.964
203.311 62.2195 3.01804 2.80884 157.218 189.79
205.146 62.1816 3.03913 3.00041 162.217 96.1295
206.12 62.4787 3.15242 3.0252 185.895 77.0442
218.173 63.0618 3.15527 2.97098 59.0086 596.928
221.871 63.109 3.10363 2.9527 39.3339 783.425
193.799 60.3849 2.79176 2.15862 17.7971 722.321
196.65 60.4135 2.81022 2.32996 41.7203 573.438
198.04 60.7515 2.93271 2.38038 31.6846 488.976
199.312 60.6947 3.04764 2.77739 54.7741 425.93
201.041 61.0224 3.05263 2.80392 120.244 325.124
204.176 61.4907 3.08765 2.82254 125.416 149.043
205.609 61.9037 3.10566 3.02749 62.5444 66.2788
213.825 62.1067 2.9644 2.4937 197.215 365.27
217.004 62.4013 3.09568 2.84061 80.3747 531.211
218.122 62.3579 2.94014 2.70739 58.3458 588.989
221.538 62.4435 3.06736 2.80083 37.5494 765.433
198.315 59.9237 3.04914 2.7782 72.1114 512.439
199.908 60.1686 3.10679 2.80156 46.7353 421.688
201.231 60.4742 3.09229 2.92031 159.179 341.329
202.813 60.5269 3.10843 2.92014 151.474 265.125
204.11 60.6801 3.13166 2.90916 186.244 199.523
207.791 61.2001 3.01858 3.02943 135.146 90.4901
222.911 61.4593 3.15737 3.2336 24.2597 848.832
224.22 61.4862 3.14278 2.93251 25.8372 916.939
226.918 61.1512 3.10455 2.90801 19.469 1066.01
198.736 59.2533 3.10598 2.90995 106.103 532.988
200.175 59.1767 3.12081 2.95818 177.888 474.909
201.907 59.5938 3.15578 2.99894 181.659 371.672
202.905 59.7733 3.17154 3.03384 168.778 318.791
204.792 59.8542 3.17348 3.05561 123.213 252.544
205.68 60.1952 3.18356 3.02023 245.565 198.65
207.376 60.0815 3.13928 2.90754 283.887 202.534
210.276 60.4814 2.49892 1.82625 181.055 240.732
223.909 60.7704 2.91206 2.5641 27.5737 918.229
202.009 59.0314 3.15273 2.98623 128.445 414.974
203.561 59.1953 3.17128 3.04196 62.8609 350.037
204.771 59.3922 3.17985 3.00658 230.462 300.22
206.768 59.6524 3.11933 3.00193 182.731 248.527
203.344 58.6774 3.13969 2.92041 104.015 406.703
204.113 58.2637 3.19978 3.03862 254.12 431.254
204.991 58.6484 3.23042 2.9838 104.494 374.948
206.355 58.9287 3.08206 2.79113 112.363 330.296
207.606 58.6097 2.96563 2.54593 108.18 366.896
213.66 59.4296 2.88396 3.16816 32.4597 460.788
202.426 57.5673 3.08676 3.32606 43.7436 541.528
203.613 57.6397 3.13871 2.90393 71.3758 506.679
205.548 57.5665 3.09195 2.82783 33.4661 486.492
228.869 57.9128 2.98425 2.72222 15.7423 1300.79
212.138 64.8735 3.09159 3.05681 45.2569 424.741
210.428 68.6408 2.97391 2.67885 42.865 771.35
211.14 63.4057 3.12286 2.96272 252.603 277.084
216.749 60.4427 3.02384 2.89874 30.7663 554.926
217.639 60.9231 2.91019 2.48388 50.4417 584.533
209.518 60.7352 2.34714 1.76142 142.428 191.006
209.518 60.7351 2.34743 1.76163 142.428 191.029
