# evlo=210.275894 evla=60.4814
225.449 60.24 3.0945 3.03476 18.2133 836.007
194.627 64.5646 2.83831 2.39487 61.2121 921.996
217.908 60.4896 2.93772 2.83019 85.7993 419.409
217.654 61.036 3.17934 3.01138 96.0229 406.718
217.507 60.403 2.95774 2.84865 30.152 397.989
216.3 60.3932 2.87358 2.74595 199.845 331.707
216.716 60.1205 2.69011 2.57993 174.308 358.2
215.395 60.9677 3.12187 3.07145 157.196 284.5
209.013 64.0997 3.05034 2.80382 116.103 408.533
209.094 59.7511 3.10757 2.91874 342.95 104.598
209.259 59.7417 3.09275 2.88633 336.579 99.9599
210.701 64.1732 3.09453 2.88496 146.717 412.041
207.916 63.4188 2.87757 2.54362 47.136 349.954
212.195 64.6453 3.1331 2.90533 149.718 474.405
208.763 59.5251 3.12934 2.96236 292.779 135.933
216.907 60.7523 3.10116 3.06978 75.6202 364.223
209.738 62.4058 3.05329 2.73964 242.741 216.361
217.513 60.0823 2.68534 2.52285 43.283 402.634
212.624 63.0753 3.21824 3.00501 123.979 314.466
214.25 60.5487 3.02629 2.79342 211.391 218.395
213.401 60.7277 3.0899 3.03709 209.338 173.375
209.784 61.1426 2.82593 2.32985 177.446 78.3954
211.074 61.771 3.20858 3.0002 368.363 149.998
212.904 60.8792 3.12615 3.01922 284.563 150.304
215.271 60.5805 2.94321 2.86026 140.368 274.394
216.679 60.2805 2.81764 2.70017 108.232 353.746
218.244 60.7315 3.15624 3.11677 44.7947 437.087
215.738 60.3351 2.83289 2.65903 118.664 301.36
208.348 59.6572 2.95247 2.5992 96.5448 141.237
217.659 60.6024 3.07801 2.83938 57.38 405.254
215.581 59.9268 2.53652 2.42947 96.3066 300.541
216.749 60.4427 2.93177 2.86344 105.862 356.033
209.077 63.5527 3.03069 2.76401 115.115 347.981
217.277 60.2474 2.86031 2.75384 34.4623 387.03
216.976 61.3836 3.23046 3.02272 121.508 376.756
211.063 63.7318 3.15466 2.98253 218.297 364.563
211.768 64.9602 3.11926 2.91511 117.88 504.959
218.049 60.1785 2.88815 2.7663 73.4557 430.512
209.256 65.0304 3.02745 2.75143 65.848 509.675
216.031 60.2361 2.75298 2.62183 95.0515 318.712
211.14 63.4056 3.17898 2.9894 277.545 329.019
219.217 60.1294 2.90595 3.14823 29.6328 495.487
207.417 57.7828 3.05542 2.77119 77.0874 342.231
212.138 64.8736 3.12263 2.91569 126.448 498.695
201.885 68.4946 2.96086 2.5994 33.1755 978.16
208.187 68.1343 2.98557 2.54911 22.9977 858.998
214.432 68.1207 2.98646 2.67852 21.1681 874.587
220.465 68.6043 3.11389 2.90757 20.1639 1026.09
223.281 66.3701 3.09502 2.84433 41.6341 919.943
193.671 65.4742 2.9137 2.80683 18.3677 1004.58
195.352 65.7077 2.86449 2.45941 31.5671 948.705
204.275 67.0486 2.96326 2.65647 43.5112 788.827
207.821 67.5076 3.02524 2.70356 49.1376 792.26
220.128 67.6136 3.14304 3.00136 19.4123 926.944
224.214 67.6106 3.0907 2.77851 35.9049 1041.73
226.258 67.441 3.08939 2.85446 19.3467 1096.25
199.349 65.5011 2.84262 2.39844 18.4316 785.256
201.346 65.895 2.89714 2.56208 45.3209 751.002
213.899 66.7653 3.10408 2.99149 39.6119 722.84
216.215 66.9498 3.09856 2.85457 71.6235 777.696
218.345 66.8088 3.13327 2.94546 44.0934 809.314
221.978 66.9116 3.13351 2.90018 30.5326 918.248
223.778 66.9808 3.10483 2.91904 36.3764 980.739
225.729 66.9227 3.0853 2.80299 27.1973 1043.34
201.637 65.1527 2.85666 2.47899 33.5204 680.815
205.119 65.4924 2.94423 2.52259 34.6832 616.21
207.195 65.6571 2.99439 2.71598 122.162 597.371
212.122 65.8371 3.09741 2.87547 86.2497 604.105
221.631 66.2191 3.13571 2.8827 38.5322 853.168
214.843 62.3987 2.97128 2.52347 129.237 323.964
199.305 63.8864 2.79589 2.34192 77.7063 684.528
208.018 65.18 2.99132 2.73313 50.6799 536.108
216.846 65.3064 3.15385 2.88963 52.5504 632.41
218.385 65.6035 3.16991 2.95985 56.0829 701.896
196.446 62.7492 2.79218 2.44689 50.559 774.268
199.398 63.2842 2.80439 2.46132 87.2817 650.718
200.922 63.3965 2.7619 2.25776 33.7735 587.958
214.63 64.613 3.14935 2.93996 162.501 511.826
216.201 64.5654 3.18169 2.96792 23.8714 547.49
216.436 64.5012 3.18102 2.97805 110.051 548.643
221.784 64.453 3.08013 2.80824 90.8141 738.821
221.784 64.4525 3.08048 2.80757 78.4951 738.768
198.469 62.2938 2.72309 2.26652 27.2623 661.467
205.93 63.3569 2.80302 2.52768 99.2736 393.291
214.222 63.8036 3.19446 3.01243 76.045 423.415
217.924 64.0292 3.11182 2.85956 48.0178 559.899
222.48 63.8433 3.12308 2.98676 25.9848 736.478
197.317 61.3416 2.76768 2.25261 35.3436 708.416
200.525 61.7105 2.73264 2.16863 80.0721 542.95
201.703 62.1344 2.65705 2.14245 60.4904 494.457
203.311 62.2195 2.69409 2.3483 74.2475 419.701
205.146 62.1816 2.61883 2.03416 286.049 333.537
206.12 62.4787 2.61932 1.98357 100.328 313.86
216.652 63.0254 3.05583 2.70518 184.644 439.898
218.173 63.0618 3.04951 2.8088 72.4766 505.884
221.871 63.109 3.08069 2.97363 47.6752 676.836
196.65 60.4135 2.79024 2.30334 33.2095 748.734
198.04 60.7515 2.8106 2.42609 60.4564 669.724
199.312 60.6947 2.79174 2.40525 67.7181 600.688
201.041 61.0224 2.75639 2.41372 56.6981 506.749
202.562 61.4009 2.71863 2.29173 43.6725 430.213
204.176 61.4907 2.77852 2.42182 81.9326 348.676
205.609 61.9037 2.57375 1.99438 213.847 296.755
206.868 61.8823 2.49892 1.82625 181.055 240.732
209.88 61.7531 2.93467 2.53152 275.149 143.308
213.825 62.1067 3.12589 2.8317 226.832 262.609
223.206 62.5763 3.09696 2.99375 75.6239 725.034
225.609 62.2024 3.06637 2.97243 50.3606 840.664
201.231 60.4742 2.76559 2.29283 105.9 497.019
205.516 60.8132 2.46571 1.73049 78.3229 262.937
215.402 61.6061 3.19758 3.01969 258.827 303.894
224.22 61.4862 3.1345 3.05726 26.3397 761.631
198.736 59.2533 2.86825 2.52327 34.111 659.89
200.175 59.1767 2.81882 2.34498 50.5136 584.215
201.907 59.5938 2.76983 2.2737 115.67 476.482
202.905 59.7733 2.71854 2.17853 129.036 416.984
204.792 59.8542 2.60426 2.03291 101.789 312.266
205.68 60.1952 2.49668 1.91927 160.88 255.775
207.376 60.0815 2.26 1.54994 245.209 166.494
223.909 60.7704 3.17837 3.143 57.2044 745.683
202.009 59.0314 2.82376 2.4403 47.37 491.538
204.771 59.3922 2.76304 2.1065 48.2229 330.704
206.768 59.6524 2.61811 2.37357 121.973 216.039
212.597 59.9979 2.9913 2.86034 252.338 139.393
212.566 65.1171 3.11961 2.90394 156.816 529.65
207.606 58.6097 3.08459 2.82099 317.386 257.422
213.66 59.4296 2.46718 2.01884 64.9557 222.418
212.138 64.8735 3.12297 2.91414 103.008 498.682
209.931 62.7622 4.54156 4.46396 209.343 254.827
211.063 63.7323 3.15515 2.983 218.297 364.62
211.14 63.4057 3.17905 2.98946 277.545 329.025
218.547 60.1369 4.35729 4.77558 139.164 458.517
217.908 60.4896 2.93772 2.83019 85.7993 419.409
217.507 60.403 2.95774 2.84865 30.152 397.989
216.296 60.3923 2.87202 2.74447 199.845 331.528
216.716 60.1205 2.69011 2.57993 174.308 358.2
215.271 60.5805 2.94321 2.86026 140.368 274.394
216.679 60.2805 2.81764 2.70017 108.232 353.746
218.244 60.7315 3.15624 3.11677 44.7947 437.087
217.659 60.602 3.07782 2.8392 57.38 405.228
216.749 60.4427 2.93177 2.86344 105.862 356.033
217.277 60.2474 2.86031 2.75384 34.4623 387.03
216.976 61.3836 3.23046 3.02272 121.508 376.756
218.049 60.1785 2.88815 2.7663 73.4557 430.512
216.031 60.2361 2.75298 2.62183 95.0515 318.712
219.217 60.1294 2.90595 3.14823 29.6328 495.487
212.567 65.1173 3.1158 2.89757 23.0031 529.675
212.57 65.1176 3.11593 2.89865 23.2644 529.739
