# evlo=209.930862 evla=62.762196
209.094 59.7511 3.99242 3.75137 140.609 338.524
209.259 59.7417 4.1113 3.86988 108.578 338.507
208.846 60.7683 2.6156 2.32747 86.1547 229.458
212.195 64.6453 1.73817 1.5727 138.139 237.865
208.763 59.5251 3.91173 3.7304 129.197 366.145
209.796 67.2269 2.05171 1.77035 55.9435 497.82
212.624 63.0753 1.66906 1.57655 100.056 141.221
215.93 63.6482 2.7156 2.38002 290.707 317.476
209.784 61.1426 2.70116 2.42064 83.7383 180.661
203.121 64.7461 1.82582 1.6502 54.894 402.057
211.074 61.771 2.24712 2.13693 199.09 125.409
213.052 64.4091 1.877 1.65779 100.793 240.191
211.542 61.4131 4.22571 3.73464 200.537 172.288
211.768 64.9602 1.75519 1.63883 41.9276 261.121
214.475 65.5174 2.23359 1.97146 130.496 378.346
210.261 61.0889 3.3256 3.12483 136.518 187.283
197.092 68.0541 2.2701 2.08318 16.079 835.922
215.154 63.7399 2.44739 2.16846 96.0153 284.013
219.217 60.1294 4.3397 4.8112 55.9595 574.984
211.668 61.807 2.81606 2.64281 331.941 139.518
212.671 61.832 4.27186 4.1379 219.918 175.938
216.01 63.9761 2.59494 2.30397 258.997 332.698
205.816 56.5593 3.41255 3.24637 41.6593 728.57
209.777 60.5117 3.89608 3.71046 209.314 250.927
209.253 61.4636 1.82288 1.70602 68.2607 148.983
212.26 62.5808 1.76422 1.65042 289.787 121.041
212.138 64.8736 1.78405 1.61188 101.35 259.227
198.198 69.3641 2.24053 1.98408 20.6305 904.666
202.84 70.0079 2.28021 1.8456 23.4848 866.623
205.387 69.6211 2.20584 1.86483 18.9255 791.234
198.806 68.6483 2.28721 2.143 17.8545 829.179
200.413 69.1049 2.40316 2.01683 31.0231 827.351
215.088 69.9175 2.44529 2.16974 38.8313 829.958
235.93 69.3475 2.99918 2.79106 17.8622 1372
196.917 67.6988 2.3451 2.05387 15.6238 817.7
213.625 69.322 2.34605 2.02989 39.5858 750.051
219.035 69.243 2.61916 2.3474 66.6729 830.562
199.397 67.4213 2.25651 2.34723 18.2908 715.892
206.028 68.4414 2.22158 1.9598 24.9296 657.993
208.187 68.1343 2.28435 2.04208 19.3526 604.36
210.384 68.0584 2.21593 1.96503 30.211 590.888
211.513 68.0748 2.29456 2.29789 16.6037 596.836
214.432 68.1207 2.31259 1.97851 40.9487 632.51
218.405 68.1861 2.5887 2.30406 80.0611 719.663
220.465 68.6043 2.68843 2.37837 72.9026 809.366
222.103 68.3889 2.70399 2.47138 65.3155 839.258
223.281 66.3701 2.89055 2.65775 57.9214 753.618
202.227 66.8332 2.14612 1.99847 18.5396 582.319
206.517 67.2221 2.05324 2.03979 18.254 522.498
212.113 67.5187 2.27542 2.27413 30.136 540.034
215.855 67.6946 2.42454 2.1495 85.5277 615.164
220.128 67.6136 2.65446 2.42504 44.3902 719.875
224.214 67.6106 2.79687 2.46813 74.6207 856.737
226.258 67.441 2.90781 2.7065 40.6957 923.447
206.494 66.5156 1.92118 1.73996 15.9833 449.397
208.493 66.9214 1.97219 1.71794 30.0447 468.673
209.976 66.7108 2.00806 1.84018 36.8794 440.229
213.899 66.7653 2.1829 1.8344 61.8249 484.377
216.215 66.9498 2.44842 2.22519 27.0737 553.32
218.345 66.8088 2.55055 2.3138 91.4883 602.027
223.778 66.9808 2.84425 2.59197 64.8033 804.683
225.729 66.9227 2.94467 2.72757 57.0618 877.879
201.637 65.1527 1.94878 1.74721 31.3364 485.459
203.551 65.5276 1.86951 1.66334 46.8044 437.22
205.119 65.4924 1.79139 1.61908 76.5878 383.922
207.195 65.6571 1.73333 1.54763 24.5304 348.927
208.623 65.8937 1.77282 1.56569 55.1683 354.772
210.457 65.8251 1.8276 1.64383 21.788 342.403
212.122 65.8371 1.9816 1.79522 62.6818 358.774
214.18 66.267 2.18847 1.87415 33.1502 440.6
214.181 66.267 2.25507 1.87219 55 440.623
218.473 66.2305 2.5855 2.37173 19.6459 563.113
221.631 66.2191 2.82087 2.62494 49.4512 680.166
225.657 65.8052 3.0801 2.94008 25.4915 830.929
213.052 64.4091 1.877 1.65779 100.793 240.191
205.522 64.7962 1.66349 1.75531 33.1694 314.021
216.846 65.3064 2.4963 2.24389 117.481 440.776
218.385 65.6035 2.64331 2.42694 119.663 518.158
220.064 65.4483 2.84157 2.59228 29.7172 576.685
221.694 65.3609 2.98593 2.81525 90.3146 641.909
223.623 65.2225 3.12594 3.0197 56.0131 722.287
196.446 62.7492 2.37841 2.38101 17.7927 687.764
214.63 64.613 2.1559 1.92484 82.4885 310.712
216.201 64.5654 2.4785 2.17848 19.9166 369.628
216.436 64.5012 2.54874 2.2963 174.524 376.026
221.784 64.453 3.19206 3.0624 68.1001 616.517
221.784 64.4525 3.19114 3.06459 53.8875 616.477
223.67 64.5753 3.25549 3.09141 89.8994 707.983
201.699 62.7161 2.0078 2.02754 15.2923 420.615
214.222 63.8036 2.15161 1.92457 111.946 244.546
217.924 64.0292 2.97555 2.69189 107.89 423.435
222.48 63.8433 3.43368 3.29468 149.831 639.631
218.173 63.0618 3.57075 3.41414 187.2 419.921
221.871 63.109 3.69088 3.54568 127.189 606.724
193.799 60.3849 2.39907 1.88115 17.2452 894.333
196.65 60.4135 2.4085 1.97323 22.7163 750.61
199.312 60.6947 2.38034 2.14101 23.597 605.922
201.041 61.0224 2.19702 1.77559 17.4298 505.558
202.562 61.4009 2.16559 2.12927 16.5674 413.575
204.176 61.4907 2.02969 1.79215 20.5787 331.905
205.609 61.9037 1.84525 1.61982 27.4231 243.525
212.274 61.7929 3.77491 3.58882 110.437 162.673
213.825 62.1067 4.15081 3.64271 245.901 213.95
217.004 62.4013 4.21555 4.01158 315.647 365.549
218.122 62.3579 4.27395 4.05875 231.929 423.413
221.538 62.4435 3.81802 3.80533 137.678 596.367
223.206 62.5763 3.70362 3.67487 102.955 679.424
225.609 62.2024 3.67193 3.57833 117.733 808.897
199.908 60.1686 2.39755 2.02603 29.1174 606.609
201.231 60.4742 2.35051 1.96831 34.8435 526.692
202.813 60.5269 2.34483 2.11311 44.2847 451.719
204.11 60.6801 2.27738 2.04101 24.1792 385.2
205.516 60.8132 2.16779 1.72082 35.3904 318.356
222.911 61.4593 4.02317 4.15824 56.2435 691.799
224.22 61.4862 3.86215 3.73041 74.7894 757.474
226.918 61.1512 3.79081 3.67535 37.6719 906.442
198.736 59.2533 2.51721 2.25458 23.5597 719.347
200.175 59.1767 2.58208 2.27593 22.8576 661.272
201.907 59.5938 2.50775 2.1481 27.9805 557.037
202.905 59.7733 2.40626 2.08259 34.8401 502.507
204.792 59.8542 2.47549 2.16288 26.6668 424.981
205.68 60.1952 2.31037 1.88884 43.7258 364.74
207.376 60.0815 2.56964 2.04788 125.024 328.332
210.276 60.4814 4.54156 4.46396 209.343 254.827
202.009 59.0314 2.58713 2.19381 23.5227 597.322
203.561 59.1953 2.68853 2.17423 22.7776 525.762
204.771 59.3922 2.70716 2.31348 23.9721 467.232
227.183 60.2114 3.90661 3.89935 39.492 958.707
212.566 65.1171 1.90036 1.70176 126.493 292.549
204.991 58.6484 3.03371 2.66612 28.9391 531.508
207.606 58.6097 3.67214 3.68562 34.8896 479.732
205.548 57.5665 3.2701 3.15061 23.6399 627.61
212.138 64.8735 1.78388 1.61057 81.0768 259.213
226.879 56.1146 3.44175 3.27816 18.4901 1207.61
218.842 64.7774 2.87284 2.68141 80.1773 493.1
210.8 64.3306 2.986 2.81866 24.6652 180.091
211.198 63.5831 3.15009 3.00277 18.3029 111.567
213.356 63.1033 3.00012 2.98235 44.495 178.062
211.617 63.3734 2.83813 2.8178 39.8958 109.119
212.145 63.2652 2.84769 2.78332 43.2201 125.36
212.856 63.0345 2.93548 2.87998 20.2947 151.803
211.022 63.8345 3.08213 3.00178 18.1404 131.45
210.729 63.2286 2.71437 3.15308 17.9869 65.8851
210.834 64.0412 2.8362 2.7563 18.4126 149.537
211.133 63.4014 2.84575 3.01242 19.3427 93.6165
211.132 63.3896 2.83212 2.97407 22.755 92.6151
211.195 63.5067 3.12984 2.933 22.7326 104.653
210.879 63.9391 2.97181 2.77869 15.3185 139.507
210.701 64.1702 3.04544 3.22883 22.1502 161.574
209.939 62.15 2.70655 2.84168 18.3499 68.2373
219.217 60.1294 4.3397 4.8112 55.9595 574.984
212.567 65.1173 1.97517 1.69392 26.6632 292.575
212.57 65.1176 1.97584 1.6945 27.1784 292.665
