# evlo=210.135162 evla=62.860256
211.063 63.7318 2.79871 2.78739 66.7085 107.711
211.14 63.4056 3.05915 2.85546 85.5581 79.1376
212.138 64.8736 2.88621 2.65304 31.437 245.067
213.356 63.1033 3.14481 2.9315 54.5919 165.543
211.617 63.3734 3.06502 2.86442 155.793 94.1523
212.145 63.2652 3.08244 2.79871 29.5577 111.182
212.856 63.0345 3.12014 2.81399 131.847 139.481
210.219 63.5581 3.06599 2.85147 76.3727 77.8955
211.022 63.8345 3.05599 2.8398 60.0914 117.316
211.063 63.7323 2.80027 2.78894 66.7085 107.771
210.834 64.0412 2.99974 2.64363 99.5307 136.174
211.14 63.4057 3.0594 2.85569 85.5581 79.1441
211.145 63.4015 2.74271 2.82348 23.0332 78.9586
211.185 63.4003 3.05318 2.70898 38.6017 80.176
211.122 63.4157 3.0807 2.8262 24.9735 79.4429
211.132 63.3896 3.06317 2.79412 28.7172 77.5413
209.8 63.4686 2.98353 2.96362 43.0913 69.8777
211.195 63.5067 2.80278 2.91635 22.474 89.6685
209.939 62.15 3.10647 2.96881 46.949 79.8074
209.146 63.4621 2.67895 2.81275 38.9588 83.5826
211.225 63.6559 3.16076 2.90117 49.5474 104.216
