# evlo=211.132431 evla=63.389576
212.138 64.8736 3.14186 2.61601 26.2013 172.534
210.8 64.3306 2.73355 2.8712 34.7595 106.161
209.768 62.6893 3.08754 2.85927 39.3399 104.204
213.356 63.1033 3.15586 2.80435 29.5627 116.203
209.931 62.7622 2.83212 2.97407 22.755 92.6151
210.135 62.8603 3.06317 2.79412 28.7172 77.5413
209.336 62.3551 3.08751 2.92891 37.1195 147.141
209.196 62.5277 3.07318 2.91665 33.987 137.406
210.288 62.9094 2.70596 2.85755 19.478 68.3826
210.834 64.0412 2.92517 2.74924 37.3174 74.1199
210.701 64.1702 2.66807 2.73114 64.6081 89.5878
209.939 62.15 3.08555 2.83326 58.5767 151.003
209.768 62.6892 3.08785 2.85955 39.3399 104.214
