# evlo=234.233002 evla=58.9305
236.736 59.4036 1.92975 1.56881 64.5054 152.523
233.05 59.6548 3.24892 3.22956 45.2253 105.145
231.195 60.1197 3.13584 2.92789 35.3184 217.009
230.28 60.1576 3.07566 2.73835 19.753 262.02
227.254 60.1694 3.18032 3.05579 21.4407 417.883
237.286 58.0965 3.20515 3.24775 39.9603 200.71
237.146 57.39 3.23421 3.10151 30.5911 242.542
230.745 53.425 3.22049 2.92531 22.4661 649.937
230.743 53.517 3.22543 2.95846 19.1486 640.25
230.943 53.673 3.25002 3.11465 21.755 619.636
231.479 54.262 3.13274 2.9835 17.3065 546.565
231.6 54.636 3.11942 2.93659 28.1818 504.474
231.696 54.801 3.09343 2.74321 16.6218 485.096
231.665 54.851 3.13285 2.98057 26.5555 480.402
231.681 55.018 3.12309 2.95144 38.8213 462.424
231.846 55.084 3.13305 2.96034 28.0091 452.16
232.385 55.267 3.13503 2.95707 29.7224 423.028
232.359 55.411 3.14335 2.95693 33.4037 407.965
232.644 52.2602 3.15237 3.02255 18.2473 749.303
232.744 52.294 3.14522 3.02412 16.7898 744.754
234.223 52.362 3.22518 3.43996 18.2619 731.304
