# evlo=211.301498 evla=69.716202
218.652 60.2994 3.06365 3.28478 18.8014 1103.77
216.546 61.2275 2.90348 2.48382 17.3128 976.305
212.138 64.8736 2.84135 2.44298 81.6796 541.264
211.164 69.0223 2.15665 1.58808 214.116 77.5961
210.41 68.6274 2.16969 1.70598 214.408 126.505
210.457 65.825 3.05166 3.26078 81.3332 435.447
218.652 60.2994 3.06365 3.28478 18.8014 1103.77
216.546 61.2275 2.90348 2.48382 17.3128 976.305
210.574 60.776 2.94509 2.56887 29.3392 997.347
211.068 60.8049 2.94819 2.58582 37.8058 993.624
