# evlo=198.722198 evla=65.401497
217.908 60.4896 3.04519 2.79829 21.9464 1110.95
217.507 60.403 3.02905 2.75451 17.6873 1099.49
218.244 60.7315 3.04514 2.79041 16.6659 1109.43
216.031 60.2361 2.99588 2.75938 19.3508 1048.37
212.138 64.8736 2.92129 2.48676 33.8634 631.192
194.662 64.5695 3.03185 2.84292 222.774 212.876
211.554 70.2036 2.97248 2.99058 28.4634 758.604
204.534 64.74 2.93297 2.66266 48.6187 283.106
217.908 60.4896 3.04519 2.79829 21.9464 1110.95
217.507 60.403 3.02905 2.75451 17.6873 1099.49
218.244 60.7315 3.04514 2.79041 16.6659 1109.43
216.031 60.2361 2.99588 2.75938 19.3508 1048.37
210.574 60.776 2.90145 2.5481 61.795 787.944
209.971 61.6954 2.94607 2.67119 52.7359 693.695
