# evlo=234.367302 evla=52.412601
231.887 52.1847 3.0847 2.98139 306.049 171.107
235.227 58.6614 3.26571 3.04453 17.0704 697.798
230.745 53.425 3.24679 3.17922 83.057 268.394
230.743 53.517 3.23787 3.17681 116.057 272.736
230.943 53.673 3.21808 3.10901 134.62 269.072
230.974 53.769 3.21317 3.12835 73.6779 272.845
231.098 53.819 3.21268 3.11677 54.4322 269.059
231.321 53.9 3.21915 3.13186 85.7151 262.5
231.373 54.036 3.22862 3.15159 79.0321 269.467
231.376 54.093 3.22439 3.11066 81.7939 273.516
231.424 54.17 3.23916 3.16104 52.5461 277.04
231.416 54.467 3.16658 3.13942 69.8414 301.181
231.434 54.502 3.18031 3.13274 85.3857 303.326
231.542 54.539 3.20796 3.10493 44.0037 301.938
231.6 54.636 3.27857 3.41591 50.9461 308.036
231.677 54.722 3.20368 3.08994 45.7161 312.734
231.681 55.018 3.16816 3.08802 34.8034 339.859
231.846 55.084 3.20936 3.28122 25.5452 340.638
232.267 55.179 3.07059 2.74098 53.0209 337.541
232.385 55.267 3.13134 2.90092 56.4223 343.419
232.359 55.411 3.19968 3.25972 44.1005 358.84
232.425 52.1577 3.20307 3.13183 148.133 135.561
232.528 52.1871 3.20622 3.16839 142.402 127.981
232.644 52.2602 3.18014 3.11184 257.869 118.699
232.742 52.2882 3.18937 3.17886 71.6004 111.615
232.744 52.294 3.18212 3.12641 270.602 111.374
232.847 52.3171 3.18155 3.11829 268.378 104.109
233.021 52.3437 3.21017 3.23653 213.474 91.9986
233.165 52.3901 3.19304 3.28512 185.512 81.8685
233.315 52.3748 3.19814 3.33585 141.511 71.7367
