# evlo=233.6549 evla=52.441502
230.943 53.673 3.2009 3.02165 28.5841 227.668
231.6 54.636 3.23249 3.02879 21.5223 279.638
231.677 54.722 3.24583 3.20452 31.6384 285.597
231.696 54.801 3.22807 3.16176 22.9153 292.826
231.665 54.851 3.23219 3.0979 30.258 298.69
231.681 55.018 3.21294 3.12316 29.6665 314.938
231.846 55.084 3.21216 3.05776 22.3685 317.356
232.267 55.179 3.17664 3.03196 35.0285 318.092
232.359 55.411 3.173 3.02037 18.0092 341.287
232.742 52.2882 3.10494 3.22036 25.2634 64.4887
234.917 52.3782 3.24875 3.23948 38.0678 86.172
