# evlo=233.9328 evla=52.368099
231.887 52.1847 3.04754 2.91414 289.073 141.133
230.745 53.425 3.23562 3.18869 200.574 244.626
230.743 53.517 3.21939 3.08305 183.231 249.627
230.943 53.673 3.20426 3.03336 141.295 247.638
230.974 53.769 3.2356 3.15982 53.0322 252.236
231.098 53.819 2.98737 3.1 40.2278 249.239
231.321 53.9 3.23507 3.12003 84.6219 244.145
231.373 54.036 3.25477 3.1066 96.9165 252.385
231.376 54.093 3.27269 3.06982 81.3034 256.877
231.424 54.17 3.26646 3.22533 37.811 261.179
231.479 54.262 3.20779 3.09014 63.0224 266.746
231.436 54.358 3.21041 3.0999 43.783 276.864
231.416 54.467 3.21079 3.13399 127.432 287.306
231.434 54.502 3.21863 3.16604 100.311 289.755
231.542 54.539 3.22185 3.19134 60.7847 289.1
231.681 55.018 3.20914 3.09641 59.3073 330.277
232.267 55.179 3.19286 3.04184 84.8632 331.548
232.385 55.267 3.17817 3.07156 94.738 338.351
232.359 55.411 3.17622 3.10632 70.5707 354.114
232.425 52.1577 3.2 3.17182 157.758 105.592
232.528 52.1871 3.19134 3.15026 155.324 97.9982
232.644 52.2602 3.14906 3.04212 218.53 88.7266
232.742 52.2882 3.15265 3.11169 59.2793 81.6738
232.744 52.294 3.14894 3.105 221.548 81.4445
232.847 52.3171 3.13759 3.07094 223.639 74.2233
234.917 52.3782 3.1819 3.23044 119.282 67.0384
