# evlo=232.266998 evla=55.179001
231.887 52.1847 3.12635 3.05363 157.011 334.207
235.766 58.6528 3.13104 2.95677 20.3048 441.527
231.195 60.1197 3.11379 2.96854 22.5328 553.94
229.393 60.087 3.1292 2.95969 20.5138 572.799
230.745 53.425 3.15306 3.02927 452.389 218.929
230.743 53.517 3.14942 2.99541 303.728 209.86
230.943 53.673 3.14497 3.01783 387.131 188.371
230.974 53.769 3.15868 2.9799 175.998 177.926
231.098 53.819 2.82726 3.0216 137.76 169.27
231.321 53.9 3.14026 3.02511 204.739 154.976
231.373 54.036 3.12172 2.94046 291.774 139.732
231.376 54.093 3.12964 2.92242 370.696 133.88
231.424 54.17 3.12644 2.93296 349.512 124.79
231.479 54.262 3.11885 2.92585 349.519 114.009
231.436 54.358 3.10254 2.94212 163.861 105.891
231.416 54.467 3.10722 3.01845 342.88 96.3005
231.434 54.502 3.09978 3.01241 310.07 92.4319
231.542 54.539 3.10905 3.00483 287.827 85.1079
231.6 54.636 3.08205 3.02241 241.474 74.0546
231.677 54.722 3.06498 2.978 186.707 63.3814
232.425 52.1577 3.18428 3.08023 44.236 336.428
232.528 52.1871 3.18032 3.02678 48.2864 333.44
232.644 52.2602 3.18398 3.07597 136.618 325.811
232.742 52.2882 3.18122 3.08534 30.2549 323.267
232.744 52.294 3.18172 3.0884 126.393 322.639
232.847 52.3171 3.16499 3.05532 68.9655 320.816
233.021 52.3437 3.16313 3.04258 54.7055 319.459
233.165 52.3901 3.16844 3.07384 82.1232 315.993
233.315 52.3748 3.16186 3.03687 132.442 319.66
233.445 52.404 3.17337 3.08054 128.76 318.462
233.582 52.4315 3.17194 3.03955 75.3493 317.829
233.655 52.4415 3.17664 3.03196 35.0285 318.092
233.654 52.4412 3.17421 3.04293 103.93 318.098
233.783 52.4386 3.18967 3.02003 69.7108 320.914
233.869 52.4069 3.17697 3.09437 90.0419 326.078
233.933 52.3681 3.19286 3.04184 84.8632 331.548
234.034 52.3981 3.20601 3.02118 54.6884 330.662
234.15 52.4019 3.20997 3.13495 38.2133 333.035
234.367 52.4126 3.07059 2.74098 53.0209 337.541
