# evlo=218.337906 evla=61.059502
217.507 60.403 3.00785 2.83731 204.015 86.0624
220.363 59.9534 3.07876 2.86121 323.123 166.029
216.3 60.3932 3.00058 2.82766 370.864 133.726
216.716 60.1205 2.7338 2.58354 504.765 137.281
215.395 60.9677 3.26963 3.29099 259.943 159.486
209.013 64.0997 3.01388 2.66074 35.718 586.094
209.094 59.7511 3.05202 2.77916 37.3261 529.438
209.259 59.7417 3.15221 2.8115 37.2115 521.091
207.916 63.4188 3.05667 2.73035 45.1024 601.322
212.195 64.6453 3.05896 2.82596 85.9204 507.099
204.378 55.8218 2.96719 2.79479 19.1199 999.313
207.685 63.8827 3.04581 2.71602 21.7552 632.147
209.796 67.2269 3.07653 2.93831 28.1732 801.904
216.907 60.7523 3.17643 2.97538 172.385 84.8399
217.513 60.0823 2.8192 2.50198 190.414 117.906
214.225 61.1292 3.25758 3.14113 145.959 221.973
214.25 60.5487 3.06705 2.87283 222.603 229.668
213.401 60.7277 3.16147 3.18017 157.536 270.471
209.784 61.1426 3.15132 2.8688 67.9388 461.145
211.074 61.771 3.19835 3.00093 98.1296 395.687
212.904 60.8792 3.22418 3.1181 77.3574 294.892
215.271 60.5805 3.13073 2.99019 361.496 175.199
216.679 60.2805 2.94968 2.82196 291.076 125.526
213.052 64.4091 3.07017 2.89077 61.1116 460.589
215.738 60.3351 2.95494 2.80136 341.17 163.344
215.581 59.9268 2.56214 2.37702 245.394 197.175
216.749 60.4427 3.05466 2.99068 421.284 110.587
217.277 60.2474 2.94959 2.77499 232.646 107.504
216.976 61.3836 3.1806 2.91572 125.912 81.6003
211.768 64.9602 3.05195 2.79757 50.6733 546.948
218.049 60.1785 2.91145 2.61834 289.803 99.4253
209.256 65.0304 3.11058 3.07776 24.2309 636.891
216.031 60.2361 2.87159 2.72899 493.114 156.019
214.53 62.9699 3.10751 2.89386 203.633 291.625
219.747 60.0959 3.03641 2.82249 194.653 132.28
220.599 59.667 3.01855 2.74572 102.512 199.067
214.475 65.5174 3.12509 2.95709 69.7842 533.116
215.323 60.3863 2.99157 2.86872 204.15 180.832
215.154 63.7399 3.08838 2.95322 80.2612 341.011
218.652 60.2994 3.04569 2.82816 151.876 86.4175
211.14 63.4056 3.14147 2.64336 92.5296 456.163
219.217 60.1294 2.96459 2.78677 215.238 114.285
211.668 61.807 3.19744 2.98812 118.877 365.383
212.671 61.832 3.18962 2.92287 140.031 314.217
216.01 63.9761 3.08694 2.86715 55.5247 346.427
214.792 60.5341 3.05513 2.87848 338.838 201.746
209.253 61.4636 3.08912 2.84258 38.0147 489.172
217.161 60.1791 2.86615 2.59579 252.233 117.359
210.547 60.1043 3.14408 3.09002 70.5086 439.824
218.856 60.4399 3.15687 2.93287 140.674 74.5898
217.171 60.7541 3.22846 2.93065 134.616 71.8957
211.449 62.8295 3.07401 2.82098 48.2775 411.624
211.415 62.9628 3.06562 2.7736 16.6256 419.805
211.462 62.6812 3.0401 2.57892 29.8799 404.152
212.26 62.5808 3.03719 2.73365 67.4913 362.245
217.147 60.448 3.04291 2.89114 131.148 94.1166
211.908 64.4716 3.063 2.72718 80.9332 502.006
218.249 60.3583 3.03771 2.93921 104.777 78.2817
231.887 52.1847 2.81184 2.43047 18.2725 1286.52
226.475 68.3065 3.12699 3.06703 40.0467 894.717
205.026 71.0033 2.89575 2.81943 17.2314 1256.06
215.088 69.9175 3.01525 2.82105 53.9673 998.705
216.289 69.626 3.04418 2.85289 59.2035 959.754
235.93 69.3475 3.0939 2.83774 43.3283 1228.84
213.625 69.322 3.02178 2.79364 66.5481 946.617
219.035 69.243 3.10161 2.93187 42.2638 912.979
206.028 68.4414 3.07242 2.73588 21.8465 1006.44
208.187 68.1343 3.06117 2.8938 25.2553 923.899
214.432 68.1207 3.0255 2.81421 102.463 808.746
218.405 68.1861 3.1019 2.92506 70.505 794.522
223.281 66.3701 3.13545 3.1179 41.9824 639.958
204.275 67.0486 3.02098 2.77279 18.8654 953.766
207.821 67.5076 3.08381 2.76469 17.8374 878.522
212.113 67.5187 3.05571 2.78107 18.8593 779.723
214.357 67.5933 3.04766 2.81569 70.1241 753.029
220.128 67.6136 3.18168 2.99632 46.5057 735.693
206.494 66.5156 2.96286 2.69112 29.8977 840.518
208.493 66.9214 3.07093 2.80614 21.0651 809.959
209.976 66.7108 3.07555 2.76886 30.9007 750.714
216.215 66.9498 3.08994 2.94558 55.2957 664.695
218.345 66.8088 3.08605 2.90405 170.862 640.907
221.978 66.9116 3.08093 2.89738 27.6067 675.986
223.778 66.9808 3.14862 3.18327 31.867 711.042
225.729 66.9227 3.08779 2.89775 19.1148 745.916
208.623 65.8937 3.02844 2.74248 23.7117 722.918
218.473 66.2305 3.08045 2.8954 137.609 576.457
214.843 62.3987 3.02587 2.66993 76.0682 237.437
213.052 64.4091 3.07017 2.89077 61.1116 460.589
205.522 64.7962 3.0247 2.63514 20.4638 770.74
210.64 65.1479 3.03926 2.79499 50.381 598.136
216.846 65.3064 3.10905 2.9647 129.416 479.267
218.385 65.6035 3.07944 2.89474 159.891 506.509
220.064 65.4483 3.11804 3.01261 60.1709 496.78
221.694 65.3609 3.13764 2.98873 69.594 508.134
216.201 64.5654 3.10749 2.96494 22.9646 405.615
221.784 64.453 3.12361 2.98438 60.2083 417.069
223.67 64.5753 3.11899 2.98694 91.8053 476.588
217.924 64.0292 3.08371 2.91633 181.336 331.667
222.48 63.8433 3.13387 2.96779 131.759 376.637
216.652 63.0254 3.09158 2.89921 106.396 236.161
218.173 63.0618 3.06487 2.83982 309.878 223.316
221.871 63.109 3.11683 2.93884 213.96 293.604
205.609 61.9037 2.90291 2.46796 24.0846 683.661
209.88 61.7531 3.20307 3.08628 36.8847 458.027
212.274 61.7929 3.19607 2.97457 43.8381 333.729
213.825 62.1067 2.87059 2.21625 107.555 266.515
217.004 62.4013 3.17291 3.14862 112.242 165.321
218.122 62.3579 3.06889 2.84451 297.443 145.144
221.538 62.4435 3.07447 2.88719 366.234 228.769
223.206 62.5763 3.10231 2.9269 335.362 307.174
225.609 62.2024 3.09942 2.92277 343.569 405.845
207.791 61.2001 3.06242 2.90895 22.5722 567.93
215.402 61.6061 3.20404 2.92927 212.65 168.57
224.22 61.4862 3.18875 3.31129 62.2455 319.002
226.918 61.1512 3.13743 2.98363 160.055 462.5
219.809 60.7718 3.26396 2.97144 110.562 86.0239
221.424 60.3024 3.49775 2.98792 148.429 188.573
223.909 60.7704 3.1486 3.03162 107.414 303.883
206.768 59.6524 3.04277 2.90994 24.9819 656.653
212.597 59.9979 2.93199 2.73541 131.003 336.548
226.285 59.5898 3.18175 3.03263 57.7097 468.286
227.183 60.2114 3.18689 3.06095 80.0687 492.773
213.66 59.4296 2.4744 2.16714 66.8177 316.28
227.731 58.9601 3.15828 2.93894 66.6518 573.139
225.482 58.2747 3.2015 3.04082 74.4656 507.836
228.869 57.9128 3.11816 2.9929 63.2603 690.903
210.428 68.6408 3.05553 2.81676 28.8633 923.067
226.879 56.1146 3.16578 2.94131 25.7048 740.567
218.842 64.7774 3.10957 2.9481 166.11 415.184
209.768 62.6893 3.02226 2.83557 27.368 485.627
211.14 63.4057 3.14147 2.64336 92.5296 456.163
218.594 60.1556 2.92759 2.64847 78.0452 101.688
218.628 60.118 2.92616 2.65401 52.5623 106.104
218.565 60.2325 2.77134 2.85334 95.2273 92.9796
218.674 60.1912 2.96299 2.69195 33.5088 98.4874
218.614 60.172 2.93987 2.67192 66.3835 100.038
218.575 60.2274 2.78383 2.92512 23.9258 93.6181
218.547 60.1369 1.84831 1.7653 364.642 103.435
218.545 60.2663 3.01289 2.94618 36.9415 89.1058
218.45 60.2235 2.9507 2.83701 73.1264 93.3524
218.652 60.1592 2.95014 2.712 61.8972 101.779
218.546 60.2176 2.97901 2.81223 76.3701 94.4936
218.626 60.2469 3.01905 2.83044 57.3306 91.9027
218.627 60.1298 2.76784 2.69949 18.1581 104.796
210.176 67.8516 3.06782 2.70961 18.9977 851.421
211.489 65.5114 3.07523 2.9342 32.0145 602.897
211.554 70.2036 2.93655 2.58081 18.6306 1064.8
209.89 67.3812 3.09649 3.12078 19.1238 813.782
210.84 64.6544 3.08932 2.95774 42.9471 552.757
210.853 64.7716 3.06198 2.72742 68.9216 561.304
210.819 64.8857 3.06844 2.66022 100.455 571.39
210.44 64.87 3.04526 2.78704 46.6495 583.088
210.782 64.5716 3.07824 2.86144 31.5639 548.574
211.172 64.6917 3.07016 2.79914 82.5425 544.225
217.507 60.403 3.00785 2.83731 204.015 86.0624
216.296 60.3923 3.00532 2.83212 370.864 133.937
216.716 60.1205 2.7338 2.58354 504.765 137.281
215.271 60.5805 3.13073 2.99019 361.496 175.199
216.679 60.2805 2.94968 2.82196 291.076 125.526
216.749 60.4427 3.05466 2.99068 421.284 110.587
217.277 60.2474 2.94959 2.77499 232.646 107.504
216.976 61.3836 3.1806 2.91572 125.912 81.6003
218.049 60.1785 2.91145 2.61834 289.803 99.4253
216.031 60.2361 2.87159 2.72899 493.114 156.019
218.652 60.2994 3.04569 2.82816 151.876 86.4175
219.217 60.1294 2.96459 2.78677 215.238 114.285
218.856 60.4399 3.15687 2.93287 140.674 74.5898
220.454 59.9722 3.0893 2.84415 35.6751 167.883
210.183 61.5919 3.27687 2.90898 77.3307 440.45
209.768 62.6892 3.02231 2.83562 27.368 485.634
210.59 60.0084 3.11938 3.05828 45.3116 440.853
211.909 60.5183 3.16647 3.14246 33.0736 355.183
212.047 60.7098 3.20041 3.10011 70.9374 343.72
