# evlo=212.566803 evla=65.117302
217.654 61.036 3.07294 2.83462 41.0689 522.165
210.701 64.1732 3.01282 2.74479 39.0569 137.951
209.796 67.2269 2.97914 2.70149 24.5184 266.307
212.624 63.0753 3.00106 2.74893 77.3608 227.657
215.93 63.6482 3.12859 3.03082 35.2758 230.537
214.25 60.5487 2.99864 2.71935 26.3741 516.338
213.401 60.7277 3.06731 2.84712 24.9837 491.088
209.784 61.1426 2.93494 2.48282 19.1399 464.639
211.074 61.771 3.07886 2.82761 45.5266 380.346
216.188 61.4417 3.00106 2.83442 27.1498 448.026
212.904 60.8792 3.08564 2.818 25.1215 472.692
218.244 60.7315 3.09397 2.8877 24.55 567.097
213.052 64.4091 3.08958 3.02967 110.624 82.2607
217.639 60.9231 3.07975 2.82873 35.8271 533.035
214.077 61.4924 2.99037 2.65607 28.8074 411.062
211.542 61.4131 3.08751 2.84927 66.2603 416.074
218.995 60.824 3.09238 2.92632 16.6085 578.452
211.063 63.7318 2.97589 2.62875 73.7074 170.61
218.049 60.1785 3.04457 2.85056 19.8172 617.584
210.931 64.5928 3.19968 3.02761 39.4864 97.1671
214.53 62.9699 3.04137 2.81011 36.7839 257.86
223.281 66.3701 3.04992 2.78641 91.0779 510.098
213.052 64.4091 3.08958 3.02967 110.624 82.2607
217.924 64.0292 3.1555 3.03352 30.3861 283.858
216.652 63.0254 3.11525 2.99775 25.25 306.705
210.276 60.4814 3.1158 2.89757 23.0031 529.675
218.842 64.7774 3.2265 3.06402 81.7403 298.898
209.931 62.7622 1.97517 1.69392 26.6632 292.575
211.063 63.7323 2.97484 2.62782 73.7074 170.55
218.244 60.7315 3.09397 2.8877 24.55 567.097
217.639 60.9231 3.07972 2.8287 35.8271 533.03
218.995 60.8241 3.09233 2.92627 16.6085 578.442
218.049 60.1785 3.04457 2.85056 19.8172 617.584
