# evlo=220.454193 evla=59.972198
221.171 59.4924 3.16743 2.94999 52.4636 66.9575
217.908 60.4896 3.02925 3.25775 29.7116 152.371
217.507 60.403 2.77641 2.50635 31.1173 170.409
218.338 61.0595 3.08938 2.84422 35.6751 167.887
218.244 60.7315 3.03406 2.8521 39.6703 148.455
217.659 60.6024 3.02789 3.00362 36.173 169.776
217.639 60.9231 3.09616 2.83342 31.5271 187.671
218.049 60.1785 2.49475 2.103 61.2907 135.827
217.533 61.1871 3.0961 2.8389 23.9673 209.664
218.856 60.4399 2.89372 2.64875 48.5567 102.819
226.475 68.3065 3.12387 3.12183 19.7818 973.13
218.842 64.7774 3.1302 3.07161 67.9556 541.962
218.594 60.1556 2.41399 2.05866 75.6726 105.585
218.565 60.2325 2.09106 2.20239 43.5 109.026
218.674 60.1912 2.44389 2.09875 138.094 102.019
218.614 60.172 2.43861 2.06994 102.252 104.835
218.575 60.2274 2.09174 2.21812 19.0153 108.337
218.547 60.1369 2.36131 2.06037 55.5399 107.815
218.604 60.2147 2.06146 2.19204 84.5955 106.421
218.545 60.2663 2.58814 2.26317 117.482 111.071
218.45 60.2235 2.5396 2.16939 122.884 114.949
218.584 60.2186 2.07986 2.24019 24.5935 107.623
218.55 60.2321 2.72021 2.23892 22.1084 109.793
218.541 60.2344 2.72428 2.24779 18.1039 110.377
218.652 60.1592 2.39401 2.02531 113.658 102.494
218.546 60.2176 2.50261 2.16821 98.5782 109.648
218.626 60.2469 2.55869 2.19927 92.4547 106.183
217.908 60.4896 3.02925 3.25775 29.7116 152.371
217.507 60.403 2.77641 2.50635 31.1173 170.409
218.338 61.0595 3.0893 2.84415 35.6751 167.883
218.244 60.7315 3.03406 2.8521 39.6703 148.455
217.659 60.602 3.02801 3.00375 36.173 169.783
217.639 60.9231 3.09631 2.83355 31.5271 187.68
218.049 60.1785 2.49475 2.103 61.2907 135.827
217.533 61.187 3.09587 2.8387 23.9673 209.649
218.856 60.4399 2.89372 2.64875 48.5567 102.819
