# evlo=210.502106 evla=61.000999
217.908 60.4896 3.12248 3.00773 29.9098 407.719
216.3 60.3932 2.97501 2.95017 56.604 323.716
216.716 60.1205 2.78845 2.75687 46.5899 354.528
215.271 60.5805 3.01626 2.91837 23.9606 263.848
216.679 60.2805 2.92713 2.89239 30.0974 347.244
212.138 64.8736 3.09601 2.85964 96.6055 439.529
218.842 64.7774 3.1623 2.95951 55.6813 596.703
209.768 62.6893 3.04073 2.73872 114.799 192.07
217.908 60.4896 3.12248 3.00773 29.9098 407.719
216.296 60.3923 2.97357 2.94875 56.604 323.559
216.716 60.1205 2.78845 2.75687 46.5899 354.528
215.271 60.5805 3.01626 2.91837 23.9606 263.848
216.679 60.2805 2.92713 2.89239 30.0974 347.244
210.653 60.3755 3.22032 3.12092 89.7566 70.1827
210.183 61.5919 2.85913 2.35775 217.271 68.037
211.583 60.7746 3.08126 2.76858 60.0126 63.8767
209.768 62.6892 3.04067 2.73867 114.799 192.066
209.947 62.0056 2.96532 2.5367 209.236 115.792
211.822 60.7458 3.09038 3.02494 58.6331 77.1318
208.982 60.799 2.45463 2.12028 70.7214 85.4991
210.644 60.2564 3.24431 3.14826 122.169 83.3285
210.59 60.0084 3.24903 3.10471 155.871 110.703
210.23 59.8351 3.25476 3.13874 62.9531 130.764
209.918 61.8636 2.91897 2.44657 214.855 101.048
209.538 60.4832 3.26004 3.04135 26.5149 78.0531
211.909 60.5183 3.11071 2.9628 100.545 93.6561
209.971 61.6954 2.81006 2.24378 173.67 82.4418
212.047 60.7098 3.0989 2.97165 73.0606 89.9981
209.968 60.4881 3.19485 3.20374 44.4894 64.1357
208.919 60.4641 2.56416 2.38012 29.8004 105.089
209.81 60.4601 3.21849 3.14578 83.7393 71.1232
