# evlo=188.296402 evla=63.775799
194.627 64.5646 3.49878 2.90669 185.334 320.03
217.908 60.4896 3.41117 2.92853 76.139 1572.16
217.654 61.036 3.43076 2.97447 59.0587 1533.67
217.507 60.403 3.40434 2.9063 65.6192 1556.64
218.338 61.0595 3.42099 2.93749 45.1274 1566.31
220.363 59.9534 3.4149 2.88987 47.7084 1720.48
216.3 60.3932 3.38958 2.85811 107.49 1497.59
225.144 58.5792 3.37726 2.7548 87.7148 2033.05
216.716 60.1205 3.38106 2.74288 104.506 1531.95
215.395 60.9677 3.41012 2.90586 89.5554 1425.4
209.013 64.0997 3.45146 2.8435 93.8813 1012.09
209.094 59.7511 3.41793 2.83825 88.9958 1179.52
209.259 59.7417 3.41747 2.83866 98.6276 1188
210.701 64.1732 3.48102 2.91226 92.7626 1092.51
208.846 60.7683 3.41079 2.83986 104.018 1112.89
207.916 63.4188 3.45033 2.87437 135.577 970.768
212.195 64.6453 3.48035 2.87698 119.996 1157.66
204.378 55.8218 3.41518 2.84013 31.8878 1258.31
200.411 54.831 3.45967 2.89977 50.9776 1207.75
207.685 63.8827 3.49707 3.02194 91.86 950.894
208.763 59.5251 3.42945 2.89757 112.78 1176.91
209.796 67.2269 3.45601 2.91941 114.135 1060.34
216.907 60.7523 3.41365 2.93081 80.7857 1510.08
218.66 60.9649 3.41902 2.96007 51.8709 1586.52
209.738 62.4058 3.40914 2.83444 84.4079 1088.51
217.513 60.0823 3.39191 2.85873 120.679 1573.2
212.624 63.0753 3.42015 2.81201 52.8472 1209.89
214.225 61.1292 3.41093 2.89643 154.092 1360.36
215.93 63.6482 3.47715 2.83093 70.2631 1355.48
214.25 60.5487 3.38855 2.81167 115.737 1388.89
196.582 54.8564 3.44882 2.86087 68.58 1097.89
213.401 60.7277 3.39468 2.82185 93.775 1338.4
209.784 61.1426 3.40617 2.79148 101.559 1141.01
214.766 66.5657 3.47847 2.88698 110.985 1268.52
203.121 64.7461 3.45219 2.75583 84.7171 724.98
211.074 61.771 3.41788 2.87537 106.242 1177.74
216.188 61.4417 3.43555 2.9379 58.1827 1443.47
212.904 60.8792 3.39912 2.8131 88.3271 1306.72
215.271 60.5805 3.38816 2.82982 110.016 1437.64
216.679 60.2805 3.38981 2.8375 110.74 1521.96
218.244 60.7315 3.42878 2.98175 66.8707 1577
213.052 64.4091 3.48241 2.86463 97.7089 1201.7
213.497 60.396 3.4054 2.83059 102.216 1359.41
215.738 60.3351 3.38278 2.7791 92.116 1472.81
208.348 59.6572 3.42903 2.86525 98.5043 1149.27
217.659 60.6024 3.41661 2.93438 83.5512 1554.37
225.615 58.2758 3.39827 2.87312 57.6088 2074.4
215.581 59.9268 3.38694 2.76099 51.173 1486.2
216.749 60.4427 3.39999 2.89381 102.122 1517.29
217.639 60.9231 3.43185 2.97431 67.4958 1538.16
214.077 61.4924 3.42007 2.92011 104.912 1337.27
211.542 61.4131 3.42104 2.88211 126.941 1215.58
197.4 66.8951 3.47179 2.82709 117.182 547.55
209.077 63.5527 3.48242 2.99032 88.1604 1024.76
217.277 60.2474 3.39441 2.87226 58.6181 1553.1
218.995 60.824 3.42075 2.98075 44.1318 1609.63
216.976 61.3836 3.42919 2.95482 54.4743 1484.81
211.063 63.7318 3.44468 2.83371 114.232 1117.84
211.768 64.9602 3.4797 2.86639 68.7214 1134.36
218.049 60.1785 3.40151 2.88311 112.347 1594.72
209.256 65.0304 3.46628 2.8762 122.817 1015.58
210.931 64.5928 3.46542 2.84654 133.322 1098.08
216.031 60.2361 3.38251 2.76238 102.963 1492.26
191.145 52.9721 3.50718 2.82452 48.6955 1214.53
214.53 62.9699 3.44614 2.88362 116.568 1306.13
219.747 60.0959 3.41878 2.87976 63.5489 1682.71
220.599 59.667 3.40842 2.90976 56.769 1747.31
214.475 65.5174 3.4824 2.91903 97.8753 1256.8
207.811 62.8962 3.42647 2.8346 106.63 978.481
217.533 61.1871 3.42723 2.95821 54.8317 1520.88
211.667 60.8584 3.40301 2.81839 153.654 1246.8
215.323 60.3863 3.3839 2.7886 89.5287 1449.79
210.261 61.0889 3.40081 2.80957 140.891 1166.93
197.092 68.0541 3.45239 2.82161 117.357 621.834
215.154 63.7399 3.46922 2.82093 90.2796 1315.76
218.652 60.2994 3.41276 2.92644 67.6328 1618.31
211.14 63.4056 3.42459 2.80238 56.9395 1128.78
219.217 60.1294 3.40991 2.91949 72.6774 1654.83
211.668 61.807 3.41168 2.88019 127.089 1205.63
212.671 61.832 3.42006 2.90151 156.708 1254.1
216.01 63.9761 3.48404 2.92828 69.9989 1351.51
214.792 60.5341 3.38443 2.79834 89.5373 1416.3
205.816 56.5593 3.42403 2.88105 62.2852 1254.7
208.468 61.98 3.4279 2.86378 147.954 1041.13
209.777 60.5117 3.39897 2.80792 138.397 1171.24
189.752 57.1766 3.48315 2.88338 98.9346 739.578
209.253 61.4636 3.42156 2.84206 137.333 1100.7
217.161 60.1791 3.39111 2.85499 112.478 1550.89
216.221 60.072 3.38346 2.74301 93.0785 1510.08
210.547 60.1043 3.3996 2.81759 141.318 1230.2
218.856 60.4399 3.42109 2.93974 60.2984 1621.33
217.171 60.7541 3.41687 2.94406 88.0267 1522.99
192.073 65.5598 3.48496 2.85841 255.585 268.423
193.495 53.8452 3.43581 2.79912 103.694 1145.33
216.546 61.2275 3.42967 2.95682 72.0716 1470.42
211.449 62.8295 3.44804 2.8757 91.5929 1159.37
211.415 62.9628 3.44717 2.88841 48.092 1153.8
211.462 62.6812 3.44376 2.86788 48.9234 1164.55
212.058 62.8349 3.44986 2.8583 42.6872 1189.1
211.771 63.0624 3.43737 2.8233 27.4121 1168.5
212.26 62.5808 3.45018 2.88758 94.7731 1206.97
211.152 62.8331 3.44634 2.87298 124.409 1144.69
217.147 60.448 3.40176 2.90057 91.8425 1536.66
211.908 64.4716 3.47056 2.86309 113.934 1146.19
218.249 60.3583 3.41119 2.92984 89.6159 1595.47
207.417 57.7828 3.43279 2.92585 58.7704 1230.03
197.761 64.6379 3.49704 2.92286 147.302 469.158
200.087 64.937 3.47682 2.82352 136.795 583.19
201.637 65.1527 3.47287 2.87018 146.455 658.65
203.551 65.5276 3.46611 2.84041 91.719 752.597
205.119 65.4924 3.46846 2.8716 122.059 824.198
207.195 65.6571 3.48114 2.91597 151.062 921.258
208.623 65.8937 3.47673 2.92009 138.984 988.49
210.457 65.8251 3.48333 2.92806 138.646 1071.66
212.122 65.8371 3.47457 2.89819 92.949 1147.77
214.18 66.267 3.48136 2.88718 38.0674 1241.62
214.181 66.267 3.48073 2.90005 69.4783 1241.66
218.473 66.2305 3.47352 2.88623 101.636 1434.65
221.631 66.2191 3.46886 2.88105 57.1474 1576.43
225.657 65.8052 3.47482 2.88555 56.9498 1763.7
214.843 62.3987 3.42648 2.8805 50.726 1340.04
213.052 64.4091 3.48241 2.86463 97.7089 1201.7
199.305 63.8864 3.46897 2.81268 110.282 541.386
205.522 64.7962 3.46509 2.87719 91.8751 839.277
208.018 65.18 3.46432 2.87663 119.957 957.223
210.64 65.1479 3.47624 2.85215 76.5289 1080.18
216.846 65.3064 3.48318 2.91691 75.5211 1368.43
218.385 65.6035 3.47916 2.89709 71.5711 1436.02
220.064 65.4483 3.47551 2.89069 74.1908 1515.19
221.694 65.3609 3.47436 2.899 80.4951 1591.5
223.623 65.2225 3.47577 2.88368 59.46 1682.84
196.446 62.7492 3.46172 2.85313 163.108 424.615
199.398 63.2842 3.42578 2.81061 151.512 554.322
200.922 63.3965 3.43227 2.82183 77.0136 627.322
203.285 63.465 3.43801 2.81747 74.3937 742.427
204.379 63.994 3.46239 2.87192 101.86 788.441
205.853 64.1767 3.49906 3.02862 114.514 858.241
214.63 64.613 3.47853 2.84861 76.5555 1273.73
216.436 64.5012 3.4856 2.87995 72.9441 1361.22
221.784 64.453 3.47638 2.92413 43.1315 1614.69
221.784 64.4525 3.47834 2.9178 49.9086 1614.68
223.67 64.5753 3.47376 2.92723 42.6894 1699.95
195.344 61.9331 3.48079 2.86796 138.478 413.211
198.469 62.2938 3.44996 2.82731 142.374 540.036
201.699 62.7161 3.43307 2.81559 120.368 682.361
205.93 63.3569 3.43923 2.82903 102.494 874.636
214.222 63.8036 3.45897 2.81851 72.9273 1269.3
217.924 64.0292 3.48388 2.85863 63.6612 1441.95
222.48 63.8433 3.48906 2.8959 61.7894 1663.87
197.317 61.3416 3.46117 2.88863 103.063 536.795
198.513 61.678 3.45191 2.85991 118.345 571.639
200.525 61.7105 3.44051 2.84218 111.29 664.876
201.703 62.1344 3.42563 2.78851 97.318 703.081
203.311 62.2195 3.42864 2.81488 161.718 778.463
205.146 62.1816 3.43094 2.83865 185.676 869.973
206.12 62.4787 3.4298 2.85552 125.882 907.705
216.652 63.0254 3.44232 2.81087 102.04 1407.91
218.173 63.0618 3.45859 2.84256 51.6042 1480.64
221.871 63.109 3.46351 2.84619 34.603 1657.82
193.799 60.3849 3.43936 2.86119 78.9485 474.523
196.65 60.4135 3.46655 2.87409 80.3099 574.383
198.04 60.7515 3.47124 2.8927 91.2688 607.113
199.312 60.6947 3.46652 2.90076 82.4814 666.483
201.041 61.0224 3.44355 2.8933 90.4167 725.314
202.562 61.4009 3.43367 2.83758 98.9829 777.383
204.176 61.4907 3.42023 2.78384 72.9193 851.019
205.609 61.9037 3.42926 2.81098 167.183 903.343
206.868 61.8823 3.42982 2.83777 190.613 966.101
209.88 61.7531 3.42074 2.86223 133.993 1119.55
212.274 61.7929 3.41629 2.89077 107.622 1236.05
213.825 62.1067 3.44236 2.92077 86.7436 1300.49
217.004 62.4013 3.446 2.9171 46.8224 1445.88
218.122 62.3579 3.44412 2.89844 63.3699 1502.17
221.538 62.4435 3.45902 2.8376 56.7456 1665.48
223.206 62.5763 3.4631 2.84274 36.1102 1741.32
225.609 62.2024 3.46697 2.83167 54.2467 1872.3
198.315 59.9237 3.46775 2.84584 69.8827 678.839
199.908 60.1686 3.45552 2.88749 77.1345 728.047
201.231 60.4742 3.44832 2.87786 76.5063 766.805
202.813 60.5269 3.44495 2.89494 94.0921 836.529
204.11 60.6801 3.43802 2.87757 76.8186 888.883
205.516 60.8132 3.43583 2.84959 107.38 949.033
207.791 61.2001 3.41508 2.80269 97.9257 1040.65
215.402 61.6061 3.43565 2.93557 76.6477 1397.83
222.911 61.4593 3.45639 2.91571 45.434 1772.99
224.22 61.4862 3.45893 2.88346 76.1227 1835.73
226.918 61.1512 3.4623 2.88037 49.0069 1982.7
198.736 59.2533 3.46465 2.86853 51.6085 748.566
200.175 59.1767 3.45816 2.90434 65.4223 812.384
201.907 59.5938 3.45113 2.88739 113.993 855.477
202.905 59.7733 3.44129 2.8996 90.6674 887.891
204.792 59.8542 3.45018 2.90093 72.2122 969.399
205.68 60.1952 3.44649 2.88918 118.977 990.761
207.376 60.0815 3.44055 2.90259 81.743 1078.16
210.276 60.4814 3.40151 2.82033 134.437 1197.16
219.809 60.7718 3.40424 3.00933 38.7014 1652.23
221.424 60.3024 3.39779 2.95231 37.8972 1754.86
190.452 56.6011 3.46383 2.83408 66.2595 808.143
202.009 59.0314 3.44913 2.88492 77.03 900.424
203.561 59.1953 3.45055 2.93345 78.6987 956.56
204.771 59.3922 3.44594 2.89236 92.9531 997.972
206.768 59.6524 3.45266 2.90938 67.0564 1074.48
212.597 59.9979 3.40059 2.81678 110.48 1335.97
222.262 59.6304 3.32096 2.7276 27.948 1831.32
223.04 60.1218 3.40494 2.91452 59.2615 1843.68
226.285 59.5898 3.42454 2.93308 68.5719 2031.74
227.183 60.2114 3.46687 2.95858 22.6637 2042.54
212.566 65.1171 3.46884 2.84801 110.757 1170.69
203.344 58.6774 3.44298 2.89817 73.3431 984.217
204.113 58.2637 3.44811 2.90261 59.9109 1048.4
204.991 58.6484 3.46122 2.92213 52.9302 1058.94
206.355 58.9287 3.4463 2.93425 95.587 1101.53
207.606 58.6097 3.43983 2.93679 71.8505 1180.67
213.66 59.4296 3.39991 2.76658 118.918 1419.32
227.731 58.9601 3.43149 2.8448 85.175 2138.3
203.613 57.6397 3.44121 2.89072 83.3641 1075.5
205.548 57.5665 3.45122 2.89979 35.845 1163.52
224.26 58.4133 3.39887 2.77035 43.3663 1999.31
225.482 58.2747 3.39667 2.85825 58.456 2067.89
197.939 55.703 3.44371 2.86385 62.9822 1047.68
223.768 57.9616 3.39905 2.71082 49.9392 2002.48
225.424 57.4688 3.43442 2.86669 37.2687 2114.94
228.869 57.9128 3.41229 2.91603 43.8297 2257.01
227.048 56.8144 3.47479 2.91492 21.7409 2237.29
229.75 56.9811 3.41712 2.90189 65.0666 2359.67
212.138 64.8735 3.4797 2.86731 78.1076 1152.57
210.428 68.6408 3.43316 2.83725 70.3126 1125.86
226.879 56.1146 3.43634 2.87502 44.1636 2275.84
228.385 55.3279 3.44986 2.89937 38.6016 2404.42
227.653 56.4191 3.43863 2.80449 31.3699 2293.4
209.931 62.7622 2.88825 2.29124 93.7801 1086.73
211.063 63.7323 3.44473 2.83375 114.232 1117.86
211.14 63.4057 3.42459 2.80238 56.9395 1128.78
218.547 60.1369 3.66571 3.19145 110.029 1621.39
217.908 60.4896 3.41117 2.92853 76.139 1572.16
217.507 60.403 3.40434 2.9063 65.6192 1556.64
218.338 61.0595 3.421 2.9375 45.1274 1566.31
216.296 60.3923 3.3893 2.85788 107.491 1497.47
216.716 60.1205 3.38106 2.74288 104.506 1531.95
215.271 60.5805 3.38816 2.82982 110.016 1437.64
216.679 60.2805 3.38981 2.8375 110.74 1521.96
218.244 60.7315 3.42878 2.98175 66.8707 1577
217.659 60.602 3.4166 2.93437 83.5512 1554.36
216.749 60.4427 3.39999 2.89381 102.122 1517.29
217.639 60.9231 3.43183 2.97429 67.4958 1538.15
217.277 60.2474 3.39441 2.87226 58.6181 1553.1
218.995 60.8241 3.42074 2.98074 44.1318 1609.63
216.976 61.3836 3.42919 2.95482 54.4743 1484.81
218.049 60.1785 3.40151 2.88311 112.347 1594.72
216.031 60.2361 3.38251 2.76238 102.963 1492.26
217.533 61.187 3.42726 2.95824 54.8317 1520.89
218.652 60.2994 3.41276 2.92644 67.6328 1618.31
219.217 60.1294 3.40991 2.91949 72.6774 1654.83
216.221 60.072 3.38346 2.74301 93.0785 1510.08
218.856 60.4399 3.42109 2.93974 60.2984 1621.33
216.546 61.2275 3.42967 2.95682 72.0716 1470.42
212.567 65.1173 3.47052 2.85078 38.6649 1170.7
212.57 65.1176 3.47022 2.85396 39.7956 1170.83
209.518 60.7352 3.40534 2.80801 70.2267 1147.34
209.518 60.7351 3.40541 2.80806 70.2267 1147.37
