# evlo=211.668396 evla=61.806999
225.449 60.24 3.32277 2.78654 57.836 763.691
194.627 64.5646 3.41562 2.89496 137.561 908.079
217.908 60.4896 3.37623 2.99618 171.621 366.534
217.654 61.036 3.44832 3.26942 238.644 330.769
217.507 60.403 3.34028 2.88541 122.833 351.419
218.338 61.0595 3.43828 3.24526 123.619 365.378
220.363 59.9534 3.38372 2.92376 142.829 514.894
216.3 60.3932 3.33814 2.89256 130.157 295.222
225.144 58.5792 3.44407 3.04065 42.5969 827.489
216.716 60.1205 3.28547 2.67166 115.249 331.63
215.395 60.9677 3.36157 3.04664 274.314 219.996
209.013 64.0997 3.39783 2.98477 197.939 288.857
209.094 59.7511 3.4138 3.1331 203.332 268.57
209.259 59.7417 3.41218 3.13764 298.45 264.914
210.701 64.1732 3.43741 3.05897 252.906 268.253
208.846 60.7683 3.26911 2.84744 399.123 190.488
207.916 63.4188 3.40794 3.09981 228.975 263.356
212.195 64.6453 3.43191 3.07877 246.466 317.474
204.378 55.8218 3.3244 2.93127 144.177 787.605
200.411 54.831 3.2194 2.78845 105.77 1016.49
207.685 63.8827 3.42899 3.02501 175.799 307.632
208.763 59.5251 3.37206 2.98075 216.081 299.744
209.796 67.2269 3.42177 2.95715 122.317 610.819
216.907 60.7523 3.36844 3.032 198.214 304.454
218.66 60.9649 3.40583 3.2399 131.315 385.087
217.513 60.0823 3.32892 2.85097 149.605 370.314
215.93 63.6482 3.44682 3.04271 329.105 299.262
214.25 60.5487 3.30398 2.77844 201.402 197.34
196.582 54.8564 3.40055 2.88731 145.045 1169.91
214.766 66.5657 3.44433 2.96853 233.708 551.28
188.296 63.7758 3.41168 2.88019 127.089 1205.63
203.121 64.7461 3.42513 2.94274 172.775 539.076
216.188 61.4417 3.47876 3.42746 276.861 243.094
215.271 60.5805 3.33993 2.82382 167.695 237.033
216.679 60.2805 3.31976 2.84962 151.156 319.609
218.244 60.7315 3.40555 3.20852 195.469 372.391
213.052 64.4091 3.41244 3.08944 369.482 298.311
215.738 60.3351 3.26425 2.70765 147.121 274.079
208.348 59.6572 3.34617 3.10987 143.417 300.241
217.659 60.6024 3.37567 3.0297 226.549 348.759
215.581 59.9268 3.26832 2.50226 151.294 298.384
216.749 60.4427 3.34329 2.90564 163.588 313.069
217.639 60.9231 3.42181 3.28109 230.913 334.071
197.4 66.8951 3.42848 2.92995 73.071 889.196
209.077 63.5527 3.37996 3.08309 175.031 235.509
217.277 60.2474 3.33002 2.82459 82.4525 349.293
218.995 60.824 3.40985 3.25079 173.057 407.246
216.976 61.3836 3.47489 3.31318 142.652 285.63
211.063 63.7318 3.41538 3.06402 348.327 216.751
211.768 64.9602 3.41935 3.1021 240.754 351.515
218.049 60.1785 3.3346 2.91186 231.247 389.885
209.256 65.0304 3.42939 2.9796 150.561 378.906
210.931 64.5928 3.41735 3.00999 245.456 312.724
191.145 52.9721 3.42507 2.89498 139.14 1566.73
214.53 62.9699 3.44733 3.09084 376.37 196.723
219.747 60.0959 3.38092 2.95172 138.231 477.108
220.599 59.667 3.37289 2.87361 118.266 541.799
214.475 65.5174 3.44108 3.03561 217.315 436.234
207.811 62.8962 3.38792 2.9976 286.221 233.738
217.533 61.1871 3.44119 3.23927 144.601 319.767
215.323 60.3863 3.27507 2.5999 184.918 252.761
197.092 68.0541 3.37793 2.85302 69.2548 975.401
215.154 63.7399 3.45599 3.13064 414.286 279.367
218.652 60.2994 3.36305 3.00462 167.686 412.687
219.217 60.1294 3.36615 2.90782 212.099 449.214
216.01 63.9761 3.45997 3.07702 306.749 327.276
214.792 60.5341 3.27405 2.74485 236.954 219.9
205.816 56.5593 3.33182 2.93292 176.236 672.962
189.752 57.1766 3.44193 3.0089 93.4229 1336.31
217.161 60.1791 3.32382 2.85146 170.728 348.074
216.221 60.072 3.265 2.50643 174.169 313.385
210.547 60.1043 3.41656 3.1408 433.284 199.207
218.856 60.4399 3.40019 3.03041 181.429 415.98
217.171 60.7541 3.36772 3.06353 240.804 317.438
192.073 65.5598 3.43017 2.9303 120.49 1050.45
209.711 63.4502 3.5215 2.79202 138.875 208.866
193.495 53.8452 3.40779 2.89014 160.06 1388.96
216.546 61.2275 3.43142 3.27294 214.043 267.427
217.147 60.448 3.36008 2.88506 140.992 331.677
211.908 64.4716 3.41208 3.09755 213.089 297.252
218.249 60.3583 3.36446 2.98758 190.405 389.872
213.052 64.4091 3.41244 3.08944 369.482 298.311
227.048 56.8144 3.44688 2.83866 74.5153 1033.73
212.138 64.8735 3.41497 3.03127 234.092 342.619
210.428 68.6408 3.38973 2.91573 153.921 764.104
226.879 56.1146 3.46849 2.9386 32.5566 1076.55
228.385 55.3279 3.48634 2.96222 44.2285 1205.49
227.653 56.4191 3.46167 2.86288 80.1215 1090.41
211.063 63.7323 3.41617 3.06473 348.327 216.801
217.908 60.4896 3.37623 2.99618 171.621 366.534
217.507 60.403 3.34028 2.88541 122.833 351.419
218.338 61.0595 3.43833 3.24531 123.619 365.383
216.296 60.3923 3.33703 2.89159 130.157 295.123
216.716 60.1205 3.28547 2.67166 115.249 331.63
215.271 60.5805 3.33993 2.82382 167.695 237.033
216.679 60.2805 3.31976 2.84962 151.156 319.609
218.244 60.7315 3.40555 3.20852 195.469 372.391
217.659 60.602 3.37562 3.02966 226.549 348.753
216.749 60.4427 3.34329 2.90564 163.588 313.069
217.639 60.9231 3.4217 3.28099 230.913 334.061
217.277 60.2474 3.33002 2.82459 82.4525 349.293
218.995 60.8241 3.40982 3.25076 173.057 407.242
216.976 61.3836 3.47489 3.31318 142.652 285.63
218.049 60.1785 3.3346 2.91186 231.247 389.885
217.533 61.187 3.44134 3.23941 144.601 319.78
218.652 60.2994 3.36305 3.00462 167.686 412.687
219.217 60.1294 3.36615 2.90782 212.099 449.214
216.221 60.072 3.265 2.50643 174.169 313.385
218.856 60.4399 3.40019 3.03041 181.429 415.98
216.546 61.2275 3.43142 3.27294 214.043 267.427
