# evlo=218.855698 evla=60.439899
225.449 60.24 3.36096 2.94535 220.229 364.658
194.627 64.5646 3.41221 2.96766 75.0449 1320.61
225.144 58.5792 3.44055 2.98467 63.4368 411.771
215.395 60.9677 3.36826 2.9774 287.938 197.907
209.013 64.0997 3.38875 3.00924 146.214 652.784
209.094 59.7511 3.27143 2.63235 229.917 548.022
209.259 59.7417 3.26908 2.62526 203.379 539.188
210.701 64.1732 3.35921 3.04025 110.65 592.502
208.846 60.7683 3.29331 2.81457 89.2554 549.005
207.916 63.4188 3.4059 3.08086 71.5913 662.346
212.195 64.6453 3.35947 2.93263 186.303 580.05
204.378 55.8218 3.47826 2.73055 33.1228 992.953
207.685 63.8827 3.40215 3.03995 113.851 695.833
208.763 59.5251 3.27667 2.60018 189.253 572.033
209.796 67.2269 3.39762 2.931 117.509 876.243
209.738 62.4058 3.43124 3.08422 114.572 533.211
212.624 63.0753 3.37124 3.12176 172.273 440.763
214.225 61.1292 3.39041 2.99651 299.484 263.614
215.93 63.6482 3.34008 3.04063 119.333 388.841
214.25 60.5487 3.25348 2.67545 198.592 253.393
196.582 54.8564 3.3547 2.62406 72.4129 1458.7
213.401 60.7277 3.28379 2.74187 311.226 300.603
209.784 61.1426 3.33522 2.96013 148.574 499.831
188.296 63.7758 3.42109 2.93974 60.2984 1621.33
203.121 64.7461 3.41033 3.0008 79.5202 936.435
211.074 61.771 3.37821 3.03984 156.392 444.763
212.904 60.8792 3.31937 2.80103 294.529 329.009
215.271 60.5805 3.32048 2.78487 289.053 197.547
213.052 64.4091 3.35079 2.92511 164.535 533.975
213.497 60.396 3.22266 2.56056 149.166 295.222
208.348 59.6572 3.28418 2.66738 160.413 591.247
225.615 58.2758 3.45381 3.0237 68.9771 453.476
215.581 59.9268 3.19633 2.45551 351.288 190.462
214.077 61.4924 3.37963 3.0217 163.943 284.066
211.542 61.4131 3.35186 3.02775 210.465 410.975
197.4 66.8951 3.40213 2.95346 70.4289 1272.79
209.077 63.5527 3.38605 3.02195 126.567 617.833
211.063 63.7318 3.37258 3.06061 138.071 547.417
211.768 64.9602 3.37069 2.94095 231.554 620.085
209.256 65.0304 3.36434 2.96527 189.785 707.594
210.931 64.5928 3.34863 2.96457 171.594 616.266
191.145 52.9721 3.37686 2.7071 99.3105 1871.03
214.53 62.9699 3.31332 3.03196 233.276 362.968
214.475 65.5174 3.37322 2.88237 63.3307 607.623
207.811 62.8962 3.42121 3.1095 95.754 644.806
211.667 60.8584 3.34576 2.81509 246.788 395.818
215.323 60.3863 3.2792 2.64865 189.858 194.747
210.261 61.0889 3.33851 2.94092 148.994 473.669
197.092 68.0541 3.37886 2.92525 68.2756 1342.06
215.154 63.7399 3.33148 2.91838 181.222 415.369
211.14 63.4056 3.38189 3.06581 203.765 522.405
211.668 61.807 3.40019 3.03041 181.429 415.98
212.671 61.832 3.39994 3.01028 206.409 367.353
216.01 63.9761 3.36906 3.04138 125.424 420.918
214.792 60.5341 3.26328 2.70769 167.956 223.635
205.816 56.5593 3.4507 2.76112 81.884 872.421
208.468 61.98 3.37565 2.96137 145.822 583.366
209.777 60.5117 3.33959 2.78919 263.332 498.973
189.752 57.1766 3.40802 2.86646 73.3434 1705.82
209.253 61.4636 3.34006 2.96861 167.091 532.179
210.547 60.1043 3.26248 2.68329 184.291 460.999
192.073 65.5598 3.42061 2.95242 76.3706 1457.97
209.711 63.4502 3.38739 3.01862 111.128 584.805
193.495 53.8452 3.36436 2.69033 69.0084 1687.63
211.449 62.8295 3.38893 3.06773 139.141 474.06
211.415 62.9628 3.37798 3.07381 68.8956 483.329
211.462 62.6812 3.41004 3.16766 55.852 465.211
212.058 62.8349 3.37139 3.08543 67.2538 448.112
211.771 63.0624 3.37765 3.07333 84.723 474.388
212.26 62.5808 3.3853 3.13208 151.038 424.205
211.152 62.8331 3.40217 3.09494 109.354 487.321
211.908 64.4716 3.34231 2.94267 188.533 574.223
226.475 68.3065 3.41806 2.86693 90.5219 949.341
207.417 57.7828 3.35858 2.59475 143.404 717.857
212.138 64.8736 3.3735 2.94584 273.045 601.63
198.929 70.2043 3.32942 2.7913 57.6747 1417.38
203.383 71.3221 3.35619 2.76485 53.1903 1394.32
205.026 71.0033 3.35562 2.75347 28.5694 1330.65
234.753 71.9871 3.47774 2.92218 124.731 1462.53
198.198 69.3641 3.33469 2.79777 60.161 1381.97
202.84 70.0079 3.34474 2.81073 47.5697 1294.86
205.387 69.6211 3.3665 2.81817 33.4831 1198.45
206.58 70.34 3.3517 2.7831 33.4564 1237.19
194.656 68.2746 3.38339 2.90891 46.4855 1443.35
196.822 68.4753 3.36035 2.87819 65.0454 1374.73
198.806 68.6483 3.35985 2.88207 75.315 1316.3
200.413 69.1049 3.34556 2.84872 71.0555 1294.8
205.217 69.1565 3.36481 2.86808 62.4239 1162.43
209.387 69.836 3.46158 3.05399 33.0169 1134.87
211.299 69.72 3.35892 2.81337 42.5978 1092.05
215.088 69.9175 3.37638 2.86638 68.0002 1070.84
216.289 69.626 3.37637 2.90712 79.867 1031.06
235.93 69.3475 3.47117 2.96577 170.623 1271.6
196.917 67.6988 3.39182 2.92883 51.502 1330.16
201.885 68.4946 3.36115 2.88741 75.2011 1205.64
203.387 68.7132 3.36236 2.8911 65.8825 1176.39
207.318 68.8799 3.38022 2.8683 34.8846 1086.49
209.319 68.9656 3.35165 2.82304 53.9912 1050.93
211.177 69.1532 3.3701 2.83231 34.5404 1035.86
213.625 69.322 3.51552 3.10495 51.0911 1019.91
219.035 69.243 3.41184 2.91885 53.0595 981.483
221.263 69.3286 3.40527 2.94286 34.9463 997.347
198.174 67.082 3.4073 2.93411 54.2633 1251.13
199.397 67.4213 3.39748 2.93913 58.0856 1222.49
202.768 67.4572 3.3829 2.93841 90.7806 1104.56
203.811 68.2575 3.36894 2.89372 61.6082 1128.75
206.028 68.4414 3.37403 2.89011 67.6805 1080.43
208.187 68.1343 3.39069 2.9094 52.4713 998.26
210.384 68.0584 3.38205 2.86006 53.3071 941.5
218.405 68.1861 3.40785 2.92582 72.854 863.824
220.465 68.6043 3.41394 2.93785 55.8835 913.397
222.103 68.3889 3.40055 3.0981 25.1366 899.585
223.281 66.3701 3.42288 2.89145 97.5747 696.609
193.671 65.4742 3.4145 2.9701 35.7972 1383.61
195.352 65.7077 3.40856 2.97827 31.7538 1314.51
198.75 66.442 3.40925 2.97842 35.2649 1197.62
200.349 66.6001 3.40462 2.95816 39.3857 1141.64
202.227 66.8332 3.39993 2.94957 64.4301 1083.56
204.275 67.0486 3.38191 2.94865 83.3166 1025.27
206.517 67.2221 3.38092 2.91857 131.521 966.228
207.821 67.5076 3.37518 2.91129 84.4404 952.409
212.113 67.5187 3.39738 2.8884 73.2225 854.246
215.855 67.6946 3.38606 2.94736 87.344 821.656
220.128 67.6136 3.40647 2.9482 63.138 802.075
226.258 67.441 3.41571 2.90938 137.198 859.353
195.961 64.9941 3.41115 2.96212 36.7146 1267.46
197.645 65.3936 3.40735 2.97808 37.3354 1202.97
199.349 65.5011 3.4094 2.98955 45.3393 1132.19
201.346 65.895 3.40352 2.98399 49.7601 1065.68
202.913 66.1434 3.39603 2.95448 85.5526 1016.75
206.494 66.5156 3.38506 2.95515 151.799 912.398
208.493 66.9214 3.38584 2.92207 90.9366 883.594
209.976 66.7108 3.39629 2.93163 105.174 824.807
212.525 66.7004 3.39526 2.88958 69.7558 764.569
216.215 66.9498 3.38489 2.90527 84.4273 737.164
218.345 66.8088 3.40262 2.9573 86.8182 710.392
223.778 66.9808 3.44026 2.90733 77.1228 768.094
225.729 66.9227 3.40704 2.90261 102.638 797.607
197.761 64.6379 3.41418 2.97248 34.2662 1175.14
200.087 64.937 3.4029 2.98905 32.4684 1078.31
201.637 65.1527 3.40538 2.97956 41.8152 1018.78
203.551 65.5276 3.39746 2.97641 66.313 957.047
205.119 65.4924 3.3929 2.96328 69.7663 892.746
207.195 65.6571 3.38401 2.9666 173.299 825.931
208.623 65.8937 3.3815 2.94074 122.46 795.138
210.457 65.8251 3.3816 2.92546 108.836 733.391
212.122 65.8371 3.40435 2.92665 127.245 689.964
218.473 66.2305 3.38992 2.95356 104.731 645.738
221.631 66.2191 3.42506 2.84 35.33 658.86
225.657 65.8052 3.38573 2.9194 113.789 688.649
214.843 62.3987 3.29408 2.99134 152.01 305.746
213.052 64.4091 3.35079 2.92511 164.535 533.975
199.305 63.8864 3.40479 3.024 33.6009 1083.62
205.522 64.7962 3.40308 2.99401 48.7898 836.569
208.018 65.18 3.37187 2.98824 157.267 762.749
210.64 65.1479 3.37095 2.92776 189.678 670.579
216.846 65.3064 3.38879 2.89521 52.2171 551.904
218.385 65.6035 3.38166 2.97964 97.3021 576.033
220.064 65.4483 3.4049 2.95989 60.4109 561.575
221.694 65.3609 3.43544 3.11398 103.779 567.013
223.623 65.2225 3.37437 2.91858 118.409 585.443
196.446 62.7492 3.39267 2.95969 46.1604 1210.69
199.398 63.2842 3.41029 3.05569 44.0102 1067.28
200.922 63.3965 3.40502 3.07152 35.9243 994.182
203.285 63.465 3.40134 3.08442 38.8782 881.154
204.379 63.994 3.39878 3.00884 57.0237 848.329
205.853 64.1767 3.40335 3.02008 96.3636 790.46
214.63 64.613 3.35931 2.9146 92.1531 513.219
216.436 64.5012 3.38094 2.80031 58.3537 469.449
221.784 64.453 3.38575 2.86703 93.3413 472.012
221.784 64.4525 3.3995 2.90845 57.6749 471.95
223.67 64.5753 3.36159 2.92351 164.625 523.071
195.344 61.9331 3.39805 2.92632 69.6923 1268.41
198.469 62.2938 3.39225 2.94734 71.9883 1104.84
201.699 62.7161 3.40607 2.9644 76.5672 942.862
205.93 63.3569 3.41015 3.08481 63.3615 751.518
214.222 63.8036 3.33259 2.97003 184.176 445.871
217.924 64.0292 3.33762 2.97723 165.776 402.935
222.48 63.8433 3.36697 2.97227 233.067 423.633
197.317 61.3416 3.38135 2.9243 78.735 1168.33
198.513 61.678 3.38235 2.94011 102.727 1102.65
200.525 61.7105 3.37399 2.91771 110.693 996.123
201.703 62.1344 3.38512 2.96739 86.0982 935.942
203.311 62.2195 3.3866 2.98653 96.4361 853.357
205.146 62.1816 3.37441 2.97084 138.462 758.157
206.12 62.4787 3.40047 3.02062 170.115 714.708
216.652 63.0254 3.34766 2.89874 193.533 310.736
218.173 63.0618 3.29115 2.83434 106.377 294.404
221.871 63.109 3.33588 2.95821 235.369 337.272
193.799 60.3849 3.38028 2.90052 71.3783 1372.4
196.65 60.4135 3.3681 2.89525 75.7443 1217.29
198.04 60.7515 3.36855 2.90948 69.043 1136.32
199.312 60.6947 3.36191 2.92517 71.1415 1068.26
201.041 61.0224 3.36282 2.92999 76.4002 971.204
202.562 61.4009 3.35921 2.93614 73.1295 887.882
204.176 61.4907 3.35583 2.95373 68.9372 801.969
205.609 61.9037 3.36516 2.97682 138.128 729.925
206.868 61.8823 3.36781 2.96939 137.678 663.984
209.88 61.7531 3.37628 3.03948 155.151 505.36
212.274 61.7929 3.39694 3.04058 124.797 385.308
213.825 62.1067 3.40689 3.07637 156.804 327.458
217.004 62.4013 3.30838 2.95197 215.367 239.873
218.122 62.3579 3.33632 3.00819 117.498 217.295
221.538 62.4435 3.29032 2.87742 285.737 265.142
223.206 62.5763 3.35013 2.97162 259.952 332.036
225.609 62.2024 3.36468 2.95682 282.587 411.331
198.315 59.9237 3.36083 2.90437 87.1238 1136.7
199.908 60.1686 3.35433 2.90026 116.476 1044.38
201.231 60.4742 3.35393 2.92081 107.275 966.97
202.813 60.5269 3.34486 2.92376 93.1642 879.943
204.11 60.6801 3.33811 2.91016 124.756 807.591
205.516 60.8132 3.32852 2.89451 121.135 730.143
207.791 61.2001 3.31742 2.93849 125.113 607.238
215.402 61.6061 3.37787 3.05795 258.659 227.464
222.911 61.4593 3.33161 2.93463 252.357 247.355
224.22 61.4862 3.34995 2.97426 230.949 313.006
226.918 61.1512 3.37788 2.9741 169.075 445.838
198.736 59.2533 3.36718 2.8926 75.0649 1131.07
200.175 59.1767 3.37159 2.8482 79.0244 1054.14
201.907 59.5938 3.35564 2.85027 92.0077 947.294
202.905 59.7733 3.35162 2.84898 100.463 888.067
204.792 59.8542 3.33809 2.80966 118.762 782.483
205.68 60.1952 3.32549 2.81874 97.6596 727.446
207.376 60.0815 3.3153 2.7724 108.483 635.963
210.276 60.4814 3.31686 2.76917 250.619 471.77
223.909 60.7704 3.34279 2.94977 226.169 279.197
202.009 59.0314 3.3676 2.83828 123.123 957.672
203.561 59.1953 3.35794 2.81621 91.5833 867.244
204.771 59.3922 3.34226 2.79457 162.27 794.948
206.768 59.6524 3.31275 2.72876 196.069 678.256
212.597 59.9979 3.23431 2.45055 107.149 350.272
222.262 59.6304 3.50012 2.87238 100.483 210.163
223.04 60.1218 3.34041 2.95056 137.59 234.169
226.285 59.5898 3.41085 3.02086 131.688 424.822
227.183 60.2114 3.40268 2.99987 248.513 460.463
212.566 65.1171 3.39196 2.93668 184.054 611.624
203.344 58.6774 3.34904 2.75817 147.113 896.471
204.113 58.2637 3.32217 2.684 156.295 870.881
204.991 58.6484 3.31567 2.66986 142.859 807.564
206.355 58.9287 3.2937 2.64427 178.431 722.792
207.606 58.6097 3.31625 2.49284 107.285 667.6
227.731 58.9601 3.42883 2.94948 110.462 525.722
202.426 57.5673 3.33855 2.69494 114.273 993.837
203.613 57.6397 3.31488 2.62392 71.7445 926.456
205.548 57.5665 3.32719 2.51465 76.0174 827.238
224.26 58.4133 3.49092 3.03444 48.6253 380.704
225.482 58.2747 3.44255 3.02306 51.36 447.155
229.033 59.3946 3.42755 3.0273 133.589 580.458
197.939 55.703 3.34243 2.67716 97.4236 1335.05
200.447 56.2848 3.3466 2.63352 45.1921 1167.71
223.768 57.9616 3.47304 2.95966 83.7311 393.516
228.869 57.9128 3.45977 3.02635 73.5961 637.15
227.048 56.8144 3.5224 3.04627 26.435 623.387
229.75 56.9811 3.4526 3.05133 52.7441 738.344
212.138 64.8735 3.36968 2.94568 218.335 601.627
210.428 68.6408 3.36246 2.83471 57.271 997.612
229.974 55.9154 3.50889 3.04154 19.1676 824.032
228.385 55.3279 3.53838 2.95329 65.2016 800.866
218.842 64.7774 3.36982 3.13962 107.929 483.437
227.653 56.4191 3.52638 3.04911 48.1629 680.744
211.063 63.7323 3.37267 3.06069 138.071 547.431
211.14 63.4057 3.3819 3.06582 203.765 522.406
212.952 61.1216 3.40523 2.88347 31.8186 330.361
210.176 67.8516 3.39276 2.93139 50.859 925.993
209.736 66.2066 3.40691 2.95467 86.1378 787.011
210.418 68.0789 3.38529 2.89847 54.1479 942.775
211.301 69.7162 3.36765 2.8362 38.1692 1091.62
209.329 66.7192 3.40901 2.9491 100.89 842.879
211.164 69.0223 3.36904 2.8591 25.6473 1022.76
211.489 65.5114 3.39916 2.95789 85.312 676.63
194.662 64.5695 3.41452 2.98989 15.9973 1319.05
211.554 70.2036 3.37074 2.81372 36.2833 1138.63
211.306 69.424 3.36553 2.79522 27.5486 1061.5
209.89 67.3812 3.39978 2.94483 93.9172 888.208
210.457 65.825 3.40398 2.94583 85.7499 733.373
210.84 64.6544 3.35308 2.9542 134.232 624.173
210.867 64.709 3.35502 2.95177 142.005 627.605
210.853 64.7716 3.35919 2.946 111.436 633.066
210.847 64.8338 3.36106 2.93996 101.412 638.28
210.819 64.8857 3.36145 2.92695 145.964 643.408
210.44 64.87 3.35797 2.9481 212.506 654.646
210.174 64.8537 3.35997 2.9608 221.167 662.364
210.069 64.7653 3.35988 2.99034 169.155 659.214
210.917 64.5498 3.3467 2.97807 140.467 613.352
210.782 64.5716 3.34732 2.97234 161.921 619.665
210.554 64.5756 3.35475 2.99129 175.598 627.849
210.901 64.613 3.34966 2.96464 157.539 618.868
211.172 64.6917 3.36221 2.94779 178.372 616.142
215.271 60.5805 3.32048 2.78487 289.053 197.547
210.813 60.8045 3.33916 2.80679 124.48 441.928
209.81 60.4601 3.3354 2.7862 32.4241 497.493
211.376 60.7866 3.32058 2.81871 42.7986 411.199
