# evlo=216.288605 evla=69.625999
194.627 64.5646 3.38037 2.88303 41.0209 1088.73
217.908 60.4896 3.36845 2.86858 52.1001 1021.39
217.654 61.036 3.3658 2.82547 54.9992 959.802
217.507 60.403 3.35848 2.84551 49.2504 1029.84
218.338 61.0595 3.38425 2.85426 76.7603 959.754
220.363 59.9534 3.39237 2.88072 75.0459 1095.04
216.3 60.3932 3.35828 2.86387 85.4588 1029.38
225.144 58.5792 3.42141 2.91959 70.3098 1301.78
216.716 60.1205 3.35771 2.81256 78.6982 1059.95
215.395 60.9677 3.55394 3.44096 20.7892 966.237
209.013 64.0997 3.39843 2.8597 180.681 692.952
209.094 59.7511 3.37466 2.89221 63.5077 1151.34
209.259 59.7417 3.38346 2.9302 80.0833 1150.12
210.701 64.1732 3.3866 2.84333 134.235 654.863
213.401 60.7277 3.38195 2.86699 114.925 1001.01
215.271 60.5805 3.37142 2.91168 22.424 1009.6
216.679 60.2805 3.36249 2.85424 86.539 1042.09
218.244 60.7315 3.38047 2.91007 44.452 995.779
213.052 64.4091 3.38321 2.88418 153.324 598.452
217.659 60.6024 3.36138 2.8504 74.8027 1008.06
216.749 60.4427 3.36411 2.88473 96.1103 1024.08
217.639 60.9231 3.36034 2.84191 78.1393 972.321
218.995 60.824 3.37418 2.88067 115.249 989.266
216.976 61.3836 3.35099 2.87458 111.513 919.554
211.063 63.7318 3.38064 2.81089 165.306 696.094
218.049 60.1785 3.35477 2.88871 55.0672 1056.48
216.031 60.2361 3.35419 2.8717 76.5485 1046.95
217.533 61.1871 3.37094 2.85761 74.6924 942.64
218.652 60.2994 3.37184 2.89569 36.1489 1045.61
211.14 63.4056 3.39034 2.83672 152.17 729.883
219.217 60.1294 3.37257 2.8812 113.167 1067.52
216.221 60.072 3.35108 2.85094 76.3555 1065.17
218.856 60.4399 3.37637 2.90712 79.867 1031.06
216.546 61.2275 3.35355 2.90401 127.81 936.487
198.929 70.2043 3.29272 2.58352 41.1617 666.427
203.383 71.3221 3.28044 2.64516 76.3566 516.22
205.026 71.0033 3.29738 2.63588 66.496 449.803
198.198 69.3641 3.25118 2.49454 57.6399 705.502
202.84 70.0079 3.28382 2.53574 79.355 518.736
205.387 69.6211 3.28853 2.62713 121.767 423.225
206.58 70.34 3.29958 2.61669 130.194 379.04
194.656 68.2746 3.24312 2.57378 58.3764 875.622
198.806 68.6483 3.24586 2.57641 60.8987 701.132
200.413 69.1049 3.22834 2.49255 65.3544 625.553
205.217 69.1565 3.26757 2.5841 69.2591 437.63
209.387 69.836 3.30033 2.71998 175.201 267.808
211.299 69.72 3.29491 2.77932 270.898 193.744
235.93 69.3475 3.21982 2.61977 75.1251 765.752
196.917 67.6988 3.25779 2.62954 93.0636 811.897
201.885 68.4946 3.25542 2.57952 75.6513 586.926
203.387 68.7132 3.266 2.61346 88.8824 521.205
207.318 68.8799 3.29134 2.58441 82.6463 364.062
209.319 68.9656 3.31831 2.63403 128.089 284.61
211.177 69.1532 3.3711 2.94732 190.474 207.643
221.263 69.3286 3.24082 2.78891 108.394 197.465
199.397 67.4213 3.28196 2.69232 37.9777 730.058
202.768 67.4572 3.3079 2.81107 76.0053 601.227
203.811 68.2575 3.29266 2.66463 77.7064 522.228
206.028 68.4414 3.28913 2.64749 55.6568 430.074
208.187 68.1343 3.32738 2.87322 60.4863 365.555
210.384 68.0584 3.32844 2.95569 124.177 295.09
211.513 68.0748 3.25826 2.76395 211.878 258.606
220.465 68.6043 3.34197 2.8783 131.336 201.481
222.103 68.3889 3.36516 2.95937 101.868 270.264
223.281 66.3701 3.39098 2.76288 75.6056 465.691
198.75 66.442 3.33171 2.83659 39.2264 810.118
206.517 67.2221 3.30721 2.8583 109.552 481.687
207.821 67.5076 3.29108 2.81739 65.6372 417.975
212.113 67.5187 3.30065 2.80201 263.44 290.136
214.357 67.5933 3.29486 2.82541 323.992 239.961
215.855 67.6946 3.32027 2.78785 192.217 216.156
220.128 67.6136 3.39957 2.84656 88.3705 273.404
224.214 67.6106 3.31716 2.80166 74.4086 392.719
226.258 67.441 3.36382 2.89215 71.4684 473.851
197.645 65.3936 3.3728 2.94119 37.1132 920.114
201.346 65.895 3.36461 2.98558 44.0109 753.129
202.913 66.1434 3.32879 2.86183 50.7913 681.044
206.494 66.5156 3.3191 2.84947 122.919 534.761
208.493 66.9214 3.32206 2.80859 165.405 440.776
209.976 66.7108 3.30498 2.80749 184.47 417.204
212.525 66.7004 3.32481 2.80615 213.825 361.664
213.899 66.7653 3.32891 2.80929 199.431 334.052
216.215 66.9498 3.37061 2.9094 175.996 298.517
218.345 66.8088 3.33454 2.83833 213.657 325.526
221.978 66.9116 3.43816 2.83254 40.9589 383.043
223.778 66.9808 3.37984 2.83528 90.7534 426.797
225.729 66.9227 3.36082 2.79037 67.7006 492.208
197.761 64.6379 3.3636 2.85904 30.5636 971.342
200.087 64.937 3.36306 2.92666 45.7205 868.166
201.637 65.1527 3.35646 2.86045 56.9325 799.3
203.551 65.5276 3.35663 2.84047 75.8581 706.969
205.119 65.4924 3.35942 2.88146 97.4726 660.81
207.195 65.6571 3.35763 2.85249 187.167 586.256
208.623 65.8937 3.34278 2.84146 170.28 526.658
210.457 65.8251 3.35669 2.84932 169.424 490.043
212.122 65.8371 3.36257 2.83519 239.815 457.628
214.18 66.267 3.35032 2.74203 95.9256 384.871
214.181 66.267 3.33411 2.76471 147.528 384.861
218.473 66.2305 3.34814 2.88134 213.1 389.587
221.631 66.2191 3.40201 2.9065 103.536 440.828
225.657 65.8052 3.40611 2.77961 36.4656 580.951
214.843 62.3987 3.41076 2.86977 96.9508 808.5
213.052 64.4091 3.38321 2.88418 153.324 598.452
199.305 63.8864 3.38059 2.92186 83.7569 978.79
205.522 64.7962 3.39016 2.85371 124.745 709.96
208.018 65.18 3.36139 2.85816 183.648 608.604
210.64 65.1479 3.37254 2.83663 198.66 554.651
216.846 65.3064 3.3754 2.68583 89.7698 482.341
218.385 65.6035 3.34823 2.85417 226.471 457.328
220.064 65.4483 3.3821 2.83402 106.958 492.762
221.694 65.3609 3.40288 2.87796 154.225 528.332
223.623 65.2225 3.44312 2.95009 41.9291 582.237
196.446 62.7492 3.39379 2.88932 68.0959 1168.54
199.398 63.2842 3.39089 2.8824 61.3674 1026.8
200.922 63.3965 3.40049 2.87786 103.592 969.495
203.285 63.465 3.41293 2.88753 68.4022 894
204.379 63.994 3.40528 2.87823 104.109 814.822
205.853 64.1767 3.39027 2.87197 164.577 758.249
214.63 64.613 3.37053 2.86917 195.636 563.627
216.436 64.5012 3.38313 2.84807 104.792 571.565
221.784 64.453 3.38786 2.85188 77.2059 623.993
221.784 64.4525 3.38462 2.85766 64.1108 624.036
223.67 64.5753 3.45052 2.94758 45.6181 647.12
195.344 61.9331 3.40381 2.89647 65.4381 1274.96
198.469 62.2938 3.413 2.88515 62.109 1142.96
201.699 62.7161 3.42093 2.95212 71.7454 1008.04
205.93 63.3569 3.3864 2.86224 193.296 835.12
214.222 63.8036 3.3887 2.83273 117.294 655.579
217.924 64.0292 3.37221 2.88421 117.906 628.213
222.48 63.8433 3.38129 2.86278 148.488 699.456
197.317 61.3416 3.42245 2.91603 56.374 1264.5
198.513 61.678 3.42601 2.90967 68.2977 1197.25
201.703 62.1344 3.63024 2.92469 59.5672 1062.3
203.311 62.2195 3.41041 2.87699 105.718 1011.09
205.146 62.1816 3.40648 2.84441 123.917 969.778
206.12 62.4787 3.40216 2.82664 126.221 917.894
216.652 63.0254 3.36819 2.8772 54.4643 736.219
218.173 63.0618 3.38916 2.85388 126.379 736.744
221.871 63.109 3.38845 2.86544 125.996 767.704
193.799 60.3849 3.41861 2.903 71.3562 1462.51
198.04 60.7515 3.43696 2.92278 49.6453 1297.2
199.312 60.6947 3.42621 2.90961 40.5884 1265.83
201.041 61.0224 3.41626 2.91026 79.6826 1186.71
202.562 61.4009 3.40998 2.85558 97.0465 1109.99
204.176 61.4907 3.41198 2.85997 66.4917 1061.45
205.609 61.9037 3.40569 2.85346 102.219 987.225
206.868 61.8823 3.40026 2.92196 123.669 962.906
209.88 61.7531 3.40069 2.89782 120.838 924.736
212.274 61.7929 3.39808 2.93345 136.996 892.178
213.825 62.1067 3.3849 2.87115 110.405 845.769
217.004 62.4013 3.36564 2.8875 114.054 806.241
218.122 62.3579 3.39696 2.87359 122.336 814.613
221.538 62.4435 3.39551 2.87646 124.194 834.775
223.206 62.5763 3.40038 2.86686 107.684 844.819
225.609 62.2024 3.41218 2.95988 37.4309 927.976
198.315 59.9237 3.4332 2.92562 49.3519 1367.83
199.908 60.1686 3.4264 2.95185 63.2409 1300.06
201.231 60.4742 3.41787 2.86725 151.487 1235.14
202.813 60.5269 3.42157 2.85495 85.8915 1190.33
204.11 60.6801 3.41451 2.88411 118.724 1144.63
205.516 60.8132 3.40627 2.90118 117.886 1100.6
207.791 61.2001 3.39293 2.84586 123.159 1016.77
215.402 61.6061 3.40499 2.89434 45.563 895.133
222.911 61.4593 3.39614 2.86124 135.276 959.322
224.22 61.4862 3.41918 2.91365 80.3627 976.865
226.918 61.1512 3.4166 2.89717 57.9094 1062.86
198.736 59.2533 3.42967 2.94319 47.3825 1421.18
200.175 59.1767 3.42883 2.88766 90.4618 1390.73
201.907 59.5938 3.42515 2.84864 110.398 1305.9
202.905 59.7733 3.42571 2.88178 98.1913 1264.19
204.792 59.8542 3.41305 2.91924 94.2827 1214.66
205.68 60.1952 3.39566 2.90718 53.5268 1161.34
207.376 60.0815 3.39774 2.91734 81.3201 1142.23
210.276 60.4814 3.39632 2.95338 128.319 1056.89
219.809 60.7718 3.38439 2.88643 93.6343 1000.45
221.424 60.3024 3.39969 2.91623 83.1287 1066.51
223.909 60.7704 3.40783 2.8915 97.9269 1047.96
202.009 59.0314 3.42629 2.85614 110.192 1360.42
203.561 59.1953 3.42684 2.95053 94.6836 1308.75
204.771 59.3922 3.40697 2.88513 103.831 1263.09
206.768 59.6524 3.39996 2.92262 78.4104 1198.18
212.597 59.9979 3.39 2.89406 109.304 1087.16
222.262 59.6304 3.41031 2.89766 72.3197 1149.08
223.04 60.1218 3.60234 2.87327 112.678 1105.28
226.285 59.5898 3.4278 2.95443 41.8282 1213.26
227.183 60.2114 3.42124 2.90028 50.9188 1165.33
212.566 65.1171 3.36545 2.81798 145.373 527.429
203.344 58.6774 3.42229 2.93511 84.0816 1366.92
204.113 58.2637 3.42341 2.90549 110.012 1394.16
204.991 58.6484 3.41708 2.8806 104.015 1336.64
206.355 58.9287 3.40271 2.92948 84.6289 1282.13
207.606 58.6097 3.37576 2.89328 90.8708 1295.86
213.66 59.4296 3.37562 2.80234 90.573 1143.45
227.731 58.9601 3.42435 2.91859 45.7265 1306.72
202.426 57.5673 3.4252 2.91893 71.5122 1501.78
203.613 57.6397 3.42171 2.91939 50.9541 1469.58
205.548 57.5665 3.39988 2.91952 24.8768 1441.09
224.26 58.4133 3.41876 2.89093 95.1468 1306.7
225.482 58.2747 3.42832 2.92483 82.0861 1339.73
229.033 59.3946 3.42966 2.90426 42.2557 1288.57
200.447 56.2848 3.42184 2.85418 57.9928 1678.58
223.768 57.9616 3.41632 2.90478 68.1897 1349.12
225.424 57.4688 3.44066 2.93565 90.7055 1425.54
228.869 57.9128 3.42065 2.90296 46.4894 1439.03
227.048 56.8144 3.44449 2.94962 46.1084 1521.73
229.75 56.9811 3.42351 2.91387 40.8509 1554.58
212.138 64.8735 3.37479 2.83326 129.714 559.182
210.428 68.6408 3.29718 2.75205 97.7509 257.552
226.879 56.1146 3.44931 2.96905 44.7787 1594.03
228.385 55.3279 3.44912 2.95414 36.1155 1703.82
218.842 64.7774 3.37481 2.82926 234.609 551.781
227.653 56.4191 3.4433 2.94034 47.2631 1574.37
209.931 62.7622 2.93612 2.3376 114.996 816.204
211.063 63.7323 3.38035 2.81065 165.306 696.034
211.14 63.4057 3.39031 2.8367 152.17 729.877
218.547 60.1369 3.55021 3.06609 22.4372 1063.15
210.84 64.6544 3.38398 2.82316 128.081 602.144
210.867 64.709 3.38341 2.84066 151.391 595.997
210.853 64.7716 3.38181 2.8261 137.741 589.709
210.847 64.8338 3.3804 2.83142 120.388 583.349
210.819 64.8857 3.37891 2.83279 147.03 578.456
210.44 64.87 3.38448 2.84384 204.815 586.845
210.174 64.8537 3.38562 2.84174 149.087 593.479
210.069 64.7653 3.38555 2.84041 159.197 604.51
210.917 64.5498 3.38161 2.82793 140.013 611.817
210.782 64.5716 3.38414 2.82036 116.105 611.767
210.554 64.5756 3.38897 2.84043 139.248 615.238
210.901 64.613 3.38203 2.82448 139.283 605.464
211.172 64.6917 3.38052 2.84297 118.304 592.797
217.908 60.4896 3.36845 2.86858 52.1001 1021.39
217.507 60.403 3.35848 2.84551 49.2504 1029.84
218.338 61.0595 3.38425 2.85426 76.7603 959.754
216.296 60.3923 3.3586 2.86415 85.4588 1029.48
216.716 60.1205 3.35771 2.81256 78.6982 1059.95
215.271 60.5805 3.37142 2.91168 22.424 1009.6
216.679 60.2805 3.36249 2.85424 86.539 1042.09
218.244 60.7315 3.38047 2.91007 44.452 995.779
217.659 60.602 3.36152 2.85052 74.8027 1008.1
216.749 60.4427 3.36411 2.88473 96.1103 1024.08
217.639 60.9231 3.36034 2.84191 78.1393 972.32
218.995 60.8241 3.37414 2.88064 115.249 989.255
216.976 61.3836 3.35099 2.87458 111.513 919.554
218.049 60.1785 3.35477 2.88871 55.0672 1056.48
216.031 60.2361 3.35419 2.8717 76.5485 1046.95
217.533 61.187 3.37099 2.85764 74.6924 942.651
218.652 60.2994 3.37184 2.89569 36.1489 1045.61
219.217 60.1294 3.37257 2.8812 113.167 1067.52
216.221 60.072 3.35108 2.85094 76.3555 1065.17
218.856 60.4399 3.37637 2.90712 79.867 1031.06
216.546 61.2275 3.35355 2.90401 127.81 936.487
209.518 60.7352 3.38633 2.85353 83.3708 1039.29
209.518 60.7351 3.38635 2.85354 83.3708 1039.3
