# evlo=219.035202 evla=69.242996
194.627 64.5646 3.38085 2.87051 85.88 1178.63
217.908 60.4896 3.39765 2.89368 39.5427 977.328
217.654 61.036 3.39048 2.87205 38.8111 917.261
217.507 60.403 3.39877 2.86668 47.4219 988.149
218.338 61.0595 3.41399 2.90195 54.7387 912.979
220.363 59.9534 3.39969 2.9704 63.9662 1037.54
216.3 60.3932 3.38311 2.85232 45.747 994.921
225.144 58.5792 3.43934 2.90664 42.6805 1224.51
216.716 60.1205 3.37328 2.82113 53.8639 1022.86
215.395 60.9677 3.40378 2.9442 77.7719 937.95
209.013 64.0997 3.41365 2.80816 138.463 722.918
209.094 59.7511 3.41604 3.02822 37.3884 1157.66
209.259 59.7417 3.4194 3.02547 45.1144 1155.51
210.701 64.1732 3.43276 2.8769 105.916 673.253
208.846 60.7683 3.39947 2.8981 93.7687 1056.87
207.916 63.4188 3.4287 2.85053 117.128 816.049
212.195 64.6453 3.43826 2.90528 148.173 592.796
204.378 55.8218 3.3849 2.92733 60.6913 1665.19
200.411 54.831 3.45131 2.91315 46.0807 1861.39
207.685 63.8827 3.42356 2.83505 132.384 779.4
208.763 59.5251 3.38559 2.90718 34.6192 1187.69
209.796 67.2269 3.26853 2.73088 123.272 443.032
216.907 60.7523 3.38758 2.8645 49.7531 951.802
218.66 60.9649 3.4132 2.92369 60.8778 923.113
209.738 62.4058 3.44035 2.98309 60.9194 870.72
217.513 60.0823 3.38887 2.84464 40.0851 1023.8
213.401 60.7277 3.40822 2.94675 74.2399 984.918
215.271 60.5805 3.39277 2.91442 59.7824 981.62
216.679 60.2805 3.38207 2.84025 51.796 1005.29
218.244 60.7315 3.39953 2.87309 64.8892 949.67
213.052 64.4091 3.42709 2.94447 122.58 599.104
217.659 60.6024 3.39889 2.89654 53.0591 965.476
216.749 60.4427 3.38621 2.87741 60.0146 986.942
217.639 60.9231 3.39676 2.88667 56.0745 929.865
218.995 60.824 3.40757 2.9415 58.2384 938.651
216.976 61.3836 3.39022 2.89007 63.2382 881.411
211.063 63.7318 3.44669 2.92936 105.563 708.495
218.049 60.1785 3.39958 2.86458 44.2703 1011.63
216.031 60.2361 3.38278 2.86428 53.3599 1014
217.533 61.1871 3.40173 2.86556 61.6654 900.868
218.652 60.2994 3.40702 2.89836 39.2152 997.263
211.14 63.4056 3.44282 2.94537 96.9984 739.607
219.217 60.1294 3.39636 2.92865 60.7518 1016.08
216.221 60.072 3.37673 2.85611 49.5515 1030.97
218.856 60.4399 3.41184 2.91885 53.0595 981.483
216.546 61.2275 3.37786 2.86615 72.4391 901.052
212.138 64.8736 3.4312 2.9 155.939 571.533
198.929 70.2043 3.29357 2.60204 61.4211 781.625
205.026 71.0033 3.2896 2.67964 60.3315 565.346
234.753 71.9871 2.93616 2.15584 57.5712 655.357
198.198 69.3641 3.24587 2.54695 82.6964 818.32
202.84 70.0079 3.28824 2.60689 103.08 633.347
205.387 69.6211 3.28488 2.68599 103.467 535.858
206.58 70.34 3.30252 2.63671 136.428 494.727
194.656 68.2746 3.25987 2.66118 44.6999 985.311
196.822 68.4753 3.25606 2.6499 53.6665 893.521
198.806 68.6483 3.2609 2.64617 95.7694 810.357
200.413 69.1049 3.23603 2.55294 114.947 736.518
205.217 69.1565 3.26873 2.66854 148.717 546.784
209.387 69.836 3.30206 2.77324 161.717 381.878
211.299 69.72 3.29108 2.81763 169.981 307.165
235.93 69.3475 3.27108 2.66157 82.4754 664.863
201.885 68.4946 3.28323 2.74397 78.8031 692.977
203.387 68.7132 3.28033 2.72075 141.922 627.762
207.318 68.8799 3.2965 2.74428 141.142 468.529
209.319 68.9656 3.30974 2.80399 143.813 387.717
211.177 69.1532 3.35763 2.88547 169.534 311.536
213.625 69.322 3.33701 2.9701 179.689 213.799
198.174 67.082 3.33055 2.95259 38.9472 894.294
202.768 67.4572 3.33121 3.01725 65.1186 696.608
203.811 68.2575 3.31978 2.87329 65.8472 624.035
206.028 68.4414 3.32934 2.8433 95.7466 530.673
208.187 68.1343 3.32639 2.95175 112.163 456.536
210.384 68.0584 3.27146 2.78754 210.854 375.249
211.513 68.0748 3.2389 2.68461 136.778 331.96
214.432 68.1207 3.29999 2.83465 195.536 224.809
223.281 66.3701 3.41356 2.85441 103.969 366.86
193.671 65.4742 3.35999 2.83636 62.5583 1157.87
195.352 65.7077 3.35239 2.86318 66.4227 1078.41
198.75 66.442 3.33032 2.8076 60.344 904.353
200.349 66.6001 3.32531 2.84854 53.1314 833.679
202.227 66.8332 3.31497 2.84472 96.562 748.531
204.275 67.0486 3.29887 2.82558 128.186 658.399
206.517 67.2221 3.2859 2.8346 145.033 563.864
207.821 67.5076 3.27881 2.83456 120.849 499.434
212.113 67.5187 3.32687 2.90865 126.546 343.303
214.357 67.5933 3.30043 2.72118 188.214 265.891
215.855 67.6946 3.33693 2.85666 314.134 216.308
224.214 67.6106 3.31244 2.737 76.5247 279.739
226.258 67.441 3.37208 2.87897 62.4237 358.775
195.961 64.9941 3.37022 2.8725 102.866 1099.12
197.645 65.3936 3.36497 2.89222 117.474 1009
199.349 65.5011 3.35828 2.88785 99.5778 937.323
201.346 65.895 3.34746 2.87326 123.94 836.895
202.913 66.1434 3.33572 2.85955 123.844 762.54
206.494 66.5156 3.32398 2.84286 101.51 607.072
208.493 66.9214 3.29274 2.77662 139.167 509.005
209.976 66.7108 3.37006 2.93837 116.924 472.103
212.525 66.7004 3.34455 2.75659 177.484 392.986
213.899 66.7653 3.37203 2.82293 199.817 349.763
216.215 66.9498 3.38755 2.86123 198.523 281.383
218.345 66.8088 3.47025 3.08694 127.957 273.022
221.978 66.9116 3.41346 3.0146 129.425 287.434
223.778 66.9808 3.37712 2.85992 110.541 320.183
225.729 66.9227 3.35489 2.83908 99.4097 380.141
197.761 64.6379 3.37353 2.88464 105.04 1054.79
200.087 64.937 3.36426 2.8829 98.5749 947.514
201.637 65.1527 3.37093 2.91419 94.4842 875.623
203.551 65.5276 3.35168 2.85215 74.0216 780.035
205.119 65.4924 3.36297 2.78923 65.7105 727.016
207.195 65.6571 3.37287 2.86027 47.5692 643.874
208.623 65.8937 3.37702 2.86145 97.2492 578.605
210.457 65.8251 3.38575 2.81551 116.324 527.531
212.122 65.8371 3.38626 2.78637 129.575 480.276
214.181 66.267 3.4095 2.89568 143.451 389.94
218.473 66.2305 3.46724 2.98633 111.105 336.825
221.631 66.2191 3.41361 2.93969 144.342 354.614
225.657 65.8052 3.43073 2.84037 46.4033 475.778
214.843 62.3987 3.4238 2.95384 59.6237 786.417
213.052 64.4091 3.42709 2.94447 122.58 599.104
199.305 63.8864 3.38345 2.88597 77.7852 1052.79
205.522 64.7962 3.40307 2.87812 46.6857 767.07
208.018 65.18 3.39932 2.86592 89.3935 655.723
210.64 65.1479 3.39371 2.79057 105.23 582.521
216.846 65.3064 3.41855 2.88165 95.7549 448.997
218.385 65.6035 3.43039 2.97988 63.7821 406.854
220.064 65.4483 3.42836 2.88947 138.044 425.501
221.694 65.3609 3.42644 2.94046 123.532 447.74
223.623 65.2225 3.4203 2.85587 81.8162 489.929
196.446 62.7492 3.39183 2.85988 81.4507 1243.87
199.398 63.2842 3.3981 2.85736 81.0617 1096.48
203.285 63.465 3.42269 2.92437 63.781 950.189
204.379 63.994 3.4135 2.90933 83.6757 870.229
205.853 64.1767 3.41723 2.87475 86.061 807.894
214.63 64.613 3.40167 2.92535 152.768 550.793
216.436 64.5012 3.40965 2.91788 116.224 540.821
221.784 64.4525 3.42939 2.87968 84.0078 547.546
223.67 64.5753 3.42574 2.90998 95.0055 558.316
195.344 61.9331 3.40613 2.84281 53.5787 1349.01
198.469 62.2938 3.59536 2.87986 48.6355 1209.63
201.699 62.7161 3.42309 2.85648 46.2282 1065.64
205.93 63.3569 3.42629 2.8195 122.668 877.674
214.222 63.8036 3.42525 2.91538 113.654 642.768
217.924 64.0292 3.41658 2.88204 85.3298 583.475
222.48 63.8433 3.42608 2.86873 57.1722 621.056
197.317 61.3416 3.42487 2.90149 42.2745 1329.78
198.513 61.678 3.59541 2.89536 46.7733 1260.38
200.525 61.7105 3.43649 2.86488 57.0299 1191.35
201.703 62.1344 3.44053 2.91527 72.6042 1116.24
203.311 62.2195 3.43361 2.87369 96.8997 1058.69
205.146 62.1816 3.4406 2.84356 84.5826 1008.42
206.12 62.4787 3.43059 2.85554 82.8732 953.342
216.652 63.0254 3.43131 2.93086 83.0334 701.487
218.173 63.0618 3.42232 2.89686 67.0355 690.34
221.871 63.109 3.42506 2.89176 112.42 695.661
193.799 60.3849 3.41492 2.89896 37.4791 1533.65
196.65 60.4135 3.42713 2.90037 35.8257 1433.32
198.04 60.7515 3.59982 2.93005 45.989 1357.22
199.312 60.6947 3.44082 2.88731 83.779 1321.14
201.041 61.0224 3.44296 2.90589 89.6755 1237.12
202.562 61.4009 3.43557 2.87492 88.5642 1156.13
204.176 61.4907 3.64841 2.84422 51.0606 1100.81
205.609 61.9037 3.42961 2.86132 81.4847 1021.87
206.868 61.8823 3.42029 2.85367 98.5806 990.74
209.88 61.7531 3.42061 2.96078 53.079 934.243
212.274 61.7929 3.41736 2.94873 104.749 886.36
213.825 62.1067 3.41458 2.93328 76.7676 830.272
217.004 62.4013 3.41024 2.86748 60.1795 768.403
218.122 62.3579 3.41662 2.88959 63.0738 768.828
221.538 62.4435 3.44054 2.91124 100.57 766.582
223.206 62.5763 3.41796 2.92084 57.4325 766.851
225.609 62.2024 3.43379 2.89372 76.1956 839.91
198.315 59.9237 3.45026 2.91625 67.2347 1423.1
199.908 60.1686 3.44629 2.87244 74.0148 1350.68
201.231 60.4742 3.61647 2.8882 74.2769 1282.07
202.813 60.5269 3.44774 2.86679 49.4784 1230.89
204.11 60.6801 3.44101 2.87704 82.4744 1180.1
205.516 60.8132 3.42208 2.86931 93.3327 1129.96
207.791 61.2001 3.4266 2.92754 60.7103 1035.99
215.402 61.6061 3.40153 2.92359 79.2726 867.668
222.911 61.4593 3.4358 2.87339 83.8775 885.983
224.22 61.4862 3.4162 2.94987 57.2861 897.108
226.918 61.1512 3.42707 2.89178 69.3033 972.945
198.736 59.2533 3.44736 2.86738 74.5727 1472.12
200.175 59.1767 3.44464 2.90993 73.3311 1436.05
201.907 59.5938 3.45302 2.85699 57.0019 1346.08
202.905 59.7733 3.45394 2.86455 52.914 1300.92
204.792 59.8542 3.43016 2.88308 106.761 1243.21
205.68 60.1952 3.42495 2.88872 84.6058 1187.08
207.376 60.0815 3.3825 2.79279 36.7559 1158.89
210.276 60.4814 3.43017 2.96834 105.549 1059.01
219.809 60.7718 3.39713 2.93952 54.9276 945.152
221.424 60.3024 3.42394 2.92626 67.5032 1003.04
223.909 60.7704 3.42901 2.9221 55.5623 971.443
190.452 56.6011 3.43383 2.90225 23.9899 1988.45
202.009 59.0314 3.45199 2.8726 43.6557 1397.87
203.561 59.1953 3.43906 2.88163 96.4671 1340.23
204.771 59.3922 3.43442 2.90174 113.789 1289.87
206.768 59.6524 3.38424 2.78008 48.686 1216.31
212.597 59.9979 3.40599 2.94733 77.3334 1074.32
222.262 59.6304 3.43247 2.91115 64.0151 1082.47
223.04 60.1218 3.4252 2.93415 51.7241 1034.16
226.285 59.5898 3.42144 2.90345 31.7856 1129.62
227.183 60.2114 3.43335 2.89888 59.3271 1076.98
212.566 65.1171 3.42518 2.89691 147.402 538.041
203.344 58.6774 3.44412 2.90257 86.6516 1397.38
204.113 58.2637 3.44817 2.94767 56.8044 1419.79
204.991 58.6484 3.43352 2.97829 51.6321 1359.65
206.355 58.9287 3.39729 2.85549 70.11 1299.69
207.606 58.6097 3.39383 2.94288 61.7081 1306.28
213.66 59.4296 3.38294 2.87261 43.6678 1123.39
227.731 58.9601 3.43532 2.93683 50.0063 1219.36
202.426 57.5673 3.44749 2.90611 76.0645 1532.26
203.613 57.6397 3.43714 2.95281 29.5943 1495.33
224.26 58.4133 3.43019 2.95003 40.4457 1233.23
225.482 58.2747 3.43753 2.93953 46.3219 1261.7
229.033 59.3946 3.44202 2.89907 57.4582 1196.13
200.447 56.2848 3.43717 2.82593 57.604 1712.86
223.768 57.9616 3.43456 2.9487 48.3094 1278.34
225.424 57.4688 3.45372 2.96451 59.0415 1349.05
228.869 57.9128 3.43225 2.9137 54.8025 1350.15
227.048 56.8144 3.44244 2.91385 33.3961 1440.55
229.75 56.9811 3.43071 2.93351 59.2559 1464.8
210.428 68.6408 3.34468 2.9502 155.741 351.464
226.879 56.1146 3.45796 2.94841 27.3273 1514.45
229.974 55.9154 3.43074 2.93825 37.403 1582.53
228.385 55.3279 3.45177 2.92851 40.1692 1620.59
218.842 64.7774 3.3944 2.82034 40.4143 498.081
227.653 56.4191 3.44604 2.93311 48.778 1491.82
209.931 62.7622 3.06501 2.48494 74.2533 830.562
211.063 63.7323 3.44639 2.92911 105.563 708.435
211.14 63.4057 3.44279 2.94534 96.9984 739.6
218.547 60.1369 3.50974 3.0149 59.7697 1015.47
210.84 64.6544 3.41163 2.83795 76.5265 623.523
210.867 64.709 3.41517 2.82827 93.26 617.66
210.853 64.7716 3.41042 2.82483 78.2729 612.066
210.847 64.8338 3.40756 2.82593 73.8309 606.349
210.819 64.8857 3.40369 2.8083 92.206 602.189
210.44 64.87 3.40338 2.80163 131.475 613.448
210.174 64.8537 3.40047 2.78589 129.7 621.987
210.069 64.7653 3.40324 2.80481 111.85 632.947
210.917 64.5498 3.42236 2.84323 105.034 631.653
210.782 64.5716 3.41414 2.82673 93.5041 632.867
210.554 64.5756 3.40818 2.82652 99.733 638.163
210.901 64.613 3.4173 2.84144 105.489 625.988
211.172 64.6917 3.41878 2.86231 105.263 611.824
217.908 60.4896 3.39765 2.89368 39.5427 977.328
217.507 60.403 3.39877 2.86668 47.4219 988.149
218.338 61.0595 3.41399 2.90195 54.7387 912.979
216.296 60.3923 3.38352 2.85266 45.747 995.041
216.716 60.1205 3.37328 2.82113 53.8639 1022.86
215.271 60.5805 3.39277 2.91442 59.7824 981.62
216.679 60.2805 3.38207 2.84025 51.796 1005.29
218.244 60.7315 3.39953 2.87309 64.8892 949.67
217.659 60.602 3.39905 2.89668 53.0591 965.522
216.749 60.4427 3.38621 2.87741 60.0146 986.942
217.639 60.9231 3.39676 2.88667 56.0745 929.866
218.995 60.8241 3.40753 2.94147 58.2384 938.64
216.976 61.3836 3.39022 2.89007 63.2382 881.411
218.049 60.1785 3.39958 2.86458 44.2703 1011.63
216.031 60.2361 3.38278 2.86428 53.3599 1014
217.533 61.187 3.40176 2.86559 61.6654 900.879
218.652 60.2994 3.40702 2.89836 39.2152 997.263
219.217 60.1294 3.39636 2.92865 60.7518 1016.08
216.221 60.072 3.37673 2.85611 49.5515 1030.97
218.856 60.4399 3.41184 2.91885 53.0595 981.483
216.546 61.2275 3.37786 2.86615 72.4391 901.052
