# evlo=207.317902 evla=68.879898
194.627 64.5646 3.39435 2.85122 77.8987 735.824
218.338 61.0595 3.59276 2.88949 58.3177 1012.03
220.363 59.9534 3.38509 2.8843 68.3998 1171.77
225.144 58.5792 3.43527 2.94157 36.1872 1435.71
216.716 60.1205 3.36923 2.93469 38.301 1073.11
215.395 60.9677 3.39933 2.89323 50.4718 959.459
209.013 64.0997 3.35965 2.88419 148.478 538.324
209.094 59.7511 3.35595 2.82464 129.612 1021.2
209.259 59.7417 3.35896 2.82966 105.663 1022.92
210.701 64.1732 3.36632 2.74599 60.3857 545.795
208.846 60.7683 3.36537 2.82667 88.9644 907.188
207.916 63.4188 3.37786 2.88762 84.3225 609.552
212.195 64.6453 3.39497 2.84164 68.1045 518.417
200.411 54.831 3.42573 2.88516 83.8342 1604.87
207.685 63.8827 3.37658 2.86234 99.977 557.489
208.763 59.5251 3.3596 2.84236 138.07 1045.15
209.796 67.2269 3.30766 2.69274 185.138 211.351
216.907 60.7523 3.37374 2.91787 50.5054 1011.48
218.66 60.9649 3.37543 2.87791 73.857 1029.16
209.738 62.4058 3.3746 2.81655 124.346 730.273
217.513 60.0823 3.38741 2.85355 31.2591 1093.2
213.401 60.7277 3.37548 2.88514 47.1202 952.633
215.271 60.5805 3.39519 2.8618 42.4205 997.96
218.244 60.7315 3.37033 2.90192 69.8155 1042.86
213.052 64.4091 3.38635 2.88412 75.8896 558.891
216.749 60.4427 3.38241 2.94536 31.814 1040.25
218.995 60.824 3.37184 2.84589 58.5038 1051.31
216.976 61.3836 3.37889 2.86095 77.8497 948.317
211.063 63.7318 3.36567 2.78106 81.7463 597.876
218.049 60.1785 3.55345 2.92756 52.9465 1094.77
218.652 60.2994 3.37226 2.87366 30.854 1095.97
211.14 63.4056 3.35974 2.80446 84.8108 634.055
219.217 60.1294 3.55807 2.83326 34.1393 1126.31
218.856 60.4399 3.38022 2.8683 34.8846 1086.49
216.546 61.2275 3.36808 2.90925 70.9745 955.067
212.138 64.8736 3.37974 2.84371 68.6294 493.898
198.929 70.2043 3.19843 2.35394 38.7158 358.784
203.383 71.3221 3.27815 2.54558 183.066 310.662
205.026 71.0033 3.2885 2.55042 151.393 252.585
198.198 69.3641 3.18129 2.36759 146.698 366.495
202.84 70.0079 3.20348 2.60732 107.866 215.899
194.656 68.2746 3.22823 2.66505 81.7947 519.749
196.822 68.4753 3.21859 2.62337 87.6645 427.922
198.806 68.6483 3.21013 2.54829 131.298 344.911
200.413 69.1049 3.16654 2.39852 186.39 277.367
215.088 69.9175 3.23186 2.47174 135.768 326.169
216.289 69.626 3.29134 2.58441 82.6463 364.062
235.93 69.3475 3.27984 2.69377 56.0773 1129.65
196.917 67.6988 3.22875 2.6149 142.263 448.664
201.885 68.4946 3.23699 2.62999 160.5 224.532
213.625 69.322 3.246 2.54431 205.595 255.86
219.035 69.243 3.2965 2.74428 141.142 468.529
221.263 69.3286 3.28594 2.67094 53.9972 556.345
198.174 67.082 3.26524 2.74507 78.4171 431.507
199.397 67.4213 3.25465 2.68986 77.224 366.755
202.768 67.4572 3.2455 2.78935 165.596 246.587
211.513 68.0748 3.33028 2.64095 71.8377 193.829
214.432 68.1207 3.24809 2.64409 125.547 302.958
218.405 68.1861 3.27387 2.72194 164.571 458.893
220.465 68.6043 3.284 2.70667 164.57 532.044
222.103 68.3889 3.29639 2.74127 144.818 602.382
223.281 66.3701 3.34149 2.75785 77.2566 731.197
193.671 65.4742 3.353 2.87612 76.7253 700.16
195.352 65.7077 3.3469 2.87649 79.4784 623.709
198.75 66.442 3.3302 2.85139 89.5874 453.351
200.349 66.6001 3.32749 2.89962 117.196 388.862
202.227 66.8332 3.32294 2.82053 121.955 312.858
204.275 67.0486 3.31119 2.75511 232.512 240.698
212.113 67.5187 3.30754 2.75905 181.27 250.038
214.357 67.5933 3.24845 2.64666 110.086 324.548
215.855 67.6946 3.25353 2.62496 132.947 376.174
220.128 67.6136 3.30655 2.74945 135.107 547.409
224.214 67.6106 3.30911 2.76776 96.3756 710.894
226.258 67.441 3.3261 2.7715 116.771 799.399
195.961 64.9941 3.38779 2.86237 83.1886 657.351
197.645 65.3936 3.38268 2.81139 106.474 570.844
199.349 65.5011 3.3726 2.85658 116.853 510.063
201.346 65.895 3.37213 2.81522 137.012 419.773
202.913 66.1434 3.33724 2.80394 156.219 358.311
206.494 66.5156 3.31354 2.81296 183.21 265.986
208.493 66.9214 3.32507 2.7846 149.638 223.933
209.976 66.7108 3.34217 2.74899 223.14 266.6
212.525 66.7004 3.30357 2.74698 121.509 327.459
213.899 66.7653 3.32694 2.83464 122.434 363.723
216.215 66.9498 3.2874 2.71087 79.4262 430.494
218.345 66.8088 3.30755 2.71854 79.4173 517.579
221.978 66.9116 3.32593 2.73533 95.3842 651.906
223.778 66.9808 3.33931 2.73443 95.5007 719.7
225.729 66.9227 3.34142 2.73238 64.0792 800.047
197.761 64.6379 3.39715 2.88628 85.1237 631.884
200.087 64.937 3.37134 2.83021 80.3057 541.078
201.637 65.1527 3.38245 2.87637 149.501 483.405
203.551 65.5276 3.33823 2.84213 188.564 407.655
205.119 65.4924 3.34651 2.867 223.116 389.53
207.195 65.6571 3.34449 2.80955 189.131 359.463
208.623 65.8937 3.29182 2.82036 116.317 337.699
210.457 65.8251 3.39151 2.7893 110.96 366.326
212.122 65.8371 3.32235 2.80434 136.394 396.966
214.181 66.267 3.34851 2.7917 84.208 412.32
218.473 66.2305 3.32074 2.78871 67.0287 558.606
221.631 66.2191 3.33157 2.78772 60.5187 676.417
225.657 65.8052 3.36661 2.75112 64.8508 855.808
214.843 62.3987 3.39428 2.88956 53.4763 800.099
213.052 64.4091 3.38635 2.88412 75.8896 558.891
199.305 63.8864 3.39139 2.86125 70.0586 661.026
205.522 64.7962 3.36685 2.8527 174.433 462.139
208.018 65.18 3.35743 2.85832 130.487 413.738
210.64 65.1479 3.38918 2.76971 82.6109 440.518
216.846 65.3064 3.36957 2.82767 78.2781 573.509
218.385 65.6035 3.42523 3.25005 52.2345 600.179
220.064 65.4483 3.34604 2.80549 65.1604 669.888
221.694 65.3609 3.35374 2.78402 57.6496 734.467
223.623 65.2225 3.36982 2.85296 47.3031 814.985
196.446 62.7492 3.40864 2.90077 126.308 842.716
199.398 63.2842 3.41055 2.87044 97.6004 718.323
200.922 63.3965 3.38975 2.90203 114.769 675.404
203.285 63.465 3.39831 2.89614 155.423 630.285
204.379 63.994 3.38453 2.88148 141.774 560.251
205.853 64.1767 3.37811 2.82433 140.039 528.465
214.63 64.613 3.36572 2.82764 106.679 573.881
216.436 64.5012 3.37646 2.8369 94.8881 631.695
221.784 64.453 3.37106 2.80049 24.1193 804.711
221.784 64.4525 3.35405 2.81157 41.3749 804.729
223.67 64.5753 3.36475 2.80388 68.5677 862.228
195.344 61.9331 3.42041 2.86206 66.7575 950.06
198.469 62.2938 3.40348 2.89643 62.0886 838.344
201.699 62.7161 3.40536 2.88904 120.778 733.102
205.93 63.3569 3.39607 2.83738 147.611 619.008
214.222 63.8036 3.4003 2.84336 74.3737 644.155
217.924 64.0292 3.38761 2.86907 76.6265 716.611
197.317 61.3416 3.41517 2.91452 84.3446 960.165
198.513 61.678 3.41679 2.87447 75.0927 900.045
200.525 61.7105 3.41824 2.90923 183.474 858.671
201.703 62.1344 3.41085 2.90389 132.06 794.959
203.311 62.2195 3.40081 2.87731 150.948 764.959
205.146 62.1816 3.4091 2.88464 92.868 753.462
206.12 62.4787 3.39728 2.85 110.322 715.832
216.652 63.0254 3.40106 2.84026 73.3852 776.918
218.173 63.0618 3.39408 2.85076 108.473 812.629
221.871 63.109 3.46158 3.09427 38.2208 918.151
193.799 60.3849 3.43244 2.89706 72.8702 1141.21
196.65 60.4135 3.42297 2.93617 68.9658 1069.35
198.04 60.7515 3.4283 2.87656 68.2657 1005.17
199.312 60.6947 3.43477 2.92536 149.717 986.867
201.041 61.0224 3.41448 2.88524 113.911 923.769
202.562 61.4009 3.40736 2.8729 133.695 862.578
204.176 61.4907 3.41278 2.87655 113.683 836.629
205.609 61.9037 3.39996 2.86808 89.2448 781.8
206.868 61.8823 3.38881 2.85629 98.1609 780.489
209.88 61.7531 3.38001 2.85484 84.0876 803.359
212.274 61.7929 3.37859 2.8891 70.7653 822.562
213.825 62.1067 3.40311 2.88359 50.4576 812.037
217.004 62.4013 3.40237 2.85781 68.7602 846.756
218.122 62.3579 3.39388 2.86581 77.55 878.589
221.538 62.4435 3.41181 2.91606 64.8904 966.511
223.206 62.5763 3.41237 2.8215 21.6647 1007.14
225.609 62.2024 3.39248 2.85389 27.9958 1118.73
198.315 59.9237 3.44085 2.92041 89.8215 1086.15
199.908 60.1686 3.43019 2.91206 129.577 1032.54
201.231 60.4742 3.41318 2.89603 97.0776 980.001
202.813 60.5269 3.42173 2.88409 118.519 955.086
204.11 60.6801 3.41919 2.89111 73.5143 926.508
205.516 60.8132 3.41315 2.85936 61.3238 903.304
207.791 61.2001 3.36854 2.88501 161.011 856.521
215.402 61.6061 3.39567 2.9019 80.7545 892.984
222.911 61.4593 3.42548 2.91888 48.6501 1097.69
224.22 61.4862 3.40389 2.89892 32.9692 1135.74
226.918 61.1512 3.5869 2.94437 26.319 1253.22
198.736 59.2533 3.44194 2.91243 107.045 1149.43
200.175 59.1767 3.4224 2.911 99.7225 1134.82
201.907 59.5938 3.42095 2.88733 118.66 1066.98
202.905 59.7733 3.42281 2.86657 83.7531 1036.74
204.792 59.8542 3.42114 2.87624 80.2923 1013.35
205.68 60.1952 3.42297 2.85722 62.0349 971.306
207.376 60.0815 3.38255 2.95315 107.956 980.879
210.276 60.4814 3.37869 2.88305 93.1931 946.633
219.809 60.7718 3.38451 2.8713 82.3996 1076.68
221.424 60.3024 3.38864 2.86498 60.2988 1164.85
223.909 60.7704 3.43761 2.91809 42.926 1191.42
190.452 56.6011 3.44269 2.9094 38.7313 1605.33
202.009 59.0314 3.4235 2.88638 94.8969 1127.24
203.561 59.1953 3.43686 2.95637 64.0536 1094.6
204.771 59.3922 3.43014 2.91475 101.281 1064.69
206.768 59.6524 3.38316 2.95205 88.6218 1029.02
212.597 59.9979 3.38387 2.89815 39.3643 1021.4
222.262 59.6304 3.38555 2.87306 44.9966 1252.98
223.04 60.1218 3.41202 2.91184 66.5422 1226.98
226.285 59.5898 3.43039 2.9161 26.3546 1373.9
227.183 60.2114 3.42154 2.91927 23.9465 1345.43
212.566 65.1171 3.35301 2.80739 91.3233 477.649
203.344 58.6774 3.42945 2.89278 60.0655 1153.46
204.113 58.2637 3.44093 2.93058 77.898 1193.63
204.991 58.6484 3.45054 2.87823 39.1407 1146.08
206.355 58.9287 3.39649 2.97408 73.6372 1110.27
207.606 58.6097 3.37736 2.92159 76.1707 1144.92
213.66 59.4296 3.37719 2.83747 40.7507 1096.38
227.731 58.9601 3.42472 2.8982 27.5507 1477.79
202.426 57.5673 3.42418 2.89547 77.8231 1283.72
203.613 57.6397 3.43881 2.92158 42.395 1266.05
224.26 58.4133 3.41293 2.90219 55.1366 1426.85
225.482 58.2747 3.43769 2.9474 22.283 1474.94
229.033 59.3946 3.43016 2.97198 24.5531 1479.94
197.939 55.703 3.44196 2.90754 57.3164 1542.93
200.447 56.2848 3.42158 2.86241 72.1336 1445.33
223.768 57.9616 3.41221 2.89717 52.5428 1458.04
225.424 57.4688 3.43392 2.94407 44.7281 1552.1
228.869 57.9128 3.55782 2.92704 15.7735 1611.86
227.048 56.8144 3.44199 2.88637 25.8267 1662.62
212.138 64.8735 3.3667 2.86004 23.0161 493.905
226.879 56.1146 3.45381 2.95004 31.801 1726.89
228.385 55.3279 3.45359 2.92551 27.6095 1847.87
218.842 64.7774 3.38947 2.89185 68.1763 680.391
227.653 56.4191 3.44332 2.93549 22.1104 1718.99
209.931 62.7622 3.03422 2.09431 47.132 692.375
211.063 63.7323 3.36541 2.78085 81.7463 597.83
211.14 63.4057 3.35972 2.80444 84.8108 634.05
218.547 60.1369 3.77665 3.18381 42.2958 1110.08
210.84 64.6544 3.38107 2.786 58.9111 495.899
210.867 64.709 3.36975 2.80985 60.2022 490.44
210.853 64.7716 3.36938 2.76809 54.4329 483.575
210.847 64.8338 3.37644 2.74259 43.0429 476.861
210.819 64.8857 3.3807 2.73052 60.4855 470.935
210.44 64.87 3.38254 2.80243 89.0301 467.519
210.174 64.8537 3.37496 2.82241 100.917 466.027
210.069 64.7653 3.36666 2.79795 105.277 474.396
210.917 64.5498 3.38568 2.77977 73.0045 508.12
210.782 64.5716 3.38949 2.76495 57.0839 503.973
210.554 64.5756 3.37632 2.72748 73.794 500.613
210.901 64.613 3.38202 2.78445 80.2486 501.148
211.172 64.6917 3.36889 2.81541 71.5958 496.667
218.338 61.0595 3.59277 2.8895 58.3177 1012.03
216.716 60.1205 3.36923 2.93469 38.301 1073.11
215.271 60.5805 3.39519 2.8618 42.4205 997.96
218.244 60.7315 3.37033 2.90192 69.8155 1042.86
216.749 60.4427 3.38241 2.94536 31.814 1040.25
218.995 60.8241 3.37181 2.84586 58.5038 1051.3
216.976 61.3836 3.37889 2.86095 77.8497 948.317
218.049 60.1785 3.55345 2.92756 52.9465 1094.77
218.652 60.2994 3.37226 2.87366 30.854 1095.97
219.217 60.1294 3.55807 2.83326 34.1393 1126.31
218.856 60.4399 3.38022 2.8683 34.8846 1086.49
216.546 61.2275 3.36808 2.90925 70.9745 955.067
