# evlo=210.383698 evla=68.058403
194.627 64.5646 3.40904 2.88184 86.8139 803.752
217.908 60.4896 3.38429 2.94763 65.1226 917.623
217.654 61.036 3.3836 2.91197 75.4264 855.717
218.338 61.0595 3.39294 2.90912 64.8057 866.908
220.363 59.9534 3.40117 2.94751 117.598 1024.1
216.3 60.3932 3.43973 3.12438 49.0599 900.487
225.144 58.5792 3.4467 2.97702 64.8165 1282.65
215.395 60.9677 3.39731 2.95141 49.5445 825.681
209.013 64.0997 3.41055 2.87823 205.383 445.741
209.094 59.7511 3.37444 2.88498 125.868 928.166
209.259 59.7417 3.37808 2.88822 117.317 928.707
210.701 64.1732 3.38688 2.93791 150.728 433.47
208.846 60.7683 3.37312 2.83099 93.0472 816.03
207.916 63.4188 3.43039 2.91328 137.475 529.467
212.195 64.6453 3.41558 2.88145 144.947 389.104
204.378 55.8218 3.40891 2.86773 56.4335 1398.06
200.411 54.831 3.4453 2.91955 92.7163 1562.4
207.685 63.8827 3.42032 2.91266 137.428 481.396
208.763 59.5251 3.37018 2.87928 115.66 954.499
216.907 60.7523 3.38493 2.98263 42.0667 872.01
218.66 60.9649 3.38862 2.89906 74.0967 883.367
209.738 62.4058 3.4025 2.84352 155.421 630.955
212.624 63.0753 3.39144 2.84415 88.981 565.073
214.225 61.1292 3.40375 2.89131 74.0196 793.731
215.93 63.6482 3.41623 2.91047 128.632 552.662
213.401 60.7277 3.39859 2.91949 72.2228 829.862
215.271 60.5805 3.38878 2.91217 33.355 865.859
218.244 60.7315 3.39032 2.87691 52.8234 898.91
213.052 64.4091 3.41414 2.85432 120.427 424.173
217.659 60.6024 3.38177 2.97211 84.9967 901.158
217.639 60.9231 3.38415 2.90384 71.7656 867.221
218.995 60.824 3.38705 2.90676 84.3414 904.966
211.063 63.7318 3.39569 2.90388 197.273 483.425
218.049 60.1785 3.386 2.93993 77.7739 952.873
216.031 60.2361 3.40233 2.8851 61.7525 913.4
217.533 61.1871 3.38554 2.89714 66.8974 837.661
218.652 60.2994 3.37008 2.85393 34.2547 951.909
211.14 63.4056 3.39774 2.89466 142.404 519.95
219.217 60.1294 3.37787 2.84002 81.8074 981.073
216.221 60.072 3.40603 2.86807 52.6065 933.8
218.856 60.4399 3.38205 2.86006 53.3071 941.5
216.546 61.2275 3.3985 2.93716 73.2882 815.587
212.138 64.8736 3.40269 2.87318 135.456 363.624
198.929 70.2043 3.21644 2.48156 76.6997 513.544
203.383 71.3221 3.25841 2.53791 153.267 453.473
205.026 71.0033 3.24859 2.56424 95.7539 389.156
234.753 71.9871 3.04893 2.38112 65.2631 1018.22
198.198 69.3641 3.21253 2.47796 74.5954 513.963
202.84 70.0079 3.27872 2.70021 102.384 371.229
205.387 69.6211 3.28548 2.62214 139.401 266.192
206.58 70.34 3.22613 2.44244 125.46 295.709
194.656 68.2746 3.26202 2.68712 90.4373 651.682
196.822 68.4753 3.27316 2.71217 85.3717 561.391
198.806 68.6483 3.32766 2.83179 80.8412 480.599
200.413 69.1049 3.27183 2.70321 64.6397 422.406
205.217 69.1565 3.28692 2.76815 112.873 243.358
209.387 69.836 3.21045 2.55197 233.658 202.267
215.088 69.9175 3.30645 2.79639 169.564 279.974
216.289 69.626 3.32844 2.95569 124.177 295.09
235.93 69.3475 3.35139 2.78117 73.9011 1037.99
196.917 67.6988 3.24977 2.7482 201.844 566.437
201.885 68.4946 3.3043 2.82006 130.277 354.249
203.387 68.7132 3.33908 2.82274 154.203 296.687
213.625 69.322 3.27183 2.87553 275.534 192.72
219.035 69.243 3.27146 2.78754 210.854 375.249
221.263 69.3286 3.26481 2.75473 170.03 462.808
198.174 67.082 3.34653 2.89625 130.818 530.434
199.397 67.4213 3.30194 2.85994 167.066 469.377
202.768 67.4572 3.30008 2.82249 207.481 328.495
203.811 68.2575 3.29679 2.89377 171.565 273.755
218.405 68.1861 3.27166 2.69885 269.406 333.757
220.465 68.6043 3.29878 2.75052 164.544 419.531
222.103 68.3889 3.31705 2.75118 192.287 486.046
223.281 66.3701 3.3639 2.82338 125.269 587.258
193.671 65.4742 3.40961 2.86415 84.1539 787.344
195.352 65.7077 3.39763 2.82849 67.109 706.846
198.75 66.442 3.37762 2.8895 104.496 532.647
200.349 66.6001 3.37225 2.9257 98.6376 460.778
202.227 66.8332 3.35905 3.02015 151.976 374.69
204.275 67.0486 3.34003 3.01744 203.558 283.552
215.855 67.6946 3.25235 2.75574 295.816 233.487
220.128 67.6136 3.32098 2.86205 140.747 412.963
224.214 67.6106 3.31908 2.74009 126.432 583.421
226.258 67.441 3.34809 2.76096 163.796 672.686
199.349 65.5011 3.39251 2.90918 89.0316 562.089
201.346 65.895 3.36999 2.87181 97.4232 461.866
202.913 66.1434 3.36817 2.94828 122.85 388.102
206.494 66.5156 3.37895 2.90819 214.76 240.155
213.899 66.7653 3.35175 2.78275 154.62 208.55
216.215 66.9498 3.33502 2.78457 120.808 277.944
218.345 66.8088 3.36256 2.79802 94.1054 368.122
221.978 66.9116 3.35154 2.84229 110.35 511.026
223.778 66.9808 3.36261 2.83733 159.643 583.035
225.729 66.9227 3.37578 2.83272 93.5986 666.138
197.761 64.6379 3.41246 2.90615 78.0241 679.998
200.087 64.937 3.38898 2.90165 89.8245 574.382
201.637 65.1527 3.39704 2.95652 95.9531 504.505
203.551 65.5276 3.40916 2.89518 95.3986 411.904
205.119 65.4924 3.42096 2.92121 189.658 367.978
207.195 65.6571 3.36979 2.94077 206.28 302.046
208.623 65.8937 3.37179 2.87681 248.605 253.335
210.457 65.8251 3.34983 2.84409 196.922 249.08
212.122 65.8371 3.40907 2.91894 221.241 259.088
214.18 66.267 3.35385 2.74283 72.4235 258.701
214.181 66.267 3.35153 2.80043 84.8501 258.729
218.473 66.2305 3.36276 2.86922 81.2231 405.27
221.631 66.2191 3.37253 2.85482 73.1226 528.228
225.657 65.8052 3.39646 2.85885 61.2601 711.52
214.843 62.3987 3.43537 2.88199 77.4677 664.194
213.052 64.4091 3.41414 2.85432 120.427 424.173
199.305 63.8864 3.41848 2.88847 78.4968 683.768
205.522 64.7962 3.41211 2.94395 164.899 423.334
208.018 65.18 3.41398 2.91468 188.103 337.607
210.64 65.1479 3.35606 2.82685 184.06 324.765
216.846 65.3064 3.39862 2.843 137.321 418.789
218.385 65.6035 3.45865 3.21066 67.1934 444.917
220.064 65.4483 3.40585 2.92376 80.4118 515.519
221.694 65.3609 3.38125 2.84374 86.092 581.582
223.623 65.2225 3.39697 2.88502 65.4496 664.048
196.446 62.7492 3.41895 2.92959 120.491 873.774
199.398 63.2842 3.44415 3.00923 75.5921 731.89
200.922 63.3965 3.43915 2.91486 58.119 675.811
203.285 63.465 3.45936 2.97421 106.739 605.941
204.379 63.994 3.44174 2.95959 187.726 528.234
205.853 64.1767 3.40573 2.91054 185.004 478.538
214.63 64.613 3.42205 2.83295 110.456 428.513
216.436 64.5012 3.39631 2.87469 133.852 480.39
221.784 64.453 3.37768 2.81214 54.656 649.682
221.784 64.4525 3.38145 2.82874 49.4693 649.699
223.67 64.5753 3.39744 2.87217 52.7162 708.967
195.344 61.9331 3.43544 2.94093 99.573 980.027
198.469 62.2938 3.45185 2.95825 75.6484 848.526
201.699 62.7161 3.47161 2.96188 113.448 718.179
205.93 63.3569 3.42376 2.91596 160.481 562.373
214.222 63.8036 3.428 2.82325 88.4689 505.357
217.924 64.0292 3.40234 2.89233 96.8001 563.699
222.48 63.8433 3.39745 2.85178 63.6937 721.52
198.513 61.678 3.46374 2.96426 102.85 903.881
200.525 61.7105 3.47545 2.98212 106.07 845.774
201.703 62.1344 3.45451 2.95206 65.6544 774.772
203.311 62.2195 3.44028 2.91414 164.8 729.672
205.146 62.1816 3.43446 2.93999 146.656 699.291
206.12 62.4787 3.42885 2.93982 132.957 652.826
216.652 63.0254 3.42253 2.89465 127.505 630.835
218.173 63.0618 3.41732 2.86402 132.675 662.083
221.871 63.109 3.46885 2.9723 30.2621 762.906
193.799 60.3849 3.44259 2.91234 89.3759 1167.42
196.65 60.4135 3.68275 2.91739 41.5342 1076.79
198.04 60.7515 3.46211 2.99145 87.6262 1004.99
199.312 60.6947 3.48081 3.00447 40.0657 976.386
201.041 61.0224 3.44928 2.92544 106.038 901.29
202.562 61.4009 3.43945 2.91014 168.151 829.076
204.176 61.4907 3.44023 2.91178 120.996 788.613
205.609 61.9037 3.4311 2.94684 128.056 721.761
206.868 61.8823 3.42552 2.8796 104.938 708.033
209.88 61.7531 3.39917 2.9007 126.949 703.38
212.274 61.7929 3.40717 2.94837 93.7707 704.161
213.825 62.1067 3.40193 2.85696 96.1203 682.764
217.004 62.4013 3.41985 2.92018 74.4583 701.735
218.122 62.3579 3.42337 2.89171 101.986 730.318
221.538 62.4435 3.44224 2.95875 74.0401 812.177
225.609 62.2024 3.41703 2.86974 36.4125 963.371
198.315 59.9237 3.45865 2.87939 33.0372 1078.09
199.908 60.1686 3.46267 2.94695 103.318 1013.89
201.231 60.4742 3.4455 2.88398 160.8 952.515
202.813 60.5269 3.44378 2.93628 130.98 914.582
204.11 60.6801 3.44685 2.9509 132.383 875.491
205.516 60.8132 3.43098 2.9194 104.304 840.426
207.791 61.2001 3.3939 2.87507 88.6559 774.424
215.402 61.6061 3.41896 3.03451 108.487 757.181
222.911 61.4593 3.443 2.96315 99.4398 943.419
226.918 61.1512 3.43128 2.9001 38.4806 1097.78
198.736 59.2533 3.47183 2.98519 72.1499 1134.29
200.175 59.1767 3.45282 2.91376 93.6056 1108.7
201.907 59.5938 3.4488 2.9171 167.096 1029.57
202.905 59.7733 3.44962 2.95904 135.46 992.157
204.792 59.8542 3.44783 2.9415 98.8919 953.802
205.68 60.1952 3.43715 2.95575 69.7902 905.385
207.376 60.0815 3.41818 2.89403 107.617 901.013
210.276 60.4814 3.40994 2.94761 120.81 844.704
219.809 60.7718 3.40122 2.90495 78.9472 928.453
221.424 60.3024 3.40805 2.89816 85.183 1014.35
223.909 60.7704 3.4536 2.9718 64.8753 1037.1
190.452 56.6011 3.45417 2.9221 47.2448 1626.98
202.009 59.0314 3.45167 2.9481 115.791 1086.71
203.561 59.1953 3.44941 2.91609 86.1227 1042.79
204.771 59.3922 3.45287 2.95813 74.3145 1004.06
206.768 59.6524 3.412 2.89355 126.897 953.369
212.597 59.9979 3.40075 2.9362 102.252 904.901
222.262 59.6304 3.40788 2.90374 71.1427 1102.26
223.04 60.1218 3.42933 2.91459 60.2677 1074.36
226.285 59.5898 3.4443 2.92712 44.105 1219.06
227.183 60.2114 3.42586 2.89084 20.8302 1190.02
212.566 65.1171 3.40965 2.85258 179.016 341.941
203.344 58.6774 3.45421 2.95095 82.1603 1101.7
204.113 58.2637 3.46759 3.01663 66.7043 1135.15
204.991 58.6484 3.44457 2.96464 64.3087 1082.07
206.355 58.9287 3.42024 2.91149 95.9227 1036.72
207.606 58.6097 3.36203 2.84356 57.8686 1062.09
213.66 59.4296 3.37746 2.84774 75.7496 975.04
227.731 58.9601 3.44173 2.90605 30.0707 1322.67
202.426 57.5673 3.44996 2.93944 102.157 1235.34
203.613 57.6397 3.45095 2.98837 52.1451 1209.64
205.548 57.5665 3.42721 2.93161 106.669 1194.22
224.26 58.4133 3.60011 2.93099 36.9224 1275.02
225.482 58.2747 3.45543 2.96709 66.1887 1321.87
229.033 59.3946 3.4587 3.02356 23.0944 1324.48
197.939 55.703 3.46572 2.91201 93.8023 1517.87
200.447 56.2848 3.43782 2.88508 91.9166 1406.44
223.768 57.9616 3.42989 2.93591 77.5003 1307.5
225.424 57.4688 3.44872 2.96587 59.1662 1399.97
228.869 57.9128 3.5956 2.96326 22.1462 1456.8
227.048 56.8144 3.46453 2.92255 23.8745 1509.45
229.75 56.9811 3.57402 2.92402 25.6274 1572.98
212.138 64.8735 3.40894 2.87227 105 363.633
226.879 56.1146 3.47132 3.00205 45.9437 1574.52
229.974 55.9154 3.45561 2.96608 22.9336 1682.91
228.385 55.3279 3.46881 2.95807 37.8569 1694.73
218.842 64.7774 3.4377 2.92881 111.947 525.06
227.653 56.4191 3.45961 2.95271 28.7258 1565.62
209.931 62.7622 2.6125 2.07872 72.2266 590.888
211.063 63.7323 3.39532 2.90356 197.273 483.372
211.14 63.4057 3.3977 2.89463 142.404 519.945
218.547 60.1369 3.78358 3.25155 33.3519 966.733
210.84 64.6544 3.37188 2.83529 128.241 380.136
210.867 64.709 3.36955 2.82003 140.202 374.124
210.853 64.7716 3.37226 2.82512 130.405 367.12
210.847 64.8338 3.37172 2.79208 117.262 360.178
210.819 64.8857 3.37288 2.81722 141.109 354.33
210.44 64.87 3.37019 2.84409 205.253 355.56
210.174 64.8537 3.37951 2.89637 226.577 357.49
210.069 64.7653 3.38453 2.89728 167.094 367.492
210.917 64.5498 3.37165 2.85633 157.931 391.977
210.782 64.5716 3.3755 2.86052 166.472 389.228
210.554 64.5756 3.37807 2.901 157.034 388.449
210.901 64.613 3.37125 2.84691 172.777 384.899
211.172 64.6917 3.37359 2.81594 126.372 377.075
217.908 60.4896 3.38429 2.94763 65.1226 917.623
218.338 61.0595 3.39295 2.90912 64.8057 866.911
216.296 60.3923 3.4399 3.12453 49.0599 900.532
215.271 60.5805 3.38878 2.91217 33.355 865.859
218.244 60.7315 3.39032 2.87691 52.8234 898.91
217.659 60.602 3.3819 2.97222 84.9967 901.191
217.639 60.9231 3.38414 2.90383 71.7656 867.217
218.995 60.8241 3.38701 2.90673 84.3414 904.956
218.049 60.1785 3.386 2.93993 77.7739 952.873
216.031 60.2361 3.40233 2.8851 61.7525 913.4
217.533 61.187 3.38559 2.89719 66.8974 837.675
218.652 60.2994 3.37008 2.85393 34.2547 951.909
219.217 60.1294 3.37787 2.84002 81.8074 981.073
216.221 60.072 3.40603 2.86807 52.6065 933.8
218.856 60.4399 3.38205 2.86006 53.3071 941.5
216.546 61.2275 3.3985 2.93716 73.2882 815.587
209.518 60.7352 3.38467 2.86573 91.3052 817.457
209.518 60.7351 3.38471 2.86577 91.3052 817.467
