# evlo=221.977707 evla=66.911598
194.627 64.5646 3.45608 2.88637 61.0464 1270.53
217.908 60.4896 3.43638 2.9113 60.1535 743.232
217.654 61.036 3.43374 2.94477 57.4656 687.974
217.507 60.403 3.41597 2.9237 76.0722 758.089
218.338 61.0595 3.43288 2.85948 64.2566 675.987
220.363 59.9534 3.39418 2.92753 85.1263 779.724
216.3 60.3932 3.39209 2.90165 81.6153 778.4
225.144 58.5792 3.44972 2.96365 70.6405 942.392
216.716 60.1205 3.40004 2.87544 70.1764 800.345
215.395 60.9677 3.38627 2.91516 146.178 736.126
209.013 64.0997 3.47148 2.92877 131.391 675.253
209.094 59.7511 3.41932 3.01757 73.9839 1022.39
209.259 59.7417 3.42322 3.01504 74.3242 1018.19
210.701 64.1732 3.45523 2.92415 148.478 602.767
208.846 60.7683 3.42224 2.90567 106.891 937.946
207.916 63.4188 3.47227 2.91267 123.981 763.219
212.195 64.6453 3.44211 2.91758 142.707 513.598
200.411 54.831 3.31397 2.8809 54.5625 1765.85
207.685 63.8827 3.4627 2.92084 91.6877 742.845
208.763 59.5251 3.41481 3.02428 80.4786 1053.68
209.796 67.2269 3.41304 2.88187 152.933 530.153
216.907 60.7523 3.4131 2.9378 87.9636 729.984
218.66 60.9649 3.43849 2.9118 60.7769 682.347
209.738 62.4058 3.44349 2.90909 114.662 768.593
217.513 60.0823 3.40451 2.88581 55.6555 792.578
212.624 63.0753 3.42907 2.90569 180.383 613.448
214.225 61.1292 3.40498 2.89821 111.249 746.572
215.93 63.6482 3.45133 2.89682 121.568 460.107
214.25 60.5487 3.37865 2.86486 122.31 804.155
196.582 54.8564 3.4415 2.9025 52.2469 1899.45
213.401 60.7277 3.41079 2.91361 103.502 806.84
209.784 61.1426 3.43326 2.96738 99.2173 873.929
214.766 66.5657 3.44847 2.95622 171.28 320.104
215.271 60.5805 3.37874 2.87457 167.949 778.556
216.679 60.2805 3.40396 2.90742 78.793 783.894
218.244 60.7315 3.42272 2.85785 65.2649 712.714
213.052 64.4091 3.44493 2.9035 146.153 495.782
217.659 60.6024 3.4213 2.90249 85.1023 734.461
216.749 60.4427 3.4018 2.91365 106.033 765.492
217.639 60.9231 3.42509 2.93618 85.3511 700.287
218.995 60.824 3.42697 2.89828 45.9021 694.074
216.976 61.3836 3.3998 2.89275 119.108 662.099
211.063 63.7318 3.44847 2.9044 121.882 618.74
218.049 60.1785 3.4145 2.8484 63.5412 775.157
216.031 60.2361 3.3854 2.90178 113.321 799.762
217.533 61.1871 3.42484 2.94486 104.857 673.663
218.652 60.2994 3.42438 2.78486 17.3387 755.042
211.14 63.4056 3.44422 2.92963 132.329 639.749
219.217 60.1294 3.43418 2.94425 35.7742 768.198
216.221 60.072 3.38455 2.85915 83.7953 813.739
216.546 61.2275 3.39787 2.94632 107.513 686.282
212.138 64.8736 3.44194 2.90684 137 502.155
198.929 70.2043 3.2867 2.59881 45.412 1002.27
203.383 71.3221 3.37729 2.76114 31.3562 883.02
205.026 71.0033 3.37889 2.75295 45.1712 814.271
234.753 71.9871 3.48379 2.91426 72.4537 752.792
198.198 69.3641 3.27758 2.62243 84.6944 1018.4
202.84 70.0079 3.30696 2.6108 61.0084 852.464
205.387 69.6211 3.31046 2.64445 65.9835 746.435
206.58 70.34 3.36295 2.76319 57.1179 730.963
194.656 68.2746 3.31047 2.782 81.1748 1162.7
196.822 68.4753 3.31119 2.75142 52.3877 1072.26
198.806 68.6483 3.31777 2.73512 41.1862 990.974
200.413 69.1049 3.29788 2.67234 59.8301 928.72
205.217 69.1565 3.30728 2.71822 104.397 740.538
209.387 69.836 3.36332 2.79226 72.3926 610.463
211.299 69.72 3.36362 2.80961 87.1475 539.358
215.088 69.9175 3.36877 2.75401 68.1364 438.224
216.289 69.626 3.43816 2.83254 40.9589 383.043
235.93 69.3475 3.54975 2.93718 201.914 638.796
196.917 67.6988 3.32988 2.81683 82.8878 1075.54
201.885 68.4946 3.34104 2.84011 98.4301 865.033
203.387 68.7132 3.33724 2.77903 82.3616 805.687
207.318 68.8799 3.32593 2.73533 95.3842 651.906
209.319 68.9656 3.34203 2.73875 109.001 576.771
211.177 69.1532 3.37526 2.77384 54.6419 514.746
213.625 69.322 3.38077 2.80216 78.2458 438.804
219.035 69.243 3.41346 3.0146 129.425 287.434
221.263 69.3286 3.31384 2.71077 92.1283 271.214
198.174 67.082 3.40102 2.90926 53.9161 1032.3
199.397 67.4213 3.38107 2.89623 75.1213 974.437
202.768 67.4572 3.37054 2.88023 72.0679 830.422
203.811 68.2575 3.35222 2.8541 84.6299 784.731
206.028 68.4414 3.355 2.81689 86.6993 695.359
208.187 68.1343 3.3427 2.82491 109.697 602.817
210.384 68.0584 3.35154 2.84229 110.35 511.026
211.513 68.0748 3.3612 2.82611 95.1854 464.988
214.432 68.1207 3.39324 2.82749 116.15 348.95
218.405 68.1861 3.52383 2.7311 137.121 208.287
220.465 68.6043 3.37562 2.87645 133.982 199.304
193.671 65.4742 3.45511 2.89322 56.748 1274.23
195.352 65.7077 3.44346 2.88079 52.3763 1192.47
198.75 66.442 3.43663 2.88976 63.9807 1021.99
200.349 66.6001 3.42376 2.90677 51.683 948.747
202.227 66.8332 3.42094 2.89229 54.4577 862.443
204.275 67.0486 3.40975 2.85482 113.262 770.369
206.517 67.2221 3.40513 2.86512 99.6929 671.689
207.821 67.5076 3.40035 2.87886 119.595 614.426
212.113 67.5187 3.40291 2.89164 105.991 431.359
214.357 67.5933 3.41853 2.88586 150.08 337.4
215.855 67.6946 3.4393 2.92136 177.179 277.707
226.258 67.441 3.4589 2.7815 308.464 194.483
195.961 64.9941 3.45695 2.89968 53.3389 1193.38
197.645 65.3936 3.45824 2.90637 62.3759 1103.82
199.349 65.5011 3.45667 2.9123 68.8391 1025.32
201.346 65.895 3.45675 2.93252 76.0794 924.549
202.913 66.1434 3.44924 2.94376 75.3739 848.647
206.494 66.5156 3.45352 2.94438 86.3243 682.976
208.493 66.9214 3.43402 2.90014 107.295 589.079
209.976 66.7108 3.45708 2.9056 140.518 527.221
212.525 66.7004 3.44753 2.8807 163.052 415.892
213.899 66.7653 3.44306 2.8877 166.077 354.868
216.215 66.9498 3.42579 2.90726 150.869 252.021
197.761 64.6379 3.46142 2.9124 110.458 1130.03
200.087 64.937 3.4602 2.89297 91.8605 1015.19
201.637 65.1527 3.46947 2.89675 103.844 938.505
203.551 65.5276 3.46545 2.87553 92.4394 840.442
205.119 65.4924 3.4684 2.87348 110.347 773.153
207.195 65.6571 3.45908 2.86608 158.097 676.58
208.623 65.8937 3.45543 2.87203 113.18 606.26
210.457 65.8251 3.45644 2.87127 146.173 528.758
212.122 65.8371 3.44673 2.88047 175.096 456.377
214.181 66.267 3.42827 2.88706 189.068 352.948
225.657 65.8052 3.47854 2.70073 71.3397 205.755
214.843 62.3987 3.45354 2.93406 118.321 606.935
213.052 64.4091 3.44493 2.9035 146.153 495.782
199.305 63.8864 3.47033 2.88525 92.5251 1099.09
205.522 64.7962 3.46754 2.91438 93.325 784.903
208.018 65.18 3.46237 2.894 180.217 659.892
210.64 65.1479 3.45295 2.89546 158.834 549.565
216.846 65.3064 3.40279 2.79517 188.878 292.885
218.385 65.6035 3.42669 2.83878 253.737 217.557
223.623 65.2225 3.46891 2.96426 140.828 202.538
196.446 62.7492 3.46794 2.89271 107.838 1286.6
199.398 63.2842 3.47078 2.90238 126.083 1128.01
200.922 63.3965 3.47446 2.90724 100.472 1056.09
203.285 63.465 3.47175 2.91223 135.47 951.507
204.379 63.994 3.4683 2.89992 121.125 874.883
205.853 64.1767 3.46528 2.88436 125.236 802.249
214.63 64.613 3.43539 2.92641 192.899 422.723
216.436 64.5012 3.45208 2.87942 189.298 369.877
221.784 64.453 3.53857 2.70739 30.4083 274.284
221.784 64.4525 3.49185 2.76763 84.3085 274.341
223.67 64.5753 3.45396 2.89744 127.114 271.79
195.344 61.9331 3.47396 2.90214 80.3053 1384.51
198.469 62.2938 3.47208 2.91652 111.118 1227.81
201.699 62.7161 3.47857 2.90876 149.368 1064.36
205.93 63.3569 3.46889 2.91135 120.263 847.766
214.222 63.8036 3.44778 2.87329 112.99 499.755
217.924 64.0292 3.44009 2.98293 164.246 372.092
222.48 63.8433 3.39948 2.91271 150.236 342.903
197.317 61.3416 3.48223 2.91762 98.5746 1339.77
198.513 61.678 3.47968 2.91492 111.062 1266.48
200.525 61.7105 3.47794 2.90139 138.469 1180.34
201.703 62.1344 3.47546 2.89719 131.169 1102.51
203.311 62.2195 3.47646 2.90374 79.4693 1030.68
205.146 62.1816 3.45306 2.91724 79.7516 959.707
206.12 62.4787 3.45539 2.92471 80.3399 899.778
216.652 63.0254 3.43919 2.87179 140.744 500.602
218.173 63.0618 3.44277 2.95695 140.88 465.08
221.871 63.109 3.41944 2.96819 81.6385 423.991
193.799 60.3849 3.47822 2.93245 93.0568 1555.46
196.65 60.4135 3.48226 2.92077 87.5372 1433.58
198.04 60.7515 3.47992 2.91669 88.2823 1351.3
199.312 60.6947 3.468 2.90513 95.5125 1303.2
201.041 61.0224 3.45866 2.91428 65.4239 1208.76
202.562 61.4009 3.46035 2.91119 71.8577 1119.61
204.176 61.4907 3.45096 2.9374 102.163 1049.06
205.609 61.9037 3.44173 2.92754 117.483 962.108
206.868 61.8823 3.42839 2.91181 146.94 915.568
209.88 61.7531 3.45058 2.94317 153.324 817.688
212.274 61.7929 3.43872 2.97969 118.09 736.866
213.825 62.1067 3.4398 2.95382 150.468 662.456
217.004 62.4013 3.41957 2.89538 133.305 555.772
218.122 62.3579 3.43454 2.89058 122.166 539.873
221.538 62.4435 3.43717 2.95161 90.0501 498.576
223.206 62.5763 3.43499 2.85939 88.3656 486.841
225.609 62.2024 3.40148 2.88219 86.136 552.912
198.315 59.9237 3.46845 2.90744 69.9293 1401.94
199.908 60.1686 3.45149 2.91517 54.751 1318.97
201.231 60.4742 3.45259 2.91805 45.6266 1242.72
202.813 60.5269 3.44822 2.95057 101.746 1176.69
204.11 60.6801 3.44127 2.93423 152.007 1114.82
205.516 60.8132 3.42594 2.91072 166.512 1051.39
207.791 61.2001 3.4348 2.94401 86.7251 936.985
215.402 61.6061 3.40007 2.90886 160.721 671.084
222.911 61.4593 3.43159 2.91077 70.8115 609.495
224.22 61.4862 3.436 2.91899 90.3516 614.458
226.918 61.1512 3.4215 2.90621 76.2703 685.544
198.736 59.2533 3.44766 2.92064 61.7713 1437.71
200.175 59.1767 3.44943 2.93796 75.7216 1387.56
201.907 59.5938 3.44691 2.93494 141.719 1286.85
202.905 59.7733 3.44503 2.92861 128.923 1234.28
204.792 59.8542 3.43517 2.95813 136.155 1158
205.68 60.1952 3.42902 2.96037 91.3693 1097.05
207.376 60.0815 3.4154 2.89662 90.9132 1047.93
210.276 60.4814 3.4311 3.01477 99.9012 918.248
219.809 60.7718 3.42897 2.89207 37.6141 692.589
221.424 60.3024 3.42255 2.8634 60.3796 737.234
223.909 60.7704 3.43769 2.92921 130.103 691.068
190.452 56.6011 3.4738 2.87123 44.6228 1988.51
202.009 59.0314 3.44899 2.92652 105.104 1329.99
203.561 59.1953 3.4457 2.9602 128.349 1258.99
204.771 59.3922 3.43226 3.02835 56.3224 1198.6
212.597 59.9979 3.41265 2.87196 96.7506 899.46
222.262 59.6304 3.40282 3.01751 54.002 811.722
223.04 60.1218 3.4204 2.96472 113.808 758.669
226.285 59.5898 3.43481 2.90367 55.3957 843.831
227.183 60.2114 3.42958 2.91224 63.271 789.736
212.566 65.1171 3.4431 2.91994 155.213 471.008
203.344 58.6774 3.43629 2.94489 94.6856 1311.83
204.113 58.2637 3.42491 2.95917 49.0845 1321.7
204.991 58.6484 3.42508 2.93189 67.0564 1256.93
207.606 58.6097 3.38112 2.815 65.8148 1175.34
213.66 59.4296 3.35729 2.79964 111.988 931.479
227.731 58.9601 3.43325 2.93145 69.1679 932.238
202.426 57.5673 3.43301 2.93772 58.7639 1443.19
205.548 57.5665 3.40278 2.97058 38.0886 1338.38
224.26 58.4133 3.66439 2.98296 36.7411 954.215
225.482 58.2747 3.67976 2.95583 32.5705 978.921
229.033 59.3946 3.44521 2.91938 67.018 908.875
200.447 56.2848 3.42476 2.86719 61.1015 1629.39
225.424 57.4688 3.46338 2.98747 49.6608 1067.15
228.869 57.9128 3.42948 2.92254 70.4943 1062.77
227.048 56.8144 3.46047 2.95027 39.8098 1155.52
229.75 56.9811 3.4277 2.93844 81.6277 1177.36
212.138 64.8735 3.42415 2.90992 40.2474 502.169
210.428 68.6408 3.35209 2.78864 117.405 523.469
226.879 56.1146 3.48129 2.99217 38.3679 1230.2
229.974 55.9154 3.43371 2.93616 49.2722 1295.14
228.385 55.3279 3.45415 2.9463 89.3208 1334.48
227.653 56.4191 3.44755 2.9304 60.7935 1206.09
209.931 62.7622 3.10033 2.64844 103.506 733.4
211.063 63.7323 3.44817 2.90414 121.882 618.685
211.14 63.4057 3.44418 2.9296 132.329 639.743
218.547 60.1369 3.35868 2.8575 167.951 773.934
217.908 60.4896 3.43638 2.9113 60.1535 743.232
217.507 60.403 3.41597 2.9237 76.0722 758.089
218.338 61.0595 3.43287 2.85947 64.2566 675.986
216.296 60.3923 3.39276 2.90222 81.6153 778.555
216.716 60.1205 3.40004 2.87544 70.1764 800.345
215.271 60.5805 3.37874 2.87457 167.949 778.556
216.679 60.2805 3.40396 2.90742 78.793 783.894
218.244 60.7315 3.42272 2.85785 65.2649 712.714
217.659 60.602 3.42154 2.90269 85.1023 734.511
216.749 60.4427 3.4018 2.91365 106.033 765.492
217.639 60.9231 3.42511 2.93619 85.3511 700.29
218.995 60.8241 3.42692 2.89823 45.9021 694.063
216.976 61.3836 3.3998 2.89275 119.108 662.099
218.049 60.1785 3.4145 2.8484 63.5412 775.157
216.031 60.2361 3.3854 2.90178 113.321 799.762
217.533 61.187 3.42487 2.9449 104.857 673.67
218.652 60.2994 3.42438 2.78486 17.3387 755.042
219.217 60.1294 3.43418 2.94425 35.7742 768.198
216.221 60.072 3.38455 2.85915 83.7953 813.739
216.546 61.2275 3.39787 2.94632 107.513 686.282
