# evlo=214.843201 evla=62.398701
194.627 64.5646 3.42998 2.95395 42.6872 1031.2
217.908 60.4896 3.27209 2.96746 225.804 268.274
217.654 61.036 3.26608 2.96474 291.104 212.457
217.507 60.403 3.31289 3.00395 144.026 263.977
218.338 61.0595 3.35484 2.96232 201.804 237.432
220.363 59.9534 3.31368 2.94364 162.567 402.823
216.3 60.3932 3.33933 3.07186 172.564 236.63
225.144 58.5792 3.35704 2.96429 139.209 707.041
216.716 60.1205 3.32369 2.81505 174.383 273.008
209.013 64.0997 3.45765 2.99236 136.56 348.734
209.094 59.7511 3.38225 3.07838 293.4 427.917
209.259 59.7417 3.37276 3.06094 265.395 422.29
210.701 64.1732 3.40423 3.10397 218.773 286.818
208.846 60.7683 3.3204 3.00258 354.913 366.493
207.916 63.4188 3.4816 3.01486 82.3702 369.82
212.195 64.6453 3.40187 3.02365 235.399 282.94
204.378 55.8218 3.33582 2.85585 141.991 944.371
200.411 54.831 3.26248 2.63772 47.44 1184.11
207.685 63.8827 3.51082 3.04344 98.4834 396.796
208.763 59.5251 3.37449 3.05112 235.531 459.028
209.796 67.2269 3.42307 2.98127 132.049 588.827
216.907 60.7523 3.35169 3.07958 229.459 213.723
218.66 60.9649 3.31363 2.98818 196.477 257.541
209.738 62.4058 3.4396 3.11877 202.354 263.928
217.513 60.0823 3.36206 2.9377 101.94 295.202
214.25 60.5487 3.28339 2.83082 337.085 208.567
196.582 54.8564 3.39445 2.90119 121.471 1345.2
213.401 60.7277 3.32887 3.11923 340.391 201.353
209.784 61.1426 3.36763 3.05914 297.956 301.449
214.766 66.5657 3.44349 2.92185 92.1084 464.57
188.296 63.7758 3.42648 2.8805 50.726 1340.04
203.121 64.7461 3.45228 3.04788 74.3631 637.201
211.074 61.771 3.41067 3.07125 352.595 208.968
212.904 60.8792 3.35397 3.06722 381.804 198.078
215.271 60.5805 3.39421 2.69726 244.744 203.89
216.679 60.2805 3.34423 2.91522 220.282 255.655
218.244 60.7315 3.32594 2.96238 189.403 259.137
213.052 64.4091 3.41384 3.02604 234.827 241.291
217.659 60.6024 3.2521 3.02146 207.04 250.076
216.749 60.4427 3.34176 2.943 232.574 240.524
217.639 60.9231 3.23977 3.02187 300.812 221.294
217.277 60.2474 3.41616 2.90397 91.0758 272.82
218.995 60.824 3.33194 3.01442 196.186 281.577
211.063 63.7318 3.42963 3.04112 229.942 242.039
218.049 60.1785 3.29339 2.92637 197.647 301.19
216.031 60.2361 3.35912 3.01067 120.02 249.233
217.533 61.1871 3.27153 2.89698 269.134 195.836
218.652 60.2994 3.29352 2.9404 115.425 310.176
211.14 63.4056 3.49642 3.11895 229.688 219.151
219.217 60.1294 3.30457 2.93901 234.434 344.862
216.221 60.072 3.33895 3.0228 145.097 269.608
218.856 60.4399 3.29408 2.99134 152.01 305.746
212.138 64.8736 3.41824 3.07892 255.093 306.667
198.929 70.2043 3.31923 2.75816 85.6723 1118.79
203.383 71.3221 3.53701 2.78483 77.115 1110.6
234.753 71.9871 3.4791 2.91555 55.3866 1359.57
198.198 69.3641 3.32945 2.75122 112.804 1079.36
202.84 70.0079 3.3579 2.80613 67.6936 1002.15
206.58 70.34 3.3675 2.78486 62.7369 957.625
194.656 68.2746 3.4022 2.87975 71.9456 1137.6
196.822 68.4753 3.37861 2.88865 78.2339 1069.36
198.806 68.6483 3.36435 2.85063 99.091 1012.1
200.413 69.1049 3.34532 2.81151 104.698 993.496
205.217 69.1565 3.3694 2.91675 93.6449 870.762
209.387 69.836 3.37926 2.81421 96.5569 864.372
211.299 69.72 3.39959 2.8031 61.2539 831.668
215.088 69.9175 3.39853 2.85292 96.6572 838.483
216.289 69.626 3.41076 2.86977 96.9508 808.5
235.93 69.3475 3.51146 2.97393 119.167 1224.52
196.917 67.6988 3.41574 2.89425 70.4823 1024.44
201.885 68.4946 3.36713 2.86524 85.1135 903.753
203.387 68.7132 3.37189 2.88549 94.1802 877.837
207.318 68.8799 3.39428 2.88956 53.4763 800.099
209.319 68.9656 3.39726 2.85463 97.6594 774.26
211.177 69.1532 3.40892 2.82206 88.8495 771.304
213.625 69.322 3.36573 2.9368 73.529 773.941
219.035 69.243 3.4238 2.95384 59.6237 786.417
221.263 69.3286 3.40983 2.90885 115.15 825.364
198.174 67.082 3.44866 2.91326 69.7595 945.716
199.397 67.4213 3.43114 2.91447 97.7922 916.754
202.768 67.4572 3.40175 2.90611 108.293 800.125
203.811 68.2575 3.37432 2.88717 105.513 828.719
206.028 68.4414 3.38996 2.91939 95.956 786.657
208.187 68.1343 3.39908 2.92725 96.3479 710.136
210.384 68.0584 3.43537 2.88199 77.4677 664.194
211.513 68.0748 3.43329 2.9019 143.633 651.498
214.432 68.1207 3.42617 2.76116 107.311 638.265
218.405 68.1861 3.44342 2.94607 125.183 666.057
220.465 68.6043 3.42628 2.94415 124.609 738.517
222.103 68.3889 3.42686 2.96123 115.024 747.15
223.281 66.3701 3.45703 2.91812 187.364 600.541
193.671 65.4742 3.44652 2.96508 39.4846 1087.34
195.352 65.7077 3.44459 2.95255 47.9815 1015.76
200.349 66.6001 3.43821 2.9307 67.3025 836.303
202.227 66.8332 3.43844 2.93701 107.724 777.859
204.275 67.0486 3.40044 2.912 100.659 721.02
206.517 67.2221 3.406 2.92424 185.645 666.401
207.821 67.5076 3.40414 2.94414 127.183 658.317
212.113 67.5187 3.42972 2.95611 132.575 585.089
214.357 67.5933 3.43846 2.82623 101.926 579.606
215.855 67.6946 3.44523 2.97623 150.438 592.352
220.128 67.6136 3.41741 2.94965 108.034 632.071
224.214 67.6106 3.45729 2.92168 121.251 728.462
226.258 67.441 3.46871 2.9303 131.117 777.303
195.961 64.9941 3.44606 2.99388 56.7476 973.458
197.645 65.3936 3.44549 2.96436 59.7761 904.647
199.349 65.5011 3.44271 2.95911 53.3139 831.721
201.346 65.895 3.45571 2.94293 85.7189 761.625
202.913 66.1434 3.44376 2.91945 92.8322 711.229
206.494 66.5156 3.41003 2.90604 174.987 609.028
208.493 66.9214 3.41645 2.92579 128.73 587.811
209.976 66.7108 3.41863 2.97016 160.833 534.041
212.525 66.7004 3.43014 3.04192 91.6617 492.219
213.899 66.7653 3.48098 2.87908 95.0921 488.898
216.215 66.9498 3.45043 2.9742 186.798 511.57
218.345 66.8088 3.42497 2.96451 118.217 519.263
221.978 66.9116 3.45354 2.93406 118.321 606.935
223.778 66.9808 3.46191 2.94232 168.359 664.144
225.729 66.9227 3.46733 2.92091 121.809 722.608
197.761 64.6379 3.43856 3.00397 35.2872 883.001
200.087 64.937 3.43198 3.0071 60.8305 781.212
201.637 65.1527 3.44072 3.02317 69.6952 718.302
203.551 65.5276 3.44938 2.92529 98.7102 652.659
205.119 65.4924 3.44304 2.90225 121.35 587.392
207.195 65.6571 3.40985 2.94625 180.578 520.611
208.623 65.8937 3.41 2.9161 261.007 492.971
210.457 65.8251 3.39286 2.96637 149.271 437.489
212.122 65.8371 3.44373 3.00251 171.353 405.502
214.18 66.267 3.4712 2.847 28.3638 432.429
214.181 66.267 3.45569 2.84355 75.7013 432.426
218.473 66.2305 3.40892 2.9765 92.1995 461.691
221.631 66.2191 3.45265 2.94077 162.57 537.241
225.657 65.8052 3.44804 2.97276 102.427 648.375
213.052 64.4091 3.41384 3.02604 234.827 241.291
199.305 63.8864 3.44777 2.92146 35.642 798.734
205.522 64.7962 3.46049 3.01531 91.5749 533.568
208.018 65.18 3.40146 2.92569 183.893 457.107
210.64 65.1479 3.38397 3.00054 233.578 369.849
216.846 65.3064 3.44851 2.99994 184.169 338.732
218.385 65.6035 3.44225 3.06505 153.28 396.925
220.064 65.4483 3.4398 2.99222 177.972 425.389
221.694 65.3609 3.46032 2.97479 274.393 471.085
223.623 65.2225 3.44125 2.97559 200.958 534.199
196.446 62.7492 3.41467 2.87796 61.134 943.385
199.398 63.2842 3.43695 2.9295 63.2591 791.095
200.922 63.3965 3.4372 2.94612 51.1657 715.09
203.285 63.465 3.42411 2.89302 35.0942 598.103
204.379 63.994 3.46729 3.01778 60.4441 555.154
205.853 64.1767 3.47043 3.01477 85.0712 492.123
214.63 64.613 3.49164 2.91859 164.626 247.054
216.201 64.5654 3.45618 2.98204 47.37 250.806
216.436 64.5012 3.44003 3.2021 213.007 247.456
221.784 64.453 3.42885 2.97085 190.149 415.059
221.784 64.4525 3.43197 2.94849 186.413 415.006
223.67 64.5753 3.42646 2.96281 235.527 501.67
195.344 61.9331 3.42389 3.00154 70.3684 1013.59
198.469 62.2938 3.41647 2.95677 82.9603 846.029
201.699 62.7161 3.41152 2.9223 47.1643 675.886
205.93 63.3569 3.43928 2.9573 105.142 465.533
217.924 64.0292 3.44102 3.02076 374.125 238.797
222.48 63.8433 3.46081 3.02387 192.794 417.329
197.317 61.3416 3.43178 2.96392 70.2587 926.811
198.513 61.678 3.43047 3.01853 68.4098 856.044
200.525 61.7105 3.42872 3.01738 119.247 751.241
201.703 62.1344 3.43105 3.03256 101.74 681.967
203.311 62.2195 3.41623 3.0209 99.5814 597.654
205.146 62.1816 3.4224 3.06132 115.021 503.4
206.12 62.4787 3.39907 2.98975 126.252 450.23
221.871 63.109 3.45288 2.98755 222.796 367.535
193.799 60.3849 3.43628 2.95172 65.6862 1141.36
196.65 60.4135 3.43153 2.94851 91.7871 993.059
198.04 60.7515 3.43212 2.96612 88.6936 908.608
199.312 60.6947 3.42323 2.94739 73.9131 845.203
201.041 61.0224 3.43329 3.00221 106.479 744.48
202.562 61.4009 3.42637 2.99735 161.498 654.065
204.176 61.4907 3.41177 2.99018 125.161 568.349
205.609 61.9037 3.41077 3.05756 182.01 484.21
206.868 61.8823 3.42632 3.03476 182.727 419.637
209.88 61.7531 3.44097 3.08472 244.788 269.157
221.538 62.4435 3.43743 3.06466 219.585 345.805
223.206 62.5763 3.452 3.03218 197.718 431.355
225.609 62.2024 3.44908 3.03116 227.046 558.346
198.315 59.9237 3.42165 2.9794 92.6414 928.553
199.908 60.1686 3.4142 2.96658 117.512 836.366
201.231 60.4742 3.4094 2.95416 160.84 755.762
202.813 60.5269 3.41347 2.98371 113.048 673.313
204.11 60.6801 3.41343 3.00845 127.112 601.287
205.516 60.8132 3.38543 3.00694 172.104 525.04
207.791 61.2001 3.38539 3.03046 166.454 394.958
222.911 61.4593 3.41089 2.99687 127.723 436.171
224.22 61.4862 3.43229 3.04204 102.108 502.191
226.918 61.1512 3.43034 3.00056 119.546 651.321
198.736 59.2533 3.40399 3.00117 73.8454 940.632
200.175 59.1767 3.42066 3.0752 104.917 873.351
201.907 59.5938 3.41369 3.0843 134.941 764.915
202.905 59.7733 3.40967 3.07042 174.286 706.126
204.792 59.8542 3.38143 2.9863 210.22 610.501
205.68 60.1952 3.37288 3.03064 237.037 548.466
207.376 60.0815 3.33389 2.90866 413 476.489
210.276 60.4814 3.36899 3.03336 330.76 323.964
219.809 60.7718 3.30541 2.97566 134.488 319.918
221.424 60.3024 3.29579 2.90854 181.378 422.295
223.909 60.7704 3.4001 3.02808 68.2125 514.03
190.452 56.6011 3.43674 2.98015 54.4951 1512.87
202.009 59.0314 3.40779 2.97979 241.717 792.836
203.561 59.1953 3.4005 2.99914 216.882 709.14
204.771 59.3922 3.39044 2.99146 288.753 640.219
206.768 59.6524 3.34898 2.94489 301.819 532.548
212.597 59.9979 3.33673 2.87347 219.681 293.487
222.262 59.6304 3.28215 2.85141 71.6629 505.593
223.04 60.1218 3.32355 2.91677 177.905 507.289
226.285 59.5898 3.36456 2.89783 98.2978 692.525
227.183 60.2114 3.42541 3.06017 69.1609 703.395
212.566 65.1171 3.47143 3.05675 205.589 323.141
203.344 58.6774 3.40775 3.00268 191.141 753.555
204.113 58.2637 3.38942 3.021 209.051 749.159
204.991 58.6484 3.379 2.99979 244.033 682.408
207.606 58.6097 3.354 2.97652 256.154 579.333
213.66 59.4296 3.27834 2.69886 231.13 336.994
227.731 58.9601 3.3893 2.97746 115.985 799.834
202.426 57.5673 3.40348 3.00618 170.465 875.258
203.613 57.6397 3.37516 2.97404 169.698 818.637
224.26 58.4133 3.35215 2.94561 62.2452 681.894
225.482 58.2747 3.36449 2.96764 95.3466 744.393
229.033 59.3946 3.45822 3.28794 55.1121 837.599
197.939 55.703 3.3937 2.92444 100.43 1217.57
200.447 56.2848 3.38775 2.96339 91.8994 1061.29
228.869 57.9128 3.39261 2.97439 154.497 922.574
227.048 56.8144 3.41341 3.04807 59.2253 925.672
229.75 56.9811 3.39625 2.97899 108.602 1030.1
212.138 64.8735 3.42241 3.06903 260.268 306.662
210.428 68.6408 3.41662 2.89136 96.8227 724.891
226.879 56.1146 3.64038 2.86314 25.6349 977.612
229.974 55.9154 3.42159 3.02632 34.1541 1122.63
228.385 55.3279 3.46117 2.98958 29.7822 1105.32
209.931 62.7622 4.22657 3.96039 340.393 255.652
211.063 63.7323 3.42979 3.04126 229.942 242.05
211.14 63.4057 3.49643 3.11895 229.688 219.151
218.547 60.1369 4.10795 4.27232 221.285 320.85
217.908 60.4896 3.27209 2.96746 225.804 268.274
217.507 60.403 3.31289 3.00395 144.026 263.977
218.338 61.0595 3.35491 2.96238 201.804 237.437
216.296 60.3923 3.33983 3.07232 172.564 236.666
216.716 60.1205 3.32369 2.81505 174.383 273.008
215.271 60.5805 3.39421 2.69726 244.744 203.89
216.679 60.2805 3.34423 2.91522 220.282 255.655
218.244 60.7315 3.32594 2.96238 189.403 259.137
217.659 60.602 3.25237 3.02171 207.04 250.096
216.749 60.4427 3.34176 2.943 232.574 240.524
217.639 60.9231 3.23967 3.02177 300.812 221.287
217.277 60.2474 3.41616 2.90397 91.0758 272.82
218.995 60.8241 3.33185 3.01434 196.186 281.57
218.049 60.1785 3.29339 2.92637 197.647 301.19
216.031 60.2361 3.35912 3.01067 120.02 249.233
217.533 61.187 3.27178 2.89721 269.134 195.851
218.652 60.2994 3.29352 2.9404 115.425 310.176
219.217 60.1294 3.30457 2.93901 234.434 344.862
216.221 60.072 3.33895 3.0228 145.097 269.608
218.856 60.4399 3.29408 2.99134 152.01 305.746
209.518 60.7352 3.35613 3.06103 134.604 338.151
209.518 60.7351 3.35602 3.06093 134.604 338.14
