# evlo=220.064499 evla=65.448303
194.627 64.5646 3.46502 2.89331 79.3238 1195.53
217.908 60.4896 3.42257 2.88739 77.6188 563.333
217.654 61.036 3.39756 2.93553 68.8289 506.425
217.507 60.403 3.40684 2.91282 70.5362 577.045
218.338 61.0595 3.43186 2.866 92.9861 496.781
220.363 59.9534 3.39282 2.96788 97.0248 612.631
216.3 60.3932 3.36141 2.88878 93.2969 594.771
225.144 58.5792 3.72545 2.95728 61.4503 809.807
216.716 60.1205 3.37534 2.84777 86.268 617.721
215.395 60.9677 3.36105 2.92247 133.378 551.58
209.013 64.0997 3.50044 2.99038 185.056 546.04
209.094 59.7511 3.42147 3.07037 99.7886 846.644
209.259 59.7417 3.42351 3.0503 105.31 841.956
210.701 64.1732 3.48761 2.99026 180.675 466.505
208.846 60.7683 3.41473 2.96193 124.631 767.989
207.916 63.4188 3.48587 2.94168 116.914 626.217
212.195 64.6453 3.48606 3.00174 196.98 380.996
207.685 63.8827 3.50212 2.96941 104.459 615.38
208.763 59.5251 3.41488 3.04107 84.5389 877.99
216.907 60.7523 3.39341 2.94813 92.6628 547.002
218.66 60.9649 3.4233 2.88271 75.3138 504.68
209.738 62.4058 3.4449 2.94566 182.506 608.553
217.513 60.0823 3.39807 2.84738 82.8216 611.992
212.624 63.0753 3.4271 2.93847 249.799 446.827
214.225 61.1292 3.39601 2.97527 171.011 563.053
215.93 63.6482 3.44993 2.93857 168.587 282.039
214.25 60.5487 3.35709 2.88487 147.581 619.95
196.582 54.8564 3.43124 2.91571 62.908 1739.82
213.401 60.7277 3.40888 3.009 135.081 623.907
209.784 61.1426 3.43833 3.04334 127.925 702.923
214.766 66.5657 3.42919 2.91527 72.2632 270.759
188.296 63.7758 3.47551 2.89069 74.1908 1515.19
203.121 64.7461 3.47972 2.93574 128.398 797.809
211.074 61.771 3.44664 3.05592 171.083 604.78
216.188 61.4417 3.34189 2.87743 165.774 486.491
212.904 60.8792 3.41645 2.98235 112.315 623.332
215.271 60.5805 3.35059 2.87809 166.196 594.019
216.679 60.2805 3.38358 2.90051 91.9459 601.016
218.244 60.7315 3.40847 2.87856 74.7964 533.672
213.052 64.4091 3.48158 3.00788 237.035 351.138
213.497 60.396 3.381 2.94301 183.259 653.816
215.738 60.3351 3.35408 2.92577 166.365 610.583
208.348 59.6572 3.40636 3.08105 69.5316 880.428
217.659 60.6024 3.40428 2.90175 96.8122 553.586
216.749 60.4427 3.37513 2.89403 118.352 582.565
217.639 60.9231 3.40353 2.95129 117.967 518.87
218.995 60.824 3.4098 2.95758 86.6454 518.235
216.976 61.3836 3.38156 2.89081 147.693 478.488
211.063 63.7318 3.46552 2.93151 213.288 471.181
218.049 60.1785 3.39116 2.87269 60.6848 596.205
216.031 60.2361 3.35656 2.89269 134.115 615.916
217.533 61.1871 3.40033 2.93911 102.956 491.539
218.652 60.2994 3.42625 2.89864 34.5355 578.338
211.14 63.4056 3.44076 2.93238 177.189 486.006
219.217 60.1294 3.39524 2.96589 31.1742 594.395
216.221 60.072 3.35823 2.84722 114.316 630.294
218.856 60.4399 3.4049 2.95989 60.4109 561.575
216.546 61.2275 3.36859 2.98348 142.607 502.221
212.138 64.8736 3.47761 2.97842 154.71 376.886
203.383 71.3221 3.31511 2.67129 34.8617 942.75
205.026 71.0033 3.31685 2.60996 26.9542 873.995
234.753 71.9871 3.51346 2.92796 90.3267 936.27
198.198 69.3641 3.31441 2.7318 41.243 1027.13
202.84 70.0079 3.27573 2.56166 38.7941 883.776
205.387 69.6211 3.28838 2.60128 29.9535 776.913
206.58 70.34 3.31363 2.67018 57.1952 783.318
194.656 68.2746 3.34775 2.7733 81.3925 1148.98
196.822 68.4753 3.34595 2.79074 57.6668 1062.49
200.413 69.1049 3.33002 2.83398 16.8744 934.949
205.217 69.1565 3.33994 2.76583 58.7685 758.68
209.387 69.836 3.32714 2.71933 61.6962 665.338
211.299 69.72 3.3547 2.80936 65.6812 603.975
215.088 69.9175 3.35868 2.83355 134.71 540.851
216.289 69.626 3.3821 2.83402 106.958 492.762
235.93 69.3475 3.54399 2.93999 109.717 804.171
196.917 67.6988 3.36433 2.9097 34.6737 1050.76
201.885 68.4946 3.36278 2.87148 60.3207 859.448
203.387 68.7132 3.35981 2.90349 36.0242 807.856
207.318 68.8799 3.34604 2.80549 65.1604 669.888
209.319 68.9656 3.31881 2.74539 73.4899 606.693
211.177 69.1532 3.33481 2.69885 61.4054 562.277
213.625 69.322 3.35311 2.82739 101.295 512.311
219.035 69.243 3.42836 2.88947 138.044 425.501
221.263 69.3286 3.46324 2.85761 88.5302 435.785
198.174 67.082 3.44205 2.90345 53.2749 994.866
199.397 67.4213 3.41628 2.84851 34.3714 943.431
202.768 67.4572 3.40902 2.88002 48.9971 800.247
203.811 68.2575 3.37061 2.86663 62.5496 776.015
206.028 68.4414 3.39776 2.91995 42.411 696.351
208.187 68.1343 3.38599 2.87576 67.6061 600.902
210.384 68.0584 3.40585 2.92376 80.4118 515.519
211.513 68.0748 3.36994 2.81379 88.6545 476.457
214.432 68.1207 3.37797 2.98997 51.2795 387.321
218.405 68.1861 3.42652 2.91199 175.471 313.878
220.465 68.6043 3.49629 2.94597 133.597 352.394
222.103 68.3889 3.41852 2.73016 105.018 339.811
193.671 65.4742 3.47019 2.91379 67.6388 1214.64
195.352 65.7077 3.47026 2.90306 88.9055 1133.6
198.75 66.442 3.45046 2.91089 73.7963 971.344
200.349 66.6001 3.45014 2.89814 59.525 899.632
202.227 66.8332 3.43944 2.88759 64.2263 817.115
204.275 67.0486 3.43214 2.88046 84.6635 729.83
206.517 67.2221 3.41868 2.90605 75.1175 636.938
207.821 67.5076 3.3894 2.84128 55.6598 590.596
212.113 67.5187 3.41235 2.96171 118.92 422.324
214.357 67.5933 3.36189 2.65691 70.2017 348.547
215.855 67.6946 3.37988 2.95431 114.189 312.376
220.128 67.6136 3.49395 2.85699 184.397 241.48
224.214 67.6106 3.44803 2.85648 260.619 303.471
226.258 67.441 3.49989 2.85958 256.39 354.308
195.961 64.9941 3.46153 2.89784 90.2138 1121.9
197.645 65.3936 3.46817 2.92582 101.325 1035.49
199.349 65.5011 3.46447 2.92593 110.578 955.593
201.346 65.895 3.4638 2.92854 109.279 859.052
202.913 66.1434 3.45427 2.89491 99.9279 786.293
206.494 66.5156 3.44441 2.88075 107.258 626.65
208.493 66.9214 3.4421 2.89568 88.9447 545.93
209.976 66.7108 3.44101 2.85339 117.263 477.227
212.525 66.7004 3.40284 2.83505 102.182 368.508
213.899 66.7653 3.42235 2.95269 73.2782 314.912
216.215 66.9498 3.42275 2.77018 61.3826 240.973
223.778 66.9808 3.4777 2.92063 233.216 239.012
225.729 66.9227 3.49353 2.80305 241.803 303.518
197.761 64.6379 3.46652 2.89532 80.101 1048.8
200.087 64.937 3.4646 2.88854 83.7973 933.425
201.637 65.1527 3.48378 2.97461 63.0408 857.122
203.551 65.5276 3.4715 2.90745 93.4136 762.67
205.119 65.4924 3.4854 2.97561 114.062 691.022
207.195 65.6571 3.4705 2.96001 93.8899 593.967
208.623 65.8937 3.45419 2.85646 112.113 527.791
210.457 65.8251 3.45551 2.96722 106.344 443.981
212.122 65.8371 3.4497 2.91734 135.469 367.978
214.181 66.267 3.41753 2.85676 84.2267 283.574
225.657 65.8052 3.47775 2.91266 175.534 260.615
214.843 62.3987 3.4398 2.99222 177.972 425.389
213.052 64.4091 3.48158 3.00788 237.035 351.138
199.305 63.8864 3.47465 2.94658 116.727 1001.88
205.522 64.7962 3.47415 2.92568 110.275 685.231
208.018 65.18 3.47057 2.93478 109.788 561.561
210.64 65.1479 3.47949 3.00812 121.678 440.517
196.446 62.7492 3.47502 2.91385 85.6017 1182.47
199.398 63.2842 3.47468 2.91748 106.303 1021.66
200.922 63.3965 3.48823 2.93867 64.0538 946.368
203.285 63.465 3.49368 2.95403 116.582 834.545
204.379 63.994 3.48587 2.91203 124.528 762.923
205.853 64.1767 3.48189 2.93576 108.673 688.256
214.63 64.613 3.4561 2.97808 273.426 272.372
216.436 64.5012 3.43323 2.83791 365.554 201.203
223.67 64.5753 3.47884 3.02492 149.249 195.849
195.344 61.9331 3.47504 2.90478 63.6034 1274.5
198.469 62.2938 3.48635 2.92503 72.5212 1111.76
201.699 62.7161 3.48963 2.95183 97.6386 942.346
205.93 63.3569 3.50014 2.92022 108.255 718.595
214.222 63.8036 3.44143 2.88796 217.308 334.073
222.48 63.8433 3.35915 2.95967 149.294 212.918
197.317 61.3416 3.49611 2.99481 64.78 1217.29
198.513 61.678 3.49677 2.96239 73.2702 1143.41
200.525 61.7105 3.46756 2.98092 57.0074 1050.55
201.703 62.1344 3.47792 2.96801 87.9919 973.192
203.311 62.2195 3.47795 2.92953 57.3285 896.236
205.146 62.1816 3.45514 2.93845 131.641 817.414
206.12 62.4787 3.45261 2.92798 151.458 757.026
216.652 63.0254 3.43286 2.95732 188.056 316.707
218.173 63.0618 3.43982 2.88986 152.831 281.39
221.871 63.109 3.39243 2.85188 147.727 275.053
193.799 60.3849 3.49094 2.98788 31.5494 1435.63
196.65 60.4135 3.47816 2.97052 65.4222 1304.77
198.04 60.7515 3.47109 2.95927 81.2599 1220.78
199.312 60.6947 3.45872 2.9225 51.762 1167.79
201.041 61.0224 3.45861 2.89041 60.0054 1070.16
202.562 61.4009 3.46055 2.93307 91.9494 979.033
204.176 61.4907 3.44636 2.90634 158.319 903.15
205.609 61.9037 3.43647 2.91287 154.628 814.723
206.868 61.8823 3.42823 2.93372 182.514 762.658
209.88 61.7531 3.44906 3.0207 174.793 650.739
212.274 61.7929 3.4379 2.98183 137.045 560.771
213.825 62.1067 3.43249 2.97769 152.649 482.725
217.004 62.4013 3.40644 2.8893 184.244 371.281
218.122 62.3579 3.42111 2.88682 182.562 357.422
221.538 62.4435 3.41672 2.87685 172.069 342.638
223.206 62.5763 3.42112 2.91556 120.26 355.033
225.609 62.2024 3.43392 2.85311 74.262 452.931
198.315 59.9237 3.44762 2.92558 68.197 1263.54
199.908 60.1686 3.45146 2.90683 79.4706 1177.03
201.231 60.4742 3.44891 2.9114 149.613 1098.59
202.813 60.5269 3.44503 2.93496 158.158 1027.26
204.11 60.6801 3.43381 2.94539 176.326 961.826
205.516 60.8132 3.42548 2.96715 243.224 894.155
207.791 61.2001 3.43527 2.98768 129.183 774.014
215.402 61.6061 3.38017 2.92673 128.093 486.794
222.911 61.4593 3.40942 2.89499 129.67 466.661
224.22 61.4862 3.43767 2.95266 125.397 487.603
226.918 61.1512 3.42693 2.88739 47.6451 588.854
198.736 59.2533 3.44861 2.92609 123.482 1293.01
200.175 59.1767 3.44768 2.9259 211.71 1237.54
201.907 59.5938 3.44736 2.93735 202.719 1133.72
202.905 59.7733 3.44197 2.95982 205.463 1078.91
204.792 59.8542 3.43083 3.02035 106.323 996.601
205.68 60.1952 3.42965 3.00549 102.166 934.731
207.376 60.0815 3.4106 2.94618 125.254 879.054
210.276 60.4814 3.42546 3.03125 112.044 742.094
219.809 60.7718 3.37116 3.01197 71.1013 521.415
221.424 60.3024 3.42126 2.95069 47.2678 577.684
223.909 60.7704 3.41646 2.95246 125.356 556.121
190.452 56.6011 3.45691 2.90054 46.739 1853.95
202.009 59.0314 3.44494 2.98453 156.034 1172.97
203.561 59.1953 3.43589 3.02336 79.4064 1097.81
204.771 59.3922 3.42893 2.98599 78.2783 1034.54
206.768 59.6524 3.41223 2.94358 108.228 937.445
212.597 59.9979 3.39469 2.91428 106.745 716.543
222.262 59.6304 3.42964 2.98936 105.562 658.114
223.04 60.1218 3.41161 2.89806 97.3289 612.633
226.285 59.5898 3.75874 2.9482 36.3911 726.524
227.183 60.2114 3.44616 2.93292 51.6069 686.331
212.566 65.1171 3.46663 2.98707 153.683 351.71
203.344 58.6774 3.43095 2.98272 68.4061 1148.57
204.113 58.2637 3.43077 2.99198 71.3222 1154.17
204.991 58.6484 3.4237 2.97587 99.0281 1088.49
206.355 58.9287 3.40722 2.96779 116.4 1014.5
207.606 58.6097 3.39931 3.06769 80.5141 999.507
213.66 59.4296 3.33332 2.79822 138.806 747.033
227.731 58.9601 3.44578 2.93284 54.6904 824.554
202.426 57.5673 3.43337 2.96279 42.2849 1277.62
205.548 57.5665 3.38956 2.93437 57.7349 1164.41
224.26 58.4133 3.43171 2.92796 92.1246 813.938
225.482 58.2747 3.44431 2.95498 61.0657 848.028
229.033 59.3946 3.44318 2.90479 56.1393 816.838
197.939 55.703 3.4324 2.91649 53.7405 1612.41
200.447 56.2848 3.4085 2.93778 45.3492 1464.41
223.768 57.9616 3.44261 2.97755 80.6809 856.646
225.424 57.4688 3.45551 2.96612 59.6699 933.184
228.869 57.9128 3.45292 2.98266 38.0897 958.435
227.048 56.8144 3.47146 3.00303 54.6004 1031.56
229.75 56.9811 3.44404 2.94112 28.3845 1074.84
212.138 64.8735 3.47295 2.96368 58.9098 376.898
210.428 68.6408 3.33936 2.79697 79.2553 549.235
226.879 56.1146 3.47533 3.00057 59.5141 1102.75
229.974 55.9154 3.44575 2.99285 27.6893 1189.04
228.385 55.3279 3.47376 2.97858 32.2369 1214.93
227.653 56.4191 3.46842 2.97178 50.4581 1085.17
209.931 62.7622 3.15087 2.78125 135.081 576.685
211.063 63.7323 3.46516 2.93121 213.288 471.132
211.14 63.4057 3.44072 2.93235 177.189 486
218.547 60.1369 3.36739 2.89251 166.196 596.996
217.908 60.4896 3.42257 2.88739 77.6188 563.333
217.507 60.403 3.40684 2.91282 70.5362 577.045
218.338 61.0595 3.43186 2.86599 92.9861 496.78
216.296 60.3923 3.36226 2.88951 93.2969 594.922
216.716 60.1205 3.37534 2.84777 86.268 617.721
215.271 60.5805 3.35059 2.87809 166.196 594.019
216.679 60.2805 3.38358 2.90051 91.9459 601.016
218.244 60.7315 3.40847 2.87856 74.7964 533.672
217.659 60.602 3.40458 2.902 96.8122 553.635
216.749 60.4427 3.37513 2.89403 118.352 582.565
217.639 60.9231 3.40355 2.9513 117.967 518.872
218.995 60.8241 3.40972 2.95752 86.6454 518.224
216.976 61.3836 3.38156 2.89081 147.693 478.488
218.049 60.1785 3.39116 2.87269 60.6848 596.205
216.031 60.2361 3.35656 2.89269 134.115 615.916
217.533 61.187 3.40038 2.93916 102.956 491.547
218.652 60.2994 3.42625 2.89864 34.5355 578.338
219.217 60.1294 3.39524 2.96589 31.1742 594.395
216.221 60.072 3.35823 2.84722 114.316 630.294
218.856 60.4399 3.4049 2.95989 60.4109 561.575
216.546 61.2275 3.36859 2.98348 142.607 502.221
