# evlo=214.630295 evla=64.612999
194.627 64.5646 3.47029 2.92203 82.2072 954.198
217.908 60.4896 3.3712 2.96182 129.827 489.383
217.654 61.036 3.38037 2.94302 158.276 427.326
217.507 60.403 3.36971 2.99138 116.866 491.946
218.338 61.0595 3.36463 2.96578 157.722 438.645
220.363 59.9534 3.37305 2.93961 128.676 598.005
216.3 60.3932 3.36432 2.90547 72.7901 478.071
225.144 58.5792 3.48233 3.08408 60.2948 871.646
216.716 60.1205 3.36248 2.76306 78.2087 512.132
209.013 64.0997 3.53169 2.97724 260.334 277.242
209.094 59.7511 3.42238 3.0776 91.5551 613.288
209.259 59.7417 3.43464 3.10404 120.799 610.279
210.701 64.1732 3.50521 3.05237 336.487 195.769
208.846 60.7683 3.38977 2.91308 171.36 520.478
207.916 63.4188 3.50276 2.94895 258.542 354.118
204.378 55.8218 3.35925 2.89943 129.753 1129.28
207.685 63.8827 3.53293 2.99658 194.558 346.347
208.763 59.5251 3.39591 3.08302 64.752 644.075
209.796 67.2269 3.39858 2.90373 202.863 365.064
216.907 60.7523 3.39939 3.01925 122.353 445.755
218.66 60.9649 3.35542 2.91944 143.867 455.455
209.738 62.4058 3.44323 2.94475 282.753 346.05
217.513 60.0823 3.3785 2.95758 122.121 526.429
212.624 63.0753 3.40602 2.91415 320.512 197.784
214.225 61.1292 3.40423 2.9575 167.973 388.847
214.25 60.5487 3.3831 2.85509 199.682 453.405
196.582 54.8564 3.43359 2.89989 91.7362 1476.88
213.401 60.7277 3.38979 2.96374 201.009 437.575
209.784 61.1426 3.42228 3.00902 145.867 458.457
214.766 66.5657 3.43172 2.91249 186.249 217.818
188.296 63.7758 3.47853 2.84861 76.5555 1273.73
203.121 64.7461 3.48514 2.9271 119.218 548.906
211.074 61.771 3.44387 3.04353 230.399 363.742
216.188 61.4417 3.36641 3.07574 167.457 362.138
212.904 60.8792 3.40783 3.04026 186.485 425.369
216.679 60.2805 3.37259 2.84402 84.1075 494.251
218.244 60.7315 3.38071 2.94944 117.581 470.402
213.497 60.396 3.38277 2.91986 200.556 473.597
215.738 60.3351 3.32885 2.99128 74.2985 480.175
217.659 60.6024 3.37408 2.97702 129.667 473.161
217.639 60.9231 3.38235 2.9266 170.962 438.928
217.277 60.2474 3.39859 2.90823 32.7333 505.285
218.995 60.824 3.3469 2.93491 173.586 477.462
216.976 61.3836 3.39725 2.95648 213.327 379.01
211.063 63.7318 3.442 2.91718 372.013 199.334
218.049 60.1785 3.37789 2.94547 142.622 524.729
216.031 60.2361 3.34858 2.93065 99.1923 493.121
217.533 61.1871 3.38654 2.95503 149.879 409.274
218.652 60.2994 3.35167 2.89067 64.4879 523.416
211.14 63.4056 3.42049 2.86856 357.251 217.362
219.217 60.1294 3.3508 2.85463 117.893 552.903
216.221 60.072 3.34536 2.84612 74.3261 512.722
218.856 60.4399 3.35931 2.9146 92.1531 513.219
216.546 61.2275 3.38061 3.03662 216.481 389.649
198.929 70.2043 3.31966 2.72865 76.0173 912.859
203.383 71.3221 3.32632 2.7234 138.111 881.098
205.026 71.0033 3.332 2.71834 79.2743 817.579
234.753 71.9871 3.41393 2.894 84.978 1158.22
198.198 69.3641 3.32312 2.72602 49.3498 887.019
202.84 70.0079 3.32895 2.77071 78.0032 784.574
205.387 69.6211 3.3482 2.78792 77.0001 686.159
206.58 70.34 3.32837 2.70438 81.087 724.213
194.656 68.2746 3.40404 2.89455 67.1024 974.456
196.822 68.4753 3.37425 2.82636 81.4774 896.339
198.806 68.6483 3.34911 2.80564 86.4183 829.117
200.413 69.1049 3.35624 2.81538 99.2857 796.785
205.217 69.1565 3.35674 2.84128 106.548 651.968
209.387 69.836 3.34221 2.81305 125.112 624.472
211.299 69.72 3.37583 2.81353 84.2582 587.335
215.088 69.9175 3.35387 2.76471 180.614 591.91
216.289 69.626 3.37053 2.86917 195.636 563.627
235.93 69.3475 3.51284 2.93291 174.279 1061.29
196.917 67.6988 3.43607 2.94547 54.933 866.377
201.885 68.4946 3.37556 2.89075 65.7069 710.406
203.387 68.7132 3.36932 2.87538 108.367 673.664
207.318 68.8799 3.36572 2.82764 106.679 573.881
209.319 68.9656 3.35908 2.83827 128.57 538.258
211.177 69.1532 3.38174 2.87779 92.5284 528.26
213.625 69.322 3.37838 2.82779 158.243 526.967
219.035 69.243 3.40167 2.92535 152.768 550.793
221.263 69.3286 3.41021 2.88522 168.839 599.632
199.397 67.4213 3.45273 2.97793 69.4444 756.248
202.768 67.4572 3.4109 2.86573 119.788 622.929
203.811 68.2575 3.39017 2.89028 108.562 629.606
206.028 68.4414 3.38595 2.90137 93.9694 572.211
208.187 68.1343 3.36593 2.88996 129.276 486.604
210.384 68.0584 3.42205 2.83295 110.456 428.513
211.513 68.0748 3.41045 2.95901 135.009 410.382
214.432 68.1207 3.39543 2.85824 160.777 391.252
218.405 68.1861 3.42387 2.92295 243.629 432.5
220.465 68.6043 3.43342 2.90731 145.929 514.269
222.103 68.3889 3.43023 2.86122 120.704 535.849
223.281 66.3701 3.45555 2.85812 221.71 445.425
193.671 65.4742 3.45436 2.92345 55.6618 987.159
195.352 65.7077 3.45866 2.91572 45.8772 908.537
198.75 66.442 3.47318 2.89126 81.0541 759.814
200.349 66.6001 3.48953 2.86981 41.344 692.883
202.227 66.8332 3.50105 2.96758 114.865 619.397
204.275 67.0486 3.41447 2.8491 65.4769 544.723
206.517 67.2221 3.43265 2.95604 154.457 469.739
207.821 67.5076 3.40069 2.92335 138.664 445.979
212.113 67.5187 3.45149 3.01138 122.411 343.413
214.357 67.5933 3.40856 2.83631 150.314 332.559
215.855 67.6946 3.42388 2.8904 159.924 348.024
220.128 67.6136 3.43197 2.89133 143.442 416.472
224.214 67.6106 3.42627 2.89904 207.844 546.215
226.258 67.441 3.45957 2.8839 174.974 613.089
195.961 64.9941 3.46485 2.90643 68.7584 884.959
197.645 65.3936 3.45774 2.87694 62.3426 803.402
199.349 65.5011 3.45435 2.8673 63.8819 724.323
201.346 65.895 3.46464 2.92773 71.6063 635.673
202.913 66.1434 3.47989 2.89777 46.3977 570.048
206.494 66.5156 3.47962 2.92224 111.942 431.003
208.493 66.9214 3.44033 2.95213 135.74 380.922
209.976 66.7108 3.40959 2.96988 209.124 316.952
212.525 66.7004 3.46906 2.97388 177.787 252.079
213.899 66.7653 3.4592 2.93604 184.834 242.327
216.215 66.9498 3.41136 2.8731 209.784 270.46
218.345 66.8088 3.41994 2.92525 191.501 298.291
221.978 66.9116 3.43539 2.92641 192.899 422.723
223.778 66.9808 3.44847 2.89225 272.421 494.251
225.729 66.9227 3.46977 2.85983 179.393 568.941
197.761 64.6379 3.47647 2.9138 81.7076 804.567
200.087 64.937 3.47152 2.91235 103.366 691.245
201.637 65.1527 3.47319 2.87485 65.3126 617.486
203.551 65.5276 3.47847 2.87941 102.473 530.46
205.119 65.4924 3.48961 2.86731 61.074 457.938
207.195 65.6571 3.50676 3.03017 164.606 367.635
208.623 65.8937 3.47528 2.90752 114.72 314.781
210.457 65.8251 3.4816 2.99654 196.589 237.403
218.473 66.2305 3.4512 2.95575 282.089 253.624
221.631 66.2191 3.4409 2.88907 186.843 370.888
225.657 65.8052 3.46953 2.90297 129.104 532.209
214.843 62.3987 3.49164 2.91859 164.626 247.054
199.305 63.8864 3.47612 2.91036 151.859 745.739
205.522 64.7962 3.50063 2.93275 113.963 434.546
208.018 65.18 3.5953 3.57319 62.6831 319.313
210.64 65.1479 3.54692 2.86606 184.369 198.241
218.385 65.6035 3.46217 2.90935 300.923 208.067
220.064 65.4483 3.4561 2.97808 273.426 272.372
221.694 65.3609 3.46962 2.96493 193.337 343.45
223.623 65.2225 3.47695 2.97618 198.975 430.563
196.446 62.7492 3.47191 2.90675 126.646 920.116
199.398 63.2842 3.48345 2.88822 130.451 759.303
200.922 63.3965 3.49225 2.91198 82.5502 682.781
203.285 63.465 3.48894 2.8854 126.72 568.133
204.379 63.994 3.48496 2.86058 126.681 500.395
205.853 64.1767 3.49507 2.90247 154.049 425.839
221.784 64.453 3.47235 2.95921 123.538 343.649
221.784 64.4525 3.46613 2.95368 146.878 343.627
223.67 64.5753 3.45393 2.9671 137.562 432.547
195.344 61.9331 3.48146 2.89241 66.7027 1008.6
198.469 62.2938 3.48959 2.89324 91.3227 843.916
201.699 62.7161 3.49843 2.93328 109.048 672.95
205.93 63.3569 3.52429 2.98198 241.174 447.951
222.48 63.8433 3.48792 3.03423 134.949 390.23
197.317 61.3416 3.49026 2.93971 78.766 946.866
198.513 61.678 3.49192 2.94609 66.9366 872.988
200.525 61.7105 3.47088 2.96843 59.4465 778.767
201.703 62.1344 3.48634 2.96152 82.348 701.622
203.311 62.2195 3.48973 2.96587 133.57 624.019
205.146 62.1816 3.45618 2.94859 306.756 545.295
206.12 62.4787 3.45054 2.95132 292.132 484.902
216.652 63.0254 3.43869 2.95757 225.449 203.043
218.173 63.0618 3.4728 2.92969 225.245 245.48
221.871 63.109 3.48113 2.9387 134.117 393.26
193.799 60.3849 3.48068 2.9257 48.6697 1165.54
196.65 60.4135 3.47766 2.937 65.6956 1032.88
198.04 60.7515 3.47646 2.95651 93.9334 948.724
199.312 60.6947 3.4728 2.94652 83.5116 895.419
201.041 61.0224 3.47131 2.92767 121.496 797.853
202.562 61.4009 3.46116 2.92333 151.321 706.84
204.176 61.4907 3.44586 2.91156 209.3 631.885
205.609 61.9037 3.42607 2.91013 256.487 543.769
206.868 61.8823 3.39813 2.90662 235.453 494.151
209.88 61.7531 3.44828 3.01499 202.354 398.335
212.274 61.7929 3.44202 3.09247 174.853 335.908
213.825 62.1067 3.39791 2.96876 256.544 282.256
217.004 62.4013 3.45095 2.93962 192.976 273.353
218.122 62.3579 3.41533 2.8589 130.963 305.619
221.538 62.4435 3.48012 2.88242 120.99 419.875
223.206 62.5763 3.50587 2.95461 98.1066 481.929
225.609 62.2024 3.50403 2.98586 103.146 609.77
198.315 59.9237 3.46645 2.9461 83.2466 991.279
199.908 60.1686 3.45885 2.92689 128.499 905.154
201.231 60.4742 3.44944 2.92227 219.233 827.084
202.813 60.5269 3.44521 2.94641 223.456 757.391
204.11 60.6801 3.4211 2.91911 274.572 693.671
205.516 60.8132 3.3996 2.92628 298.2 628.902
207.791 61.2001 3.42793 2.99019 179.443 514.8
215.402 61.6061 3.50862 3.15824 78.6965 337.408
222.911 61.4593 3.47697 2.93327 101.184 546.277
224.22 61.4862 3.46749 2.94942 114.144 596.362
226.918 61.1512 3.47798 2.95978 116.469 732.842
198.736 59.2533 3.45159 2.91699 188.983 1021.8
200.175 59.1767 3.44287 2.92124 160.157 968.144
201.907 59.5938 3.44025 2.93936 215.82 865.82
202.905 59.7733 3.43053 2.93687 200.495 812.388
204.792 59.8542 3.42153 3.00297 183.249 735.319
205.68 60.1952 3.42167 3.00884 159.281 674.51
207.376 60.0815 3.38035 2.86776 136.362 628.687
210.276 60.4814 3.44362 3.08495 142.506 511.826
219.809 60.7718 3.37609 2.93257 131.054 503.251
221.424 60.3024 3.38925 2.92345 78.7573 594.101
223.909 60.7704 3.47524 2.96009 66.7531 638.566
190.452 56.6011 3.4597 2.90074 48.6121 1581.59
202.009 59.0314 3.43734 2.94137 305.783 907.724
203.561 59.1953 3.43932 3.01294 152.112 836.279
204.771 59.3922 3.4291 3.06168 119.685 776.352
206.768 59.6524 3.384 2.90875 152.41 687.342
212.597 59.9979 3.40138 2.97159 135.455 524.989
222.262 59.6304 3.39155 2.9295 85.248 682.371
223.04 60.1218 3.45751 2.99022 90.3752 662.308
226.285 59.5898 3.48049 3.00162 66.308 824.684
227.183 60.2114 3.48736 2.95689 71.2574 811.058
203.344 58.6774 3.43836 3.04914 84.2096 889.319
204.113 58.2637 3.41744 3.05485 73.2155 900.702
204.991 58.6484 3.41065 2.96044 83.0051 836.635
206.355 58.9287 3.39345 2.93169 147.256 768.158
207.606 58.6097 3.36819 2.88262 127.835 764.81
213.66 59.4296 3.37527 2.79152 180.616 579.878
227.731 58.9601 3.47891 2.98248 86.4941 932.009
202.426 57.5673 3.42342 3.01318 72.7795 1021.18
203.613 57.6397 3.39553 2.88482 62.0791 975.076
205.548 57.5665 3.39673 2.99969 88.4811 923.584
224.26 58.4133 3.43636 3.02082 73.8569 858.338
225.482 58.2747 3.40026 2.65082 22.3916 910.755
229.033 59.3946 3.47586 3.00827 55.8725 949.045
197.939 55.703 3.43203 2.89529 83.7231 1350.03
200.447 56.2848 3.39207 2.82863 56.2686 1207.09
223.768 57.9616 3.42286 2.97346 84.5986 886.592
225.424 57.4688 3.46614 3.02919 65.3842 984.063
228.869 57.9128 3.47283 2.95416 77.5162 1063.76
227.048 56.8144 3.45505 2.96588 18.9803 1098.08
229.75 56.9811 3.46898 2.97963 59.905 1177.88
210.428 68.6408 3.39341 2.84867 151.504 485.938
226.879 56.1146 3.49085 3.0373 44.0641 1159.12
229.974 55.9154 3.45982 2.98501 28.3089 1281.83
228.385 55.3279 3.48613 3.02207 39.472 1282.66
227.653 56.4191 3.4719 3.03736 45.0995 1155.2
209.931 62.7622 2.40711 2.10476 200.699 310.712
211.063 63.7323 3.44114 2.91644 372.013 199.283
211.14 63.4057 3.42039 2.86848 357.251 217.356
218.547 60.1369 4.00622 3.4059 42.6161 538.232
217.908 60.4896 3.3712 2.96182 129.827 489.383
217.507 60.403 3.36971 2.99138 116.866 491.946
218.338 61.0595 3.36465 2.96579 157.722 438.648
216.296 60.3923 3.3648 2.90588 72.7901 478.138
216.716 60.1205 3.36248 2.76306 78.2087 512.132
216.679 60.2805 3.37259 2.84402 84.1075 494.251
218.244 60.7315 3.38071 2.94944 117.581 470.402
217.659 60.602 3.37433 2.97724 129.667 473.195
217.639 60.9231 3.38232 2.92657 170.962 438.924
217.277 60.2474 3.39859 2.90823 32.7333 505.285
218.995 60.8241 3.34683 2.93485 173.586 477.452
216.976 61.3836 3.39725 2.95648 213.327 379.01
218.049 60.1785 3.37789 2.94547 142.622 524.729
216.031 60.2361 3.34858 2.93065 99.1923 493.121
217.533 61.187 3.38666 2.95513 149.879 409.288
218.652 60.2994 3.35167 2.89067 64.4879 523.416
219.217 60.1294 3.3508 2.85463 117.893 552.903
216.221 60.072 3.34536 2.84612 74.3261 512.722
218.856 60.4399 3.35931 2.9146 92.1531 513.219
216.546 61.2275 3.38061 3.03662 216.481 389.649
209.518 60.7352 3.41454 3.0582 106.372 505.038
209.518 60.7351 3.41453 3.0582 106.372 505.038
