# evlo=218.172501 evla=63.061798
194.627 64.5646 3.4451 2.87261 65.6089 1164.9
217.908 60.4896 3.39029 2.88656 140.378 286.988
217.654 61.036 3.37322 2.98108 248.094 227.391
217.507 60.403 3.37222 2.89044 110.235 298.377
218.338 61.0595 3.37374 2.6493 140.87 223.316
220.363 59.9534 3.39303 3.00005 192.322 365.447
216.3 60.3932 3.31836 2.91638 208.881 313.407
225.144 58.5792 3.46812 3.08343 86.781 626.468
216.716 60.1205 3.32998 2.78641 198.228 336.754
215.395 60.9677 3.28114 2.9095 263.795 274.948
209.013 64.0997 3.45815 2.92396 185.249 468.934
209.094 59.7511 3.39189 3.02949 190.03 608.418
209.259 59.7417 3.38555 3.00909 193.415 602.161
210.701 64.1732 3.43175 2.80708 145.818 390.476
208.846 60.7683 3.3682 2.94448 266.29 551.99
207.916 63.4188 3.42858 3.00733 236.494 516.445
212.195 64.6453 3.51173 2.96123 157.856 342.751
204.378 55.8218 3.33269 2.88009 82.9336 1119.42
207.685 63.8827 3.43877 2.9058 146.117 530.152
208.763 59.5251 3.38374 3.02298 181.595 639.1
209.796 67.2269 3.43799 2.91042 160.36 607.351
216.907 60.7523 3.33266 2.93565 222.87 265.816
218.66 60.9649 3.36492 2.91185 105.436 235.079
209.738 62.4058 3.49825 3.13846 111.191 437.134
217.513 60.0823 3.33842 2.83622 133.559 333.871
212.624 63.0753 3.43865 3.025 159.346 280.411
214.225 61.1292 3.32568 2.91178 264.195 298.066
214.25 60.5487 3.27771 2.80426 353.674 348.036
196.582 54.8564 3.40439 2.91409 111.242 1530.07
213.401 60.7277 3.3347 2.91298 254.307 361.202
209.784 61.1426 3.40068 3.06533 262.347 487.026
214.766 66.5657 3.4689 2.87784 167.089 422.694
188.296 63.7758 3.45859 2.84256 51.6042 1480.64
203.121 64.7461 3.46284 2.84744 87.68 760.501
211.074 61.771 3.43907 3.07394 226.918 393.803
216.188 61.4417 3.28866 2.9996 330.836 207.919
212.904 60.8792 3.34079 2.91623 214.23 367.927
215.271 60.5805 3.2798 2.92227 231.955 315.923
216.679 60.2805 3.34218 2.89865 229.058 319.86
218.244 60.7315 3.36155 2.82305 116.231 259.725
213.052 64.4091 3.51618 3.00022 200.855 294.036
213.497 60.396 3.30986 2.83167 247.267 386.272
215.738 60.3351 3.29542 2.92957 242.229 329.993
208.348 59.6572 3.39377 3.03859 162.077 647.073
217.659 60.6024 3.37489 2.91177 168.894 275.409
225.615 58.2758 3.47141 3.01981 93.3749 669.888
215.581 59.9268 3.29367 2.773 152.334 375.558
216.749 60.4427 3.33036 2.89759 273.829 301.387
217.639 60.9231 3.38701 2.99888 200.249 239.977
214.077 61.4924 3.35757 2.89148 261.562 275.238
211.542 61.4131 3.41302 3.08699 337.632 390.399
197.4 66.8951 3.72293 3.53095 19.0223 1063.3
209.077 63.5527 3.41551 2.95348 217.416 458.932
217.277 60.2474 3.34011 2.78591 113.222 317.201
218.995 60.824 3.34151 3.07562 145.288 253.097
216.976 61.3836 3.29208 2.89576 292.701 197.108
211.063 63.7318 3.42559 2.97076 244.003 362.934
218.049 60.1785 3.37798 2.87377 110.123 321.379
216.031 60.2361 3.30459 2.85481 212.168 334.683
217.533 61.1871 3.37113 3.06674 280.099 211.578
218.652 60.2994 3.31086 2.90213 73.7428 308.886
211.14 63.4056 3.43498 3.0046 241.304 355.403
219.217 60.1294 3.29102 2.78244 158.761 331.445
216.221 60.072 3.30777 2.77468 190.417 348.904
218.856 60.4399 3.29115 2.83434 106.377 294.404
216.546 61.2275 3.31537 2.94799 326.979 221.32
207.417 57.7828 3.34415 2.86785 209.382 832.883
212.138 64.8736 3.52149 2.9723 124.769 357.783
198.929 70.2043 3.34764 2.74628 47.5708 1157.01
203.383 71.3221 3.35186 2.74321 120.07 1115.19
205.026 71.0033 3.55648 2.75682 97.5387 1049.68
234.753 71.9871 3.50187 2.92389 108.613 1212.39
198.198 69.3641 3.34446 2.7644 93.946 1132.49
202.84 70.0079 3.36931 2.78193 64.7143 1025.95
205.387 69.6211 3.3884 2.79864 72.2068 925.17
206.58 70.34 3.34875 2.77328 96.7452 956.006
194.656 68.2746 3.45007 3.00748 33.4089 1217.18
196.822 68.4753 3.40769 2.87088 56.9676 1140.53
198.806 68.6483 3.38625 2.85946 94.2654 1074.27
200.413 69.1049 3.36798 2.81653 65.2589 1042.15
205.217 69.1565 3.39654 2.83701 76.94 893.574
209.387 69.836 3.3608 2.83188 134.924 849.084
211.299 69.72 3.38273 2.82873 93.1062 802.387
215.088 69.9175 3.40839 2.73194 63.8577 776.501
216.289 69.626 3.38916 2.85388 126.379 736.744
235.93 69.3475 3.53371 2.98928 185.214 1056.49
201.885 68.4946 3.38924 2.88234 66.8774 955.886
203.387 68.7132 3.39525 2.8803 73.8387 918.587
207.318 68.8799 3.39408 2.85076 108.473 812.629
209.319 68.9656 3.37242 2.83442 117.436 769.555
211.177 69.1532 3.37364 2.85473 107.841 748.183
213.625 69.322 3.38661 2.90225 148.382 727.046
219.035 69.243 3.42232 2.89686 67.0355 690.34
221.263 69.3286 3.42989 2.81015 93.1436 712.324
198.174 67.082 3.51676 3.10886 29.5113 1036.08
199.397 67.4213 3.48245 3.00858 39.5318 997.694
202.768 67.4572 3.44108 2.89299 90.9466 866.975
203.811 68.2575 3.39801 2.90381 82.4741 874.999
206.028 68.4414 3.42115 2.89049 64.4349 815.635
208.187 68.1343 3.42042 2.8817 102.79 727.578
210.384 68.0584 3.41732 2.86402 132.675 662.083
211.513 68.0748 3.39934 2.89845 130.922 637.132
214.432 68.1207 3.42761 2.87992 84.2543 589.61
218.405 68.1861 3.42509 2.93501 144.538 571.466
220.465 68.6043 3.44635 2.90471 87.5562 626.722
222.103 68.3889 3.42894 2.84114 103.629 620.467
223.281 66.3701 3.45088 3.00763 238.121 441.685
193.671 65.4742 3.45717 2.87871 51.8567 1209.11
195.352 65.7077 3.46849 2.87912 44.0911 1133.05
200.349 66.6001 3.56745 3.1761 21.9746 929.288
202.227 66.8332 3.50663 2.98001 63.9015 859.566
204.275 67.0486 3.4493 2.92723 84.0031 788.269
206.517 67.2221 3.44017 2.90807 123.854 715.178
207.821 67.5076 3.42897 2.91867 110.39 690.529
212.113 67.5187 3.42245 2.87963 111.7 571.155
214.357 67.5933 3.43638 2.92337 121.106 535.375
215.855 67.6946 3.44684 2.92247 159.387 527.584
220.128 67.6136 3.45739 2.87022 104.164 515.56
224.214 67.6106 3.44469 2.92867 126.517 579.42
226.258 67.441 3.47914 2.97581 181.726 616.381
195.961 64.9941 3.44436 2.87168 50.3706 1100.82
197.645 65.3936 3.45008 2.85177 60.7809 1024.5
199.349 65.5011 3.45469 2.87962 44.312 947.387
201.346 65.895 3.46011 2.89061 53.3501 865.407
202.913 66.1434 3.55358 3.18641 43.277 804.568
206.494 66.5156 3.46461 2.92896 100.984 674.075
208.493 66.9214 3.45488 2.92598 78.6643 626.305
209.976 66.7108 3.46814 2.94505 144.72 561.55
212.525 66.7004 3.43613 2.90592 141.275 485.584
213.899 66.7653 3.42884 2.91622 96.6514 459.544
216.215 66.9498 3.45933 2.97231 142.551 443.148
218.345 66.8088 3.43729 2.80887 104.22 417.838
221.978 66.9116 3.44277 2.95695 140.88 465.08
223.778 66.9808 3.46379 2.94884 162.511 510.191
225.729 66.9227 3.46486 2.92099 154.204 558.205
197.761 64.6379 3.44493 2.86359 59.4337 1014.74
200.087 64.937 3.44847 2.84686 54.1088 905.896
201.637 65.1527 3.45136 2.83903 46.1897 836.284
203.551 65.5276 3.45194 2.88623 57.9296 757.263
205.119 65.4924 3.45966 2.81072 42.201 686.368
207.195 65.6571 3.51691 2.97651 117.295 602.903
208.623 65.8937 3.48402 2.94927 85.5586 556.435
210.457 65.8251 3.48127 2.90596 76.1503 482.083
212.122 65.8371 3.46322 2.92642 194.885 424.603
214.18 66.267 3.43722 2.96062 78.7105 404.854
214.181 66.267 3.44964 2.90326 75.3037 404.832
218.473 66.2305 3.4439 2.77948 125.859 353.561
221.631 66.2191 3.45201 2.93026 123.235 388.764
225.657 65.8052 3.45903 2.97357 176.161 472.278
213.052 64.4091 3.51618 3.00022 200.855 294.036
199.305 63.8864 3.44302 2.92258 109.502 941.518
205.522 64.7962 3.46744 2.86936 93.9103 648.739
208.018 65.18 3.55924 3.03466 96.8299 547.38
210.64 65.1479 3.49792 2.97835 155.253 434.241
216.846 65.3064 3.45952 3.03472 217.419 258.389
218.385 65.6035 3.46514 2.76983 155.911 283.54
220.064 65.4483 3.43982 2.88986 152.831 281.39
221.694 65.3609 3.43768 2.98111 222.387 308.01
223.623 65.2225 3.45713 2.99591 329.01 358.161
196.446 62.7492 3.44177 2.93095 108.788 1099.78
199.398 63.2842 3.44148 2.91704 146.056 942.673
200.922 63.3965 3.44533 2.91959 104.362 865.433
203.285 63.465 3.43735 2.9431 159.941 747.261
204.379 63.994 3.4473 2.92102 120.359 692.734
205.853 64.1767 3.44832 2.8723 117.284 622.45
214.63 64.613 3.4728 2.92969 225.245 245.48
216.201 64.5654 3.41629 2.91148 56.0232 193.692
221.784 64.453 3.43846 3.02035 378.102 236.214
221.784 64.4525 3.44546 2.99191 307.198 236.156
223.67 64.5753 3.41977 2.91241 218.557 318.834
195.344 61.9331 3.44271 2.93879 67.6857 1176.98
198.469 62.2938 3.43819 2.92263 129.423 1009.02
201.699 62.7161 3.44333 2.95675 113.1 836.532
205.93 63.3569 3.43663 2.97264 175.9 615.852
214.222 63.8036 3.49106 2.82704 198.919 213.82
222.48 63.8433 3.46395 2.96673 324.712 231.811
197.317 61.3416 3.44417 2.97631 105.843 1097.26
198.513 61.678 3.43759 2.94818 105.002 1025.06
200.525 61.7105 3.42876 2.96846 128.162 922.248
201.703 62.1344 3.43228 2.97039 127.624 849.917
203.311 62.2195 3.41971 2.95432 102.962 766.297
205.146 62.1816 3.42328 3.01978 111.083 674.587
193.799 60.3849 3.46143 3.08899 43.8513 1314.12
196.65 60.4135 3.42849 2.93743 86.6954 1168.95
198.04 60.7515 3.43623 2.93757 71.1692 1084.08
201.041 61.0224 3.44327 3.01091 79.8299 921.739
202.562 61.4009 3.44089 3.00426 94.663 830.32
204.176 61.4907 3.43486 2.98097 73.6684 745.909
205.609 61.9037 3.42562 3.01872 106.179 659.491
206.868 61.8823 3.46428 3.06615 123.606 596.928
209.88 61.7531 3.47097 3.15362 182.211 452.472
212.274 61.7929 3.41649 3.03578 266.219 335.796
213.825 62.1067 3.40436 2.96884 389.777 247.424
223.206 62.5763 3.51956 3.22442 195.411 262.233
225.609 62.2024 3.50096 3.12256 206.312 393.175
198.315 59.9237 3.43871 3.01661 63.6681 1108.78
199.908 60.1686 3.43434 3.01831 60.2883 1017.19
201.231 60.4742 3.4311 3.01514 90.7216 936.548
202.813 60.5269 3.44706 3.09275 65.3545 855.557
204.11 60.6801 3.44654 3.09101 91.3924 784.177
205.516 60.8132 3.42262 3.08252 151.395 708.759
207.791 61.2001 3.42128 3.09629 144.744 579.209
215.402 61.6061 3.29313 2.88565 427.141 216.617
222.911 61.4593 3.46575 2.88882 132.379 304.029
224.22 61.4862 3.46998 2.97988 199.808 359.607
226.918 61.1512 3.46579 3.00287 131.411 503.323
200.175 59.1767 3.44739 3.11504 46.0058 1057.7
201.907 59.5938 3.44282 3.10582 97.7393 949.494
202.905 59.7733 3.43677 3.08588 117.089 890.947
204.792 59.8542 3.40635 2.99942 152.203 796.013
205.68 60.1952 3.40355 3.01507 172.944 733.92
207.376 60.0815 3.37101 2.94158 335.858 661.653
210.276 60.4814 3.3908 3.01351 241.58 505.884
219.809 60.7718 3.35625 2.93749 218.583 269.287
221.424 60.3024 3.38302 2.89765 200.29 352.325
223.909 60.7704 3.46725 2.90949 86.7112 394.805
190.452 56.6011 3.44567 3.02277 34.8264 1695.52
202.009 59.0314 3.42598 2.98014 142.78 978.276
203.561 59.1953 3.41402 3.00433 159.858 894.72
204.771 59.3922 3.40979 2.99119 272.406 825.704
206.768 59.6524 3.3783 2.95684 270.351 717.241
212.597 59.9979 3.30364 2.77117 175.343 451.98
222.262 59.6304 3.39117 2.92268 151.358 440.381
223.04 60.1218 3.44285 3.07558 182.257 417.072
226.285 59.5898 3.4638 3.02843 83.1081 581.005
227.183 60.2114 3.48619 2.97236 115.32 572.911
212.566 65.1171 3.48745 2.99816 162.292 356.518
203.344 58.6774 3.42005 3.02752 141.979 938.895
204.113 58.2637 3.39972 3.0139 191.002 933.229
204.991 58.6484 3.39099 2.99487 170.041 866.429
206.355 58.9287 3.34862 2.84196 107.114 786.151
207.606 58.6097 3.36117 2.97086 206.827 757.548
213.66 59.4296 3.2577 2.68943 213.655 471.459
227.731 58.9601 3.4636 2.98956 102.606 688.826
202.426 57.5673 3.41365 3.01996 140.923 1059.57
203.613 57.6397 3.38226 2.96601 158.479 1001.75
205.548 57.5665 3.36535 3.04905 73.3515 925.455
224.26 58.4133 3.42916 3.0117 114.965 614.698
225.482 58.2747 3.46954 3.04248 67.879 665.625
229.033 59.3946 3.48279 2.92901 82.6403 710.837
197.939 55.703 3.40288 2.929 80.7138 1402.51
200.447 56.2848 3.39394 2.95985 73.3482 1245.16
223.768 57.9616 3.43564 2.97266 118.783 645.533
225.424 57.4688 3.47073 3.05941 109.37 740.236
228.869 57.9128 3.46025 2.98283 81.4995 819.615
227.048 56.8144 3.48462 3.07227 43.9657 853.126
229.75 56.9811 3.45385 3.03224 75.8046 933.171
212.138 64.8735 3.52449 2.96626 111.384 357.785
210.428 68.6408 3.39308 2.86075 153.948 714.395
226.879 56.1146 3.49934 3.06458 86.616 915.251
229.974 55.9154 3.46622 3.01252 40.1117 1036.43
228.385 55.3279 3.49222 3.03599 53.9383 1037.95
227.653 56.4191 3.47253 3.04615 51.7756 910.124
209.931 62.7622 3.87682 3.38653 254.286 419.921
211.063 63.7323 3.42543 2.97062 244.003 362.917
211.14 63.4057 3.43495 3.00457 241.304 355.401
218.547 60.1369 3.39014 3.02059 231.957 326.551
217.908 60.4896 3.39029 2.88656 140.378 286.988
217.507 60.403 3.37222 2.89044 110.235 298.377
218.338 61.0595 3.37375 2.6493 140.87 223.316
216.296 60.3923 3.31998 2.9178 208.881 313.559
216.716 60.1205 3.32998 2.78641 198.228 336.754
215.271 60.5805 3.2798 2.92227 231.955 315.923
216.679 60.2805 3.34218 2.89865 229.058 319.86
218.244 60.7315 3.36155 2.82305 116.231 259.725
217.659 60.602 3.37547 2.91227 168.894 275.456
216.749 60.4427 3.33036 2.89759 273.829 301.387
217.639 60.9231 3.38702 2.99889 200.249 239.979
217.277 60.2474 3.34011 2.78591 113.222 317.201
218.995 60.8241 3.34137 3.07549 145.288 253.086
216.976 61.3836 3.29208 2.89576 292.701 197.108
218.049 60.1785 3.37798 2.87377 110.123 321.379
216.031 60.2361 3.30459 2.85481 212.168 334.683
217.533 61.187 3.37128 3.06687 280.099 211.587
218.652 60.2994 3.31086 2.90213 73.7428 308.886
219.217 60.1294 3.29102 2.78244 158.761 331.445
216.221 60.072 3.30777 2.77468 190.417 348.904
218.856 60.4399 3.29115 2.83434 106.377 294.404
216.546 61.2275 3.31537 2.94799 326.979 221.32
209.518 60.7352 3.38487 3.00523 136.192 523.09
209.518 60.7351 3.38479 3.00516 136.192 523.078
