# evlo=217.003693 evla=62.401299
194.627 64.5646 3.42182 2.96353 73.6454 1134.5
217.908 60.4896 3.32466 3.07012 160.129 218.427
217.507 60.403 3.41395 2.86391 111.63 224.297
220.363 59.9534 3.27687 2.80652 139.032 327.134
216.3 60.3932 3.287 2.927 227.663 226.91
225.144 58.5792 3.41524 2.97574 120.515 616.916
216.716 60.1205 3.30537 2.60956 157.072 254.625
209.013 64.0997 3.38997 2.95597 114.102 443.446
209.094 59.7511 3.36185 3.00272 241.083 518.588
209.259 59.7417 3.35886 2.99507 226.723 511.97
210.701 64.1732 3.38605 2.8091 104.097 372.603
208.846 60.7683 3.31151 2.97504 239.566 469.503
207.916 63.4188 3.42837 3.00378 148.099 475.207
212.195 64.6453 3.43238 2.92222 235.636 346.002
204.378 55.8218 3.3098 2.83682 140.96 1026.38
207.685 63.8827 3.41552 2.96537 86.1952 497.54
208.763 59.5251 3.36386 3.02708 168.206 548.898
209.796 67.2269 3.42277 2.91544 152.156 636.815
217.513 60.0823 3.36277 2.84492 107.968 259.853
212.624 63.0753 3.40856 2.98138 140.424 236.121
214.225 61.1292 3.30479 3.00436 330.199 203.982
214.25 60.5487 3.22678 2.84046 361.253 253.252
196.582 54.8564 3.38525 2.91624 107.403 1443.74
213.401 60.7277 3.3173 2.90956 227.679 267.202
209.784 61.1426 3.33025 2.99155 207.053 405.872
214.766 66.5657 3.39438 2.93418 165.875 476.496
188.296 63.7758 3.446 2.9171 46.8224 1445.88
203.121 64.7461 3.40158 2.95205 79.5597 735.657
211.074 61.771 3.37346 3.0838 309.161 317.568
212.904 60.8792 3.3263 2.94116 314.146 275.611
215.271 60.5805 3.24336 2.96597 246.247 222.897
216.679 60.2805 3.31975 2.69933 188.885 236.968
218.244 60.7315 3.27648 3.08844 210.833 197.403
213.052 64.4091 3.41312 2.92716 278.343 298.363
213.497 60.396 3.26948 2.80734 270.34 291.546
215.738 60.3351 3.27984 3.02715 203.969 239.984
208.348 59.6572 3.3633 2.98135 171.542 558.247
217.659 60.6024 3.41031 2.93447 180.32 203.48
215.581 59.9268 3.25329 2.70403 170.474 286.154
216.749 60.4427 3.31082 2.79737 228.717 218.681
211.542 61.4131 3.35935 3.04014 253.049 307.361
197.4 66.8951 3.43015 2.9152 37.449 1056.16
209.077 63.5527 3.41212 2.97621 146.123 421.664
217.277 60.2474 3.38705 2.71939 46.656 240.463
218.995 60.824 3.23855 2.86312 178.256 205.071
211.063 63.7318 3.40422 2.96527 104.819 334.806
218.049 60.1785 3.32631 3.02238 155.437 253.953
216.031 60.2361 3.2863 2.92516 189.013 246.834
218.652 60.2994 3.31287 2.99753 119.86 250.265
211.14 63.4056 3.42247 3.03807 117.621 318.303
219.217 60.1294 3.302 2.8742 175.579 279.601
216.221 60.072 3.30165 2.85098 210.54 262.937
218.856 60.4399 3.30838 2.95197 215.367 239.873
207.417 57.7828 3.32577 2.87085 125.533 739.813
212.138 64.8736 3.45446 2.91609 222.907 365.999
198.929 70.2043 3.33772 2.7583 80.6266 1180.42
203.383 71.3221 3.36707 2.77601 69.2116 1154.45
205.026 71.0033 3.37512 2.74207 54.1084 1090.87
234.753 71.9871 3.49434 2.9091 95.0182 1305.39
198.198 69.3641 3.34782 2.76319 82.1625 1148.32
202.84 70.0079 3.35667 2.8094 72.4581 1055.88
206.58 70.34 3.36259 2.76112 76.8707 997.441
194.656 68.2746 3.4045 2.90149 32.0146 1219.28
196.822 68.4753 3.38404 2.81671 81.7798 1146.96
198.806 68.6483 3.38145 2.83634 79.9841 1085.24
200.413 69.1049 3.36399 2.81329 83.9009 1059.93
205.217 69.1565 3.37552 2.89035 90.8198 923.34
209.387 69.836 3.34959 2.70462 44.5453 896.052
211.299 69.72 3.36869 2.81762 63.7067 855.132
215.088 69.9175 3.37244 2.82136 140.43 842.464
216.289 69.626 3.36564 2.8875 114.054 806.241
235.93 69.3475 3.51734 2.95973 111.764 1151.29
196.917 67.6988 3.41892 2.9114 42.6458 1107.47
201.885 68.4946 3.38465 2.87119 120.541 971.538
203.387 68.7132 3.38081 2.88 92.3631 939.768
207.318 68.8799 3.40237 2.85781 68.7602 846.756
209.319 68.9656 3.38534 2.85143 56.7547 811.292
211.177 69.1532 3.3837 2.77929 74.8032 797.912
213.625 69.322 3.38604 2.85089 99.898 786.656
219.035 69.243 3.41024 2.86748 60.1795 768.403
221.263 69.3286 3.41692 2.85094 83.2217 796.049
198.174 67.082 3.43344 2.92788 48.1773 1031.67
199.397 67.4213 3.43728 2.90959 70.1868 998.364
202.768 67.4572 3.42477 2.90927 79.5699 874.58
203.811 68.2575 3.38835 2.889 94.0511 893.19
206.028 68.4414 3.39898 2.90234 65.7945 841.971
208.187 68.1343 3.40972 2.91936 133.786 758.765
210.384 68.0584 3.41985 2.92018 74.4583 701.735
211.513 68.0748 3.41756 2.88427 53.5707 682.048
214.432 68.1207 3.39787 2.88403 168.153 648.766
218.405 68.1861 3.41689 2.87091 102.098 648.246
220.465 68.6043 3.43124 2.88345 108.185 709.668
222.103 68.3889 3.42129 2.91856 109.86 707.852
223.281 66.3701 3.43638 2.9277 215.255 535.66
193.671 65.4742 3.42516 2.87189 79.8127 1186.52
195.352 65.7077 3.42522 2.86088 89.415 1113.11
198.75 66.442 3.43813 2.89427 49.9867 983.357
200.349 66.6001 3.43313 2.92741 46.9839 923.011
202.227 66.8332 3.44664 2.9272 73.2472 859.199
204.275 67.0486 3.43305 2.92139 86.2172 795.189
206.517 67.2221 3.41638 2.90104 163.946 731.007
207.821 67.5076 3.41021 2.89338 90.0237 714.314
212.113 67.5187 3.4173 2.97187 121.939 615.115
214.357 67.5933 3.4094 2.84123 158.945 592.047
215.855 67.6946 3.40438 3.0012 145.326 592.615
220.128 67.6136 3.42373 2.87726 122.167 599.336
224.214 67.6106 3.43341 2.89817 115.769 672.057
226.258 67.441 3.47 2.94515 178.957 710.827
195.961 64.9941 3.41278 2.94435 60.6273 1074.46
197.645 65.3936 3.41224 2.86337 80.6301 1002.71
199.349 65.5011 3.40783 2.85657 72.8062 927.944
201.346 65.895 3.43643 2.87339 66.7513 852.695
202.913 66.1434 3.44882 2.89324 64.4842 797.491
206.494 66.5156 3.43955 2.94559 140.191 681.24
208.493 66.9214 3.42582 2.89968 133.03 646.359
209.976 66.7108 3.43749 2.94172 190.177 586.117
212.525 66.7004 3.43108 3.00625 111.299 524.926
213.899 66.7653 3.41615 2.79056 97.7753 508.603
216.215 66.9498 3.40852 2.94737 138.069 508.485
218.345 66.8088 3.41965 2.81792 134.504 495.524
221.978 66.9116 3.41957 2.89538 133.305 555.772
223.778 66.9808 3.44724 2.90342 170.458 603.557
225.729 66.9227 3.45356 2.90245 145.196 652.891
197.761 64.6379 3.40973 2.92777 49.7736 985.366
200.087 64.937 3.40336 2.92169 63.4629 880.755
201.637 65.1527 3.40798 2.87921 70.9669 815.029
203.551 65.5276 3.42956 2.88801 74.9165 743.523
205.119 65.4924 3.44116 2.9161 86.266 675.354
207.195 65.6571 3.45724 2.91557 120.743 600.26
208.623 65.8937 3.43757 2.94113 137.665 563.061
210.457 65.8251 3.44279 2.94554 180.67 496.961
212.122 65.8371 3.43415 2.91742 239.136 450.576
214.18 66.267 3.42081 2.82444 38.6308 451.945
214.181 66.267 3.41434 2.86537 86.7951 451.93
218.473 66.2305 3.40942 2.8116 200.011 432.738
221.631 66.2191 3.42893 2.87242 140.197 480.629
225.657 65.8052 3.43225 2.94576 131.967 566.551
213.052 64.4091 3.41312 2.92716 278.343 298.363
199.305 63.8864 3.43893 2.98275 69.923 904.559
205.522 64.7962 3.39797 2.88949 77.1362 628.12
208.018 65.18 3.43968 2.86006 143.395 539.76
210.64 65.1479 3.45073 2.92034 193.259 438.117
216.846 65.3064 3.42734 2.9275 142.241 323.938
218.385 65.6035 3.41258 2.8048 176.355 363.289
220.064 65.4483 3.40644 2.8893 184.244 371.281
221.694 65.3609 3.42733 2.95141 260.89 402.218
223.623 65.2225 3.43724 2.97518 167.084 452.607
196.446 62.7492 3.42966 2.92254 43.4948 1053.04
199.398 63.2842 3.45121 2.98985 52.2833 899.424
200.922 63.3965 3.45202 2.99252 59.3569 822.959
204.379 63.994 3.43301 2.97485 102.786 658.516
205.853 64.1767 3.41441 2.93956 104.103 592.465
214.63 64.613 3.45095 2.93962 192.976 273.353
216.201 64.5654 3.32073 2.9995 21.0387 244.519
216.436 64.5012 3.39061 2.7473 155.428 235.775
221.784 64.453 3.42839 2.95015 206.234 330.414
221.784 64.4525 3.43345 2.91688 173.011 330.355
223.67 64.5753 3.41035 2.92383 161.399 410.806
195.344 61.9331 3.42725 2.96546 26.719 1124.59
198.469 62.2938 3.41759 2.97699 36.3988 956.879
201.699 62.7161 3.42258 2.92027 56.2167 786.163
205.93 63.3569 3.43085 3.01329 145.111 572.671
214.222 63.8036 3.34818 2.93489 308.99 210.121
222.48 63.8433 3.43992 2.95575 243.062 319.526
197.317 61.3416 3.42404 2.96449 69.6371 1038.49
198.513 61.678 3.40821 2.93507 37.7063 967.623
200.525 61.7105 3.40618 2.96707 71.1831 862.916
201.703 62.1344 3.42164 3.02771 47.0416 793.39
203.311 62.2195 3.42825 3.02284 70.9836 709.102
205.146 62.1816 3.41314 3.01533 99.8198 615.016
206.12 62.4787 3.41589 3.03063 85.5307 561.436
221.871 63.109 3.45573 2.9966 293.827 260.838
193.799 60.3849 3.43457 2.9802 69.3486 1253.06
196.65 60.4135 3.42325 2.96013 61.1273 1104.57
198.04 60.7515 3.42279 2.9831 83.7401 1020.18
199.312 60.6947 3.4187 2.99715 61.4878 956.553
201.041 61.0224 3.42549 3.01393 106.964 855.879
202.562 61.4009 3.40813 3.00618 104.282 765.63
204.176 61.4907 3.40598 3.00304 126.636 679.788
205.609 61.9037 3.39422 3.02837 104.225 595.9
206.868 61.8823 3.40951 3.07053 146.416 531.211
209.88 61.7531 3.39729 3.09869 251.787 379.086
212.274 61.7929 3.35634 3.01754 273.403 256.119
221.538 62.4435 3.4358 3.00826 248.439 234.272
223.206 62.5763 3.45424 2.95921 252.928 320.267
225.609 62.2024 3.4525 2.99553 238.583 446.675
198.315 59.9237 3.41575 3.0462 65.1403 1039.11
199.908 60.1686 3.41611 3.06161 98.5975 946.732
201.231 60.4742 3.41565 3.04707 104.008 866.2
202.813 60.5269 3.40841 3.0855 88.5031 783.081
204.11 60.6801 3.40416 3.08261 112.249 710.703
205.516 60.8132 3.37784 3.0658 158.056 633.855
207.791 61.2001 3.38309 3.08646 166.877 503.487
222.911 61.4593 3.4628 3.02129 172.101 327.405
224.22 61.4862 3.44781 3.00204 157.685 392.093
226.918 61.1512 3.44232 2.97822 129.352 540.93
198.736 59.2533 3.39763 3.02696 91.3521 1049.58
200.175 59.1767 3.39871 3.0111 118.144 980.946
201.907 59.5938 3.39226 3.02022 146.298 872.258
202.905 59.7733 3.38814 3.0072 180.086 813.098
204.792 59.8542 3.37039 2.99871 157.474 715.266
205.68 60.1952 3.35687 2.98597 202.216 653.757
207.376 60.0815 3.31976 2.91052 257.469 577.235
210.276 60.4814 3.35827 3.00767 226.644 417.587
219.809 60.7718 3.24452 2.89951 178.523 234.853
221.424 60.3024 3.33177 2.97267 256.541 332.52
223.909 60.7704 3.46722 3.01364 125.786 409.033
190.452 56.6011 3.42753 2.96549 48.8092 1621.89
202.009 59.0314 3.39207 2.98289 194.257 897.796
203.561 59.1953 3.38375 2.99965 182.886 812.437
204.771 59.3922 3.37324 2.98316 214.036 742.3
206.768 59.6524 3.33958 2.94783 179.678 631.482
212.597 59.9979 3.28134 2.74245 175.024 357.43
222.262 59.6304 3.34874 2.98819 222.245 419.503
223.04 60.1218 3.46209 3.28546 99.2437 411.372
226.285 59.5898 3.45229 2.97457 90.4836 591.15
227.183 60.2114 3.47124 3.03524 79.4181 596.706
212.566 65.1171 3.42604 2.95523 245.147 373.453
203.344 58.6774 3.38731 2.99593 170.484 854.522
204.113 58.2637 3.37143 3.0133 134.972 845.965
204.991 58.6484 3.36673 3.03599 112.381 779.2
206.355 58.9287 3.3743 3.05809 142.293 697.748
207.606 58.6097 3.34528 2.97132 147.81 666.079
213.66 59.4296 3.22182 2.65786 255.425 377.444
227.731 58.9601 3.46679 3.02327 90.6984 699.175
202.426 57.5673 3.38636 2.98245 122.383 972.509
203.613 57.6397 3.36622 2.99294 98.7108 913.208
205.548 57.5665 3.35184 3.01476 97.8762 834.109
224.26 58.4133 3.42625 3.05345 115.585 597.118
225.482 58.2747 3.42886 3.01226 88.1011 655.27
229.033 59.3946 3.48505 3.06809 75.7828 732.354
197.939 55.703 3.38027 2.89907 118.225 1316.42
200.447 56.2848 3.37063 2.94842 62.2329 1157.28
223.768 57.9616 3.38682 2.98913 152.407 620.282
225.424 57.4688 3.43425 3.02294 98.7303 722.453
228.869 57.9128 3.48731 3.34536 72.1467 825.145
227.048 56.8144 3.46509 3.08015 47.5483 840.161
229.75 56.9811 3.42734 2.96954 83.5195 935.225
212.138 64.8735 3.45554 2.912 204.589 365.997
210.428 68.6408 3.39012 2.91079 43.4047 758.303
226.879 56.1146 3.47377 3.08562 88.844 896.777
229.974 55.9154 3.43863 2.99469 67.3022 1032.19
228.385 55.3279 3.48172 3.10703 57.0428 1022.74
227.653 56.4191 3.46877 3.09329 72.6279 897.741
209.931 62.7622 4.53828 3.98115 227.722 365.549
211.063 63.7323 3.40421 2.96526 104.819 334.804
211.14 63.4057 3.42246 3.03806 117.621 318.302
218.547 60.1369 3.86399 3.53358 246.246 265.547
217.908 60.4896 3.32466 3.07012 160.129 218.427
217.507 60.403 3.41395 2.86391 111.63 224.297
216.296 60.3923 3.28887 2.92866 227.663 227.04
216.716 60.1205 3.30537 2.60956 157.072 254.625
215.271 60.5805 3.24336 2.96597 246.247 222.897
216.679 60.2805 3.31975 2.69933 188.885 236.968
218.244 60.7315 3.27648 3.08844 210.833 197.403
217.659 60.602 3.41097 2.93504 180.32 203.519
216.749 60.4427 3.31082 2.79737 228.717 218.681
217.277 60.2474 3.38705 2.71939 46.656 240.463
218.995 60.8241 3.2384 2.86299 178.256 205.062
218.049 60.1785 3.32631 3.02238 155.437 253.953
216.031 60.2361 3.2863 2.92516 189.013 246.834
218.652 60.2994 3.31287 2.99753 119.86 250.265
219.217 60.1294 3.302 2.8742 175.579 279.601
216.221 60.072 3.30165 2.85098 210.54 262.937
218.856 60.4399 3.30838 2.95197 215.367 239.873
209.518 60.7352 3.33933 3.01521 173.441 438.648
209.518 60.7351 3.33922 3.01511 173.441 438.634
