# evlo=203.560593 evla=59.195301
225.449 60.24 3.37488 2.81992 48.3758 1231.52
217.908 60.4896 3.35915 2.82864 105.047 815.524
217.654 61.036 3.39771 2.95536 53.4708 808.277
217.507 60.403 3.36163 2.78042 83.5765 792.828
218.338 61.0595 3.37014 2.92329 80.5268 845.232
220.363 59.9534 3.35956 2.69145 62.8647 950.755
216.3 60.3932 3.36465 2.75824 85.6531 726.382
215.395 60.9677 3.39354 2.92592 111.395 686.594
209.013 64.0997 3.4683 3.02496 176.049 617.731
209.094 59.7511 3.46822 3.10331 206.861 319.596
209.259 59.7417 3.46607 3.10322 232.31 328.611
210.701 64.1732 3.44 2.94334 157.346 670.417
208.846 60.7683 3.43753 3.01518 264.393 343.063
207.916 63.4188 3.46025 3.01529 279.283 525.041
212.195 64.6453 3.44698 2.92263 237.936 756.67
204.378 55.8218 3.38276 2.72885 59.9744 378.873
200.411 54.831 3.42504 3.00509 151.927 522.184
207.685 63.8827 3.46509 2.98653 171.277 566.263
208.763 59.5251 3.46494 3.15433 269.121 298.058
209.796 67.2269 3.46032 2.92954 103.611 947.474
216.907 60.7523 3.38094 2.87034 129.318 763.806
218.66 60.9649 3.37025 2.89497 84.2705 861.21
209.738 62.4058 3.43637 2.94119 308.484 490.591
217.513 60.0823 3.35058 2.67454 87.3664 791.67
212.624 63.0753 3.44103 3.04025 139.205 651.16
214.225 61.1292 3.40788 2.99299 107.111 629.273
215.93 63.6482 3.4363 3.04276 89.1801 823.78
214.25 60.5487 3.39916 2.91761 144.858 616.701
196.582 54.8564 3.38945 2.77983 132.508 642.031
213.401 60.7277 3.42 2.98333 124.018 575.01
209.784 61.1426 3.39462 2.95177 240.481 407.697
214.766 66.5657 3.45573 2.89328 130.774 996.741
188.296 63.7758 3.45055 2.93345 78.6987 956.56
203.121 64.7461 3.47362 2.87163 97.7121 619.033
211.074 61.771 3.40088 3.03374 269.528 502.539
216.188 61.4417 3.38736 2.97399 85.4336 739.903
212.904 60.8792 3.41967 2.9775 123.264 552.959
215.271 60.5805 3.37656 2.84309 121.041 672.571
216.679 60.2805 3.36603 2.72562 82.0941 746.335
218.244 60.7315 3.38132 2.90123 111.616 836.027
213.052 64.4091 3.43793 2.98851 186.807 765.326
213.497 60.396 3.39969 2.91398 133.202 573.048
215.738 60.3351 3.37562 2.78633 82.7605 694.919
208.348 59.6572 3.47925 3.16878 290.994 276.541
217.659 60.6024 3.36109 2.83517 126.807 802.878
215.581 59.9268 3.39596 2.76806 107.243 683.519
216.749 60.4427 3.36239 2.78435 97.4108 751.524
217.639 60.9231 3.39534 2.95411 107.79 805.75
214.077 61.4924 3.39579 2.97942 145.61 633.7
211.542 61.4131 3.38891 2.95493 192.698 505.238
209.077 63.5527 3.44246 3.00866 211.587 567.673
218.995 60.824 3.3793 2.90197 109.87 877.716
216.976 61.3836 3.37843 2.9448 104.711 779.407
211.063 63.7318 3.43249 2.95253 244.233 643.775
211.768 64.9602 3.45452 2.93513 139.86 771.183
218.049 60.1785 3.3496 2.69208 120.513 821.721
209.256 65.0304 3.47392 3.01551 158.741 714.379
210.931 64.5928 3.45839 2.96816 140.196 714.526
216.031 60.2361 3.38443 2.77835 52.6812 710.201
191.145 52.9721 3.43478 2.85034 124.097 1035.13
217.533 61.1871 3.36584 2.86511 59.2002 804.515
218.652 60.2994 3.34076 2.73439 67.8445 855.453
211.14 63.4056 3.43455 3.01455 194.458 619.779
219.217 60.1294 3.34474 2.70036 117.154 886.511
216.221 60.072 3.39509 2.77783 67.8467 719.753
218.856 60.4399 3.35794 2.81621 91.5833 867.244
216.546 61.2275 3.4152 3.11419 38.9304 753.222
207.417 57.7828 3.38362 2.98002 108.662 274.398
212.138 64.8736 3.45177 2.92793 180.636 774.472
198.929 70.2043 3.36209 2.75557 89.4994 1246.2
203.383 71.3221 3.56041 2.69735 54.4082 1352.09
205.026 71.0033 3.39867 2.78976 54.4732 1318.2
234.753 71.9871 3.41301 2.87079 62.1542 1982.46
198.198 69.3641 3.37693 2.76946 63.7716 1161.91
205.387 69.6211 3.41927 2.85024 81.2342 1165.49
206.58 70.34 3.40928 2.85133 79.1942 1250.39
198.806 68.6483 3.40653 2.81713 83.5974 1078.5
200.413 69.1049 3.37993 2.85056 89.1521 1114.91
205.217 69.1565 3.42427 2.86663 84.8788 1113.27
209.387 69.836 3.39955 2.82448 61.6233 1217.48
211.299 69.72 3.40836 2.86182 104.351 1228.7
215.088 69.9175 3.42292 2.93019 117.068 1311.83
216.289 69.626 3.42684 2.95053 94.6836 1308.75
235.93 69.3475 3.48392 2.96498 105.312 1897.3
196.917 67.6988 3.41146 2.8623 68.9593 1002.8
201.885 68.4946 3.40446 2.90226 66.7485 1039.8
203.387 68.7132 3.44205 2.8411 51.7928 1061.04
207.318 68.8799 3.43686 2.95637 64.0536 1094.6
209.319 68.9656 3.42371 2.87871 101.637 1123.63
211.177 69.1532 3.42123 2.88291 63.6449 1168.12
213.625 69.322 3.4276 2.95467 125.765 1226.13
219.035 69.243 3.43906 2.88163 96.4671 1340.23
221.263 69.3286 3.44397 2.88773 85.2311 1407.5
198.174 67.082 3.43599 2.86174 58.8164 919.265
199.397 67.4213 3.43545 2.88833 95.7674 939.853
202.768 67.4572 3.45479 2.88462 62.3622 921.754
203.811 68.2575 3.45184 2.88775 68.6798 1010.25
206.028 68.4414 3.43815 2.93493 74.5817 1037.62
208.187 68.1343 3.44588 2.94827 71.9395 1021.73
210.384 68.0584 3.44941 2.91609 86.1227 1042.79
211.513 68.0748 3.44299 2.9721 77.3067 1063.38
214.432 68.1207 3.46051 2.97018 94.6481 1127.53
218.405 68.1861 3.46347 2.91255 137.674 1235.57
220.465 68.6043 3.45967 2.91384 111.748 1328.28
222.103 68.3889 3.45855 2.9062 110.113 1362.34
223.281 66.3701 3.4421 2.98831 120.64 1276.23
195.352 65.7077 3.68211 2.94207 37.2251 838.937
198.75 66.442 3.45462 2.89578 74.501 843.52
200.349 66.6001 3.43465 2.94151 141.544 841.059
202.227 66.8332 3.44137 2.88864 60.296 853.952
204.275 67.0486 3.46677 2.90677 89.8843 876.076
206.517 67.2221 3.46507 2.96504 130.206 906.72
207.821 67.5076 3.4604 2.95988 97.0831 950.219
212.113 67.5187 3.46061 3.01887 132.848 1019.59
214.357 67.5933 3.46937 2.95615 105.199 1077.08
215.855 67.6946 3.4588 2.90638 116.35 1124.17
220.128 67.6136 3.45687 2.91944 151.424 1243.44
224.214 67.6106 3.4402 2.94679 136.147 1382.45
226.258 67.441 3.44915 2.96988 117.12 1448.03
197.645 65.3936 3.41836 2.92899 45.8107 755.16
199.349 65.5011 3.44595 2.89862 93.1021 735.471
201.346 65.895 3.42024 2.94947 106.196 755.232
202.913 66.1434 3.46661 2.88141 88.6839 775.105
206.494 66.5156 3.47894 2.98517 106.108 829.243
208.493 66.9214 3.46313 2.91236 113.991 895.876
209.976 66.7108 3.46601 3.01037 115.295 897.627
212.525 66.7004 3.47156 2.98226 133.776 950.149
213.899 66.7653 3.4638 2.9597 107.256 990.513
216.215 66.9498 3.45779 2.90966 146.42 1070.99
218.345 66.8088 3.45383 2.93135 152.568 1126.27
221.978 66.9116 3.4457 2.9602 128.349 1258.99
223.778 66.9808 3.44408 2.96086 129.705 1329.48
225.729 66.9227 3.44973 2.98316 82.1754 1400.82
200.087 64.937 3.43844 2.92973 114.448 664.91
201.637 65.1527 3.42159 2.93703 53.7549 671.383
203.551 65.5276 3.46732 2.89477 107.378 705.74
205.119 65.4924 3.48312 2.95271 103.038 706.389
207.195 65.6571 3.47696 2.98398 104.268 743.947
208.623 65.8937 3.4716 2.97847 107.609 790.089
210.457 65.8251 3.46899 3.0334 127.318 818.779
212.122 65.8371 3.46309 2.95685 132.532 859.954
214.18 66.267 3.45691 2.8786 62.6205 954.408
214.181 66.267 3.4525 2.88715 109.583 954.437
218.473 66.2305 3.44695 2.97046 161.201 1088.84
221.631 66.2191 3.43928 2.9848 103.64 1203.94
225.657 65.8052 3.4451 3.04174 65.0599 1345.24
214.843 62.3987 3.4005 2.99914 216.882 709.14
213.052 64.4091 3.43793 2.98851 186.807 765.326
205.522 64.7962 3.4798 2.96855 127.447 632.519
208.018 65.18 3.47226 2.95519 115.498 705.793
210.64 65.1479 3.46932 2.98724 137.614 758.007
216.846 65.3064 3.44874 3.00881 137.058 966.174
218.385 65.6035 3.44213 3.00405 176.393 1042.98
220.064 65.4483 3.43589 3.02336 79.4064 1097.81
221.694 65.3609 3.44365 3.04392 100.953 1158.72
223.623 65.2225 3.4451 3.07492 74.9739 1233.17
196.446 62.7492 3.44907 2.90286 91.6395 551.915
200.922 63.3965 3.44058 2.96844 110.686 488.946
203.285 63.465 3.47019 2.8717 140.216 476.019
204.379 63.994 3.47251 2.9401 179.661 536.509
205.853 64.1767 3.48457 3.04411 121.879 568.146
214.63 64.613 3.43932 3.01294 152.112 836.279
216.436 64.5012 3.43704 3.0525 136.069 896.706
221.784 64.453 3.42673 2.92557 67.2742 1119.03
221.784 64.4525 3.42427 2.92483 76.6517 1118.98
223.67 64.5753 3.42439 2.95005 79.2477 1208.19
195.344 61.9331 3.42647 2.94593 78.0687 543.559
198.469 62.2938 3.45894 2.97048 78.813 442.801
201.699 62.7161 3.42949 2.96367 110.031 405.037
205.93 63.3569 3.4888 3.06544 183.194 480.757
214.222 63.8036 3.42909 3.06037 116.868 763.813
217.924 64.0292 3.43239 3.02666 105.43 929.977
222.48 63.8433 3.43349 3.03808 79.3119 1126.44
197.317 61.3416 3.41963 2.94296 121.632 419.959
198.513 61.678 3.45832 2.95257 100.895 391.921
200.525 61.7105 3.46317 2.85023 110.663 326.175
201.703 62.1344 3.42196 2.99817 102.422 342.84
203.311 62.2195 3.47555 2.90904 143.308 337.243
205.146 62.1816 3.50269 3.10277 192.136 343.804
206.12 62.4787 3.47593 3.01053 201.689 391.369
216.652 63.0254 3.40618 2.92888 147.318 822.657
218.173 63.0618 3.41402 3.00433 159.858 894.72
221.871 63.109 3.41037 2.99983 146.667 1073.27
193.799 60.3849 3.39637 2.84129 119.368 563.367
196.65 60.4135 3.40588 2.90917 111.353 410.71
198.04 60.7515 3.40165 2.95619 116.767 353.544
199.312 60.6947 3.40093 2.9481 111.768 290.266
201.041 61.0224 3.47623 2.92274 148.932 247.105
202.562 61.4009 3.48462 2.87785 156.739 251.856
204.176 61.4907 3.49447 3.03826 199.715 257.992
205.609 61.9037 3.47949 3.01582 201.601 321.978
206.868 61.8823 3.4727 3.05503 361.024 350.037
209.88 61.7531 3.42266 3.1222 183.919 449.111
212.274 61.7929 3.39581 2.98526 217.719 558.926
213.825 62.1067 3.39707 2.9948 209.153 647.397
217.004 62.4013 3.38375 2.99965 182.886 812.437
218.122 62.3579 3.37397 2.97657 173.692 865.683
221.538 62.4435 3.38835 2.99272 160.812 1038.84
223.206 62.5763 3.39855 2.9903 168.633 1126.05
225.609 62.2024 3.38321 2.9531 140.886 1243.17
198.315 59.9237 3.41723 2.89335 211.925 307.405
199.908 60.1686 3.42124 2.94233 105.967 232.55
201.231 60.4742 3.46381 2.99869 188.599 193.284
205.516 60.8132 3.49347 3.06216 354.078 210.684
207.791 61.2001 3.46008 3.00969 240.48 323.849
215.402 61.6061 3.39417 2.99725 155.439 704.569
222.911 61.4593 3.36938 2.97483 65.0094 1094.02
224.22 61.4862 3.37344 2.97318 57.988 1163.82
226.918 61.1512 3.34061 2.69402 79.08 1307.41
198.736 59.2533 3.4076 2.8895 190.242 275.493
200.175 59.1767 3.39295 2.90302 293.96 193.505
207.376 60.0815 3.51312 3.20358 353.554 236.738
210.276 60.4814 3.43319 2.9692 199.967 402.657
219.809 60.7718 3.38341 2.95034 70.3809 921.46
221.424 60.3024 3.36466 2.78796 104.361 1008.73
223.909 60.7704 3.36366 2.87334 118.146 1144.74
190.452 56.6011 3.46195 2.92531 57.3126 827.65
206.768 59.6524 3.53658 3.2207 319.056 189.047
212.597 59.9979 3.41948 2.97634 143.875 517.697
222.262 59.6304 3.43927 2.98045 19.8734 1059.55
223.04 60.1218 3.37849 2.76435 99.4187 1098.94
226.285 59.5898 3.40837 2.74124 28.1576 1285.65
227.183 60.2114 3.39133 2.84588 100.25 1327.51
212.566 65.1171 3.45257 2.91864 172.956 808.274
207.606 58.6097 3.44347 3.0072 212.929 242.067
213.66 59.4296 3.40136 2.7716 98.6339 575.242
202.426 57.5673 3.4249 2.96751 296.966 193.098
205.548 57.5665 3.459 2.97092 109.913 215.45
197.939 55.703 3.39192 2.79063 142.488 514.606
200.447 56.2848 3.39726 2.76171 209.476 373.363
225.424 57.4688 3.60759 3.05602 40.6413 1289.19
228.869 57.9128 3.53662 3.09557 19.4685 1471.29
227.048 56.8144 3.63418 3.14366 41.954 1406.02
229.75 56.9811 3.58922 3.07937 44.863 1553.99
212.138 64.8735 3.4531 2.922 153.654 774.457
210.428 68.6408 3.43569 2.91481 115.582 1103.92
229.974 55.9154 3.63697 3.15408 33.2754 1611.35
228.385 55.3279 3.6739 3.20717 55.3054 1548.46
227.653 56.4191 3.63719 3.1373 46.9199 1456.73
209.931 62.7622 3.12709 2.72779 124.043 525.762
211.063 63.7323 3.4328 2.95279 244.233 643.833
211.14 63.4057 3.43458 3.01458 194.458 619.785
218.547 60.1369 3.91025 3.59007 121.083 849.269
217.908 60.4896 3.35915 2.82864 105.047 815.524
217.507 60.403 3.36163 2.78042 83.5765 792.828
218.338 61.0595 3.37016 2.92331 80.5268 845.238
216.296 60.3923 3.36375 2.7575 85.6531 726.186
215.271 60.5805 3.37656 2.84309 121.041 672.571
216.679 60.2805 3.36603 2.72562 82.0941 746.335
218.244 60.7315 3.38132 2.90123 111.616 836.027
217.659 60.602 3.36096 2.83506 126.807 802.848
216.749 60.4427 3.36239 2.78435 97.4108 751.524
217.639 60.9231 3.3953 2.95407 107.79 805.739
218.995 60.8241 3.3793 2.90197 109.87 877.717
216.976 61.3836 3.37843 2.9448 104.711 779.407
218.049 60.1785 3.3496 2.69208 120.513 821.721
216.031 60.2361 3.38443 2.77835 52.6812 710.201
217.533 61.187 3.36587 2.86514 59.2002 804.524
218.652 60.2994 3.34076 2.73439 67.8445 855.453
219.217 60.1294 3.34474 2.70036 117.154 886.511
216.221 60.072 3.39509 2.77783 67.8467 719.753
218.856 60.4399 3.35794 2.81621 91.5833 867.244
216.546 61.2275 3.4152 3.11419 38.9304 753.222
