# evlo=202.009399 evla=59.031399
225.449 60.24 3.38109 2.83081 68.061 1322.04
194.627 64.5646 3.43887 2.90029 52.2919 728.25
217.908 60.4896 3.36198 2.83639 77.8757 905.88
217.654 61.036 3.40857 3.04292 47.8785 897.81
217.507 60.403 3.36701 2.80699 84.3638 883.26
218.338 61.0595 3.37709 2.87983 80.059 934.803
220.363 59.9534 3.3747 2.72057 86.9984 1041.45
216.3 60.3932 3.38027 2.77702 59.5708 816.779
225.144 58.5792 3.53979 3.20378 29.0081 1331.43
216.716 60.1205 3.36353 2.69386 69.9235 838.111
215.395 60.9677 3.39655 2.93749 85.0809 775.884
209.013 64.0997 3.48985 2.98553 195.829 675.549
209.094 59.7511 3.45737 3.09627 202.972 410.239
209.259 59.7417 3.45144 3.08772 210.407 419.277
210.701 64.1732 3.46537 2.95339 149.76 734.328
208.846 60.7683 3.43097 2.91073 146.845 428.507
207.916 63.4188 3.48256 2.97745 232.507 582.321
212.195 64.6453 3.4552 2.97982 150.383 822.21
204.378 55.8218 3.3309 2.78779 118.15 384.655
200.411 54.831 3.40748 2.84461 129.135 477.736
207.685 63.8827 3.50152 3.00592 123.309 619.028
208.763 59.5251 3.45197 3.11121 237.865 388.746
209.796 67.2269 3.46054 2.9634 130.089 992.599
216.907 60.7523 3.39486 2.87783 73.2385 853.755
218.66 60.9649 3.38295 2.9242 58.6398 950.973
209.738 62.4058 3.43426 2.98766 301.604 564.421
217.513 60.0823 3.36572 2.68081 104.227 882.326
212.624 63.0753 3.45954 3.05028 214.265 727.743
214.225 61.1292 3.40462 3.0211 115.484 717.753
215.93 63.6482 3.45711 3.08072 80.7599 902.516
214.25 60.5487 3.4034 2.92769 149.436 706.689
196.582 54.8564 3.40367 2.85361 158.102 569.919
213.401 60.7277 3.42266 3.01202 114.307 664.404
209.784 61.1426 3.38978 2.89998 178.273 492.03
214.766 66.5657 3.49204 2.9446 59.1455 1058.24
188.296 63.7758 3.44913 2.88492 77.03 900.424
203.121 64.7461 3.45194 2.87657 168.303 639.516
211.074 61.771 3.417 2.99815 188.41 584.772
216.188 61.4417 3.40082 2.97554 88.9895 828.143
212.904 60.8792 3.42104 2.98971 95.5362 641.712
215.271 60.5805 3.39073 2.86444 129.547 762.634
216.679 60.2805 3.35872 2.7202 73.2768 836.855
218.244 60.7315 3.3939 2.94194 76.1676 926.108
213.052 64.4091 3.43713 2.92863 209.623 834.524
213.497 60.396 3.41259 2.92982 122.322 663.212
215.738 60.3351 3.38373 2.79731 82.1916 785.354
208.348 59.6572 3.47717 3.12785 202.782 367.222
217.659 60.6024 3.37589 2.87586 68.9357 893.095
215.581 59.9268 3.3991 2.78461 105.921 774.222
216.749 60.4427 3.37088 2.80662 82.9906 841.887
217.639 60.9231 3.40049 2.94858 94.6551 895.486
214.077 61.4924 3.40192 2.95917 175.271 720.794
211.542 61.4131 3.39594 2.93463 221.837 590.461
197.4 66.8951 3.44252 2.89362 79.0905 906.546
209.077 63.5527 3.4715 2.95935 293.158 629.625
218.995 60.824 3.38369 2.92297 44.7836 967.713
216.976 61.3836 3.38334 2.93766 101.556 868.037
211.063 63.7318 3.42766 2.97571 243.311 711.86
211.768 64.9602 3.48529 2.95634 76.5911 833.61
218.049 60.1785 3.36594 2.72374 93.0681 912.331
209.256 65.0304 3.47622 2.92579 108.517 767.576
210.931 64.5928 3.48835 2.95029 121.877 776.527
216.031 60.2361 3.38303 2.78547 74.5595 800.741
191.145 52.9721 3.43929 2.84531 176.789 954.151
217.533 61.1871 3.37532 2.9011 57.607 893.724
218.652 60.2994 3.36044 2.7842 61.5811 945.99
211.14 63.4056 3.42194 2.987 233.519 690.383
219.217 60.1294 3.35831 2.71952 111.427 977.149
216.221 60.072 3.38073 2.76737 75.2423 810.406
218.856 60.4399 3.3676 2.83828 123.123 957.672
216.546 61.2275 3.38031 2.8585 51.6866 842.141
207.417 57.7828 3.37817 2.89758 207.402 345.213
212.138 64.8736 3.46827 2.982 101.481 838.488
198.929 70.2043 3.35287 2.81814 48.5632 1253.9
203.383 71.3221 3.37849 2.7624 118.468 1371.74
205.026 71.0033 3.3866 2.7804 133.13 1341.9
234.753 71.9871 3.40589 2.84011 53.965 2044.95
198.198 69.3641 3.37336 2.8437 58.7243 1166.1
202.84 70.0079 3.38248 2.75231 64.0903 1224.32
205.387 69.6211 3.40123 2.8412 110.071 1191.34
206.58 70.34 3.39349 2.82125 80.2296 1278.6
196.822 68.4753 3.4134 2.86073 79.7301 1082.49
198.806 68.6483 3.4039 2.9072 59.7588 1083.19
200.413 69.1049 3.39364 2.83151 50.7816 1125.57
205.217 69.1565 3.40555 2.8528 118.893 1139.12
209.387 69.836 3.39956 2.84335 133.029 1253.69
211.299 69.72 3.41487 2.87747 132.036 1269.8
215.088 69.9175 3.41879 2.89848 149.102 1360.26
216.289 69.626 3.42629 2.85614 110.192 1360.42
235.93 69.3475 3.48758 2.93151 144.851 1968.79
196.917 67.6988 3.42525 2.88583 89.0048 998.342
201.885 68.4946 3.42651 2.8457 66.2324 1054.9
203.387 68.7132 3.41941 2.85478 95.1699 1081.32
207.318 68.8799 3.4235 2.88638 94.8969 1127.24
209.319 68.9656 3.42427 2.89555 151.225 1161.82
211.177 69.1532 3.42447 2.91558 100.899 1210.61
213.625 69.322 3.42543 2.91563 132.154 1273.67
219.035 69.243 3.45199 2.8726 43.6557 1397.87
198.174 67.082 3.43482 2.95589 78.5823 917.628
199.397 67.4213 3.43336 2.9646 67.0076 944.14
202.768 67.4572 3.44904 2.8878 102.968 939.932
203.811 68.2575 3.42838 2.87659 110.394 1032.2
206.028 68.4414 3.42672 2.88351 101.699 1067
208.187 68.1343 3.43849 2.92834 150.272 1058.79
210.384 68.0584 3.45167 2.9481 115.791 1086.71
211.513 68.0748 3.43965 2.94642 114.519 1110.36
214.432 68.1207 3.46902 2.87265 112.845 1181.35
218.405 68.1861 3.49451 2.90278 53.1604 1296.5
222.103 68.3889 3.47583 2.94471 37.7348 1427.48
223.281 66.3701 3.452 2.94147 203.11 1350.63
193.671 65.4742 3.42709 2.91487 44.8 837.088
195.352 65.7077 3.43482 2.9182 58.3398 818.965
198.75 66.442 3.43744 2.99272 83.9825 842.32
200.349 66.6001 3.44764 2.94045 52.7802 847.754
202.227 66.8332 3.45847 2.90106 111.81 869.654
204.275 67.0486 3.44286 2.90212 102.518 900.78
206.517 67.2221 3.45316 2.92638 167.629 940.249
207.821 67.5076 3.44965 2.94862 149.059 987.784
212.113 67.5187 3.45474 2.92808 118.943 1070.33
214.357 67.5933 3.48701 2.86641 83.7807 1132.95
215.855 67.6946 3.50113 2.889 48.2921 1182.72
220.128 67.6136 3.46267 2.93278 58.9833 1309.3
224.214 67.6106 3.44266 2.90689 152.09 1452.84
226.258 67.441 3.45802 2.92995 154.05 1520.72
195.961 64.9941 3.43222 2.90032 55.9434 735.39
197.645 65.3936 3.44329 2.92576 92.8293 744.097
199.349 65.5011 3.74633 3.05658 95.4924 734.002
201.346 65.895 3.46358 2.87904 107.233 765.718
202.913 66.1434 3.44896 2.88666 117.722 794
206.494 66.5156 3.46773 2.94362 161.361 864.489
208.493 66.9214 3.46408 2.9571 160.059 937.684
209.976 66.7108 3.45747 2.96031 104.113 945.39
212.525 66.7004 3.48862 2.88929 105.909 1005.59
213.899 66.7653 3.50625 2.87722 66.2796 1049.1
216.215 66.9498 3.4882 2.95843 57.7048 1133.59
218.345 66.8088 3.44933 2.9272 112.085 1193.12
221.978 66.9116 3.44899 2.92652 105.104 1329.99
223.778 66.9808 3.45378 2.93091 199.202 1401.92
225.729 66.9227 3.462 2.92336 127.934 1475.03
197.761 64.6379 3.44418 2.91538 127.472 663.32
200.087 64.937 3.44884 2.91587 80.9176 665.737
201.637 65.1527 3.46277 2.89861 113.923 682.472
203.551 65.5276 3.44687 2.87075 128.405 728.35
205.119 65.4924 3.46243 2.92877 179.552 737.746
207.195 65.6571 3.46623 2.93433 203.066 785.15
208.623 65.8937 3.47365 2.97686 156.504 836.437
210.457 65.8251 3.47008 2.93403 89.9378 872.24
212.122 65.8371 3.49838 2.90922 99.7212 918.554
218.473 66.2305 3.45009 2.93721 205.127 1158.53
221.631 66.2191 3.44911 2.94271 154.984 1277.45
225.657 65.8052 3.45432 3.04075 75.7463 1423.4
214.843 62.3987 3.40779 2.97979 241.717 792.836
213.052 64.4091 3.43713 2.92863 209.623 834.524
199.305 63.8864 3.41851 3.00126 102.673 559.787
205.522 64.7962 3.46869 2.93398 147.85 668.18
208.018 65.18 3.46917 2.95512 93.6924 752.868
210.64 65.1479 3.49475 2.93717 136.654 815.72
216.846 65.3064 3.45379 2.96038 210 1037.84
218.385 65.6035 3.44895 2.95369 197.545 1115.45
220.064 65.4483 3.44494 2.98453 156.034 1172.97
221.694 65.3609 3.44722 3.01217 114.048 1235.79
223.623 65.2225 3.44559 3.06101 79.7931 1312.18
196.446 62.7492 3.4139 2.92772 70.0392 512.306
199.398 63.2842 3.41899 3.00638 106.805 494.21
200.922 63.3965 3.4644 2.93145 91.6555 489.891
203.285 63.465 3.44585 2.90244 172.025 498.744
204.379 63.994 3.45135 2.93435 195.477 567.118
205.853 64.1767 3.46751 2.96115 182.46 608.332
214.63 64.613 3.43734 2.94137 305.783 907.724
216.436 64.5012 3.43733 3.02719 210.92 971.804
221.784 64.453 3.44121 3.04355 24.9194 1199.68
221.784 64.4525 3.44096 3.05717 27.4021 1199.63
223.67 64.5753 3.43763 3.03253 65.7677 1289.51
195.344 61.9331 3.4257 2.87511 94.4828 488.283
198.469 62.2938 3.46593 2.94252 136.869 411.698
201.699 62.7161 3.45332 2.89217 150.715 410.92
205.93 63.3569 3.4808 2.9352 160.672 525.863
214.222 63.8036 3.4381 3.02916 178.983 839.073
217.924 64.0292 3.45661 3.06503 89.5904 1009.19
222.48 63.8433 3.4545 3.08955 65.1129 1209.63
197.317 61.3416 3.42213 2.89577 120.919 365.942
198.513 61.678 3.48121 2.87442 112.849 352.316
200.525 61.7105 3.45452 2.95547 108.653 309.508
201.703 62.1344 3.45438 2.87803 183.838 346.15
203.311 62.2195 3.44197 2.99584 184.044 362.288
205.146 62.1816 3.50246 3.0002 268.847 390.682
206.12 62.4787 3.49696 3.02639 247.032 444.527
216.652 63.0254 3.4315 3.09457 111.785 905.163
218.173 63.0618 3.42598 2.98014 142.78 978.276
221.871 63.109 3.41785 2.98164 153.322 1158.54
193.799 60.3849 3.3951 2.84442 100.789 485.771
196.65 60.4135 3.38081 2.87271 120.055 338.456
198.04 60.7515 3.39025 2.96897 170.844 293.35
199.312 60.6947 3.46919 2.85431 147.096 239.1
201.041 61.0224 3.45786 2.91408 155.698 228.297
202.562 61.4009 3.43492 2.99993 228.563 265.772
204.176 61.4907 3.48758 3.02939 200.103 299.064
205.609 61.9037 3.49124 3.02408 243.438 376.199
206.868 61.8823 3.47557 2.98291 229.596 414.974
209.88 61.7531 3.4436 3.04061 253.243 528.846
212.274 61.7929 3.40137 2.96547 199.155 642.887
213.825 62.1067 3.4036 2.97702 226.578 731.491
217.004 62.4013 3.39207 2.98289 194.257 897.796
218.122 62.3579 3.38224 2.96887 246.111 951.794
221.538 62.4435 3.39616 2.99495 181.797 1125.87
223.206 62.5763 3.40612 2.9903 181.355 1213.12
225.609 62.2024 3.39487 2.95963 162.83 1331.35
198.315 59.9237 3.43484 2.90785 131.372 231.754
204.11 60.6801 3.49406 3.05685 355.843 218.154
205.516 60.8132 3.48787 2.99949 310.218 278.994
207.791 61.2001 3.44743 3.04629 270.5 401.931
215.402 61.6061 3.40015 3.0016 152.04 791.965
222.911 61.4593 3.37809 3.01673 26.7899 1183.29
224.22 61.4862 3.37461 2.99403 53.3985 1253.12
226.918 61.1512 3.34415 2.70779 70.2312 1397.16
205.68 60.1952 3.46376 3.02041 305.371 244.37
207.376 60.0815 3.4879 3.03883 224.68 325.11
210.276 60.4814 3.44415 2.99156 197.349 491.538
219.809 60.7718 3.32441 2.72216 48.7429 1011.56
221.424 60.3024 3.36958 2.8044 111.32 1099.27
223.909 60.7704 3.37016 2.88531 92.2024 1234.9
190.452 56.6011 3.47858 2.94414 81.469 737.158
206.768 59.6524 3.49455 3.14751 316.403 279.42
212.597 59.9979 3.42564 2.98175 147.062 608.316
223.04 60.1218 3.38522 2.81798 77.9375 1189.55
226.285 59.5898 3.4028 2.76276 24.4235 1376.36
227.183 60.2114 3.39817 2.8502 98.7759 1418.01
212.566 65.1171 3.47405 2.98626 106.846 872.061
206.355 58.9287 3.45605 2.97616 249.457 250.149
207.606 58.6097 3.40624 2.99225 234.145 326.622
213.66 59.4296 3.40862 2.79137 110.612 665.767
205.548 57.5665 3.39586 2.92213 90.739 263.892
224.26 58.4133 3.54002 3.10787 33.2245 1285.01
197.939 55.703 3.41427 2.81582 162.299 444.103
200.447 56.2848 3.37845 2.79244 222.127 319.777
225.424 57.4688 3.59992 3.09462 43.6628 1378.6
228.869 57.9128 3.53833 3.09932 30.5604 1561.6
227.048 56.8144 3.62065 3.158 48.833 1494.99
229.75 56.9811 3.57757 3.09905 51.3664 1643.72
212.138 64.8735 3.46794 2.97856 98.6867 838.473
210.428 68.6408 3.43802 2.93795 120.331 1146.06
229.974 55.9154 3.628 3.16878 30.5009 1700.02
228.385 55.3279 3.65739 3.23115 59.4613 1635.75
227.653 56.4191 3.62453 3.13094 66.355 1545.35
209.931 62.7622 3.07692 2.70863 113.859 597.322
211.063 63.7323 3.42793 2.97595 243.311 711.916
211.14 63.4057 3.42197 2.98703 233.519 690.389
218.547 60.1369 3.86912 3.53054 129.462 939.902
217.908 60.4896 3.36198 2.83639 77.8757 905.88
217.507 60.403 3.36701 2.80699 84.3638 883.26
218.338 61.0595 3.37711 2.87985 80.059 934.809
216.296 60.3923 3.37946 2.77636 59.5708 816.584
216.716 60.1205 3.36353 2.69386 69.9235 838.111
215.271 60.5805 3.39073 2.86444 129.547 762.634
216.679 60.2805 3.35872 2.7202 73.2768 836.855
218.244 60.7315 3.3939 2.94194 76.1676 926.108
217.659 60.602 3.37578 2.87577 68.9357 893.065
216.749 60.4427 3.37088 2.80662 82.9906 841.887
217.639 60.9231 3.40045 2.94855 94.6551 895.475
218.995 60.8241 3.3837 2.92298 44.7836 967.714
216.976 61.3836 3.38334 2.93766 101.556 868.037
218.049 60.1785 3.36594 2.72374 93.0681 912.331
216.031 60.2361 3.38303 2.78547 74.5595 800.741
217.533 61.187 3.37535 2.90113 57.607 893.733
218.652 60.2994 3.36044 2.7842 61.5811 945.99
219.217 60.1294 3.35831 2.71952 111.427 977.149
216.221 60.072 3.38073 2.76737 75.2423 810.406
218.856 60.4399 3.3676 2.83828 123.123 957.672
216.546 61.2275 3.38031 2.8585 51.6866 842.141
