# evlo=218.6745 evla=60.1912
212.952 61.1216 3.26359 2.9617 16.4032 329.569
210.406 60.5508 3.26378 2.59211 43.4941 457.663
210.402 60.8738 3.301 2.62577 39.8956 460.153
209.918 61.8636 3.34892 2.89759 37.6825 508.232
210.519 60.6717 3.27921 2.60933 48.4754 452.02
209.518 60.7352 3.29312 2.6167 39.9968 507.001
208.723 60.6622 3.28684 2.66597 25.3644 550.099
212.047 60.7098 3.24698 2.51622 49.2541 369.18
209.968 60.4881 3.27583 2.60852 35.4965 481.595
208.919 60.4641 3.28637 2.65248 28.1928 539.353
210.813 60.8045 3.28723 2.62846 53.2763 437.17
209.518 60.7351 3.29298 2.61658 39.9968 506.978
