# evlo=218.546997 evla=60.136902
194.627 64.5646 3.71858 3.3046 103.148 1323.62
225.144 58.5792 2.59378 2.07771 67.9738 413.17
209.013 64.0997 3.94669 3.93048 107.198 664.148
209.094 59.7511 3.70011 3.93812 240.901 529.673
209.259 59.7417 3.69849 3.94395 209.009 520.67
210.701 64.1732 3.87062 3.79185 102.624 607.159
208.846 60.7683 3.75496 3.99759 136.786 538.008
207.916 63.4188 4.05394 3.98725 146.257 668.533
212.195 64.6453 3.77136 3.61859 161.712 599.734
200.411 54.831 3.53568 2.89 106.399 1232.27
207.685 63.8827 3.98194 3.84281 101.641 704.206
208.763 59.5251 3.6568 3.80305 256.099 552.443
209.796 67.2269 3.88571 3.36252 75.0548 899.272
209.738 62.4058 4.30862 4.43589 145.3 535.354
212.624 63.0753 4.17383 4.31653 98.2797 453.572
196.582 54.8564 3.60974 3.06623 93.3372 1433.51
209.784 61.1426 3.81446 4.41203 225.422 492.036
214.766 66.5657 3.76901 3.18072 49.0128 740.841
188.296 63.7758 3.66571 3.19145 110.029 1621.39
203.121 64.7461 3.83531 3.59587 56.4104 944.1
211.074 61.771 3.84649 4.73789 144.356 443.651
216.188 61.4417 3.79002 4.79537 253.688 194.012
213.052 64.4091 4.24181 3.73842 183.911 554.651
208.348 59.6572 3.6748 3.82539 226.172 572.762
225.615 58.2758 2.61046 1.85372 54.8444 453.609
197.4 66.8951 3.70297 3.3367 44.2556 1284.03
209.077 63.5527 4.05349 4.03438 141.263 626.396
211.063 63.7318 3.97059 4.11697 127.153 560.538
211.768 64.9602 4.21202 3.5236 174.178 640.051
210.931 64.5928 3.7856 3.70247 73.1811 633.235
191.145 52.9721 3.58775 3.02977 122.18 1846.46
214.53 62.9699 3.94433 4.05729 119.643 380.992
214.475 65.5174 3.88869 3.38679 59.0903 634.277
207.811 62.8962 4.08085 4.0791 113.054 647.823
210.261 61.0889 3.85081 4.53589 278.631 465.667
197.092 68.0541 3.63521 3.29037 49.1429 1356.28
215.154 63.7399 4.22499 3.46985 94.8023 439.137
211.14 63.4056 4.05193 4.23567 135.598 533.815
216.01 63.9761 3.97022 3.43788 143.05 447.886
205.816 56.5593 3.66312 2.95979 54.2544 843.396
208.468 61.98 4.20875 4.12227 180.081 581.045
209.777 60.5117 3.8208 4.3152 227.119 486.005
189.752 57.1766 3.68634 3.21972 66.6528 1689.34
209.253 61.4636 3.76141 4.29287 187.261 526.644
210.547 60.1043 3.81351 4.40594 185.741 444.495
192.073 65.5598 3.68601 3.26163 65.6744 1463.35
209.711 63.4502 4.06522 4.06352 95.4274 593.797
193.495 53.8452 3.58782 3.04729 113.377 1662.83
211.449 62.8295 4.26425 4.66131 131.668 482.322
211.415 62.9628 4.20769 4.48081 79.5486 492.459
211.462 62.6812 4.3293 4.74896 79.4929 472.407
212.058 62.8349 4.24376 4.52941 63.0804 457.799
211.771 63.0624 3.63005 4.28451 54.8227 484.996
212.26 62.5808 3.66967 4.67576 89.5793 432.443
211.152 62.8331 4.27387 4.6475 143.117 494.989
211.908 64.4716 3.81873 3.59327 140.516 592.633
226.475 68.3065 3.33335 2.83633 58.3494 986.852
207.417 57.7828 3.76445 3.18362 106.137 691.006
212.138 64.8736 3.74568 3.58502 227.031 622.02
198.929 70.2043 3.50189 3.05273 31.9474 1437.42
203.383 71.3221 3.64277 3.00512 45.8132 1418.81
205.026 71.0033 3.4854 2.96038 25.7895 1355.72
234.753 71.9871 3.39794 2.86428 84.4754 1500.22
198.198 69.3641 3.53993 3.11306 22.6729 1399.89
202.84 70.0079 3.51957 3.09332 42.878 1316.95
205.387 69.6211 3.52455 3.1369 40.1336 1221.71
206.58 70.34 3.67392 3.00244 33.6939 1262.42
194.656 68.2746 3.61951 3.23081 40.4978 1456.92
196.822 68.4753 3.61898 3.24492 43.5431 1389.84
200.413 69.1049 3.54715 3.14009 32.3704 1313.49
205.217 69.1565 3.54213 3.19657 66.5816 1184.73
209.387 69.836 3.6577 3.06586 51.5557 1161.6
211.299 69.72 3.66799 3.06392 47.1079 1120.22
215.088 69.9175 3.54845 3.10432 38.4096 1102.13
216.289 69.626 3.55021 3.06609 22.4372 1063.15
235.93 69.3475 3.32371 2.83366 128.711 1309.31
196.917 67.6988 3.66501 3.26614 33.288 1343.35
201.885 68.4946 3.59463 3.20212 44.0076 1223.97
203.387 68.7132 3.57924 3.18606 47.7298 1196.35
207.318 68.8799 3.77665 3.18381 42.2958 1110.08
209.319 68.9656 3.7319 3.14167 37.179 1076.48
213.625 69.322 3.60882 3.13041 85.6969 1049.71
219.035 69.243 3.50974 3.0149 59.7697 1015.47
221.263 69.3286 3.4474 2.91597 110.473 1032.64
198.174 67.082 3.70337 3.36876 44.0176 1263.32
199.397 67.4213 3.6855 3.35596 72.4292 1236.37
202.768 67.4572 3.67234 3.37703 46.6242 1120.97
203.811 68.2575 3.59648 3.21701 42.0702 1148.02
206.028 68.4414 3.57622 3.25781 58.7245 1102.03
208.187 68.1343 3.80997 3.24773 68.5549 1021.32
210.384 68.0584 3.78358 3.25155 33.3519 966.733
211.513 68.0748 3.7837 3.16001 63.0845 947.578
214.432 68.1207 3.64828 3.19327 48.6023 911.808
218.405 68.1861 3.55473 3.03956 72.013 897.34
220.465 68.6043 3.47145 2.97392 117.982 948.377
222.103 68.3889 3.40555 2.91244 108.782 935.557
223.281 66.3701 3.27636 2.80106 177.554 733.847
193.671 65.4742 3.7025 3.28312 46.6573 1389.15
195.352 65.7077 3.70137 3.31888 40.392 1321.29
198.75 66.442 3.72058 3.38541 49.3226 1208.25
200.349 66.6001 3.73479 3.45368 48.0532 1153.76
202.227 66.8332 3.71136 3.45313 59.8406 1097.77
206.517 67.2221 3.64535 3.32772 71.0658 985.507
207.821 67.5076 3.88391 3.28584 60.0556 973.775
212.113 67.5187 3.81071 3.2082 83.8308 880.634
214.357 67.5933 3.68333 3.24376 45.0154 855.865
220.128 67.6136 3.45789 2.95638 110.842 837.008
224.214 67.6106 3.32987 2.83416 120.017 877.579
226.258 67.441 3.28557 2.79135 131.806 897.029
195.961 64.9941 3.72553 3.32015 68.0234 1272.22
197.645 65.3936 3.73579 3.38544 33.677 1209.69
199.349 65.5011 3.75089 3.43926 66.1501 1140.13
201.346 65.895 3.76067 3.46106 62.9469 1076.23
202.913 66.1434 3.74885 3.46749 53.5252 1029.35
206.494 66.5156 3.71052 3.37581 59.1234 929.693
208.493 66.9214 3.93998 3.33438 69.3594 904.335
209.976 66.7108 3.93929 3.3954 94.7845 846.913
212.525 66.7004 3.8656 3.30649 87.4035 790.182
213.899 66.7653 3.76541 3.41607 58.919 773.872
216.215 66.9498 3.67392 3.11844 50.1882 768.095
218.345 66.8088 3.54067 3.00099 110.004 743.773
221.978 66.9116 3.35868 2.8575 167.951 773.934
223.778 66.9808 3.3115 2.82902 146.308 805.299
225.729 66.9227 3.25785 2.78266 130.655 835.312
197.761 64.6379 3.75632 3.374 78.1368 1179.35
200.087 64.937 3.76996 3.4896 35.5901 1084.69
201.637 65.1527 3.78217 3.50259 64.3512 1026.92
203.551 65.5276 3.79038 3.52013 62.7484 968.062
205.119 65.4924 3.80246 3.56987 63.0952 905.125
207.195 65.6571 3.77535 3.54857 83.378 841.265
208.623 65.8937 3.72464 3.39487 65.4867 813.136
210.457 65.8251 4.02581 3.52816 83.0803 753.853
212.122 65.8371 4.01506 3.40088 144.624 713.145
214.18 66.267 3.46259 3.46578 20.9068 717.328
218.473 66.2305 3.52536 3.04052 139.023 679.226
221.631 66.2191 3.33859 2.85172 166.622 695.301
225.657 65.8052 3.14895 2.70183 105.393 726.481
214.843 62.3987 4.10795 4.27232 221.285 320.85
213.052 64.4091 4.24181 3.73842 183.911 554.651
199.305 63.8864 3.78214 3.44264 68.1441 1085.71
205.522 64.7962 3.84946 3.67309 52.0115 846.631
210.64 65.1479 3.7392 3.58187 106.023 689.154
216.846 65.3064 3.71468 3.18364 111.916 582.655
218.385 65.6035 3.52352 3.04594 140.273 609.358
220.064 65.4483 3.36739 2.89251 166.196 596.996
221.694 65.3609 3.26521 2.83879 230.783 603.867
223.623 65.2225 3.1503 2.73095 136.761 623.162
196.446 62.7492 3.73889 3.35865 78.9152 1207.95
199.398 63.2842 3.79162 3.47406 95.3306 1067.07
200.922 63.3965 3.82744 3.5199 86.3509 994.955
203.285 63.465 3.87417 3.61006 97.8072 883.417
204.379 63.994 3.89947 3.66215 53.7592 853.8
205.853 64.1767 3.91438 3.73874 84.18 798.141
214.63 64.613 4.00622 3.4059 42.6161 538.232
216.201 64.5654 3.84436 3.0878 25.3833 508.209
216.436 64.5012 3.81478 3.28904 155.503 498.491
221.784 64.453 3.14494 2.76547 120.582 509.355
221.784 64.4525 3.14343 2.76147 164.974 509.292
223.67 64.5753 3.05905 2.66857 124.822 560.899
195.344 61.9331 3.74597 3.30622 82.7011 1262.88
198.469 62.2938 3.78431 3.37928 114.438 1100.62
201.699 62.7161 3.85463 3.54395 92.9597 940.998
205.93 63.3569 3.97399 3.84519 108.319 755.235
217.924 64.0292 3.53672 3.12596 231.424 434.997
222.48 63.8433 2.99844 2.59587 152.426 461.442
197.317 61.3416 3.77153 3.39332 98.9129 1160.61
198.513 61.678 3.79283 3.42059 108.282 1096.08
200.525 61.7105 3.83225 3.46629 114.878 989.692
201.703 62.1344 3.86078 3.50802 156.886 931.483
203.311 62.2195 3.90968 3.61282 102.79 849.695
205.146 62.1816 3.97307 3.74861 166.852 754.997
206.12 62.4787 4.02133 3.80779 162.064 713.765
216.652 63.0254 3.91778 3.45431 253.62 337.22
218.173 63.0618 3.39014 3.02059 231.957 326.551
221.871 63.109 2.83172 2.46453 167.26 375.103
193.799 60.3849 3.71232 3.28429 99.1992 1362.27
196.65 60.4135 3.75089 3.34812 109.628 1206.5
198.04 60.7515 3.77592 3.39395 96.4234 1126.38
199.312 60.6947 3.80083 3.42224 136.862 1057.85
201.041 61.0224 3.84678 3.49503 98.4085 961.851
202.562 61.4009 3.90126 3.5688 129.728 880.158
204.176 61.4907 3.9482 3.63313 136.567 794.825
205.609 61.9037 4.00626 3.78272 162.927 725.411
206.868 61.8823 4.08838 3.93316 168.335 659.929
209.88 61.7531 3.78946 4.35944 237.518 502.647
217.004 62.4013 3.86399 3.53358 246.246 265.547
218.122 62.3579 3.2706 2.909 385.88 248.541
221.538 62.4435 2.59377 2.26403 193.204 302.871
223.206 62.5763 2.61382 2.28602 193.062 368.654
225.609 62.2024 2.88072 2.25702 230.635 443.995
198.315 59.9237 3.77567 3.40865 105.279 1123.76
199.908 60.1686 3.81314 3.46817 113.288 1031.83
201.231 60.4742 3.84457 3.54034 170.639 955.281
202.813 60.5269 3.89538 3.59489 111.95 868.139
204.11 60.6801 3.94382 3.64741 123.639 796.295
205.516 60.8132 4.00393 3.7254 145.79 719.412
207.791 61.2001 4.15756 3.95758 162.871 599.113
222.911 61.4593 2.55756 1.936 156.847 279.538
224.22 61.4862 2.64481 2.01674 147.104 343.292
226.918 61.1512 2.75046 2.17618 116.926 471.38
198.736 59.2533 3.79146 3.3899 85.956 1115.69
200.175 59.1767 3.8255 3.43731 83.9335 1037.83
201.907 59.5938 3.87351 3.50914 110.413 931.772
202.905 59.7733 3.9075 3.5569 115.102 872.874
204.792 59.8542 3.98542 3.67209 149.356 766.887
205.68 60.1952 4.02121 3.7029 154.21 713.282
207.376 60.0815 4.10726 3.86093 250.1 620.576
210.276 60.4814 3.83831 4.42353 231.285 458.517
223.909 60.7704 2.44617 1.87228 134.466 303.345
190.452 56.6011 3.67608 3.22196 24.7359 1676.82
202.009 59.0314 3.86912 3.53054 129.462 939.902
203.561 59.1953 3.91025 3.59007 121.083 849.269
204.771 59.3922 3.96003 3.62567 168.816 777.162
206.768 59.6524 4.04291 3.73846 213.983 660.671
223.04 60.1218 2.23893 1.61709 89.4136 249.699
226.285 59.5898 2.61786 2.00951 75.4658 437.58
227.183 60.2114 2.71696 2.12842 110.391 479.062
212.566 65.1171 4.11265 3.61467 124.255 633.644
203.344 58.6774 3.86897 3.47841 100.355 876.545
204.113 58.2637 3.82698 3.45267 107.183 848.838
204.991 58.6484 3.87686 3.49068 90.8167 786.367
206.355 58.9287 3.93555 3.5704 161.411 701.798
207.606 58.6097 3.89867 3.46928 131.477 644.03
213.66 59.4296 4.24018 4.3814 262.334 285.482
227.731 58.9601 2.74601 2.12859 65.7568 535.231
202.426 57.5673 3.76514 3.3252 120.802 970.73
203.613 57.6397 3.76844 3.36354 72.6864 902.639
205.548 57.5665 3.72463 3.25413 84.8728 801.482
224.26 58.4133 2.50115 1.71779 37.0329 377.936
225.482 58.2747 2.60997 1.82147 59.3331 446.923
229.033 59.3946 2.81871 2.23797 74.7126 594.36
197.939 55.703 3.62657 3.11764 70.389 1310.55
200.447 56.2848 3.65709 3.20157 65.8004 1142.66
223.768 57.9616 2.57106 1.83321 94.6186 385.179
225.424 57.4688 2.75592 2.03213 92.2515 495.917
228.869 57.9128 2.78537 2.02665 62.4671 641.646
227.048 56.8144 2.90174 2.1878 76.5473 618.07
229.75 56.9811 2.91175 2.25747 58.6918 739.516
212.138 64.8735 4.20982 3.59616 158.22 622.016
210.428 68.6408 3.73868 3.18613 64.773 1023.75
229.974 55.9154 3.03186 2.35212 36.5784 821.056
218.842 64.7774 3.45182 2.98018 267.643 517.418
227.653 56.4191 2.96035 2.23401 88.4137 675.011
209.768 62.6893 3.7087 4.45224 48.1675 547.679
211.063 63.7323 3.97072 4.1171 127.153 560.556
211.14 63.4057 4.05194 4.23568 135.598 533.817
212.952 61.1216 3.27866 2.71177 21.8464 325.194
210.84 64.6544 3.76919 3.66981 70.067 641.227
210.867 64.709 3.76975 3.65916 59.5839 644.929
210.853 64.7716 3.76423 3.69137 60.8662 650.614
210.847 64.8338 3.75996 3.66632 47.3257 656.06
210.819 64.8857 3.75116 3.63733 66.3259 661.335
210.44 64.87 3.77924 3.6349 120.51 671.84
210.174 64.8537 3.80062 3.60872 103.118 679.033
210.069 64.7653 3.82593 3.6124 94.0473 675.347
210.917 64.5498 3.79809 3.74642 64.8244 630.115
210.782 64.5716 3.78372 3.72637 92.1319 636.266
210.554 64.5756 3.80297 3.71797 146.829 644.048
210.901 64.613 3.77954 3.6799 79.4391 635.864
211.172 64.6917 3.81966 3.55272 74.6506 633.97
212.567 65.1173 4.10779 3.56574 65.9158 633.655
212.57 65.1176 4.10654 3.56326 65.5059 633.614
209.768 62.6892 3.70874 4.45228 48.1675 547.685
210.59 60.0084 3.78389 4.32708 104.323 442.962
210.23 59.8351 3.75576 4.10772 34.2795 465.173
210.402 60.8738 3.8595 4.49504 100.129 454.682
210.574 60.776 3.87823 4.66678 54.7089 444.177
209.918 61.8636 3.78311 4.3816 121.797 504.477
210.331 61.4859 3.82961 4.58052 61.0642 471.376
209.538 60.4832 3.79517 4.24583 102.856 499.073
210.519 60.6717 3.86567 4.63962 95.1038 446.192
210.455 61.3427 3.83563 4.69211 98.7667 461.08
210.626 60.4754 3.86183 4.55014 57.5427 439.248
209.518 60.7352 3.83104 4.273 107.452 501.23
209.971 61.6954 3.79267 4.4828 73.1409 496.168
209.968 60.4881 3.81337 4.36431 123.119 475.435
210.253 60.4731 3.83922 4.41845 53.9603 459.747
209.81 60.4601 3.81614 4.31495 48.6339 484.107
209.518 60.7351 3.83087 4.27281 107.452 501.207
