# evlo=237.146004 evla=57.389999
217.507 60.403 3.42063 2.95379 35.0255 1175.79
216.3 60.3932 3.4112 2.94007 26.4679 1241.69
216.679 60.2805 3.40816 2.91951 28.8929 1219.47
216.749 60.4427 3.4136 2.94218 35.703 1217.76
216.031 60.2361 3.39495 2.88651 25.3996 1254.67
216.221 60.072 3.38734 2.87636 25.7069 1242.54
236.736 59.4036 2.92898 4.09444 35.1048 225.563
234.769 58.8471 3.50288 3.09349 109.698 214.383
234.233 58.9305 3.48425 3.11929 72.2278 242.542
233.891 59.4223 2.89705 2.91111 24.3586 295.649
233.05 59.6548 3.46423 2.94393 33.4925 347.162
232.224 60.0057 3.47486 2.99508 55.6137 407.621
231.195 60.1197 3.47776 2.97869 51.3505 459.141
230.28 60.1576 3.48326 2.9914 38.7572 502.392
229.393 60.087 3.45389 2.93085 47.2843 539.695
228.256 59.933 3.44804 2.95185 70.4054 587.955
227.254 60.1694 3.45799 2.97386 38.6989 649.64
226.693 60.4834 3.46494 2.98599 54.2048 692.416
225.753 60.434 3.4627 2.98536 66.784 737.565
211.301 69.7162 3.42493 2.8768 15.2073 1852.83
198.722 65.4015 3.46533 2.91487 25.4515 2194.52
211.489 65.5114 3.48248 2.98559 17.3025 1622.69
211.554 70.2036 3.37385 2.74064 19.0214 1876.6
204.534 64.74 3.47203 2.927 26.3444 1913.69
211.306 69.424 3.42184 2.88446 25.3572 1834.32
210.41 68.6274 3.41314 2.88227 27.8773 1817.53
209.89 67.3812 3.45468 2.95733 28.314 1771.74
217.507 60.403 3.42063 2.95379 35.0255 1175.79
216.296 60.3923 3.41169 2.94049 26.4679 1241.86
216.679 60.2805 3.40816 2.91951 28.8929 1219.47
216.749 60.4427 3.4136 2.94218 35.703 1217.76
216.031 60.2361 3.39495 2.88651 25.3996 1254.67
216.221 60.072 3.38734 2.87636 25.7069 1242.54
