# evlo=232.359001 evla=55.410999
217.507 60.403 3.42096 2.85773 22.8259 1037.83
216.3 60.3932 3.44733 2.83026 40.2252 1097.94
216.716 60.1205 3.68023 2.83932 26.1868 1064.87
216.679 60.2805 3.4399 2.85139 48.8974 1073.72
216.749 60.4427 3.43718 2.8733 43.188 1077.51
217.277 60.2474 3.44532 2.91882 15.5645 1041.99
216.031 60.2361 3.45403 2.83547 41.7108 1104.94
216.221 60.072 3.47967 2.91153 23.7325 1088.38
231.887 52.1847 3.46793 2.9191 97.942 360.434
236.736 59.4036 3.57934 3.39301 35.3504 516.384
235.766 58.6528 3.4021 2.96792 46.8837 415.965
235.227 58.6614 3.38368 2.88818 20.9835 401.593
234.769 58.8471 3.39633 2.93215 29.3635 409.466
234.233 58.9305 3.35267 3.0225 51.0558 407.965
233.891 59.4223 3.41663 2.97006 16.1585 456.084
232.224 60.0057 3.4023 2.95187 20.4267 511.785
231.195 60.1197 3.41573 3.06428 34.018 528.955
229.393 60.087 3.41021 3.01574 41.2318 549.774
228.256 59.933 3.44262 3.12859 20.1275 559.74
226.693 60.4834 3.42506 3.01423 15.8913 656.533
225.753 60.434 3.41098 2.93433 33.9276 682.111
210.176 67.8516 3.44428 2.97809 31.2653 1797.54
230.745 53.425 3.49715 3.0087 90.2006 244.624
230.743 53.517 3.47464 3.02947 97.5211 235.418
230.943 53.673 3.48484 2.97696 116.903 214.063
230.974 53.769 3.51677 2.86697 54.669 203.521
231.098 53.819 3.48951 2.90262 18.4494 195.036
232.425 52.1577 3.47938 2.98098 45.5823 362.121
232.528 52.1871 3.45566 2.96906 39.7952 358.995
232.644 52.2602 3.44658 2.97147 100.036 351.189
232.742 52.2882 3.44778 2.97444 29.3891 348.485
232.744 52.294 3.43801 2.98522 101.538 347.852
232.847 52.3171 3.43513 2.99984 113.569 345.849
233.021 52.3437 3.43777 3.02063 58.6064 344.159
233.165 52.3901 3.45568 2.99577 78.3801 340.377
233.315 52.3748 3.46909 2.99536 82.9444 343.727
233.445 52.404 3.47097 2.95486 69.3545 342.208
233.582 52.4315 3.45394 2.93424 73.9949 341.217
233.655 52.4415 3.45173 3.01699 24.006 341.287
233.654 52.4412 3.44389 2.9078 67.3293 341.296
233.783 52.4386 3.44433 2.89205 73.1685 343.782
233.869 52.4069 3.44919 2.91603 69.178 348.759
233.933 52.3681 3.45618 2.93188 73.8947 354.114
234.034 52.3981 3.46534 2.94896 77.9693 352.916
234.15 52.4019 3.48487 3.051 53.1032 354.965
234.223 52.362 3.48517 2.96561 81.1676 360.777
234.367 52.4126 3.48759 2.99047 75.6263 358.84
234.492 52.3773 3.48407 2.99153 83.1246 365.576
234.738 52.38 3.47389 2.99651 72.8512 371.788
234.917 52.3782 3.47377 3.00192 81.016 377.067
217.507 60.403 3.42096 2.85773 22.8259 1037.83
216.296 60.3923 3.44774 2.8306 40.2252 1098.07
216.716 60.1205 3.68023 2.83932 26.1868 1064.87
216.679 60.2805 3.4399 2.85139 48.8974 1073.72
216.749 60.4427 3.43718 2.8733 43.188 1077.51
217.277 60.2474 3.44532 2.91882 15.5645 1041.99
216.031 60.2361 3.45403 2.83547 41.7108 1104.94
216.221 60.072 3.47967 2.91153 23.7325 1088.38
