# evlo=233.653503 evla=52.4412
217.659 60.6024 3.51451 2.95829 23.7045 1333.29
216.749 60.4427 3.51705 2.94874 23.3885 1364.42
232.224 60.0057 3.43261 2.91991 19.5654 846.873
231.195 60.1197 3.43762 2.98254 19.584 868.267
210.176 67.8516 3.45465 2.96604 21.8221 2127.74
230.745 53.425 3.51056 3.01782 180.786 224.105
230.743 53.517 3.48526 2.94905 84.713 229.217
230.943 53.673 3.47366 2.89061 102.531 227.614
230.974 53.769 3.4752 2.77299 41.6298 232.438
231.098 53.819 3.43668 2.94374 17.0936 229.691
231.321 53.9 3.45076 2.93998 103.018 225.114
231.373 54.036 3.50245 3.01719 85.1285 233.823
231.376 54.093 3.51579 3.10682 87.4071 238.481
231.424 54.17 3.55645 3.28863 65.2956 243.094
231.479 54.262 3.49827 3.11158 67.6321 249.035
231.436 54.358 3.47946 3.15307 49.8171 259.326
231.416 54.467 3.49367 3.15256 79.7068 270.017
231.434 54.502 3.4963 3.13882 97.4727 272.597
231.542 54.539 3.50309 3.15708 105.677 272.281
231.6 54.636 3.5114 3.15023 102.958 279.623
231.677 54.722 3.50158 3.08981 92.0533 285.585
231.696 54.801 3.47579 2.99403 88.596 292.816
231.665 54.851 3.47269 3.00647 79.2965 298.68
231.681 55.018 3.4532 2.97397 91.9755 314.931
231.846 55.084 3.45044 2.96139 109.763 317.353
232.267 55.179 3.48188 3.01769 77.781 318.098
232.385 55.267 3.46254 2.95048 52.3795 325.391
232.359 55.411 3.44389 2.9078 67.3293 341.296
217.659 60.602 3.5145 2.95828 23.7045 1333.29
216.749 60.4427 3.51705 2.94874 23.3885 1364.42
