# evlo=232.385002 evla=55.266998
217.507 60.403 3.43739 2.86172 21.4632 1049.15
216.3 60.3932 3.45727 2.84009 37.7585 1108.94
216.679 60.2805 3.45402 2.83129 46.3988 1084.69
216.749 60.4427 3.44831 2.87821 36.0294 1088.68
216.031 60.2361 3.46237 2.82458 46.3915 1115.71
217.533 61.1871 3.42747 3.19245 15.3986 1089.64
216.221 60.072 3.48625 2.92947 21.0176 1099.01
231.887 52.1847 3.46146 2.95141 127.586 344.63
236.736 59.4036 3.18851 3.36323 38.939 529.718
235.766 58.6528 3.40557 2.93069 53.2071 429.377
235.227 58.6614 3.41329 2.88441 19.2465 415.575
234.233 58.9305 3.37062 2.95988 46.4496 423.028
232.224 60.0057 3.3921 2.9244 21.8703 527.841
231.195 60.1197 3.41729 3.00484 39.1479 545.068
229.393 60.087 3.4197 2.99395 34.1735 565.57
228.256 59.933 3.49158 3.49618 15.2859 575.062
225.753 60.434 3.41217 2.93735 34.9675 696.591
210.176 67.8516 3.44673 2.985 26.965 1812.16
230.745 53.425 3.48712 2.96633 96.6602 231.099
230.743 53.517 3.46924 2.95028 86.2358 222.072
230.943 53.673 3.48436 2.89883 133.559 200.548
230.974 53.769 3.52856 2.90991 56.8181 190.134
232.425 52.1577 3.4886 2.97794 54.1811 346.073
232.528 52.1871 3.45949 2.98902 37.0634 342.921
232.644 52.2602 3.45216 3.00274 110.039 335.092
232.742 52.2882 3.44211 2.98882 28.0684 332.375
232.744 52.294 3.43162 3.00285 110.065 331.742
232.847 52.3171 3.42709 2.9907 119.148 329.733
233.021 52.3437 3.44583 2.96205 61.0671 328.05
233.165 52.3901 3.45201 2.97478 103.552 324.291
233.315 52.3748 3.47016 2.98525 100.159 327.676
233.445 52.404 3.47357 2.97597 70.884 326.204
233.582 52.4315 3.46845 2.96343 63.4689 325.275
233.654 52.4412 3.46254 2.95048 52.3795 325.391
233.783 52.4386 3.46449 2.98126 55.5979 327.947
233.869 52.4069 3.46698 2.99706 73.8842 332.968
233.933 52.3681 3.46906 2.98073 83.9853 338.351
234.034 52.3981 3.48338 3.0035 104.826 337.23
234.15 52.4019 3.49466 3.02344 79.0507 339.364
234.223 52.362 3.49097 2.99817 105.171 345.214
234.367 52.4126 3.48457 2.97322 85.8682 343.419
234.492 52.3773 3.46874 2.94505 87.456 350.242
234.738 52.38 3.45798 2.96268 109.062 356.681
234.917 52.3782 3.46797 3.00358 106.677 362.134
217.507 60.403 3.43739 2.86172 21.4632 1049.15
216.296 60.3923 3.45768 2.84043 37.7585 1109.07
216.679 60.2805 3.45402 2.83129 46.3988 1084.69
216.749 60.4427 3.44831 2.87821 36.0294 1088.68
216.031 60.2361 3.46237 2.82458 46.3915 1115.71
217.533 61.187 3.42742 3.19241 15.3986 1089.63
216.221 60.072 3.48625 2.92947 21.0176 1099.01
