# evlo=232.527603 evla=52.187099
230.743 53.517 3.5275 3.0344 28.4291 190.661
230.943 53.673 3.57712 3.27993 56.2442 196.707
231.098 53.819 3.58827 3.58494 18.9107 205.397
231.321 53.9 3.50507 3.18813 48.3613 207.083
231.373 54.036 3.48749 3.07175 60.4906 219.8
231.376 54.093 3.48884 3.0648 66.2947 225.664
231.424 54.17 3.47715 2.98572 36.7581 232.678
231.479 54.262 3.45921 3.0209 43.2812 241.296
231.436 54.358 3.4763 3.19796 25.9063 252.331
231.416 54.467 3.47701 3.21397 55.032 264.315
231.434 54.502 3.47741 3.20039 78.275 267.72
231.542 54.539 3.45053 3.13575 79.8249 269.842
231.6 54.636 3.44582 3.06379 79.9728 279.434
231.677 54.722 3.45164 3.04574 73.0692 287.718
231.696 54.801 3.45838 3.04446 59.8706 296.099
231.665 54.851 3.46322 3.12397 59.9771 301.946
231.681 55.018 3.4617 3.0978 59.342 320.012
231.846 55.084 3.45108 3.02693 51.6353 325.552
232.267 55.179 3.44835 3.01363 56.2679 333.44
232.385 55.267 3.45949 2.98902 37.0634 342.921
232.359 55.411 3.45566 2.96906 39.7952 358.995
