# evlo=208.982407 evla=60.799
217.908 60.4896 3.3239 2.82206 55.2013 489.194
217.507 60.403 3.27687 2.74269 67.1236 468.757
218.338 61.0595 3.2557 2.61526 58.9921 507.717
216.3 60.3932 3.28894 2.63185 69.6321 403.26
216.716 60.1205 3.2711 2.52512 52.3227 431.924
212.138 64.8736 3.3793 2.91288 98.9115 481.636
209.768 62.6893 3.28689 2.76084 172.811 214.7
217.908 60.4896 3.3239 2.82206 55.2013 489.194
217.507 60.403 3.27687 2.74269 67.1236 468.757
218.338 61.0595 3.25574 2.61529 58.9921 507.723
216.296 60.3923 3.28757 2.63075 69.6321 403.091
216.716 60.1205 3.2711 2.52512 52.3227 431.924
209.768 62.6892 3.28677 2.76074 172.811 214.693
