# evlo=209.946503 evla=62.0056
217.908 60.4896 3.36753 3.01485 131.246 459.244
217.507 60.403 3.33574 2.96463 118.502 443.606
218.338 61.0595 3.42716 3.30975 87.0886 458.337
216.3 60.3932 3.29294 2.80772 82.0726 385.737
216.716 60.1205 3.26815 2.55269 81.3295 421.308
210.176 67.8516 3.40425 2.85843 34.9745 651.866
217.908 60.4896 3.36753 3.01485 131.246 459.244
217.507 60.403 3.33574 2.96463 118.502 443.606
218.338 61.0595 3.42721 3.30979 87.0886 458.342
216.296 60.3923 3.29199 2.80692 82.0726 385.626
216.716 60.1205 3.26815 2.55269 81.3295 421.308
210.644 60.2564 3.3704 2.98365 142.771 198.504
210.59 60.0084 3.40486 3.04995 152.702 225.254
210.23 59.8351 3.36606 2.98787 131.845 242.343
211.909 60.5183 3.44634 3.03286 86.1149 196.332
