# evlo=210.230301 evla=59.835098
217.908 60.4896 3.23225 2.55057 42.1103 432.274
217.507 60.403 3.26188 2.52672 43.0789 409.274
218.338 61.0595 3.3313 2.71942 98.6799 466.31
216.3 60.3932 3.2801 2.47107 57.3908 343.05
216.716 60.1205 3.25929 2.40241 58.4918 363.384
215.271 60.5805 3.3176 2.57076 33.9433 291.488
216.679 60.2805 3.27331 2.45162 62.3609 362.471
218.244 60.7315 3.29878 2.71576 81.9479 454.146
212.138 64.8736 3.40491 3.06239 64.8852 570.107
218.842 64.7774 3.43609 3.00719 63.235 707.937
209.768 62.6893 3.36162 2.94463 92.0913 319.011
218.547 60.1369 3.75576 4.10772 34.2795 465.173
210.176 67.8516 3.40139 2.94886 30.9634 893.634
209.736 66.2066 3.41009 2.93141 45.9138 710.61
211.301 69.7162 3.57655 2.90889 42.0986 1102.75
209.329 66.7192 3.4034 2.99277 41.2909 768.65
217.908 60.4896 3.23225 2.55057 42.1103 432.274
217.507 60.403 3.26188 2.52672 43.0789 409.274
218.338 61.0595 3.33134 2.71945 98.6799 466.316
216.296 60.3923 3.27819 2.46963 57.3908 342.851
216.716 60.1205 3.25929 2.40241 58.4918 363.384
215.271 60.5805 3.3176 2.57076 33.9433 291.488
216.679 60.2805 3.27331 2.45162 62.3609 362.471
218.244 60.7315 3.29878 2.71576 81.9479 454.146
210.183 61.5919 3.34277 2.97713 90.6437 195.768
209.768 62.6892 3.36157 2.94458 92.0913 319.006
209.947 62.0056 3.36606 2.98787 131.845 242.343
209.918 61.8636 3.34956 2.90924 95.1927 226.664
209.971 61.6954 3.3508 2.95366 111.321 207.767
