# evlo=212.194702 evla=64.645302
194.627 64.5646 3.30345 2.82196 114.884 838.351
217.908 60.4896 3.27197 2.97068 221.141 548.029
217.654 61.036 3.25585 2.9701 561.39 488.704
217.507 60.403 3.24952 2.98979 142.093 545.835
218.338 61.0595 3.24634 2.94471 389.161 507.095
220.363 59.9534 3.24464 2.92639 213.664 672.024
216.3 60.3932 3.28017 2.84745 152.202 518.679
225.144 58.5792 3.32282 2.93962 92.939 960.521
215.395 60.9677 3.29698 2.8749 300.444 441.072
209.013 64.0997 3.3342 2.80993 411.353 165.206
209.259 59.7417 3.3116 3.02387 81.5364 567.325
208.846 60.7683 3.21451 2.71131 182.844 464.708
207.916 63.4188 3.33797 2.80454 417.682 249.793
204.378 55.8218 3.27898 3.14796 41.3578 1072.39
200.411 54.831 3.31834 2.9383 84.9633 1273.97
207.685 63.8827 3.32854 2.78413 269.188 234.48
209.796 67.2269 3.29073 2.72786 185.511 307.817
216.907 60.7523 3.28909 2.99299 89.9294 496.162
218.66 60.9649 3.24872 2.94407 287.283 525.816
209.738 62.4058 3.30793 2.8022 228.07 277.924
221.785 59.0906 3.27367 2.97766 22.815 796.953
212.624 63.0753 3.28799 2.72917 112.481 176.285
214.225 61.1292 3.28215 2.90542 94.7071 405.232
215.93 63.6482 3.39758 2.8256 272.252 213.065
214.25 60.5487 3.2369 2.98056 165.247 468.572
196.582 54.8564 3.30166 2.86534 78.8173 1392.01
213.401 60.7277 3.30245 3.00703 196.583 440.972
209.784 61.1426 3.3072 2.9838 177.931 409.14
214.766 66.5657 3.31747 2.83812 329.161 244.703
188.296 63.7758 3.30488 2.79109 115.326 1157.66
203.121 64.7461 3.31929 2.80152 162.598 432.705
211.074 61.771 3.3403 3.04834 210.783 325.294
216.188 61.4417 3.28389 3.03329 312.627 410.094
212.904 60.8792 3.31199 3.06203 202.145 421.315
215.271 60.5805 3.26393 2.86262 134.303 479.645
216.679 60.2805 3.25938 2.81997 128.795 538.39
218.244 60.7315 3.26282 2.98494 357.421 534.546
213.497 60.396 3.28672 2.98483 189.901 478.296
215.738 60.3351 3.27472 2.80364 223.75 513.747
208.348 59.6572 3.20718 2.65023 123.015 590.713
217.659 60.6024 3.27135 2.98815 246.593 530.34
225.615 58.2758 3.33592 2.85062 65.1315 1004.1
215.581 59.9268 3.1931 2.60302 96.321 554.284
216.749 60.4427 3.27415 2.94457 113.518 523.454
217.639 60.9231 3.26314 2.99373 539.042 498.983
214.077 61.4924 3.30725 3.00128 131.825 364.049
211.542 61.4131 3.32984 3.0301 171.337 361.777
197.4 66.8951 3.28232 2.81037 71.0987 720.609
209.077 63.5527 3.29098 2.80396 607.152 194.767
217.277 60.2474 3.24759 2.89725 68.5124 555.567
218.995 60.824 3.24785 2.93398 318.247 549.226
216.976 61.3836 3.24884 2.95509 497.331 436.564
218.049 60.1785 3.2593 2.93109 188.898 582.069
216.031 60.2361 3.27144 2.77864 194.989 529.611
191.145 52.9721 3.29154 2.77213 142.327 1763.96
214.53 62.9699 3.24581 2.88163 450.99 219.33
219.747 60.0959 3.25652 2.94826 323.126 639.362
220.599 59.667 3.25636 2.96664 272.103 705.736
207.811 62.8962 3.28779 2.82856 401.644 291.077
217.533 61.1871 3.25025 2.96016 459.151 470.999
211.667 60.8584 3.31519 3.0564 133.974 422.937
215.323 60.3863 3.26183 2.75875 102.457 501.132
210.261 61.0889 3.325 3.0221 198.137 408.384
197.092 68.0541 3.28197 2.8418 87.6767 772.954
215.154 63.7399 3.3506 2.843 393.123 175.657
218.652 60.2994 3.26423 2.9597 205.854 587.229
211.14 63.4056 3.31268 2.79823 283.58 147.503
219.217 60.1294 3.25226 2.92735 297.309 619.955
211.668 61.807 3.33252 3.01752 250.15 317.474
212.671 61.832 3.30393 3.00767 266.365 314.495
216.01 63.9761 3.39839 2.96598 178.441 199.056
214.792 60.5341 3.22169 2.90314 131.611 477.15
205.816 56.5593 3.24368 2.87972 56.2552 965.204
208.468 61.98 3.2965 2.86152 197.297 350.811
209.777 60.5117 3.31812 3.01976 153.724 477.09
189.752 57.1766 3.3228 2.83596 121.133 1462.38
209.253 61.4636 3.31581 2.95282 157.099 384.483
216.221 60.072 3.27236 2.89657 120.453 550.427
210.547 60.1043 3.32763 3.06435 170.654 513.186
218.856 60.4399 3.26162 2.98568 307.088 580.05
217.171 60.7541 3.28751 2.99071 162.768 502.643
192.073 65.5598 3.31556 2.84794 130.917 946.951
209.711 63.4502 3.28958 2.81011 596.614 180.177
193.495 53.8452 3.2953 2.80102 84.6959 1595.86
216.546 61.2275 3.27535 3.00856 318.463 440.16
211.449 62.8295 3.2975 2.99583 304.536 205.732
211.415 62.9628 3.29512 2.94326 160.277 191.451
211.462 62.6812 3.31511 2.99018 122.626 221.922
212.058 62.8349 3.27114 2.96367 171.123 201.924
211.771 63.0624 3.26869 3.10081 241.537 177.677
212.26 62.5808 3.28666 3.0483 315.723 230.155
211.152 62.8331 3.26741 2.8894 243.606 208.46
217.147 60.448 3.25557 2.9727 132.994 532.353
218.249 60.3583 3.26832 2.95648 275.996 570.106
196.917 67.6988 3.29063 2.82938 26.446 765.821
201.885 68.4946 3.20826 2.80142 237.985 626.008
203.387 68.7132 3.21194 2.84589 234.703 596.629
207.318 68.8799 3.23178 2.73641 85.4559 518.417
209.319 68.9656 3.20197 2.68464 125.538 497.97
211.177 69.1532 3.20804 2.76188 119.761 504.676
213.625 69.322 3.22756 2.84118 136.38 525.237
219.035 69.243 3.29054 2.83926 151.898 592.796
221.263 69.3286 3.27679 2.81413 84.1983 653.922
199.397 67.4213 3.29805 2.81603 49.5421 656.003
202.768 67.4572 3.28505 2.86891 110.549 528.984
203.811 68.2575 3.21236 2.82706 221.386 548.696
206.028 68.4414 3.24846 2.89058 116.368 503.755
208.187 68.1343 3.27307 2.84757 126.461 428.145
210.384 68.0584 3.26018 2.79029 166.385 389.104
211.513 68.0748 3.25554 2.7783 175.015 383.64
214.432 68.1207 3.23502 2.83438 154.699 400.194
218.405 68.1861 3.32988 2.84765 178.599 482.044
220.465 68.6043 3.31352 2.83465 105.583 572.703
222.103 68.3889 3.30883 2.83918 129.998 605.783
223.281 66.3701 3.32513 2.90339 207.215 547.009
193.671 65.4742 3.31122 2.82426 90.5189 873.568
195.352 65.7077 3.31374 2.83 91.8807 795.685
198.75 66.442 3.30122 2.84926 86.3744 651.347
200.349 66.6001 3.30308 2.79729 30.1025 586.582
202.227 66.8332 3.33498 2.84176 69.0278 517.395
204.275 67.0486 3.28377 2.85568 183.036 449.664
206.517 67.2221 3.23546 2.85644 347.343 386.18
207.821 67.5076 3.25849 2.91044 231.557 375.396
212.113 67.5187 3.27381 2.80051 234.65 320.43
214.357 67.5933 3.24664 2.74462 152.027 342.894
215.855 67.6946 3.30862 2.81593 174.812 377.825
220.128 67.6136 3.31309 2.87552 119.217 487.199
224.214 67.6106 3.28783 2.8839 216.622 634.185
226.258 67.441 3.3078 2.8632 206.165 707.485
195.961 64.9941 3.30629 2.8149 75.4828 769.825
197.645 65.3936 3.30121 2.83598 93.163 689.357
199.349 65.5011 3.30462 2.79447 102.759 610.737
201.346 65.895 3.30542 2.87157 167.875 524.682
202.913 66.1434 3.3011 2.82039 66.5461 462.073
206.494 66.5156 3.28605 2.85518 288.375 335.492
208.493 66.9214 3.26313 2.90301 290.647 305.087
209.976 66.7108 3.30511 2.81758 278.768 251.849
212.525 66.7004 3.25904 2.85633 241.612 229.65
213.899 66.7653 3.33056 2.81411 129.468 248.981
216.215 66.9498 3.30895 2.84484 199.054 315.911
218.345 66.8088 3.30602 2.89824 226.624 371
221.978 66.9116 3.31031 2.93214 180.916 513.598
223.778 66.9808 3.31546 2.89554 270.081 589.149
225.729 66.9227 3.32606 2.88413 156.323 668.026
197.761 64.6379 3.30464 2.81495 70.7766 688.537
200.087 64.937 3.30412 2.80815 102.722 575.657
201.637 65.1527 3.31128 2.75967 93.4238 502.549
203.551 65.5276 3.3004 2.82008 118.627 417.839
205.119 65.4924 3.2996 2.81 106.092 345.857
207.195 65.6571 3.36761 2.77125 160.541 260.154
208.623 65.8937 3.25892 2.81975 390.602 217.201
210.457 65.8251 3.25105 2.74077 312.638 154.608
214.18 66.267 3.30746 2.79637 107.861 202.886
214.181 66.267 3.307 2.80089 160.493 202.908
218.473 66.2305 3.30714 2.90018 275.102 340.543
221.631 66.2191 3.33094 2.90825 121.555 471.231
225.657 65.8052 3.33795 2.91199 87.825 641.569
214.843 62.3987 3.30458 2.99461 323.679 282.94
199.305 63.8864 3.31364 2.82964 90.1202 629.297
205.522 64.7962 3.3354 2.79104 150.766 318.381
208.018 65.18 3.29112 2.52573 176.531 206.439
216.846 65.3064 3.41678 3.00749 283.945 231.595
218.385 65.6035 3.37283 2.97317 308.983 309.513
220.064 65.4483 3.35678 2.95557 126.604 380.996
221.694 65.3609 3.35514 2.96712 137.549 454.658
223.623 65.2225 3.35525 2.94379 74.0761 543.536
196.446 62.7492 3.30839 2.86678 71.9135 804.747
199.398 63.2842 3.32157 2.88024 74.1322 643.84
200.922 63.3965 3.31569 2.82811 75.635 567.635
203.285 63.465 3.34555 2.88871 107.065 454.146
204.379 63.994 3.319 2.76616 77.6886 384.727
205.853 64.1767 3.34101 2.80662 97.1837 310.024
216.201 64.5654 3.42029 3.0878 23.3662 191.958
216.436 64.5012 3.42043 3.13094 215.677 203.886
221.784 64.453 3.35775 2.99328 113.535 460.059
221.784 64.4525 3.36148 2.97628 56.0808 460.037
223.67 64.5753 3.35937 2.97805 58.5902 548.514
195.344 61.9331 3.31698 2.84094 64.1621 894.574
198.469 62.2938 3.34017 2.85072 98.9448 730.991
201.699 62.7161 3.34973 2.86702 150.968 561.362
205.93 63.3569 3.33928 2.84996 343.14 338.32
217.924 64.0292 3.37949 2.99115 215.138 285.25
222.48 63.8433 3.36698 2.95159 160.309 506.232
197.317 61.3416 3.35159 2.88968 98.1667 836.477
198.513 61.678 3.34382 2.86978 121.014 762.618
200.525 61.7105 3.33067 2.85905 123.96 671.204
201.703 62.1344 3.32568 2.83687 129.934 593.553
203.311 62.2195 3.32518 2.81638 149.904 518.735
205.146 62.1816 3.32329 2.87623 236.065 446.141
206.12 62.4787 3.31388 2.84068 260.319 386.327
216.652 63.0254 3.33512 2.82648 263.357 284.043
218.173 63.0618 3.39737 3.05032 115.847 342.751
221.871 63.109 3.34872 2.92421 95.0463 504.844
193.799 60.3849 3.34987 2.88185 48.8717 1054.68
196.65 60.4135 3.33049 2.84511 92.5478 925.42
198.04 60.7515 3.32805 2.86 99.2243 841.951
199.312 60.6947 3.32099 2.84304 101.317 791.303
201.041 61.0224 3.32382 2.84904 114.373 695.71
202.562 61.4009 3.30458 2.80745 119.507 606.124
204.176 61.4907 3.31844 2.88687 149.022 535.952
205.609 61.9037 3.30362 2.8636 316.409 449.803
206.868 61.8823 3.28274 2.88816 324.998 407.643
209.88 61.7531 3.31836 3.01089 197.127 342.733
212.274 61.7929 3.34536 3.11602 169.248 317.968
213.825 62.1067 3.32468 2.80799 170.386 294.463
217.004 62.4013 3.29685 2.89536 363.181 346.002
218.122 62.3579 3.312 2.91564 284.672 389.788
223.206 62.5763 3.35895 2.91554 83.3977 592.014
225.609 62.2024 3.37401 2.96146 80.6238 721.372
198.315 59.9237 3.32193 2.8419 104.568 889.126
199.908 60.1686 3.31941 2.85022 102.559 805.449
201.231 60.4742 3.30652 2.81723 174.257 729.143
202.813 60.5269 3.32274 2.90386 150.464 664.447
204.11 60.6801 3.31525 2.90414 346.489 604.948
205.516 60.8132 3.29522 2.93305 297.53 546.3
207.791 61.2001 3.27551 2.81905 162.361 444.192
215.402 61.6061 3.31174 2.89636 327.585 375.311
222.911 61.4593 3.32903 2.9479 72.5275 646.78
224.22 61.4862 3.34225 2.94892 77.0663 701
226.918 61.1512 3.35311 2.9723 74.212 841.182
198.736 59.2533 3.31104 2.87615 103.396 924.127
200.175 59.1767 3.31908 2.87752 124.019 875.066
201.907 59.5938 3.32866 2.91576 261.402 776.188
202.905 59.7733 3.32835 2.93427 291.906 725.561
204.792 59.8542 3.29338 2.91948 223.83 657.219
205.68 60.1952 3.27928 2.89474 222.527 598.786
207.376 60.0815 3.12877 2.53603 60.4508 566.156
210.276 60.4814 3.33915 3.04788 163.962 474.405
219.809 60.7718 3.2613 2.93121 152.044 580.834
221.424 60.3024 3.2899 2.95513 178.758 677.687
223.909 60.7704 3.3295 2.93124 46.0096 737.092
190.452 56.6011 3.31155 2.82439 45.7552 1477.55
202.009 59.0314 3.33221 2.95426 217.512 822.21
203.561 59.1953 3.30857 2.90931 197.977 756.67
204.771 59.3922 3.31451 2.95069 263.774 701.763
206.768 59.6524 3.13769 2.53454 55.0271 623.742
212.597 59.9979 3.30415 2.98219 62.1183 518.372
222.262 59.6304 3.29314 2.9744 161.428 765.177
226.285 59.5898 3.36088 2.93943 46.3464 923.109
203.344 58.6774 3.32422 2.95194 269.684 812.135
204.113 58.2637 3.33527 2.98581 113.983 830.118
204.991 58.6484 3.33501 2.98155 104.686 768.59
206.355 58.9287 3.19144 2.59238 55.5835 706.978
213.66 59.4296 3.23566 2.70882 117.327 586.264
227.731 58.9601 3.3395 2.95036 57.8483 1031.13
202.426 57.5673 3.3211 2.92825 143.875 946.163
203.613 57.6397 3.32566 2.98026 88.0475 905.472
205.548 57.5665 3.27629 2.92541 49.9378 865.331
224.26 58.4133 3.33029 2.98376 76.5652 942.688
225.482 58.2747 3.3412 3.01098 81.7352 999.239
197.939 55.703 3.29942 2.87921 35.1255 1266.27
200.447 56.2848 3.28084 2.81958 132.671 1129.9
223.768 57.9616 3.3107 2.98251 151.43 966.214
225.424 57.4688 3.33049 3.01395 89.8692 1068.19
228.869 57.9128 3.34045 2.96019 39.0177 1161.08
227.048 56.8144 3.52713 2.81164 17.7255 1185.17
229.75 56.9811 3.4165 3.21736 20.9462 1273.71
210.428 68.6408 3.24124 2.7585 200.209 452.328
226.879 56.1146 3.36357 3.01516 86.2407 1242.69
229.974 55.9154 3.34475 3.0292 32.5076 1374.32
228.385 55.3279 3.37802 3.05219 36.4835 1368.33
218.842 64.7774 3.41333 3.00784 143.657 317.161
227.653 56.4191 3.35231 3.01244 32.4083 1242.67
209.931 62.7622 1.99012 1.62139 196.564 237.865
211.14 63.4057 3.31253 2.79811 283.58 147.496
218.547 60.1369 3.72592 3.57993 133.924 599.734
217.908 60.4896 3.27197 2.97068 221.141 548.029
217.507 60.403 3.24952 2.98979 142.093 545.835
218.338 61.0595 3.24636 2.94473 389.161 507.099
216.296 60.3923 3.28031 2.84757 152.202 518.701
215.271 60.5805 3.26393 2.86262 134.303 479.645
216.679 60.2805 3.25938 2.81997 128.795 538.39
218.244 60.7315 3.26282 2.98494 357.421 534.546
217.659 60.602 3.27151 2.9883 246.593 530.365
216.749 60.4427 3.27415 2.94457 113.518 523.454
217.639 60.9231 3.2631 2.99369 539.042 498.977
217.277 60.2474 3.24759 2.89725 68.5124 555.567
218.995 60.8241 3.2478 2.93393 318.247 549.217
216.976 61.3836 3.24884 2.95509 497.331 436.564
218.049 60.1785 3.2593 2.93109 188.898 582.069
216.031 60.2361 3.27144 2.77864 194.989 529.611
217.533 61.187 3.25035 2.96025 459.151 471.014
218.652 60.2994 3.26423 2.9597 205.854 587.229
219.217 60.1294 3.25226 2.92735 297.309 619.955
216.221 60.072 3.27236 2.89657 120.453 550.427
218.856 60.4399 3.26162 2.98568 307.088 580.05
216.546 61.2275 3.27535 3.00856 318.463 440.16
209.518 60.7352 3.28738 2.96792 96.4649 456.758
209.518 60.7351 3.28742 2.96795 96.4649 456.762
