# evlo=213.401306 evla=60.727699
194.627 64.5646 3.26158 2.84964 136.444 1048.43
217.908 60.4896 3.07534 2.64288 341.99 248.239
217.654 61.036 3.22357 2.96429 140.452 233.444
217.507 60.403 3.03738 2.55599 155.142 228.021
218.338 61.0595 3.1872 3.01481 226.793 270.466
220.363 59.9534 3.0853 2.48612 149.71 393.825
216.3 60.3932 2.96191 2.40705 340.267 163.277
216.716 60.1205 2.7994 1.99472 320.449 194.687
209.013 64.0997 3.31893 3.01075 190.713 438.74
209.094 59.7511 3.24718 2.91031 244.321 262.197
209.259 59.7417 3.24226 2.92049 230.723 254.399
210.701 64.1732 3.3022 3.00228 144.831 408.441
208.846 60.7683 3.18908 2.77625 147.894 248.412
207.916 63.4188 3.26498 2.97616 192.996 414.667
212.195 64.6453 3.30245 3.00703 196.583 440.972
204.378 55.8218 3.1507 2.75572 133.987 759.625
207.685 63.8827 3.28041 3.01024 160.6 459.622
208.763 59.5251 3.24503 2.9318 215.263 290.491
209.796 67.2269 3.28287 2.90911 139.949 745.396
216.907 60.7523 3.09784 2.69312 371.19 191.251
218.66 60.9649 3.20277 3.08265 205.968 287.044
209.738 62.4058 3.27593 3.03087 276.07 269.884
217.513 60.0823 2.94212 2.31762 194.343 237.701
212.624 63.0753 3.32604 3.05206 197.343 264.791
215.93 63.6482 3.27295 2.97696 181.209 351.054
196.582 54.8564 3.21165 2.67302 65.212 1189.78
209.784 61.1426 3.2693 3.13425 217.046 201.49
214.766 66.5657 3.29654 2.96011 122.985 654.231
188.296 63.7758 3.23489 2.76096 133.286 1338.4
203.121 64.7461 3.26766 2.90697 152.486 689.13
211.074 61.771 3.21479 2.84985 313.617 170.642
216.188 61.4417 3.19493 3.02834 312.521 170.096
216.679 60.2805 2.92488 2.34934 255.693 186.849
218.244 60.7315 3.19247 2.87839 233.688 264.202
213.052 64.4091 3.28675 2.97515 213.628 410.701
208.348 59.6572 3.24066 2.92474 179.61 304.526
217.659 60.6024 3.08048 2.61652 406.185 233.193
225.615 58.2758 3.07872 2.26406 92.0737 742.354
215.581 59.9268 2.83654 2.09278 190.235 149.879
216.749 60.4427 2.99944 2.52755 364.899 186.198
217.639 60.9231 3.22866 2.96585 319.997 231.56
197.4 66.8951 3.26985 2.87506 77.3044 1040.54
209.077 63.5527 3.29376 3.03024 168.634 387.119
217.277 60.2474 2.9733 2.40858 232.569 219.634
218.995 60.824 3.19036 3.01604 106.109 304.898
216.976 61.3836 3.22763 3.06888 355.83 206.416
211.063 63.7318 3.32167 3.01971 134.637 356.15
211.768 64.9602 3.30715 2.95162 167.049 478.989
218.049 60.1785 3.00196 2.44826 231.455 262.97
209.256 65.0304 3.30177 2.90687 123.962 523.652
210.931 64.5928 3.30187 3.02114 100.373 448.935
216.031 60.2361 2.83833 2.12987 290.386 154.601
191.145 52.9721 3.25359 2.73741 113.858 1597.25
214.53 62.9699 3.27805 3.02772 285.155 256.84
219.747 60.0959 3.10238 2.64669 273.55 356.572
220.599 59.667 3.04794 2.51221 199.38 416.094
214.475 65.5174 3.2963 2.96442 168.25 536.6
207.811 62.8962 3.25884 2.93205 227.025 380.926
217.533 61.1871 3.14817 2.87947 240.023 229.581
210.261 61.0889 3.25183 3.08185 265.714 175.073
197.092 68.0541 3.26109 2.88534 126.625 1127.41
215.154 63.7399 3.27085 2.99303 227.78 347.821
218.652 60.2994 3.05715 2.5862 304.539 292.286
211.14 63.4056 3.33964 3.06035 194.127 320.964
219.217 60.1294 3.04714 2.53692 379.6 327.067
211.668 61.807 3.2274 2.99684 285.699 152.006
216.01 63.9761 3.27436 2.94835 169.653 386.34
205.816 56.5593 3.41388 2.76551 110.614 639.236
208.468 61.98 3.22098 2.84969 169.581 298.452
209.777 60.5117 3.28105 2.94476 381.625 199.875
189.752 57.1766 3.29757 2.86659 60.0815 1408.66
209.253 61.4636 3.25379 3.00085 135.734 238.265
217.161 60.1791 2.94307 2.35581 249.336 215.729
216.221 60.072 2.81197 1.99778 295.547 171.73
210.547 60.1043 3.25561 2.93843 286.748 171.884
218.856 60.4399 3.14179 2.73999 390.711 300.603
217.171 60.7541 3.09643 2.70647 382.782 205.61
192.073 65.5598 3.26977 2.85313 132.836 1194.73
209.711 63.4502 3.31997 3.02168 212.346 359.37
193.495 53.8452 3.23245 2.70232 121.91 1415.59
216.546 61.2275 3.27951 3.06515 165.425 179.101
211.449 62.8295 3.34984 3.1137 212.737 255.86
211.415 62.9628 3.34967 3.06296 136.177 270.139
211.462 62.6812 3.34602 3.10819 149.768 240.632
212.058 62.8349 3.33686 3.06036 128.6 245.285
211.771 63.0624 3.36233 3.05831 158.003 273.916
212.26 62.5808 3.34814 3.06388 195.356 215.175
211.152 62.8331 3.3365 3.11576 267.615 262.903
217.147 60.448 3.03823 2.54322 310.476 207.618
211.908 64.4716 3.30499 2.95708 153.47 424.236
218.249 60.3583 3.05054 2.58772 333.091 269.157
207.417 57.7828 3.19636 2.82865 180.842 473.155
212.138 64.8736 3.30498 2.98423 170.96 466.54
198.929 70.2043 3.43996 2.72993 28.8735 1244.47
205.026 71.0033 3.20025 2.73262 72.4666 1205.18
234.753 71.9871 3.31825 2.87857 15.137 1559.63
198.198 69.3641 3.33867 2.77685 50.158 1192.85
202.84 70.0079 3.33539 2.73136 61.7301 1141.68
205.387 69.6211 3.23417 2.83361 73.7113 1058.21
194.656 68.2746 3.24981 2.85747 82.7685 1223.43
196.822 68.4753 3.39241 2.86577 72.0553 1165.68
200.413 69.1049 3.37662 2.81522 44.8108 1113.06
205.217 69.1565 3.23907 2.84491 77.5294 1014.22
209.387 69.836 3.21846 2.78154 89.7417 1032.12
211.299 69.72 3.24662 2.87726 53.4512 1007.25
215.088 69.9175 3.24846 2.85867 101.963 1027.54
216.289 69.626 3.25612 2.88919 62.3839 1001.01
235.93 69.3475 3.3482 2.94816 73.3126 1416.57
196.917 67.6988 3.27001 2.89665 57.723 1109.13
201.885 68.4946 3.26897 2.86549 75.4762 1022.78
203.387 68.7132 3.2583 2.88246 54.3572 1007.31
207.318 68.8799 3.25056 2.88161 70.4415 952.633
209.319 68.9656 3.2499 2.83476 74.4886 938.123
211.177 69.1532 3.25152 2.89603 73.0826 945.076
213.625 69.322 3.26192 2.88602 75.5897 958.249
219.035 69.243 3.2816 2.89148 76.7482 984.918
221.263 69.3286 3.27205 2.91951 77.3192 1026.07
198.174 67.082 3.27951 2.89609 81.0635 1024.86
199.397 67.4213 3.28221 2.90241 92.7654 1007.33
202.768 67.4572 3.30127 2.91732 69.2411 909.303
203.811 68.2575 3.43415 2.87548 63.8808 955.21
206.028 68.4414 3.26994 2.91325 77.7201 928.158
208.187 68.1343 3.26674 2.93497 83.8136 862.34
210.384 68.0584 3.2786 2.91924 81.2529 829.862
211.513 68.0748 3.27716 2.93343 91.6296 824.022
214.432 68.1207 3.26943 2.88302 96.3847 825.659
218.405 68.1861 3.28787 2.91445 102.262 864.974
220.465 68.6043 3.28696 2.94823 88.0902 939.283
222.103 68.3889 3.2965 2.96274 67.5529 948.497
223.281 66.3701 3.2964 2.90559 115.416 796.135
193.671 65.4742 3.26479 2.85535 104.491 1121.44
195.352 65.7077 3.25803 2.85523 88.8961 1058.4
198.75 66.442 3.27501 2.91508 87.9457 962.796
200.349 66.6001 3.28899 2.91059 63.4346 916.509
202.227 66.8332 3.29448 2.926 80.6654 873.076
204.275 67.0486 3.29854 2.92185 79.667 833.319
206.517 67.2221 3.28599 2.92529 83.3934 797.526
207.821 67.5076 3.27759 2.91256 96.0116 802.465
212.113 67.5187 3.29395 2.9469 104.603 759.606
214.357 67.5933 3.2841 2.89247 106.963 766.758
215.855 67.6946 3.28398 2.91708 100.859 785.597
220.128 67.6136 3.28724 2.96569 79.7281 833.314
224.214 67.6106 3.28369 2.87513 51.6439 927.379
226.258 67.441 3.30734 2.8945 76.1825 972.606
195.961 64.9941 3.25516 2.85641 82.6006 1002.61
197.645 65.3936 3.25131 2.84682 103.337 947.461
199.349 65.5011 3.2527 2.86367 96.2483 883.463
201.346 65.895 3.27711 2.91852 78.1102 832.313
202.913 66.1434 3.28752 2.9239 115.026 797.028
206.494 66.5156 3.29895 2.91385 91.5678 729.494
208.493 66.9214 3.28382 2.92376 100.61 730.975
209.976 66.7108 3.28405 2.91536 107.488 687.841
212.525 66.7004 3.29253 2.91417 110.516 667.183
213.899 66.7653 3.28391 2.90402 104.489 673.47
216.215 66.9498 3.28662 2.91295 107.333 707.111
218.345 66.8088 3.28532 2.9645 115.285 719.886
221.978 66.9116 3.28522 2.92516 57.0124 806.84
223.778 66.9808 3.30975 2.90709 58.0802 861.604
225.729 66.9227 3.29701 2.90848 74.6134 916.178
197.761 64.6379 3.25471 2.84703 97.3541 908.598
200.087 64.937 3.244 2.85074 114.879 822.375
201.637 65.1527 3.26427 2.90528 96.3241 772.589
203.551 65.5276 3.27876 2.929 111.461 728.638
205.119 65.4924 3.2861 2.95258 108.116 674.789
207.195 65.6571 3.30595 2.89686 116.975 631.394
208.623 65.8937 3.29334 2.95289 109.195 623.258
210.457 65.8251 3.2868 2.93586 135.882 586.931
212.122 65.8371 3.30653 2.937 137.541 573.099
214.18 66.267 3.28592 2.93069 32.3988 618.666
214.181 66.267 3.29055 2.9325 69.8864 618.669
218.473 66.2305 3.28457 2.96076 100.697 662.933
221.631 66.2191 3.29769 2.90516 53.5829 735.588
225.657 65.8052 3.284 2.95632 75.0565 833.478
214.843 62.3987 3.26469 2.94569 232.397 201.353
213.052 64.4091 3.28675 2.97515 213.628 410.701
199.305 63.8864 3.24962 2.85867 99.586 809.216
205.522 64.7962 3.27789 2.93757 99.1565 605.492
208.018 65.18 3.30391 2.9059 158.936 566.047
210.64 65.1479 3.2877 2.95718 185.597 512.125
216.846 65.3064 3.30036 2.98083 127.928 539.144
218.385 65.6035 3.28567 2.97281 112.737 598.244
220.064 65.4483 3.30732 2.98402 62.5812 623.907
221.694 65.3609 3.28652 2.91832 117.166 664.285
223.623 65.2225 3.29277 2.99366 136.699 719.348
196.446 62.7492 3.21812 2.82424 36.4618 920.945
199.398 63.2842 3.24839 2.87409 68.0834 785.006
200.922 63.3965 3.2471 2.88563 78.4097 715.591
203.285 63.465 3.24222 2.84877 147.287 609.185
204.379 63.994 3.24873 2.89038 121.434 591.363
205.853 64.1767 3.26599 2.92743 210.399 546.671
214.63 64.613 3.28885 2.97742 144.649 437.575
216.201 64.5654 3.26372 2.95783 20.036 451.081
216.436 64.5012 3.27717 2.98954 171.885 448.39
221.784 64.453 3.27225 2.99467 105.483 597.38
221.784 64.4525 3.2723 2.99046 105.438 597.322
223.67 64.5753 3.26026 2.97235 145.319 677.69
195.344 61.9331 3.25706 2.86558 51.1806 972.88
198.469 62.2938 3.22552 2.82966 58.5757 811.897
201.699 62.7161 3.23562 2.87709 52.7699 656.145
205.93 63.3569 3.2421 2.88857 148.479 488.068
214.222 63.8036 3.2793 3.00237 157.324 345.438
217.924 64.0292 3.27742 2.93814 145.923 435.851
222.48 63.8433 3.26997 2.98271 165.496 584.491
197.317 61.3416 3.2717 2.9196 77.1642 869.79
198.513 61.678 3.25684 2.89387 74.7445 805.58
200.525 61.7105 3.24467 2.89274 91.6273 699.301
205.146 62.1816 3.23671 2.91459 85.7211 468.755
206.12 62.4787 3.23325 2.8552 206.736 432.606
216.652 63.0254 3.25846 3.02102 183.689 307.845
218.173 63.0618 3.23354 2.93532 289.644 361.202
221.871 63.109 3.28934 3.04216 140.337 517.522
193.799 60.3849 3.25888 2.84737 68.2665 1072.08
196.65 60.4135 3.25861 2.8762 53.2247 916.752
198.04 60.7515 3.26168 2.88978 72.5097 836.049
199.312 60.6947 3.25768 2.8811 102.675 767.803
201.041 61.0224 3.25271 2.87303 87.866 671.229
202.562 61.4009 3.24578 2.87316 101.159 589.363
204.176 61.4907 3.22627 2.93224 111.463 504.222
206.868 61.8823 3.24999 2.94562 98.7622 372.791
209.88 61.7531 3.21234 2.84199 219.81 220.91
213.825 62.1067 3.27854 3.01004 274.449 155.326
217.004 62.4013 3.22499 2.95604 240.368 267.202
218.122 62.3579 3.22066 3.14159 191.71 309.767
221.538 62.4435 3.28876 3.10818 56.4664 472.098
223.206 62.5763 3.27462 3.06226 62.5681 558.278
225.609 62.2024 3.25525 2.96339 106.249 670.18
198.315 59.9237 3.2593 2.88033 112.103 836.459
199.908 60.1686 3.2586 2.88444 109.884 744.008
201.231 60.4742 3.26099 2.89466 125.455 666.39
202.813 60.5269 3.24626 2.87261 112.571 579.393
204.11 60.6801 3.23479 2.8292 135.502 506.99
205.516 60.8132 3.22472 2.87427 220.084 429.565
207.791 61.2001 3.20202 2.88998 117.907 308.323
222.911 61.4593 3.22393 2.97022 121.848 519.013
224.22 61.4862 3.26074 3.05326 80.059 588.811
226.918 61.1512 3.25547 2.97921 121.658 732.96
198.736 59.2533 3.27188 2.86607 60.7666 833.001
200.175 59.1767 3.28167 2.88157 101.503 757.585
201.907 59.5938 3.27323 2.86163 99.0126 649.768
202.905 59.7733 3.26603 2.85053 95.7815 590.215
204.792 59.8542 3.27033 2.86669 129.984 485.641
205.68 60.1952 3.22564 2.78676 109.842 428.706
207.376 60.0815 3.21669 2.85735 259.724 339.682
210.276 60.4814 3.25112 2.91122 402.031 173.375
219.809 60.7718 3.20676 2.9844 62.911 349.346
221.424 60.3024 3.19654 2.88611 66.333 442.976
223.909 60.7704 3.24394 2.99642 107.955 572.454
190.452 56.6011 3.30352 2.87245 24.669 1400.31
202.009 59.0314 3.30465 2.91212 146.519 664.404
203.561 59.1953 3.29605 2.89777 183.323 575.01
204.771 59.3922 3.27376 2.88609 191.639 502.781
206.768 59.6524 3.22599 2.82676 165.757 386.819
223.04 60.1218 3.20309 2.9388 47.3429 534.721
226.285 59.5898 3.23875 2.94937 50.7847 725.39
227.183 60.2114 3.27231 3.02377 49.4596 758.846
212.566 65.1171 3.30445 2.96605 197.918 491.067
203.344 58.6774 3.28686 2.91421 218.251 609.766
204.113 58.2637 3.27948 2.98368 72.7731 592.704
204.991 58.6484 3.2666 2.9617 104.045 526.779
206.355 58.9287 3.26854 2.94303 151.075 442.807
207.606 58.6097 3.21251 2.8829 182.422 402.702
227.731 58.9601 3.24937 2.97197 59.3031 825.312
202.426 57.5673 3.26794 2.89607 66.654 718.785
203.613 57.6397 3.25681 2.90274 74.5135 655.902
205.548 57.5665 3.2248 2.92139 91.0746 570.363
229.033 59.3946 3.26984 2.9657 41.2338 881.004
197.939 55.703 3.21458 2.66767 48.5991 1063.44
225.424 57.4688 3.11938 2.32898 46.9313 777.213
228.869 57.9128 3.11644 2.33847 42.2075 932.229
227.048 56.8144 3.52116 2.4377 51.1174 899.439
212.138 64.8735 3.30512 2.98424 154.893 466.531
210.428 68.6408 3.26659 2.89269 116.963 893.29
226.879 56.1146 3.48801 2.49197 50.03 937.686
229.974 55.9154 3.2014 2.49339 22.7366 1104.93
218.842 64.7774 3.30557 3.02256 169.597 529.705
213.356 63.1033 4.4649 4.64978 52.7942 264.756
211.063 63.7323 3.32205 3.02007 134.637 356.191
211.14 63.4057 3.33968 3.0604 194.127 320.968
210.782 64.5716 3.30148 3.07043 85.4406 448.889
210.554 64.5756 3.30334 2.99994 145.004 452.922
210.901 64.613 3.29802 3.0322 108.36 451.512
211.172 64.6917 3.30686 2.97462 109.972 456.234
217.908 60.4896 3.07534 2.64288 341.99 248.239
217.507 60.403 3.03738 2.55599 155.142 228.021
218.338 61.0595 3.18727 3.01487 226.793 270.471
216.296 60.3923 2.95907 2.40474 340.267 163.121
216.716 60.1205 2.7994 1.99472 320.449 194.687
216.679 60.2805 2.92488 2.34934 255.693 186.849
218.244 60.7315 3.19247 2.87839 233.688 264.202
217.659 60.602 3.08018 2.61627 406.185 233.171
216.749 60.4427 2.99944 2.52755 364.899 186.198
217.639 60.9231 3.22851 2.96572 319.997 231.549
217.277 60.2474 2.9733 2.40858 232.569 219.634
218.995 60.8241 3.19036 3.01604 106.109 304.898
216.976 61.3836 3.22763 3.06888 355.83 206.416
218.049 60.1785 3.00196 2.44826 231.455 262.97
216.031 60.2361 2.83833 2.12987 290.386 154.601
217.533 61.187 3.14828 2.87958 240.023 229.589
218.652 60.2994 3.05715 2.5862 304.539 292.286
219.217 60.1294 3.04714 2.53692 379.6 327.067
216.221 60.072 2.81197 1.99778 295.547 171.73
218.856 60.4399 3.14179 2.73999 390.711 300.603
216.546 61.2275 3.27951 3.06515 165.425 179.101
212.567 65.1173 3.29596 2.93889 61.2702 491.088
212.57 65.1176 3.29572 2.93823 61.6868 491.109
