# evlo=209.7836 evla=61.142601
194.627 64.5646 3.23921 2.80427 165.852 858.099
217.908 60.4896 3.20286 2.98267 207.962 447.8
217.507 60.403 3.14822 2.8657 103.652 428.593
218.338 61.0595 3.26888 3.09238 94.8285 461.139
220.363 59.9534 3.17724 2.66152 24.1147 594.759
216.3 60.3932 3.12392 2.68747 155.476 364.651
216.716 60.1205 3.03739 2.45451 122.849 395.93
215.395 60.9677 3.21884 3.00119 166.443 303.619
209.013 64.0997 3.24043 2.84882 172.109 331.945
209.094 59.7511 3.24982 2.77923 109.658 159.622
209.259 59.7417 3.29278 3.08272 144.54 158.74
210.701 64.1732 3.28733 2.86676 166.658 341.027
207.916 63.4188 3.20071 2.74708 102.202 271.559
212.195 64.6453 3.3072 2.9838 177.931 409.14
200.411 54.831 3.24694 2.80032 20.4093 893.53
207.685 63.8827 3.20232 2.80043 220.751 323.926
209.796 67.2269 3.26151 2.83917 155.859 678.275
216.907 60.7523 3.21019 3.036 192.176 388.332
218.66 60.9649 3.27346 3.14727 75.6436 479.502
217.513 60.0823 3.08132 2.62394 106.581 439.175
212.624 63.0753 3.36984 3.11107 176.29 261.459
214.225 61.1292 3.24125 2.97531 266.974 239.25
215.93 63.6482 3.35267 3.10014 164.063 422.813
214.25 60.5487 3.18608 2.93172 216.488 251.637
196.582 54.8564 3.22231 2.66353 79.0996 1045.15
213.401 60.7277 3.2693 3.13425 217.046 201.49
214.766 66.5657 3.3234 2.94948 134.367 651.831
188.296 63.7758 3.22915 2.7157 159.456 1141.01
203.121 64.7461 3.24225 2.81527 128.611 524.567
216.188 61.4417 3.32326 3.04346 97.7255 344.796
212.904 60.8792 3.23639 3.01993 203.969 171.3
215.271 60.5805 3.13168 2.73112 147.733 304.599
216.679 60.2805 3.10798 2.65665 148.982 388.329
218.244 60.7315 3.29984 3.09085 86.2477 460.642
213.052 64.4091 3.33241 2.95998 177.428 400.377
213.497 60.396 3.23829 2.82341 252.967 218.746
215.738 60.3351 3.11737 2.63827 194.147 336.9
217.659 60.6024 3.21763 2.99377 206.454 431.788
215.581 59.9268 3.06092 2.27293 106.342 345.75
216.749 60.4427 3.13231 2.76948 122.701 387.069
217.639 60.9231 3.34672 3.10541 111.957 425.07
214.077 61.4924 3.30192 3.0393 288.27 233.234
197.4 66.8951 3.24436 2.76458 89.4903 878.955
209.077 63.5527 3.23228 2.86198 220.247 271.088
217.277 60.2474 3.11528 2.67846 93.423 421.029
218.995 60.824 3.26374 3.15518 74.6922 499.523
216.976 61.3836 3.28065 3.07146 114.327 386.675
211.063 63.7318 3.3 3.03077 212.715 296.022
211.768 64.9602 3.32238 2.92862 119.754 437.143
218.049 60.1785 3.12391 2.77788 155.07 464.257
209.256 65.0304 3.25374 2.86527 139.776 434.161
210.931 64.5928 3.28696 2.91871 160.202 388.947
216.031 60.2361 3.10207 2.58974 119.96 355.789
191.145 52.9721 3.2536 2.72381 122.986 1442.69
214.53 62.9699 3.36505 3.0877 195.23 320.953
214.475 65.5174 3.31907 3.02661 143.734 540.998
207.811 62.8962 3.19428 2.79877 229.603 221.036
217.533 61.1871 3.24307 3.04056 97.8013 416.901
215.323 60.3863 3.12979 2.65177 157.643 313.355
197.092 68.0541 3.19617 2.77382 24.5636 977.444
215.154 63.7399 3.3692 3.15169 110.243 400.618
218.652 60.2994 3.20214 2.90686 140.779 492.688
211.14 63.4056 3.3324 2.99342 286.291 261.844
219.217 60.1294 3.18037 2.85163 152.934 527.956
212.671 61.832 3.26679 3.05664 188.996 171.927
216.01 63.9761 3.36087 3.06887 102.966 449.386
214.792 60.5341 3.15291 2.74573 190.894 280.592
189.752 57.1766 3.29249 2.85009 79.8253 1222.15
217.161 60.1791 3.09692 2.59388 125.915 417.219
216.221 60.072 3.04634 2.4007 128.988 372.05
218.856 60.4399 3.26444 3.05588 87.9779 499.831
217.171 60.7541 3.23139 3.04875 189.65 402.467
192.073 65.5598 3.25895 2.85424 78.5102 1009.23
209.711 63.4502 3.25416 2.83174 168.109 257.21
193.495 53.8452 3.23199 2.71107 151.105 1264.54
216.546 61.2275 3.3466 3.04366 136.304 363.7
211.449 62.8295 3.35724 3.03616 253.905 207.265
211.415 62.9628 3.35325 3.06039 116.865 220.045
211.462 62.6812 3.34875 3.15517 170.121 192.814
212.058 62.8349 3.36366 3.11751 183.27 223.087
211.771 63.0624 3.34879 3.08219 157.574 237.782
212.26 62.5808 3.36605 3.0388 242.972 206.559
211.152 62.8331 3.35488 3.03711 272.071 201.588
217.147 60.448 3.13559 2.83613 123.351 408.15
211.908 64.4716 3.31798 2.97702 174.69 386.493
218.249 60.3583 3.19305 2.92414 199.403 469.478
195.961 64.9941 3.24138 2.82637 41.6191 817.545
197.645 65.3936 3.23117 2.87894 37.1227 769.833
199.349 65.5011 3.24126 2.87249 86.048 712.174
206.494 66.5156 3.25522 2.84402 142.299 620.244
208.493 66.9214 3.25231 2.84919 90.7672 647.251
209.976 66.7108 3.25921 2.82686 112.798 620.79
212.525 66.7004 3.28322 2.87852 95.4595 633.836
213.899 66.7653 3.32025 2.89502 77.6069 658.099
216.215 66.9498 3.30953 2.95725 115.83 718.725
218.345 66.8088 3.30681 2.96146 84.0193 756.686
221.978 66.9116 3.3211 2.98813 45.6791 873.929
223.778 66.9808 3.31791 2.95584 92.4548 939.709
225.729 66.9227 3.33701 2.95291 43.3272 1006.17
197.761 64.6379 3.23517 2.8408 50.579 723.316
200.087 64.937 3.22664 2.86605 42.6253 646.574
201.637 65.1527 3.24091 2.81244 74.3716 606.133
203.551 65.5276 3.24574 2.79235 44.2595 579.393
205.119 65.4924 3.23473 2.82043 68.4768 537.94
207.195 65.6571 3.24728 2.79065 158.972 519.474
208.623 65.8937 3.26039 2.87892 118.276 532.722
210.457 65.8251 3.26061 2.81007 107.701 523.023
212.122 65.8371 3.28156 2.88826 117.621 536.008
214.18 66.267 3.32185 2.934 41.6421 610.843
214.181 66.267 3.3235 2.92175 81.5597 610.86
218.473 66.2305 3.32679 2.98356 123.611 710.383
221.631 66.2191 3.3309 2.9985 38.9534 812.427
225.657 65.8052 3.34416 3.02308 44.9785 942.647
214.843 62.3987 3.2946 3.05211 232.807 301.449
213.052 64.4091 3.33241 2.95998 177.428 400.377
199.305 63.8864 3.22173 2.79215 115.155 619.328
205.522 64.7962 3.23843 2.7909 60.6772 460.827
208.018 65.18 3.23658 2.82429 173.544 458.691
210.64 65.1479 3.26813 2.85106 171.851 448.517
216.846 65.3064 3.34347 3.07046 125.306 583.673
218.385 65.6035 3.33463 3.05487 82.3458 656.427
220.064 65.4483 3.33527 3.01323 68.0704 702.923
221.694 65.3609 3.35124 3.01853 81.9551 758.924
223.623 65.2225 3.34541 3.04418 58.8846 829.463
196.446 62.7492 3.2258 2.76967 123.564 721.188
199.398 63.2842 3.22093 2.80491 113.407 589.876
200.922 63.3965 3.21211 2.82297 81.3433 523.677
203.285 63.465 3.22846 2.85594 75.3427 424.708
204.379 63.994 3.22468 2.87782 75.0107 421.901
205.853 64.1767 3.25653 2.85135 100.922 393.473
214.63 64.613 3.3239 3.0192 160.739 458.457
216.201 64.5654 3.33351 3.04605 19.0612 501.863
216.436 64.5012 3.34174 3.00318 87.5314 504.637
221.784 64.453 3.33926 3.03093 91.9947 713.223
221.784 64.4525 3.33738 3.04798 49.2666 713.173
223.67 64.5753 3.32113 3.00085 69.7129 801.559
195.344 61.9331 3.26214 2.85521 61.9956 771.425
198.469 62.2938 3.23032 2.79359 121.461 611.073
201.699 62.7161 3.21404 2.7442 143.899 459.009
205.93 63.3569 3.2178 2.82473 105.468 317.707
214.222 63.8036 3.3418 3.06171 122.389 374.476
217.924 64.0292 3.35157 3.0716 149.722 527.098
222.48 63.8433 3.33791 3.05029 56.7556 718.767
197.317 61.3416 3.27512 2.87885 77.0843 668.74
198.513 61.678 3.26116 2.8446 99.556 604.117
200.525 61.7105 3.24052 2.82884 139.072 497.814
201.703 62.1344 3.22327 2.78886 155.573 442.13
203.311 62.2195 3.20168 2.75794 152.262 362.892
205.146 62.1816 3.16826 2.74974 269.564 271.538
206.12 62.4787 3.18863 2.85324 162.026 243.817
216.652 63.0254 3.33246 3.10471 140.744 415.441
218.173 63.0618 3.3173 3.03923 152.957 487.026
221.871 63.109 3.30049 3.00265 89.7036 666.526
193.799 60.3849 3.25966 2.81414 49.299 873.178
196.65 60.4135 3.25486 2.8206 59.7927 718.939
198.04 60.7515 3.25541 2.86288 59.6086 637.101
199.312 60.6947 3.25674 2.85177 84.1549 569.633
201.041 61.0224 3.24785 2.85687 88.6361 471.668
202.562 61.4009 3.24438 2.88026 120.459 388.241
204.176 61.4907 3.21466 2.82186 131.1 302.796
205.609 61.9037 3.16767 2.71869 268.194 237.765
206.868 61.8823 3.14691 2.76744 166.02 175.708
212.274 61.7929 3.25974 3.00936 167.404 151.23
213.825 62.1067 3.32543 3.0711 197.369 239.724
217.004 62.4013 3.25005 3.00222 156.224 405.872
218.122 62.3579 3.24048 2.9919 220.719 460.462
221.538 62.4435 3.28317 2.98872 138.054 635.814
223.206 62.5763 3.29523 3.00537 149.73 722.981
225.609 62.2024 3.29102 2.99234 104.652 844.232
198.315 59.9237 3.27049 2.8795 75.467 643.215
199.908 60.1686 3.27312 2.84592 74.3021 550.355
201.231 60.4742 3.27722 2.8792 119.391 471.111
202.813 60.5269 3.24914 2.8048 119.786 385.066
204.11 60.6801 3.23289 2.75886 118.81 312.003
205.516 60.8132 3.20473 2.78207 145.941 233.912
215.402 61.6061 3.28287 2.9989 121.622 304.71
222.911 61.4593 3.29812 3.08318 50.5053 703.279
224.22 61.4862 3.29599 3.08347 74.8845 772.767
226.918 61.1512 3.29163 3.0567 40.5588 920.185
198.736 59.2533 3.273 2.87474 69.0837 646.963
200.175 59.1767 3.29778 2.96753 50.5519 576.08
201.907 59.5938 3.3018 2.91869 96.7566 467.27
202.905 59.7733 3.27371 2.89454 123.434 407.834
204.792 59.8542 3.21407 2.73539 171.456 309.51
205.68 60.1952 3.21284 2.77111 216.459 247.885
207.376 60.0815 3.02106 2.34603 376.782 177.079
223.909 60.7704 3.28816 3.0476 86.51 764.984
190.452 56.6011 3.29371 2.84233 30.6873 1218.62
202.009 59.0314 3.25988 2.87307 149.55 492.03
203.561 59.1953 3.26256 2.80551 132.327 407.697
204.771 59.3922 3.21599 2.78672 190.594 338.994
206.768 59.6524 3.08668 2.36419 234.437 234.912
212.597 59.9979 3.24707 2.88906 197.924 200.139
222.262 59.6304 3.00738 2.26899 33.4973 707.279
227.183 60.2114 3.30519 3.08004 42.3763 953.73
212.566 65.1171 3.31349 2.93341 184.344 464.613
203.344 58.6774 3.25868 2.79028 179.202 452.697
204.113 58.2637 3.25419 2.75534 171.992 452.215
204.991 58.6484 3.20745 2.6419 182.796 386.044
206.355 58.9287 3.10316 2.42223 134.852 311.93
213.66 59.4296 3.12559 2.40986 248.386 286.988
227.731 58.9601 3.23672 2.88222 44.596 1025.47
203.613 57.6397 3.21321 2.73091 65.6352 524.186
205.548 57.5665 3.10568 2.46441 40.9445 465.369
229.033 59.3946 3.30598 3.01843 35.1766 1078.9
197.939 55.703 3.225 2.66554 39.8931 917.436
228.869 57.9128 3.13911 2.41686 25.1573 1133.62
227.048 56.8144 3.48552 2.54994 24.8065 1099.28
212.138 64.8735 3.30727 2.92265 145.969 432.546
210.428 68.6408 3.25253 2.8525 107.301 836.519
209.931 62.7622 2.93133 2.81017 217.035 180.661
211.063 63.7323 3.30065 3.03137 212.715 296.081
211.14 63.4057 3.33248 2.9935 286.291 261.85
218.547 60.1369 3.92849 4.40605 146.915 492.036
210.782 64.5716 3.2763 2.91183 111.849 385.549
210.554 64.5756 3.27454 2.89867 118.958 384.639
210.901 64.613 3.28598 2.91995 142.521 390.948
211.172 64.6917 3.29301 2.92631 141.498 401.802
217.908 60.4896 3.20286 2.98267 207.962 447.8
217.507 60.403 3.14822 2.8657 103.652 428.593
218.338 61.0595 3.26892 3.09242 94.8285 461.145
216.296 60.3923 3.12261 2.68635 155.476 364.499
216.716 60.1205 3.03739 2.45451 122.849 395.93
215.271 60.5805 3.13168 2.73112 147.733 304.599
216.679 60.2805 3.10798 2.65665 148.982 388.329
218.244 60.7315 3.29984 3.09085 86.2477 460.642
217.659 60.602 3.2175 2.99365 206.454 431.771
216.749 60.4427 3.13231 2.76948 122.701 387.069
217.639 60.9231 3.34663 3.10534 111.957 425.06
217.277 60.2474 3.11528 2.67846 93.423 421.029
218.995 60.8241 3.26373 3.15517 74.6922 499.522
216.976 61.3836 3.28065 3.07146 114.327 386.675
218.049 60.1785 3.12391 2.77788 155.07 464.257
216.031 60.2361 3.10207 2.58974 119.96 355.789
217.533 61.187 3.24316 3.04064 97.8013 416.912
218.652 60.2994 3.20214 2.90686 140.779 492.688
219.217 60.1294 3.18037 2.85163 152.934 527.956
216.221 60.072 3.04634 2.4007 128.988 372.05
218.856 60.4399 3.26444 3.05588 87.9779 499.831
216.546 61.2275 3.3466 3.04366 136.304 363.7
212.567 65.1173 3.31737 2.92854 49.2631 464.639
212.57 65.1176 3.318 2.92951 49.5419 464.712
