# evlo=215.737701 evla=60.335098
194.627 64.5646 3.22201 2.78403 89.0112 1180.22
218.338 61.0595 3.1782 2.70601 188.151 163.339
220.363 59.9534 3.06084 2.31307 163.463 260.411
209.013 64.0997 3.24781 2.89616 158.786 545.716
209.094 59.7511 3.12108 2.53844 160.071 375.757
209.259 59.7417 3.10664 2.50036 145.893 366.958
210.701 64.1732 3.25612 2.85681 127.756 501.131
208.846 60.7683 3.09233 2.49948 110.765 381.018
207.916 63.4188 3.16333 2.52522 46.296 535.511
212.195 64.6453 3.27472 2.80364 223.75 513.747
200.411 54.831 3.08207 2.41617 48.3153 1098.79
207.685 63.8827 3.25313 2.93643 91.7579 576.375
208.763 59.5251 3.11695 2.48578 135.682 400.123
209.796 67.2269 3.27652 2.82165 121.371 821.347
218.66 60.9649 3.17376 2.8255 238.479 174.555
209.738 62.4058 3.16658 2.76321 98.4728 394.974
212.624 63.0753 3.24624 2.87444 125.686 346.871
215.93 63.6482 3.23677 2.83635 102.034 369.367
196.582 54.8564 3.10522 2.39681 29.4621 1291.2
209.784 61.1426 3.11737 2.63827 194.147 336.9
214.766 66.5657 3.25408 2.91426 55.653 696.182
188.296 63.7758 3.2159 2.73614 158.92 1472.81
203.121 64.7461 3.24651 2.9456 37.0758 812.097
211.074 61.771 3.08705 2.61441 130.862 298.331
212.904 60.8792 2.94399 2.39179 376.439 166.612
213.052 64.4091 3.27516 2.81637 167.585 474.752
208.348 59.6572 3.13538 2.54289 85.4714 418.99
225.615 58.2758 3.0982 2.26041 93.6201 606.9
214.077 61.4924 3.08482 2.51703 157.161 157.293
211.542 61.4131 3.05761 2.56164 235.719 257.59
197.4 66.8951 3.25304 2.86252 30.3202 1159.56
209.077 63.5527 3.23492 2.88497 96.8121 500.37
218.995 60.824 3.17369 2.95305 223.973 186.68
211.063 63.7318 3.24851 2.91255 173.875 450.493
211.768 64.9602 3.2808 2.7934 211.848 553.974
209.256 65.0304 3.25165 2.85075 143.912 619.072
210.931 64.5928 3.26232 2.84125 184.524 535.105
214.53 62.9699 3.27651 2.87156 107.624 300.501
219.747 60.0959 3.01712 2.31532 183.149 223.846
220.599 59.667 2.98568 2.21642 237.284 281.184
207.811 62.8962 3.17455 2.78368 68.0032 507.742
211.667 60.8584 3.0459 2.52447 351.8 230.517
210.261 61.0889 3.10618 2.64244 291.885 310.477
197.092 68.0541 3.24739 2.86947 80.302 1240.31
218.652 60.2994 3.00149 2.29623 210.125 161.106
211.14 63.4056 3.24733 2.92757 127.86 418.86
219.217 60.1294 2.9762 2.23622 238.713 194.127
211.668 61.807 3.13716 2.75814 74.2867 274.079
212.671 61.832 3.1094 2.79242 114.927 234.924
216.01 63.9761 3.24435 2.84177 128.528 406.028
205.816 56.5593 3.25985 2.36684 46.2186 714.744
208.468 61.98 3.12963 2.71706 194.734 431.859
209.777 60.5117 3.10217 2.57967 228.704 328.829
189.752 57.1766 3.27578 2.76436 47.634 1533.78
209.253 61.4636 3.10773 2.64408 230.814 373.56
210.547 60.1043 3.08126 2.44701 164.279 288.768
218.856 60.4399 3.09389 2.54192 173.498 172.325
192.073 65.5598 3.23158 2.75936 73.1415 1324.22
209.711 63.4502 3.23913 2.90566 144.107 469.677
211.449 62.8295 3.24161 2.88618 95.8384 359.227
211.415 62.9628 3.23029 2.88853 77.6195 371.654
211.462 62.6812 3.22921 2.95058 91.5776 346.507
212.058 62.8349 3.23681 2.824 121.027 340.175
211.771 63.0624 3.24207 2.91093 109.626 369.208
212.26 62.5808 3.2131 2.905 152.286 311.389
211.152 62.8331 3.25111 2.90722 98.1415 369.687
211.908 64.4716 3.26435 2.80498 196.478 501.527
207.417 57.7828 3.07066 2.4138 104.636 555.106
213.052 64.4091 3.27516 2.81637 167.585 474.752
199.305 63.8864 3.20745 2.78015 71.9963 941.262
208.018 65.18 3.24672 2.86385 146.098 667.717
210.64 65.1479 3.25902 2.7942 240.9 595.936
216.846 65.3064 3.26002 2.89939 78.809 556.944
218.385 65.6035 3.24148 2.87441 108.75 602.241
220.064 65.4483 3.2438 2.90755 54.2219 610.583
221.694 65.3609 3.2701 2.98236 117.087 636.418
223.623 65.2225 3.26683 2.93915 128.094 676.326
196.446 62.7492 3.19981 2.77431 75.0971 1056.22
199.398 63.2842 3.20496 2.8226 83.3492 918.936
200.922 63.3965 3.20621 2.78578 59.2476 848.563
203.285 63.465 3.1851 2.76522 99.0499 740.07
205.853 64.1767 3.23456 2.90932 57.3878 667.372
214.63 64.613 3.24816 2.99032 69.7566 480.175
216.436 64.5012 3.24582 2.86898 138.861 465.715
221.784 64.453 3.25416 2.92137 118.134 554.847
221.784 64.4525 3.2545 2.92326 83.3679 554.784
223.67 64.5753 3.26511 2.98007 64.5661 624.351
195.344 61.9331 3.21565 2.77321 79.1224 1108.33
198.469 62.2938 3.19567 2.76192 108.251 947.396
201.699 62.7161 3.19494 2.81155 94.9033 790.829
205.93 63.3569 3.18012 2.80106 55.0783 615.598
214.222 63.8036 3.27341 2.94976 68.0362 394.566
217.924 64.0292 3.21474 2.89625 159.109 427.099
222.48 63.8433 3.27547 3.00558 104.456 525.715
197.317 61.3416 3.21243 2.78127 73.8473 1004.6
198.513 61.678 3.20082 2.75579 84.5591 940.846
200.525 61.7105 3.1874 2.73755 113.702 834.643
201.703 62.1344 3.18237 2.74175 138.94 778.264
203.311 62.2195 3.17521 2.77157 88.5592 697.51
205.146 62.1816 3.17083 2.79859 155.609 603.7
206.12 62.4787 3.16566 2.75045 213.232 565.808
216.652 63.0254 3.17167 2.84515 183.17 303.684
218.173 63.0618 3.21819 2.96327 231.496 329.993
221.871 63.109 3.27312 2.99058 145.973 447.679
193.799 60.3849 3.21402 2.7392 80.1076 1205.27
196.65 60.4135 3.20644 2.73509 74.8105 1049.39
198.04 60.7515 3.20222 2.74122 81.498 969.453
199.312 60.6947 3.19385 2.72944 103.094 900.828
201.041 61.0224 3.18437 2.71359 102.115 805.16
202.562 61.4009 3.17941 2.70885 122.196 724.321
204.176 61.4907 3.16103 2.71165 98.7118 639.469
205.609 61.9037 3.1613 2.78684 134.271 572.606
206.868 61.8823 3.1596 2.76947 147.623 507.899
209.88 61.7531 3.11715 2.71202 196.548 353.606
212.274 61.7929 3.13069 2.7693 52.9102 247.68
213.825 62.1067 3.20588 2.762 193.815 222.541
217.004 62.4013 3.23113 3.0285 175.183 239.984
218.122 62.3579 3.17286 2.89398 224.913 258.981
221.538 62.4435 3.24066 2.93542 141.133 388.716
223.206 62.5763 3.24656 2.90359 176.964 469.715
225.609 62.2024 3.24257 2.93333 164.831 568.316
198.315 59.9237 3.20307 2.74379 78.2962 966.655
199.908 60.1686 3.19694 2.73146 78.6964 874.67
201.231 60.4742 3.18807 2.71372 139.459 798.1
202.813 60.5269 3.17341 2.68305 94.6525 710.956
204.11 60.6801 3.15309 2.65755 124.574 639.16
205.516 60.8132 3.12999 2.60635 164.055 562.395
207.791 61.2001 3.10314 2.59651 151.782 443.402
222.911 61.4593 3.22446 2.98958 120.823 408.814
224.22 61.4862 3.24334 3.00179 138.529 477.415
226.918 61.1512 3.23967 2.92208 44.3243 615.787
198.736 59.2533 3.22621 2.76309 41.0898 959.41
200.175 59.1767 3.22612 2.79106 28.2775 882.102
201.907 59.5938 3.21161 2.74889 59.7982 775.541
202.905 59.7733 3.19999 2.71967 70.6859 716.459
204.792 59.8542 3.18132 2.68822 108.335 610.665
205.68 60.1952 3.15015 2.64165 119.939 556.406
207.376 60.0815 3.10798 2.61396 130.33 464.193
210.276 60.4814 3.08216 2.55605 171.417 301.36
219.809 60.7718 3.20158 2.8454 161.654 228.593
221.424 60.3024 3.16129 2.78165 121.042 314.19
202.009 59.0314 3.21724 2.72723 75.6297 785.354
203.561 59.1953 3.20863 2.72477 61.3059 694.919
204.771 59.3922 3.19086 2.70232 90.7587 622.625
206.768 59.6524 3.15265 2.62035 87.3215 505.935
212.597 59.9979 2.97727 2.21011 169.776 178.358
222.262 59.6304 3.10072 2.54941 69.0904 372.439
227.183 60.2114 3.26064 2.96011 55.1822 632.706
212.566 65.1171 3.28929 2.83183 153.223 556.948
204.991 58.6484 3.17357 2.6654 50.1011 636.319
207.606 58.6097 3.08704 2.5419 112.502 499.015
213.66 59.4296 2.77841 1.63753 243.571 153.976
227.731 58.9601 3.22709 2.7828 71.518 692.404
203.613 57.6397 3.15932 2.64503 61.0094 757.619
205.548 57.5665 3.10698 2.58035 47.7042 661.684
224.26 58.4133 3.06824 2.1782 57.6533 529.199
225.482 58.2747 3.09881 2.17642 60.7275 599.954
197.939 55.703 3.16257 2.62722 28.6156 1166.66
200.447 56.2848 3.26051 2.94421 26.4142 1000.29
223.768 57.9616 3.07858 2.20187 99.9047 529.681
225.424 57.4688 3.1538 2.23604 64.7553 642.249
228.869 57.9128 3.1447 2.41244 43.6919 797.309
227.048 56.8144 3.20928 2.35553 49.2104 764.558
229.75 56.9811 3.18493 2.42703 96.3439 892.748
212.138 64.8735 3.28094 2.8007 168.115 538.338
210.428 68.6408 3.25455 2.85297 85.0164 959.634
229.974 55.9154 3.23934 2.39306 24.229 969.756
228.385 55.3279 3.56188 2.49043 30.7476 933.191
227.653 56.4191 3.2192 2.3672 69.826 820.588
211.063 63.7323 3.24872 2.91275 173.875 450.523
211.14 63.4057 3.24735 2.92759 127.86 418.863
218.338 61.0595 3.1783 2.7061 188.151 163.344
218.995 60.8241 3.17374 2.95309 223.973 186.683
218.652 60.2994 3.00149 2.29623 210.125 161.106
219.217 60.1294 2.9762 2.23622 238.713 194.127
218.856 60.4399 3.09389 2.54192 173.498 172.325
212.567 65.1173 3.28653 2.85228 22.9271 556.964
212.57 65.1176 3.28795 2.845 23.2627 556.954
209.518 60.7352 3.1036 2.61118 98.1864 344.22
209.518 60.7351 3.1034 2.61101 98.1864 344.198
