# evlo=211.062698 evla=63.7318
194.627 64.5646 3.27458 2.90292 93.0019 803.04
217.908 60.4896 3.28897 3.09946 251.287 507.723
217.654 61.036 3.29731 3.01921 286.822 454.093
217.507 60.403 3.26973 3.02707 135.5 500.676
218.338 61.0595 3.32144 3.07712 206.712 479.387
220.363 59.9534 3.29205 3.0932 65.6329 644.855
216.3 60.3932 3.26727 2.92154 163.015 461.672
225.144 58.5792 3.3017 3.08725 99.6585 947.663
216.716 60.1205 3.20924 2.77049 140.817 499.75
215.395 60.9677 3.30431 3.02802 194.903 380.945
209.259 59.7417 3.29656 3.06042 118.816 454.722
208.846 60.7683 3.17187 2.62075 199.18 349.74
207.916 63.4188 3.31722 2.89948 274.687 160.154
207.685 63.8827 3.31381 2.92171 80.4454 167.252
209.796 67.2269 3.259 2.84821 231.46 394.073
216.907 60.7523 3.30323 3.10598 235.345 449.737
218.66 60.9649 3.31528 3.04823 138.605 499.421
209.738 62.4058 3.32711 2.87353 226.16 162.266
217.513 60.0823 3.25011 2.88188 199.966 528.959
214.225 61.1292 3.31582 2.96615 140.147 332.813
215.93 63.6482 3.28772 3.00611 247.296 240.937
214.25 60.5487 3.27754 2.89301 139.928 391.655
196.582 54.8564 3.27593 2.82232 55.1727 1281.72
213.401 60.7277 3.32167 3.01971 134.637 356.15
209.784 61.1426 3.3 3.03077 212.715 296.022
214.766 66.5657 3.32572 2.85612 220.252 360.434
188.296 63.7758 3.26419 2.69852 64.1254 1117.84
203.121 64.7461 3.30338 2.79482 78.4293 401.232
211.074 61.771 3.31477 3.07591 246.314 218.547
216.188 61.4417 3.28041 3.06669 401.032 366.551
212.904 60.8792 3.31857 2.91127 164.869 331.928
215.271 60.5805 3.26484 2.92834 119.725 413.894
216.679 60.2805 3.25674 2.93412 164.031 483.892
218.244 60.7315 3.29575 3.04781 213.775 500.746
213.497 60.396 3.31327 2.95658 137.676 392.871
215.738 60.3351 3.24851 2.91255 173.875 450.493
208.348 59.6572 3.1979 2.6506 163.636 476.146
217.659 60.6024 3.29084 3.1084 265.103 489.245
225.615 58.2758 3.32206 3.08056 92.7112 990.895
215.581 59.9268 3.17468 2.70167 165.713 486.037
216.749 60.4427 3.27169 2.98778 205.176 471.481
217.639 60.9231 3.294 3.04906 394.721 462.418
214.077 61.4924 3.36924 2.96164 223.389 293.62
211.542 61.4131 3.329 3.11618 245.124 259.598
197.4 66.8951 3.27426 2.78633 178.947 725.943
217.277 60.2474 3.26338 2.92971 107.712 506.377
218.995 60.824 3.31344 3.04789 120.526 523.456
216.976 61.3836 3.29406 3.01036 364.127 400.989
218.049 60.1785 3.2685 2.99115 186.57 539.078
209.256 65.0304 3.24034 2.71585 346.446 168.995
216.031 60.2361 3.24845 2.829 128.33 468.329
191.145 52.9721 3.28705 2.80773 125.31 1658.57
214.53 62.9699 3.3988 2.9207 270.178 193.219
219.747 60.0959 3.29138 3.03732 160.024 609.366
220.599 59.667 3.29045 3.0496 74.2266 676.851
214.475 65.5174 3.36372 2.87872 274.193 257.378
207.811 62.8962 3.2812 2.95809 518.04 187.722
217.533 61.1871 3.30584 3.01864 286.138 437.74
211.667 60.8584 3.31253 3.09775 173.81 321.767
215.323 60.3863 3.23407 2.90897 180.019 434.123
210.261 61.0889 3.32078 3.06422 264.857 297.451
197.092 68.0541 3.24393 2.80384 155.82 795.804
215.154 63.7399 3.25841 2.90019 191.72 202.04
218.652 60.2994 3.28163 3.05872 229.389 550.982
219.217 60.1294 3.275 3.01584 306.692 586.206
211.668 61.807 3.33417 3.05006 299.732 216.751
212.671 61.832 3.37649 2.7967 208.963 227.091
216.01 63.9761 3.30236 2.93789 211.109 244.775
214.792 60.5341 3.28012 3.50587 108.888 405.865
205.816 56.5593 3.22541 2.86048 57.9653 849.933
208.468 61.98 3.2964 2.9126 261.931 235.709
209.777 60.5117 3.31581 3.09425 141.934 365.072
189.752 57.1766 3.30501 2.85084 120.16 1371.65
209.253 61.4636 3.3034 2.99092 178.915 269.321
217.161 60.1791 3.25908 2.89104 149.97 508.641
216.221 60.072 3.22747 2.75459 106.856 489.437
210.547 60.1043 3.32476 3.06382 154.071 405.165
218.856 60.4399 3.30003 3.06551 197.983 547.417
217.171 60.7541 3.29314 3.09984 256.249 458.909
192.073 65.5598 3.29826 2.81511 68.7599 926.426
193.495 53.8452 3.28923 2.83085 122.629 1488.42
216.546 61.2275 3.28169 3.07886 284.312 397.06
217.147 60.448 3.26574 2.98571 166.931 484.333
218.249 60.3583 3.2826 3.07408 225.884 531.13
226.475 68.3065 3.29908 2.87595 105.854 861.694
203.383 71.3221 3.31209 2.6208 104.014 906.079
198.198 69.3641 3.15123 2.67919 149.351 845.898
202.84 70.0079 3.1536 2.56555 86.0803 785.768
205.387 69.6211 3.20025 2.68251 66.1877 702.323
206.58 70.34 3.14967 2.58848 96.979 761.874
194.656 68.2746 3.23298 2.7903 161.971 896.4
196.822 68.4753 3.23137 2.83309 89.4375 829.954
198.806 68.6483 3.21132 2.81837 117.248 775.659
200.413 69.1049 3.18743 2.75626 154.201 762.828
205.217 69.1565 3.20271 2.69117 58.7748 658.069
209.387 69.836 3.1702 2.66076 139.169 684.643
211.299 69.72 3.21698 2.78281 138.527 667.868
215.088 69.9175 3.21604 2.7972 114.553 711.748
216.289 69.626 3.23628 2.8374 144.823 696.094
235.93 69.3475 3.34933 2.88882 183.084 1257.41
196.917 67.6988 3.26075 2.85019 114.584 782.945
201.885 68.4946 3.22431 2.81173 183.529 672.497
203.387 68.7132 3.23589 2.75466 137.256 653.09
207.318 68.8799 3.21504 2.78173 102.357 597.876
209.319 68.9656 3.21079 2.75613 156.56 588.77
211.177 69.1532 3.21914 2.7642 148.618 604.579
213.625 69.322 3.22923 2.80952 139.803 633.575
219.035 69.243 3.30286 2.85354 100.981 708.495
221.263 69.3286 3.28425 2.83842 75.1464 769.408
198.174 67.082 3.28203 2.83662 134.577 703.743
199.397 67.4213 3.27584 2.84089 164.923 675.84
202.768 67.4572 3.25929 2.87149 183.023 563.818
203.811 68.2575 3.24977 2.80195 158.696 601.732
206.028 68.4414 3.24673 2.75533 92.1767 572.009
208.187 68.1343 3.2408 2.78821 126.897 507.927
210.384 68.0584 3.25523 2.82077 160.32 483.425
211.513 68.0748 3.25686 2.82206 183.194 484.701
214.432 68.1207 3.24834 2.83511 160.499 512.689
218.405 68.1861 3.32573 2.84355 127.24 597.626
220.465 68.6043 3.31652 2.8586 101.893 687.719
222.103 68.3889 3.30942 2.85934 134.617 718.957
223.281 66.3701 3.3089 2.86875 227.364 644.67
193.671 65.4742 3.29248 2.81557 52.9541 851.981
195.352 65.7077 3.30467 2.82037 65.7748 778.301
198.75 66.442 3.2968 2.81092 135.162 651.562
200.349 66.6001 3.28398 2.86799 117.52 594.296
202.227 66.8332 3.28356 2.8575 180.986 537.355
204.275 67.0486 3.25403 2.87613 150.304 485.601
206.517 67.2221 3.27865 2.78138 221.788 442.242
207.821 67.5076 3.25255 2.71208 104.464 446.576
212.113 67.5187 3.2714 2.81553 194.953 424.993
214.357 67.5933 3.26133 2.77138 136.517 456.303
215.855 67.6946 3.31079 2.82221 157.087 493.276
220.128 67.6136 3.30222 2.86221 126.726 599.83
224.214 67.6106 3.29044 2.87556 151.065 741.155
226.258 67.441 3.30883 2.86824 184.719 810.882
195.961 64.9941 3.27547 2.82989 58.5431 740.897
197.645 65.3936 3.29995 2.84387 64.3371 667.987
199.349 65.5011 3.29702 2.82999 82.7279 593.171
201.346 65.895 3.29066 2.81555 163.206 520.038
202.913 66.1434 3.27089 2.81955 176.651 469.329
206.494 66.5156 3.27451 2.79079 257.273 377.094
208.493 66.9214 3.26628 2.69845 101.81 375.177
209.976 66.7108 3.25701 2.79675 235.48 336.001
212.525 66.7004 3.25238 2.82515 186.041 337.958
213.899 66.7653 3.30212 2.8416 92.8251 363.178
216.215 66.9498 3.31417 2.83148 180.433 431.346
218.345 66.8088 3.3014 2.85601 219.517 482.496
221.978 66.9116 3.30593 2.89059 168.173 618.74
223.778 66.9808 3.30347 2.86375 207.807 692.04
225.729 66.9227 3.31087 2.85324 120.681 767.925
197.761 64.6379 3.26378 2.89706 63.6359 653.16
200.087 64.937 3.27649 2.84201 64.2288 546.588
201.637 65.1527 3.30489 2.83301 103.525 480.224
203.551 65.5276 3.28628 2.78167 149.721 410.934
205.119 65.4924 3.26857 2.79879 196.767 345.379
207.195 65.6571 3.26001 2.83263 386.689 282.971
208.623 65.8937 3.28706 2.71832 307.214 267.407
210.457 65.8251 3.23477 2.7307 257.614 235.151
212.122 65.8371 3.26307 2.82704 255.417 240.053
214.18 66.267 3.31586 2.85414 83.4219 318.543
214.181 66.267 3.31782 2.83618 148.992 318.564
218.473 66.2305 3.30998 2.89893 314.009 446.745
221.631 66.2191 3.30761 2.87672 184.569 569.891
225.657 65.8052 3.32395 2.90669 144.659 729.947
214.843 62.3987 3.3426 3.1013 338.92 242.039
199.305 63.8864 3.30309 2.88397 99.8251 578.682
205.522 64.7962 3.29899 2.79034 148.88 293.489
208.018 65.18 3.23065 2.7977 345.203 218.005
210.64 65.1479 3.27009 2.68761 325.718 159.181
216.846 65.3064 3.33007 2.88738 298.733 328.363
218.385 65.6035 3.32493 2.92643 291.973 406.872
220.064 65.4483 3.32448 2.91578 194.421 471.181
221.694 65.3609 3.32721 2.90959 179.727 540.593
223.623 65.2225 3.352 2.96652 154.123 625.37
199.398 63.2842 3.34119 2.89956 63.0766 582.112
200.922 63.3965 3.33438 2.90042 82.8636 504.75
203.285 63.465 3.33596 2.95367 136.875 386.951
204.379 63.994 3.2758 2.838 103.457 329.81
205.853 64.1767 3.31028 2.73531 72.3448 260.016
214.63 64.613 3.29927 2.87251 314.736 199.334
216.201 64.5654 3.34151 2.88299 56.36 266.705
216.436 64.5012 3.33702 2.92605 326.279 275.44
221.784 64.453 3.31676 2.88576 91.8542 528.376
221.784 64.4525 3.30975 2.90093 63.1505 528.344
223.67 64.5753 3.31726 2.91661 89.0285 619.588
195.344 61.9331 3.30864 2.8965 59.4814 823.428
198.469 62.2938 3.29868 2.88238 118.03 656.505
201.699 62.7161 3.28394 2.86881 132.928 483.804
205.93 63.3569 3.32079 2.77541 157.691 258.559
214.222 63.8036 3.3078 2.94264 147.714 156.042
217.924 64.0292 3.29735 2.94758 133.071 338.637
222.48 63.8433 3.32062 2.93743 89.1899 562.288
197.317 61.3416 3.32395 2.89163 105.329 754.201
198.513 61.678 3.3129 2.85451 114.589 680.55
200.525 61.7105 3.31268 2.85214 79.5661 583.36
201.703 62.1344 3.31076 2.8364 101.712 507.053
203.311 62.2195 3.32392 2.84108 151.882 427.372
205.146 62.1816 3.28341 2.89235 257.114 346.248
206.12 62.4787 3.31041 2.94233 308.425 285.869
216.652 63.0254 3.33544 3.1485 146.447 290.332
218.173 63.0618 3.32948 3.09148 190.583 362.934
193.799 60.3849 3.32511 2.91838 45.1044 973.027
196.65 60.4135 3.29776 2.85184 88.3731 836.773
198.04 60.7515 3.30321 2.86712 105.345 752.216
199.312 60.6947 3.30814 2.87055 144.134 697.393
201.041 61.0224 3.30043 2.84449 146.719 599.189
202.562 61.4009 3.29723 2.89709 192.655 507.894
204.176 61.4907 3.29665 2.92817 192.065 432.573
205.609 61.9037 3.28613 2.98606 378.595 344.572
206.868 61.8823 3.26722 2.98424 383.378 296.991
209.88 61.7531 3.32242 3.03858 232.7 228.674
212.274 61.7929 3.3237 3.0373 214.364 224.777
213.825 62.1067 3.28442 3.09166 316.05 229.109
217.004 62.4013 3.30317 3.0185 112.373 334.806
218.122 62.3579 3.34741 3.07259 159.713 388.347
221.538 62.4435 3.33132 2.98759 176.72 547.635
223.206 62.5763 3.31701 2.95282 73.476 624.497
225.609 62.2024 3.33563 3.00379 91.9311 755.585
198.315 59.9237 3.30203 2.88249 115.561 792.453
199.908 60.1686 3.2989 2.90591 194.048 705.914
201.231 60.4742 3.29252 2.92256 282.284 627.752
202.813 60.5269 3.31459 2.95496 209.992 558.589
204.11 60.6801 3.30502 2.97833 274.992 496.089
205.516 60.8132 3.27741 3.01033 270.065 434.168
207.791 61.2001 3.27633 2.82198 178.718 328.709
215.402 61.6061 3.2775 3.04283 323.54 324.79
222.911 61.4593 3.33767 3.00566 84.5376 658.058
224.22 61.4862 3.33275 3.00558 110.986 718.915
226.918 61.1512 3.34229 2.98989 96.4892 865.078
198.736 59.2533 3.30645 2.94642 134.628 822.475
200.175 59.1767 3.31416 2.94919 172.029 769.454
201.907 59.5938 3.32246 2.96582 275.958 668.112
202.905 59.7733 3.32003 3.00285 228.103 615.781
204.792 59.8542 3.29194 3.00785 169.82 543.691
205.68 60.1952 3.27954 2.96041 224.924 484.506
210.276 60.4814 3.3339 3.05689 269.229 364.563
221.424 60.3024 3.26372 3.0269 95.4918 662.478
190.452 56.6011 3.30079 2.8743 47.5426 1383.1
202.009 59.0314 3.31755 3.00264 208.931 711.86
203.561 59.1953 3.31095 2.96039 204.791 643.775
204.771 59.3922 3.3145 2.99868 185.862 587.373
212.597 59.9979 3.31657 2.99724 105.382 423.848
222.262 59.6304 3.2704 2.98885 95.8764 746.939
226.285 59.5898 3.37534 3.02066 34.4054 925.918
212.566 65.1171 3.33899 2.85507 232.115 170.584
203.344 58.6774 3.32066 2.97555 159.227 698.544
204.113 58.2637 3.3454 3.02176 101.749 715.094
204.991 58.6484 3.33544 2.98596 105.899 653.188
206.355 58.9287 3.14913 2.53451 70.2465 591.238
213.66 59.4296 3.21511 2.71027 124.741 498.783
227.731 58.9601 3.52622 3.30763 39.9353 1033.97
202.426 57.5673 3.31791 2.90726 86.9433 832.118
203.613 57.6397 3.32463 3.02368 72.4711 790.353
205.548 57.5665 3.26764 2.91789 38.1961 749.632
224.26 58.4133 3.30894 3.02996 57.4275 923.662
225.482 58.2747 3.31457 3.07713 60.8985 985.353
229.033 59.3946 3.35745 3.04119 49.1777 1065.4
197.939 55.703 3.28223 2.87641 46.1992 1155.41
200.447 56.2848 3.27359 2.84979 94.4855 1016.56
223.768 57.9616 3.13659 2.74817 28.6124 940.615
225.424 57.4688 3.20962 2.7715 22.2519 1047.43
228.869 57.9128 3.3118 3.0505 54.272 1159.62
227.048 56.8144 3.3424 3.03239 47.9162 1167.47
229.75 56.9811 3.31642 3.04305 91.8818 1268.88
210.428 68.6408 3.23792 2.79648 243.49 548.142
226.879 56.1146 3.28385 2.7473 32.5397 1219.64
229.974 55.9154 3.339 3.06537 28.9309 1363.43
228.385 55.3279 3.34706 3.0003 31.3934 1347.35
218.842 64.7774 3.35384 2.91991 235.862 394.489
227.653 56.4191 3.25504 2.89123 26.8246 1225.07
209.196 62.5277 2.9068 2.93844 192.032 163.938
209.939 62.15 2.94387 2.93067 115.475 185.306
218.547 60.1369 3.98209 3.9617 119.187 560.538
217.908 60.4896 3.28897 3.09946 251.287 507.723
217.507 60.403 3.26973 3.02707 135.5 500.676
218.338 61.0595 3.32147 3.07714 206.712 479.391
216.296 60.3923 3.26712 2.9214 163.015 461.65
216.716 60.1205 3.20924 2.77049 140.817 499.75
215.271 60.5805 3.26484 2.92834 119.725 413.894
216.679 60.2805 3.25674 2.93412 164.031 483.892
218.244 60.7315 3.29575 3.04781 213.775 500.746
217.659 60.602 3.29094 3.1085 265.103 489.261
216.749 60.4427 3.27169 2.98778 205.176 471.481
217.639 60.9231 3.29395 3.04901 394.721 462.41
217.277 60.2474 3.26338 2.92971 107.712 506.377
218.995 60.8241 3.31339 3.04785 120.526 523.449
216.976 61.3836 3.29406 3.01036 364.127 400.989
218.049 60.1785 3.2685 2.99115 186.57 539.078
216.031 60.2361 3.24845 2.829 128.33 468.329
217.533 61.187 3.30596 3.01875 286.138 437.756
218.652 60.2994 3.28163 3.05872 229.389 550.982
219.217 60.1294 3.275 3.01584 306.692 586.206
216.221 60.072 3.22747 2.75459 106.856 489.437
218.856 60.4399 3.30003 3.06551 197.983 547.417
216.546 61.2275 3.28169 3.07886 284.312 397.06
212.567 65.1173 3.32618 2.84387 92.28 170.61
212.57 65.1176 3.32572 2.84278 90.584 170.697
209.518 60.7352 3.25213 2.97653 109.206 343.469
209.518 60.7351 3.25219 2.97658 109.206 343.475
