# evlo=191.145004 evla=52.972099
194.627 64.5646 3.27767 2.69745 31.1103 1306.41
217.908 60.4896 3.19249 2.67084 97.3971 1822.02
217.507 60.403 3.18392 2.63908 58.0525 1798.14
218.338 61.0595 3.23542 2.78269 35.0427 1862.01
215.395 60.9677 3.23726 2.74368 78.6587 1707.86
209.013 64.0997 3.29091 2.75507 146.241 1606.95
209.094 59.7511 3.24905 2.70528 127.837 1335.06
209.259 59.7417 3.2462 2.70493 122.887 1342.9
210.701 64.1732 3.28749 2.76693 103.21 1674.81
208.846 60.7683 3.2604 2.7056 140.925 1377.69
207.916 63.4188 3.2851 2.7503 125.673 1515.87
212.195 64.6453 3.29154 2.77213 142.327 1763.96
207.685 63.8827 3.28792 2.74159 117.588 1542.97
208.763 59.5251 3.23898 2.68513 142.448 1307.15
209.796 67.2269 3.27638 2.69022 28.4949 1880.34
218.66 60.9649 3.23271 2.76004 37.5942 1875.78
209.738 62.4058 3.27722 2.76584 145.722 1517.33
217.513 60.0823 3.14804 2.44688 26.5574 1789.18
212.624 63.0753 3.29937 2.79182 134.932 1681.51
214.225 61.1292 3.2612 2.77757 71.2185 1655.77
215.93 63.6482 3.25032 2.68897 34.9849 1856.66
214.25 60.5487 3.23217 2.71004 120.39 1633
196.582 54.8564 3.40371 3.04927 79.7753 414.133
213.401 60.7277 3.25359 2.73741 113.858 1597.25
209.784 61.1426 3.2536 2.72381 122.986 1442.69
203.121 64.7461 3.27662 2.7023 67.1941 1476.79
211.074 61.771 3.27381 2.79986 76.3862 1537.57
216.188 61.4417 3.24558 2.76255 46.9548 1766.4
212.904 60.8792 3.26067 2.76991 75.1996 1579.12
215.271 60.5805 3.30476 2.67619 118.109 1686.81
218.244 60.7315 3.22509 2.74398 60.9342 1846.95
213.052 64.4091 3.28492 2.79604 105.82 1781.49
213.497 60.396 3.23818 2.71328 97.6891 1588.21
208.348 59.6572 3.25101 2.70848 143.401 1292.93
217.659 60.6024 3.20567 2.69367 124.937 1812.26
215.581 59.9268 3.16934 2.51142 77.6364 1680.71
216.749 60.4427 3.19129 2.64532 60.651 1759.28
214.077 61.4924 3.25667 2.76176 76.3404 1664.7
211.542 61.4131 3.25863 2.73174 172.729 1539.58
197.4 66.8951 3.28533 2.59349 29.0728 1588.15
209.077 63.5527 3.28435 2.77613 128.622 1569.19
217.277 60.2474 3.16854 2.5574 31.0466 1781.25
218.995 60.824 3.23054 2.77078 42.1536 1889.14
211.063 63.7318 3.28705 2.80773 125.31 1658.57
211.768 64.9602 3.28942 2.75279 103.265 1769.79
218.049 60.1785 3.16677 2.55725 54.5919 1820.73
209.256 65.0304 3.29275 2.75884 105.435 1686.35
210.931 64.5928 3.28981 2.77654 98.9774 1713.01
214.53 62.9699 3.25588 2.71957 62.1577 1759.01
214.475 65.5174 3.3017 2.77774 114.497 1908.04
207.811 62.8962 3.28645 2.77649 110.53 1473.24
217.533 61.1871 3.32859 2.78592 21.0455 1824.85
211.667 60.8584 3.26306 2.76028 79.8673 1517.26
210.261 61.0889 3.25093 2.6915 211.531 1461.95
197.092 68.0541 3.27179 2.62492 31.369 1709.96
215.154 63.7399 3.29862 2.83667 77.4296 1827.99
218.652 60.2994 3.1778 2.63208 95.6185 1856.38
211.14 63.4056 3.28223 2.80626 90.142 1640.11
211.668 61.807 3.25072 2.69656 83.3473 1566.73
212.671 61.832 3.26573 2.74623 117.917 1614.42
216.01 63.9761 3.29775 2.84455 90.5171 1877.58
214.792 60.5341 3.31194 2.68466 89.2328 1660.33
208.468 61.98 3.28372 2.77835 147.259 1435.98
209.777 60.5117 3.25916 2.71648 168.152 1407.77
189.752 57.1766 3.30449 2.56494 98.8044 476.417
209.253 61.4636 3.28541 2.78446 128.558 1437.39
216.221 60.072 3.15627 2.47472 35.6853 1719.53
210.547 60.1043 3.24747 2.71819 121.237 1425.37
218.856 60.4399 3.19373 2.6795 94.6594 1871.03
192.073 65.5598 3.29254 2.69117 21.9227 1403.2
209.711 63.4502 3.28351 2.78386 138.674 1586.29
193.495 53.8452 3.3832 3.00719 435.313 184.039
216.546 61.2275 3.21744 2.68936 21.0493 1776.09
211.449 62.8295 3.29204 2.78309 169.204 1616.52
211.415 62.9628 3.29057 2.77983 124.058 1623.28
211.462 62.6812 3.29596 2.79329 76.6508 1608.05
212.058 62.8349 3.29765 2.79375 69.1413 1642.92
211.771 63.0624 3.29244 2.78131 102.66 1644.48
212.26 62.5808 3.30008 2.81847 94.3196 1636.85
211.152 62.8331 3.28856 2.77774 200.041 1604.15
217.147 60.448 3.18872 2.64951 68.6318 1780.46
211.908 64.4716 3.29155 2.768 172.516 1741.27
218.249 60.3583 3.1806 2.63714 103.364 1836.38
213.052 64.4091 3.28492 2.79604 105.82 1781.49
198.736 59.2533 3.25225 2.62553 121.663 842.739
200.175 59.1767 3.26006 2.68808 121.798 889.202
201.907 59.5938 3.2652 2.70072 185.945 991.546
202.905 59.7733 3.2655 2.70893 180.19 1046.64
204.792 59.8542 3.2678 2.70252 187.654 1134.83
205.68 60.1952 3.27491 2.72658 148.093 1197.21
207.376 60.0815 3.2755 2.72061 205.92 1268.76
210.276 60.4814 3.26171 2.72782 171.32 1430.47
223.909 60.7704 3.19979 2.67686 31.709 2149.58
190.452 56.6011 3.34489 2.63589 47.5516 406.428
202.009 59.0314 3.25764 2.68903 161.877 954.151
203.561 59.1953 3.25233 2.6681 173.394 1035.13
204.771 59.3922 3.25434 2.6938 192.825 1104.03
206.768 59.6524 3.2653 2.6956 199.28 1214.89
212.597 59.9979 3.22842 2.69013 91.6051 1525.59
212.566 65.1171 3.29081 2.74085 133.065 1810.1
203.344 58.6774 3.23138 2.63929 198.087 991.447
204.113 58.2637 3.21256 2.55629 140.545 1004.63
204.991 58.6484 3.23275 2.6125 113.283 1070.49
206.355 58.9287 3.22788 2.65387 81.5871 1154.55
207.606 58.6097 3.21144 2.56985 97.0221 1203.63
202.426 57.5673 3.18374 2.46857 74.918 879.066
203.613 57.6397 3.1782 2.42914 68.0075 944.857
205.548 57.5665 3.17282 2.42704 36.8516 1045.72
197.939 55.703 3.31292 2.92887 60.542 535.989
212.138 64.8735 3.29132 2.76532 98.365 1777.43
210.428 68.6408 3.28459 2.76775 82.6164 2017.15
209.931 62.7622 3.15442 2.65397 113.857 1548.57
211.063 63.7323 3.28716 2.80782 125.31 1658.62
211.14 63.4057 3.28225 2.80627 90.142 1640.11
218.547 60.1369 3.42941 2.92948 118.109 1846.46
217.908 60.4896 3.19249 2.67084 97.3971 1822.02
217.507 60.403 3.18392 2.63908 58.0525 1798.14
218.338 61.0595 3.23543 2.7827 35.0427 1862.01
215.271 60.5805 3.30476 2.67619 118.109 1686.81
218.244 60.7315 3.22509 2.74398 60.9342 1846.95
217.659 60.602 3.2056 2.69361 124.937 1812.23
216.749 60.4427 3.19129 2.64532 60.651 1759.28
217.277 60.2474 3.16854 2.5574 31.0466 1781.25
218.995 60.8241 3.23054 2.77078 42.1536 1889.14
218.049 60.1785 3.16677 2.55725 54.5919 1820.73
217.533 61.187 3.3286 2.78593 21.0455 1824.85
218.652 60.2994 3.1778 2.63208 95.6185 1856.38
216.221 60.072 3.15627 2.47472 35.6853 1719.53
218.856 60.4399 3.19373 2.6795 94.6594 1871.03
216.546 61.2275 3.21744 2.68936 21.0493 1776.09
212.567 65.1173 3.29077 2.74799 34.1966 1810.13
212.57 65.1176 3.291 2.74668 35.0548 1810.25
