# evlo=205.815796 evla=56.559299
217.908 60.4896 3.23658 2.72478 38.0253 827.652
217.654 61.036 3.13539 2.59516 42.2147 844.771
217.507 60.403 3.14029 2.38317 30.4801 803.57
218.338 61.0595 3.23646 2.79626 58.7203 878.066
216.3 60.3932 3.31739 2.5206 46.9907 744.655
215.395 60.9677 3.53915 2.70079 63.1791 739.261
209.094 59.7511 3.20672 2.97875 182.323 404.397
209.259 59.7417 3.19822 2.95219 255.926 408.211
210.701 64.1732 3.1952 2.72123 56.6684 889.487
208.846 60.7683 3.14661 2.66709 126.027 500.603
207.916 63.4188 3.28197 2.97463 71.4168 773.056
212.195 64.6453 3.24368 2.87972 56.2552 965.204
200.411 54.831 3.12325 2.70567 169.087 390.429
207.685 63.8827 3.29219 2.97169 80.1297 822.398
208.763 59.5251 3.19704 2.9624 201.401 373.291
209.796 67.2269 3.29111 2.90721 37.4548 1206.49
216.907 60.7523 3.08148 2.59127 54.4471 793.755
218.66 60.9649 3.22727 2.77565 61.5094 888.339
212.624 63.0753 3.27558 3.08692 40.5467 819.283
214.225 61.1292 3.40617 2.86298 88.3128 702.417
215.93 63.6482 3.42994 3.00262 62.4478 967.281
213.401 60.7277 3.41388 2.76551 110.614 639.236
188.296 63.7758 3.27717 2.83376 51.2152 1254.7
203.121 64.7461 3.28952 2.87822 39.7142 923.814
211.074 61.771 3.09271 2.50244 76.1801 653.368
216.188 61.4417 3.55571 2.80675 64.4728 805.259
212.904 60.8792 3.20767 2.87722 122.588 631.938
215.271 60.5805 3.07653 2.55227 34.9863 708.316
218.244 60.7315 3.19716 2.64224 44.488 856.265
215.738 60.3351 3.25985 2.36684 46.2186 714.744
208.348 59.6572 3.22526 3.00781 126.771 375.897
217.659 60.6024 3.25301 2.83731 52.5839 821.269
215.581 59.9268 3.12889 2.23217 94.5036 684.265
216.749 60.4427 3.10852 2.66768 32.9354 768.87
217.639 60.9231 3.11689 2.62269 75.6385 837.708
214.077 61.4924 3.22017 2.92961 154.941 724.927
211.542 61.4131 3.24017 3.00298 153.592 632.501
218.995 60.824 3.20918 2.66504 31.1173 897.446
211.063 63.7318 3.22541 2.86048 57.9653 849.933
209.256 65.0304 3.27725 2.88701 56.1478 961.942
214.53 62.9699 3.27224 3.0268 110.49 864.335
219.747 60.0959 3.27974 2.59291 59.9993 904.01
220.599 59.667 3.32049 2.51485 44.7934 935.128
214.475 65.5174 3.28309 3.11124 46.051 1100.11
207.811 62.8962 3.28136 2.98922 63.1709 714.751
217.533 61.1871 3.12402 2.59889 67.5189 848.023
211.667 60.8584 3.218 2.94821 266.874 586.304
215.323 60.3863 3.07056 2.37235 50.7621 698.503
210.261 61.0889 3.24113 2.99208 98.8141 565.847
215.154 63.7399 3.27378 3.03724 55.6685 951.354
218.652 60.2994 3.35403 2.5802 37.1309 855.847
219.217 60.1294 3.27122 2.61126 93.1734 877.664
211.668 61.807 3.25951 3.06495 134.454 672.962
212.671 61.832 3.25254 2.98872 193.798 705.213
216.01 63.9761 3.2772 3.02506 80.2676 998.005
209.777 60.5117 3.22687 2.96584 245.232 496.834
189.752 57.1766 3.25843 2.77434 100.204 979.791
210.547 60.1043 3.17697 2.91886 189.04 482.182
218.856 60.4399 3.24457 2.66429 61.3098 872.421
217.171 60.7541 3.19752 2.70619 61.537 806.202
192.073 65.5598 3.24818 2.73804 21.7686 1241.93
193.495 53.8452 3.31071 2.95596 81.2571 839.189
211.415 62.9628 3.23888 2.88914 67.5371 779.021
212.058 62.8349 3.26447 3.04425 38.0109 781.693
211.771 63.0624 3.23833 2.85607 20.166 797.084
212.26 62.5808 3.15209 2.60258 79.8553 762.486
211.152 62.8331 3.22215 2.82931 88.5424 760.193
217.147 60.448 3.14313 2.48179 42.4395 788.348
211.908 64.4716 3.23788 2.86432 81.5481 941.946
218.249 60.3583 3.20626 2.58181 60.1443 838.206
212.138 64.8735 3.24856 2.87506 52.2734 987.435
210.428 68.6408 3.27444 2.86461 51.2287 1366.26
209.931 62.7622 3.62034 3.15161 110.601 728.57
211.063 63.7323 3.22564 2.86068 57.9653 849.993
217.908 60.4896 3.23658 2.72478 38.0253 827.652
217.507 60.403 3.14029 2.38317 30.4801 803.57
218.338 61.0595 3.23648 2.79628 58.7203 878.071
216.296 60.3923 3.31644 2.51989 46.9907 744.443
215.271 60.5805 3.07653 2.55227 34.9863 708.316
218.244 60.7315 3.19716 2.64224 44.488 856.265
217.659 60.602 3.25283 2.83716 52.5839 821.224
216.749 60.4427 3.10852 2.66768 32.9354 768.87
217.639 60.9231 3.11686 2.62266 75.6385 837.699
218.995 60.8241 3.2092 2.66505 31.1173 897.451
217.533 61.187 3.12403 2.5989 67.5189 848.026
218.652 60.2994 3.35403 2.5802 37.1309 855.847
219.217 60.1294 3.27122 2.61126 93.1734 877.664
218.856 60.4399 3.24457 2.66429 61.3098 872.421
