# evlo=211.152405 evla=62.833099
225.449 60.24 3.31618 2.98986 43.4241 811.421
194.627 64.5646 3.27658 2.85542 173.404 837.18
217.908 60.4896 3.33166 3.08256 305.486 442.72
217.654 61.036 3.3653 3.1002 175.476 395.539
217.507 60.403 3.30754 2.99122 249.662 432.097
218.338 61.0595 3.31244 3.0807 135.501 425.494
220.363 59.9534 3.29729 3.0758 100.894 586.741
216.3 60.3932 3.29782 3.04007 229.665 385.171
225.144 58.5792 3.2684 2.97851 32.2942 896.321
216.716 60.1205 3.22103 2.73807 152.63 423.147
215.395 60.9677 3.357 3.16061 394.947 304.776
209.013 64.0997 3.25303 2.90308 397.562 176.946
209.094 59.7511 3.29504 3.09279 75.2759 360.691
209.259 59.7417 3.31888 3.12764 102.703 359.101
210.701 64.1732 3.27466 2.80668 215.676 151.062
208.846 60.7683 3.21419 2.59378 165.208 260.238
207.916 63.4188 3.27566 2.84018 398.346 175.852
212.195 64.6453 3.26741 2.8894 243.606 208.46
204.378 55.8218 3.21899 2.88297 55.3959 870.004
207.685 63.8827 3.24687 2.87507 368.287 209.267
209.796 67.2269 3.26901 2.80439 245.561 493.997
216.907 60.7523 3.32845 3.0849 395.76 381.796
218.66 60.9649 3.31518 3.13324 124.736 445.856
217.513 60.0823 3.26437 2.85934 314.375 456.808
214.225 61.1292 3.4093 3.12446 221.535 248.97
215.93 63.6482 3.32395 2.95888 292.434 256.652
214.25 60.5487 3.27342 2.96375 197.594 302.725
196.582 54.8564 3.2777 2.8104 116.742 1218.1
213.401 60.7277 3.3365 3.11576 267.615 262.903
209.784 61.1426 3.35488 3.03711 272.071 201.588
214.766 66.5657 3.30628 2.88203 195.725 450.251
188.296 63.7758 3.27351 2.73605 137.264 1144.69
203.121 64.7461 3.27675 2.88807 271.552 449.28
216.188 61.4417 3.34843 2.96741 360.736 304.889
212.904 60.8792 3.32984 2.97852 208.032 236.45
215.271 60.5805 3.31483 3.00111 147.235 332.261
216.679 60.2805 3.28333 2.9355 205.046 408.67
218.244 60.7315 3.35887 3.16162 172.546 441.129
213.052 64.4091 3.3283 2.91011 351.862 199.32
213.497 60.396 3.29347 2.99766 257.515 298.666
215.738 60.3351 3.25111 2.90722 98.1415 369.687
217.659 60.6024 3.33857 3.09013 306.665 424.189
225.615 58.2758 3.28883 2.99121 56.2393 938.865
215.581 59.9268 3.14433 2.67598 147.222 400.987
216.749 60.4427 3.29092 3.00092 247.907 398.508
217.639 60.9231 3.36796 3.06571 213.971 401.935
214.077 61.4924 3.36562 3.16795 588.011 213.419
211.542 61.4131 3.39198 3.1901 199.46 159.552
197.4 66.8951 3.25968 2.81783 149.424 791.214
217.277 60.2474 3.26998 2.89732 198.531 434.56
218.995 60.824 3.33028 3.18074 127.748 469.578
216.976 61.3836 3.37735 3.08551 160.879 344.136
211.768 64.9602 3.32731 2.94624 225.502 239.037
218.049 60.1785 3.29394 2.94006 319.445 471.144
209.256 65.0304 3.27984 2.67102 138.921 261.99
210.931 64.5928 3.25808 2.93075 288.253 196.464
216.031 60.2361 3.23352 2.86021 118.898 388.509
191.145 52.9721 3.28856 2.77774 200.041 1604.15
214.53 62.9699 3.5087 3.41962 249.975 172.39
219.747 60.0959 3.31093 3.09269 143.829 549.805
220.599 59.667 3.27318 2.98165 109.601 616.803
214.475 65.5174 3.34476 2.93152 143.579 339.977
207.811 62.8962 3.29121 2.95701 191.035 170.249
217.533 61.1871 3.35474 3.15965 141.056 381.009
211.667 60.8584 3.32515 3.11987 133.821 221.724
215.323 60.3863 3.21065 2.87891 186.049 351.033
210.261 61.0889 3.34401 3.20684 180.71 199.924
197.092 68.0541 3.24954 2.84844 216.191 870.676
215.154 63.7399 3.30504 2.97443 340.813 224.727
218.652 60.2994 3.32365 3.06572 189.326 487.954
219.217 60.1294 3.30237 3.00971 180.107 524.254
216.01 63.9761 3.30463 2.98247 448.258 274.021
214.792 60.5341 3.21938 3.0246 165.789 320.461
205.816 56.5593 3.22215 2.82931 88.5424 760.193
208.468 61.98 3.27015 2.86021 424.453 168.192
209.777 60.5117 3.34038 3.20803 129.274 268.742
189.752 57.1766 3.3055 2.9218 88.2259 1341.16
209.253 61.4636 3.4226 3.12098 322.816 181.921
217.161 60.1791 3.2664 2.88586 279.181 435.376
216.221 60.072 3.21568 2.82788 135.918 409.341
210.547 60.1043 3.35203 3.20665 125.604 305.79
218.856 60.4399 3.33293 3.10969 125.78 487.321
217.171 60.7541 3.33603 3.08059 353.925 392.782
192.073 65.5598 3.2844 2.8731 166.772 971.128
193.495 53.8452 3.28229 2.78433 137.122 1430.44
216.546 61.2275 3.34367 3.00772 454.846 334.081
217.147 60.448 3.29545 2.9706 260.47 414.018
211.908 64.4716 3.28913 2.90097 322.204 186.442
218.249 60.3583 3.32574 3.04885 255.175 466.502
213.052 64.4091 3.3283 2.91011 351.862 199.32
227.653 56.4191 3.30316 2.9464 61.0921 1168.04
218.547 60.1369 4.33272 4.47369 148.706 494.989
217.908 60.4896 3.33166 3.08256 305.486 442.72
217.507 60.403 3.30754 2.99122 249.662 432.097
218.338 61.0595 3.31248 3.08074 135.501 425.499
216.296 60.3923 3.29736 3.03964 229.665 385.117
216.716 60.1205 3.22103 2.73807 152.63 423.147
215.271 60.5805 3.31483 3.00111 147.235 332.261
216.679 60.2805 3.28333 2.9355 205.046 408.67
218.244 60.7315 3.35887 3.16162 172.546 441.129
217.659 60.602 3.33862 3.09018 306.665 424.197
216.749 60.4427 3.29092 3.00092 247.907 398.508
217.639 60.9231 3.36788 3.06564 213.971 401.927
217.277 60.2474 3.26998 2.89732 198.531 434.56
218.995 60.8241 3.33024 3.1807 127.748 469.572
216.976 61.3836 3.37735 3.08551 160.879 344.136
218.049 60.1785 3.29394 2.94006 319.445 471.144
216.031 60.2361 3.23352 2.86021 118.898 388.509
217.533 61.187 3.35487 3.15977 141.056 381.024
218.652 60.2994 3.32365 3.06572 189.326 487.954
219.217 60.1294 3.30237 3.00971 180.107 524.254
216.221 60.072 3.21568 2.82788 135.918 409.341
218.856 60.4399 3.33293 3.10969 125.78 487.321
216.546 61.2275 3.34367 3.00772 454.846 334.081
