# evlo=211.462296 evla=62.681198
194.627 64.5646 3.27632 2.86007 141.293 858.046
217.908 60.4896 3.32717 3.06599 96.8219 420.232
217.654 61.036 3.36792 3.11694 114.47 373.737
217.507 60.403 3.30086 2.99755 112.928 409.353
218.338 61.0595 3.31431 3.1432 60.5847 404.147
220.363 59.9534 3.29485 3.06425 67.5673 564.712
216.3 60.3932 3.29424 3.0396 143.042 362.057
225.144 58.5792 3.27205 2.99114 39.004 874.751
216.716 60.1205 3.20503 2.76302 89.5184 400.017
215.395 60.9677 3.35838 3.2037 205.205 281.719
209.013 64.0997 3.27143 2.92948 259.121 199.969
209.094 59.7511 3.34072 3.21435 82.9443 350.384
209.259 59.7417 3.34936 3.18793 97.7609 348.262
210.701 64.1732 3.32624 2.75455 129.298 170.598
208.846 60.7683 3.20292 2.64683 177.68 254.073
207.916 63.4188 3.26117 2.85433 18.2912 197.319
212.195 64.6453 3.31511 2.99018 122.626 221.922
200.411 54.831 3.2437 2.77491 26.7323 1080.3
208.763 59.5251 3.30827 3.03952 49.4045 380.552
209.796 67.2269 3.59382 2.81464 119.35 512.839
216.907 60.7523 3.32953 3.08545 274.969 359.152
218.66 60.9649 3.32432 3.14978 74.8042 424.503
217.513 60.0823 3.25836 2.85047 191.956 433.837
214.225 61.1292 3.42016 3.21239 124.241 225.799
215.93 63.6482 3.33982 2.98989 230.381 249.531
214.25 60.5487 3.27398 2.97966 121.195 279.858
196.582 54.8564 3.28741 2.83555 35.5635 1219.57
213.401 60.7277 3.34602 3.10819 149.768 240.632
209.784 61.1426 3.34875 3.15517 170.121 192.814
214.766 66.5657 3.28938 2.89608 93.2339 460.849
188.296 63.7758 3.27536 2.75189 84.63 1164.55
216.188 61.4417 3.35097 2.97168 241.183 282.997
212.904 60.8792 3.3408 3.00996 140.367 214.737
215.271 60.5805 3.31478 3.02431 95.7255 309.081
216.679 60.2805 3.28138 2.94983 157.376 385.589
218.244 60.7315 3.37391 3.09315 100.653 419.131
213.052 64.4091 3.28841 2.83757 147.64 208.181
213.497 60.396 3.31086 3.06629 153.145 276.657
215.738 60.3351 3.22921 2.95058 91.5776 346.507
208.348 59.6572 3.25126 3.07259 23.4142 376.239
217.659 60.6024 3.34101 3.11606 173.186 401.719
225.615 58.2758 3.27804 2.99 37.8379 917.205
215.581 59.9268 3.13671 2.64684 97.3858 377.903
216.749 60.4427 3.28504 3.01424 184.174 375.53
217.639 60.9231 3.36805 3.08606 159.011 379.92
214.077 61.4924 3.35984 3.14243 333.412 190.292
197.4 66.8951 3.26042 2.83334 107.488 814.275
209.077 63.5527 3.23892 2.90216 232.009 154.685
217.277 60.2474 3.26445 2.88497 181.505 411.618
218.995 60.824 3.34296 3.1651 66.7792 448.142
216.976 61.3836 3.38839 3.05241 92.3196 322.664
211.768 64.9602 3.33002 2.87233 110.287 254.495
218.049 60.1785 3.28794 2.93857 212.599 448.411
209.256 65.0304 3.2983 2.68895 86.2705 283.432
210.931 64.5928 3.27801 2.97991 145.819 214.71
216.031 60.2361 3.22641 2.83729 101.404 365.331
191.145 52.9721 3.29596 2.79329 76.6508 1608.05
214.53 62.9699 3.50447 3.11901 103.868 159.641
219.747 60.0959 3.30734 3.12891 88.6739 527.676
220.599 59.667 3.28171 2.98857 65.8684 594.573
214.475 65.5174 3.29418 2.97055 90.062 348.549
207.811 62.8962 3.3209 2.9513 133.295 187.886
217.533 61.1871 3.36192 3.13089 71.1016 359.443
211.667 60.8584 3.32327 3.28954 94.7784 203.422
215.323 60.3863 3.19146 2.8918 108.013 327.873
210.261 61.0889 3.35674 3.12563 124.724 188.356
197.092 68.0541 3.24964 2.85882 181.865 893.852
215.154 63.7399 3.31093 2.98677 193.515 219.982
218.652 60.2994 3.32052 3.09979 135.313 465.581
219.217 60.1294 3.30056 3.03908 110.187 501.937
216.01 63.9761 3.31801 3.02946 209.003 269.607
214.792 60.5341 3.22837 3.03104 67.3018 297.363
208.468 61.98 3.30592 3.02803 311.156 173.722
209.777 60.5117 3.36371 3.07148 61.7284 257.771
189.752 57.1766 3.30778 2.90471 44.9309 1351.11
209.253 61.4636 3.3703 3.10235 169.39 178.159
217.161 60.1791 3.25807 2.87044 173.089 412.362
216.221 60.072 3.21156 2.78244 126.034 386.161
210.547 60.1043 3.33856 3.14543 137.876 291.282
218.856 60.4399 3.34544 3.09899 98.7921 465.211
217.171 60.7541 3.33591 3.06882 274.345 370.265
192.073 65.5598 3.28344 2.87718 95.1596 992.918
216.546 61.2275 3.34475 2.99796 295.726 311.963
217.147 60.448 3.28611 2.96501 68.4988 391.177
211.908 64.4716 3.29846 2.97859 172.852 200.802
218.249 60.3583 3.32445 3.03928 183.781 444.018
213.052 64.4091 3.28841 2.83757 147.64 208.181
227.653 56.4191 3.29621 2.93454 50.2104 1145.85
218.547 60.1369 4.40484 4.61748 95.8985 472.407
217.908 60.4896 3.32717 3.06599 96.8219 420.232
217.507 60.403 3.30086 2.99755 112.928 409.353
218.338 61.0595 3.31435 3.14324 60.5847 404.152
216.296 60.3923 3.29374 3.03914 143.042 362.002
216.716 60.1205 3.20503 2.76302 89.5184 400.017
215.271 60.5805 3.31478 3.02431 95.7255 309.081
216.679 60.2805 3.28138 2.94983 157.376 385.589
218.244 60.7315 3.37391 3.09315 100.653 419.131
217.659 60.602 3.34107 3.11611 173.186 401.726
216.749 60.4427 3.28504 3.01424 184.174 375.53
217.639 60.9231 3.36797 3.08598 159.011 379.911
217.277 60.2474 3.26445 2.88497 181.505 411.618
218.995 60.8241 3.34292 3.16506 66.7792 448.137
216.976 61.3836 3.38839 3.05241 92.3196 322.664
218.049 60.1785 3.28794 2.93857 212.599 448.411
216.031 60.2361 3.22641 2.83729 101.404 365.331
217.533 61.187 3.36206 3.13102 71.1016 359.458
218.652 60.2994 3.32052 3.09979 135.313 465.581
219.217 60.1294 3.30056 3.03908 110.187 501.937
216.221 60.072 3.21156 2.78244 126.034 386.161
218.856 60.4399 3.34544 3.09899 98.7921 465.211
216.546 61.2275 3.34475 2.99796 295.726 311.963
