# evlo=211.908203 evla=64.471603
225.449 60.24 3.34836 2.94218 81.759 842.429
194.627 64.5646 3.29014 2.81707 133.145 827.415
217.908 60.4896 3.27124 3.01974 244.862 540.54
217.654 61.036 3.25251 3.00138 485.259 482.134
217.507 60.403 3.2522 3.0067 105.424 537.358
218.338 61.0595 3.24208 2.95646 399.655 502.002
220.363 59.9534 3.22993 2.90561 211.292 667.564
216.3 60.3932 3.26614 2.89069 152.83 507.726
225.144 58.5792 3.32034 2.93688 57.5432 959.485
216.716 60.1205 3.20804 2.73584 107.607 544.984
215.395 60.9677 3.27678 2.84889 208.543 429.19
209.259 59.7417 3.32048 3.04474 101.909 544.867
208.846 60.7683 3.20346 2.69945 214.373 441.544
207.916 63.4188 3.34429 2.83297 404.982 228.175
204.378 55.8218 3.2372 2.87978 43.2715 1048.9
200.411 54.831 3.31764 2.91852 70.9138 1250.23
207.685 63.8827 3.34994 2.86845 309.798 215.54
208.763 59.5251 3.16624 2.5719 67.7508 575.203
209.796 67.2269 3.28452 2.7324 186.687 321.971
218.66 60.9649 3.24275 2.9672 252.04 521.066
209.738 62.4058 3.28888 2.75107 199.347 254.451
217.513 60.0823 3.20469 2.56985 64.7223 568.719
221.785 59.0906 3.26158 2.91858 22.8317 792.757
212.624 63.0753 3.31597 2.83084 293.922 159.604
214.225 61.1292 3.40598 3.73394 73.739 390.777
215.93 63.6482 3.33024 2.79541 175.487 216.729
214.25 60.5487 3.23983 2.9818 138.29 453.485
196.582 54.8564 3.29383 2.85868 49.5641 1368.66
213.401 60.7277 3.30499 2.95708 153.47 424.236
209.784 61.1426 3.31798 2.97702 174.69 386.493
214.766 66.5657 3.32311 2.84823 297.941 268.252
188.296 63.7758 3.30221 2.80293 82.2806 1146.19
203.121 64.7461 3.30164 2.76361 136.824 421.373
211.074 61.771 3.31211 2.95545 193.33 303.941
216.188 61.4417 3.26032 3.00364 370.183 401.325
212.904 60.8792 3.3112 2.99227 179.487 403.621
215.271 60.5805 3.24855 2.84836 121.146 466.809
216.679 60.2805 3.25221 2.8336 113.055 528.006
218.244 60.7315 3.25543 2.99597 306.165 528.327
213.497 60.396 3.28023 2.96528 163.341 461.547
215.738 60.3351 3.26435 2.80498 196.478 501.527
208.348 59.6572 3.21257 2.66854 109.914 567.697
217.659 60.6024 3.27591 3.07965 252.265 522.629
225.615 58.2758 3.33861 2.89146 55.4476 1003.05
215.581 59.9268 3.18488 2.60138 124.46 541.18
217.639 60.9231 3.2568 3.00635 490.086 492.063
211.542 61.4131 3.33564 3.08267 170.193 341.409
197.4 66.8951 3.30593 2.76714 38.6115 717.472
209.077 63.5527 3.28021 2.81033 514.623 172.233
218.995 60.824 3.2447 2.95316 233.015 544.691
216.976 61.3836 3.2393 2.95964 348.887 429.54
218.049 60.1785 3.25454 2.95142 215.846 574.146
216.031 60.2361 3.26189 2.83152 149.706 517.836
191.145 52.9721 3.29155 2.768 172.516 1741.27
214.53 62.9699 3.23255 2.91812 402.122 211.652
219.747 60.0959 3.24839 2.96535 323.666 634.244
220.599 59.667 3.24243 2.96185 233.897 701.002
214.475 65.5174 3.36969 2.91515 464.197 168.109
207.811 62.8962 3.27587 2.83871 382.417 268.152
217.533 61.1871 3.24616 2.96955 408.862 464.62
211.667 60.8584 3.30563 3.01558 123.449 402.903
215.323 60.3863 3.23874 2.72151 93.764 488.121
210.261 61.0889 3.3119 3.01151 174.2 386.26
197.092 68.0541 3.27898 2.83629 177.715 773.58
215.154 63.7399 3.35698 2.65669 324.058 177.973
218.652 60.2994 3.26435 3.02504 272.334 580.69
219.217 60.1294 3.24742 2.96666 328.105 614.019
211.668 61.807 3.33394 3.07166 205.253 297.252
212.671 61.832 3.29264 2.97553 223.945 296.717
216.01 63.9761 3.3747 2.83693 165.982 206.557
214.792 60.5341 3.24452 2.88529 122.93 463.207
205.816 56.5593 3.23788 2.86432 81.5481 941.946
208.468 61.98 3.28823 2.89907 183.696 327.079
209.777 60.5117 3.31399 3.00458 149.719 454.75
189.752 57.1766 3.31957 2.831 84.9576 1441.94
209.253 61.4636 3.29735 2.93087 139.718 361.239
217.161 60.1791 3.20965 2.56339 74.0516 550.06
216.221 60.072 3.24345 2.70999 86.854 538.774
210.547 60.1043 3.32711 3.04616 144.274 491.804
218.856 60.4399 3.2528 3.00478 359.121 574.223
217.171 60.7541 3.29166 3.10369 216.64 494.294
192.073 65.5598 3.30712 2.82857 126.102 938.996
209.711 63.4502 3.25724 2.79088 383.575 156.697
193.495 53.8452 3.29474 2.80123 95.3724 1572.88
216.546 61.2275 3.26764 3.0448 378.666 431.65
211.449 62.8295 3.28514 3.04149 315.592 184.455
211.415 62.9628 3.25361 3.00233 173.25 169.95
211.462 62.6812 3.29846 2.97859 172.852 200.802
212.058 62.8349 3.26349 2.96737 200.148 182.597
211.771 63.0624 3.26451 3.10048 211.673 157.234
212.26 62.5808 3.27829 2.9804 256.854 211.493
211.152 62.8331 3.28913 2.90097 322.204 186.442
217.147 60.448 3.25869 3.01858 117.868 523.253
218.249 60.3583 3.26989 3.01036 291.061 562.96
218.547 60.1369 3.75798 3.61621 121.051 592.633
217.908 60.4896 3.27124 3.01974 244.862 540.54
217.507 60.403 3.2522 3.0067 105.424 537.358
218.338 61.0595 3.2421 2.95648 399.655 502.006
216.296 60.3923 3.26622 2.89077 152.83 507.74
216.716 60.1205 3.20804 2.73584 107.607 544.984
215.271 60.5805 3.24855 2.84836 121.146 466.809
216.679 60.2805 3.25221 2.8336 113.055 528.006
218.244 60.7315 3.25543 2.99597 306.165 528.327
217.659 60.602 3.27606 3.07979 252.265 522.653
217.639 60.9231 3.25676 3.00632 490.086 492.057
218.995 60.8241 3.24465 2.95311 233.015 544.683
216.976 61.3836 3.2393 2.95964 348.887 429.54
218.049 60.1785 3.25454 2.95142 215.846 574.146
216.031 60.2361 3.26189 2.83152 149.706 517.836
217.533 61.187 3.24627 2.96965 408.862 464.635
218.652 60.2994 3.26435 3.02504 272.334 580.69
219.217 60.1294 3.24742 2.96666 328.105 614.019
216.221 60.072 3.24345 2.70999 86.854 538.774
218.856 60.4399 3.2528 3.00478 359.121 574.223
216.546 61.2275 3.26764 3.0448 378.666 431.65
