# evlo=209.319305 evla=68.965599
194.627 64.5646 3.24588 2.80366 81.705 808.754
217.908 60.4896 3.2538 2.89563 64.0779 1027.53
217.654 61.036 3.2398 2.89484 67.2674 965.56
217.507 60.403 3.24453 2.86564 27.0492 1029.42
218.338 61.0595 3.24481 2.88565 53.7063 976.349
220.363 59.9534 3.25045 2.8737 93.4024 1132.68
216.3 60.3932 3.23287 2.76276 47.4837 1010.61
225.144 58.5792 3.29262 2.91578 55.4366 1387.25
215.395 60.9677 3.25111 2.81314 74.2344 935.645
209.013 64.0997 3.21199 2.77817 135.97 542.789
209.094 59.7511 3.20493 2.77292 71.6508 1027.3
209.259 59.7417 3.21656 2.81157 59.5939 1028.3
210.701 64.1732 3.20479 2.73837 134.598 537.898
208.846 60.7683 3.20086 2.74769 86.0262 914.18
207.916 63.4188 3.2284 2.73892 153.948 621.706
212.195 64.6453 3.20197 2.68464 125.538 497.97
204.378 55.8218 3.25885 2.83484 45.6027 1485.83
200.411 54.831 3.2671 2.81377 51.4066 1639.3
207.685 63.8827 3.22282 2.76748 136.943 571.437
208.763 59.5251 3.2001 2.73231 151.089 1052.76
209.796 67.2269 3.09563 2.50951 169.284 194.942
216.907 60.7523 3.31578 3.16912 28.6424 982.137
218.66 60.9649 3.39236 2.93851 79.9933 992.634
209.738 62.4058 3.22067 2.79985 126.104 731.679
217.513 60.0823 3.23146 2.81146 25.5879 1063.45
213.401 60.7277 3.2499 2.83476 74.4886 938.123
215.271 60.5805 3.23548 2.79973 48.0282 975.68
218.244 60.7315 3.23687 2.87844 44.3654 1008.57
213.052 64.4091 3.20764 2.7238 115.963 533.976
217.659 60.6024 3.25807 2.90164 59.3236 1011.13
217.639 60.9231 3.24121 2.8879 85.7158 977.108
218.995 60.824 3.39059 2.89102 100.183 1014.07
216.976 61.3836 3.22987 2.84913 67.5956 916.735
211.063 63.7318 3.21079 2.75613 156.56 588.77
218.049 60.1785 3.24831 2.87066 52.9725 1062.81
216.031 60.2361 3.23763 2.79437 52.8832 1023.44
217.533 61.1871 3.23836 2.88613 65.36 947.506
218.652 60.2994 3.38053 2.9555 47.6498 1061.53
211.14 63.4056 3.2153 2.74985 150.226 625.33
219.217 60.1294 3.22059 2.86332 81.8389 1090.43
218.856 60.4399 3.23082 2.89382 40.3964 1050.93
212.138 64.8736 3.19067 2.68503 138.661 472.602
198.929 70.2043 2.91806 2.11365 53.4718 426.975
203.383 71.3221 3.04213 2.37638 217.276 345.823
205.026 71.0033 3.02697 2.34738 137.439 280.217
234.753 71.9871 2.86705 2.31454 31.702 998.025
198.198 69.3641 2.91129 2.15954 88.2546 443.226
205.387 69.6211 2.89249 1.97038 122.008 171.546
206.58 70.34 2.97823 2.18623 178.942 186.547
200.413 69.1049 2.92444 2.25026 61.9371 355.814
205.217 69.1565 2.93622 2.1179 107.201 165.038
215.088 69.9175 3.02415 2.30496 111.681 249.723
216.289 69.626 3.09179 2.44899 73.1663 284.61
235.93 69.3475 3.13329 2.66874 62.0382 1049.63
196.917 67.6988 3.04896 2.54071 64.5976 529.378
203.387 68.7132 2.99219 2.44933 107.526 240.647
213.625 69.322 3.05923 2.46639 192.673 175.659
219.035 69.243 3.1776 2.76503 112.093 387.717
221.263 69.3286 3.11874 2.662 27.9922 475.646
198.174 67.082 3.12866 2.70795 44.4336 509.897
199.397 67.4213 3.11386 2.65618 50.0586 445.448
202.768 67.4572 3.12922 2.62803 49.646 319.135
203.811 68.2575 3.06231 2.49475 87.7115 237.657
214.432 68.1207 3.05197 2.54654 217.378 228.993
218.405 68.1861 3.14063 2.68944 181.124 380.192
220.465 68.6043 3.13962 2.68729 183.811 451.469
222.103 68.3889 3.16077 2.72971 135.106 521.973
223.281 66.3701 3.18069 2.71346 103.023 657.234
195.352 65.7077 3.20043 2.758 33.6524 699.804
198.75 66.442 3.18761 2.78088 58.5814 527.768
200.349 66.6001 3.20053 2.79901 76.6032 460.835
202.227 66.8332 3.18012 2.74049 95.2801 380.802
204.275 67.0486 3.15182 2.76057 106.841 300.15
206.517 67.2221 3.11483 2.65753 286.773 226.754
207.821 67.5076 3.09021 2.61677 272.494 174.037
212.113 67.5187 3.04839 2.58749 232.694 198.481
214.357 67.5933 3.07242 2.4238 80.6998 258.237
215.855 67.6946 3.07684 2.57754 160.394 304.227
220.128 67.6136 3.1662 2.68692 115.087 470.44
224.214 67.6106 3.17429 2.71754 91.5852 631.718
226.258 67.441 3.1906 2.74164 120.576 719.939
195.961 64.9941 3.2419 2.79744 53.1536 729.75
197.645 65.3936 3.23851 2.81569 42.2863 641.833
199.349 65.5011 3.23049 2.7984 66.1885 577.421
201.346 65.895 3.2011 2.77505 102.359 483.032
202.913 66.1434 3.19219 2.79999 51.2963 416.282
206.494 66.5156 3.15528 2.77462 217.651 298.156
208.493 66.9214 3.11514 2.68741 230.688 230.612
209.976 66.7108 3.12149 2.67123 233.499 252.998
212.525 66.7004 3.12536 2.67295 244.388 286.373
213.899 66.7653 3.10823 2.67649 186.69 311.812
216.215 66.9498 3.08147 2.56237 148.892 365.75
218.345 66.8088 3.12159 2.64448 116.218 448.511
221.978 66.9116 3.17374 2.68172 97.9657 576.771
223.778 66.9808 3.18607 2.72476 77.7354 642.76
225.729 66.9227 3.195 2.76932 42.5352 722.11
197.761 64.6379 3.25357 2.83708 63.2092 698.854
200.087 64.937 3.22346 2.77615 82.1747 602.646
201.637 65.1527 3.21694 2.85218 60.2132 540.09
203.551 65.5276 3.20645 2.78467 148.546 456.807
205.119 65.4924 3.20149 2.8073 172.538 427.528
207.195 65.6571 3.19277 2.76616 202.697 380.097
208.623 65.8937 3.18224 2.70926 194.775 343.894
210.457 65.8251 3.18573 2.80527 174.265 353.62
212.122 65.8371 3.19559 2.71254 151.319 368.955
214.18 66.267 3.13359 2.67629 65.1709 364.861
214.181 66.267 3.12825 2.70547 93.3241 364.885
218.473 66.2305 3.14 2.69677 151.478 493.893
221.631 66.2191 3.1725 2.73367 58.6674 605.365
225.657 65.8052 3.21327 2.72527 54.4136 781.692
214.843 62.3987 3.245 2.79105 95.2387 774.26
213.052 64.4091 3.20764 2.7238 115.963 533.976
199.305 63.8864 3.24081 2.81225 107.999 719.78
205.522 64.7962 3.21903 2.82069 135.633 493.644
208.018 65.18 3.2071 2.77308 171.631 425.933
210.64 65.1479 3.18807 2.7668 141.966 429.593
216.846 65.3064 3.17852 2.73171 190.264 521.865
218.385 65.6035 3.14263 2.61893 39.1786 540.61
220.064 65.4483 3.17274 2.74403 92.6146 606.693
223.623 65.2225 3.19607 2.75363 64.0544 745.93
196.446 62.7492 3.25273 2.81177 87.1791 905.173
199.398 63.2842 3.25348 2.89134 75.2744 774.079
200.922 63.3965 3.26009 2.8399 79.8607 725.873
203.285 63.465 3.25406 2.85871 105.575 670.113
204.379 63.994 3.24759 2.84521 119.313 596.047
205.853 64.1767 3.23019 2.8268 148.419 555.538
214.63 64.613 3.21932 2.79575 158.459 538.258
216.436 64.5012 3.2024 2.76063 141.982 587.704
221.784 64.453 3.17218 2.74478 76.1714 743.15
221.784 64.4525 3.16911 2.73756 63.0045 743.173
223.67 64.5753 3.20156 2.74506 72.8722 796.126
195.344 61.9331 3.26072 2.8086 61.048 1012.49
198.469 62.2938 3.26403 2.89482 80.5729 893.397
201.699 62.7161 3.26455 2.84246 92.4292 777.66
205.93 63.3569 3.2493 2.81507 138.579 643.603
214.222 63.8036 3.22159 2.78547 66.572 615.501
217.924 64.0292 3.20994 2.7837 162.51 669.337
222.48 63.8433 3.18682 2.76318 80.9323 816.689
198.513 61.678 3.27037 2.88456 77.228 952.922
200.525 61.7105 3.27886 2.83617 111.704 904.679
201.703 62.1344 3.26875 2.86312 93.7144 837.594
203.311 62.2195 3.25621 2.85487 93.0886 800.722
205.146 62.1816 3.2472 2.80024 120.217 780.126
206.12 62.4787 3.24704 2.81174 128.645 737.81
216.652 63.0254 3.2517 2.85083 129.559 740.203
218.173 63.0618 3.2273 2.80037 155.233 769.555
193.799 60.3849 3.27434 2.84312 56.0092 1202.84
198.04 60.7515 3.28279 2.88071 89.5218 1056.82
199.312 60.6947 3.29536 2.86362 90.7399 1034.33
201.041 61.0224 3.27738 2.85786 41.4544 965.941
202.562 61.4009 3.25817 2.84446 112.941 899.604
204.176 61.4907 3.26131 2.82051 99.6219 866.708
205.609 61.9037 3.2555 2.82406 93.7854 805.637
206.868 61.8823 3.24432 2.79488 154.012 797.77
209.88 61.7531 3.23455 2.81092 125.611 804.586
212.274 61.7929 3.24893 2.81032 63.4879 811.219
213.825 62.1067 3.23511 2.82522 100.836 792.103
217.004 62.4013 3.25158 2.83991 36.1665 811.292
218.122 62.3579 3.24416 2.82364 151.796 838.876
221.538 62.4435 3.26369 2.85865 104.456 915.123
223.206 62.5763 3.35368 2.9943 24.0358 950.803
225.609 62.2024 3.23164 2.82965 67.0105 1058.47
198.315 59.9237 3.29764 2.87756 74.3988 1134.88
199.908 60.1686 3.29163 2.85812 102.947 1076.7
201.231 60.4742 3.2639 2.88495 41.6268 1020.16
202.813 60.5269 3.2701 2.84753 117.754 989.2
204.11 60.6801 3.27113 2.82538 98.137 955.453
205.516 60.8132 3.25616 2.82922 100.789 926.151
207.791 61.2001 3.23283 2.81078 98.3128 868.707
215.402 61.6061 3.26237 2.81543 84.0351 867.265
222.911 61.4593 3.27234 2.87106 81.633 1046.33
224.22 61.4862 3.24776 2.61664 23.0029 1081.02
226.918 61.1512 3.23729 2.84158 58.0813 1193.8
198.736 59.2533 3.30527 2.87529 83.4492 1195.38
200.175 59.1767 3.26629 2.80917 51.3898 1176
201.907 59.5938 3.27885 2.86206 130.502 1102.87
202.905 59.7733 3.27487 2.83798 115.03 1069.15
204.792 59.8542 3.26888 2.82777 108.652 1038.25
205.68 60.1952 3.26835 2.8446 112.901 992.762
207.376 60.0815 3.26031 2.88367 96.458 994.695
210.276 60.4814 3.25044 2.86301 106.022 946.948
219.809 60.7718 3.23888 2.83718 145.675 1036.87
221.424 60.3024 3.24592 2.86043 116.778 1121.48
223.909 60.7704 3.28458 2.89721 50.3992 1139.82
202.009 59.0314 3.27965 2.84639 133.777 1161.82
203.561 59.1953 3.29044 2.90663 59.2315 1123.63
204.771 59.3922 3.28283 2.84867 104.358 1089.17
206.768 59.6524 3.26204 2.86182 108.079 1045.33
212.597 59.9979 3.25349 2.84013 45.5817 1011.74
222.262 59.6304 3.25521 2.87136 85.7716 1209.19
223.04 60.1218 3.26376 2.87189 119.366 1179.63
226.285 59.5898 3.22639 2.76156 23.7098 1320.25
227.183 60.2114 3.3604 3.00061 35.4824 1288.22
212.566 65.1171 3.18311 2.6864 122.976 451.733
203.344 58.6774 3.28371 2.87435 47.724 1182.65
204.113 58.2637 3.30137 2.87226 80.9619 1219.5
204.991 58.6484 3.29679 2.88913 57.7017 1168.97
206.355 58.9287 3.26888 2.85379 107.18 1127.93
207.606 58.6097 3.24568 2.91207 41.8468 1157.37
213.66 59.4296 3.21172 2.73099 73.7371 1083.11
227.731 58.9601 3.35428 3.03206 44.6323 1422.74
202.426 57.5673 3.27662 2.84567 49.5882 1314.82
203.613 57.6397 3.29666 2.8974 40.1814 1293.11
205.548 57.5665 3.27248 2.85669 60.9103 1284.02
224.26 58.4133 3.2778 2.91134 121.885 1380.95
225.482 58.2747 3.29599 2.92522 44.7306 1426.43
229.033 59.3946 3.25481 2.85859 58.6152 1421.33
197.939 55.703 3.28896 2.84263 61.7436 1585.28
200.447 56.2848 3.26182 2.78317 66.9611 1481.26
223.768 57.9616 3.27671 2.90456 105.825 1414.44
225.424 57.4688 3.29794 2.923 67.2556 1505.55
228.869 57.9128 3.28313 2.89726 25.0835 1556.98
227.048 56.8144 3.31004 2.90465 30.6066 1613.78
229.75 56.9811 3.27784 2.92356 27.9805 1673.36
212.138 64.8735 3.18923 2.6784 108.466 472.611
226.879 56.1146 3.3191 2.92734 38.2195 1679.78
228.385 55.3279 3.31267 2.92712 38.0648 1799.01
218.842 64.7774 3.21713 2.77841 91.4052 625.156
227.653 56.4191 3.50029 2.92728 37.2853 1669.64
209.931 62.7622 2.80653 2.09184 74.4871 692.263
211.063 63.7323 3.21051 2.7559 156.56 588.719
211.14 63.4057 3.21527 2.74982 150.226 625.324
218.547 60.1369 3.56971 3.08893 48.0256 1076.48
210.84 64.6544 3.18997 2.73812 107.313 485.369
210.867 64.709 3.19117 2.74933 119.526 479.496
210.853 64.7716 3.19267 2.75282 117.328 472.49
210.847 64.8338 3.19239 2.75624 89.3615 465.575
210.819 64.8857 3.19286 2.75804 126.579 459.662
210.44 64.87 3.18798 2.77455 163.517 459.35
210.174 64.8537 3.19551 2.7842 170.902 460.074
210.069 64.7653 3.20045 2.79642 176.338 469.56
210.917 64.5498 3.1931 2.73515 132.865 497.402
210.782 64.5716 3.1953 2.73676 137.986 494.191
210.554 64.5756 3.20065 2.77691 147.486 492.55
210.901 64.613 3.18765 2.73033 161.878 490.316
211.172 64.6917 3.18877 2.70951 89.7738 483.464
217.908 60.4896 3.2538 2.89563 64.0779 1027.53
217.507 60.403 3.24453 2.86564 27.0492 1029.42
218.338 61.0595 3.24482 2.88565 53.7063 976.351
216.296 60.3923 3.23301 2.76288 47.4837 1010.65
215.271 60.5805 3.23548 2.79973 48.0282 975.68
218.244 60.7315 3.23687 2.87844 44.3654 1008.57
217.659 60.602 3.25818 2.90174 59.3236 1011.16
217.639 60.9231 3.2412 2.88789 85.7158 977.105
218.995 60.8241 3.39056 2.89099 100.183 1014.06
216.976 61.3836 3.22987 2.84913 67.5956 916.735
218.049 60.1785 3.24831 2.87066 52.9725 1062.81
216.031 60.2361 3.23763 2.79437 52.8832 1023.44
217.533 61.187 3.23841 2.88617 65.36 947.52
218.652 60.2994 3.38053 2.9555 47.6498 1061.53
219.217 60.1294 3.22059 2.86332 81.8389 1090.43
218.856 60.4399 3.23082 2.89382 40.3964 1050.93
209.518 60.7352 3.21704 2.77946 48.5462 917.647
209.518 60.7351 3.21708 2.77949 48.5462 917.658
