# evlo=206.516998 evla=67.222099
194.627 64.5646 3.3279 2.93222 128.547 616.433
217.908 60.4896 3.26811 2.92152 174.397 933.524
217.654 61.036 3.26303 2.90178 252.745 874.711
217.507 60.403 3.25701 2.9208 84.6865 930.339
218.338 61.0595 3.25849 2.89006 310.155 893.209
220.363 59.9534 3.25638 2.89581 196.215 1057.8
216.3 60.3932 3.26824 2.86009 115.277 898.688
216.716 60.1205 3.23779 2.7907 75.5756 936.339
215.395 60.9677 3.26962 2.85822 155.329 818.965
209.013 64.0997 3.26947 2.87381 192.656 366.527
209.094 59.7511 3.21925 2.76561 209.952 842.437
209.259 59.7417 3.22285 2.76065 176.955 844.741
210.701 64.1732 3.27405 2.81741 246.647 390.345
208.846 60.7683 3.23076 2.77393 107.94 728.292
207.916 63.4188 3.24929 2.85079 213.795 429.01
212.195 64.6453 3.23546 2.85644 347.343 386.18
204.378 55.8218 3.29238 2.85629 29.0067 1275.3
200.411 54.831 3.29436 2.84862 58.3143 1417.98
207.685 63.8827 3.26662 2.88794 198.312 376.216
208.763 59.5251 3.22984 2.79487 173.951 865.138
216.907 60.7523 3.28132 2.94616 70.8835 880.107
218.66 60.9649 3.25761 2.9033 226.097 911.816
209.738 62.4058 3.27114 2.88334 149.507 558.15
217.513 60.0823 3.24389 2.83354 74.5241 961.424
212.624 63.0753 3.27667 2.87351 224.082 543.366
214.225 61.1292 3.50171 2.91733 69.7295 774.488
215.93 63.6482 3.29562 2.86617 159.102 590.182
213.401 60.7277 3.28599 2.92529 83.3934 797.526
215.271 60.5805 3.25366 2.8631 89.8653 854.304
216.679 60.2805 3.26002 2.845 89.452 919.667
218.244 60.7315 3.26554 2.9123 207.805 920.668
213.052 64.4091 3.25443 2.82801 329.777 432.817
217.659 60.6024 3.26749 2.92356 167.244 915.65
216.749 60.4427 3.26722 2.89379 93.1802 905.695
217.639 60.9231 3.26543 2.91215 311.274 884.836
218.995 60.824 3.25732 2.89361 225.643 935.118
216.976 61.3836 3.25829 2.88548 346.295 822.343
211.063 63.7318 3.27865 2.78138 221.788 442.242
218.049 60.1785 3.26001 2.89551 126.156 967.184
216.031 60.2361 3.26115 2.79385 86.2223 907.368
217.533 61.1871 3.2606 2.89673 271.927 857.067
218.652 60.2994 3.26245 2.90801 114.701 973.269
211.14 63.4056 3.27127 2.72455 129.439 476.698
219.217 60.1294 3.2589 2.88094 226.48 1006.13
216.221 60.072 3.25257 2.74899 64.8219 928.451
218.856 60.4399 3.26509 2.92161 255.001 966.228
216.546 61.2275 3.27046 2.92918 189.712 824.651
212.138 64.8736 3.22749 2.84571 315.724 365.091
203.383 71.3221 3.07271 2.4889 153.482 473.684
205.026 71.0033 3.09757 2.55103 92.2456 425.918
198.198 69.3641 3.01399 2.47289 192.166 417.87
202.84 70.0079 3.05008 2.39044 144.297 344.769
205.387 69.6211 3.10656 2.63131 193.504 271.567
206.58 70.34 3.07502 2.44815 99.6753 347.798
194.656 68.2746 3.1665 2.86067 98.5932 514.092
196.822 68.4753 3.13581 2.75021 105.293 430.82
198.806 68.6483 3.15692 2.7055 132.256 360.072
200.413 69.1049 3.05818 2.63708 212.19 328.928
205.217 69.1565 3.0925 2.54355 144.522 222.387
209.387 69.836 3.02804 2.45994 149.469 314.191
211.299 69.72 3.06041 2.49769 218.923 340.401
216.289 69.626 3.22036 2.99128 49.4982 481.687
235.93 69.3475 3.24142 2.83917 98.1371 1225.2
196.917 67.6988 3.1856 2.83132 119.973 413.819
201.885 68.4946 3.12143 2.73514 237.238 241.005
203.387 68.7132 3.14066 2.73987 275.215 211.712
207.318 68.8799 3.15172 2.73865 301.853 187.897
209.319 68.9656 3.11483 2.65753 286.773 226.754
211.177 69.1532 3.10302 2.60632 204.114 289.257
219.035 69.243 3.18768 2.90515 63.4244 563.864
221.263 69.3286 3.16687 2.86075 78.0245 651.114
198.174 67.082 3.23211 2.85992 150.394 361.72
199.397 67.4213 3.2298 2.90187 197.615 307.086
202.768 67.4572 3.21532 2.82149 170.233 163.321
203.811 68.2575 3.12443 2.71356 238.925 162.537
210.384 68.0584 3.48435 4.70123 37.4785 188.812
211.513 68.0748 3.26842 3.1394 134.494 232.373
214.432 68.1207 3.21807 2.96045 156.293 350.067
218.405 68.1861 3.21682 2.88443 126.688 513.998
220.465 68.6043 3.23572 2.96595 61.5739 604.006
222.103 68.3889 3.23129 2.89063 123.929 668.145
223.281 66.3701 3.28349 2.87928 38.2003 741.134
193.671 65.4742 3.31113 2.89897 74.7446 606.11
195.352 65.7077 3.30907 2.91592 97.7743 524.724
198.75 66.442 3.29109 2.92761 152.302 351.8
200.349 66.6001 3.29081 2.93244 189.33 278.684
202.227 66.8332 3.23788 2.94045 153.697 191.832
212.113 67.5187 3.2077 2.946 293.859 242.554
214.357 67.5933 3.2151 2.87001 316.53 338.55
215.855 67.6946 3.21356 2.85645 297.115 402.685
220.128 67.6136 3.25071 2.83348 178.712 583.961
224.214 67.6106 3.25262 2.82671 96.4749 757.348
226.258 67.441 3.25449 2.82033 145.276 846.122
195.961 64.9941 3.34093 2.94641 57.8592 537.104
197.645 65.3936 3.34427 2.98835 129.361 446.605
199.349 65.5011 3.34375 2.98574 110.717 373.554
201.346 65.895 3.3351 2.93061 123.455 273.07
202.913 66.1434 3.34238 3.01837 102.824 199.529
209.976 66.7108 3.38839 3.01577 304.006 161.469
212.525 66.7004 3.32348 2.98166 189.949 268.724
213.899 66.7653 3.29563 2.93632 93.1133 325.875
216.215 66.9498 3.30202 2.95427 91.6301 422.2
218.345 66.8088 3.28073 2.92887 73.8456 516.876
221.978 66.9116 3.26815 2.89628 94.7207 671.689
223.778 66.9808 3.26 2.8317 172.569 747.869
225.729 66.9227 3.27077 2.84529 113.684 832.872
197.761 64.6379 3.33059 2.92624 34.9692 491.19
200.087 64.937 3.28233 2.87452 115.857 386.479
201.637 65.1527 3.3117 2.98064 114.945 318.625
203.551 65.5276 3.29635 2.87302 180.84 230.851
205.119 65.4924 3.28834 2.95901 218.392 202.768
207.195 65.6571 3.25258 2.8327 239.382 177.119
208.623 65.8937 3.23898 2.86451 387.475 175.163
210.457 65.8251 3.23548 2.84859 322.744 234.376
212.122 65.8371 3.30197 2.85696 265.943 293.023
214.18 66.267 3.30095 2.93379 41.4839 353.904
214.181 66.267 3.30053 2.87868 59.511 353.947
218.473 66.2305 3.29518 2.8684 37.7202 537.965
214.843 62.3987 3.27897 2.90074 256.439 666.401
213.052 64.4091 3.25443 2.82801 329.777 432.817
199.305 63.8864 3.3059 2.85874 87.4449 498.723
205.522 64.7962 3.30637 2.94261 191.697 274.243
208.018 65.18 3.29692 2.84996 112.18 237.522
210.64 65.1479 3.23992 2.88597 365.263 296.574
216.846 65.3064 3.29208 2.92644 105.446 510.123
220.064 65.4483 3.29073 2.89303 52.8546 636.938
221.694 65.3609 3.29545 2.90669 63.6054 710.062
223.623 65.2225 3.29766 2.92382 45.2289 798.659
196.446 62.7492 3.30541 2.86553 98.893 687.377
199.398 63.2842 3.32338 2.98704 88.6981 550.149
200.922 63.3965 3.31733 2.90269 116.779 499.566
203.285 63.465 3.32718 2.95504 164.782 444.987
204.379 63.994 3.31817 2.92875 197.852 373.139
205.853 64.1767 3.29068 2.8952 143.724 340.932
214.63 64.613 3.29914 2.88496 232.526 469.739
216.436 64.5012 3.32626 2.96216 149.792 544.114
221.784 64.453 3.29584 2.89847 66.5056 760.328
221.784 64.4525 3.29559 2.91176 46.1182 760.332
223.67 64.5753 3.30187 2.89751 47.4261 832.427
195.344 61.9331 3.30464 2.86349 68.5095 794.145
198.469 62.2938 3.32092 2.97557 101.37 668.688
201.699 62.7161 3.3242 2.90737 167.541 551.142
205.93 63.3569 3.29337 2.85518 169.471 431.822
214.222 63.8036 3.2598 2.80084 302.032 521.177
217.924 64.0292 3.33704 2.98221 83.6259 633.283
222.48 63.8433 3.29619 2.91747 43.3586 825.387
197.317 61.3416 3.33212 2.95673 57.4746 790.931
198.513 61.678 3.32383 2.93228 126.778 727.094
200.525 61.7105 3.33159 2.9149 181.714 678.009
201.703 62.1344 3.33276 2.96571 96.8605 611.582
203.311 62.2195 3.30627 2.90274 115.319 578.092
205.146 62.1816 3.3039 2.86118 174.524 565.712
206.12 62.4787 3.3013 2.89177 129.53 529.174
216.652 63.0254 3.28959 2.83327 200.222 665.912
218.173 63.0618 3.30637 2.91903 168.585 715.178
193.799 60.3849 3.30973 2.87471 60.0021 982.901
196.65 60.4135 3.32714 2.92517 63.5763 898.888
198.04 60.7515 3.32751 2.92328 123.567 830.526
199.312 60.6947 3.34206 2.91761 108.29 807.58
201.041 61.0224 3.32751 2.92684 88.3118 740.165
202.562 61.4009 3.30228 2.89414 123.789 676.242
204.176 61.4907 3.30201 2.87603 107.379 648.765
205.609 61.9037 3.3094 2.89376 143.155 594.505
206.868 61.8823 3.28639 2.93085 96.5628 595.545
209.88 61.7531 3.26481 2.86304 89.9092 630.547
212.274 61.7929 3.2837 2.88385 77.8136 664.816
217.004 62.4013 3.27779 2.87065 291.278 731.007
218.122 62.3579 3.28173 2.87541 165.399 771.383
221.538 62.4435 3.31209 2.88099 76.5624 886.328
223.206 62.5763 3.33333 2.96188 83.1703 940.34
198.315 59.9237 3.33389 2.88883 83.6821 908.135
199.908 60.1686 3.338 2.92549 140.592 850.409
201.231 60.4742 3.29931 2.83772 59.4304 795.215
202.813 60.5269 3.30828 2.87011 123.63 767.887
204.11 60.6801 3.31481 2.90038 140.846 738.615
205.516 60.8132 3.30876 2.85042 127.823 716.094
207.791 61.2001 3.26625 2.87938 232.97 674.141
215.402 61.6061 3.28092 2.89941 241.641 757.009
222.911 61.4593 3.32119 2.92952 68.5727 1014.8
224.22 61.4862 3.32087 2.94315 66.284 1061.67
226.918 61.1512 3.43239 3.29245 54.7525 1191.74
198.736 59.2533 3.34564 2.92926 88.2776 968.788
200.175 59.1767 3.31132 2.87297 31.85 950.701
201.907 59.5938 3.31841 2.90526 129.304 880.361
202.905 59.7733 3.3074 2.87513 158.947 849.214
204.792 59.8542 3.31901 2.89119 103.649 825.683
205.68 60.1952 3.31784 2.92429 108.139 784.376
207.376 60.0815 3.29762 2.94628 49.6923 797.087
210.276 60.4814 3.26945 2.92058 75.4288 773.48
219.809 60.7718 3.26125 2.91034 146.244 965.698
221.424 60.3024 3.27936 2.93226 178.868 1060.63
223.909 60.7704 3.3259 2.93994 63.0084 1107.63
190.452 56.6011 3.30087 2.8315 27.4489 1444.49
202.009 59.0314 3.3145 2.90072 134.749 940.249
203.561 59.1953 3.33685 2.9502 92.2499 906.72
204.771 59.3922 3.33236 2.9181 109.026 877.056
212.597 59.9979 3.28415 2.89694 66.1798 858.958
222.262 59.6304 3.28265 2.93634 132.499 1148.63
223.04 60.1218 3.32482 2.95048 78.5035 1131.58
226.285 59.5898 3.33574 2.95898 69.7574 1293.49
227.183 60.2114 3.33986 2.95925 54.0753 1275.83
212.566 65.1171 3.24847 2.80714 317.391 359.652
203.344 58.6774 3.32317 2.89372 73.5125 965.594
204.113 58.2637 3.34137 2.94669 99.401 1005.81
204.991 58.6484 3.34206 2.91328 59.849 958.682
206.355 58.9287 3.301 2.93226 84.5431 924.432
207.606 58.6097 3.27664 2.90057 40.7686 961.486
213.66 59.4296 3.24008 2.74159 72.0155 938.023
227.731 58.9601 3.32907 2.96628 78.9755 1400.33
202.426 57.5673 3.30925 2.87346 103.645 1096.05
203.613 57.6397 3.33313 2.94217 65.8745 1078.16
224.26 58.4133 3.3106 2.94479 64.8834 1325.65
225.482 58.2747 3.31986 2.9794 52.996 1379.77
229.033 59.3946 3.34537 2.97343 37.723 1413.22
197.939 55.703 3.32395 2.88104 55.7336 1359.67
200.447 56.2848 3.28059 2.79344 90.2935 1258.87
223.768 57.9616 3.299 2.94067 125.796 1351.08
225.424 57.4688 3.3121 2.96769 54.5037 1451.37
228.869 57.9128 3.33169 2.9658 74.6486 1532.72
227.048 56.8144 3.2601 2.79222 24.9369 1566.75
229.75 56.9811 3.33239 2.95641 60.5208 1647.23
212.138 64.8735 3.22598 2.84641 223.358 365.093
210.428 68.6408 3.17887 2.80001 218.29 227.835
226.879 56.1146 3.34015 2.96727 75.9684 1626.25
229.974 55.9154 3.32942 2.96752 20.3093 1751.57
228.385 55.3279 3.348 2.99826 35.5136 1750.87
227.653 56.4191 3.32691 2.98359 17.6356 1624.03
209.931 62.7622 2.28482 1.91652 83.362 522.498
211.063 63.7323 3.27837 2.78115 221.788 442.205
211.14 63.4057 3.27124 2.72453 129.439 476.694
218.547 60.1369 3.56336 3.30277 89.8431 985.507
210.867 64.709 3.26011 2.83667 323.559 342.829
210.853 64.7716 3.25679 2.87258 336.794 336.648
210.847 64.8338 3.25162 2.84051 264.59 330.737
210.819 64.8857 3.25143 2.85096 312.142 325.209
210.44 64.87 3.26333 2.87088 288.67 316.739
210.174 64.8537 3.26538 2.82906 226.969 311.721
210.069 64.7653 3.26764 2.79481 214.403 317.814
210.917 64.5498 3.25879 2.80359 272.962 359.061
210.782 64.5716 3.26016 2.79148 229.974 353.599
210.554 64.5756 3.25608 2.80187 209.961 347.632
210.901 64.613 3.25889 2.80866 267.678 352.689
211.172 64.6917 3.24879 2.84885 267.911 352.562
217.908 60.4896 3.26811 2.92152 174.397 933.524
217.507 60.403 3.25701 2.9208 84.6865 930.339
218.338 61.0595 3.2585 2.89007 310.155 893.212
216.296 60.3923 3.26824 2.86009 115.277 898.689
216.716 60.1205 3.23779 2.7907 75.5756 936.339
215.271 60.5805 3.25366 2.8631 89.8653 854.304
216.679 60.2805 3.26002 2.845 89.452 919.667
218.244 60.7315 3.26554 2.9123 207.805 920.668
217.659 60.602 3.26758 2.92364 167.244 915.674
216.749 60.4427 3.26722 2.89379 93.1802 905.695
217.639 60.9231 3.26541 2.91213 311.274 884.831
218.995 60.8241 3.25729 2.89358 225.643 935.109
216.976 61.3836 3.25829 2.88548 346.295 822.343
218.049 60.1785 3.26001 2.89551 126.156 967.184
216.031 60.2361 3.26115 2.79385 86.2223 907.368
217.533 61.187 3.26066 2.89678 271.927 857.082
218.652 60.2994 3.26245 2.90801 114.701 973.269
219.217 60.1294 3.2589 2.88094 226.48 1006.13
216.221 60.072 3.25257 2.74899 64.8219 928.451
218.856 60.4399 3.26509 2.92161 255.001 966.228
216.546 61.2275 3.27046 2.92918 189.712 824.651
209.518 60.7352 3.23325 2.78588 112.372 737.698
209.518 60.7351 3.23332 2.78594 112.372 737.713
