# evlo=218.345093 evla=66.8088
194.627 64.5646 3.31164 2.84087 95.888 1111.1
217.908 60.4896 3.25663 2.94491 77.0233 704.736
217.654 61.036 3.24948 2.96824 44.1566 644.409
217.507 60.403 3.26083 2.9511 63.3555 715.251
218.338 61.0595 3.27492 2.92197 72.3582 640.907
220.363 59.9534 3.2886 3.00471 105.408 770.683
216.3 60.3932 3.25491 2.8761 112.961 722.22
225.144 58.5792 3.30787 2.94948 149.888 979.715
216.716 60.1205 3.22002 2.80503 50.6421 749.881
215.395 60.9677 3.28023 2.95981 39.4896 666.885
209.013 64.0997 3.30997 2.84337 241.872 526.928
209.094 59.7511 3.31593 3.04927 39.6003 911.359
209.259 59.7417 3.32457 3.03874 54.3452 908.194
210.701 64.1732 3.31752 2.89213 287.649 459.533
208.846 60.7683 3.25928 2.82743 101.658 818.291
207.916 63.4188 3.32632 2.88935 201.558 617.487
212.195 64.6453 3.30602 2.89824 226.624 371
200.411 54.831 3.31229 2.91361 25.8293 1640.36
207.685 63.8827 3.30523 2.81024 224.067 592.83
209.796 67.2269 3.2712 2.84799 126.562 375.229
216.907 60.7523 3.27718 2.93112 47.978 678.804
218.66 60.9649 3.28485 2.96387 88.2788 651.63
209.738 62.4058 3.31171 2.96684 116.358 639.735
217.513 60.0823 3.24366 2.91028 73.7204 750.921
212.624 63.0753 3.2724 2.84221 193.446 495.977
214.225 61.1292 3.28633 2.94831 109.526 664.177
215.93 63.6482 3.30813 2.8824 129.707 369.983
214.25 60.5487 3.25309 2.92604 98.3508 726.278
213.401 60.7277 3.28532 2.9645 115.285 719.886
209.784 61.1426 3.30681 2.96146 84.0193 756.686
214.766 66.5657 3.27918 2.82929 329.14 160.416
215.271 60.5805 3.26167 2.90558 51.4602 710.523
216.679 60.2805 3.24152 2.83948 35.4112 732.341
218.244 60.7315 3.26134 2.97437 43.2575 677.474
213.052 64.4091 3.33078 2.9238 167.522 361.892
217.659 60.6024 3.26074 2.95291 76.7275 692.66
216.749 60.4427 3.26085 2.87447 51.7228 713.974
217.639 60.9231 3.24913 2.95934 70.1247 657.012
218.995 60.824 3.28173 2.96099 104.899 667.907
216.976 61.3836 3.27193 2.89386 109.033 608.428
211.063 63.7318 3.3014 2.85601 219.517 482.496
218.049 60.1785 3.25216 2.9214 65.1221 739.215
216.031 60.2361 3.24885 2.85468 78.4936 741.521
217.533 61.1871 3.26369 2.95592 63.8617 627.935
218.652 60.2994 3.27581 2.9189 51.1616 725.759
211.14 63.4056 3.29914 2.90812 147.899 507.898
219.217 60.1294 3.26485 2.90152 71.8418 745.791
216.221 60.072 3.2266 2.74678 49.2929 758.271
218.856 60.4399 3.28534 2.91147 77.7975 710.392
216.546 61.2275 3.2522 2.85713 80.6033 628.312
212.138 64.8736 3.30377 2.91946 318.527 356.069
198.929 70.2043 3.05221 2.47525 96.0177 874.82
203.383 71.3221 3.26675 2.82648 44.4731 777.185
205.026 71.0033 3.11273 2.60039 42.7045 708.177
198.198 69.3641 3.05792 2.38305 26.6981 881.677
202.84 70.0079 3.05325 2.43211 73.8595 727.213
205.387 69.6211 3.06289 2.42518 73.5248 620.034
206.58 70.34 3.11648 2.64225 25.3607 618.995
194.656 68.2746 3.17795 2.76655 49.2006 1016.83
196.822 68.4753 3.17927 2.781 60.8451 927.61
205.217 69.1565 3.20792 3.05556 47.5923 607.061
209.387 69.836 3.13138 2.60294 67.1836 499.596
211.299 69.72 3.21622 2.8802 60.6614 435.711
215.088 69.9175 3.20482 2.80633 260.322 371.644
216.289 69.626 3.209 2.85673 277.723 325.526
235.93 69.3475 3.35749 2.91602 209.423 782.33
201.885 68.4946 3.1995 2.81223 46.2807 721.139
203.387 68.7132 3.21259 2.89002 45.4556 664.782
207.318 68.8799 3.14113 2.65728 81.8543 517.579
209.319 68.9656 3.12159 2.64448 116.218 448.511
211.177 69.1532 3.14087 2.67897 149.298 397.559
213.625 69.322 3.19973 2.83944 241.556 342.323
219.035 69.243 3.36339 2.99451 100.281 273.022
221.263 69.3286 3.27238 2.89977 134.25 306.18
198.174 67.082 3.26806 2.86504 79.4622 878.498
199.397 67.4213 3.25726 2.88098 61.6182 822.183
202.768 67.4572 3.25852 2.92676 131.128 677.776
203.811 68.2575 3.22052 2.85438 39.6436 639.079
210.384 68.0584 3.2042 2.76282 88.0628 368.122
214.432 68.1207 3.39361 3.68598 104.202 222.276
218.405 68.1861 3.37681 3.01944 354.272 153.629
220.465 68.6043 3.31963 2.95923 229.952 219.431
222.103 68.3889 3.31281 2.92429 181.94 237.868
223.281 66.3701 3.28343 2.75035 194.068 224.259
193.671 65.4742 3.32312 2.88738 47.0252 1116.45
195.352 65.7077 3.32106 2.89904 33.0525 1034.67
198.75 66.442 3.3033 2.88897 48.5245 865.253
200.349 66.6001 3.30305 2.87543 27.0189 792.102
202.227 66.8332 3.28985 2.83848 44.9119 706.257
204.275 67.0486 3.26799 2.82893 64.2719 614.801
206.517 67.2221 3.28073 2.92887 73.8456 516.876
207.821 67.5076 3.26719 2.89983 139.6 462.099
212.113 67.5187 3.26196 2.87668 148.347 281.247
214.357 67.5933 3.25543 2.94259 199.707 193.391
224.214 67.6106 3.25196 2.83922 267.837 268.95
226.258 67.441 3.27742 2.79824 265.699 350.294
195.961 64.9941 3.3197 2.88029 47.9252 1034.14
197.645 65.3936 3.31847 2.86829 60.5375 944.77
199.349 65.5011 3.30807 2.84803 71.3323 866.067
201.346 65.895 3.3231 2.86433 70.4965 765.524
202.913 66.1434 3.31196 2.85328 69.0242 689.793
206.494 66.5156 3.30506 2.83129 98.2392 524.321
208.493 66.9214 3.2899 2.78007 84.3678 431.871
209.976 66.7108 3.30487 2.79294 162.49 368.537
212.525 66.7004 3.30265 2.78059 193.131 256.637
213.899 66.7653 3.30775 2.78089 240.191 195.665
221.978 66.9116 3.31588 2.97926 159.132 159.753
223.778 66.9808 3.27513 2.80957 194.515 238.719
225.729 66.9227 3.30041 2.88828 163.441 323.928
197.761 64.6379 3.3181 2.85653 99.8895 970.293
200.087 64.937 3.31231 2.83633 105.194 855.434
201.637 65.1527 3.32016 2.84364 130.47 778.753
203.551 65.5276 3.31296 2.84726 138.666 680.695
205.119 65.4924 3.30764 2.81913 122.731 613.472
207.195 65.6571 3.30162 2.7951 192.724 517.046
208.623 65.8937 3.2932 2.7832 204.841 446.66
210.457 65.8251 3.2841 2.76632 241.767 370.041
212.122 65.8371 3.26516 2.75808 325.51 299.129
214.18 66.267 3.27951 2.80972 154.439 194.677
214.181 66.267 3.27635 2.83691 201.99 194.635
221.631 66.2191 3.34362 2.9796 135.024 160.276
225.657 65.8052 3.29483 2.81758 82.0331 346.341
214.843 62.3987 3.30625 2.95063 81.9847 519.263
213.052 64.4091 3.33078 2.9238 167.522 361.892
199.305 63.8864 3.31655 2.85239 108.553 939.984
205.522 64.7962 3.30197 2.79819 129.402 626.795
208.018 65.18 3.3008 2.80954 220.771 502.217
210.64 65.1479 3.28893 2.80092 256.727 395.75
216.846 65.3064 3.23586 2.88445 248.258 180.761
220.064 65.4483 3.24758 2.92972 222.349 170.423
221.694 65.3609 3.33012 2.82645 101.625 221.371
223.623 65.2225 3.3334 3.02829 106.192 297.589
196.446 62.7492 3.31183 2.8444 94.6823 1128.05
199.398 63.2842 3.32232 2.87117 103.798 970.018
200.922 63.3965 3.31708 2.85969 84.4777 898.855
203.285 63.465 3.30942 2.84579 140.236 796.33
204.379 63.994 3.30942 2.85671 145.572 718.782
205.853 64.1767 3.29926 2.81831 231.118 647.076
214.63 64.613 3.28392 2.88973 154.352 298.291
216.436 64.5012 3.26051 2.93977 209.464 271.85
221.784 64.453 3.2877 2.96995 207.971 306.642
221.784 64.4525 3.29019 2.99974 110.484 306.677
223.67 64.5753 3.2848 2.91301 98.1348 348.898
195.344 61.9331 3.31489 2.85416 104.191 1226.74
198.469 62.2938 3.31608 2.86375 126.362 1071.52
201.699 62.7161 3.31633 2.86139 143.445 910.182
205.93 63.3569 3.31063 2.83851 223.004 697.423
214.222 63.8036 3.27631 2.8706 153.021 386.146
217.924 64.0292 3.25759 2.7655 93.7851 310.536
222.48 63.8433 3.26527 2.87562 173.235 382.509
197.317 61.3416 3.32341 2.86232 136.401 1184.93
198.513 61.678 3.32004 2.86301 129.168 1111.98
200.525 61.7105 3.31979 2.86459 150.764 1028.39
201.703 62.1344 3.31988 2.8611 156.929 950.694
203.311 62.2195 3.30745 2.82847 115.024 881.353
205.146 62.1816 3.32129 2.88251 146.536 814.891
206.12 62.4787 3.32282 2.91308 162.969 755.754
216.652 63.0254 3.30231 2.96655 153.318 429.315
218.173 63.0618 3.28249 2.88856 118.171 417.838
221.871 63.109 3.26893 2.89477 256.643 444.699
193.799 60.3849 3.32586 2.86745 109.646 1399.52
196.65 60.4135 3.32311 2.87635 85.6833 1280.54
198.04 60.7515 3.32522 2.87698 137.107 1199.08
199.312 60.6947 3.31703 2.85109 146.554 1153.13
201.041 61.0224 3.30637 2.8312 146.298 1060.51
202.562 61.4009 3.31256 2.82724 97.3249 972.798
204.176 61.4907 3.32556 2.9316 78.5182 905.753
205.609 61.9037 3.31981 2.90833 152.037 820.418
206.868 61.8823 3.29425 2.87284 173.843 778.316
209.88 61.7531 3.3146 2.94103 95.7748 695.739
212.274 61.7929 3.30681 2.99344 118.919 631.041
213.825 62.1067 3.29733 2.96797 135.694 567.21
217.004 62.4013 3.27058 2.8825 122.529 495.524
218.122 62.3579 3.31462 2.94231 102.182 496.327
221.538 62.4435 3.27488 2.87356 206.552 509.905
223.206 62.5763 3.29247 2.90864 193.599 525.446
225.609 62.2024 3.28722 2.90273 79.1561 620.061
198.315 59.9237 3.31798 2.85646 119.473 1252.91
199.908 60.1686 3.30908 2.85269 111.265 1172
201.231 60.4742 3.31399 2.85997 117.598 1097.27
202.813 60.5269 3.32003 2.85705 70.0704 1034.88
204.11 60.6801 3.31752 2.89916 134.375 975.948
205.516 60.8132 3.29736 2.93401 160.291 916.441
207.791 61.2001 3.29707 2.90187 94.5663 808.72
215.402 61.6061 3.27943 2.9782 52.0302 597.189
222.911 61.4593 3.27973 2.92286 243.065 636.061
224.22 61.4862 3.29543 2.8933 163.281 658.017
226.918 61.1512 3.30057 2.94694 61.0959 756.165
198.736 59.2533 3.30906 2.85364 103.326 1291.85
200.175 59.1767 3.32515 2.85522 64.235 1245.17
201.907 59.5938 3.32537 2.92022 83.6924 1147.09
202.905 59.7733 3.32317 2.94084 106.286 1096.53
204.792 59.8542 3.30354 2.92805 167.714 1026.13
205.68 60.1952 3.30131 2.94491 131.857 966.56
207.376 60.0815 3.23462 2.77838 40.5553 925.582
210.276 60.4814 3.32152 2.99976 129.481 809.314
219.809 60.7718 3.27349 2.95333 102.755 676.778
221.424 60.3024 3.31045 2.95454 124.756 741.017
223.909 60.7704 3.2959 2.93456 190.358 726.196
190.452 56.6011 3.31106 2.81615 66.3364 1836.69
202.009 59.0314 3.32262 2.9565 105.213 1193.12
203.561 59.1953 3.31539 2.91497 145.343 1126.27
204.771 59.3922 3.31391 2.95563 143.585 1069.22
212.597 59.9979 3.28475 2.93695 94.9316 810.906
222.262 59.6304 3.49812 2.96324 126.935 823.624
223.04 60.1218 3.28421 2.93108 231.482 780.755
226.285 59.5898 3.32814 2.97804 98.1933 896.804
227.183 60.2114 3.32123 3.0029 79.8601 855.164
212.566 65.1171 3.29011 2.90399 276.928 323.256
203.344 58.6774 3.3239 2.94103 221.332 1180.92
204.113 58.2637 3.32844 3.00954 43.7509 1195.61
204.991 58.6484 3.26191 2.75658 48.2307 1132.39
206.355 58.9287 3.24582 2.71769 26.2253 1065.59
207.606 58.6097 3.30694 3.05217 36.0944 1063.07
213.66 59.4296 3.20771 2.72548 78.3005 855.225
227.731 58.9601 3.32729 2.99828 86.7995 994.2
202.426 57.5673 3.32181 2.95701 88.9218 1314.16
203.613 57.6397 3.32753 2.99415 32.0818 1270.46
205.548 57.5665 3.27459 2.85484 21.0568 1221.6
224.26 58.4133 3.30831 2.9661 199.714 982.714
225.482 58.2747 3.31328 2.93988 128.415 1018.05
229.033 59.3946 3.30656 2.94187 101.36 984.066
197.939 55.703 3.28747 2.77835 44.8192 1637.12
200.447 56.2848 3.29124 2.84837 75.4414 1498.98
223.768 57.9616 3.31322 2.96392 130.793 1024.22
225.424 57.4688 3.32343 2.96117 144.318 1102.78
228.869 57.9128 3.3266 2.96558 35.5093 1127.88
227.048 56.8144 3.3393 2.96267 111.333 1201.91
229.75 56.9811 3.31029 2.9415 43.7942 1244.2
212.138 64.8735 3.30336 2.91781 218.126 356.083
210.428 68.6408 3.17961 2.76295 93.7997 392.014
226.879 56.1146 3.34594 2.98236 162.041 1272.87
229.974 55.9154 3.329 2.9878 31.4942 1358.87
228.385 55.3279 3.33884 2.96287 83.5929 1385.35
227.653 56.4191 3.33317 2.95095 66.4888 1255.58
209.931 62.7622 2.74745 2.47916 115.287 602.027
211.063 63.7323 3.30101 2.85567 219.517 482.438
211.14 63.4057 3.2991 2.90808 147.899 507.892
218.547 60.1369 3.4143 3.04157 51.4572 743.773
217.908 60.4896 3.25663 2.94491 77.0233 704.736
217.507 60.403 3.26083 2.9511 63.3555 715.251
218.338 61.0595 3.27492 2.92197 72.3582 640.907
216.296 60.3923 3.25546 2.87658 112.961 722.343
216.716 60.1205 3.22002 2.80503 50.6421 749.881
215.271 60.5805 3.26167 2.90558 51.4602 710.523
216.679 60.2805 3.24152 2.83948 35.4112 732.341
218.244 60.7315 3.26134 2.97437 43.2575 677.474
217.659 60.602 3.26096 2.9531 76.7275 692.706
216.749 60.4427 3.26085 2.87447 51.7228 713.974
217.639 60.9231 3.24913 2.95934 70.1247 657.013
218.995 60.8241 3.28167 2.96094 104.899 667.896
216.976 61.3836 3.27193 2.89386 109.033 608.428
218.049 60.1785 3.25216 2.9214 65.1221 739.215
216.031 60.2361 3.24885 2.85468 78.4936 741.521
217.533 61.187 3.26374 2.95597 63.8617 627.945
218.652 60.2994 3.27581 2.9189 51.1616 725.759
219.217 60.1294 3.26485 2.90152 71.8418 745.791
216.221 60.072 3.2266 2.74678 49.2929 758.271
218.856 60.4399 3.28534 2.91147 77.7975 710.392
216.546 61.2275 3.2522 2.85713 80.6033 628.312
209.518 60.7352 3.32038 3.05238 54.0427 803.327
209.518 60.7351 3.32037 3.05238 54.0427 803.326
