# evlo=214.221603 evla=63.8036
194.627 64.5646 3.28247 2.82588 75.2721 952.418
217.908 60.4896 3.27457 3.02871 155.544 416.224
217.654 61.036 3.24765 3.04578 270.654 355.698
217.507 60.403 3.25707 3.02218 108.6 415.88
218.338 61.0595 3.221 3.0255 356.174 372.325
220.363 59.9534 3.2255 2.94262 182.168 536.621
216.3 60.3932 3.27809 2.81292 71.345 395.218
225.144 58.5792 3.31131 2.96805 73.3434 824.97
215.395 60.9677 3.31567 2.98596 89.6998 321.827
209.013 64.0997 3.29343 2.74779 257.205 257.372
209.094 59.7511 3.35843 3.11852 23.626 526.14
209.259 59.7417 3.36296 3.1436 65.0864 522.668
210.701 64.1732 3.24069 2.75043 240.589 177.177
208.846 60.7683 3.25883 2.77967 204.535 438.212
207.916 63.4188 3.28366 2.89 167.608 315.637
200.411 54.831 3.15663 2.75842 19.4744 1266.25
207.685 63.8827 3.31704 2.88783 142.653 321.629
208.763 59.5251 3.30418 3.08639 50.9119 557.197
209.796 67.2269 3.29264 2.86346 175.454 432.899
216.907 60.7523 3.28902 2.96912 74.5319 367.469
218.66 60.9649 3.22499 3.00761 196.693 390.733
209.738 62.4058 3.3012 2.96063 330.651 274.74
217.513 60.0823 3.24068 2.93509 111.062 449.127
214.225 61.1292 3.26991 2.92992 164.321 298.07
214.25 60.5487 3.24034 2.8988 160.414 362.756
196.582 54.8564 3.28307 2.85009 59.1223 1405.8
213.401 60.7277 3.2793 3.00237 157.324 345.438
209.784 61.1426 3.3418 3.06171 122.389 374.476
214.766 66.5657 3.30289 2.83763 91.4243 309.011
188.296 63.7758 3.26141 2.66528 50.6028 1269.3
203.121 64.7461 3.2845 2.77076 133.646 547.254
211.074 61.771 3.38018 3.07748 232.418 277.663
216.188 61.4417 3.31172 3.10792 243.083 281.893
212.904 60.8792 3.30363 3.0737 201.376 332.98
218.244 60.7315 3.24957 3.05436 184.416 400.923
213.497 60.396 3.255 2.9553 134.166 381.644
215.738 60.3351 3.27341 2.94976 68.0362 394.566
217.659 60.6024 3.27574 3.05732 141.337 398.994
225.615 58.2758 3.32223 2.88564 54.873 868.546
216.749 60.4427 3.26643 2.88709 49.8168 397.031
217.639 60.9231 3.26089 3.05493 270.82 366.457
218.995 60.824 3.22755 2.97473 223.213 413.963
216.976 61.3836 3.23934 3.03949 292.31 304.525
211.063 63.7318 3.3078 2.94264 147.714 156.042
218.049 60.1785 3.26371 2.95538 172.915 450.891
216.031 60.2361 3.263 2.88441 80.1309 408.672
217.533 61.1871 3.24473 3.06402 294.815 337.794
218.652 60.2994 3.25676 3.04768 97.0177 453.885
211.14 63.4056 3.31167 3.02258 291.915 159.213
219.217 60.1294 3.23992 2.96559 194.061 485.828
216.221 60.072 3.29117 3.0341 55.6605 428.858
218.856 60.4399 3.24734 3.0103 223.3 445.871
216.546 61.2275 3.29828 3.08066 238.245 311.021
212.138 64.8736 3.27588 2.78077 285.355 156.091
198.929 70.2043 3.14766 2.66727 88.2341 971.59
203.383 71.3221 3.32315 2.58196 62.7129 954.041
205.026 71.0033 3.17597 2.58724 55.9386 892.358
198.198 69.3641 3.15908 2.6628 193.825 938.258
202.84 70.0079 3.17687 2.67523 98.3815 849.809
206.58 70.34 3.16694 2.58691 79.8304 799.714
194.656 68.2746 3.2731 2.77357 42.7506 1011.19
198.806 68.6483 3.22856 2.78853 134.969 875.222
200.413 69.1049 3.19228 2.74766 140.808 850.08
205.217 69.1565 3.22767 2.81728 167.77 717.635
211.299 69.72 3.25357 2.78446 124.413 672.032
215.088 69.9175 3.22842 2.79524 117.814 682.858
216.289 69.626 3.24031 2.81155 100.215 655.579
235.93 69.3475 3.35331 2.905 178.263 1135.24
196.917 67.6988 3.2827 2.78232 28.6387 900.155
201.885 68.4946 3.22585 2.79263 142.151 761.511
203.387 68.7132 3.23274 2.81357 151.238 730.671
207.318 68.8799 3.24448 2.77797 96.1415 644.155
209.319 68.9656 3.22159 2.78547 66.572 615.501
211.177 69.1532 3.24415 2.83831 105.561 611.597
213.625 69.322 3.24089 2.8215 120.14 615.947
219.035 69.243 3.2803 2.84035 99.9289 642.768
221.263 69.3286 3.27428 2.8815 134.96 689.89
198.174 67.082 3.2925 2.78303 33.3784 826.196
199.397 67.4213 3.29686 2.7697 51.0682 790.589
202.768 67.4572 3.28951 2.84667 134.901 664.849
203.811 68.2575 3.23429 2.80415 171.599 683.527
206.028 68.4414 3.25482 2.89645 107.647 634.915
208.187 68.1343 3.26784 2.82881 184.684 554.818
210.384 68.0584 3.27049 2.83759 93.764 505.357
211.513 68.0748 3.28015 2.94541 154.008 491.841
214.432 68.1207 3.23418 2.79536 125.743 481.479
218.405 68.1861 3.3007 2.8875 225.982 524.025
220.465 68.6043 3.29313 2.89745 142.184 604.013
222.103 68.3889 3.31336 2.95876 76.6967 622.297
223.281 66.3701 3.30862 2.90273 243.067 512.43
193.671 65.4742 3.29042 2.80319 111.247 995.321
195.352 65.7077 3.28785 2.78754 124.004 919.246
198.75 66.442 3.29973 2.85998 64.5544 781.257
202.227 66.8332 3.321 2.80455 70.066 651.649
204.275 67.0486 3.28841 2.8198 144.338 585.498
206.517 67.2221 3.2598 2.80084 302.032 521.177
207.821 67.5076 3.26512 2.89537 180.375 506.728
212.113 67.5187 3.30208 2.9176 149.145 425.389
214.357 67.5933 3.27892 2.83086 69.7493 422.607
215.855 67.6946 3.29518 2.84798 151.542 440.234
220.128 67.6136 3.29638 2.97071 119.199 503.56
224.214 67.6106 3.28323 2.88121 148.218 623.785
226.258 67.441 3.31771 2.89275 181.646 685.202
195.961 64.9941 3.28223 2.79598 111.237 887.469
197.645 65.3936 3.28203 2.79552 116.267 810.704
199.349 65.5011 3.27577 2.79237 127.09 733.575
201.346 65.895 3.28983 2.80838 118.299 652.377
202.913 66.1434 3.29792 2.75406 70.5148 593.198
206.494 66.5156 3.29715 2.8219 247.768 471.39
208.493 66.9214 3.27294 2.85716 216.085 437.724
209.976 66.7108 3.28709 2.83101 281.754 379.83
212.525 66.7004 3.31798 2.82493 127.058 332.544
213.899 66.7653 3.31216 2.81504 135.225 330.562
216.215 66.9498 3.30092 2.84475 213.824 362.796
218.345 66.8088 3.27631 2.8706 153.021 386.146
221.978 66.9116 3.29983 2.89051 115.594 499.755
223.778 66.9808 3.3084 2.90096 245.873 567.168
225.729 66.9227 3.31291 2.87046 198.217 637.045
197.761 64.6379 3.27989 2.80551 75.2602 802.168
200.087 64.937 3.27555 2.80147 101.751 692.505
201.637 65.1527 3.27624 2.76895 136.295 622.51
203.551 65.5276 3.27911 2.78722 137.199 543.908
205.119 65.4924 3.28472 2.74371 151.377 473.496
207.195 65.6571 3.32064 2.74792 163.242 393.129
208.623 65.8937 3.28717 2.78967 244.288 353.125
210.457 65.8251 3.26816 2.8236 265.155 287.611
212.122 65.8371 3.34634 2.86414 264.908 247.643
214.18 66.267 3.31932 2.86186 64.0643 274.659
214.181 66.267 3.30815 2.85001 130.828 274.658
218.473 66.2305 3.3248 2.98822 216.897 336.591
221.631 66.2191 3.30404 2.94564 178.784 440.681
225.657 65.8052 3.33643 2.93833 189.73 586.411
214.843 62.3987 3.4155 3.01086 186.068 159.708
199.305 63.8864 3.3068 2.87046 67.5856 732.322
205.522 64.7962 3.27115 2.71785 116.997 435.04
208.018 65.18 3.28036 2.61352 172.409 335.183
210.64 65.1479 3.29807 2.74713 278.676 228.287
216.846 65.3064 3.3737 3.07489 360.6 209.511
218.385 65.6035 3.34179 2.98043 231.813 282.2
220.064 65.4483 3.31155 2.94734 290.429 334.073
221.694 65.3609 3.32737 2.91799 238.42 397.546
223.623 65.2225 3.36169 2.98217 147.501 477.948
196.446 62.7492 3.28358 2.86769 50.4753 896.928
199.398 63.2842 3.30987 2.88372 62.5521 737.743
200.922 63.3965 3.30477 2.86178 80.9856 660.397
203.285 63.465 3.27798 2.82143 61.4549 542.792
204.379 63.994 3.29214 2.84086 132.997 483.36
205.853 64.1767 3.29089 2.82251 183.051 411.423
221.784 64.453 3.345 2.96528 155.281 375.161
221.784 64.4525 3.34305 2.96521 120.05 375.125
223.67 64.5753 3.33781 2.94935 80.6129 466.702
195.344 61.9331 3.29059 2.85676 39.4868 979.334
198.469 62.2938 3.29859 2.86406 56.8892 812.228
201.699 62.7161 3.29931 2.92219 117.178 639.405
205.93 63.3569 3.28827 2.82935 152.669 414.498
217.924 64.0292 3.37213 2.93388 179.082 183.42
222.48 63.8433 3.34687 3.01647 195.889 406.381
197.317 61.3416 3.32038 2.92517 94.9659 908.244
198.513 61.678 3.30766 2.90479 115.505 834.81
200.525 61.7105 3.2909 2.84423 56.8982 735.949
201.703 62.1344 3.28452 2.8706 115.438 660.496
203.311 62.2195 3.2964 2.93639 119.327 579.311
205.146 62.1816 3.28841 2.97114 159.292 493.734
206.12 62.4787 3.29417 2.97197 173.41 434.047
216.652 63.0254 3.30177 2.87458 306.658 149.204
218.173 63.0618 3.26596 2.676 106.066 213.82
221.871 63.109 3.40823 3.19608 141.14 389.079
193.799 60.3849 3.32216 2.93241 44.202 1126.9
196.65 60.4135 3.28735 2.85938 106.575 988.145
198.04 60.7515 3.28668 2.86274 93.4154 903.29
199.312 60.6947 3.29166 2.89851 115.086 846.217
201.041 61.0224 3.28828 2.91424 148.886 746.685
202.562 61.4009 3.27776 2.90512 129.359 654.743
204.176 61.4907 3.29278 2.98189 146.458 575.232
205.609 61.9037 3.28354 2.96412 194.225 486.556
206.868 61.8823 3.2913 2.96243 293.749 431.14
209.88 61.7531 3.36982 3.09998 258.031 318.272
212.274 61.7929 3.36213 3.06294 133.788 245.129
213.825 62.1067 3.26756 2.98915 209.271 190.205
217.004 62.4013 3.25699 2.97567 354.957 210.121
218.122 62.3579 3.30514 2.97802 330.96 254.512
221.538 62.4435 3.3358 2.95844 122.465 398.785
223.206 62.5763 3.34648 2.93273 98.7476 472.104
225.609 62.2024 3.35301 2.99564 57.8442 603.019
198.315 59.9237 3.29273 2.91776 131.597 938.781
199.908 60.1686 3.28677 2.89919 146.056 850.101
201.231 60.4742 3.29374 2.93595 133.142 770.551
202.813 60.5269 3.30536 2.96721 179.044 696.265
204.11 60.6801 3.30457 2.98655 202.216 629.346
205.516 60.8132 3.29986 2.97311 245.369 560.444
207.791 61.2001 3.31617 3.02109 204.382 440.113
215.402 61.6061 3.3627 2.81842 122.995 252.255
222.911 61.4593 3.32562 2.96209 130.693 516.182
224.22 61.4862 3.3261 2.93914 125.707 573.345
226.918 61.1512 3.34914 2.96775 90.2765 716.877
198.736 59.2533 3.30363 2.96541 89.9683 963.736
200.175 59.1767 3.31483 2.97282 240.71 905.645
201.907 59.5938 3.31361 2.96178 244.074 800.807
202.905 59.7733 3.3232 2.99899 281.965 745.405
204.792 59.8542 3.32007 2.99424 168.787 662.597
205.68 60.1952 3.31191 2.99694 140.432 600.82
207.376 60.0815 3.23555 2.6914 107.318 548.241
210.276 60.4814 3.34715 3.04564 105.641 423.415
219.809 60.7718 3.23683 2.98414 168.489 444.974
221.424 60.3024 3.27233 2.98361 207.945 541.795
223.909 60.7704 3.33126 2.9633 94.2698 604.942
190.452 56.6011 3.30185 2.8896 65.71 1529.67
202.009 59.0314 3.33121 2.99612 224.701 839.073
203.561 59.1953 3.33056 3.00413 136.711 763.813
204.771 59.3922 3.3729 3.25271 73.2424 701.107
206.768 59.6524 3.23696 2.67294 103.267 606.899
212.597 59.9979 3.28589 2.94203 85.1241 432.6
222.262 59.6304 3.28046 2.99999 226.785 629.238
223.04 60.1218 3.36915 3.09763 83.3146 617.428
226.285 59.5898 3.34857 2.98577 76.3176 790.446
227.183 60.2114 3.34908 2.97828 86.3616 786.116
212.566 65.1171 3.31627 2.82812 234.956 166.684
203.344 58.6774 3.29064 2.92988 113.292 814.967
204.113 58.2637 3.29841 2.88034 73.0219 822.471
204.991 58.6484 3.27675 2.79969 75.0134 757.405
207.606 58.6097 3.18121 2.62766 77.831 678.523
213.66 59.4296 3.18546 2.61548 112.802 488.339
227.731 58.9601 3.33431 2.98 67.2848 898.63
202.426 57.5673 3.28885 2.88932 58.5456 944.907
203.613 57.6397 3.27795 2.87394 44.2026 896.013
224.26 58.4133 3.32498 3.0199 102.913 806.764
225.482 58.2747 3.33499 3.03578 66.3229 863.617
229.033 59.3946 3.35445 3.01098 69.2966 923.856
197.939 55.703 3.29185 2.88373 76.9173 1278.42
200.447 56.2848 3.26261 2.81209 68.4687 1131.52
223.768 57.9616 3.30382 3.00019 151.552 830.396
225.424 57.4688 3.33222 3.06253 80.8948 932.256
228.869 57.9128 3.34218 2.99069 45.2277 1027.61
227.048 56.8144 3.31713 3.40853 17.7672 1049.35
229.75 56.9811 3.32104 3.00208 35.5755 1139.59
212.138 64.8735 3.27997 2.77213 252.241 156.089
210.428 68.6408 3.24987 2.85871 103.362 565.523
226.879 56.1146 3.36501 3.04016 105.389 1106.74
229.974 55.9154 3.33434 3.01073 28.316 1239.22
228.385 55.3279 3.3716 3.05575 50.3949 1232.41
227.653 56.4191 3.35428 3.04136 45.0105 1106.86
209.931 62.7622 2.32151 2.1255 157.318 244.546
211.063 63.7323 3.30718 2.94208 147.714 156.012
211.14 63.4057 3.31158 3.0225 291.915 159.208
217.908 60.4896 3.27457 3.02871 155.544 416.224
217.507 60.403 3.25707 3.02218 108.6 415.88
218.338 61.0595 3.22103 3.02552 356.174 372.328
216.296 60.3923 3.27849 2.81326 71.3451 395.266
218.244 60.7315 3.24957 3.05436 184.416 400.923
217.659 60.602 3.27598 3.05755 141.337 399.023
216.749 60.4427 3.26643 2.88709 49.8168 397.031
217.639 60.9231 3.26085 3.05489 270.82 366.452
218.995 60.8241 3.22748 2.97467 223.213 413.954
216.976 61.3836 3.23934 3.03949 292.31 304.525
218.049 60.1785 3.26371 2.95538 172.915 450.891
216.031 60.2361 3.263 2.88441 80.1309 408.672
217.533 61.187 3.24487 3.06415 294.815 337.808
218.652 60.2994 3.25676 3.04768 97.0177 453.885
219.217 60.1294 3.23992 2.96559 194.061 485.828
216.221 60.072 3.29117 3.0341 55.6605 428.858
218.856 60.4399 3.24734 3.0103 223.3 445.871
216.546 61.2275 3.29828 3.08066 238.245 311.021
209.518 60.7352 3.35972 3.2702 83.6151 420.037
209.518 60.7351 3.3597 3.27018 83.6151 420.034
