# evlo=193.798904 evla=60.384899
194.627 64.5646 3.2285 2.64114 132.499 467.783
217.654 61.036 3.27754 2.70754 24.8838 1297.24
217.507 60.403 3.22057 2.77167 51.6101 1300.08
218.338 61.0595 3.30191 2.75883 37.6351 1333.55
220.363 59.9534 3.14674 2.51545 41.4036 1465.49
216.3 60.3932 3.21936 2.77442 49.4502 1234.73
225.144 58.5792 3.24117 2.68009 19.7609 1770.57
216.716 60.1205 3.17981 2.63043 76.3831 1262.94
215.395 60.9677 3.25825 2.89595 53.5878 1176.79
209.013 64.0997 3.34289 2.91799 85.4463 889.588
209.094 59.7511 3.2686 2.8374 166.351 852.682
209.259 59.7417 3.26987 2.83996 168.904 861.978
210.701 64.1732 3.3568 2.97131 40.871 969.852
208.846 60.7683 3.27688 2.85879 59.9438 824.271
207.916 63.4188 3.35584 2.94464 32.4211 813.226
212.195 64.6453 3.34987 2.88185 48.8717 1054.68
204.378 55.8218 3.22078 2.71039 52.4145 802.968
200.411 54.831 3.28648 2.7465 56.497 733.237
207.685 63.8827 3.34209 2.90899 86.7607 820.247
208.763 59.5251 3.27691 2.84286 141.109 839.734
209.796 67.2269 3.32203 2.89794 85.2322 1090.8
216.907 60.7523 3.25216 2.87133 44.2725 1261.37
209.738 62.4058 3.29962 2.87626 50.3998 878.408
217.513 60.0823 3.191 2.72489 31.1301 1307.23
212.624 63.0753 3.30795 2.93629 35.625 1034.98
214.225 61.1292 3.261 2.85545 94.411 1112.16
214.25 60.5487 3.24272 2.81862 93.2959 1120.67
213.401 60.7277 3.25888 2.84737 68.2665 1072.08
209.784 61.1426 3.25966 2.81414 49.299 873.178
214.766 66.5657 3.33085 2.86962 83.007 1242.37
188.296 63.7758 3.27404 2.77613 83.3746 474.523
203.121 64.7461 3.32489 2.88213 54.2975 681.412
211.074 61.771 3.27704 2.81723 89.1623 942.211
216.188 61.4417 3.30765 2.98028 30.9161 1214.33
212.904 60.8792 3.25942 2.8592 88.6752 1043.41
215.271 60.5805 3.22396 2.78278 76.4718 1175.59
213.052 64.4091 3.3191 2.83758 28.7094 1086.43
213.497 60.396 3.25027 2.80385 91.52 1082.1
215.738 60.3351 3.21402 2.7392 80.1076 1205.27
208.348 59.6572 3.2718 2.83797 182.325 813.708
215.581 59.9268 3.21033 2.60394 82.6709 1205.29
216.749 60.4427 3.22151 2.78025 38.7938 1258.2
217.639 60.9231 3.29114 2.95566 61.0655 1298.13
211.542 61.4131 3.26982 2.90659 61.4235 966.787
197.4 66.8951 3.2539 2.6892 39.1253 747.013
209.077 63.5527 3.31136 2.88964 41.2431 872.891
218.995 60.824 3.29063 2.81406 43.4505 1372.6
211.063 63.7318 3.32511 2.91838 45.1044 973.027
218.049 60.1785 3.21148 2.78977 62.8014 1334.28
216.031 60.2361 3.20427 2.68622 78.5536 1223.17
218.652 60.2994 3.23107 2.78732 23.9931 1364.35
211.14 63.4056 3.32336 2.93327 69.4733 968.229
216.221 60.072 3.19414 2.62444 63.2082 1237
207.417 57.7828 3.24522 2.82727 125.764 830.984
212.138 64.8736 3.34452 2.8762 123.14 1060.4
198.929 70.2043 3.1631 2.59748 86.4576 1119.7
198.198 69.3641 3.18826 2.62562 95.5753 1021.92
202.84 70.0079 3.19775 2.6728 26.3962 1150.53
194.656 68.2746 3.22603 2.64147 91.449 880.509
196.822 68.4753 3.23136 2.70476 85.4347 913.353
198.806 68.6483 3.22953 2.69961 106.458 951.337
209.387 69.836 3.23762 2.74539 70.8105 1275.08
211.299 69.72 3.23662 2.7506 55.1255 1317.4
216.289 69.626 3.28141 2.87312 41.6695 1462.51
235.93 69.3475 3.33202 2.88916 48.1283 2173.93
196.917 67.6988 3.24478 2.69903 61.9826 829.179
201.885 68.4946 3.26838 2.84948 41.76 982.475
207.318 68.8799 3.28221 2.82332 68.188 1141.21
209.319 68.9656 3.27434 2.84312 56.0092 1202.84
211.177 69.1532 3.26184 2.81784 61.7913 1271.12
213.625 69.322 3.28181 2.86137 27.669 1357.88
219.035 69.243 3.28246 2.88885 30.5806 1533.65
198.174 67.082 3.26833 2.73294 63.1 776.724
199.397 67.4213 3.29027 2.80781 64.6876 830.353
202.768 67.4572 3.298 2.85729 43.2463 900.9
203.811 68.2575 3.27514 2.78177 35.699 999.583
206.028 68.4414 3.29027 2.86083 56.1651 1070.09
208.187 68.1343 3.30023 2.87352 68.4867 1104.74
210.384 68.0584 3.30547 2.91506 62.2845 1167.42
211.513 68.0748 3.31026 2.88744 45.9224 1205.74
214.432 68.1207 3.31737 2.88315 44.0221 1309.53
218.405 68.1861 3.33422 2.90649 35.4288 1458.93
220.465 68.6043 3.32418 2.84238 20.6896 1555.23
222.103 68.3889 3.33832 2.92124 29.28 1608.92
223.281 66.3701 3.33843 2.90746 50.0232 1598.75
193.671 65.4742 3.25425 2.65284 117.532 567.29
195.352 65.7077 3.24798 2.68811 136.271 598.422
198.75 66.442 3.29632 2.79828 73.5062 718.507
202.227 66.8332 3.29703 2.76486 45.0584 829.963
204.275 67.0486 3.31463 2.86349 110.008 902.92
206.517 67.2221 3.30973 2.87471 60.0021 982.901
207.821 67.5076 3.30804 2.87839 49.1671 1045.41
212.113 67.5187 3.32746 2.88532 50.1602 1191.07
215.855 67.6946 3.33617 2.89274 43.4787 1338.82
220.128 67.6136 3.32806 2.85895 70.1225 1502
224.214 67.6106 3.31958 2.8613 96.1589 1668.14
226.258 67.441 3.32344 2.8561 93.8965 1749.2
195.961 64.9941 3.25251 2.67649 101.991 525.447
197.645 65.3936 3.28144 2.77489 81.1603 591.29
199.349 65.5011 3.30631 2.87164 73.6043 635.509
201.346 65.895 3.307 2.81313 77.0211 721.444
202.913 66.1434 3.31498 2.84752 110.77 786.663
206.494 66.5156 3.31376 2.87558 81.6875 928.376
208.493 66.9214 3.31533 2.87224 63.729 1025.09
209.976 66.7108 3.34065 2.89663 60.8578 1064.03
212.525 66.7004 3.33708 2.88056 67.4347 1159.8
213.899 66.7653 3.33586 2.87682 54.4253 1216.97
216.215 66.9498 3.33032 2.85911 92.0657 1317.96
218.345 66.8088 3.32586 2.86745 109.646 1399.52
221.978 66.9116 3.33119 2.88773 67.7902 1555.46
223.778 66.9808 3.32994 2.87482 73.6695 1633.84
225.729 66.9227 3.33435 2.88957 49.5391 1716.28
197.761 64.6379 3.2967 2.80448 76.7297 515.856
200.087 64.937 3.30928 2.8518 98.2683 600.473
201.637 65.1527 3.3114 2.87016 109.331 664.302
203.551 65.5276 3.32047 2.87258 46.1929 755.614
205.119 65.4924 3.33528 2.89415 63.6034 806.804
207.195 65.6571 3.34964 2.88734 71.4566 894.27
208.623 65.8937 3.3454 2.88126 68.6335 963.314
210.457 65.8251 3.34166 2.90833 79.1074 1031.71
212.122 65.8371 3.33946 2.91408 105.933 1100.41
214.181 66.267 3.33 2.86724 50.6678 1205.16
218.473 66.2305 3.3394 2.90083 87.4683 1385.39
221.631 66.2191 3.33892 2.91108 46.3386 1522.85
225.657 65.8052 3.32525 2.85535 24.4494 1696.23
214.843 62.3987 3.30628 2.92398 52.3847 1141.36
213.052 64.4091 3.3191 2.83758 28.7094 1086.43
199.305 63.8864 3.31075 2.81615 108.579 484.179
205.522 64.7962 3.33872 2.90047 71.2719 775.473
208.018 65.18 3.3391 2.91703 88.955 898.107
210.64 65.1479 3.34025 2.88543 93.0237 1006.13
216.846 65.3064 3.3622 2.90272 39.9349 1286.11
218.385 65.6035 3.35381 2.88884 42.6986 1363.38
220.064 65.4483 3.36629 3.02813 24.3464 1435.63
221.694 65.3609 3.32363 2.83434 21.5354 1508.62
223.623 65.2225 3.33797 2.88968 44.5244 1596.05
196.446 62.7492 3.3084 2.82179 93.6627 298.616
199.398 63.2842 3.33719 2.86635 94.1983 437.191
200.922 63.3965 3.33405 2.91086 109.212 502.442
203.285 63.465 3.33378 2.89259 105.629 604.115
204.379 63.994 3.34783 2.88376 105.481 680.761
205.853 64.1767 3.34001 2.91072 109.317 753.257
214.63 64.613 3.32675 2.85636 33.7716 1165.54
216.436 64.5012 3.32587 2.85915 55.0357 1247.33
223.67 64.5753 3.36272 3.05664 18.6284 1592.61
195.344 61.9331 3.32337 2.88719 123 191.525
198.469 62.2938 3.32531 2.85301 155.269 328.111
201.699 62.7161 3.33718 2.90701 119.085 493.368
205.93 63.3569 3.3489 2.93103 66.1427 717.593
214.222 63.8036 3.32216 2.93241 44.202 1126.9
217.924 64.0292 3.32976 2.95259 33.5754 1310.3
222.48 63.8433 3.33244 2.95383 55.5569 1531.59
197.317 61.3416 3.35079 2.88684 154.881 218.85
198.513 61.678 3.3546 2.92273 203.884 292.64
200.525 61.7105 3.38257 2.99313 94.2971 392.046
201.703 62.1344 3.37038 2.93977 96.0188 466.422
203.311 62.2195 3.33387 2.87721 73.9511 548.623
205.146 62.1816 3.33095 2.89149 93.1312 639.578
206.12 62.4787 3.33488 2.91327 91.3624 696.466
216.652 63.0254 3.33497 2.99229 42.1014 1237.1
218.173 63.0618 3.37959 3.11767 23.2049 1314.12
221.871 63.109 3.33773 2.98243 23.7134 1501
196.65 60.4135 3.15222 2.54141 349.605 157.19
198.04 60.7515 3.22486 2.66148 268.064 236.099
199.312 60.6947 3.24462 2.70047 284.484 304.454
201.041 61.0224 3.28845 2.82864 180.548 401.59
202.562 61.4009 3.311 2.90521 79.7425 488.646
204.176 61.4907 3.27985 2.82304 62.6686 575.235
205.609 61.9037 3.2815 2.77702 55.5898 657.186
206.868 61.8823 3.29091 2.85974 109.551 722.321
209.88 61.7531 3.2667 2.7636 35.7501 879.105
212.274 61.7929 3.29204 2.87844 62.8005 1005.56
213.825 62.1067 3.30626 2.91208 36.6384 1087.58
221.538 62.4435 3.3103 2.67031 17.4759 1487.02
198.315 59.9237 3.21294 2.67345 214.156 255.968
199.908 60.1686 3.21418 2.66066 228.121 338.766
201.231 60.4742 3.2369 2.73274 242.575 409.227
202.813 60.5269 3.24856 2.78889 234.45 495.93
204.11 60.6801 3.26847 2.81691 177.275 566.475
205.516 60.8132 3.28023 2.83104 162.435 642.878
207.791 61.2001 3.28427 2.8579 62.9216 765.91
215.402 61.6061 3.30999 2.94662 28.0832 1171.43
222.911 61.4593 3.30141 2.94106 29.5103 1570.37
198.736 59.2533 3.23026 2.68041 199.368 304.245
200.175 59.1767 3.23304 2.74116 125.176 382.427
201.907 59.5938 3.22423 2.75701 159.901 460.755
202.905 59.7733 3.23964 2.76073 174.419 511.067
204.792 59.8542 3.25242 2.79951 167.398 613.33
205.68 60.1952 3.27166 2.81571 189.083 656.596
207.376 60.0815 3.28264 2.8283 136.525 751.688
210.276 60.4814 3.26104 2.80751 125.156 905.065
190.452 56.6011 3.3124 2.83274 65.5836 464.332
202.009 59.0314 3.2314 2.73377 86.3366 485.771
203.561 59.1953 3.2452 2.79407 136.646 563.367
204.771 59.3922 3.26442 2.81708 165.529 623.4
206.768 59.6524 3.27917 2.8331 158.22 726.662
212.597 59.9979 3.25884 2.8037 174.625 1040.21
223.04 60.1218 3.17224 2.72097 24.6256 1606.13
227.183 60.2114 3.29776 2.95029 30.3776 1826.32
212.566 65.1171 3.34466 2.87553 114.14 1088.65
203.344 58.6774 3.23544 2.79451 120.069 572.053
204.113 58.2637 3.24386 2.79715 135.685 632.169
204.991 58.6484 3.25381 2.80155 113.825 661.562
206.355 58.9287 3.28431 2.82884 73.1511 725.037
207.606 58.6097 3.26808 2.80864 77.27 805.044
213.66 59.4296 3.20936 2.62448 114.381 1112.16
227.731 58.9601 3.25256 2.84072 24.2532 1897.32
202.426 57.5673 3.23933 2.73575 108.304 586.43
203.613 57.6397 3.24269 2.78041 59.8724 640.554
205.548 57.5665 3.26409 2.85558 54.0136 743.744
224.26 58.4133 3.29899 2.65046 19.7016 1728.49
229.033 59.3946 3.21201 2.68838 21.8885 1952.06
197.939 55.703 3.25947 2.72768 101.936 575.674
227.048 56.8144 3.27068 2.63099 24.4039 1951.37
212.138 64.8735 3.34304 2.87771 58.527 1060.39
210.428 68.6408 3.28846 2.86779 52.7479 1210.7
209.931 62.7622 2.83942 2.37531 68.2647 894.333
211.063 63.7323 3.32524 2.9185 45.1044 973.066
211.14 63.4057 3.32337 2.93328 69.4733 968.233
218.547 60.1369 3.59779 3.22454 76.4928 1362.27
217.507 60.403 3.22057 2.77167 51.6101 1300.08
218.338 61.0595 3.30193 2.75884 37.6351 1333.55
216.296 60.3923 3.21892 2.77404 49.4502 1234.56
216.716 60.1205 3.17981 2.63043 76.3831 1262.94
215.271 60.5805 3.22396 2.78278 76.4718 1175.59
216.749 60.4427 3.22151 2.78025 38.7938 1258.2
217.639 60.9231 3.29112 2.95563 61.0655 1298.12
218.995 60.8241 3.29062 2.81405 43.4505 1372.6
218.049 60.1785 3.21148 2.78977 62.8014 1334.28
216.031 60.2361 3.20427 2.68622 78.5536 1223.17
218.652 60.2994 3.23107 2.78732 23.9931 1364.35
216.221 60.072 3.19414 2.62444 63.2082 1237
209.518 60.7352 3.25627 2.79788 20.1769 861.06
209.518 60.7351 3.25635 2.79796 20.1769 861.082
