# evlo=223.206497 evla=62.576302
194.627 64.5646 3.31389 2.90944 41.7247 1424.46
217.908 60.4896 3.26176 3.00048 288.74 365.197
217.654 61.036 3.27375 2.93639 240.999 339.242
217.507 60.403 3.25098 2.98843 205.404 388.156
218.338 61.0595 3.27678 2.94673 325.709 307.178
220.363 59.9534 3.23519 2.92514 209.451 329.629
216.3 60.3932 3.23393 2.89715 251.407 440.798
225.144 58.5792 3.33895 3.02818 169.098 457.805
216.716 60.1205 3.18117 2.74734 159.707 441.849
215.395 60.9677 3.2966 3.09437 170.384 449.28
209.013 64.0997 3.33419 2.94142 120.107 729.235
210.701 64.1732 3.34404 2.9214 87.0015 649.183
207.916 63.4188 3.355 3.05624 64.3458 778.666
212.195 64.6453 3.35895 2.91554 83.3977 592.014
207.685 63.8827 3.33688 2.94032 69.9852 791.734
209.796 67.2269 3.34927 2.97461 86.2158 816.865
216.907 60.7523 3.26961 2.99485 187.134 390.476
218.66 60.9649 3.24993 2.90164 281.338 299.654
209.738 62.4058 3.40272 3.17476 61.2059 693.365
217.513 60.0823 3.2295 2.91296 236.564 412.271
212.624 63.0753 3.3727 3.06104 95.1647 541.668
214.225 61.1292 3.30388 3.09408 164.143 499.129
214.25 60.5487 3.24027 2.9237 141.207 526.334
196.582 54.8564 3.23121 2.77406 51.6353 1748.06
213.401 60.7277 3.27462 3.06226 62.5681 558.278
209.784 61.1426 3.29523 3.00537 149.73 722.981
214.766 66.5657 3.29472 2.88516 54.3538 600.253
188.296 63.7758 3.26547 2.6664 22.6204 1741.32
203.121 64.7461 3.33832 2.89061 83.2225 1018.95
211.074 61.771 3.32308 2.99584 229.429 637.464
216.188 61.4417 3.29306 3.09015 211.779 388.565
212.904 60.8792 3.31477 3.1387 85.677 575.79
215.271 60.5805 3.27634 2.98526 170.971 476.182
216.679 60.2805 3.21981 2.88183 251.941 431.933
218.244 60.7315 3.25502 2.9472 272.807 333.635
213.052 64.4091 3.34664 2.89253 69.0694 544.819
213.497 60.396 3.22579 2.89861 167.071 570.8
215.738 60.3351 3.24656 2.90359 176.964 469.715
217.659 60.6024 3.26046 2.95954 242.795 367.43
225.615 58.2758 3.36111 3.01346 142.443 497.1
215.581 59.9268 3.12957 2.57523 176.455 504.175
216.749 60.4427 3.24484 2.92873 260.656 417.699
217.639 60.9231 3.26834 2.9436 277.285 346.859
214.077 61.4924 3.29558 3.03012 169.363 492.385
211.542 61.4131 3.30498 3.02099 242.759 624
197.4 66.8951 3.33491 2.90235 48.8928 1308.54
218.995 60.824 3.24955 2.97297 345.731 296.185
216.976 61.3836 3.3006 3.02952 234.282 352.509
211.063 63.7318 3.31701 2.95282 73.476 624.497
218.049 60.1785 3.22249 2.8781 219.382 383.734
216.031 60.2361 3.21142 2.8234 165.912 463.189
217.533 61.1871 3.28395 2.99336 348.725 336.051
218.652 60.2994 3.23358 2.93292 137.787 351.181
211.14 63.4056 3.37912 3.08134 76.8582 617.634
219.217 60.1294 3.20491 2.91496 259.53 346.151
216.221 60.072 3.15044 2.67299 250.987 466.323
218.856 60.4399 3.24296 2.88223 167.928 332.036
216.546 61.2275 3.30082 3.02805 200.534 380.821
207.417 57.7828 3.19384 2.74179 75.0614 1022.23
212.138 64.8736 3.35396 2.95236 94.8476 602.825
198.929 70.2043 3.32732 2.71601 22.2839 1363.14
203.383 71.3221 3.1847 2.70621 65.2523 1292.4
205.026 71.0033 3.1902 2.72705 34.7942 1224.14
234.753 71.9871 3.37175 2.91971 67.498 1156.94
206.58 70.34 3.19005 2.71379 44.1964 1132.15
194.656 68.2746 3.29142 2.89941 19.8689 1452.05
198.806 68.6483 3.28035 2.93899 27.5721 1299.69
205.217 69.1565 3.26767 2.88116 29.1058 1093.69
209.387 69.836 3.20842 2.75432 72.256 1016.18
211.299 69.72 3.234 2.80884 93.6327 957.33
215.088 69.9175 3.26945 2.90217 123.014 894.543
216.289 69.626 3.27093 2.91993 101.63 844.819
235.93 69.3475 3.37626 2.978 158.709 947.307
201.885 68.4946 3.29305 2.90939 39.3789 1176.62
207.318 68.8799 3.27091 2.91712 34.4855 1007.14
209.319 68.9656 3.35368 2.9943 24.0358 950.803
211.177 69.1532 3.21565 2.79145 90.9437 912.756
213.625 69.322 3.26415 2.86847 144.77 867.126
219.035 69.243 3.2874 2.89538 94.0057 766.851
221.263 69.3286 3.25556 2.85307 127.686 757.995
198.174 67.082 3.33647 2.95761 29.4729 1279.03
199.397 67.4213 3.3275 2.92773 42.2444 1235.96
202.768 67.4572 3.32111 2.93984 47.9936 1099.21
203.811 68.2575 3.30946 2.91406 30.3843 1093.59
206.028 68.4414 3.31033 2.94196 28.8309 1023.33
208.187 68.1343 3.30911 2.95843 55.3606 929.881
211.513 68.0748 3.27651 2.78844 49.1887 817.598
214.432 68.1207 3.25483 2.81555 56.7742 739.461
218.405 68.1861 3.30163 2.94684 119.758 663.661
220.465 68.6043 3.29038 2.88045 110.843 683.751
222.103 68.3889 3.26284 2.86281 159.637 650.086
223.281 66.3701 3.28162 2.95591 144.824 422.964
193.671 65.4742 3.32218 2.8661 31.9889 1464.93
195.352 65.7077 3.31807 2.87471 35.6038 1387.54
198.75 66.442 3.34196 2.9038 70.4111 1241.64
200.349 66.6001 3.34295 2.92059 46.1933 1174.78
202.227 66.8332 3.35776 2.94294 50.0212 1100.33
204.275 67.0486 3.31138 2.92672 21.1973 1022.5
206.517 67.2221 3.33333 2.96188 83.1703 940.34
207.821 67.5076 3.32864 2.95111 41.508 905.567
212.113 67.5187 3.29514 2.85166 43.4606 757.201
215.855 67.6946 3.28142 2.87063 111.827 665.891
220.128 67.6136 3.28728 2.87879 134.291 579.79
224.214 67.6106 3.30692 2.92135 88.0614 563.267
226.258 67.441 3.33604 2.88381 159.254 560.976
195.961 64.9941 3.30607 2.85413 30.2723 1358.83
197.645 65.3936 3.31329 2.86927 52.9372 1280.43
199.349 65.5011 3.43948 2.85072 42.2857 1202.3
201.346 65.895 3.34097 2.91532 33.0715 1116.46
202.913 66.1434 3.34093 2.92389 69.7365 1051.89
206.494 66.5156 3.35278 2.96732 57.3351 910.164
208.493 66.9214 3.34088 2.93887 41.7979 848.506
212.525 66.7004 3.35138 2.94373 62.1743 685.573
213.899 66.7653 3.31272 2.90383 38.5101 643.478
216.215 66.9498 3.27541 2.87137 35.7925 589.551
218.345 66.8088 3.29247 2.90864 193.599 525.446
221.978 66.9116 3.28554 2.86775 136.777 486.841
223.778 66.9808 3.31967 2.95563 146.154 491.8
225.729 66.9227 3.32918 2.90171 120.88 499.138
197.761 64.6379 3.30812 2.88513 32.2046 1274.2
200.087 64.937 3.31841 2.8875 24.9056 1163.91
201.637 65.1527 3.31482 2.88088 45.2071 1092.72
203.551 65.5276 3.34092 2.90924 17.9241 1009.85
205.119 65.4924 3.34254 2.997 41.3235 937.828
207.195 65.6571 3.34789 2.94098 71.4089 849.384
208.623 65.8937 3.34979 2.94425 81.6357 795.837
210.457 65.8251 3.36017 2.97999 97.8321 715.617
212.122 65.8371 3.39301 3.01482 86.0739 648.212
214.18 66.267 3.35446 2.94905 27.9214 597.727
214.181 66.267 3.35596 2.97423 47.9977 597.692
218.473 66.2305 3.29914 2.88923 125.067 466.674
221.631 66.2191 3.28315 2.91017 150.739 413.126
225.657 65.8052 3.33475 2.94903 109.43 379.081
214.843 62.3987 3.33537 2.961 202.812 431.355
213.052 64.4091 3.34664 2.89253 69.0694 544.819
199.305 63.8864 3.31885 2.92032 46.3517 1203.17
205.522 64.7962 3.32027 2.86986 59.2771 905.969
208.018 65.18 3.3019 2.73254 27.8716 798.439
210.64 65.1479 3.34215 2.91299 73.0197 679.661
216.846 65.3064 3.37233 2.94127 56.8093 435.393
218.385 65.6035 3.4725 3.54904 58.0407 411.085
220.064 65.4483 3.29288 2.9288 148.197 355.033
221.694 65.3609 3.27449 2.92463 268.267 319.118
223.623 65.2225 3.31398 2.948 135.984 295.695
196.446 62.7492 3.32826 2.9365 22.0062 1361.92
199.398 63.2842 3.32734 2.93055 40.6823 1204.9
200.922 63.3965 3.32628 2.93128 31.9816 1127.66
203.285 63.465 3.32995 2.9608 48.1413 1009.49
204.379 63.994 3.3264 2.93027 53.6882 954.216
205.853 64.1767 3.32911 2.88194 72.2142 883.177
214.63 64.613 3.35161 2.92409 85.6579 481.929
216.436 64.5012 3.37669 3.05519 61.9793 398.969
221.784 64.453 3.28473 2.94046 352.258 220.838
221.784 64.4525 3.28437 2.95415 160.457 220.794
223.67 64.5753 3.30836 2.92513 202.104 224.012
195.344 61.9331 3.33492 2.97205 39.3273 1438.21
198.469 62.2938 3.32749 2.96012 60.4596 1270.23
201.699 62.7161 3.34278 2.99262 34.7497 1098.03
205.93 63.3569 3.29554 2.77084 60.7711 878.049
214.222 63.8036 3.34648 2.93273 98.7476 472.104
197.317 61.3416 3.34564 3.01506 36.083 1356.06
198.513 61.678 3.35789 3.16404 28.2871 1284.44
200.525 61.7105 3.32933 2.93978 29.9712 1180.63
201.703 62.1344 3.34356 3.01448 79.8156 1109.53
203.311 62.2195 3.34323 3.03221 57.4795 1025.53
205.146 62.1816 3.34227 3.03124 41.9915 932.554
216.652 63.0254 3.38978 3.05019 150.646 337.958
218.173 63.0618 3.4408 3.12081 145.437 262.233
198.04 60.7515 3.32105 2.94911 47.21 1339.75
199.312 60.6947 3.42414 3.19455 39.7309 1276.55
201.041 61.0224 3.40272 3.20067 42.1682 1175.82
202.562 61.4009 3.40264 3.26645 36.5831 1085.26
204.176 61.4907 3.33412 2.97916 46.4894 999.678
205.609 61.9037 3.38168 3.47485 57.2866 915.037
209.88 61.7531 3.33782 3.01707 142.893 699.288
212.274 61.7929 3.3046 2.9461 186.147 575.32
213.825 62.1067 3.29746 2.94621 153.92 488.433
217.004 62.4013 3.32262 2.94408 262.891 320.267
218.122 62.3579 3.35149 2.95035 304.042 263.389
199.908 60.1686 3.34303 3.09171 54.3176 1266.94
201.231 60.4742 3.34121 3.13984 71.6378 1186.43
202.813 60.5269 3.33396 3.13906 61.5903 1103.06
204.11 60.6801 3.32909 3.06029 46.7493 1030.52
205.516 60.8132 3.32101 3.05864 93.7158 953.362
207.791 61.2001 3.31318 3.00016 94.9219 822.986
215.402 61.6061 3.29879 3.05372 218.53 421.53
226.918 61.1512 3.3533 2.94504 93.069 251.701
198.736 59.2533 3.30816 2.99861 46.4678 1368.89
200.175 59.1767 3.30853 3.00194 62.5881 1299.05
201.907 59.5938 3.31015 2.9796 104.069 1190.24
202.905 59.7733 3.30784 2.98312 144.654 1130.81
204.792 59.8542 3.288 2.94335 175.719 1030.95
205.68 60.1952 3.28424 2.94523 183.409 970.221
207.376 60.0815 3.24838 2.97723 67.1299 889.425
210.276 60.4814 3.28057 3.04037 83.8512 725.034
219.809 60.7718 3.27235 2.99982 171.143 269.75
221.424 60.3024 3.28655 3.00113 215.779 270.623
223.909 60.7704 3.27411 2.95744 270.34 204.66
202.009 59.0314 3.29913 2.96515 184.924 1213.12
203.561 59.1953 3.29324 2.96334 150.969 1126.05
204.771 59.3922 3.28275 2.96404 178.462 1054.79
206.768 59.6524 3.26638 3.0051 76.4561 941.064
212.597 59.9979 3.21323 2.84916 145.353 636.282
222.262 59.6304 3.31286 2.9919 128.712 332.184
223.04 60.1218 3.34299 2.95545 227.573 273.662
226.285 59.5898 3.37208 2.97623 97.6701 371.861
227.183 60.2114 3.4019 3.01651 81.9272 338.39
212.566 65.1171 3.35866 2.98249 68.3307 594.155
203.344 58.6774 3.29124 2.98306 99.9997 1164.96
213.66 59.4296 3.1156 2.54774 107.287 623.302
227.731 58.9601 3.36674 2.97799 70.9758 472.148
203.613 57.6397 3.26462 2.93971 17.2493 1214.09
224.26 58.4133 3.3403 3.03235 186.874 467.429
225.482 58.2747 3.35254 3.0056 148.82 495.319
229.033 59.3946 3.36836 3.02972 52.4051 474.153
197.939 55.703 3.2316 2.79231 43.1217 1621.66
200.447 56.2848 3.22612 2.7914 25.1233 1458.62
223.768 57.9616 3.33784 3.01266 199.054 515.087
225.424 57.4688 3.37191 3.02928 126.248 582.227
228.869 57.9128 3.348 2.96957 39.2965 606.398
227.048 56.8144 3.3725 2.99196 89.9312 677.082
229.75 56.9811 3.32678 2.94042 41.1514 722.854
212.138 64.8735 3.35444 2.94708 74.3663 602.83
210.428 68.6408 3.24459 2.80672 41.3233 893.334
226.879 56.1146 3.38866 3.0276 108.217 749.25
229.974 55.9154 3.3429 2.98277 23.8013 835.476
228.385 55.3279 3.36395 2.99246 89.7834 860.014
227.653 56.4191 3.35012 2.99771 67.2377 730.299
209.931 62.7622 3.68275 3.72715 62.3919 679.424
211.063 63.7323 3.31691 2.95273 73.476 624.478
211.14 63.4057 3.37911 3.08133 76.8582 617.631
218.547 60.1369 2.53649 2.31115 170.933 368.654
217.908 60.4896 3.26176 3.00048 288.74 365.197
217.507 60.403 3.25098 2.98843 205.404 388.156
218.338 61.0595 3.27673 2.94668 325.709 307.174
216.296 60.3923 3.23547 2.89853 251.407 441.009
216.716 60.1205 3.18117 2.74734 159.707 441.849
215.271 60.5805 3.27634 2.98526 170.971 476.182
216.679 60.2805 3.21981 2.88183 251.941 431.933
218.244 60.7315 3.25502 2.9472 272.807 333.635
217.659 60.602 3.2609 2.95993 242.795 367.479
216.749 60.4427 3.24484 2.92873 260.656 417.699
217.639 60.9231 3.26842 2.94368 277.285 346.868
218.995 60.8241 3.24947 2.9729 345.731 296.177
216.976 61.3836 3.3006 3.02952 234.282 352.509
218.049 60.1785 3.22249 2.8781 219.382 383.734
216.031 60.2361 3.21142 2.8234 165.912 463.189
217.533 61.187 3.28391 2.99332 348.725 336.047
218.652 60.2994 3.23358 2.93292 137.787 351.181
219.217 60.1294 3.20491 2.91496 259.53 346.151
216.221 60.072 3.15044 2.67299 250.987 466.323
218.856 60.4399 3.24296 2.88223 167.928 332.036
216.546 61.2275 3.30082 3.02805 200.534 380.821
209.518 60.7352 3.29413 3.02719 67.1285 752.182
209.518 60.7351 3.29406 3.02713 67.1285 752.166
