# evlo=201.906799 evla=59.5938
225.449 60.24 3.26338 2.95009 35.2611 1311.91
194.627 64.5646 3.26361 2.80469 69.8904 671.144
217.908 60.4896 3.20244 2.81808 118.244 895.083
217.654 61.036 3.29279 2.94234 44.7498 882.761
217.507 60.403 3.20062 2.72362 34.1429 873.103
218.338 61.0595 3.26212 2.95693 42.7512 919.805
220.363 59.9534 3.18452 2.72291 77.6676 1034.3
216.3 60.3932 3.19982 2.73296 116.874 806.558
216.716 60.1205 3.1353 2.52177 78.9722 830.226
215.395 60.9677 3.24406 2.85682 48.2891 760.335
209.013 64.0997 3.34644 2.91793 187.151 625.472
209.094 59.7511 3.33026 2.95782 234.076 405.167
209.259 59.7417 3.33502 2.96952 220.304 414.452
210.701 64.1732 3.32453 2.93189 221.454 687.582
208.846 60.7683 3.32142 2.9266 119.316 406.489
207.916 63.4188 3.33869 2.92098 239.437 532.491
212.195 64.6453 3.32866 2.91576 261.402 776.188
204.378 55.8218 3.17846 2.67892 93.2653 445.09
200.411 54.831 3.24168 2.70459 92.9804 538.016
207.685 63.8827 3.33861 2.88368 150.947 566.681
208.763 59.5251 3.35363 3.01079 213.854 387.537
209.796 67.2269 3.30808 2.86747 152.608 936.005
216.907 60.7523 3.21629 2.84463 80.7108 840.69
218.66 60.9649 3.26378 2.98227 29.3667 936.751
209.738 62.4058 3.29375 2.92777 251.233 526.405
217.513 60.0823 3.16262 2.64014 84.5329 874.712
212.624 63.0753 3.33296 2.98946 185.817 691.286
214.225 61.1292 3.26651 2.90099 121.858 699.879
215.93 63.6482 3.33614 3.02175 119.083 867.649
214.25 60.5487 3.2512 2.8615 157.252 694.389
196.582 54.8564 3.26774 2.74095 72.7584 617.442
213.401 60.7277 3.27323 2.86163 99.0126 649.768
209.784 61.1426 3.3018 2.91869 96.7566 467.27
188.296 63.7758 3.29866 2.85496 155.004 855.477
203.121 64.7461 3.30653 2.8642 115.942 577.659
211.074 61.771 3.3296 3.0224 133.683 555.955
216.188 61.4417 3.29439 2.93408 56.5001 809.131
212.904 60.8792 3.26661 2.84472 84.7355 625.057
215.271 60.5805 3.2228 2.77782 110.905 750.484
216.679 60.2805 3.18382 2.69752 77.1085 827.631
218.244 60.7315 3.25024 2.88234 67.9901 913.519
213.052 64.4091 3.31415 2.95695 228.222 791.085
213.497 60.396 3.2579 2.87796 105.342 652.079
215.738 60.3351 3.21161 2.74889 59.7982 775.541
208.348 59.6572 3.3399 2.95191 230.915 363.427
217.659 60.6024 3.21432 2.83315 120.733 881.393
215.581 59.9268 3.19527 2.58664 70.4495 768.068
216.749 60.4427 3.21186 2.73096 92.1997 831.322
217.639 60.9231 3.2748 2.92215 100.826 881.298
214.077 61.4924 3.29818 2.93419 161.39 699.439
211.542 61.4131 3.28804 2.94865 205.26 566.25
197.4 66.8951 3.28645 2.8708 50.8236 844.218
209.077 63.5527 3.33072 2.93302 249.963 582.194
216.976 61.3836 3.28186 3.00141 78.8495 849.994
211.063 63.7318 3.32246 2.96582 275.958 668.112
211.768 64.9602 3.33762 2.91916 132.626 785.547
218.049 60.1785 3.18456 2.63161 42.5032 903.927
209.256 65.0304 3.3346 2.87566 135.538 714.796
210.931 64.5928 3.33383 2.91879 159.774 728.409
216.031 60.2361 3.1898 2.63018 36.5271 791.841
191.145 52.9721 3.2652 2.70072 185.945 991.546
217.533 61.1871 3.26089 2.94403 45.3267 877.475
218.652 60.2994 3.18835 2.77417 75.7707 936.646
211.14 63.4056 3.30232 2.99002 231.881 648.699
219.217 60.1294 3.17203 2.71506 139.615 968.993
218.856 60.4399 3.2241 2.82268 100.147 947.294
216.546 61.2275 3.30638 2.98222 138.85 825.082
207.417 57.7828 3.28659 2.98277 121.049 377.701
212.138 64.8736 3.33228 2.90845 183.013 791.404
198.929 70.2043 3.19454 2.72408 67.3653 1190.98
203.383 71.3221 3.20073 2.69967 78.1991 1309.36
205.026 71.0033 3.20495 2.68484 63.3867 1279.97
234.753 71.9871 3.41239 2.97621 17.7026 1995.34
198.198 69.3641 3.2247 2.78057 56.7411 1103.23
202.84 70.0079 3.20637 2.70533 51.9542 1161.86
205.387 69.6211 3.2434 2.78105 64.9084 1129.78
206.58 70.34 3.23788 2.75543 38.8697 1217.38
194.656 68.2746 3.25983 2.79981 53.3904 1029.3
196.822 68.4753 3.26355 2.85722 74.4642 1019.94
198.806 68.6483 3.26958 2.86261 78.6938 1020.3
200.413 69.1049 3.23574 2.79404 93.6874 1062.68
205.217 69.1565 3.25771 2.82127 59.0965 1077.58
209.387 69.836 3.23607 2.76288 69.7209 1194.16
211.299 69.72 3.2541 2.80045 150.215 1211.59
215.088 69.9175 3.27915 2.86296 115.336 1304.45
216.289 69.626 3.27244 2.83999 100.688 1305.9
235.93 69.3475 3.3383 2.90989 148.86 1925.43
196.917 67.6988 3.26864 2.83646 61.9847 935.952
201.885 68.4946 3.26689 2.83089 74.7444 992.232
203.387 68.7132 3.26515 2.83083 65.962 1019.09
207.318 68.8799 3.27974 2.86089 63.4338 1066.98
209.319 68.9656 3.27885 2.86206 130.502 1102.87
211.177 69.1532 3.27209 2.83792 139.702 1152.87
213.625 69.322 3.2865 2.87722 150.298 1217.6
219.035 69.243 3.28879 2.82438 57.7749 1346.08
221.263 69.3286 3.3057 2.82156 55.8775 1417.52
198.174 67.082 3.29305 2.88319 87.49 854.983
199.397 67.4213 3.30142 2.8896 100.337 881.241
202.768 67.4572 3.30208 2.88941 74.7208 877.551
203.811 68.2575 3.28511 2.8663 62.6911 970.179
206.028 68.4414 3.29131 2.87662 92.6177 1006.12
208.187 68.1343 3.30278 2.91428 137.303 999.638
210.384 68.0584 3.30307 2.8727 163.257 1029.57
211.513 68.0748 3.2997 2.87295 124.625 1054.26
214.432 68.1207 3.29543 2.77655 84.5568 1127.97
218.405 68.1861 3.45458 2.83737 112.342 1246.6
220.465 68.6043 3.44369 2.83591 60.1678 1341.22
222.103 68.3889 3.33127 2.87395 85.0693 1379.97
223.281 66.3701 3.31369 2.9207 246.621 1310.38
193.671 65.4742 3.27246 2.85924 87.999 779.182
195.352 65.7077 3.28815 2.86295 89.6548 758.892
198.75 66.442 3.31137 2.92209 85.1234 779.623
200.349 66.6001 3.31087 2.88942 89.3807 784.831
202.227 66.8332 3.29806 2.85716 90.5804 807.092
204.275 67.0486 3.30713 2.89599 69.4562 839.233
206.517 67.2221 3.31841 2.90526 129.304 880.361
207.821 67.5076 3.31457 2.91583 129.721 928.852
212.113 67.5187 3.30799 2.8647 145.43 1015.77
214.357 67.5933 3.31613 2.80611 78.7419 1080.62
215.855 67.6946 3.3202 2.82803 94.9975 1131.68
220.128 67.6136 3.32454 2.87856 80.4033 1262.42
224.214 67.6106 3.30573 2.90592 89.6393 1409.05
226.258 67.441 3.31441 2.90698 208.956 1478.74
195.961 64.9941 3.27817 2.84613 88.9225 675.663
197.645 65.3936 3.3 2.88631 96.8665 682.335
199.349 65.5011 3.30855 2.91942 105.265 671.281
201.346 65.895 3.29692 2.84585 95.8085 702.89
202.913 66.1434 3.30542 2.87773 97.2102 731.781
206.494 66.5156 3.32798 2.91128 166.295 805.122
208.493 66.9214 3.3158 2.8786 152.872 880.068
209.976 66.7108 3.30777 2.85558 171.595 889.848
212.525 66.7004 3.31241 2.74009 94.503 953.263
213.899 66.7653 3.33257 2.85713 97.2855 998.29
216.215 66.9498 3.32798 2.85126 129.403 1084.91
218.345 66.8088 3.32537 2.92022 83.6924 1147.09
221.978 66.9116 3.3161 2.92861 119.63 1286.85
223.778 66.9808 3.31409 2.90736 188.373 1359.88
225.729 66.9227 3.31638 2.90396 186.912 1434.44
197.761 64.6379 3.29467 2.86931 123.494 602.058
200.087 64.937 3.3047 2.87045 117.031 602.884
201.637 65.1527 3.29956 2.85361 87.9257 619.702
203.551 65.5276 3.30904 2.88163 82.6611 666.67
205.119 65.4924 3.3239 2.90503 107.619 677.669
207.195 65.6571 3.31414 2.87674 221.273 727.641
208.623 65.8937 3.30857 2.85372 147.358 780.589
210.457 65.8251 3.32612 2.887 64.3811 819.274
212.122 65.8371 3.33063 2.83911 154.607 868.042
214.18 66.267 3.48839 2.84411 43.4075 967.062
218.473 66.2305 3.31854 2.92762 166.727 1114.62
221.631 66.2191 3.31513 2.92337 173.096 1236.49
225.657 65.8052 3.32617 2.959 94.4143 1386.82
214.843 62.3987 3.33796 3.08425 102.007 764.915
213.052 64.4091 3.31415 2.95695 228.222 791.085
199.305 63.8864 3.30473 2.93732 99.539 497.634
205.522 64.7962 3.31721 2.87694 159.479 609.336
208.018 65.18 3.29704 2.81648 146.744 697.523
210.64 65.1479 3.33613 2.85653 168.628 765.029
216.846 65.3064 3.32259 2.93643 241.239 995.774
218.385 65.6035 3.32047 2.94049 282.298 1073.88
220.064 65.4483 3.31733 2.94085 216.192 1133.72
221.694 65.3609 3.32389 2.96574 167.083 1198.31
223.623 65.2225 3.33589 2.98917 90.9991 1276.7
196.446 62.7492 3.26507 2.84638 95.4753 457.936
199.398 63.2842 3.31804 2.95277 127.636 432.403
200.922 63.3965 3.30686 2.88569 114.244 426.981
203.285 63.465 3.3154 2.90466 147.334 437.555
204.379 63.994 3.31114 2.89049 172.086 507.31
205.853 64.1767 3.30492 2.86382 155.833 551.049
214.63 64.613 3.31191 2.93859 233.563 865.82
216.436 64.5012 3.31796 2.95914 262.899 932.95
221.784 64.453 3.34055 3.00246 62.1056 1166.37
221.784 64.4525 3.3394 2.99456 43.2182 1166.32
223.67 64.5753 3.34673 3.04831 80.7794 1256.89
195.344 61.9331 3.304 2.8849 101.402 442.269
198.469 62.2938 3.30868 2.86955 105.245 353.773
201.699 62.7161 3.29451 2.85197 126.064 348.103
205.93 63.3569 3.31765 2.83845 112.698 470.777
214.222 63.8036 3.31361 2.96178 244.074 800.807
217.924 64.0292 3.33912 3.04538 75.7474 974.561
222.48 63.8433 3.36557 3.05208 52.3458 1179.77
197.317 61.3416 3.31435 2.96774 160.254 318.738
198.513 61.678 3.32211 2.86065 113.262 297.279
200.525 61.7105 3.30639 2.93874 169.537 247.645
201.703 62.1344 3.29222 2.85325 157.847 283.307
203.311 62.2195 3.29495 2.89008 216.636 302.323
205.146 62.1816 3.35344 2.97904 235.502 337.658
206.12 62.4787 3.36211 2.95177 326.587 393.773
216.652 63.0254 3.36253 3.08346 87.5016 875.054
218.173 63.0618 3.3606 3.09023 74.7353 949.494
221.871 63.109 3.32962 3.04718 67.6659 1132.16
193.799 60.3849 3.22423 2.75701 159.901 460.755
196.65 60.4135 3.26762 2.86619 143.222 307.089
198.04 60.7515 3.29736 2.84973 133.438 250.359
199.312 60.6947 3.27204 2.84571 187.261 189.271
201.041 61.0224 3.29348 2.87108 215.376 166.212
202.562 61.4009 3.31476 2.91183 231.266 204.545
204.176 61.4907 3.35197 2.93568 190.766 245.282
205.609 61.9037 3.3487 2.91384 313.201 326.997
206.868 61.8823 3.32893 2.97191 395.157 371.672
209.88 61.7531 3.33272 2.98703 148.102 497.336
212.274 61.7929 3.33295 3.09829 56.5937 616.192
213.825 62.1067 3.32146 3.057 87.1585 704.488
217.004 62.4013 3.30003 3.01273 153.119 872.258
218.122 62.3579 3.30807 3.04461 117.524 927.503
221.538 62.4435 3.30485 2.97941 110.393 1103.08
223.206 62.5763 3.31015 2.9796 104.069 1190.24
225.609 62.2024 3.30544 2.98671 90.0725 1311.02
198.315 59.9237 3.25284 2.90982 263.792 205.182
204.11 60.6801 3.3185 2.86597 318.928 172.15
205.516 60.8132 3.35183 3.03198 369.682 241.867
207.791 61.2001 3.34517 3.02471 201.364 370.307
215.402 61.6061 3.30116 2.92218 45.578 770.973
222.911 61.4593 3.28499 3.09769 28.1895 1166.62
224.22 61.4862 3.27522 2.95939 56.6213 1236.4
226.918 61.1512 3.27448 2.96288 49.1658 1382.11
198.736 59.2533 3.26909 2.86273 233.266 183.922
204.792 59.8542 3.36215 2.96593 268.958 164.892
205.68 60.1952 3.39757 3.03791 267.919 221.546
207.376 60.0815 3.36252 3.04967 153.677 311.357
210.276 60.4814 3.27519 2.82784 132.303 476.482
219.809 60.7718 3.21744 2.75269 45.8559 998.885
223.909 60.7704 3.27066 2.95458 63.268 1222.16
190.452 56.6011 3.32011 2.88428 50.8904 751.966
204.771 59.3922 3.34372 3.05343 374.274 163.784
206.768 59.6524 3.35391 2.97526 292.448 274.356
212.597 59.9979 3.28883 2.89838 175.898 601.204
223.04 60.1218 3.20062 2.76566 52.1177 1180.69
226.285 59.5898 3.23602 2.842 52.8881 1369.29
227.183 60.2114 3.27828 2.96149 27.7872 1407.54
212.566 65.1171 3.33326 2.89093 174.407 824.722
204.113 58.2637 3.34983 2.84622 159.278 195.185
204.991 58.6484 3.40519 3.06976 156.98 205.644
206.355 58.9287 3.38146 3.0193 189.312 264.283
207.606 58.6097 3.35725 3.05981 179.569 344.364
213.66 59.4296 3.20222 2.52318 107.085 664.857
227.731 58.9601 3.3261 2.7796 26.6152 1464.7
202.426 57.5673 3.25395 2.7837 176.907 227.736
203.613 57.6397 3.2587 2.87317 171.479 239.159
205.548 57.5665 3.29814 2.87462 103.795 309.513
225.482 58.2747 3.52475 2.75782 28.2391 1358.22
229.033 59.3946 3.26437 2.89651 40.4727 1526.13
197.939 55.703 3.30649 2.83479 111.925 493.662
200.447 56.2848 3.21152 2.59679 111.189 378.531
212.138 64.8735 3.33149 2.91078 150.865 791.39
210.428 68.6408 3.29405 2.87466 142.368 1088.28
229.974 55.9154 3.44013 2.78153 20.3867 1706.5
209.931 62.7622 2.80609 2.45323 99.0124 557.037
211.063 63.7323 3.32273 2.96606 275.958 668.166
211.14 63.4057 3.30235 2.99005 231.881 648.705
218.547 60.1369 3.77447 3.45055 111.407 931.772
217.908 60.4896 3.20244 2.81808 118.244 895.083
217.507 60.403 3.20062 2.72362 34.1429 873.103
218.338 61.0595 3.26214 2.95695 42.7512 919.81
216.296 60.3923 3.19908 2.73232 116.874 806.37
216.716 60.1205 3.1353 2.52177 78.9722 830.226
215.271 60.5805 3.2228 2.77782 110.905 750.484
216.679 60.2805 3.18382 2.69752 77.1085 827.631
218.244 60.7315 3.25024 2.88234 67.9901 913.519
217.659 60.602 3.21422 2.83307 120.733 881.366
216.749 60.4427 3.21186 2.73096 92.1997 831.322
217.639 60.9231 3.27476 2.92211 100.826 881.287
216.976 61.3836 3.28186 3.00141 78.8495 849.994
218.049 60.1785 3.18456 2.63161 42.5032 903.927
216.031 60.2361 3.1898 2.63018 36.5271 791.841
217.533 61.187 3.26092 2.94407 45.3267 877.485
218.652 60.2994 3.18835 2.77417 75.7707 936.646
219.217 60.1294 3.17203 2.71506 139.615 968.993
218.856 60.4399 3.2241 2.82268 100.147 947.294
216.546 61.2275 3.30638 2.98222 138.85 825.082
