# evlo=202.905396 evla=59.7733
225.449 60.24 3.25935 2.95795 42.474 1252.63
194.627 64.5646 3.26898 2.76557 80.097 685.342
217.908 60.4896 3.19472 2.78234 89.3893 835.82
217.507 60.403 3.2017 2.68877 27.7067 813.93
218.338 61.0595 3.25995 2.96209 80.6044 860.175
220.363 59.9534 3.1709 2.62863 91.2505 975.523
216.3 60.3932 3.19008 2.71325 147.751 747.403
216.716 60.1205 3.11388 2.52401 83.9987 771.418
215.395 60.9677 3.24636 2.84788 74.2815 700.7
209.013 64.0997 3.34981 2.93968 204.392 578.502
209.094 59.7511 3.32347 2.96609 236.941 347.665
209.259 59.7417 3.32804 2.97899 231.08 356.981
210.701 64.1732 3.32471 2.9362 250.501 637.516
208.846 60.7683 3.30687 2.91297 141.448 346.82
207.916 63.4188 3.34456 2.96535 216.615 485.272
212.195 64.6453 3.32835 2.93427 291.906 725.561
204.378 55.8218 3.57437 2.85251 48.523 448.687
207.685 63.8827 3.34525 2.86151 127.035 522.316
208.763 59.5251 3.33812 2.97958 231.109 331.337
209.796 67.2269 3.32759 2.91679 107.881 897.658
216.907 60.7523 3.20511 2.81528 75.8855 781.207
218.66 60.9649 3.25911 2.96194 48.1542 877.164
209.738 62.4058 3.30498 2.94732 266.055 470.693
217.513 60.0823 3.15122 2.63833 120.616 815.927
212.624 63.0753 3.34546 3.0062 229.591 635.02
214.225 61.1292 3.26305 2.86656 114.467 640.181
215.93 63.6482 3.35204 3.01866 104.249 810.848
214.25 60.5487 3.25107 2.86024 162.69 635.031
196.582 54.8564 3.24983 2.7247 84.1008 666.454
213.401 60.7277 3.26603 2.85053 95.7815 590.215
209.784 61.1426 3.27371 2.89454 123.434 407.834
214.766 66.5657 3.33003 2.85158 138.419 961.193
188.296 63.7758 3.29125 2.84391 93.3607 887.891
203.121 64.7461 3.3071 2.8941 183.493 554.328
211.074 61.771 3.32563 3.01645 169.01 497.227
216.188 61.4417 3.29497 2.93654 44.2355 749.438
212.904 60.8792 3.2696 2.8235 80.0648 565.397
215.271 60.5805 3.21354 2.76552 127.354 691.118
216.679 60.2805 3.17121 2.65831 96.0561 768.609
218.244 60.7315 3.24704 2.88845 54.6235 854.061
213.052 64.4091 3.30669 2.97522 157.088 738.596
213.497 60.396 3.26176 2.87506 104.556 592.887
215.738 60.3351 3.19999 2.71967 70.6859 716.459
208.348 59.6572 3.33212 2.97952 250.504 306.518
217.659 60.6024 3.20502 2.80813 137.329 822.031
215.581 59.9268 3.17714 2.56561 81.8498 709.628
216.749 60.4427 3.203 2.72278 121.394 772.111
217.639 60.9231 3.27719 2.93871 91.7725 821.721
214.077 61.4924 3.28585 2.92192 211.256 639.817
211.542 61.4131 3.27383 2.89894 257.651 506.813
197.4 66.8951 3.29139 2.83099 65.9364 839.598
209.077 63.5527 3.33272 2.95324 274.192 532.686
218.995 60.824 3.2446 2.93278 46.5031 895.059
216.976 61.3836 3.27235 2.96509 99.7358 790.293
211.063 63.7318 3.32003 3.00285 228.103 615.781
211.768 64.9602 3.34015 2.9048 183.064 736.635
209.256 65.0304 3.33192 2.88353 138.096 670.909
210.931 64.5928 3.337 2.91457 198.357 679.539
191.145 52.9721 3.2655 2.70893 180.19 1046.64
217.533 61.1871 3.24826 2.92762 60.9976 817.8
218.652 60.2994 3.18013 2.75416 76.433 877.561
211.14 63.4056 3.31064 3.04173 204.033 595.037
219.217 60.1294 3.16395 2.69648 144.018 910.076
218.856 60.4399 3.2193 2.81174 96.0007 888.067
216.546 61.2275 3.29741 2.97752 119.187 765.39
207.417 57.7828 3.30837 3.07029 140.625 342.293
212.138 64.8736 3.3357 2.9201 253.373 741.643
198.929 70.2043 3.18319 2.72258 93.2501 1177.39
203.383 71.3221 3.20479 2.6763 54.3765 1287.85
205.026 71.0033 3.21072 2.68872 91.2719 1255.79
234.753 71.9871 3.25106 2.79976 32.1514 1947.9
198.198 69.3641 3.20233 2.72128 76.2444 1091.98
202.84 70.0079 3.20824 2.69825 40.5423 1141.05
205.387 69.6211 3.2455 2.78449 115.961 1104.03
206.58 70.34 3.23328 2.75822 96.6609 1190.2
194.656 68.2746 3.25749 2.75914 53.7092 1027.85
196.822 68.4753 3.26044 2.81448 43.551 1013.15
198.806 68.6483 3.24587 2.81051 75.8653 1008.66
200.413 69.1049 3.22215 2.8055 93.0956 1047
205.217 69.1565 3.25701 2.83266 81.7171 1051.78
209.387 69.836 3.23445 2.759 79.1289 1161.82
211.299 69.72 3.25987 2.7989 107.16 1176.2
215.088 69.9175 3.28636 2.90879 73.2076 1264.67
216.289 69.626 3.28767 2.90174 103.896 1264.19
235.93 69.3475 3.34144 2.92043 211.89 1873.06
196.917 67.6988 3.26949 2.81981 52.1272 930.639
203.387 68.7132 3.27341 2.83326 83.0472 996.883
207.318 68.8799 3.27471 2.84125 96.7927 1036.74
209.319 68.9656 3.27487 2.83798 115.03 1069.15
211.177 69.1532 3.27833 2.83635 102.488 1116.54
213.625 69.322 3.29472 2.91726 106.783 1178.26
219.035 69.243 3.29476 2.83324 76.0649 1300.92
221.263 69.3286 3.30554 2.82571 48.998 1370.85
198.174 67.082 3.28712 2.83376 70.1643 847.65
199.397 67.4213 3.2779 2.86347 107.532 869.778
202.768 67.4572 3.30507 2.8733 94.1025 856.553
203.811 68.2575 3.28653 2.8603 106.289 946.799
206.028 68.4414 3.28139 2.87904 105.308 977.9
208.187 68.1343 3.29957 2.89616 103.221 966.468
210.384 68.0584 3.31066 2.88288 134.404 992.157
211.513 68.0748 3.31737 2.95502 98.2405 1015.01
214.432 68.1207 3.31025 2.85773 129.34 1084.75
218.405 68.1861 3.32773 2.846 121.731 1199.44
220.465 68.6043 3.33044 2.8624 71.7542 1293.45
222.103 68.3889 3.33321 2.89767 71.743 1330.62
223.281 66.3701 3.31708 2.94142 209.98 1256.12
193.671 65.4742 3.28151 2.80357 92.7829 791.01
198.75 66.442 3.30161 2.86539 82.418 771.933
200.349 66.6001 3.28473 2.87644 95.7098 771.59
202.227 66.8332 3.30024 2.84832 78.9545 787.659
204.275 67.0486 3.30345 2.90479 131.01 813.788
206.517 67.2221 3.3074 2.87513 158.947 849.214
207.821 67.5076 3.31182 2.90074 118.138 895.223
212.113 67.5187 3.32397 2.92631 117.997 974.179
214.357 67.5933 3.32066 2.83652 118.841 1036.11
215.855 67.6946 3.31621 2.81732 124.318 1085.71
220.128 67.6136 3.3272 2.93068 97.9841 1212.55
224.214 67.6106 3.30368 2.90948 155.541 1356.92
226.258 67.441 3.31562 2.9128 223.79 1425.48
195.961 64.9941 3.26989 2.83396 87.6304 682.97
197.645 65.3936 3.53726 2.84352 60.5543 681.699
199.349 65.5011 3.29771 2.86617 113.602 663.696
201.346 65.895 3.28087 2.8382 94.8914 686.872
202.913 66.1434 3.30484 2.88039 105.568 710.014
206.494 66.5156 3.31593 2.86714 130.524 772.681
208.493 66.9214 3.3176 2.86302 125.262 843.651
209.976 66.7108 3.33448 2.94399 130.116 849.777
212.525 66.7004 3.32185 2.83645 150.71 908.761
213.899 66.7653 3.32936 2.84544 94.0774 952.067
216.215 66.9498 3.33133 2.87981 139.065 1036.58
218.345 66.8088 3.32317 2.94084 106.286 1096.53
221.978 66.9116 3.31223 2.92161 150.322 1234.28
223.778 66.9808 3.31362 2.91049 269.228 1306.64
225.729 66.9227 3.31988 2.92308 160.891 1380.38
200.087 64.937 3.28392 2.87314 127.376 593.566
201.637 65.1527 3.28509 2.84023 89.6156 603.08
203.551 65.5276 3.30374 2.89674 124.405 642.193
205.119 65.4924 3.3088 2.86465 125.931 647.363
207.195 65.6571 3.33293 2.91522 149.896 691.152
208.623 65.8937 3.33503 2.92828 163.572 741.073
210.457 65.8251 3.32711 2.8834 115.465 775.59
212.122 65.8371 3.33265 2.85397 180.308 821.512
214.18 66.267 3.32602 2.86334 66.506 919.035
214.181 66.267 3.32736 2.86255 86.0763 919.066
218.473 66.2305 3.31505 2.92202 209.732 1062.53
221.631 66.2191 3.31595 2.94136 197.67 1182.6
225.657 65.8052 3.33807 2.99783 64.4404 1330.83
214.843 62.3987 3.33167 3.07446 103.842 706.126
213.052 64.4091 3.30669 2.97522 157.088 738.596
199.305 63.8864 3.29124 2.82733 107.541 495.892
205.522 64.7962 3.30977 2.84568 122.983 575.916
208.018 65.18 3.331 2.92585 160.555 657.259
210.64 65.1479 3.33902 2.86696 135.021 718.698
216.846 65.3064 3.32269 2.94856 296.896 942.48
218.385 65.6035 3.32017 2.96137 248.51 1020.31
220.064 65.4483 3.3216 2.97164 202.489 1078.91
221.694 65.3609 3.3344 3.00836 150.66 1142.67
223.623 65.2225 3.34536 3.02011 85.5949 1220.25
196.446 62.7492 3.27847 2.87977 124.397 479.295
199.398 63.2842 3.29691 2.80327 136.577 433.324
200.922 63.3965 3.29828 2.87324 113.551 417.224
203.285 63.465 3.29504 2.87849 181.871 411.89
204.379 63.994 3.30568 2.84973 130.983 476.676
205.853 64.1767 3.3372 2.94321 197.274 514.373
214.63 64.613 3.30674 2.94632 224.624 812.388
216.436 64.5012 3.32632 2.99493 218.758 877.884
221.784 64.453 3.34804 3.01942 82.9405 1109.12
221.784 64.4525 3.34374 3.01952 47.1685 1109.07
223.67 64.5753 3.34492 3.04166 105.054 1199.43
195.344 61.9331 3.29231 2.88822 95.8884 475.844
198.469 62.2938 3.30297 2.95164 141.741 369.125
201.699 62.7161 3.29346 2.85756 133.822 334.25
205.93 63.3569 3.33895 2.89062 183.792 430.369
214.222 63.8036 3.3232 2.99899 281.965 745.405
217.924 64.0292 3.35167 3.01959 97.5853 917.713
222.48 63.8433 3.36593 3.06234 51.1406 1121.53
197.317 61.3416 3.28538 2.88104 110.136 352.704
198.513 61.678 3.31766 2.91354 116.672 320.034
200.525 61.7105 3.30239 2.85322 159.578 251.848
201.703 62.1344 3.28854 2.83031 169.573 271.031
203.311 62.2195 3.27682 2.78801 153.558 273.46
205.146 62.1816 3.37327 2.97152 247.869 294.454
206.12 62.4787 3.37259 2.98081 288.462 347.609
216.652 63.0254 3.35993 3.1209 128.014 816.793
218.173 63.0618 3.35628 3.10368 93.0196 890.947
221.871 63.109 3.32813 3.08418 59.7995 1073.19
193.799 60.3849 3.23964 2.76073 174.419 511.067
196.65 60.4135 3.25975 2.83876 196.041 355.155
198.04 60.7515 3.28361 2.95771 129.225 290.465
199.312 60.6947 3.27819 2.94749 137.435 223.981
201.041 61.0224 3.30231 2.90484 190.62 173.008
202.562 61.4009 3.28703 2.89458 195.78 182.321
204.176 61.4907 3.36763 2.90607 211.744 203.589
205.609 61.9037 3.37084 2.9681 382.019 279.16
206.868 61.8823 3.35166 3.02018 331.27 318.791
209.88 61.7531 3.33444 2.98422 197.02 439.199
213.825 62.1067 3.31747 3.05985 75.7348 645.503
217.004 62.4013 3.29498 3.00912 165.69 813.098
218.122 62.3579 3.29802 3.03751 125.442 868.189
221.538 62.4435 3.29989 2.97767 187.344 1043.63
223.206 62.5763 3.30784 2.98312 144.654 1130.81
225.609 62.2024 3.30306 2.98937 98.6558 1251.4
198.315 59.9237 3.2728 2.95782 250.012 257.818
199.908 60.1686 3.26382 2.95331 219.636 173.086
205.516 60.8132 3.38194 3.05908 475.43 185.107
207.791 61.2001 3.34491 3.01976 284.306 312.012
215.402 61.6061 3.29778 2.92256 109.549 711.343
224.22 61.4862 3.27226 2.96803 75.0967 1176.71
226.918 61.1512 3.27128 2.95721 49.0996 1322.45
198.736 59.2533 3.28865 2.92405 256.706 243.009
200.175 59.1767 3.32812 2.99084 312.315 168.394
205.68 60.1952 3.4198 3.06499 262.838 161.852
207.376 60.0815 3.39544 3.04161 144.928 252.303
210.276 60.4814 3.26594 2.78772 126.93 416.984
219.809 60.7718 3.20921 2.72189 62.9738 939.402
223.909 60.7704 3.26637 2.95073 64.317 1162.65
190.452 56.6011 3.32104 2.91194 64.5539 811.653
206.768 59.6524 3.3479 2.98344 301.341 217.79
212.597 59.9979 3.28336 2.89306 132.864 542.741
222.262 59.6304 3.18531 2.54216 26.0666 1086.04
223.04 60.1218 3.19331 2.76848 55.2198 1121.61
226.285 59.5898 3.22558 2.78751 39.8405 1310.44
227.183 60.2114 3.28512 2.98001 48.4426 1348.21
212.566 65.1171 3.33809 2.90937 191.346 775.182
204.113 58.2637 3.35326 2.93233 191.082 181.912
204.991 58.6484 3.40117 3.00588 227.381 172.907
206.355 58.9287 3.4033 3.04626 182.052 217.62
207.606 58.6097 3.34005 2.88545 127.218 298.203
213.66 59.4296 3.18259 2.50441 129.839 607.85
202.426 57.5673 3.29151 2.80491 140.824 247.294
203.613 57.6397 3.36221 2.95727 162.324 241.169
205.548 57.5665 3.33527 2.92608 82.3447 289.654
229.033 59.3946 3.27173 2.91049 35.9703 1467.21
197.939 55.703 3.27561 2.80154 115.912 540.976
200.447 56.2848 3.22058 2.64659 142.703 414.739
212.138 64.8735 3.33531 2.92279 178.951 741.628
210.428 68.6408 3.29512 2.86098 117.847 1052.07
209.931 62.7622 2.78068 2.42692 95.7866 502.507
211.063 63.7323 3.32033 3.00312 228.103 615.837
211.14 63.4057 3.31067 3.04176 204.033 595.043
218.547 60.1369 3.81063 3.49304 127.308 872.874
217.908 60.4896 3.19472 2.78234 89.3893 835.82
217.507 60.403 3.2017 2.68877 27.7067 813.93
218.338 61.0595 3.25998 2.96211 80.6044 860.181
216.296 60.3923 3.18928 2.71258 147.751 747.217
216.716 60.1205 3.11388 2.52401 83.9987 771.418
215.271 60.5805 3.21354 2.76552 127.354 691.118
216.679 60.2805 3.17121 2.65831 96.0561 768.609
218.244 60.7315 3.24704 2.88845 54.6235 854.061
217.659 60.602 3.20492 2.80804 137.329 822.004
216.749 60.4427 3.203 2.72278 121.394 772.111
217.639 60.9231 3.27715 2.93867 91.7725 821.71
218.995 60.8241 3.2446 2.93278 46.5031 895.059
216.976 61.3836 3.27235 2.96509 99.7358 790.293
217.533 61.187 3.2483 2.92766 60.9976 817.81
218.652 60.2994 3.18013 2.75416 76.433 877.561
219.217 60.1294 3.16395 2.69648 144.018 910.076
218.856 60.4399 3.2193 2.81174 96.0007 888.067
216.546 61.2275 3.29741 2.97752 119.187 765.39
