# evlo=212.596893 evla=59.997898
225.449 60.24 3.08406 2.44332 38.4718 713.954
194.627 64.5646 3.24735 2.82048 117.036 1057.51
217.654 61.036 3.11142 2.61687 125.97 300.782
217.507 60.403 2.99599 2.27407 88.4363 275.967
218.338 61.0595 3.11067 2.66514 142.459 336.543
220.363 59.9534 2.96454 2.23465 146.964 433.452
216.3 60.3932 2.92761 2.17848 141.979 210.03
225.144 58.5792 3.2498 2.65702 77.9814 731.166
216.716 60.1205 2.80797 1.78636 163.548 229.798
215.395 60.9677 3.04052 2.57053 337.867 187.978
209.013 64.0997 3.30139 2.87887 39.2134 493.905
209.094 59.7511 3.22459 2.85108 386.08 198.111
209.259 59.7417 3.20695 2.82003 302.89 189.153
210.701 64.1732 3.30914 2.98203 77.2735 475.699
208.846 60.7683 3.18103 2.57625 171.268 223.931
207.916 63.4188 3.28081 2.87471 108.894 454.338
212.195 64.6453 3.30415 2.98219 62.1183 518.372
200.411 54.831 3.10695 2.50019 55.0459 928.959
207.685 63.8827 3.30374 2.85854 76.0131 503.604
208.763 59.5251 3.20344 2.79292 305.821 221.796
209.796 67.2269 3.30219 3.05878 73.0286 817.501
216.907 60.7523 3.03504 2.4868 156.441 252.16
218.66 60.9649 3.10543 2.70658 130.219 350.215
209.738 62.4058 3.31324 2.97442 132.841 309.17
212.624 63.0753 3.30818 2.92902 111.479 342.942
214.225 61.1292 3.16121 2.69915 253.601 154.471
215.93 63.6482 3.25699 2.91854 97.2507 442.968
209.784 61.1426 3.24707 2.88906 197.924 200.139
214.766 66.5657 3.29101 2.89994 47.2779 740.016
188.296 63.7758 3.23614 2.75543 156.993 1335.97
203.121 64.7461 3.25811 2.85511 112.247 720.087
211.074 61.771 3.33019 2.85133 156.158 214.167
216.188 61.4417 3.11327 2.72078 227.491 253.506
215.271 60.5805 2.99232 2.3639 289.185 161.502
216.679 60.2805 2.88873 2.06761 138.973 228.961
218.244 60.7315 3.07214 2.57552 103.061 322.072
213.052 64.4091 3.29016 2.93255 75.9533 492.189
215.738 60.3351 2.97727 2.21011 169.776 178.358
208.348 59.6572 3.22763 2.84362 246.504 241.254
217.659 60.6024 2.99974 2.46025 117.588 287.834
215.581 59.9268 2.86082 1.77244 238.073 166.888
216.749 60.4427 2.96964 2.26156 159.528 235.378
217.639 60.9231 3.11252 2.58299 141.572 295.896
214.077 61.4924 3.22942 2.80633 215.215 185.056
211.542 61.4131 3.32979 2.77057 164.42 167.884
197.4 66.8951 3.2614 2.78392 52.1979 1074.41
209.077 63.5527 3.3289 2.88451 81.0515 437.41
218.995 60.824 3.1012 2.68541 91.3523 364.24
216.976 61.3836 3.12352 2.67427 272.334 284.65
211.063 63.7318 3.31657 2.99724 105.382 423.848
211.768 64.9602 3.31757 2.96319 56.0491 554.7
218.049 60.1785 2.94055 2.16184 106.354 304.025
209.256 65.0304 3.29492 2.91932 102.366 586.5
210.931 64.5928 3.31271 2.93911 77.9086 519.303
216.031 60.2361 2.92381 2.10146 241.651 192.748
191.145 52.9721 3.22842 2.69013 91.6051 1525.59
217.533 61.1871 3.11911 2.67261 230.798 301.093
218.652 60.2994 2.95025 2.30361 40.6305 337.922
211.14 63.4056 3.32059 2.99815 112.066 387.477
219.217 60.1294 2.91881 2.22016 128.121 368.839
216.221 60.072 2.86452 1.807 196.562 202.155
218.856 60.4399 3.00776 2.45455 69.6293 350.272
216.546 61.2275 3.09365 2.67236 292.495 255.929
207.417 57.7828 3.15859 2.63783 153.917 387.237
212.138 64.8736 3.30326 2.96418 55.6953 543.919
198.929 70.2043 3.28721 2.68535 19.319 1299.86
203.383 71.3221 3.20882 2.74702 53.6387 1328.34
234.753 71.9871 3.40016 2.90825 22.9464 1652.25
198.198 69.3641 3.31421 2.73069 37.0488 1243.23
202.84 70.0079 3.20389 2.71889 51.7571 1203.71
205.387 69.6211 3.38059 2.82287 33.7066 1124.38
194.656 68.2746 3.24777 2.79971 41.0638 1261.43
196.822 68.4753 3.25451 2.80959 42.4599 1208.75
209.387 69.836 3.22209 2.75509 62.1006 1106.93
211.299 69.72 3.25182 2.87119 34.738 1085.59
215.088 69.9175 3.26091 2.86079 76.8191 1111.95
216.289 69.626 3.25949 2.86009 61.6165 1087.16
235.93 69.3475 3.32278 2.94453 43.2687 1508.14
196.917 67.6988 3.26575 2.84094 34.8972 1147.6
203.387 68.7132 3.40068 2.86618 25.8019 1065.95
207.318 68.8799 3.26086 2.89043 40.3757 1021.4
209.319 68.9656 3.25349 2.84013 45.5817 1011.74
211.177 69.1532 3.2572 2.85767 40.2586 1022.87
213.625 69.322 3.26785 2.86776 60.8912 1040.63
219.035 69.243 3.27787 2.89532 53.5208 1074.32
221.263 69.3286 3.2772 2.9204 38.2997 1117.03
198.174 67.082 3.27477 2.85639 44.8622 1061.77
199.397 67.4213 3.28441 2.83673 43.228 1049.37
202.768 67.4572 3.43871 2.92588 25.8605 960.368
203.811 68.2575 3.41703 2.89316 45.9938 1013.05
208.187 68.1343 3.44748 2.93175 46.0574 931.639
210.384 68.0584 3.28265 2.9262 60.5107 904.901
211.513 68.0748 3.28606 2.91434 65.8676 901.908
214.432 68.1207 3.27741 2.86612 59.4705 909.827
218.405 68.1861 3.28684 2.9001 81.4895 954.73
220.465 68.6043 3.28724 2.92196 49.3221 1030.34
222.103 68.3889 3.28529 2.9264 52.842 1040.54
223.281 66.3701 3.27614 2.90879 65.9104 888.502
193.671 65.4742 3.25207 2.85228 65.4965 1137.31
195.352 65.7077 3.25017 2.84774 78.3485 1078.82
198.75 66.442 3.26789 2.83626 63.8331 996.236
200.349 66.6001 3.27952 2.83676 41.2482 955.209
202.227 66.8332 3.28677 2.83842 26.4913 918.747
206.517 67.2221 3.28415 2.89694 66.1798 858.958
207.821 67.5076 3.28281 2.92107 55.4255 869.063
212.113 67.5187 3.30199 2.90826 42.8574 838.697
214.357 67.5933 3.29084 2.88345 71.8175 851.029
215.855 67.6946 3.28035 2.87206 75.7724 872.522
220.128 67.6136 3.28121 2.93556 60.5982 924.951
224.214 67.6106 3.27419 2.85448 66.6277 1020.01
226.258 67.441 3.29051 2.91043 70.4024 1064.88
195.961 64.9941 3.24116 2.85194 53.2476 1017.67
197.645 65.3936 3.24253 2.84117 78.8737 969.407
199.349 65.5011 3.2486 2.84745 62.2204 910.332
201.346 65.895 3.26794 2.86711 69.001 868.23
202.913 66.1434 3.28577 2.82431 65.3537 839.935
206.494 66.5156 3.29701 2.90194 63.9176 787.642
208.493 66.9214 3.29847 2.88368 92.8387 798.009
209.976 66.7108 3.29199 2.95504 74.0568 759.508
212.525 66.7004 3.30333 2.8965 80.9213 747.113
213.899 66.7653 3.29698 2.89929 64.0934 757.103
216.215 66.9498 3.28453 2.88502 96.3944 795.298
218.345 66.8088 3.28475 2.93695 94.9316 810.906
221.978 66.9116 3.27118 2.8733 49.3978 899.46
223.778 66.9808 3.28731 2.87929 66.7334 954.155
225.729 66.9227 3.27452 2.90684 69.5303 1008.21
197.761 64.6379 3.23938 2.83685 74.2372 923.447
200.087 64.937 3.23905 2.84797 93.5207 845.68
201.637 65.1527 3.25776 2.85135 89.8976 802.607
203.551 65.5276 3.27829 2.8082 83.3805 768.776
207.195 65.6571 3.28883 2.89802 94.31 687.655
208.623 65.8937 3.29832 2.88363 84.6946 687.085
210.457 65.8251 3.29217 2.95784 77.3904 658.446
212.122 65.8371 3.31056 2.95814 81.0216 651.278
214.18 66.267 3.29138 2.90244 20.4519 703.266
214.181 66.267 3.28733 2.87834 45.9275 703.271
218.473 66.2305 3.27775 2.92043 83.7534 754.608
221.631 66.2191 3.27475 2.87258 52.5162 828.21
225.657 65.8052 3.2497 2.91004 77.9678 923.963
214.843 62.3987 3.23128 2.92822 206.456 293.487
213.052 64.4091 3.29016 2.93255 75.9533 492.189
199.305 63.8864 3.23391 2.81668 115.218 819.054
205.522 64.7962 3.27763 2.79351 69.2708 647.144
208.018 65.18 3.27463 2.93519 59.617 623.27
210.64 65.1479 3.30192 2.97948 99.806 582.672
216.846 65.3064 3.28941 2.93011 109.26 630.157
218.385 65.6035 3.27562 2.9159 123.412 690.387
220.064 65.4483 3.26941 2.89497 59.3164 716.543
221.694 65.3609 3.25719 2.91396 101.464 756.409
223.623 65.2225 3.25053 2.91838 96.7512 810.034
196.446 62.7492 3.22381 2.77389 146.844 913.467
199.398 63.2842 3.235 2.85909 139.177 787.748
200.922 63.3965 3.23256 2.85542 93.676 723.062
203.285 63.465 3.22885 2.83323 89.3851 624.764
204.379 63.994 3.2414 2.89215 81.2467 618.626
205.853 64.1767 3.26505 2.82526 102.108 583.333
214.63 64.613 3.28054 2.90721 68.4752 524.989
216.436 64.5012 3.26347 2.90815 145.839 539.864
221.784 64.453 3.22366 2.87003 132.061 687.833
221.784 64.4525 3.22231 2.86825 82.15 687.774
223.67 64.5753 3.22266 2.89173 152.18 766.604
195.344 61.9331 3.25798 2.82202 64.4619 955.955
198.469 62.2938 3.22386 2.79196 115.053 800.837
201.699 62.7161 3.21904 2.81617 183.046 655.899
205.93 63.3569 3.24026 2.88676 104.378 514.035
214.222 63.8036 3.28589 2.94203 85.1241 432.6
217.924 64.0292 3.25495 2.89832 87.2511 528.467
222.48 63.8433 3.22544 2.87784 157.419 671.962
197.317 61.3416 3.27037 2.81732 104.988 846.581
198.513 61.678 3.25171 2.77854 80.0148 786.751
200.525 61.7105 3.23305 2.75505 78.4399 682.202
201.703 62.1344 3.21116 2.77086 171.398 633.605
203.311 62.2195 3.20793 2.83678 154.121 557.87
205.146 62.1816 3.20657 2.82928 239.638 469.52
206.12 62.4787 3.22701 2.88352 163.109 443.944
216.652 63.0254 3.22595 2.88301 196.666 400.366
218.173 63.0618 3.1788 2.84852 150.099 451.98
221.871 63.109 3.2165 2.89526 173.426 601.839
193.799 60.3849 3.25884 2.8037 174.625 1040.21
196.65 60.4135 3.26303 2.84421 124.945 883.35
198.04 60.7515 3.26374 2.84389 127.79 805.766
199.312 60.6947 3.25446 2.82084 144.373 736.374
201.041 61.0224 3.24972 2.78691 133.619 644.173
202.562 61.4009 3.24569 2.75394 123.348 569.267
204.176 61.4907 3.21285 2.72822 123.027 488.069
205.609 61.9037 3.2002 2.82494 247.018 433.866
206.868 61.8823 3.19577 2.85716 207.831 374.667
209.88 61.7531 3.30563 2.87127 166.197 244.983
212.274 61.7929 3.25562 3.04102 96.8022 200.779
213.825 62.1067 3.26247 2.88328 96.6903 244.158
217.004 62.4013 3.15667 2.82884 152.574 357.43
218.122 62.3579 3.14739 2.83299 210.792 396.664
221.538 62.4435 3.20059 2.81505 158.594 551.64
223.206 62.5763 3.21323 2.84916 145.353 636.282
225.609 62.2024 3.21511 2.82818 168.387 742.068
198.315 59.9237 3.26949 2.89548 93.5383 796.376
199.908 60.1686 3.26598 2.89359 110.029 705.435
201.231 60.4742 3.25345 2.84505 183.647 631.131
202.813 60.5269 3.24955 2.8244 138.924 544.281
204.11 60.6801 3.22858 2.79393 178.066 474.474
205.516 60.8132 3.21239 2.73147 215.822 400.474
207.791 61.2001 3.17111 2.66686 215.308 295.318
215.402 61.6061 3.16427 2.72585 168.239 235.396
222.911 61.4593 3.16651 2.79401 168.145 585.223
224.22 61.4862 3.17922 2.79342 101.599 654.358
226.918 61.1512 3.19528 2.83851 80.2728 794.009
198.736 59.2533 3.29098 2.90252 89.6386 785.069
200.175 59.1767 3.29806 2.92713 93.8107 706.6
201.907 59.5938 3.28883 2.89838 175.898 601.204
202.905 59.7733 3.28336 2.89306 132.864 542.741
204.792 59.8542 3.27191 2.87928 137.495 436.524
205.68 60.1952 3.22608 2.80123 165.227 385.293
207.376 60.0815 3.22181 2.79046 181.059 291.05
219.809 60.7718 3.11426 2.63232 119.199 406.789
223.909 60.7704 3.17066 2.84557 98.5324 629.007
190.452 56.6011 3.31156 2.8679 35.1757 1345.31
202.009 59.0314 3.30673 2.92574 170.955 608.316
203.561 59.1953 3.30005 2.91908 180.87 517.697
204.771 59.3922 3.27848 2.88989 249.853 445.573
206.768 59.6524 3.23672 2.85428 262.797 329.11
223.04 60.1218 3.08454 2.64398 81.4077 581.242
226.285 59.5898 3.15367 2.56492 93.3928 768.523
212.566 65.1171 3.31398 2.98368 78.5355 570.559
203.344 58.6774 3.28098 2.88577 154.836 546.221
204.113 58.2637 3.25156 2.90549 174.895 522.276
204.991 58.6484 3.25134 2.87853 211.527 458.067
206.355 58.9287 3.23975 2.85918 205.024 373.238
207.606 58.6097 3.17014 2.73718 169.197 323.551
227.731 58.9601 3.19747 2.58734 57.7817 863.529
202.426 57.5673 3.25502 2.86582 141.208 646.701
203.613 57.6397 3.22907 2.81368 167.376 581.108
205.548 57.5665 3.17572 2.73353 108.933 489.083
229.033 59.3946 3.19301 2.68704 41.091 925.545
197.939 55.703 3.20373 2.68615 112.678 990.128
228.869 57.9128 3.27378 2.73492 32.1679 962.108
210.428 68.6408 3.26648 2.8757 66.0198 969.065
211.063 63.7323 3.31695 2.99758 105.382 423.896
211.14 63.4057 3.32063 2.99819 112.066 387.482
217.507 60.403 2.99599 2.27407 88.4363 275.967
218.338 61.0595 3.11072 2.66518 142.459 336.548
216.296 60.3923 2.92478 2.17638 141.979 209.827
216.716 60.1205 2.80797 1.78636 163.548 229.798
215.271 60.5805 2.99232 2.3639 289.185 161.502
216.679 60.2805 2.88873 2.06761 138.973 228.961
218.244 60.7315 3.07214 2.57552 103.061 322.072
217.659 60.602 2.99937 2.45995 117.588 287.799
216.749 60.4427 2.96964 2.26156 159.528 235.378
217.639 60.9231 3.11241 2.5829 141.572 295.886
218.995 60.8241 3.10122 2.68542 91.3523 364.242
216.976 61.3836 3.12352 2.67427 272.334 284.65
218.049 60.1785 2.94055 2.16184 106.354 304.025
216.031 60.2361 2.92381 2.10146 241.651 192.748
217.533 61.187 3.11916 2.67266 230.798 301.098
218.652 60.2994 2.95025 2.30361 40.6305 337.922
219.217 60.1294 2.91881 2.22016 128.121 368.839
216.221 60.072 2.86452 1.807 196.562 202.155
218.856 60.4399 3.00776 2.45455 69.6293 350.272
216.546 61.2275 3.09365 2.67236 292.495 255.929
