# evlo=210.427597 evla=68.6408
225.449 60.24 3.29613 2.89551 23.9979 1176.78
194.627 64.5646 3.26163 2.83578 91.5091 831.349
217.908 60.4896 3.26972 2.95074 71.0217 975.282
217.654 61.036 3.25157 2.92209 95.8738 913.139
218.338 61.0595 3.26228 2.93191 63.9275 923.065
220.363 59.9534 3.26983 2.90036 135.209 1078.26
225.144 58.5792 3.3093 2.94684 81.4641 1330.63
215.395 60.9677 3.26901 2.85467 80.3304 886.732
209.013 64.0997 3.2465 2.84253 183.034 510.297
209.094 59.7511 3.22356 2.75159 92.44 993.073
209.259 59.7417 3.22965 2.82174 66.5978 993.642
210.701 64.1732 3.23361 2.80523 205.218 498.343
208.846 60.7683 3.22019 2.77974 127.755 880.844
207.916 63.4188 3.27252 2.8724 105.515 593.207
212.195 64.6453 3.24124 2.7585 200.209 452.328
204.378 55.8218 3.26642 2.86724 60.4754 1461.16
200.411 54.831 3.27994 2.79153 58.0519 1622.52
207.685 63.8827 3.26063 2.84199 175.506 544.573
208.763 59.5251 3.21809 2.74714 150.908 1019.34
209.796 67.2269 3.18414 2.88981 427.991 159.905
216.907 60.7523 3.33856 3.23652 62.8383 931.004
218.66 60.9649 3.2583 2.91166 110.96 939.071
209.738 62.4058 3.24066 2.80798 157.093 695.922
212.624 63.0753 3.2298 2.81293 170.608 628.53
214.225 61.1292 3.25842 2.86025 113.052 856.173
215.93 63.6482 3.27551 2.88819 151.476 609.08
214.25 60.5487 3.24667 2.86369 139.795 920.095
196.582 54.8564 3.28765 2.79173 27.9975 1692.08
213.401 60.7277 3.26659 2.89269 116.963 893.29
209.784 61.1426 3.25253 2.8525 107.301 836.519
214.766 66.5657 3.15712 2.74453 240.192 295.857
203.121 64.7461 3.26302 2.86975 174.423 540.357
211.074 61.771 3.26319 2.84934 171.231 766.534
212.904 60.8792 3.25881 2.88362 89.7337 873.139
215.271 60.5805 3.2559 2.86939 86.4042 927.323
218.244 60.7315 3.24533 2.91167 68.6114 955.697
213.052 64.4091 3.24115 2.78419 233.122 486.002
213.497 60.396 3.25573 2.86428 83.6342 930.615
215.738 60.3351 3.25455 2.85297 85.0164 959.634
208.348 59.6572 3.20356 2.69219 113.448 1006.43
217.659 60.6024 3.44175 2.96717 69.6513 959.098
225.615 58.2758 3.30633 2.92999 53.1091 1373.17
215.581 59.9268 3.20466 2.72358 54.953 1002.14
217.639 60.9231 3.25529 2.93005 121.416 924.811
214.077 61.4924 3.26559 2.87085 133.222 814.935
211.542 61.4131 3.2687 2.88342 159.87 807.506
209.077 63.5527 3.25313 2.85698 155.513 570.611
218.995 60.824 3.25617 2.90293 132.685 960.268
216.976 61.3836 3.2431 2.88686 82.8602 864.895
211.063 63.7318 3.23792 2.79648 243.49 548.142
211.768 64.9602 3.22906 2.77598 186.433 414.643
218.049 60.1785 3.25871 2.89773 56.5838 1010.65
209.256 65.0304 3.23248 2.84492 189.887 405.885
210.931 64.5928 3.2202 2.79835 253.452 451.963
216.031 60.2361 3.2492 2.82329 85.4685 974.098
191.145 52.9721 3.28459 2.76775 82.6164 2017.15
214.53 62.9699 3.25942 2.78922 101.974 659.24
219.747 60.0959 3.25687 2.86705 86.51 1050.87
220.599 59.667 3.27197 2.8868 152.148 1112.79
214.475 65.5174 3.19068 2.7652 285.998 390.076
207.811 62.8962 3.26686 2.84823 131.587 651.52
217.533 61.1871 3.24644 2.9032 85.3116 895.097
211.667 60.8584 3.26705 2.86932 117.449 869.601
215.323 60.3863 3.2444 2.86532 47.6833 949.075
210.261 61.0889 3.25927 2.85349 135.684 841.994
197.092 68.0541 3.09511 2.66474 123.551 552.115
215.154 63.7399 3.27586 2.82818 80.039 586.131
218.652 60.2994 3.2467 2.95309 68.5398 1008.55
211.14 63.4056 3.24096 2.81974 206.299 584.646
219.217 60.1294 3.22978 2.88934 110.784 1036.98
211.668 61.807 3.26627 2.89016 167.081 764.104
212.671 61.832 3.26898 2.88333 156.768 766.234
216.01 63.9761 3.25561 2.87953 209.885 576.757
214.792 60.5341 3.23211 2.82798 107.372 927.068
205.816 56.5593 3.27444 2.86461 51.2287 1366.26
208.468 61.98 3.2498 2.88781 135.95 748.157
209.777 60.5117 3.25276 2.86976 69.251 906.796
189.752 57.1766 3.30368 2.87776 81.4085 1637.65
209.253 61.4636 3.24799 2.86456 152.227 802.074
216.221 60.072 3.24886 2.83075 69.4729 994.357
210.547 60.1043 3.27273 2.91126 111.482 951.681
218.856 60.4399 3.23797 2.89661 50.7467 997.612
217.171 60.7541 3.31328 3.20798 51.5152 934.956
192.073 65.5598 3.26775 2.8171 64.0471 863.972
216.546 61.2275 3.28262 2.9695 56.0324 874.67
226.475 68.3065 3.19087 2.82796 115.669 656.549
207.417 57.7828 3.20334 2.7593 74.4826 1219.35
212.138 64.8736 3.23089 2.76357 278.039 426.777
198.929 70.2043 2.89535 2.1016 66.6627 482.855
203.383 71.3221 3.03949 2.37611 268.025 401.983
205.026 71.0033 3.02239 2.35322 134.69 335.516
198.198 69.3641 2.94008 2.18131 99.0444 494.98
205.387 69.6211 2.90409 2.18824 81.5129 228.257
206.58 70.34 2.9792 2.31099 154.364 241.938
200.413 69.1049 2.95585 2.22732 93.3818 405.861
205.217 69.1565 3.01935 2.33183 167.703 217.13
215.088 69.9175 3.15714 2.61714 119.53 232.648
216.289 69.626 3.19189 2.91746 76.3737 257.552
235.93 69.3475 3.17469 2.75591 94.3886 1016.2
196.917 67.6988 3.10587 2.72325 60.7456 569.428
201.885 68.4946 3.11818 2.72984 94.3037 348.598
203.387 68.7132 3.02699 2.41263 87.6901 285.791
219.035 69.243 3.24786 2.94219 97.1895 351.464
221.263 69.3286 3.18768 2.86228 43.8766 439.963
198.174 67.082 3.20974 2.87263 64.7075 542.976
199.397 67.4213 3.18042 2.84618 126.339 479.597
202.768 67.4572 3.21263 2.84856 130.244 345.539
203.811 68.2575 3.15067 2.72935 122.666 274.532
206.028 68.4414 3.13064 2.73761 167.344 181.029
214.432 68.1207 3.14492 2.82056 228.594 174.594
218.405 68.1861 3.17947 2.84785 211.607 331.32
220.465 68.6043 3.17987 2.83453 149.327 408.047
222.103 68.3889 3.19433 2.83739 141.033 477.522
223.281 66.3701 3.21773 2.76836 182.989 603.097
198.75 66.442 3.25133 2.8605 49.6544 553.966
200.349 66.6001 3.22236 2.82173 31.8598 484.328
204.275 67.0486 3.18764 2.84939 103.1 313.846
206.517 67.2221 3.17887 2.80001 218.29 227.835
207.821 67.5076 3.14273 2.79591 234.267 166.654
214.357 67.5933 3.15735 2.63489 115.055 200.898
215.855 67.6946 3.12654 2.72864 218.026 248.698
220.128 67.6136 3.21017 2.83523 105.228 418.92
224.214 67.6106 3.20908 2.81938 68.3006 583.509
226.258 67.441 3.21966 2.83121 97.7235 672.293
195.961 64.9941 3.2689 2.86622 50.879 751.916
197.645 65.3936 3.25567 2.86068 55.0903 662.586
199.349 65.5011 3.26549 2.87762 63.8709 594.259
201.346 65.895 3.24658 2.86872 102.102 496.445
202.913 66.1434 3.22731 2.87011 94.735 425.623
206.494 66.5156 3.20167 2.85842 204.43 290.11
208.493 66.9214 3.20215 2.83329 225.691 208.417
209.976 66.7108 3.19936 2.87207 265.282 216.103
212.525 66.7004 3.17975 2.7828 285.98 233.948
213.899 66.7653 3.13731 2.7427 237.169 255.597
216.215 66.9498 3.11257 2.64071 88.1369 308.335
218.345 66.8088 3.17961 2.76295 93.7997 392.014
221.978 66.9116 3.20556 2.78697 94.943 523.469
223.778 66.9808 3.20236 2.71415 99.0814 591.18
225.729 66.9227 3.21678 2.77277 44.3452 671.765
197.761 64.6379 3.27023 2.86911 56.3579 714.406
200.087 64.937 3.2607 2.87858 72.7948 613.073
201.637 65.1527 3.25178 2.86941 72.5508 546.405
203.551 65.5276 3.24688 2.86097 112.834 457.628
205.119 65.4924 3.24193 2.87709 168.817 419.924
207.195 65.6571 3.22601 2.85347 224.871 360.944
208.623 65.8937 3.21736 2.86167 241.323 316.077
210.457 65.8251 3.20907 2.88696 198.551 314.023
212.122 65.8371 3.19985 2.71196 161.269 321.102
214.18 66.267 3.14998 2.72062 85.579 309.545
214.181 66.267 3.15053 2.71845 116.916 309.567
218.473 66.2305 3.1804 2.74918 136.482 436.545
221.631 66.2191 3.20877 2.78987 59.7157 549.673
225.657 65.8052 3.24003 2.79417 51.9106 727.682
214.843 62.3987 3.27061 2.83178 99.9107 724.891
213.052 64.4091 3.24115 2.78419 233.122 486.002
199.305 63.8864 3.27385 2.88104 85.2947 726.537
205.522 64.7962 3.25383 2.88012 109.899 479.947
208.018 65.18 3.25158 2.85579 203.416 400.034
210.64 65.1479 3.21464 2.86031 224.767 389.638
216.846 65.3064 3.21078 2.76276 164.935 465.154
218.385 65.6035 3.19913 2.7052 52.0973 483.053
220.064 65.4483 3.20035 2.79009 97.3728 549.235
221.694 65.3609 3.21199 2.7846 105.793 611.11
223.623 65.2225 3.23623 2.8177 66.4709 689.578
196.446 62.7492 3.27375 2.85759 95.0524 914.785
199.398 63.2842 3.28948 2.9186 65.0905 777.629
200.922 63.3965 3.28228 2.88677 75.0166 724.916
203.285 63.465 3.29209 2.89923 97.7802 660.738
204.379 63.994 3.27863 2.8919 115.886 584.247
205.853 64.1767 3.25752 2.87253 140.367 537.776
214.63 64.613 3.25359 2.8466 137.551 485.938
216.201 64.5654 3.22769 2.7998 49.8063 521.085
216.436 64.5012 3.22698 2.82447 206.218 532.595
221.784 64.453 3.20386 2.78351 79.3441 685.616
221.784 64.4525 3.20094 2.78644 50.1753 685.639
223.67 64.5753 3.23151 2.8112 60.7211 739.085
195.344 61.9331 3.28224 2.87578 61.6627 1021.71
198.469 62.2938 3.2972 2.91272 68.8016 895.696
201.699 62.7161 3.29846 2.89519 73.2982 771.338
205.93 63.3569 3.2711 2.88836 154.479 623.183
214.222 63.8036 3.24987 2.85871 103.362 565.523
217.924 64.0292 3.23848 2.82265 251.241 613.302
222.48 63.8433 3.21394 2.7894 87.2174 759.124
197.317 61.3416 3.3034 2.91514 75.3401 1017.86
198.513 61.678 3.30102 2.90272 134.259 952.964
200.525 61.7105 3.30991 2.89544 97.0707 898.904
201.703 62.1344 3.30416 2.92905 63.1691 829.359
203.311 62.2195 3.2837 2.88556 92.1085 787.295
205.146 62.1816 3.28172 2.8705 104.046 760.163
206.12 62.4787 3.27432 2.8463 143.939 714.872
216.652 63.0254 3.28036 2.90182 139.482 686.936
218.173 63.0618 3.25131 2.83894 290.982 714.395
193.799 60.3849 3.28846 2.86779 52.7479 1210.7
196.65 60.4135 3.30621 2.89315 67.8071 1125.33
198.04 60.7515 3.30829 2.90534 98.7314 1055.39
199.312 60.6947 3.32313 2.91008 55.3044 1029.28
201.041 61.0224 3.29741 2.92007 60.289 956.747
202.562 61.4009 3.27846 2.87979 88.7878 886.635
204.176 61.4907 3.28781 2.88455 61.6617 848.714
205.609 61.9037 3.27809 2.84811 149.797 783.56
206.868 61.8823 3.26499 2.84885 120.785 771.35
209.88 61.7531 3.25509 2.84567 152.387 768.363
212.274 61.7929 3.26057 2.86542 90.2421 768.291
213.825 62.1067 3.25459 2.86487 183.502 745.196
217.004 62.4013 3.31243 3.16921 35.1614 758.303
218.122 62.3579 3.26713 2.87235 164.695 784.544
221.538 62.4435 3.28401 2.87765 115.988 858.176
223.206 62.5763 3.24459 2.80672 41.3233 893.334
225.609 62.2024 3.25761 2.86107 73.1611 1000.91
198.315 59.9237 3.31448 2.89523 25.3964 1130.62
199.908 60.1686 3.31001 2.92325 64.5743 1068.75
201.231 60.4742 3.25467 2.74694 56.2949 1009.15
202.813 60.5269 3.29066 2.8702 102.14 973.648
204.11 60.6801 3.29167 2.85989 80.094 936.253
205.516 60.8132 3.28436 2.8926 95.5876 902.823
207.791 61.2001 3.25424 2.89332 87.6462 838.7
215.402 61.6061 3.2795 2.8352 111.306 817.721
222.911 61.4593 3.28886 2.89181 100.353 989.341
226.918 61.1512 3.25237 2.87653 43.8696 1136.23
198.736 59.2533 3.32468 2.91156 53.9656 1188.58
200.175 59.1767 3.28601 2.85332 66.6701 1165.33
201.907 59.5938 3.29405 2.87466 142.368 1088.28
202.905 59.7733 3.29512 2.86098 117.847 1052.07
204.792 59.8542 3.29481 2.87652 118.566 1015.92
205.68 60.1952 3.29318 2.90352 77.4847 968.242
207.376 60.0815 3.28007 2.92503 80.0837 965.224
210.276 60.4814 3.26884 2.87945 114.963 909.677
219.809 60.7718 3.25849 2.86824 156.971 982.311
221.424 60.3024 3.26302 2.89294 114.373 1065.97
223.909 60.7704 3.30063 2.93237 56.8708 1082.79
190.452 56.6011 3.28664 2.82098 40.6735 1672.26
202.009 59.0314 3.29702 2.86427 107.517 1146.06
203.561 59.1953 3.30161 2.93475 67.7103 1103.92
204.771 59.3922 3.306 2.91131 95.4864 1066.38
206.768 59.6524 3.28121 2.92196 94.6651 1017.27
212.597 59.9979 3.26648 2.8757 66.0198 969.065
222.262 59.6304 3.26964 2.91102 130.967 1153.53
223.04 60.1218 3.2806 2.8943 134.412 1123.26
226.285 59.5898 3.3638 2.71451 22.9676 1262.96
227.183 60.2114 3.38046 3.04223 41.956 1230.68
212.566 65.1171 3.20882 2.74636 162.398 403.932
203.344 58.6774 3.30509 2.93327 66.7644 1162.89
204.113 58.2637 3.31959 2.91833 54.944 1197.32
204.991 58.6484 3.30313 2.91249 77.0748 1144.88
206.355 58.9287 3.28496 2.91066 125.895 1100.5
207.606 58.6097 3.20101 2.72113 45.7955 1126.59
213.66 59.4296 3.22647 2.75902 73.2964 1038.56
227.731 58.9601 3.28337 2.89734 26.8306 1365.31
202.426 57.5673 3.30213 2.90039 62.2358 1296.14
203.613 57.6397 3.31775 2.94623 44.6568 1271.59
205.548 57.5665 3.28729 2.899 53.4783 1257.74
224.26 58.4133 3.29189 2.94337 93.085 1324.8
225.482 58.2747 3.31081 2.94287 45.365 1369.79
229.033 59.3946 3.27418 2.88076 40.5453 1363.76
197.939 55.703 3.30034 2.86676 35.7784 1574.75
200.447 56.2848 3.27133 2.79217 64.8551 1465.83
223.768 57.9616 3.29327 2.93609 80.8774 1358.76
225.424 57.4688 3.31256 2.95054 63.369 1449.24
228.869 57.9128 3.29028 2.90691 34.1009 1499.56
227.048 56.8144 3.32097 2.92769 38.5777 1557.06
229.75 56.9811 3.28555 2.92354 25.4051 1615.95
212.138 64.8735 3.23133 2.76204 230.604 426.786
226.879 56.1146 3.33079 2.95022 38.8327 1623.34
228.385 55.3279 3.32315 2.94861 33.5114 1742.26
227.653 56.4191 3.31829 2.956 62.4464 1612.83
209.931 62.7622 2.52778 2.1238 116.872 655.87
211.063 63.7323 3.23761 2.7962 243.49 548.088
211.14 63.4057 3.24093 2.81971 206.299 584.64
218.547 60.1369 3.59483 3.16599 84.7409 1023.75
217.908 60.4896 3.26972 2.95074 71.0217 975.282
218.338 61.0595 3.26228 2.93192 63.9275 923.067
215.271 60.5805 3.2559 2.86939 86.4042 927.323
218.244 60.7315 3.24533 2.91167 68.6114 955.697
217.659 60.602 3.44188 2.96728 69.6513 959.133
217.639 60.9231 3.25528 2.93004 121.416 924.808
218.995 60.8241 3.25613 2.9029 132.685 960.258
216.976 61.3836 3.2431 2.88686 82.8602 864.895
218.049 60.1785 3.25871 2.89773 56.5838 1010.65
216.031 60.2361 3.2492 2.82329 85.4685 974.098
217.533 61.187 3.24649 2.90325 85.3116 895.111
218.652 60.2994 3.2467 2.95309 68.5398 1008.55
219.217 60.1294 3.22978 2.88934 110.784 1036.98
216.221 60.072 3.24886 2.83075 69.4729 994.357
218.856 60.4399 3.23797 2.89661 50.7467 997.612
216.546 61.2275 3.28262 2.9695 56.0324 874.67
