# evlo=218.545303 evla=60.2663
216.976 61.3836 3.23994 2.91186 122.892 150.95
216.546 61.2275 3.26087 2.99341 156.351 152.846
212.138 64.8736 3.26522 2.92636 169.479 609.431
218.842 64.7774 3.60307 2.79123 42.2787 503.009
212.952 61.1216 3.19681 2.85576 48.0723 319.953
216.976 61.3836 3.23994 2.91186 122.892 150.95
216.546 61.2275 3.26087 2.99341 156.351 152.846
210.59 60.0084 3.02878 2.51709 45.4468 442.699
210.402 60.8738 3.16208 2.8293 55.3835 451.338
209.918 61.8636 3.27304 3.04609 74.8411 498.21
210.519 60.6717 3.12258 2.71469 65.5184 443.537
209.518 60.7352 3.13689 2.71503 34.9154 498.451
208.723 60.6622 3.11608 2.65069 36.1021 541.674
212.047 60.7098 3.07618 2.6511 86.083 360.522
209.968 60.4881 3.11548 2.6686 73.8915 473.441
208.919 60.4641 3.13268 2.70183 34.659 531.226
210.813 60.8045 3.14509 2.76124 79.3584 428.44
209.518 60.7351 3.13675 2.71491 34.9154 498.429
