# evlo=225.752594 evla=60.433998
217.507 60.403 3.29114 3.0341 43.2028 454.003
216.3 60.3932 3.26604 3.03284 29.789 520.452
216.679 60.2805 3.24122 2.93191 35.7404 500.733
216.749 60.4427 3.29921 3.11239 35.3098 495.355
216.031 60.2361 3.21984 2.90314 26.8679 536.945
216.221 60.072 3.16122 2.68041 46.4584 528.869
236.736 59.4036 3.80559 3.25359 24.6717 624.213
235.766 58.6528 3.34494 2.96172 45.3508 599.478
235.227 58.6614 3.3458 2.98255 58.3989 570.501
234.233 58.9305 3.35567 3.01108 47.0065 505.817
233.891 59.4223 3.35981 2.99366 60.2927 468.533
233.05 59.6548 3.3463 2.97311 65.4368 415.575
232.224 60.0057 3.34646 2.9676 140.014 361.726
231.195 60.1197 3.34743 2.96928 115.591 303.108
230.28 60.1576 3.34699 2.99331 89.8257 252.206
229.393 60.087 3.39802 3.0669 154.331 205.182
228.256 59.933 3.4351 3.18895 116.729 149.678
237.284 58.3883 3.33876 2.94309 24.741 692.274
237.286 58.0965 3.33997 2.99942 58.7742 706.286
237.012 57.7103 3.34918 3.00509 51.4773 712.3
237.146 57.39 3.34784 3.02731 71.7491 737.565
237.423 57.0779 3.3491 3.0099 57.3567 770.525
210.176 67.8516 3.32088 2.9062 17.1452 1115.73
209.736 66.2066 3.34604 2.97821 25.1145 1023.7
210.418 68.0789 3.33211 2.9656 32.3543 1124.72
211.301 69.7162 3.39976 2.87484 22.5544 1231.3
209.329 66.7192 3.4858 2.98335 18.6895 1069.55
198.722 65.4015 3.3161 2.88963 31.4167 1466.6
211.164 69.0223 3.26735 2.86693 22.383 1176.81
211.489 65.5114 3.36136 3.00525 18.6884 915.015
211.449 65.522 3.36067 3.00284 42.6853 917.215
211.554 70.2036 3.26944 2.88869 43.3232 1267.49
204.534 64.74 3.32645 2.92331 30.0518 1183.96
211.306 69.424 3.27153 2.87848 36.5104 1206.41
209.89 67.3812 3.33504 2.94496 18.707 1092.27
210.457 65.825 3.35025 2.95968 30.588 973.713
231.846 55.084 3.3102 3.06619 21.7064 696.925
232.267 55.179 3.30169 2.95245 15.8885 701.083
232.385 55.267 3.29335 2.95407 26.4555 696.591
232.359 55.411 3.29417 2.97882 22.5631 682.111
234.034 52.3981 3.34187 3.01494 16.4896 1028.69
234.738 52.38 3.31711 2.96261 16.033 1052.4
217.507 60.403 3.29114 3.0341 43.2028 454.003
216.296 60.3923 3.26726 3.03398 29.789 520.647
216.679 60.2805 3.24122 2.93191 35.7404 500.733
216.749 60.4427 3.29921 3.11239 35.3098 495.355
216.031 60.2361 3.21984 2.90314 26.8679 536.945
216.221 60.072 3.16122 2.68041 46.4584 528.869
