# evlo=211.554306 evla=70.203598
217.908 60.4896 3.23489 2.86305 61.4519 1121.3
217.507 60.403 3.24226 2.8075 94.1923 1126.14
218.338 61.0595 3.20614 2.81801 55.2516 1064.8
216.3 60.3932 3.29134 3.21438 24.0595 1115.16
216.716 60.1205 3.18006 2.87491 43.3701 1148.95
218.244 60.7315 3.2217 2.86158 76.7549 1099.12
217.659 60.6024 3.24311 2.84013 49.2437 1106.11
217.639 60.9231 3.2273 2.83432 81.7582 1070.97
218.995 60.824 3.23136 2.84307 15.1899 1099.09
216.976 61.3836 3.23626 2.84029 75.4196 1013.31
218.049 60.1785 3.36143 2.83227 21.0196 1156.82
216.031 60.2361 3.22147 2.83025 21.5361 1130.13
217.533 61.1871 3.22936 2.8172 109.063 1041
218.652 60.2994 3.21995 2.8114 82.9381 1151.15
218.856 60.4399 3.22953 2.84178 48.0277 1138.63
216.546 61.2275 3.23913 2.86795 32.3225 1025.91
231.887 52.1847 3.3222 2.93309 36.7876 2260.37
212.138 64.8736 3.1995 2.76465 217.241 594.963
218.842 64.7774 3.17486 2.72433 141.258 679.556
232.224 60.0057 3.29154 2.87366 24.1871 1480.1
227.254 60.1694 3.27701 2.9632 31.1259 1330.03
226.693 60.4834 3.26754 2.88178 30.8057 1284.93
225.753 60.434 3.26944 2.88869 43.3232 1267.49
237.284 58.3883 3.27081 2.88426 16.0973 1785.85
210.176 67.8516 3.07946 2.54544 234.394 268.062
209.736 66.2066 3.15495 2.69289 135.14 452.09
210.418 68.0789 3.07214 2.45213 213.344 241.265
209.329 66.7192 3.13778 2.70764 194.822 399.149
198.722 65.4015 3.15718 2.65338 89.6157 758.604
211.489 65.5114 3.18614 2.73961 185.365 523.344
211.449 65.522 3.18724 2.7479 117.409 522.173
194.662 64.5695 3.17329 2.63015 44.5665 953.774
204.534 64.74 3.17208 2.69845 92.6842 678.315
210.41 68.6274 3.02925 2.3069 294.878 181.47
209.89 67.3812 3.113 2.60484 206.888 321.893
210.457 65.825 3.14606 2.67737 117.133 490.498
217.908 60.4896 3.23489 2.86305 61.4519 1121.3
217.507 60.403 3.24226 2.8075 94.1923 1126.14
218.338 61.0595 3.20614 2.81801 55.2516 1064.8
216.296 60.3923 3.29154 3.21457 24.0595 1115.23
216.716 60.1205 3.18006 2.87491 43.3701 1148.95
218.244 60.7315 3.2217 2.86158 76.7549 1099.12
217.659 60.602 3.24323 2.84023 49.2437 1106.15
217.639 60.9231 3.22729 2.83432 81.7582 1070.96
218.995 60.8241 3.23133 2.84305 15.1899 1099.08
216.976 61.3836 3.23626 2.84029 75.4196 1013.31
218.049 60.1785 3.36143 2.83227 21.0196 1156.82
216.031 60.2361 3.22147 2.83025 21.5361 1130.13
217.533 61.187 3.2294 2.81723 109.063 1041.01
218.652 60.2994 3.21995 2.8114 82.9381 1151.15
218.856 60.4399 3.22953 2.84178 48.0277 1138.63
216.546 61.2275 3.23913 2.86795 32.3225 1025.91
208.919 60.4641 3.32917 2.66486 32.8186 1092.58
209.81 60.4601 3.24025 2.88597 20.8195 1089.28
211.376 60.7866 3.24687 2.84929 19.6395 1050.01
