# evlo=232.846901 evla=52.317101
217.507 60.403 3.34103 2.82044 15.8417 1301.67
235.227 58.6614 3.53073 2.98674 15.7903 722.056
234.233 58.9305 3.3115 3.00615 18.9296 741.417
232.224 60.0057 3.32413 2.96463 19.1702 856.944
229.393 60.087 3.3252 2.99537 18.3135 890.992
228.256 59.933 3.3261 3.01488 22.8323 894.232
226.693 60.4834 3.33406 3.04778 28.6368 984.479
210.176 67.8516 3.36159 2.99506 15.2575 2115.12
230.745 53.425 3.38567 3.06836 89.1365 187.691
230.743 53.517 3.39114 3.0831 85.2347 194.557
230.943 53.673 3.37284 3.0917 121.619 197.751
230.974 53.769 3.40047 3.10047 60.09 204.647
231.098 53.819 2.74934 3.01841 23.9542 204.142
231.321 53.9 3.45012 3.0212 63.7571 203.641
231.373 54.036 3.39117 2.90335 41.6146 215.177
231.376 54.093 3.39427 2.93541 60.2278 220.717
231.424 54.17 3.38116 2.94508 66.0394 227.026
231.479 54.262 3.36458 3.02555 93.097 234.877
231.436 54.358 3.36863 2.95149 37.5487 245.8
231.416 54.467 3.35686 2.93289 80.3581 257.497
231.434 54.502 3.35568 2.94358 92.2481 260.673
231.542 54.539 3.36116 2.98118 116.018 262.044
231.6 54.636 3.36671 3.01707 108.362 271.024
231.677 54.722 3.34132 2.95004 101.129 278.667
231.696 54.801 3.33945 2.96922 107.946 286.766
231.665 54.851 3.34364 2.97232 108.603 292.666
231.681 55.018 3.34606 2.97613 102.023 310.316
231.846 55.084 3.33184 2.96766 101.014 314.96
232.267 55.179 3.32018 2.99093 117.609 320.816
232.385 55.267 3.32884 3.03991 125.947 329.733
232.359 55.411 3.33078 3.01169 87.5949 345.849
217.507 60.403 3.34103 2.82044 15.8417 1301.67
