# evlo=217.276596 evla=60.247398
194.627 64.5646 3.25866 2.85471 62.0372 1257.37
220.363 59.9534 3.03641 2.2944 141.132 174.784
225.144 58.5792 3.30946 3.19625 39.5269 483.488
209.013 64.0997 3.27427 2.90774 172.863 607.145
209.094 59.7511 3.04222 2.4728 132.137 459.648
209.259 59.7417 3.02901 2.43703 108.102 450.724
210.701 64.1732 3.26379 2.96082 83.8508 554.863
208.846 60.7683 3.07924 2.60626 88.726 466.485
212.195 64.6453 3.24759 2.89725 68.5124 555.567
207.685 63.8827 3.27952 2.90397 73.0714 643.599
208.763 59.5251 3.04043 2.44151 95.3621 483.095
209.738 62.4058 3.25772 2.92595 109.301 469.522
221.785 59.0906 3.06725 2.32006 18.897 284.792
212.624 63.0753 3.27317 2.89779 90.685 399.878
214.225 61.1292 3.11293 2.67004 201.325 193.494
215.93 63.6482 3.22357 2.88975 97.4066 385.51
214.25 60.5487 2.92181 2.31177 211.815 170.179
196.582 54.8564 3.13115 2.50332 39.7945 1368.97
213.401 60.7277 2.9733 2.40858 232.569 219.634
209.784 61.1426 3.11528 2.67846 93.423 421.029
214.766 66.5657 3.27687 2.89215 79.8434 715.225
188.296 63.7758 3.25069 2.79901 100.759 1553.1
203.121 64.7461 3.45963 2.88992 21.7052 882.234
211.074 61.771 3.18723 2.92107 140.414 375.811
212.904 60.8792 3.02542 2.57477 170.214 249.89
213.497 60.396 2.90082 2.20633 153.907 209.504
208.348 59.6572 3.06595 2.50927 125.127 502.823
214.077 61.4924 3.16144 2.71295 298.525 222.346
211.542 61.4131 3.13825 2.84254 103.087 337.782
197.4 66.8951 3.26999 2.80612 69.4137 1225.58
209.077 63.5527 3.2696 2.87996 200.423 566.271
211.063 63.7318 3.26338 2.92971 107.712 506.377
209.256 65.0304 3.26354 2.9059 86.8812 672.353
210.931 64.5928 3.27181 2.935 100.463 584.28
191.145 52.9721 3.16854 2.5574 31.0466 1781.25
214.53 62.9699 3.2742 2.91886 96.6377 336.516
220.599 59.667 2.9992 2.18016 169.401 196.523
214.475 65.5174 3.26929 2.87983 56.7245 604.283
207.811 62.8962 3.25623 2.95141 113.216 582.354
211.667 60.8584 3.0631 2.59224 105.724 315.133
210.261 61.0889 3.09838 2.68788 106.228 394.632
197.092 68.0541 3.25675 2.85884 108.719 1301.47
215.154 63.7399 3.26393 2.93679 107.099 404.755
211.14 63.4056 3.26918 2.93695 152.739 477.568
211.668 61.807 3.20604 2.83631 155.721 349.293
212.671 61.832 3.19858 2.77582 272.615 305.047
216.01 63.9761 3.22838 2.87348 107.64 420.764
208.468 61.98 3.21046 2.9186 111.765 512.121
209.777 60.5117 3.1072 2.61566 148.167 414.501
189.752 57.1766 3.25994 2.77458 45.5607 1618.72
209.253 61.4636 3.11911 2.74961 132.398 456.319
210.547 60.1043 3.01187 2.41885 132.954 373.673
192.073 65.5598 3.27609 2.86255 76.1129 1398.9
209.711 63.4502 3.26838 2.89777 170.285 534.294
193.495 53.8452 3.15085 2.53222 19.0398 1597.86
211.449 62.8295 3.26445 2.9023 207.804 422.641
211.415 62.9628 3.26587 2.89219 166.225 433.706
211.462 62.6812 3.26445 2.88497 181.505 411.618
212.058 62.8349 3.26223 2.91179 211.359 399.989
211.771 63.0624 3.26767 2.92212 184.119 428.096
212.26 62.5808 3.24644 2.88197 188.633 373.142
211.152 62.8331 3.26998 2.89732 198.531 434.56
231.887 52.1847 3.47764 2.95276 17.2927 1270.47
226.475 68.3065 3.29944 2.94001 81.6783 1000.42
212.138 64.8736 3.26063 2.89161 120.062 578.961
203.383 71.3221 3.32565 2.83233 51.9345 1381.29
234.753 71.9871 3.32702 2.9291 34.1144 1515.89
235.93 69.3475 3.33546 2.9527 57.3449 1336.33
223.281 66.3701 3.29327 2.96896 54.4344 745.127
207.195 65.6571 3.27416 2.88963 55.1424 788.945
210.457 65.8251 3.2637 2.86283 40.5767 710.171
212.122 65.8371 3.27619 2.86385 33.9539 674.899
214.843 62.3987 3.26101 2.81968 60.9983 272.82
208.018 65.18 3.26221 2.86308 86.0829 724.298
210.64 65.1479 3.25331 2.83358 72.2343 642.506
205.853 64.1767 3.27068 2.85919 100.233 736.565
214.63 64.613 3.27543 2.8896 21.0353 505.285
216.201 64.5654 3.24171 2.94107 21.2667 484.433
216.436 64.5012 3.23056 2.93503 40.798 476.071
205.93 63.3569 3.25861 2.89944 50.4726 690.105
217.924 64.0292 3.23367 2.87671 76.5706 422.818
205.146 62.1816 3.20954 2.87729 72.5219 685.435
206.12 62.4787 3.2244 2.91409 51.8656 645.417
216.652 63.0254 3.36826 4.09599 43.4928 311.34
218.173 63.0618 3.23048 2.94044 67.4323 317.201
205.609 61.9037 3.18812 2.85954 33.7997 655.287
206.868 61.8823 3.17921 2.79058 29.0984 590.053
209.88 61.7531 3.19267 2.89337 45.5072 433.669
213.825 62.1067 3.20696 2.80105 193.286 278.165
217.004 62.4013 3.19609 2.67992 66.7039 240.463
218.122 62.3579 2.71946 2.86441 57.6952 239.501
204.11 60.6801 3.14291 2.72351 43.6735 724.753
205.516 60.8132 3.1255 2.72311 62.4961 647.887
215.402 61.6061 3.21561 2.83022 200.979 182.354
224.22 61.4862 3.20223 3.03358 16.4682 401.503
204.792 59.8542 3.14631 2.64262 58.0866 695.904
205.68 60.1952 3.12907 2.64058 41.1447 641.968
207.376 60.0815 3.09015 2.59226 40.7488 549.503
210.276 60.4814 3.0867 2.57572 142.192 387.03
204.771 59.3922 3.14718 2.62768 18.4118 706.959
206.768 59.6524 3.09775 2.53216 59.577 590.351
206.355 58.9287 3.08671 2.54078 46.0678 633.408
213.66 59.4296 2.88528 2.01082 67.8003 222.273
212.138 64.8735 3.26141 2.88859 78.2949 578.956
218.842 64.7774 3.2757 2.88786 114.541 511.243
227.653 56.4191 3.27548 2.53208 111.987 741.223
209.768 62.6893 3.2713 2.86849 182.697 483.54
211.063 63.7323 3.26352 2.92984 107.712 506.399
211.14 63.4057 3.2692 2.93696 152.739 477.57
212.952 61.1216 2.94281 2.43618 16.4463 255.542
210.176 67.8516 3.27738 2.87102 31.1766 914.506
209.736 66.2066 3.26295 2.83812 66.82 763.619
198.722 65.4015 3.26791 2.83711 104.019 1100.46
211.164 69.0223 3.24602 2.82537 34.4514 1019.8
194.662 64.5695 3.25722 2.85589 65.6157 1255.85
211.306 69.424 3.24717 2.82828 40.3187 1060.4
210.84 64.6544 3.26133 2.84383 20.1299 592.36
210.867 64.709 3.26491 2.79587 27.8031 596.474
210.853 64.7716 3.27082 2.87459 68.0346 602.486
210.847 64.8338 3.27782 2.89577 23.1742 608.276
210.44 64.87 3.2704 2.90849 25.8854 623.025
210.174 64.8537 3.26742 2.96217 27.9305 629.356
210.917 64.5498 3.27642 2.93727 39.3153 580.855
210.782 64.5716 3.27063 2.93699 30.1724 586.718
210.554 64.5756 3.26736 2.90536 31.1654 593.831
210.901 64.613 3.27207 2.93462 79.1415 586.938
211.172 64.6917 3.27108 2.90501 39.7 586.396
231.416 54.467 3.32151 2.73372 15.6017 1063.46
231.434 54.502 3.3172 2.73769 15.2159 1061.67
209.768 62.6892 3.27134 2.86852 182.697 483.545
209.538 60.4832 3.11783 2.63656 166.321 427.587
210.519 60.6717 3.08311 2.58883 152.731 374.655
211.909 60.5183 3.01609 2.44361 149.747 297.517
210.455 61.3427 3.11732 2.7394 78.293 390.814
210.626 60.4754 3.06849 2.57166 143.334 367.763
209.971 61.6954 3.18232 2.8676 131.036 427.004
208.723 60.6622 3.0914 2.64709 81.8521 472.648
212.047 60.7098 3.02825 2.50237 263.562 292.104
211.068 60.8049 3.07967 2.59184 137.93 346.377
209.968 60.4881 3.09333 2.60645 160.819 403.945
210.253 60.4731 3.08591 2.58976 152.987 388.266
208.919 60.4641 3.12968 2.62386 75.3407 461.685
210.813 60.8045 3.08959 2.60827 167.565 360.171
209.81 60.4601 3.10111 2.6178 135.691 412.639
211.376 60.7866 3.06175 2.5787 155.031 329.494
