# evlo=210.574493 evla=60.776001
217.908 60.4896 3.18168 2.8301 173.223 402.451
217.507 60.403 3.13773 2.75526 169.034 382.01
216.3 60.3932 3.11504 2.6442 176.435 316.59
216.716 60.1205 2.99037 2.25913 168.91 345.705
215.271 60.5805 3.13763 2.75957 59.435 257.538
216.679 60.2805 3.08957 2.59594 140.243 339.574
218.244 60.7315 3.26389 3.08573 146.431 417.989
231.887 52.1847 3.53309 2.91709 18.7791 1612.61
212.138 64.8736 3.31055 2.97794 143.816 463.581
218.842 64.7774 3.34756 3.08508 194.491 613.155
209.768 62.6893 3.09702 2.36922 51.3888 217.428
218.547 60.1369 4.03755 4.79662 61.2567 444.177
210.176 67.8516 3.28704 2.90128 81.2575 789.028
209.736 66.2066 3.28991 2.87935 109.411 606.766
210.418 68.0789 3.28134 2.89148 68.9977 814.183
211.301 69.7162 3.24855 2.83743 68.0937 997.347
209.329 66.7192 3.29071 2.90966 74.5315 665.319
198.722 65.4015 3.23153 2.82869 92.0268 787.944
217.908 60.4896 3.18168 2.8301 173.223 402.451
217.507 60.403 3.13773 2.75526 169.034 382.01
216.296 60.3923 3.1134 2.64281 176.435 316.423
216.716 60.1205 2.99037 2.25913 168.91 345.705
215.271 60.5805 3.13763 2.75957 59.435 257.538
216.679 60.2805 3.08957 2.59594 140.243 339.574
218.244 60.7315 3.26389 3.08573 146.431 417.989
209.768 62.6892 3.09697 2.36918 51.3888 217.424
