# evlo=209.809998 evla=60.460098
217.908 60.4896 3.15092 2.75325 186.157 445.136
217.507 60.403 3.11437 2.68178 114.27 423.688
218.338 61.0595 3.11344 2.53004 55.3891 469.325
216.3 60.3932 3.11944 2.63887 143.975 357.38
216.716 60.1205 2.99718 2.28643 135.69 383.658
215.271 60.5805 3.14414 2.72986 79.0651 300.129
216.679 60.2805 3.09167 2.59546 134.913 379.354
218.244 60.7315 3.25017 2.97769 105.483 462.808
217.659 60.6024 3.16994 2.78719 184.985 430.99
216.749 60.4427 3.1321 2.68167 182.297 381.737
217.639 60.9231 3.29486 3.03739 100.692 430.572
217.277 60.2474 3.10111 2.6178 135.691 412.639
218.995 60.824 3.27969 3.14486 56.4501 503.787
216.976 61.3836 3.26281 3.14476 58.7225 401.847
218.049 60.1785 3.08054 2.56306 58.0767 456.106
216.031 60.2361 3.06111 2.41264 128.298 344.244
217.533 61.1871 3.0897 2.40151 50.6154 427.647
218.652 60.2994 3.13781 2.70394 209.905 487.691
219.217 60.1294 3.10746 2.66164 53.1572 521.101
216.221 60.072 3.02108 2.22645 77.5204 357.337
218.856 60.4399 3.19199 2.80231 49.39 497.493
226.475 68.3065 3.31809 2.97217 54.1083 1180.71
207.417 57.7828 3.2487 3.05179 150.914 328.187
212.138 64.8736 3.31754 3.01582 86.329 506.091
218.842 64.7774 3.35498 3.1081 155.183 667.01
209.768 62.6893 3.22554 3.04405 79.6677 248.423
218.547 60.1369 3.92154 4.39694 78.6173 484.107
210.176 67.8516 3.26752 2.89066 24.4831 824.185
209.736 66.2066 3.2692 2.91784 27.0768 640.552
211.301 69.7162 3.23999 2.84969 18.7361 1034.29
198.722 65.4015 3.22644 2.76346 24.3201 785.671
211.164 69.0223 3.24559 2.84465 28.9534 956.695
211.489 65.5114 3.28198 2.9483 30.7192 569.367
211.554 70.2036 3.24025 2.88597 20.8195 1089.28
211.306 69.424 3.24444 2.84217 27.8167 1001.81
210.41 68.6274 3.25616 2.86259 26.8569 910.972
217.908 60.4896 3.15092 2.75325 186.157 445.136
217.507 60.403 3.11437 2.68178 114.27 423.688
218.338 61.0595 3.11347 2.53007 55.3891 469.331
216.296 60.3923 3.11787 2.63754 143.975 357.2
216.716 60.1205 2.99718 2.28643 135.69 383.658
215.271 60.5805 3.14414 2.72986 79.0651 300.129
216.679 60.2805 3.09167 2.59546 134.913 379.354
218.244 60.7315 3.25017 2.97769 105.483 462.808
217.659 60.602 3.16975 2.78702 184.985 430.964
216.749 60.4427 3.1321 2.68167 182.297 381.737
217.639 60.9231 3.29478 3.03732 100.692 430.561
217.277 60.2474 3.10111 2.6178 135.691 412.639
218.995 60.8241 3.27969 3.14486 56.4501 503.787
216.976 61.3836 3.26281 3.14476 58.7225 401.847
218.049 60.1785 3.08054 2.56306 58.0767 456.106
216.031 60.2361 3.06111 2.41264 128.298 344.244
217.533 61.187 3.08977 2.40156 50.6154 427.656
218.652 60.2994 3.13781 2.70394 209.905 487.691
219.217 60.1294 3.10746 2.66164 53.1572 521.101
216.221 60.072 3.02108 2.22645 77.5204 357.337
218.856 60.4399 3.19199 2.80231 49.39 497.493
209.768 62.6892 3.22547 3.04398 79.6677 248.418
209.947 62.0056 3.22962 2.98642 126.367 172.376
209.918 61.8636 3.25531 3.09354 139.784 156.504
