# evlo=216.299606 evla=60.3932
194.627 64.5646 3.93627 3.67503 31.9575 1202.99
204.378 55.8218 3.96682 3.72175 26.2143 865.85
200.411 54.831 3.92819 3.71863 26.9057 1129.41
207.685 63.8827 3.91262 3.48608 28.5039 593.408
209.796 67.2269 3.9121 3.62111 34.7177 825.364
214.766 66.5657 3.89609 3.7548 18.8663 692.22
188.296 63.7758 3.92786 3.6367 29.0088 1497.59
203.121 64.7461 3.8936 3.71099 34.5824 830.822
225.615 58.2758 3.91427 3.65666 64.2361 579.658
197.4 66.8951 3.82528 3.81323 15.7603 1176.27
209.256 65.0304 3.83684 3.80331 55.7986 629.325
197.092 68.0541 3.92531 3.73938 21.7817 1254.65
189.752 57.1766 3.91986 3.64916 49.8182 1564.96
192.073 65.5598 3.94347 3.62721 27.8188 1345.56
193.495 53.8452 3.92218 3.69247 65.3841 1550.92
226.475 68.3065 3.96733 3.82962 22.2725 1007.01
207.417 57.7828 3.98922 3.54914 66.6818 585.745
198.929 70.2043 3.93533 3.76439 19.4754 1350.84
203.383 71.3221 3.91563 3.75166 25.5152 1347.14
205.026 71.0033 3.95282 3.7263 16.7585 1286.48
234.753 71.9871 3.98603 3.78328 28.1358 1522.92
198.198 69.3641 3.91653 3.61645 22.2139 1307.36
194.656 68.2746 3.91847 3.84043 29.0959 1353.63
196.822 68.4753 3.90165 3.66204 18.0365 1290.23
198.806 68.6483 3.9097 3.53827 34.4918 1237.28
200.413 69.1049 3.90369 3.68036 18.8174 1223.38
209.387 69.836 3.95477 3.70419 28.1316 1100.06
235.93 69.3475 3.97853 3.82121 35.4512 1352.74
196.917 67.6988 3.90292 3.88231 15.3587 1239.51
203.387 68.7132 3.94083 3.68248 21.4899 1110.4
209.319 68.9656 3.90832 3.64347 23.7822 1010.61
213.625 69.322 3.92619 3.64187 18.0908 1003.27
221.263 69.3286 3.94829 3.74504 17.8147 1022.81
198.174 67.082 3.85986 3.74892 32.6606 1157.55
199.397 67.4213 3.87151 3.75458 30.0373 1134.33
202.768 67.4572 3.91053 3.65407 16.7273 1025.49
203.811 68.2575 3.90603 3.64149 20.0123 1060.29
208.187 68.1343 3.91463 3.63308 18.9789 946.508
220.465 68.6043 3.93713 3.67713 20.5415 936.51
222.103 68.3889 3.97883 3.63415 18.6891 933.332
223.281 66.3701 3.85881 3.67397 51.2552 751.134
198.75 66.442 3.85256 3.75959 32.9473 1099.52
200.349 66.6001 3.839 3.7971 15.7654 1048.16
202.227 66.8332 3.86285 3.78907 25.1611 996.967
204.275 67.0486 3.90225 3.8613 18.7146 947.214
206.517 67.2221 3.92043 3.77299 26.3749 898.688
207.821 67.5076 3.88629 3.57153 15.5854 893.557
220.128 67.6136 3.88992 3.62974 17.4107 826.025
224.214 67.6106 3.98872 3.67635 23.6574 891.281
226.258 67.441 3.92615 3.718 26.0474 922.793
199.349 65.5011 3.89972 3.75134 23.337 1026.75
201.346 65.895 3.87533 3.73442 16.9762 967.724
202.913 66.1434 3.82265 3.6778 22.4415 925.225
206.494 66.5156 3.87008 3.75481 39.7584 837.59
208.493 66.9214 3.94366 3.60926 23.4011 822.647
209.976 66.7108 3.8882 3.50197 36.7385 770.296
218.345 66.8088 3.93812 3.61417 20.336 722.22
221.978 66.9116 3.98583 3.59492 21.8483 778.4
223.778 66.9808 3.93445 3.63528 24.3326 820.981
225.729 66.9227 3.8896 3.69897 28.4889 862.769
197.761 64.6379 3.89924 3.58902 18.3343 1060.39
200.087 64.937 3.89223 3.62887 18.4903 968.941
201.637 65.1527 3.88785 3.61325 17.6499 914.16
203.551 65.5276 3.83736 3.67145 25.6905 860.883
205.119 65.4924 3.8366 3.67703 25.0106 801.118
207.195 65.6571 3.83107 3.75132 56.9791 744.641
208.623 65.8937 3.89099 3.68841 33.379 723.949
210.457 65.8251 3.93345 3.65839 27.4117 672.826
218.473 66.2305 3.95638 3.43777 21.2183 659.623
221.631 66.2191 3.95573 3.73715 30.8283 701.667
225.657 65.8052 3.8409 3.64538 21.4998 764.673
205.522 64.7962 3.84406 3.63773 17.8617 738.149
208.018 65.18 3.82189 3.77553 39.9607 679.57
210.64 65.1479 3.8884 3.74844 41.8839 603.117
218.385 65.6035 4.02666 3.72136 24.8785 590.198
220.064 65.4483 3.92668 3.74299 31.374 594.771
221.694 65.3609 3.88084 3.62927 23.8257 617.486
223.623 65.2225 3.85127 3.63296 42.7292 654.291
196.446 62.7492 3.92433 3.73289 34.5402 1082.29
199.398 63.2842 3.95035 3.77298 34.5091 943.42
200.922 63.3965 3.97483 3.79562 16.1142 872.327
203.285 63.465 4.03168 3.90556 20.7259 762.611
204.379 63.994 4.0014 3.51845 16.0522 737.359
205.853 64.1767 3.86267 3.43183 26.0048 685.517
223.67 64.5753 3.84275 3.52321 33.6298 600.625
195.344 61.9331 3.87429 3.69106 22.0818 1135.84
198.469 62.2938 3.924 3.72217 36.3487 974.172
201.699 62.7161 3.96091 3.75863 29.9443 816.13
205.93 63.3569 4.05259 3.90989 37.9181 636.666
197.317 61.3416 3.8694 3.72019 43.9658 1033.06
198.513 61.678 3.89376 3.70949 36.0769 968.766
200.525 61.7105 3.88484 3.64459 34.4139 862.434
201.703 62.1344 3.90777 3.68448 35.9562 805.009
203.311 62.2195 3.92939 3.685 72.2604 723.712
205.146 62.1816 3.95988 3.73811 64.0121 629.437
206.12 62.4787 4.01207 3.87702 77.7537 590.029
193.799 60.3849 3.87055 3.72089 36.7144 1234.73
196.65 60.4135 3.86915 3.71568 43.9047 1079.06
198.04 60.7515 3.84584 3.65747 38.6946 998.798
199.312 60.6947 3.87193 3.65492 48.8004 930.33
201.041 61.0224 3.85626 3.66955 46.4695 834.227
202.562 61.4009 3.90751 3.54367 34.8885 752.64
204.176 61.4907 3.92635 3.60559 40.993 667.44
205.609 61.9037 3.95105 3.63602 64.0041 599.076
198.315 59.9237 3.88887 3.72176 47.0106 997.005
199.908 60.1686 3.8853 3.67509 41.2108 904.897
201.231 60.4742 3.86668 3.6855 39.5724 828.036
202.813 60.5269 3.90792 3.58859 34.8973 740.914
204.11 60.6801 3.89564 3.61624 52.8372 668.917
205.516 60.8132 3.88452 3.67257 124.311 591.903
226.918 61.1512 3.88687 3.75083 73.4327 584.118
198.736 59.2533 3.91236 3.66023 67.1894 990.389
200.175 59.1767 3.91926 3.73994 41.3246 913.274
201.907 59.5938 3.8883 3.79617 71.5093 806.558
202.905 59.7733 3.88486 3.75666 71.6122 747.403
204.792 59.8542 3.88351 3.79283 59.6472 641.709
205.68 60.1952 3.9104 3.57567 66.6086 587.087
190.452 56.6011 3.92982 3.66566 18.0202 1553.93
202.009 59.0314 3.90816 3.74901 94.6785 816.779
203.561 59.1953 3.92433 3.75914 48.4199 726.382
204.771 59.3922 3.90962 3.72937 70.2857 654.07
227.183 60.2114 3.83424 3.71638 93.5126 601.378
203.344 58.6774 3.93677 3.74091 56.8944 756.147
204.113 58.2637 3.99945 3.65779 38.3218 731.883
204.991 58.6484 3.97972 3.74177 53.4715 667.996
206.355 58.9287 3.94947 3.75835 77.3821 583.17
227.731 58.9601 3.82892 3.63475 71.2864 662.641
202.426 57.5673 3.96851 3.70282 33.6243 855.679
203.613 57.6397 4.01683 3.73984 26.7293 789.131
205.548 57.5665 3.94977 3.64672 29.718 692.779
229.033 59.3946 3.82703 3.62449 70.5381 720.237
197.939 55.703 3.94314 3.65702 29.3933 1198.15
200.447 56.2848 3.9357 3.64928 20.2525 1031.67
225.424 57.4688 3.98237 3.81778 48.0165 617.449
228.869 57.9128 3.8406 3.65744 44.4426 768.975
227.048 56.8144 4.00686 3.81627 21.0576 739.82
229.75 56.9811 3.90214 3.71965 29.9159 865.631
210.428 68.6408 3.90745 3.60665 27.2936 960.704
226.879 56.1146 3.99517 3.72945 33.7033 781.386
229.974 55.9154 3.94291 4.00482 26.103 944.393
228.385 55.3279 3.99967 3.67412 29.9994 910.33
227.653 56.4191 3.98593 3.76592 53.4508 796.178
235.766 58.6528 3.87637 3.85914 16.2731 1114.48
234.233 58.9305 3.83548 3.81782 15.172 1020.62
228.256 59.933 3.8396 3.76472 24.3379 664.913
237.012 57.7103 3.83036 3.75075 15.598 1220.05
210.176 67.8516 3.91721 3.84214 30.2171 882.324
209.736 66.2066 3.92635 3.53937 26.0989 725.913
211.301 69.7162 3.92368 3.91836 20.2097 1064.87
209.329 66.7192 3.9393 3.57113 19.6459 784.587
211.489 65.5114 3.95519 3.78076 45.1397 620.116
204.534 64.74 3.91019 3.57607 17.3361 773.056
211.306 69.424 3.90366 3.90823 17.9384 1033.38
210.41 68.6274 3.8978 3.66244 17.4845 959.54
209.89 67.3812 3.88003 3.7562 22.6248 839.187
210.457 65.825 3.96181 3.61413 19.5781 672.809
210.44 64.87 3.85898 3.89562 40.4639 582.006
210.174 64.8537 3.87104 3.8683 23.4505 587.624
210.069 64.7653 3.83868 3.82866 43.2433 582.514
231.542 54.539 3.97032 3.67279 24.0127 1118.99
231.6 54.636 3.95025 3.65753 16.5865 1114.64
231.681 55.018 3.95627 3.78578 17.754 1091.06
231.846 55.084 3.96488 3.89192 16.6322 1094.58
232.267 55.179 3.94283 3.76211 23.5419 1109.01
232.385 55.267 3.93933 3.76011 28.3008 1108.94
232.359 55.411 3.93194 3.7598 38.5455 1097.94
233.933 52.3681 3.90944 3.59279 16.9965 1401.27
