# evlo=211.768097 evla=64.960197
194.627 64.5646 3.79872 3.76709 96.7505 814.506
217.908 60.4896 3.84479 3.8505 47.3815 588.418
217.507 60.403 3.84151 3.87279 26.1191 586.336
220.363 59.9534 3.81815 3.58956 33.6776 711.6
225.144 58.5792 3.80333 3.75664 26.2544 998.35
216.716 60.1205 3.92224 3.56553 39.204 596.075
209.094 59.7511 4.03101 3.67309 42.8947 596.715
209.259 59.7417 4.01142 3.83533 52.2895 595.834
204.378 55.8218 3.9309 3.73289 22.4338 1094.97
200.411 54.831 3.90401 3.67365 25.3222 1290.81
208.763 59.5251 3.98741 3.63707 48.2713 625.381
217.513 60.0823 3.87171 3.65164 45.061 618.385
196.582 54.8564 3.94435 3.74577 25.212 1402.62
188.296 63.7758 3.83331 3.76571 94.472 1134.36
216.679 60.2805 3.89015 3.73533 34.5135 578.898
208.348 59.6572 3.98452 3.60734 39.4176 616.837
225.615 58.2758 3.81346 3.68368 26.8523 1041.93
215.581 59.9268 4.0091 3.73365 26.878 594.27
197.4 66.8951 4.00486 3.73149 29.8535 687.055
218.995 60.824 3.81323 3.69256 53.3971 588.874
218.049 60.1785 3.83269 3.80299 51.425 622.513
191.145 52.9721 3.91428 3.63758 37.1181 1769.79
219.747 60.0959 3.80628 3.72206 45.7663 679.174
220.599 59.667 3.80579 3.61537 53.7313 745.401
197.092 68.0541 3.9887 3.79452 47.8369 736.123
218.652 60.2994 3.80208 3.81246 30.3757 627.436
219.217 60.1294 3.81073 3.77203 54.8227 660.01
205.816 56.5593 3.92538 3.76971 43.6753 989.665
189.752 57.1766 3.87017 3.70447 39.1824 1458.91
217.161 60.1791 3.8789 3.7023 46.36 600.219
216.221 60.072 3.93457 3.88064 45.6977 590.777
218.856 60.4399 3.78931 3.86914 70.0701 620.085
192.073 65.5598 3.87022 3.78525 62.2796 918.705
218.249 60.3583 3.82038 3.79396 30.9062 610.435
201.231 60.4742 3.89261 3.79463 48.5838 733.592
202.813 60.5269 3.88408 3.65189 49.3458 672.355
204.11 60.6801 3.90194 3.74901 64.8667 615.594
222.911 61.4593 4.02062 3.93662 40.761 681.562
224.22 61.4862 4.02189 3.76002 49.3827 734.352
226.918 61.1512 3.95191 3.93092 36.0907 872.885
200.175 59.1767 3.89502 3.86546 43.2043 882.128
202.905 59.7733 3.88799 3.66931 69.5743 736.635
204.792 59.8542 3.91516 3.68424 63.672 672.868
205.68 60.1952 3.91682 3.62254 47.3429 615.815
207.376 60.0815 3.9507 3.53888 69.7058 588.587
221.424 60.3024 3.7685 3.41817 18.5108 716.166
202.009 59.0314 3.8752 3.6601 46.4442 833.61
203.561 59.1953 3.9077 3.57848 43.583 771.183
204.771 59.3922 3.92103 3.60826 66.5985 718.742
206.768 59.6524 3.9332 3.72951 52.7965 645.443
226.285 59.5898 4.0272 3.6447 17.7693 958.727
227.183 60.2114 4.0109 3.85667 37.1744 948.833
203.344 58.6774 3.89251 3.62461 56.8645 827.548
204.113 58.2637 3.94748 3.62141 54.1908 848.268
204.991 58.6484 3.94308 3.74788 47.7044 787.96
206.355 58.9287 3.93509 3.63568 64.1629 729.137
207.606 58.6097 3.94695 3.48011 63.2633 740.613
202.426 57.5673 3.91373 3.62075 33.8303 962.131
203.613 57.6397 3.93691 3.55462 39.9165 923.787
223.768 57.9616 3.8375 3.77819 26.0615 1005.4
225.424 57.4688 3.85897 3.75731 20.9388 1106.84
226.879 56.1146 3.86733 3.77196 24.1784 1281.47
227.653 56.4191 3.86104 3.74169 44.7234 1280.85
218.547 60.1369 4.81621 4.67703 57.1563 640.051
217.908 60.4896 3.84479 3.8505 47.3815 588.418
217.507 60.403 3.84151 3.87279 26.1191 586.336
216.716 60.1205 3.92224 3.56553 39.204 596.075
216.679 60.2805 3.89015 3.73533 34.5135 578.898
218.995 60.8241 3.81317 3.6925 53.3971 588.865
218.049 60.1785 3.83269 3.80299 51.425 622.513
218.652 60.2994 3.80208 3.81246 30.3757 627.436
219.217 60.1294 3.81073 3.77203 54.8227 660.01
216.221 60.072 3.93457 3.88064 45.6977 590.777
218.856 60.4399 3.78931 3.86914 70.0701 620.085
