# evlo=207.810593 evla=62.896198
225.449 60.24 3.88318 3.74766 36.307 979.281
194.627 64.5646 3.93072 3.75725 64.1936 675.941
217.908 60.4896 4.05017 4.09324 61.0306 597.071
217.507 60.403 4.0426 4.13326 48.3798 583.373
218.338 61.0595 4.00446 3.77247 108.026 587.912
220.363 59.9534 3.99748 3.8338 29.5507 744.371
225.144 58.5792 4.0079 3.76209 30.7894 1056.36
204.378 55.8218 3.92611 3.75775 17.9772 811.631
200.411 54.831 3.90645 3.68215 32.0645 993.218
218.66 60.9649 3.99289 3.70677 70.7208 608.163
217.513 60.0823 4.07871 4.07878 49.7394 603.646
196.582 54.8564 3.93245 3.6921 37.5075 1101.89
188.296 63.7758 3.89759 3.85606 57.973 978.481
218.244 60.7315 4.00745 3.94443 59.0043 599.728
217.659 60.6024 4.04391 4.0823 72.0161 578.897
225.615 58.2758 4.01924 3.69033 49.2276 1098.26
197.4 66.8951 3.78269 3.62959 27.8594 663.226
217.277 60.2474 4.09366 4.12997 30.2903 582.354
218.995 60.824 3.99557 3.69178 71.7827 631.39
218.049 60.1785 4.06548 4.12554 79.4077 622.171
191.145 52.9721 3.88512 3.6461 47.5987 1473.24
219.747 60.0959 4.0333 3.86367 43.0437 706.801
220.599 59.667 4.02277 3.86768 35.7794 772.612
197.092 68.0541 3.92307 3.70466 58.3963 757.791
218.652 60.2994 4.03998 4.0049 57.6719 643.121
219.217 60.1294 4.04566 3.93724 50.4846 679.724
205.816 56.5593 3.96189 3.70128 65.3278 714.751
189.752 57.1766 3.88338 3.68188 44.5046 1185.11
217.161 60.1791 4.04116 4.03229 67.8695 581.47
218.856 60.4399 4.04628 3.87576 54.2611 644.806
192.073 65.5598 3.88142 3.64693 43.7993 816.76
193.495 53.8452 3.89419 3.58041 62.7469 1304.78
218.249 60.3583 4.05596 4.0711 45.5004 620.698
227.731 58.9601 3.93977 3.7517 43.1185 1159.95
202.426 57.5673 3.89433 3.5624 49.281 663.949
203.613 57.6397 3.92016 3.63615 45.7894 629.742
205.548 57.5665 3.92133 3.60201 31.6156 606.811
224.26 58.4133 4.00829 3.60455 26.0562 1024.89
229.033 59.3946 3.88185 3.76352 95.3389 1201.2
200.447 56.2848 3.90655 3.58483 30.6117 844.676
223.768 57.9616 4.01437 3.61535 38.8612 1032.48
225.424 57.4688 3.99724 3.46683 15.7491 1143.71
228.869 57.9128 3.97441 3.83422 29.8681 1278.78
229.75 56.9811 3.97436 3.60888 15.7885 1382.6
210.428 68.6408 3.93738 3.6676 72.3173 651.52
226.879 56.1146 3.94637 3.45642 35.0425 1309.87
228.385 55.3279 3.93433 3.54087 24.3178 1438.81
227.653 56.4191 3.95766 3.61219 16.9178 1322.79
217.908 60.4896 4.05017 4.09324 61.0306 597.071
217.507 60.403 4.0426 4.13326 48.3798 583.373
218.338 61.0595 4.00449 3.7725 108.026 587.917
218.244 60.7315 4.00745 3.94443 59.0043 599.728
217.659 60.602 4.04391 4.0823 72.0161 578.897
217.277 60.2474 4.09366 4.12997 30.2903 582.354
218.995 60.8241 3.99554 3.69175 71.7827 631.385
218.049 60.1785 4.06548 4.12554 79.4077 622.171
218.652 60.2994 4.03998 4.0049 57.6719 643.121
219.217 60.1294 4.04566 3.93724 50.4846 679.724
218.856 60.4399 4.04628 3.87576 54.2611 644.806
