# evlo=210.261002 evla=61.088902
225.449 60.24 3.84242 3.62055 62.4374 833.896
194.627 64.5646 3.87507 3.57978 49.6316 882.969
225.144 58.5792 3.90305 3.74933 71.5757 877.931
204.378 55.8218 3.92046 3.51432 46.2594 679.226
209.796 67.2269 3.9597 3.46161 31.3124 684.627
196.582 54.8564 3.95129 3.64379 41.5012 1062.67
214.766 66.5657 3.94258 3.60695 46.7419 649.154
188.296 63.7758 3.89798 3.72907 41.6226 1166.93
225.615 58.2758 3.91052 3.8547 75.9073 917.376
191.145 52.9721 3.91142 3.68501 32.8835 1461.95
220.599 59.667 3.90695 3.60079 82.3498 591.135
197.092 68.0541 3.93292 3.66493 23.9073 996.469
189.752 57.1766 3.90781 3.71498 50.2605 1246.12
192.073 65.5598 3.83847 3.65891 32.0074 1033.44
193.495 53.8452 3.93253 3.64484 71.8879 1283.18
197.939 55.703 3.8872 3.57329 66.9605 935.013
200.447 56.2848 3.90193 3.62034 48.5598 779.76
228.869 57.9128 3.8824 3.71815 101.886 1107.23
229.75 56.9811 3.89899 3.80645 64.5289 1203.22
210.428 68.6408 4.00652 3.53007 39.1513 841.994
