# evlo=208.468307 evla=61.98
225.449 60.24 3.84636 3.61386 22.5372 933.023
194.627 64.5646 3.88602 3.45619 49.1532 750.26
220.363 59.9534 3.93916 3.76708 82.0425 681.525
225.144 58.5792 3.96003 3.82919 57.5585 993.866
204.378 55.8218 3.93084 3.67762 29.2905 725.02
200.411 54.831 3.91204 3.68886 40.1125 923.66
209.796 67.2269 3.9862 3.66037 79.0006 588.366
196.582 54.8564 3.92853 3.61539 29.1479 1051.32
214.766 66.5657 3.94108 3.81297 44.4111 594.715
188.296 63.7758 3.91991 3.71971 58.2924 1041.13
225.615 58.2758 3.97001 3.83316 68.837 1034.62
197.4 66.8951 3.8513 3.83564 16.5108 762.416
191.145 52.9721 3.89652 3.65073 54.4884 1435.98
219.747 60.0959 3.93263 3.72247 90.9035 643.709
220.599 59.667 3.96749 3.75841 73.9849 707.197
197.092 68.0541 3.92253 3.56588 50.4903 861.112
218.652 60.2994 3.95601 3.80518 89.0017 578.959
219.217 60.1294 3.94099 3.74267 103.238 615.256
205.816 56.5593 3.9178 3.55848 57.7535 622.386
189.752 57.1766 3.90934 3.74585 47.4578 1179.48
218.856 60.4399 3.95147 3.65066 68.5636 583.366
192.073 65.5598 3.83669 3.66569 33.2959 898.343
193.495 53.8452 3.90201 3.58647 76.8974 1262.52
227.048 56.8144 4.01887 3.84525 20.7954 1196.18
229.75 56.9811 3.94149 3.76653 52.6943 1320.44
210.428 68.6408 3.97281 3.66942 69.446 748.157
229.974 55.9154 3.9905 3.68868 23.1853 1400.87
228.385 55.3279 3.97414 3.72961 26.6844 1364.68
227.653 56.4191 4.00284 3.73732 49.5999 1252.36
218.652 60.2994 3.95601 3.80518 89.0017 578.959
219.217 60.1294 3.94099 3.74267 103.238 615.256
218.856 60.4399 3.95147 3.65066 68.5636 583.366
