# evlo=216.545502 evla=61.227501
194.627 64.5646 3.97687 3.66044 53.8297 1168.08
200.411 54.831 3.96936 3.51756 35.8879 1184.85
209.796 67.2269 3.88254 3.52825 68.0731 743.743
214.766 66.5657 3.84474 3.8768 33.8775 601.399
188.296 63.7758 3.91813 3.71011 43.6129 1470.42
203.121 64.7461 3.99476 3.65682 45.6499 783.255
225.615 58.2758 4.03082 4.06482 72.7352 605.923
197.092 68.0541 3.87873 3.81603 55.9721 1192.81
189.752 57.1766 3.91054 3.70112 43.9345 1583.25
192.073 65.5598 3.94688 3.76359 37.2028 1304.78
193.495 53.8452 3.93645 3.66137 66.9056 1594.22
207.417 57.7828 3.9528 3.69462 68.7911 642.918
198.929 70.2043 3.9343 3.67041 27.2436 1276.99
234.753 71.9871 4.00305 3.81677 42.1054 1433.08
198.198 69.3641 3.91873 3.64523 28.7069 1237.69
202.84 70.0079 3.94482 3.64301 20.9353 1159.15
196.822 68.4753 3.91073 3.71268 29.1344 1226.48
198.806 68.6483 3.89104 3.7037 38.8694 1170.08
200.413 69.1049 3.91438 3.60986 18.4509 1151.88
209.387 69.836 3.87467 3.5858 35.8082 1013.66
211.299 69.72 3.89936 3.63449 16.8771 976.737
215.088 69.9175 3.90454 3.81588 33.1639 971.197
216.289 69.626 3.89828 3.66823 37.7965 936.487
235.93 69.3475 3.99815 3.78264 45.7433 1269.2
196.917 67.6988 3.86386 3.8186 29.7746 1179.9
201.885 68.4946 3.90171 3.60562 36.0662 1062.13
209.319 68.9656 3.82895 3.64771 32.9776 925.719
211.177 69.1532 3.87368 3.65573 22.536 917.907
213.625 69.322 3.91025 3.69 31.7384 912.485
219.035 69.243 3.90685 3.88829 51.9353 901.052
221.263 69.3286 3.94605 3.69619 38.3469 929.029
198.174 67.082 3.83913 3.71097 31.3625 1100.03
199.397 67.4213 3.82564 3.7247 33.7356 1072.89
202.768 67.4572 3.83972 3.72147 31.3108 958.059
210.384 68.0584 3.83724 3.6948 30.6922 815.587
211.513 68.0748 3.84436 3.79376 49.1498 799.729
214.432 68.1207 3.85909 3.68265 39.1919 774.984
218.405 68.1861 3.9085 3.55813 23.9756 780.757
220.465 68.6043 3.92136 3.58037 46.2096 842.678
222.103 68.3889 3.96705 3.67712 39.1991 840.135
223.281 66.3701 3.88828 3.63106 62.4742 661.608
193.671 65.4742 3.93937 3.65938 18.5337 1230.4
195.352 65.7077 3.94284 3.65001 28.4476 1161.26
198.75 66.442 3.90598 3.76605 26.1279 1045.5
200.349 66.6001 3.8597 3.80143 17.731 990.484
202.227 66.8332 3.83215 3.56406 41.5561 934.307
204.275 67.0486 3.84308 3.66224 30.5748 879.054
206.517 67.2221 3.88299 3.73189 44.0947 824.651
207.821 67.5076 3.91432 3.73295 44.3716 815.401
212.113 67.5187 3.86894 3.70261 33.1412 732.825
214.357 67.5933 3.90931 3.69436 20.5947 717.366
215.855 67.6946 3.91314 3.6641 33.5571 721.731
220.128 67.6136 3.9369 3.56769 41.8365 732.28
224.214 67.6106 3.92534 3.5729 49.8894 800.514
226.258 67.441 3.92382 3.69899 53.4385 834.781
195.961 64.9941 3.96913 3.56445 31.3561 1114.39
197.645 65.3936 3.93679 3.60275 30.1118 1049.72
199.349 65.5011 3.92472 3.62776 18.1822 979.075
201.346 65.895 3.87035 3.64343 32.1779 913.497
202.913 66.1434 3.84539 3.69191 34.0422 865.959
206.494 66.5156 3.83288 3.72718 44.3364 767.319
208.493 66.9214 3.88639 3.83759 47.5518 745.247
213.899 66.7653 3.84384 3.69614 20.7197 630.635
216.215 66.9498 3.90474 3.71192 36.2926 638.112
218.345 66.8088 3.94143 3.49349 33.32 628.312
221.978 66.9116 3.94592 3.66344 48.5929 686.282
223.778 66.9808 3.90423 3.61861 48.749 730.829
225.729 66.9227 3.87772 3.61293 51.4541 775.451
197.761 64.6379 3.98434 3.58993 32.7921 1022.21
200.087 64.937 3.9873 3.62353 23.8906 925.065
201.637 65.1527 3.96674 3.6295 29.7609 865.691
203.551 65.5276 3.87115 3.67945 25.3638 805.108
205.119 65.4924 3.85878 3.41061 40.4471 741.763
207.195 65.6571 3.83011 3.53296 51.0529 678.047
208.623 65.8937 3.83625 3.95328 45.2807 651.356
210.457 65.8251 3.84246 3.83534 65.686 594.745
221.631 66.2191 3.90923 3.68302 45.9794 610.081
225.657 65.8052 3.90499 3.63931 60.4836 681.402
199.305 63.8864 3.95864 3.82349 38.9894 931.625
205.522 64.7962 3.91743 3.54094 28.948 684.093
208.018 65.18 3.8193 3.59741 56.7094 614.025
196.446 62.7492 3.89398 3.69764 44.3332 1062.62
199.398 63.2842 3.94316 3.73606 55.6941 916.9
200.922 63.3965 3.95814 3.77412 48.0103 843.098
203.285 63.465 3.98981 3.76862 43.075 729.19
204.379 63.994 4.02362 3.81494 51.9347 695.182
205.853 64.1767 4.04642 3.92183 53.6059 637.266
195.344 61.9331 3.87662 3.71939 40.0345 1123.84
198.469 62.2938 3.89354 3.63809 73.8574 958.748
201.699 62.7161 3.93441 3.61683 66.0799 794.237
205.93 63.3569 4.01588 3.89885 74.7723 598.93
197.317 61.3416 3.86902 3.71785 67.7078 1027.43
198.513 61.678 3.87317 3.63202 52.053 959.989
200.525 61.7105 3.86938 3.71585 53.4531 853.524
201.703 62.1344 3.89884 3.58949 70.069 790.541
203.311 62.2195 3.93841 3.60523 63.7984 707.108
205.146 62.1816 3.92942 3.61126 119.838 611.568
193.799 60.3849 3.8717 3.66278 78.2483 1235.5
196.65 60.4135 3.87385 3.62193 66.0893 1082.12
198.04 60.7515 3.86242 3.66311 81.1298 999.66
199.312 60.6947 3.85724 3.65747 57.5737 932.785
201.041 61.0224 3.86762 3.6388 60.7199 833.98
202.562 61.4009 3.88922 3.61395 60.2077 747.915
204.176 61.4907 3.90247 3.59606 72.9253 661.378
205.609 61.9037 3.91684 3.52471 134.775 585.372
198.315 59.9237 3.88843 3.59548 98.7326 1006.66
199.908 60.1686 3.88051 3.60997 73.8407 913.833
201.231 60.4742 3.86223 3.69101 70.89 834.786
202.813 60.5269 3.87283 3.7247 89.4479 748.551
204.11 60.6801 3.86704 3.68951 131.423 675.535
205.516 60.8132 3.88635 3.59119 96.7549 597.453
198.736 59.2533 3.90076 3.61962 80.0096 1007.35
200.175 59.1767 3.89072 3.68581 71.8336 933.451
201.907 59.5938 3.88598 3.68059 100.252 825.082
202.905 59.7733 3.88686 3.72113 95.8875 765.39
204.792 59.8542 3.91962 3.7323 76.8315 662.018
205.68 60.1952 3.91276 3.66569 79.5646 603.538
190.452 56.6011 3.91633 3.77564 19.37 1576.73
202.009 59.0314 3.92121 3.71645 88.8858 842.141
203.561 59.1953 3.93236 3.69266 50.6371 753.222
204.771 59.3922 3.96539 3.65192 79.8383 681.144
227.183 60.2114 3.84734 3.64727 68.5036 590.85
203.344 58.6774 3.97376 3.6872 86.4968 788.79
204.113 58.2637 3.98841 3.64057 58.3102 771.468
204.991 58.6484 4.00733 3.63813 61.4018 705.709
206.355 58.9287 4.03385 3.58 129.142 621.544
207.606 58.6097 3.98773 3.66825 87.3079 578.194
227.731 58.9601 3.87109 3.71662 92.3034 670.624
202.426 57.5673 3.95511 3.64489 51.2969 897.342
203.613 57.6397 3.97171 3.63849 33.1792 833.692
205.548 57.5665 3.96129 3.55625 42.4235 744.694
225.482 58.2747 4.04027 3.9269 27.2169 599.738
229.033 59.3946 3.82543 3.66366 81.3739 718.533
197.939 55.703 3.95985 3.64302 54.7917 1241.87
200.447 56.2848 3.93711 3.64141 32.8062 1078.1
225.424 57.4688 4.09817 3.87298 35.2077 655.149
228.869 57.9128 3.9074 3.7676 44.0239 786.658
227.048 56.8144 4.02912 3.68745 16.318 776.625
229.75 56.9811 3.95817 3.75231 34.6609 889.928
210.428 68.6408 3.89727 3.62823 32.3463 874.67
226.879 56.1146 3.86482 3.6489 16.9304 825.205
228.385 55.3279 3.90411 3.59051 28.2751 953.597
210.176 67.8516 3.79617 3.74083 24.012 798.254
209.329 66.7192 3.77859 3.66776 18.1299 705.888
198.722 65.4015 3.86805 3.76992 15.7087 1002.5
194.662 64.5695 3.91432 3.59437 17.9987 1166.5
210.41 68.6274 3.89656 3.87448 31.6073 873.555
210.457 65.825 3.80662 3.72541 20.371 594.727
