# evlo=211.449097 evla=62.829498
225.449 60.24 3.86619 3.78145 33.1297 796.691
194.627 64.5646 3.96601 3.82618 46.4882 851.477
225.144 58.5792 4.03334 3.84374 50.0766 882.543
204.378 55.8218 3.92752 3.7078 16.8834 877.172
196.582 54.8564 3.9447 3.58913 21.8474 1229.47
188.296 63.7758 3.92892 3.74078 40.646 1159.37
225.615 58.2758 4.02962 3.67797 36.0766 925.152
191.145 52.9721 3.92944 3.63123 32.0264 1616.52
220.599 59.667 4.03522 4.00717 32.4448 603.648
205.816 56.5593 3.92409 3.69382 41.5628 766.519
189.752 57.1766 3.89393 3.73435 32.9332 1355.42
192.073 65.5598 3.94586 3.68324 37.8531 984.835
193.495 53.8452 3.91236 3.64047 47.4323 1442.45
227.653 56.4191 3.9173 3.49684 23.815 1154.8
