# evlo=196.822403 evla=68.475304
217.908 60.4896 3.90314 3.72915 19.0697 1337.08
217.507 60.403 3.90802 3.73451 16.5364 1330.59
218.338 61.0595 3.88296 3.77129 37.5261 1304.06
220.363 59.9534 3.90044 3.85492 29.518 1470.06
216.3 60.3932 3.90165 3.66204 18.0365 1290.23
215.395 60.9677 3.93524 3.72546 22.2952 1209.35
209.013 64.0997 3.85075 3.72388 24.5522 730.899
218.244 60.7315 3.8783 3.82641 32.3656 1328.26
213.052 64.4091 3.97631 3.80404 27.4052 850.48
217.659 60.6024 3.89248 3.75055 23.2068 1318.68
216.749 60.4427 3.90126 3.61924 20.6443 1301.11
217.639 60.9231 3.88607 3.7826 42.48 1290.65
218.995 60.824 3.90145 3.79625 29.373 1347.34
211.063 63.7318 3.87711 3.6883 22.106 829.954
218.049 60.1785 3.93323 3.7808 27.9557 1368.89
216.031 60.2361 3.91629 3.61846 17.9984 1295.17
218.652 60.2994 3.91583 3.83067 15.4139 1379.53
211.14 63.4056 3.88684 3.69877 23.5301 858.989
218.856 60.4399 3.90297 3.77067 19.4033 1374.73
216.546 61.2275 3.91073 3.71268 29.1344 1226.48
211.299 69.72 3.98637 3.64482 62.1411 591.587
215.088 69.9175 3.96939 3.80358 110.13 738.908
216.289 69.626 3.95654 3.85838 73.6796 784.093
235.93 69.3475 3.99329 3.77765 42.8994 1547.16
211.177 69.1532 3.96263 3.81609 93.4742 582.701
213.625 69.322 3.94878 3.75435 94.0058 679.723
219.035 69.243 3.95966 3.75866 110.058 893.521
221.263 69.3286 3.99022 3.83855 70.6178 980.197
211.513 68.0748 3.95816 3.75855 67.4012 607.277
214.432 68.1207 3.97751 3.70002 91.9728 725.564
218.405 68.1861 3.94675 3.75746 47.4974 885.74
220.465 68.6043 3.96175 3.6764 80.3726 959.861
222.103 68.3889 3.96044 3.74005 54.0907 1030.29
223.281 66.3701 3.98627 3.7474 42.4652 1148.54
212.113 67.5187 4.00911 3.60946 57.9559 646.642
214.357 67.5933 3.96094 3.74202 66.2198 736.241
215.855 67.6946 3.96099 3.76518 64.0292 794.56
220.128 67.6136 3.95018 3.72449 61.3773 971.633
224.214 67.6106 3.9792 3.73612 79.5034 1137.93
226.258 67.441 3.9863 3.80884 77.1233 1226.72
209.976 66.7108 4.07712 3.97722 67.9663 591.961
212.525 66.7004 4.05361 3.74433 32.7444 694.861
213.899 66.7653 3.97261 3.66117 21.7797 747.773
216.215 66.9498 3.95022 3.74761 49.8871 834.796
218.345 66.8088 3.96544 3.71676 62.7312 927.61
221.978 66.9116 3.97448 3.74109 57.0922 1072.26
223.778 66.9808 3.9808 3.69824 44.6559 1143.15
225.729 66.9227 3.98023 3.75673 55.1038 1225.08
208.623 65.8937 4.03786 3.72942 34.7798 585.029
210.457 65.8251 4.02196 3.68281 34.433 658.936
212.122 65.8371 4.04628 3.69644 33.9833 722.936
214.181 66.267 3.99663 3.69829 27.5157 782.148
218.473 66.2305 3.97065 3.77287 40.2107 958.192
221.631 66.2191 3.96884 3.83481 73.0569 1087.85
225.657 65.8052 3.98677 3.81201 50.4528 1272.63
214.843 62.3987 3.84309 3.89108 29.3017 1069.36
213.052 64.4091 3.97631 3.80404 27.4052 850.48
210.64 65.1479 3.97797 3.67215 33.8001 709.426
216.846 65.3064 3.99579 3.68283 29.1625 940.523
218.385 65.6035 3.98556 3.68759 46.1717 986.044
220.064 65.4483 3.98407 3.65937 43.3482 1062.49
221.694 65.3609 3.98416 3.6725 51.5272 1133.47
223.623 65.2225 3.98979 3.75475 39.4455 1219.68
196.446 62.7492 3.89017 3.7084 55.7423 638.7
199.398 63.2842 3.84238 3.60515 43.6147 590.509
200.922 63.3965 3.84322 3.71661 54.783 595.957
204.379 63.994 3.99141 3.79274 33.668 603.453
205.853 64.1767 3.89246 3.65607 29.5921 626.161
214.63 64.613 4.01841 3.93076 22.0024 896.339
216.436 64.5012 4.02269 3.90097 28.188 973.671
221.784 64.4525 3.95754 3.64882 24.7178 1189.34
223.67 64.5753 3.97796 3.68889 29.6341 1258.32
195.344 61.9331 3.90845 3.81643 49.2416 732.642
198.469 62.2938 3.87731 3.50587 43.7916 693.4
201.699 62.7161 3.86567 3.65031 43.0727 679.894
205.93 63.3569 3.97695 3.64099 31.7444 704.08
217.924 64.0292 4.01304 3.82901 28.0928 1062.93
222.48 63.8433 3.96992 3.65973 19.4684 1255.6
197.317 61.3416 3.88429 3.60791 37.2771 795.677
198.513 61.678 3.86184 3.50242 42.4845 761.94
200.525 61.7105 3.86156 3.64529 31.6171 773.713
201.703 62.1344 3.86416 3.74441 44.0326 742.164
206.12 62.4787 3.98772 3.70924 28.8494 793.523
216.652 63.0254 3.92985 3.66964 19.1292 1085.92
221.871 63.109 3.97861 3.80902 29.0387 1280.7
193.799 60.3849 3.9265 3.8216 49.9093 913.353
196.65 60.4135 3.88431 3.68768 44.0161 898.792
198.04 60.7515 3.84454 3.57506 41.3712 863.02
199.312 60.6947 3.86864 3.50233 46.1956 875.401
201.041 61.0224 3.90355 3.76081 25.8123 854.35
202.562 61.4009 3.88595 3.71421 35.0966 833.267
204.176 61.4907 3.8875 3.68861 27.9162 851.211
209.88 61.7531 3.93007 3.7175 24.1318 964.434
212.274 61.7929 3.92712 3.70618 20.2708 1034.21
213.825 62.1067 3.88422 3.75957 24.9755 1058.32
217.004 62.4013 3.89375 3.70045 30.7208 1146.96
225.609 62.2024 3.97342 3.77878 24.119 1492.91
198.315 59.9237 3.87786 3.57336 32.663 956.008
199.908 60.1686 3.86013 3.65429 47.0144 937.695
201.231 60.4742 3.86645 3.63876 16.9471 916.275
202.813 60.5269 3.85636 3.74645 22.5867 930.663
204.11 60.6801 3.85953 3.83056 35.4252 935.085
205.516 60.8132 3.90791 3.8823 21.1109 947.853
215.402 61.6061 3.8885 3.73037 44.6295 1154.72
226.918 61.1512 3.98311 3.81599 27.0673 1622.46
198.736 59.2533 3.84902 3.62528 35.7116 1032.18
200.175 59.1767 3.87774 3.67206 28.6463 1049.22
201.907 59.5938 3.88406 3.57207 29.9509 1019.94
202.905 59.7733 3.85677 3.68184 41.4617 1013.15
204.792 59.8542 3.87012 3.83073 26.1302 1034.32
219.809 60.7718 3.89162 3.74858 21.4707 1381.19
202.009 59.0314 3.84492 3.62118 24.6562 1082.49
204.771 59.3922 3.881 3.69808 38.5376 1082.91
206.768 59.6524 3.95632 3.74588 21.0251 1093.74
212.597 59.9979 3.9706 3.79992 27.2081 1208.75
222.262 59.6304 3.8997 3.74917 31.4205 1566.46
223.04 60.1218 3.89293 3.66575 21.0188 1554.28
227.183 60.2114 4.0656 3.96881 21.7833 1705.67
212.566 65.1171 3.98726 3.74608 38.5954 784.149
203.344 58.6774 3.89975 3.62974 32.6908 1137.68
204.113 58.2637 3.88744 3.62983 24.6373 1193.3
204.991 58.6484 3.88077 3.79985 24.8989 1165.83
197.939 55.703 3.88329 3.74845 33.8181 1424.54
200.447 56.2848 3.88323 3.64479 18.771 1370.92
223.768 57.9616 3.93199 3.74456 23.5838 1765.68
225.424 57.4688 3.91944 3.82873 23.1594 1869.36
226.879 56.1146 3.92863 3.75213 26.2946 2043.41
228.385 55.3279 3.93159 3.65987 15.0432 2169.69
218.842 64.7774 3.9906 3.61662 32.4241 1051.5
211.063 63.7323 3.87702 3.68821 22.106 829.933
211.14 63.4057 3.88683 3.69876 23.5301 858.987
210.069 64.7653 3.91434 3.67349 15.9976 715.678
217.908 60.4896 3.90314 3.72915 19.0697 1337.08
217.507 60.403 3.90802 3.73451 16.5364 1330.59
218.338 61.0595 3.88297 3.7713 37.5261 1304.06
216.296 60.3923 3.90155 3.66194 18.0365 1290.2
218.244 60.7315 3.8783 3.82641 32.3656 1328.26
217.659 60.602 3.89254 3.7506 23.2068 1318.7
216.749 60.4427 3.90126 3.61924 20.6443 1301.11
217.639 60.9231 3.88605 3.78258 42.48 1290.65
218.995 60.8241 3.90143 3.79623 29.373 1347.33
218.049 60.1785 3.93323 3.7808 27.9557 1368.89
216.031 60.2361 3.91629 3.61846 17.9984 1295.17
218.652 60.2994 3.91583 3.83067 15.4139 1379.53
218.856 60.4399 3.90297 3.77067 19.4033 1374.73
216.546 61.2275 3.91073 3.71268 29.1344 1226.48
