# evlo=221.263306 evla=69.328598
194.627 64.5646 3.93798 3.70301 35.2548 1266.48
217.908 60.4896 3.95515 4.02171 23.9041 997.8
217.654 61.036 3.91109 3.92694 15.1926 939.511
217.507 60.403 3.91575 3.87503 26.9631 1010.45
216.3 60.3932 3.94829 3.74504 17.8147 1022.81
216.716 60.1205 3.93138 3.78458 19.0186 1048.5
215.395 60.9677 3.96297 3.61484 33.4437 970.924
209.013 64.0997 3.94831 3.79727 40.3346 792.392
209.094 59.7511 3.93391 3.72531 26.1915 1211.91
209.259 59.7417 3.94013 3.79429 35.6327 1209.23
210.701 64.1732 3.94559 3.70649 32.0962 737.65
208.846 60.7683 3.96184 3.72865 20.7455 1114.56
212.195 64.6453 3.90984 3.81663 51.8882 653.922
204.378 55.8218 3.95656 3.81809 20.0258 1724.22
207.685 63.8827 3.92442 3.78473 29.728 851.471
208.763 59.5251 3.93619 3.71593 37.8254 1242.42
216.907 60.7523 3.93718 3.86594 21.4775 977.347
218.66 60.9649 3.93174 3.95944 21.2254 940.251
209.738 62.4058 3.9302 3.85361 28.4373 930.831
217.513 60.0823 3.94056 3.80446 26.8322 1045.76
213.401 60.7277 3.90543 3.62252 25.4628 1026.07
215.271 60.5805 3.99754 3.7194 16.8831 1014.44
216.679 60.2805 3.92704 3.7322 36.2337 1031.3
213.052 64.4091 3.88433 3.70189 48.4543 655.048
217.659 60.6024 3.92894 3.91067 32.4748 987.248
216.749 60.4427 3.92967 3.71632 29.3456 1012.83
217.639 60.9231 3.93457 3.91928 34.9127 952.064
218.995 60.824 3.92521 3.89582 27.6381 954.018
216.976 61.3836 3.95637 3.66776 39.867 907.496
211.063 63.7318 3.92256 3.67565 72.9646 769.408
218.049 60.1785 3.95318 3.87591 21.2725 1031.18
216.031 60.2361 3.93768 3.65428 20.3516 1042.88
217.533 61.1871 3.94505 3.82119 34.8387 923.895
211.14 63.4056 3.89931 3.69223 51.9785 798.743
219.217 60.1294 3.95201 3.84692 25.5868 1030.07
216.221 60.072 3.92124 3.75487 20.5005 1058.77
218.856 60.4399 3.95345 3.96788 22.7665 997.347
216.546 61.2275 3.94605 3.69619 38.3469 929.029
212.138 64.8736 3.92771 3.84006 49.9745 634.244
198.929 70.2043 4.00207 3.85248 70.3189 862.965
205.026 71.0033 4.03913 3.65479 58.9387 640.624
198.198 69.3641 3.97293 3.79044 85.652 902.933
202.84 70.0079 3.99956 3.69166 65.7692 715.909
205.387 69.6211 3.97536 3.81375 69.3633 620.581
194.656 68.2746 3.9953 3.77445 72.4926 1071.89
196.822 68.4753 3.99022 3.83855 70.6178 980.197
198.806 68.6483 3.97479 3.85329 87.3817 897.092
200.413 69.1049 3.98616 3.79139 67.0969 822.404
205.217 69.1565 3.97803 3.83251 72.5037 633.419
196.917 67.6988 3.9831 3.81442 75.2261 1005
201.885 68.4946 3.95865 3.79772 72.795 780.634
203.387 68.7132 3.97492 3.85482 99.9599 715.265
198.174 67.082 3.95822 3.77031 50.3656 982.765
199.397 67.4213 3.97081 3.86496 65.7295 919.061
202.768 67.4572 3.98804 3.58515 49.1983 785.076
203.811 68.2575 3.98832 3.71872 79.1262 712.319
206.028 68.4414 4.01723 3.7832 59.9318 619.018
193.671 65.4742 3.9407 3.76875 59.7441 1246.33
195.352 65.7077 3.95187 3.73612 50.8343 1166.82
198.75 66.442 3.94204 3.72071 46.5224 992.723
200.349 66.6001 3.96295 3.66158 33.9097 921.929
202.227 66.8332 3.98734 3.70896 41.7633 836.628
204.275 67.0486 4.00974 3.667 45.4184 746.222
206.517 67.2221 4.05382 3.71375 72.8214 651.114
207.821 67.5076 4.0782 3.82191 56.3178 586.734
195.961 64.9941 3.92565 3.70946 58.1117 1186.99
197.645 65.3936 3.93839 3.70185 46.9876 1096.78
199.349 65.5011 3.96318 3.70145 66.3717 1024.67
201.346 65.895 3.99136 3.77682 48.947 923.989
202.913 66.1434 3.98302 3.79864 47.1218 849.31
206.494 66.5156 4.03318 3.78516 43.4758 692.252
208.493 66.9214 4.01013 3.92922 53.7291 593.673
197.761 64.6379 3.9534 3.7597 43.7376 1141.63
200.087 64.937 3.9951 3.78451 58.6791 1033.59
201.637 65.1527 3.9742 3.85024 40.8207 961.1
203.551 65.5276 3.97804 3.75361 72.3435 864.895
205.119 65.4924 4.0028 4.01572 78.1298 810.168
207.195 65.6571 3.94781 3.63451 55.8745 724.775
208.623 65.8937 3.95068 3.69727 37.8344 658.075
210.457 65.8251 3.94112 3.54994 51.7512 602.235
214.843 62.3987 3.95441 3.5691 41.4531 825.364
213.052 64.4091 3.88433 3.70189 48.4543 655.048
199.305 63.8864 3.96643 3.70735 43.7412 1137.42
205.522 64.7962 3.93682 3.70303 35.3991 847.192
208.018 65.18 3.90364 3.60966 37.5904 732.888
210.64 65.1479 3.9285 3.78453 63.4588 652.493
196.446 62.7492 3.96391 3.59695 36.052 1328.64
199.398 63.2842 3.93917 3.67444 49.6222 1179.8
200.922 63.3965 3.90918 3.61403 43.5718 1116.66
203.285 63.465 3.92899 3.75679 45.925 1029.32
204.379 63.994 3.91559 3.68548 59.6605 949.345
205.853 64.1767 3.9122 3.78218 49.4537 885.122
214.63 64.613 3.90564 3.56191 50.8486 599.632
216.436 64.5012 3.96145 3.73053 44.6288 577.909
195.344 61.9331 3.93257 3.73869 28.4796 1433.33
198.469 62.2938 3.91897 3.79417 66.952 1291.85
205.93 63.3569 3.92419 3.80208 49.1128 951.712
214.222 63.8036 3.88814 3.63821 31.3467 689.89
217.924 64.0292 4.01245 3.71065 46.9689 608.895
222.48 63.8433 4.02475 3.7358 31.5738 614.04
200.525 61.7105 3.93764 3.72025 38.8221 1269.86
201.703 62.1344 3.95238 3.77293 74.7273 1194.08
203.311 62.2195 3.95144 3.79714 43.9209 1134.14
216.652 63.0254 3.97227 3.60459 29.837 732.47
218.173 63.0618 3.96276 3.67761 45.1589 712.324
196.65 60.4135 3.94402 3.78313 47.6953 1513.99
198.04 60.7515 3.92783 3.75205 32.287 1436.92
201.041 61.0224 3.92437 3.66147 50.5095 1313.27
202.562 61.4009 3.92478 3.7102 35.2452 1230.68
209.88 61.7531 3.94854 3.8311 23.2765 991.611
212.274 61.7929 3.92009 3.70132 33.4229 934.987
213.825 62.1067 3.92397 3.64557 24.6037 873.195
217.004 62.4013 3.92779 3.71153 42.157 796.049
218.122 62.3579 3.92715 3.71413 42.1751 790.14
221.538 62.4435 4.00286 3.69005 26.6804 767.822
223.206 62.5763 3.9937 3.72239 25.9758 757.995
225.609 62.2024 3.93988 3.77627 24.3307 818.664
199.908 60.1686 3.91683 3.6424 33.335 1426.7
204.11 60.6801 3.89683 3.65637 39.0623 1249.79
207.791 61.2001 3.95825 3.75241 40.208 1098.09
215.402 61.6061 3.9378 3.56759 28.4198 901.906
222.911 61.4593 3.97959 3.81998 19.4838 880.663
226.918 61.1512 3.98155 3.96965 27.7561 948.325
198.736 59.2533 3.90807 3.65195 28.2835 1548.05
200.175 59.1767 3.89544 3.69036 39.7535 1509.62
201.907 59.5938 3.89553 3.77958 59.2104 1417.52
205.68 60.1952 3.92349 3.67551 26.7326 1251.92
207.376 60.0815 3.96479 3.75755 28.0685 1219.03
210.276 60.4814 3.9454 3.78441 31.1655 1111.28
219.809 60.7718 3.94715 3.841 20.4989 956.4
203.561 59.1953 3.89291 3.65372 46.0624 1407.5
212.597 59.9979 3.90697 3.5988 36.6476 1117.03
223.04 60.1218 3.95121 3.54278 18.335 1029.82
227.183 60.2114 3.98869 3.88138 24.2512 1053.57
212.566 65.1171 3.93477 3.73187 56.2695 600.427
203.344 58.6774 3.89132 3.67711 37.7571 1463.99
204.113 58.2637 3.92502 3.63329 36.0536 1483.86
204.991 58.6484 3.92648 3.65368 28.4685 1422.51
207.606 58.6097 3.96571 3.70143 31.7736 1362.31
213.66 59.4296 3.90222 3.5369 39.0716 1160.88
227.731 58.9601 3.96495 3.81386 21.2244 1196.37
202.426 57.5673 3.91624 3.62238 44.3327 1598.57
229.033 59.3946 3.97239 3.74576 28.1234 1167.1
228.869 57.9128 3.93496 3.78275 27.5627 1324.82
229.75 56.9811 3.91826 3.8114 21.2409 1437.99
228.385 55.3279 3.92024 3.83725 25.6801 1600.84
209.931 62.7622 4.29001 3.15023 25.6247 891.371
211.063 63.7323 3.92225 3.67536 72.9646 769.348
211.14 63.4057 3.89928 3.6922 51.9785 798.736
218.547 60.1369 4.06927 3.78492 16.8565 1032.64
210.867 64.709 3.92875 3.73814 18.3481 684.319
210.853 64.7716 3.93858 3.83034 21.905 679.126
210.847 64.8338 3.92354 3.80992 15.2937 673.785
210.819 64.8857 3.93194 3.75433 27.7052 670.023
210.44 64.87 3.94486 3.79458 41.1933 682.47
210.174 64.8537 3.93619 3.77635 33.7392 691.776
210.069 64.7653 3.94892 3.75803 47.5774 702.584
210.917 64.5498 3.94311 3.8216 16.8953 697.255
210.782 64.5716 3.94545 3.83497 35.617 699.069
210.554 64.5756 3.959 3.90175 36.7856 705.178
210.901 64.613 3.93843 3.87635 30.2935 691.994
211.172 64.6917 3.92057 3.91654 42.8276 677.282
217.908 60.4896 3.95515 4.02171 23.9041 997.8
217.507 60.403 3.91575 3.87503 26.9631 1010.45
216.296 60.3923 3.94881 3.74553 17.8147 1022.95
216.716 60.1205 3.93138 3.78458 19.0186 1048.5
215.271 60.5805 3.99754 3.7194 16.8831 1014.44
216.679 60.2805 3.92704 3.7322 36.2337 1031.3
217.659 60.602 3.92913 3.91086 32.4748 987.296
216.749 60.4427 3.92967 3.71632 29.3456 1012.83
217.639 60.9231 3.93458 3.91929 34.9127 952.066
218.995 60.8241 3.92516 3.89577 27.6381 954.007
216.976 61.3836 3.95637 3.66776 39.867 907.496
218.049 60.1785 3.95318 3.87591 21.2725 1031.18
216.031 60.2361 3.93768 3.65428 20.3516 1042.88
217.533 61.187 3.94508 3.82123 34.8387 923.904
219.217 60.1294 3.95201 3.84692 25.5868 1030.07
216.221 60.072 3.92124 3.75487 20.5005 1058.77
218.856 60.4399 3.95345 3.96788 22.7665 997.347
216.546 61.2275 3.94605 3.69619 38.3469 929.029
