# evlo=214.432007 evla=68.120697
194.627 64.5646 3.88981 3.62885 72.445 966.216
217.654 61.036 3.8754 3.67874 19.3779 804.513
218.338 61.0595 3.84337 3.68035 23.6255 808.745
220.363 59.9534 3.84597 3.74852 32.6178 954.433
225.144 58.5792 3.8865 3.73479 28.0237 1187.22
215.395 60.9677 3.96906 3.88272 22.9926 798.762
209.094 59.7511 3.9333 3.55361 30.7636 968.165
209.259 59.7417 3.92317 3.56364 29.5373 967.085
208.846 60.7683 3.91955 3.64232 39.6461 861.832
207.916 63.4188 3.88188 3.61051 68.6338 602.597
204.378 55.8218 3.95772 3.77766 27.0788 1464.15
200.411 54.831 3.89911 3.60376 18.5837 1649.68
208.763 59.5251 3.92547 3.57875 46.0965 997.007
216.907 60.7523 3.88368 3.7383 19.9986 829.892
218.66 60.9649 3.81674 3.68109 26.8575 822.677
209.738 62.4058 3.89523 3.70037 53.8419 673.4
214.225 61.1292 3.96845 3.62646 30.7526 779.516
213.401 60.7277 3.95937 3.46067 24.0618 825.659
215.271 60.5805 3.97726 3.81168 18.3153 841.551
216.679 60.2805 3.9496 3.74937 26.464 880.664
218.244 60.7315 3.84676 3.58069 15.9596 843.604
216.749 60.4427 3.9383 3.73718 30.5395 863.121
217.639 60.9231 3.87665 3.65478 27.2185 816.792
216.976 61.3836 3.87558 3.65177 29.8687 760.647
218.049 60.1785 3.87153 3.56042 26.0192 902.336
216.031 60.2361 3.94093 3.67604 19.1151 882.323
216.221 60.072 3.95655 3.69242 15.4382 901.385
216.546 61.2275 3.85909 3.68265 39.1919 774.984
198.929 70.2043 4.04777 3.71367 30.5873 655.896
234.753 71.9871 3.97567 3.62364 45.3611 879.883
198.198 69.3641 4.02089 3.57784 41.244 669.452
194.656 68.2746 3.96399 3.73714 42.6438 816.652
196.822 68.4753 3.97751 3.70002 91.9728 725.564
198.806 68.6483 3.96413 3.70815 89.6678 643.586
200.413 69.1049 3.98075 3.62079 49.2565 579.881
235.93 69.3475 4.03749 3.85006 54.6236 876.476
196.917 67.6988 3.95759 3.68336 45.4345 734.379
198.174 67.082 3.92993 3.73049 98.4382 699.129
199.397 67.4213 3.91277 3.78113 83.72 638.133
193.671 65.4742 3.90281 3.70159 82.5202 954.271
195.352 65.7077 3.88263 3.74405 59.7533 873.356
198.75 66.442 3.91016 3.62596 107.101 699.43
200.349 66.6001 3.90438 3.68646 80.1857 626.96
195.961 64.9941 3.88031 3.62812 54.8257 886.992
197.645 65.3936 3.90952 3.63508 60.9757 796.443
199.349 65.5011 3.95141 3.63442 68.3362 722.15
201.346 65.895 3.94724 3.65546 55.6112 620.729
197.761 64.6379 3.92262 3.71322 56.7904 837.104
200.087 64.937 3.95473 3.5956 96.1298 727.516
201.637 65.1527 3.95839 3.69504 75.8107 654.266
214.843 62.3987 3.98055 3.80346 33.0447 638.265
199.305 63.8864 3.93075 3.70172 32.2821 829.943
196.446 62.7492 3.92088 3.77194 54.1588 1021.2
199.398 63.2842 3.90506 3.66299 37.4078 872.348
203.285 63.465 3.87714 3.67136 83.0719 725.876
205.853 64.1767 3.88876 3.67047 57.6474 584.956
195.344 61.9331 3.92369 3.76993 30.7166 1125.77
201.699 62.7161 3.88835 3.83755 85.3888 841.189
205.93 63.3569 3.91263 3.89018 96.0277 657.737
197.317 61.3416 3.89465 3.68408 75.5857 1105.01
200.525 61.7105 3.91879 3.80901 72.3091 967.223
201.703 62.1344 3.90353 3.79563 69.1954 892.514
203.311 62.2195 3.86893 3.69051 41.9906 836.855
205.146 62.1816 3.91743 3.65857 78.5934 790.786
206.12 62.4787 3.90227 3.71265 59.8417 737.551
218.173 63.0618 3.85034 3.65296 85.1803 589.61
221.871 63.109 3.82275 3.735 37.334 654.607
193.799 60.3849 3.89291 3.71825 52.6032 1309.53
196.65 60.4135 3.90544 3.67682 34.5183 1208.53
199.312 60.6947 3.93915 3.85801 62.357 1097.24
201.041 61.0224 3.90365 3.8222 54.581 1014.48
202.562 61.4009 3.88321 3.67412 64.6501 934.987
204.176 61.4907 3.89839 3.51478 33.7115 882.898
205.609 61.9037 3.90368 3.60909 48.817 806.698
206.868 61.8823 3.88217 3.63852 84.3228 780.422
209.88 61.7531 3.92202 3.60708 33.5092 741.363
212.274 61.7929 3.93393 3.56594 53.3813 712.716
213.825 62.1067 3.94101 3.56042 30.3874 671.12
217.004 62.4013 3.85795 3.56972 41.6073 648.766
218.122 62.3579 3.84261 3.57092 64.4578 664.992
221.538 62.4435 3.8372 3.79633 55.5919 713.579
223.206 62.5763 3.84578 3.63603 23.9646 739.461
225.609 62.2024 3.97006 3.72162 26.2626 840.075
198.315 59.9237 3.94747 3.74033 37.9406 1199.26
202.813 60.5269 3.85783 3.58861 66.2036 1012.47
204.11 60.6801 3.8732 3.60958 46.8647 964.593
205.516 60.8132 3.89676 3.70018 108.003 918.619
207.791 61.2001 3.89271 3.74195 74.723 833.124
215.402 61.6061 3.95724 3.60237 29.8521 727.742
222.911 61.4593 3.88365 3.84173 37.0031 843.322
224.22 61.4862 3.83538 3.80657 38.7259 871.517
226.918 61.1512 3.8957 3.47947 17.7762 976.086
201.907 59.5938 3.8641 3.66198 68.5345 1127.97
202.905 59.7733 3.87156 3.62985 75.3792 1084.75
204.792 59.8542 3.90784 3.7237 42.5144 1032.57
205.68 60.1952 3.90439 3.65936 44.2678 978.608
207.376 60.0815 3.90763 3.63214 41.9099 958.496
210.276 60.4814 3.96514 3.65065 27.0942 874.587
223.909 60.7704 3.89188 3.80574 40.3155 935.576
190.452 56.6011 3.90739 3.71604 16.5182 1763.68
202.009 59.0314 3.87124 3.66705 52.6774 1181.35
203.561 59.1953 3.8882 3.61867 45.9331 1127.53
204.771 59.3922 3.91424 3.64963 75.8791 1080.64
206.768 59.6524 3.89679 3.69255 66.9449 1014.52
212.597 59.9979 3.9129 3.93868 24.5716 909.827
222.262 59.6304 3.85645 3.73992 46.2332 1019.81
223.04 60.1218 3.83272 3.61074 34.3057 983.269
226.285 59.5898 3.92486 3.88859 24.2707 1111.22
227.183 60.2114 3.8615 3.7106 27.7526 1073.48
203.344 58.6774 3.89017 3.61918 45.7831 1185.45
204.113 58.2637 3.92165 3.63162 42.2585 1211.55
204.991 58.6484 3.90841 3.64764 48.8228 1153.55
206.355 58.9287 3.92228 3.71702 50.2115 1098.46
207.606 58.6097 3.90646 3.64925 33.8061 1112.21
213.66 59.4296 3.90859 3.83962 32.2333 969.547
227.731 58.9601 3.9283 3.78902 28.5661 1210.93
202.426 57.5673 3.88901 3.6122 53.8932 1320.4
203.613 57.6397 3.89602 3.6085 30.077 1287.04
205.548 57.5665 3.94417 3.62222 22.5225 1257.42
224.26 58.4133 3.86492 3.78462 15.7894 1185.89
225.482 58.2747 3.87593 3.75552 15.1004 1226.07
229.033 59.3946 3.9015 3.77095 51.3972 1204.09
200.447 56.2848 3.87615 3.66646 40.2909 1498.5
223.768 57.9616 3.85587 3.70149 24.1522 1223.76
228.869 57.9128 3.90023 3.73157 21.669 1345.01
227.048 56.8144 3.86398 3.71613 16.8008 1411.94
229.75 56.9811 3.86757 3.67675 22.9538 1461.48
226.879 56.1146 3.88033 3.71933 24.9469 1480.86
229.974 55.9154 3.8581 3.63783 18.0652 1574.89
228.385 55.3279 3.85008 3.696 17.8707 1596.48
227.653 56.4191 3.87606 3.74515 25.4536 1466.66
209.931 62.7622 4.13026 2.64865 24.1887 632.51
218.547 60.1369 4.31111 4.12718 18.2478 911.808
218.338 61.0595 3.84337 3.68036 23.6255 808.746
215.271 60.5805 3.97726 3.81168 18.3153 841.551
216.679 60.2805 3.9496 3.74937 26.464 880.664
218.244 60.7315 3.84676 3.58069 15.9596 843.604
216.749 60.4427 3.9383 3.73718 30.5395 863.121
217.639 60.9231 3.87664 3.65478 27.2185 816.79
216.976 61.3836 3.87558 3.65177 29.8687 760.647
218.049 60.1785 3.87153 3.56042 26.0192 902.336
216.031 60.2361 3.94093 3.67604 19.1151 882.323
216.221 60.072 3.95655 3.69242 15.4382 901.385
216.546 61.2275 3.85909 3.68265 39.1919 774.984
209.518 60.7352 3.93678 3.70905 24.2738 856.071
209.518 60.7351 3.9368 3.70907 24.2738 856.077
