# evlo=205.521698 evla=64.796204
217.908 60.4896 3.92903 3.45139 16.9516 794.028
217.507 60.403 3.93096 3.51775 23.0864 784.475
218.338 61.0595 3.94281 3.69768 16.9707 770.735
216.3 60.3932 3.84406 3.63773 17.8617 738.149
216.716 60.1205 3.90829 3.52656 16.9512 776.06
208.763 59.5251 3.89497 3.40697 24.2442 611.06
216.907 60.7523 3.90375 3.49261 21.1598 733.87
218.66 60.9649 3.95335 3.72871 18.381 790.942
217.513 60.0823 3.88865 3.63984 21.8336 809.809
214.25 60.5487 3.88814 3.77718 20.5262 650.162
213.401 60.7277 3.90328 3.85783 15.1363 605.492
188.296 63.7758 3.81842 3.71292 50.5364 839.277
216.188 61.4417 3.93884 3.66629 30.1137 654.088
216.679 60.2805 3.89143 3.44271 23.5342 761.719
213.497 60.396 3.91902 3.77797 25.2855 638.072
215.738 60.3351 3.9065 3.73138 17.5891 721.763
208.348 59.6572 3.87971 3.25992 17.6092 591.156
217.659 60.6024 3.94379 3.42885 24.0208 775.458
216.749 60.4427 3.91162 3.43862 25.1572 751.525
217.639 60.9231 3.93096 3.46273 20.4451 751.074
218.995 60.824 3.95298 3.65768 16.4672 814.961
216.976 61.3836 3.98503 3.53815 18.9848 690.92
218.049 60.1785 3.91065 3.6933 20.0701 823.446
216.031 60.2361 3.9285 3.50299 17.1961 740.824
217.533 61.1871 3.95465 3.55175 16.8656 727.916
218.652 60.2994 3.86896 3.61677 17.2802 838.604
219.217 60.1294 3.8892 3.60916 15.7643 874.52
216.221 60.072 3.9193 3.56816 16.874 761.481
218.856 60.4399 3.89298 3.58899 21.0041 836.569
216.546 61.2275 3.91743 3.54094 28.948 684.093
203.383 71.3221 3.92516 3.52035 23.6108 733.204
205.026 71.0033 3.95296 3.58263 19.7858 692.607
198.198 69.3641 3.99583 3.82954 29.2093 599.843
202.84 70.0079 3.91986 3.49057 27.9775 592.375
206.58 70.34 4.03382 3.68948 31.7432 619.913
194.656 68.2746 3.78574 3.75992 30.8707 617.999
209.387 69.836 3.98434 3.79095 37.5636 585.905
211.299 69.72 3.93043 3.63819 35.7145 602.471
215.088 69.9175 3.95714 3.70658 24.4097 702.053
216.289 69.626 3.90027 3.56025 34.3591 709.96
235.93 69.3475 3.99746 3.73935 15.5952 1398.5
213.625 69.322 3.90959 3.78931 46.4555 614.617
219.035 69.243 3.90902 3.72114 31.0112 767.07
221.263 69.3286 3.93682 3.70303 35.3991 847.192
218.405 68.1861 3.93062 3.78626 21.7941 685.008
220.465 68.6043 3.94687 3.73543 34.1031 781.61
222.103 68.3889 3.94374 3.80037 39.7735 833.725
223.281 66.3701 3.93813 3.72788 39.9355 835.019
220.128 67.6136 3.94197 3.642 30.6292 726.72
224.214 67.6106 3.94145 3.65185 37.7545 894.298
226.258 67.441 3.94197 3.74136 46.3079 977.088
218.345 66.8088 3.92492 3.73042 35.6024 626.795
221.978 66.9116 3.93344 3.65913 46.3231 784.903
223.778 66.9808 3.94344 3.73684 39.8704 863.872
225.729 66.9227 3.95876 3.68738 32.1638 947.872
218.473 66.2305 3.90176 3.65097 66.9716 618.975
221.631 66.2191 3.91161 3.67939 48.4696 759.932
225.657 65.8052 3.94656 3.78629 38.9324 941.787
218.385 65.6035 3.8667 3.74631 74.9979 607.865
220.064 65.4483 3.89501 3.74208 60.2652 685.231
221.694 65.3609 3.90827 3.78704 46.7307 761.166
223.623 65.2225 3.92428 3.89942 58.7958 852.033
221.784 64.453 3.87488 3.78932 21.4722 776.735
221.784 64.4525 3.89261 3.80039 37.0077 776.717
223.67 64.5753 3.90734 3.82861 61.2754 863.564
195.344 61.9331 3.9042 3.69016 40.7474 599.966
217.924 64.0292 3.8747 3.72136 34.2297 602.99
222.48 63.8433 3.88876 3.7918 49.4414 824.605
216.652 63.0254 4.05604 3.82884 34.029 580.009
218.173 63.0618 3.96026 3.74604 35.8402 648.739
221.871 63.109 3.90565 3.80017 47.285 820.611
193.799 60.3849 3.89387 3.7055 39.0667 775.473
196.65 60.4135 3.89638 3.7573 35.869 666.811
198.04 60.7515 3.86417 3.80933 50.6254 590.155
217.004 62.4013 4.04703 4.04487 43.2219 628.12
218.122 62.3579 4.0202 3.79099 33.9939 680.83
221.538 62.4435 3.93907 3.63183 52.4063 833.819
223.206 62.5763 3.88581 3.79204 24.8304 905.969
225.609 62.2024 3.91049 3.86352 37.4736 1036.4
198.315 59.9237 3.84327 3.76736 53.1152 658.031
199.908 60.1686 3.8863 3.72739 62.9155 590.942
215.402 61.6061 3.91982 3.4969 17.8122 610.205
222.911 61.4593 3.94916 3.75818 38.0612 949.006
224.22 61.4862 3.93364 3.70263 30.8597 1007.89
226.918 61.1512 3.93014 3.83388 31.1121 1151.92
198.736 59.2533 3.87708 3.6823 32.323 711.716
200.175 59.1767 3.90539 3.79141 49.2514 685.549
201.907 59.5938 3.87998 3.70677 26.4242 609.336
219.809 60.7718 4.00244 3.63433 22.7759 853.384
223.909 60.7704 3.96126 3.83694 21.7576 1035.36
190.452 56.6011 3.90865 3.76352 15.9346 1223.19
202.009 59.0314 3.87664 3.7227 25.5279 668.18
203.561 59.1953 3.85505 3.64248 35.3256 632.519
204.771 59.3922 3.9168 3.54179 35.2257 603.523
227.183 60.2114 3.9531 3.78493 27.1626 1219.58
203.344 58.6774 3.88407 3.59266 24.7826 691.42
204.113 58.2637 3.93162 3.4681 25.7303 731.763
204.991 58.6484 3.96815 3.63807 31.4765 685.681
206.355 58.9287 3.93598 3.69109 23.4797 655.347
207.606 58.6097 3.84516 3.611 25.2569 698.09
202.426 57.5673 3.87716 3.70962 33.5171 822.317
229.033 59.3946 3.93716 3.81736 28.1637 1356.86
200.447 56.2848 3.90264 3.88288 31.5235 987.632
223.768 57.9616 3.90339 3.75607 16.7232 1230.02
225.424 57.4688 3.90586 3.70379 16.6348 1338.2
228.385 55.3279 3.91793 3.81117 17.2962 1637.43
217.908 60.4896 3.92903 3.45139 16.9516 794.028
217.507 60.403 3.93096 3.51775 23.0864 784.475
218.338 61.0595 3.94283 3.6977 16.9707 770.74
216.296 60.3923 3.84377 3.63745 17.8617 738.092
216.716 60.1205 3.90829 3.52656 16.9512 776.06
216.679 60.2805 3.89143 3.44271 23.5342 761.719
217.659 60.602 3.94384 3.42889 24.0208 775.468
216.749 60.4427 3.91162 3.43862 25.1572 751.525
217.639 60.9231 3.93092 3.46269 20.4451 751.066
218.995 60.8241 3.95294 3.65764 16.4672 814.954
216.976 61.3836 3.98503 3.53815 18.9848 690.92
218.049 60.1785 3.91065 3.6933 20.0701 823.446
216.031 60.2361 3.9285 3.50299 17.1961 740.824
217.533 61.187 3.95474 3.55182 16.8656 727.932
218.652 60.2994 3.86896 3.61677 17.2802 838.604
219.217 60.1294 3.8892 3.60916 15.7643 874.52
216.221 60.072 3.9193 3.56816 16.874 761.481
218.856 60.4399 3.89298 3.58899 21.0041 836.569
216.546 61.2275 3.91743 3.54094 28.948 684.093
