# evlo=223.623306 evla=65.222504
194.627 64.5646 3.88485 3.73714 54.484 1363.19
217.908 60.4896 3.88803 3.62209 27.0992 601.926
217.507 60.403 3.85414 3.48536 34.3387 620.537
220.363 59.9534 4.0039 3.77759 39.2004 610.492
216.3 60.3932 3.85127 3.63296 42.7292 654.291
225.144 58.5792 3.89114 3.6682 17.6059 744.6
216.716 60.1205 3.86454 3.61351 36.8514 668.958
215.395 60.9677 3.89479 3.65566 71.15 629.601
209.013 64.0997 3.98408 3.67305 122.224 707.44
209.094 59.7511 3.92045 3.66876 36.3393 962.074
209.259 59.7417 3.92267 3.64296 40.394 956.334
210.701 64.1732 3.98785 3.83955 70.1821 626.328
208.846 60.7683 3.91907 3.69244 45.3773 895.187
207.916 63.4188 4.02536 3.77225 109.477 783.65
207.685 63.8827 3.98127 3.70857 70.4251 776.699
208.763 59.5251 3.91558 3.67047 55.689 993.135
209.796 67.2269 3.92241 3.73887 50.9694 659.528
216.907 60.7523 3.87413 3.46357 20.8121 602.766
209.738 62.4058 3.99043 3.64389 79.2019 750.53
217.513 60.0823 3.88313 3.59048 39.1451 652.308
212.624 63.0753 4.00567 3.75139 59.1847 585.42
214.225 61.1292 3.93386 3.76554 62.6452 656.226
214.25 60.5487 3.92855 3.67629 63.9733 704.822
196.582 54.8564 3.94564 3.65999 25.4182 1873.96
213.401 60.7277 3.93126 3.699 59.0507 719.348
209.784 61.1426 3.9116 3.68434 41.6698 829.463
188.296 63.7758 3.88505 3.76196 68.0538 1682.84
203.121 64.7461 3.91695 3.82758 53.8016 964.962
211.074 61.771 3.93413 3.66837 40.112 732.088
212.904 60.8792 3.93705 3.67457 58.0168 725.204
215.271 60.5805 3.89938 3.68152 38.4628 668.252
216.679 60.2805 3.84571 3.63729 64.7341 654.414
213.497 60.396 3.94627 3.64802 47.1881 744.086
215.738 60.3351 3.87943 3.69689 29.7485 676.326
208.348 59.6572 3.90904 3.74604 53.0239 999.094
217.659 60.6024 3.86082 3.45066 30.7602 596.967
216.749 60.4427 3.84739 3.61105 61.6249 636.834
211.063 63.7318 4.01589 3.71901 83.4098 625.37
218.049 60.1785 3.86348 3.61386 41.8326 629.898
216.031 60.2361 3.86084 3.67624 29.8181 676.982
218.652 60.2994 3.89835 3.7449 30.7445 604.204
211.14 63.4056 4.01428 3.77718 79.3622 635.779
219.217 60.1294 3.93587 3.89906 36.7327 610.543
216.221 60.072 3.81681 3.65352 37.3483 687.241
218.856 60.4399 3.92191 3.76963 24.9803 585.443
198.929 70.2043 3.97234 3.5828 23.4239 1172.41
234.753 71.9871 4.07645 3.88652 34.7996 877.117
198.198 69.3641 3.99837 3.70432 17.912 1178.01
202.84 70.0079 3.9842 3.64368 16.4061 1024.63
205.387 69.6211 4.00978 3.62585 29.8475 917.476
206.58 70.34 4.00394 3.74294 25.9559 913.048
194.656 68.2746 3.96782 3.70565 37.7133 1307.56
196.822 68.4753 3.98979 3.75475 39.4455 1219.68
198.806 68.6483 3.98566 3.74271 41.1081 1141.24
200.413 69.1049 3.97944 3.60113 29.6248 1086.36
205.217 69.1565 3.99842 3.57595 33.4564 904.454
209.387 69.836 4.02418 3.61209 22.9882 792.735
211.299 69.72 4.05109 3.63418 23.4942 725.226
216.289 69.626 4.09961 4.13503 36.9167 582.237
235.93 69.3475 4.13418 3.82884 38.0478 699.974
196.917 67.6988 3.96914 3.80531 53.3133 1211.94
201.885 68.4946 3.96955 3.7427 45.6753 1014.53
203.387 68.7132 3.9631 3.71506 40.305 960.049
207.318 68.8799 4.02866 3.70654 29.8826 814.985
209.319 68.9656 4.0608 3.59817 31.1759 745.93
213.625 69.322 4.08934 3.68311 33.7792 627.031
198.174 67.082 3.93778 3.78667 49.6245 1158.61
202.768 67.4572 3.95035 3.82041 54.7228 961.822
203.811 68.2575 3.9576 3.75738 36.9902 931.629
206.028 68.4414 3.97672 3.69927 50.9025 848.177
208.187 68.1343 3.97637 3.68524 46.5438 752.85
210.384 68.0584 4.00714 3.70087 30.0273 664.048
211.513 68.0748 4.02922 3.75617 43.0281 621.612
193.671 65.4742 3.89081 3.80838 85.7396 1381.7
195.352 65.7077 3.89282 3.75684 80.7351 1300.54
198.75 66.442 3.91853 3.77276 63.7306 1137.17
200.349 66.6001 3.92657 3.77635 39.0293 1065.1
202.227 66.8332 3.93267 3.81104 47.8742 981.765
204.275 67.0486 3.91518 3.85707 81.8598 893.284
206.517 67.2221 3.91553 3.73745 82.1979 798.659
207.821 67.5076 3.91298 3.73149 72.9836 749.229
195.961 64.9941 3.89066 3.75834 85.9006 1289.51
197.645 65.3936 3.89738 3.79711 72.4577 1202.96
199.349 65.5011 3.90395 3.75168 95.5182 1123.08
201.346 65.895 3.9047 3.74297 52.1468 1026.22
202.913 66.1434 3.91033 3.75364 96.5545 953.085
206.494 66.5156 3.9065 3.77664 81.133 792.269
208.493 66.9214 3.91768 3.72451 64.8573 708.779
209.976 66.7108 3.90249 3.76983 68.5146 640.814
197.761 64.6379 3.90032 3.78906 64.9779 1216.39
200.087 64.937 3.91502 3.76164 112.22 1101.04
201.637 65.1527 3.9065 3.80762 73.0214 1024.77
203.551 65.5276 3.90851 3.79395 55.9604 930.3
205.119 65.4924 3.91322 3.82052 78.2187 858.68
207.195 65.6571 3.90654 3.73986 105.593 761.602
208.623 65.8937 3.91383 3.72236 69.3286 695.201
210.457 65.8251 3.92988 3.81532 85.4356 611.497
199.305 63.8864 3.94398 3.82065 70.5451 1168.31
205.522 64.7962 3.92428 3.89942 58.7958 852.033
208.018 65.18 3.93169 3.75769 76.144 728.807
210.64 65.1479 3.92552 3.72491 71.3805 607.248
196.446 62.7492 3.93111 3.7607 62.2678 1347.52
199.398 63.2842 3.95255 3.80927 63.6105 1186.6
200.922 63.3965 3.95242 3.78319 75.3475 1110.82
203.285 63.465 3.96524 3.7935 67.3959 997.655
204.379 63.994 3.94779 3.86741 69.4835 927.532
205.853 64.1767 3.94552 3.77194 97.2584 852.771
195.344 61.9331 3.92798 3.63837 46.071 1438.11
198.469 62.2938 3.93085 3.74348 71.1043 1274.16
201.699 62.7161 3.96694 3.68866 51.4724 1103.49
205.93 63.3569 3.98372 3.67204 76.1847 878.472
197.317 61.3416 3.93068 3.71537 42.7066 1377.32
198.513 61.678 3.93401 3.71515 45.3719 1303.46
200.525 61.7105 3.94699 3.71461 62.6094 1208.3
201.703 62.1344 3.95463 3.68641 66.3096 1131.49
203.311 62.2195 3.97816 3.61176 55.6309 1052.68
205.146 62.1816 3.99698 3.62144 51.1589 970.284
206.12 62.4787 4.01236 3.61353 51.8704 910.155
193.799 60.3849 3.92801 3.73771 67.0842 1596.05
196.65 60.4135 3.92153 3.81629 92.7629 1462.04
198.04 60.7515 3.92766 3.7977 65.9172 1377.56
199.312 60.6947 3.94224 3.70853 36.2773 1322.4
201.041 61.0224 3.95059 3.69105 54.5686 1223.52
202.562 61.4009 3.95962 3.71457 47.9448 1131.77
204.176 61.4907 3.97821 3.80664 51.5869 1053.1
205.609 61.9037 3.97577 3.72296 38.1024 964.407
206.868 61.8823 3.99496 3.62849 59.6341 908.79
209.88 61.7531 3.96128 3.81611 55.2786 784.113
212.274 61.7929 3.92914 3.72071 51.0972 680.74
213.825 62.1067 3.93759 3.77475 65.2417 595.661
198.315 59.9237 3.93393 3.65744 46.1305 1416.18
199.908 60.1686 3.94893 3.69983 38.2431 1327.93
201.231 60.4742 3.94747 3.69522 37.5101 1248.48
202.813 60.5269 3.94627 3.72938 43.0757 1173.85
204.11 60.6801 3.9616 3.71339 58.8801 1106.06
205.516 60.8132 3.9683 3.68629 49.2742 1035.2
207.791 61.2001 3.96157 3.70612 65.4134 910.404
198.736 59.2533 3.92184 3.66591 46.4039 1441.62
200.175 59.1767 3.93601 3.69212 33.2029 1382.52
201.907 59.5938 3.94004 3.6958 40.9319 1276.7
202.905 59.7733 3.93478 3.69374 34.9001 1220.25
204.792 59.8542 3.95616 3.62151 50.7315 1132.49
205.68 60.1952 3.93578 3.65509 30.9512 1070.12
207.376 60.0815 3.9247 3.73346 51.4949 1006.48
210.276 60.4814 3.90715 3.6914 57.0041 858.147
190.452 56.6011 3.90664 3.73821 25.3746 2007.14
202.009 59.0314 3.93249 3.71603 45.9194 1312.18
203.561 59.1953 3.94091 3.63192 43.4065 1233.17
204.771 59.3922 3.9569 3.63947 88.4833 1167.01
206.768 59.6524 3.9356 3.74489 51.2504 1063.82
212.597 59.9979 3.94193 3.77753 40.9618 810.034
226.285 59.5898 3.93257 3.76376 46.6491 642.537
227.183 60.2114 3.88697 3.80632 55.1775 587.23
203.344 58.6774 3.95327 3.62456 44.1881 1281.18
204.113 58.2637 3.9597 3.64749 50.2664 1281.14
204.991 58.6484 3.94704 3.69961 73.1409 1214.6
206.355 58.9287 3.9486 3.74846 49.7238 1136.78
207.606 58.6097 3.93656 3.65982 48.255 1112.99
213.66 59.4296 3.85709 3.80028 38.1028 824.822
227.731 58.9601 3.95633 3.80713 35.1066 729.788
202.426 57.5673 3.94483 3.62213 50.1589 1406.52
203.613 57.6397 3.9423 3.63259 36.077 1351.77
205.548 57.5665 3.94759 3.70683 33.4659 1280.41
224.26 58.4133 3.89174 3.78847 21.4608 759.563
225.482 58.2747 3.81032 3.82603 19.1657 780.383
229.033 59.3946 3.90475 3.70835 44.7391 706.925
197.939 55.703 3.94411 3.69125 47.7125 1746.24
200.447 56.2848 3.9407 3.69587 33.5752 1593.14
223.768 57.9616 3.92874 3.75109 23.6012 809.177
228.869 57.9128 3.9598 3.78187 27.4524 860.235
227.048 56.8144 3.84862 3.8367 16.7755 954.673
229.75 56.9811 3.92157 3.79888 27.2308 974.896
210.428 68.6408 4.04505 3.59817 35.4311 689.578
229.974 55.9154 3.89308 3.72292 20.1564 1092.61
228.385 55.3279 3.87104 3.71636 24.3313 1132.67
209.931 62.7622 3.94732 3.71411 59.0511 722.287
211.063 63.7323 4.01561 3.71876 83.4098 625.327
211.14 63.4057 4.01425 3.77715 79.3622 635.774
218.547 60.1369 3.63738 3.42951 38.311 623.162
217.908 60.4896 3.88803 3.62209 27.0992 601.926
217.507 60.403 3.85414 3.48536 34.3387 620.537
216.296 60.3923 3.85235 3.63398 42.7292 654.474
216.716 60.1205 3.86454 3.61351 36.8514 668.958
215.271 60.5805 3.89938 3.68152 38.4628 668.252
216.679 60.2805 3.84571 3.63729 64.7341 654.414
217.659 60.602 3.86115 3.45096 30.7602 597.019
216.749 60.4427 3.84739 3.61105 61.6249 636.834
218.049 60.1785 3.86348 3.61386 41.8326 629.898
216.031 60.2361 3.86084 3.67624 29.8181 676.982
218.652 60.2994 3.89835 3.7449 30.7445 604.204
219.217 60.1294 3.93587 3.89906 36.7327 610.543
216.221 60.072 3.81681 3.65352 37.3483 687.241
218.856 60.4399 3.92191 3.76963 24.9803 585.443
