# evlo=221.784195 evla=64.453003
194.627 64.5646 3.87571 3.733 52.5593 1294.73
225.144 58.5792 3.89765 3.53265 20.7555 678.315
209.013 64.0997 3.92357 3.78917 83.6278 618.953
209.094 59.7511 3.88056 3.6944 73.6182 842.331
209.259 59.7417 3.88055 3.70548 54.0339 836.389
208.846 60.7683 3.89113 3.72387 38.1592 778.883
207.916 63.4188 3.97262 3.71354 54.2108 688.425
207.685 63.8827 3.92976 3.80489 54.9473 687.272
208.763 59.5251 3.88652 3.67787 52.1792 873.264
209.796 67.2269 4.00201 3.751 34.6026 627.554
209.738 62.4058 4.00624 3.73373 48.6866 642.074
214.25 60.5487 3.86128 3.63002 46.7413 582.445
196.582 54.8564 3.94479 3.59848 16.8402 1758.37
213.401 60.7277 3.83138 3.71104 32.5902 597.38
209.784 61.1426 3.90403 3.696 41.1171 713.223
188.296 63.7758 3.87794 3.73939 44.9886 1614.69
203.121 64.7461 3.87328 3.75324 60.2541 890.973
211.074 61.771 3.88664 3.67173 31.5298 616.686
212.904 60.8792 3.83396 3.81164 69.962 603.853
213.497 60.396 3.85182 3.69243 29.7661 621.804
208.348 59.6572 3.89632 3.71458 37.6208 879.985
203.383 71.3221 3.89117 3.65156 18.3555 1080.23
211.299 69.72 3.90483 3.53564 20.5797 741.367
215.088 69.9175 3.95399 3.93494 20.6902 673.94
216.289 69.626 3.9557 3.8742 28.4976 623.993
235.93 69.3475 4.06608 3.83988 29.8693 822.227
203.387 68.7132 3.93262 3.94989 17.876 939.094
207.318 68.8799 4.01788 3.94065 18.3259 804.711
209.319 68.9656 4.07987 3.72724 28.1417 743.15
211.177 69.1532 4.00616 3.52377 16.8648 699.763
213.625 69.322 3.86705 3.67775 20.4249 648.963
208.187 68.1343 4.00641 3.54028 24.383 733.058
210.384 68.0584 4.05252 3.68556 16.9148 649.682
211.513 68.0748 4.01787 3.70182 24.4886 611.94
195.352 65.7077 3.88828 3.74683 15.4087 1241.67
198.75 66.442 3.91592 3.856 19.443 1084.58
206.517 67.2221 3.94269 3.66476 39.724 760.328
207.821 67.5076 3.98411 3.61778 44.0291 717.907
197.645 65.3936 3.87337 3.78311 17.0493 1139.74
199.349 65.5011 3.88824 3.92207 18.6484 1060
201.346 65.895 3.90085 3.83701 35.2196 966.802
202.913 66.1434 3.88629 3.77445 25.5822 896.585
206.494 66.5156 3.90497 3.75058 51.4568 742.416
208.493 66.9214 3.93848 3.6736 31.0053 668.306
209.976 66.7108 3.94913 3.88043 34.7928 599.025
200.087 64.937 3.86851 3.70426 20.706 1031.52
201.637 65.1527 3.86734 3.69379 29.0096 956.525
203.551 65.5276 3.88208 3.84846 22.0753 865.652
205.119 65.4924 3.88546 3.6877 24.0284 793.056
207.195 65.6571 3.8853 3.69639 76.7307 698.151
208.623 65.8937 3.86181 3.75171 46.9064 636.127
199.305 63.8864 3.88391 3.73214 21.369 1089.35
205.522 64.7962 3.87488 3.78932 21.4722 776.735
208.018 65.18 3.86644 3.70907 54.412 657.55
196.446 62.7492 3.93225 3.78058 19.0573 1263
199.398 63.2842 3.91809 3.86248 30.0035 1102.36
200.922 63.3965 3.90994 3.89536 33.4293 1025.57
203.285 63.465 3.93248 3.81714 30.5794 909.9
204.379 63.994 3.87851 3.84842 36.4677 843.762
205.853 64.1767 3.8722 3.80711 86.8419 769.332
195.344 61.9331 3.93334 3.82101 15.4453 1349.68
198.469 62.2938 3.95503 3.80897 17.5029 1183.72
201.699 62.7161 3.94641 3.78261 24.4939 1011.49
205.93 63.3569 3.95764 3.74879 104.715 785.801
201.703 62.1344 3.95561 3.65997 24.7621 1035.12
203.311 62.2195 3.96644 3.56184 16.5795 954.371
205.146 62.1816 3.98425 3.63971 68.4331 868.628
206.12 62.4787 4.00635 3.68944 40.0131 809.116
196.65 60.4135 3.89715 3.67109 24.2573 1363.31
201.041 61.0224 3.92912 3.62784 15.9016 1121.23
202.562 61.4009 3.96156 3.54872 20.0218 1029.22
205.609 61.9037 3.99061 3.62016 55.1159 859.954
206.868 61.8823 3.99382 3.65426 36.921 801.944
209.88 61.7531 3.94132 3.59385 39.2217 670.841
199.908 60.1686 3.96937 3.74697 19.9237 1223.09
201.231 60.4742 3.92781 3.64019 38.3722 1143.03
202.813 60.5269 3.94727 3.68701 24.6194 1066.15
204.11 60.6801 3.92302 3.63635 24.4877 997.019
205.516 60.8132 3.94571 3.6047 46.1534 924.507
207.791 61.2001 3.93143 3.58955 25.4216 797.823
201.907 59.5938 3.92373 3.60947 50.2104 1166.37
202.905 59.7733 3.91449 3.62354 49.4336 1109.12
204.792 59.8542 3.9206 3.75007 31.7771 1018.84
205.68 60.1952 3.91081 3.66747 44.4563 956.433
207.376 60.0815 3.89614 3.71086 56.6776 889.862
210.276 60.4814 3.89893 3.68775 25.6551 738.821
202.009 59.0314 3.90966 3.6682 28.4836 1199.68
203.561 59.1953 3.92634 3.65132 37.814 1119.03
204.771 59.3922 3.91794 3.73988 38.3446 1051.81
206.768 59.6524 3.89716 3.62757 42.8014 946.69
212.597 59.9979 3.90484 3.65332 32.0738 687.833
226.285 59.5898 3.79693 3.85073 27.1835 590.661
203.344 58.6774 3.91302 3.64425 33.2774 1165.78
204.113 58.2637 3.93011 3.56209 33.7625 1163.74
204.991 58.6484 3.93278 3.60196 32.895 1097.06
206.355 58.9287 3.92345 3.71233 41.5167 1018.28
207.606 58.6097 3.90379 3.63288 48.602 992.588
213.66 59.4296 3.84283 3.59619 45.2186 702.661
227.731 58.9601 3.81155 3.72905 27.4939 687.561
202.426 57.5673 3.89044 3.6187 32.4006 1289.56
203.613 57.6397 3.92589 3.60195 52.0697 1233.63
197.939 55.703 3.91345 3.63581 42.8002 1630.65
200.447 56.2848 3.91941 3.66015 16.4624 1475.89
223.768 57.9616 3.93107 3.77596 16.6776 731.076
228.869 57.9128 3.86144 3.86176 21.0195 821.29
210.428 68.6408 4.05277 3.79724 39.0014 685.616
227.653 56.4191 3.846 3.68833 24.4497 950.715
209.931 62.7622 3.95324 3.82696 32.569 616.517
209.518 60.7352 3.87717 3.65005 28.6293 752.299
209.518 60.7351 3.87711 3.65 28.6293 752.289
