# evlo=196.445999 evla=62.749199
217.908 60.4896 3.93187 3.66869 36.2534 1160.26
217.654 61.036 3.91648 3.72148 28.8707 1126.03
217.507 60.403 3.94132 3.68229 36.7265 1143.39
218.338 61.0595 3.88945 3.659 21.4822 1160.13
220.363 59.9534 3.92611 3.77442 25.7712 1308.82
216.3 60.3932 3.92433 3.73289 34.5402 1082.29
225.144 58.5792 3.92605 3.68406 20.0257 1621.02
216.716 60.1205 3.94092 3.72593 24.976 1115.47
215.395 60.9677 3.90049 3.82409 41.9254 1013.13
209.013 64.0997 3.80721 3.79227 80.3756 644.168
209.094 59.7511 3.90496 3.54933 26.4096 754.979
209.259 59.7417 3.88756 3.58111 36.8101 763.426
210.701 64.1732 3.82809 3.71948 84.1952 726.756
208.846 60.7683 3.94676 3.69785 33.799 689.789
207.916 63.4188 3.82995 3.60448 85.3655 583.508
212.195 64.6453 3.85199 3.82823 96.4102 804.747
208.763 59.5251 3.88646 3.54362 38.8399 752.866
209.796 67.2269 3.9172 3.67906 42.463 801.111
216.907 60.7523 3.92041 3.68611 35.6771 1098.58
218.66 60.9649 3.88854 3.71346 28.3526 1180.05
209.738 62.4058 3.8751 3.58709 56.3687 683.086
217.513 60.0823 3.9445 3.70544 32.61 1157.72
212.624 63.0753 3.86098 3.60028 59.7762 820.874
214.225 61.1292 3.91389 3.76353 52.5888 947.529
215.93 63.6482 3.8594 3.68702 45.0705 981.838
214.25 60.5487 3.92645 3.6862 46.3119 971.474
196.582 54.8564 3.90207 3.79956 15.4731 879.221
213.401 60.7277 3.91369 3.80269 46.5979 920.945
209.784 61.1426 3.96153 3.77029 26.5499 721.188
214.766 66.5657 3.84862 3.69975 50.0011 968.404
211.074 61.771 3.89725 3.64622 31.1819 766.01
216.188 61.4417 3.89131 3.69811 55.5091 1037.23
212.904 60.8792 3.90807 3.74112 49.6065 889.615
215.271 60.5805 3.90431 3.78236 36.511 1022.04
216.679 60.2805 3.94109 3.71856 39.8534 1106.48
218.244 60.7315 3.91616 3.68298 23.7861 1167.67
213.052 64.4091 3.86912 3.70882 76.8061 842.62
213.497 60.396 3.92943 3.68016 40.4737 939.925
215.738 60.3351 3.92184 3.79455 22.3342 1056.22
208.348 59.6572 3.88818 3.51708 28.2335 725.234
217.659 60.6024 3.94167 3.72264 44.6495 1142.93
216.749 60.4427 3.92852 3.73314 54.316 1103.08
217.639 60.9231 3.91629 3.69143 58.0105 1129.45
218.995 60.824 3.88147 3.66453 28.611 1202.48
216.976 61.3836 3.89373 3.64386 49.9058 1079.39
211.063 63.7318 3.82971 3.67549 86.5209 741.004
218.049 60.1785 3.94833 3.69705 41.1664 1180.75
216.031 60.2361 3.93606 3.80563 44.4269 1075.47
217.533 61.1871 3.90681 3.64699 58.867 1114.48
218.652 60.2994 3.94281 3.73202 24.0924 1206.23
211.14 63.4056 3.84547 3.62455 60.711 744.538
219.217 60.1294 3.94226 3.7395 29.1262 1242.47
216.221 60.072 3.93917 3.72106 29.6422 1092.54
218.856 60.4399 3.90857 3.69699 20.6698 1210.69
216.546 61.2275 3.89398 3.69764 44.3332 1062.62
212.138 64.8736 3.85551 3.77532 88.6372 806.06
198.929 70.2043 3.92722 3.78609 59.552 838.495
203.383 71.3221 3.94111 3.87844 39.8708 1001.1
205.026 71.0033 3.90424 3.60944 51.0221 992.113
234.753 71.9871 3.96095 3.75334 30.5043 1891.98
198.198 69.3641 3.93109 3.7672 63.7248 741.794
202.84 70.0079 3.92717 3.57698 35.5803 857.37
205.387 69.6211 3.90094 3.72411 55.1901 863.797
206.58 70.34 3.8765 3.69629 58.2202 955.953
194.656 68.2746 3.87082 3.50523 34.6382 621.554
196.822 68.4753 3.89017 3.7084 55.7423 638.7
198.806 68.6483 3.89596 3.77545 56.8316 666.513
200.413 69.1049 3.93895 3.71113 64.0335 730.975
209.387 69.836 3.90882 3.96885 85.2518 976.516
211.299 69.72 3.93203 3.72573 64.1462 1019.59
216.289 69.626 3.907 3.66362 62.8021 1168.54
235.93 69.3475 3.9295 3.73733 33.308 1892.62
201.885 68.4946 3.89632 3.66433 47.8199 687.265
203.387 68.7132 3.8765 3.60993 44.7057 736.273
207.318 68.8799 3.89749 3.81509 65.4301 842.716
209.319 68.9656 3.91166 3.74425 57.5571 905.173
211.177 69.1532 3.92593 3.68344 45.3285 974.382
213.625 69.322 3.90142 3.59455 40.49 1062.71
219.035 69.243 3.93517 3.67222 41.808 1243.87
221.263 69.3286 3.96391 3.59695 36.052 1328.64
202.768 67.4572 3.82627 3.68489 43.2163 602.489
203.811 68.2575 3.87974 3.60487 80.4049 701.369
206.028 68.4414 3.86893 3.73189 46.8306 771.533
208.187 68.1343 3.91934 3.61101 39.8374 808.096
210.384 68.0584 3.9356 3.55027 31.5489 873.774
211.513 68.0748 3.9297 3.65162 39.9712 913.586
214.432 68.1207 3.92088 3.77194 54.1588 1021.2
218.405 68.1861 3.91138 3.5842 29.6965 1175.16
220.465 68.6043 3.92454 3.66885 35.5859 1270.64
222.103 68.3889 3.9139 3.65443 40.5377 1327.34
223.281 66.3701 3.91535 3.72267 45.246 1336.52
204.275 67.0486 3.84183 3.73727 56.0351 605.052
206.517 67.2221 3.9241 3.69124 66.2606 687.377
207.821 67.5076 3.93769 3.65219 48.0743 750.632
212.113 67.5187 3.90726 3.90357 73.4829 903.409
214.357 67.5933 3.90526 3.95505 49.287 992.742
215.855 67.6946 3.90846 3.83514 34.9511 1055.62
220.128 67.6136 3.88884 3.71187 49.3894 1224.75
224.214 67.6106 3.90741 3.7824 67.54 1394.43
226.258 67.441 3.91856 3.77656 52.9125 1478.19
206.494 66.5156 3.91863 3.82188 68.1896 636.833
208.493 66.9214 3.92746 3.61187 38.8978 735.012
209.976 66.7108 3.89652 3.66465 69.2089 778.958
212.525 66.7004 3.88367 3.72828 68.8316 880.216
213.899 66.7653 3.87177 3.68098 37.9341 939.293
216.215 66.9498 3.87152 3.69468 86.5297 1042.14
218.345 66.8088 3.86661 3.72968 63.817 1128.05
221.978 66.9116 3.90758 3.73269 67.15 1286.6
223.778 66.9808 3.91456 3.75173 67.3631 1365.62
225.729 66.9227 3.92165 3.8038 46.4001 1449.73
207.195 65.6571 3.92766 3.73711 97.0979 613.406
208.623 65.8937 3.92645 3.75407 73.4216 683.741
210.457 65.8251 3.89996 3.67422 48.3654 758.015
212.122 65.8371 3.86886 3.75418 107.393 830.503
214.181 66.267 3.87231 3.6669 56.5524 933.709
218.473 66.2305 3.86908 3.69986 52.4185 1120.66
221.631 66.2191 3.90531 3.73029 112.713 1261.2
225.657 65.8052 3.93616 3.68774 55.1729 1441.24
214.843 62.3987 3.85015 3.73231 54.9924 943.385
213.052 64.4091 3.86912 3.70882 76.8061 842.62
208.018 65.18 3.87113 3.84138 93.7088 627.152
210.64 65.1479 3.85007 3.73926 81.4479 743.428
216.846 65.3064 3.90158 3.72812 72.9933 1031.98
218.385 65.6035 3.90214 3.80105 63.0745 1106.65
220.064 65.4483 3.9209 3.75836 79.6744 1182.47
221.694 65.3609 3.93938 3.7482 55.9074 1257.61
223.623 65.2225 3.93111 3.7607 62.2678 1347.52
214.63 64.613 3.89558 3.69298 102.004 920.116
216.436 64.5012 3.89405 3.76591 94.5883 1005.84
221.784 64.453 3.93225 3.78058 19.0573 1263
221.784 64.4525 3.91129 3.80621 63.2737 1262.98
223.67 64.5753 3.92655 3.75122 66.3526 1352.6
214.222 63.8036 3.87142 3.73512 61.6354 896.928
217.924 64.0292 3.8829 3.71922 80.1824 1078.01
222.48 63.8433 3.88937 3.72718 75.1896 1302.31
216.652 63.0254 3.83281 3.78707 46.7726 1024.08
218.173 63.0618 3.85399 3.6707 107.661 1099.78
221.871 63.109 3.85817 3.69475 106.47 1283.66
209.88 61.7531 3.9048 3.64284 65.9882 705.522
212.274 61.7929 3.88992 3.68553 98.8129 826.708
213.825 62.1067 3.8709 3.74522 61.178 897.926
217.004 62.4013 3.85827 3.64491 91.9027 1053.04
218.122 62.3579 3.85478 3.75466 81.944 1110.71
221.538 62.4435 3.85812 3.63064 77.692 1281.28
223.206 62.5763 3.85748 3.66155 62.3826 1361.92
225.609 62.2024 3.86285 3.73088 65.5503 1492.6
207.791 61.2001 3.88564 3.75425 45.6679 618.569
215.402 61.6061 3.89038 3.72943 52.5168 991.957
222.911 61.4593 3.85033 3.69316 71.2499 1379.55
224.22 61.4862 3.85193 3.63619 52.8163 1445.12
226.918 61.1512 3.8714 3.67355 46.1797 1593.95
207.376 60.0815 3.88086 3.5327 27.3333 653.873
210.276 60.4814 3.9047 3.66304 31.3335 774.268
219.809 60.7718 3.87255 3.72582 40.3847 1246.09
221.424 60.3024 3.89273 3.69696 48.0965 1347.71
223.909 60.7704 3.8564 3.70516 76.8422 1455.53
190.452 56.6011 3.8288 3.89608 31.3804 762.936
204.771 59.3922 3.83105 3.52569 27.7458 583.97
206.768 59.6524 3.90584 3.61455 35.6558 652.395
212.597 59.9979 3.9453 3.78144 59.4742 913.467
222.262 59.6304 3.90863 3.72516 41.4402 1420.74
223.04 60.1218 3.86481 3.7219 57.5091 1438.09
226.285 59.5898 3.87908 3.73353 68.72 1628.24
227.183 60.2114 3.86509 3.67682 77.1499 1645.68
212.566 65.1171 3.86276 3.81523 112.985 830.866
203.344 58.6774 3.89798 3.87927 27.7858 588.999
204.113 58.2637 3.93417 3.68074 44.8077 652.779
204.991 58.6484 3.82558 3.51266 29.7573 652.183
206.355 58.9287 3.83408 3.7816 43.5726 685.51
207.606 58.6097 3.85604 3.64761 43.7194 762.974
213.66 59.4296 3.93761 3.67212 30.1074 995.944
227.731 58.9601 3.88262 3.6951 27.3742 1733.21
202.426 57.5673 3.92261 3.50926 16.8357 665.402
224.26 58.4133 3.94036 3.67717 17.6548 1584.96
225.482 58.2747 3.95042 3.64471 18.4694 1654.8
229.033 59.3946 3.87363 3.71862 52.0056 1777.98
197.939 55.703 3.84143 3.52366 36.9123 789.496
200.447 56.2848 3.88256 3.67624 27.8185 754.573
223.768 57.9616 3.94031 3.72196 35.4176 1585.29
225.424 57.4688 3.92645 3.69761 26.4639 1698.09
228.869 57.9128 3.88184 3.69492 34.5222 1847.83
212.138 64.8735 3.84607 3.8472 40.8225 806.049
210.428 68.6408 3.91689 3.61327 30.1525 914.785
226.879 56.1146 3.93634 3.78021 37.3626 1856.28
228.385 55.3279 3.92542 3.74618 30.3076 1984.5
227.653 56.4191 3.93132 3.65604 26.7929 1875.79
209.931 62.7622 3.81438 2.84188 46.6655 687.764
211.063 63.7323 3.82985 3.67562 86.5209 741.032
211.14 63.4057 3.84549 3.62456 60.711 744.541
218.547 60.1369 3.81069 4.45266 37.7063 1207.95
217.908 60.4896 3.93187 3.66869 36.2534 1160.26
217.507 60.403 3.94132 3.68229 36.7265 1143.39
218.338 61.0595 3.88947 3.65902 21.4822 1160.14
216.296 60.3923 3.92384 3.73242 34.5402 1082.16
216.716 60.1205 3.94092 3.72593 24.976 1115.47
215.271 60.5805 3.90431 3.78236 36.511 1022.04
216.679 60.2805 3.94109 3.71856 39.8534 1106.48
218.244 60.7315 3.91616 3.68298 23.7861 1167.67
217.659 60.602 3.94164 3.72261 44.6495 1142.92
216.749 60.4427 3.92852 3.73314 54.316 1103.08
217.639 60.9231 3.91626 3.6914 58.0105 1129.44
218.995 60.8241 3.88146 3.66452 28.611 1202.47
216.976 61.3836 3.89373 3.64386 49.9058 1079.39
218.049 60.1785 3.94833 3.69705 41.1664 1180.75
216.031 60.2361 3.93606 3.80563 44.4269 1075.47
217.533 61.187 3.90686 3.64703 58.867 1114.49
218.652 60.2994 3.94281 3.73202 24.0924 1206.23
219.217 60.1294 3.94226 3.7395 29.1262 1242.47
216.221 60.072 3.93917 3.72106 29.6422 1092.54
218.856 60.4399 3.90857 3.69699 20.6698 1210.69
216.546 61.2275 3.89398 3.69764 44.3332 1062.62
