# evlo=209.879501 evla=61.753101
194.627 64.5646 3.91319 3.54529 41.7761 827.537
220.363 59.9534 3.91951 3.73779 88.7563 603.303
225.144 58.5792 3.95059 3.82592 48.6349 915.551
204.378 55.8218 3.95102 3.51843 16.1969 732.71
209.796 67.2269 3.95959 3.53563 43.8974 610.256
196.582 54.8564 3.93462 3.67137 20.8709 1090.59
214.766 66.5657 3.98165 3.70983 30.8196 586.402
188.296 63.7758 3.92005 3.59906 43.7139 1119.55
225.615 58.2758 3.96107 3.84748 49.8155 956.242
197.4 66.8951 3.85849 3.56641 19.654 829.642
203.383 71.3221 3.97428 3.5407 41.6179 1103.93
205.026 71.0033 3.94153 3.62927 17.2753 1053.28
234.753 71.9871 3.98273 3.75598 43.8704 1556.2
206.58 70.34 3.9108 3.60228 32.0926 968.747
194.656 68.2746 3.94927 3.68871 19.2048 1016.45
196.822 68.4753 3.93007 3.7175 24.1318 964.434
198.806 68.6483 3.96285 3.65133 19.7044 924.272
209.387 69.836 3.92768 3.78324 33.1379 901.543
211.299 69.72 3.95636 3.62714 24.1975 890.651
215.088 69.9175 3.9872 3.66297 27.953 940.13
216.289 69.626 3.94562 3.60566 24.4399 924.736
235.93 69.3475 4.00353 3.84466 31.3978 1453.42
196.917 67.6988 3.92726 3.84189 22.9495 902.646
203.387 68.7132 3.96652 3.81548 16.6451 832.224
209.319 68.9656 3.9635 3.42793 25.2516 804.586
211.177 69.1532 3.93501 3.59928 31.847 827.242
213.625 69.322 3.9635 3.70166 36.6554 861.107
219.035 69.243 3.93257 3.66267 39.855 934.243
221.263 69.3286 3.94854 3.8311 23.2765 991.611
198.174 67.082 3.88323 3.72402 40.2287 816.789
199.397 67.4213 3.90794 3.68024 28.9939 804.948
202.768 67.4572 3.97109 3.55738 17.0424 720.273
203.811 68.2575 4.00061 3.56531 15.7884 778.745
206.028 68.4414 3.96352 3.5894 16.251 766.993
208.187 68.1343 3.95601 3.35568 24.9779 715.864
210.384 68.0584 3.94055 3.44029 30.7223 703.38
211.513 68.0748 3.94722 3.55885 61.2384 708.975
214.432 68.1207 3.92202 3.60708 33.5092 741.363
218.405 68.1861 3.86847 3.7277 27.8066 820.837
220.465 68.6043 3.92212 3.66348 46.9098 908.061
222.103 68.3889 3.95009 3.6407 25.624 933.598
223.281 66.3701 3.93722 3.72162 37.0117 829.631
195.352 65.7077 3.80783 3.614 24.5884 839.349
198.75 66.442 3.87786 3.68745 30.0151 751.494
200.349 66.6001 3.87264 3.77965 33.5598 710.32
202.227 66.8332 3.92217 3.79983 24.7546 675.719
206.517 67.2221 3.95229 3.6096 34.5623 630.547
207.821 67.5076 3.90959 3.32817 27.1447 648.968
212.113 67.5187 3.94678 3.61667 35.5582 651.49
214.357 67.5933 3.92941 3.78303 28.3459 684.882
215.855 67.6946 3.88208 3.56161 40.3716 720.256
220.128 67.6136 3.94425 3.65241 52.1474 814.058
224.214 67.6106 3.97472 3.81305 47.9615 941.702
226.258 67.441 3.96197 3.90938 59.6966 1003.29
195.961 64.9941 3.8868 3.51263 26.7847 782.107
197.645 65.3936 3.86758 3.55849 24.2313 728.893
199.349 65.5011 3.88678 3.55717 21.8692 667.304
201.346 65.895 3.80019 3.76938 41.7448 623.249
202.913 66.1434 3.93336 3.91866 27.6613 596.043
208.493 66.9214 3.9535 3.47297 21.4429 580.023
213.899 66.7653 3.97781 3.75659 19.8839 591.465
216.215 66.9498 3.94009 3.57572 39.2785 654.495
218.345 66.8088 3.93747 3.81499 54.8464 695.739
221.978 66.9116 3.95336 3.70552 30.1479 817.688
223.778 66.9808 3.94324 3.78712 33.226 885.404
225.729 66.9227 3.93066 3.80587 35.1689 954.235
197.761 64.6379 3.89008 3.40447 27.0083 688.006
200.087 64.937 3.90958 3.55001 40.2993 604.242
218.473 66.2305 3.90578 3.81987 86.8064 651.593
221.631 66.2191 3.92393 3.61641 35.1661 758.703
225.657 65.8052 3.99066 3.7234 41.0606 896.144
218.385 65.6035 3.91666 3.81797 47.6972 600.232
220.064 65.4483 3.94399 3.7554 65.1974 650.739
221.694 65.3609 3.95657 3.80675 44.7283 709.995
223.623 65.2225 3.96128 3.81611 55.2786 784.113
196.446 62.7492 3.9048 3.64284 65.9882 705.522
221.784 64.453 3.94132 3.59385 39.2217 670.841
221.784 64.4525 3.93917 3.70504 33.0747 670.793
223.67 64.5753 3.95748 3.65731 45.0303 760.714
195.344 61.9331 3.83649 3.64943 66.3323 764.185
198.469 62.2938 3.89739 3.55886 71.5852 599.66
222.48 63.8433 3.96811 3.58933 84.153 682.433
197.317 61.3416 3.86338 3.62515 48.8029 668.517
198.513 61.678 3.87218 3.59346 50.1387 600.417
221.871 63.109 3.92174 3.73957 132.398 636.573
193.799 60.3849 3.85978 3.62337 45.8124 879.105
196.65 60.4135 3.84998 3.7435 68.5918 728.015
198.04 60.7515 3.84283 3.78458 63.2048 644.301
199.312 60.6947 3.84846 3.64576 86.6182 579.201
221.538 62.4435 3.85138 3.70687 93.7791 612.88
223.206 62.5763 3.88308 3.72268 105.857 699.288
225.609 62.2024 3.87046 3.69972 101.841 824.298
198.315 59.9237 3.86054 3.65554 61.1151 660.078
222.911 61.4593 3.83443 3.64494 72.1606 691.264
224.22 61.4862 3.82403 3.65274 108.263 759.825
226.918 61.1512 3.86851 3.56876 62.3148 908.633
198.736 59.2533 3.90113 3.67349 62.4716 671.575
200.175 59.1767 3.90851 3.6537 51.5351 605.321
221.424 60.3024 3.87145 3.58104 54.5147 643.763
223.909 60.7704 3.82107 3.62124 86.5511 759.257
190.452 56.6011 3.85996 3.77932 22.5659 1243.75
222.262 59.6304 3.92162 3.65788 58.7021 715.29
223.04 60.1218 3.87507 3.53152 73.1965 734.871
226.285 59.5898 3.86545 3.68752 69.0165 925.866
227.183 60.2114 3.84668 3.6351 88.6654 949.392
227.731 58.9601 3.87213 3.719 45.6692 1029.51
202.426 57.5673 3.88323 3.75864 89.1322 626.939
203.613 57.6397 3.88092 3.6826 58.7325 577.851
224.26 58.4133 3.98115 3.84255 43.1934 880.222
225.482 58.2747 3.97198 3.80559 31.5458 949.569
229.033 59.3946 3.85145 3.66383 49.4373 1078.21
197.939 55.703 3.8928 3.53341 39.9993 962.95
200.447 56.2848 3.90568 3.70483 44.8222 813.688
223.768 57.9616 4.01319 3.8399 56.264 883.061
225.424 57.4688 4.0017 3.79069 38.8799 995.425
229.75 56.9811 3.93627 3.82428 48.0219 1242.09
210.428 68.6408 3.92501 3.58651 36.1712 768.363
228.385 55.3279 3.986 3.55777 29.4418 1286.64
227.653 56.4191 3.98311 3.78258 32.0297 1174.01
