# evlo=201.040695 evla=61.0224
217.908 60.4896 3.85432 3.67735 112.076 919.019
217.654 61.036 3.85447 3.66223 37.1243 895.658
217.507 60.403 3.86693 3.61946 49.3605 899.23
218.338 61.0595 3.85764 3.65785 56.7047 931.986
220.363 59.9534 3.87101 3.70122 62.0967 1064.98
216.3 60.3932 3.85626 3.66955 46.4695 834.227
225.144 58.5792 3.88806 3.73517 56.7512 1371.84
216.716 60.1205 3.86835 3.72166 44.2521 863.288
215.395 60.9677 3.8709 3.7084 50.064 775.259
210.701 64.1732 3.92199 3.76881 34.0011 606.922
212.195 64.6453 3.93668 3.59722 47.5437 695.71
200.411 54.831 3.9347 3.70609 21.6949 690.574
209.796 67.2269 3.86508 3.7525 46.9497 810.917
216.907 60.7523 3.87569 3.6564 37.1886 859.96
218.66 60.9649 3.84346 3.6812 77.5692 950.665
217.513 60.0823 3.86865 3.71511 41.0205 907.377
212.624 63.0753 3.89591 3.72171 93.4559 646.622
214.225 61.1292 3.87183 3.67879 63.9298 710.569
215.93 63.6482 3.92466 3.62825 34.9686 822.888
214.25 60.5487 3.86996 3.6423 81.1716 720.236
196.582 54.8564 3.90212 3.62598 18.1945 735.355
213.401 60.7277 3.86542 3.61873 81.0999 671.229
214.766 66.5657 3.89904 3.6913 33.0503 912.689
188.296 63.7758 3.85993 3.67897 30.2775 725.314
216.188 61.4417 3.87134 3.66434 57.7089 813.082
212.904 60.8792 3.83232 3.70113 56.8199 642.21
215.271 60.5805 3.85551 3.68044 44.1782 774.783
216.679 60.2805 3.85735 3.68345 70.5671 857.317
218.244 60.7315 3.85153 3.65236 40.6306 932.308
213.052 64.4091 3.94138 3.66695 46.5983 719.522
213.497 60.396 3.87495 3.56621 65.8133 682.627
215.738 60.3351 3.85697 3.73903 40.1942 805.16
217.659 60.6024 3.87061 3.57889 51.7309 903.266
225.615 58.2758 3.88633 3.75171 37.9574 1410.13
215.581 59.9268 3.86882 3.70183 44.5626 807.242
216.749 60.4427 3.86315 3.69453 58.5666 857.426
217.639 60.9231 3.85789 3.6681 86.0621 896.549
214.077 61.4924 3.87501 3.61267 94.1923 700.441
218.995 60.824 3.85036 3.64301 76.0608 971.016
216.976 61.3836 3.87543 3.65194 54.5408 855.52
211.063 63.7318 3.95679 3.69896 85.8613 599.189
218.049 60.1785 3.86793 3.72681 54.4297 933.898
216.031 60.2361 3.85791 3.73604 55.7269 823.341
217.533 61.1871 3.86867 3.63432 61.5609 887.237
218.652 60.2994 3.86157 3.7463 42.0542 963.477
211.14 63.4056 3.92274 3.65853 97.568 587.899
219.217 60.1294 3.85731 3.77897 44.8937 998.26
218.856 60.4399 3.84962 3.71818 40.6296 971.204
216.546 61.2275 3.86762 3.6388 60.7199 833.98
198.929 70.2043 3.89186 3.64672 39.14 1028.25
203.383 71.3221 3.92154 3.6429 24.2451 1153.13
205.026 71.0033 3.97084 3.76024 24.7223 1126.93
198.198 69.3641 3.88255 3.66116 27.8085 939.277
202.84 70.0079 3.93486 3.6177 28.9546 1005.22
205.387 69.6211 3.93773 3.84651 49.7999 979.283
206.58 70.34 3.95987 3.81781 48.9876 1068.61
194.656 68.2746 3.87249 3.65463 35.4726 863.103
196.822 68.4753 3.90355 3.76081 25.8123 854.35
198.806 68.6483 3.88131 3.6115 49.7593 856.655
200.413 69.1049 3.89326 3.6038 34.7498 901.61
205.217 69.1565 3.95173 3.71927 51.4854 927.376
209.387 69.836 3.92844 3.81918 42.8052 1054.05
211.299 69.72 3.89374 3.76375 43.7322 1077.48
215.088 69.9175 3.8782 3.76835 64.5293 1180.08
216.289 69.626 3.87164 3.76648 65.354 1186.71
235.93 69.3475 4.00621 3.84098 27.0401 1842.84
196.917 67.6988 3.86021 3.85093 27.665 770.071
201.885 68.4946 3.93389 3.71264 40.1686 834.009
203.387 68.7132 3.94565 3.78086 55.247 864.47
207.318 68.8799 3.92427 3.79892 48.2421 923.769
209.319 68.9656 3.89348 3.82613 38.6513 965.941
211.177 69.1532 3.87384 3.72618 42.2674 1021.16
213.625 69.322 3.86926 3.68655 66.7376 1092.66
219.035 69.243 3.91781 3.74249 41.1 1237.12
221.263 69.3286 3.92437 3.66147 50.5095 1313.27
198.174 67.082 3.81178 3.65977 42.0454 689.685
199.397 67.4213 3.88974 3.58834 45.6272 717.733
202.768 67.4572 3.90104 3.69128 37.359 722.162
203.811 68.2575 3.93104 3.88847 50.8815 817.213
206.028 68.4414 3.89864 3.91155 33.8293 859.903
208.187 68.1343 3.86997 3.8337 44.0893 862.337
210.384 68.0584 3.87312 3.67269 45.559 901.29
211.513 68.0748 3.86505 3.66152 50.606 930.283
214.432 68.1207 3.90365 3.8222 54.581 1014.48
218.405 68.1861 3.92857 3.76283 41.9001 1145.29
220.465 68.6043 3.93094 3.68839 50.299 1241.49
223.281 66.3701 3.97052 3.73974 34.8444 1241.64
193.671 65.4742 3.92959 3.84176 31.2809 618.297
198.75 66.442 3.87797 3.53752 39.8832 614.541
200.349 66.6001 3.8658 3.60178 45.2155 622.692
202.227 66.8332 3.91659 3.73004 53.4832 650.342
204.275 67.0486 3.87214 3.68431 56.4042 689.895
206.517 67.2221 3.86577 3.62159 52.5433 740.165
207.821 67.5076 3.8902 3.73216 37.4273 793.082
212.113 67.5187 3.88715 3.74585 51.4627 898.519
214.357 67.5933 3.89889 3.84431 89.308 971.598
215.855 67.6946 3.90498 3.8133 100.33 1027.08
220.128 67.6136 3.90074 3.72997 71.2484 1171.77
224.214 67.6106 3.92859 3.75024 44.1964 1327.81
226.258 67.441 3.94244 3.7886 52.6925 1402.97
202.913 66.1434 3.873 3.66467 73.1901 578.297
206.494 66.5156 3.88622 3.7562 65.5393 668.258
208.493 66.9214 3.9035 3.74543 36.2718 750.942
209.976 66.7108 3.86183 3.7049 66.9456 769.831
212.525 66.7004 3.8808 3.81913 74.3737 845.668
213.899 66.7653 3.88568 3.80318 65.0341 896.018
216.215 66.9498 3.89251 3.71287 50.6069 989.547
218.345 66.8088 3.88402 3.63104 63.8616 1060.51
221.978 66.9116 3.93995 3.74053 36.852 1208.76
223.778 66.9808 3.96369 3.67192 46.6724 1284.81
225.729 66.9227 3.95927 3.75156 29.4774 1363.53
207.195 65.6571 3.90102 3.68901 66.0077 600.959
208.623 65.8937 3.8589 3.7074 63.5256 660.732
210.457 65.8251 3.86347 3.61801 84.9175 711.067
212.122 65.8371 3.89919 3.79489 44.1133 768.771
214.181 66.267 3.93516 3.70175 30.6335 871.992
218.473 66.2305 3.92474 3.69419 54.2944 1035.77
221.631 66.2191 3.95569 3.71644 42.6033 1166.17
225.657 65.8052 3.97923 3.66398 26.6272 1329.11
214.843 62.3987 3.86749 3.69864 86.5599 744.48
213.052 64.4091 3.94138 3.66695 46.5983 719.522
208.018 65.18 3.89489 3.74542 50.5457 581.445
210.64 65.1479 3.91043 3.80862 61.0181 667.043
216.846 65.3064 3.93273 3.77001 64.8875 924.824
218.385 65.6035 3.93053 3.83594 76.0806 1003.45
220.064 65.4483 3.94346 3.67577 68.1692 1070.16
221.694 65.3609 3.96727 3.70467 39.4366 1139.7
223.623 65.2225 3.95059 3.69105 54.5686 1223.52
214.63 64.613 3.92725 3.7172 48.6886 797.853
216.436 64.5012 3.93271 3.72402 66.522 873.863
221.784 64.453 3.92912 3.62784 15.9016 1121.23
221.784 64.4525 3.92069 3.63917 53.0219 1121.19
223.67 64.5753 3.91421 3.7171 55.272 1212.79
214.222 63.8036 3.94185 3.66783 49.5061 746.685
217.924 64.0292 3.91216 3.63298 75.9053 928.297
222.48 63.8433 3.91674 3.6978 55.6463 1144.99
216.652 63.0254 3.88841 3.71269 72.5136 844.937
218.173 63.0618 3.89316 3.64891 110.192 921.739
221.871 63.109 3.9021 3.69942 73.6381 1108.4
212.274 61.7929 3.85857 3.62634 113.357 605.32
213.825 62.1067 3.86016 3.63731 138.438 688.891
217.004 62.4013 3.87662 3.71293 84.3998 855.879
218.122 62.3579 3.88132 3.62469 101.119 913.482
221.538 62.4435 3.88107 3.64789 87.3396 1090.15
223.206 62.5763 3.90248 3.65619 123.631 1175.82
225.609 62.2024 3.89819 3.66065 103.114 1302.33
215.402 61.6061 3.85795 3.70667 66.6808 770.517
222.911 61.4593 3.86967 3.60702 68.0714 1169.9
224.22 61.4862 3.86047 3.61847 88.6519 1238.66
226.918 61.1512 3.86619 3.65432 51.7075 1387.3
219.809 60.7718 3.85731 3.66602 119.59 1015.7
223.909 60.7704 3.85764 3.61682 85.912 1235.4
190.452 56.6011 3.86766 3.71209 17.9384 783.915
212.597 59.9979 3.88396 3.68342 87.8066 644.173
222.262 59.6304 3.8679 3.73785 79.8651 1177.35
223.04 60.1218 3.8668 3.7151 86.2649 1204.74
226.285 59.5898 3.85753 3.68578 101.413 1395.86
227.183 60.2114 3.86454 3.63282 106.464 1424.76
212.566 65.1171 3.92513 3.62456 40.5007 738.279
213.66 59.4296 3.91867 3.82752 53.704 720.264
227.731 58.9601 3.87621 3.70655 45.8912 1496.51
224.26 58.4133 3.88913 3.78797 44.0558 1331
229.033 59.3946 3.85249 3.66781 49.4601 1550.56
197.939 55.703 3.9268 3.76197 50.7191 619.511
228.869 57.9128 3.88047 3.77 87.0463 1602.18
210.428 68.6408 3.87493 3.61875 40.9742 956.747
228.385 55.3279 3.93475 3.76393 49.1601 1713.82
211.063 63.7323 3.9571 3.69925 85.8613 599.235
211.14 63.4057 3.92278 3.65856 97.568 587.904
218.547 60.1369 3.76095 4.57635 44.2304 961.851
217.908 60.4896 3.85432 3.67735 112.076 919.019
217.507 60.403 3.86693 3.61946 49.3605 899.23
218.338 61.0595 3.85767 3.65787 56.7047 931.992
216.296 60.3923 3.85551 3.66883 46.4695 834.063
216.716 60.1205 3.86835 3.72166 44.2521 863.288
215.271 60.5805 3.85551 3.68044 44.1782 774.783
216.679 60.2805 3.85735 3.68345 70.5671 857.317
218.244 60.7315 3.85153 3.65236 40.6306 932.308
217.659 60.602 3.87053 3.57881 51.7309 903.248
216.749 60.4427 3.86315 3.69453 58.5666 857.426
217.639 60.9231 3.85784 3.66806 86.0621 896.539
218.995 60.8241 3.85036 3.643 76.0608 971.014
216.976 61.3836 3.87543 3.65194 54.5408 855.52
218.049 60.1785 3.86793 3.72681 54.4297 933.898
216.031 60.2361 3.85791 3.73604 55.7269 823.341
217.533 61.187 3.86873 3.63437 61.5609 887.249
218.652 60.2994 3.86157 3.7463 42.0542 963.477
219.217 60.1294 3.85731 3.77897 44.8937 998.26
218.856 60.4399 3.84962 3.71818 40.6296 971.204
216.546 61.2275 3.86762 3.6388 60.7199 833.98
