# evlo=210.275894 evla=60.4814
225.449 60.24 3.85974 3.61384 64.3932 836.007
194.627 64.5646 3.86438 3.61467 36.1976 921.996
225.144 58.5792 3.87341 3.82405 74.067 865.59
204.378 55.8218 3.88594 3.84249 17.0365 623.949
209.796 67.2269 3.99009 3.55084 25.1978 752.314
196.582 54.8564 3.96782 3.67041 25.0528 1026.37
214.766 66.5657 3.98797 3.70486 34.6226 713.623
188.296 63.7758 3.86503 3.59323 23.3592 1197.16
203.121 64.7461 3.91306 3.75204 31.1544 599.984
225.615 58.2758 3.88715 3.79973 63.9512 903.538
191.145 52.9721 3.9303 3.74465 23.768 1430.47
205.026 71.0033 3.96014 3.61855 15.5981 1196.57
205.387 69.6211 3.90676 3.81083 18.5534 1043.86
206.58 70.34 3.92806 3.77572 20.9788 1112.02
194.656 68.2746 3.93142 3.70746 22.675 1143.72
209.387 69.836 3.94311 3.59722 17.5219 1043.78
211.299 69.72 3.92542 3.59401 24.3257 1031.12
215.088 69.9175 3.95983 3.67591 31.2467 1075.11
216.289 69.626 3.94953 3.62532 38.4229 1056.89
211.177 69.1532 3.93014 3.62811 19.0872 967.726
213.625 69.322 3.93798 3.6956 28.0122 997.939
219.035 69.243 3.91069 3.68093 35.0343 1059.01
221.263 69.3286 3.9454 3.78441 31.1655 1111.28
198.174 67.082 3.92067 3.67857 20.2269 944.043
199.397 67.4213 3.92239 3.64103 21.3593 936.718
206.028 68.4414 3.95705 3.57951 16.0729 910.117
208.187 68.1343 3.87269 3.47806 18.1865 858.998
210.384 68.0584 3.95234 3.58812 32.3186 844.704
211.513 68.0748 3.9382 3.62454 28.8542 848.593
214.432 68.1207 3.96514 3.65065 27.0942 874.587
218.405 68.1861 3.93461 3.59494 28.0463 942.736
220.465 68.6043 3.93139 3.76491 31.9181 1026.09
222.103 68.3889 3.96063 3.7981 33.8544 1045.7
223.281 66.3701 3.92167 3.71903 56.5231 919.943
198.75 66.442 3.9275 3.99519 17.7057 875.838
200.349 66.6001 3.91485 3.61381 18.0527 839.892
202.227 66.8332 3.95551 3.49253 17.1043 811.1
206.517 67.2221 3.89104 3.56032 26.1086 773.48
207.821 67.5076 3.88467 3.53064 21.7075 792.26
212.113 67.5187 3.92423 3.55648 32.0603 789.538
214.357 67.5933 3.95199 3.68778 32.1629 817.076
215.855 67.6946 3.95287 3.66481 27.3587 848.086
220.128 67.6136 3.92885 3.70594 36.181 926.944
224.214 67.6106 3.9655 3.7385 32.5524 1041.73
226.258 67.441 3.96695 3.78724 30.59 1096.25
197.645 65.3936 3.87827 3.63201 16.4886 840.652
199.349 65.5011 3.85841 3.56842 31.6116 785.256
201.346 65.895 3.9199 3.57352 29.4409 751.002
202.913 66.1434 3.93617 3.47404 19.2878 730.051
206.494 66.5156 3.93452 3.53795 26.7366 698.186
208.493 66.9214 3.9002 3.61228 17.9981 723.2
209.976 66.7108 3.93301 3.57403 33.3404 694.551
212.525 66.7004 3.97787 3.64866 27.7534 702.05
213.899 66.7653 3.98134 3.6342 23.6488 722.84
216.215 66.9498 3.89513 3.58028 38.3977 777.696
218.345 66.8088 3.90847 3.63337 43.3902 809.314
221.978 66.9116 3.96119 3.67021 29.4642 918.248
223.778 66.9808 3.96759 3.69749 39.1095 980.739
225.729 66.9227 3.96266 3.78889 19.6269 1043.34
197.761 64.6379 3.83963 3.76081 17.9767 790.859
200.087 64.937 3.93154 3.86039 19.058 718.497
201.637 65.1527 3.89087 3.62143 30.7683 680.815
203.551 65.5276 3.92691 3.68669 21.456 656.818
205.119 65.4924 3.99255 3.8086 19.2459 616.21
207.195 65.6571 3.98291 3.5643 33.1951 597.371
208.623 65.8937 3.95784 3.50749 18.2873 608.938
210.457 65.8251 3.94931 3.55833 39.0644 595.698
212.122 65.8371 3.99988 3.77684 39.6105 604.105
214.181 66.267 3.94427 3.63637 28.1809 673.524
218.473 66.2305 3.90248 3.66693 41.3075 759.593
221.631 66.2191 3.95281 3.7028 22.9882 853.168
225.657 65.8052 3.92807 3.73574 34.1103 972.281
199.305 63.8864 3.87648 3.39107 27.6462 684.528
216.846 65.3064 3.94327 3.75776 52.723 632.41
218.385 65.6035 3.92879 3.79 42.6946 701.896
220.064 65.4483 3.94305 3.73541 43.8345 742.094
221.694 65.3609 3.9049 3.73706 47.0718 793.049
223.623 65.2225 3.90715 3.6914 57.0041 858.147
196.446 62.7492 3.9047 3.66304 31.3335 774.268
199.398 63.2842 3.87908 3.35346 18.3498 650.718
200.922 63.3965 3.87151 3.46047 17.8161 587.958
221.784 64.453 3.89893 3.68775 25.6551 738.821
221.784 64.4525 3.90809 3.63978 29.4378 738.768
223.67 64.5753 3.89417 3.68535 59.926 824.393
195.344 61.9331 3.90662 3.69297 44.2829 816.829
198.469 62.2938 3.92285 3.72326 51.1696 661.467
222.48 63.8433 3.88794 3.61746 57.5536 736.478
197.317 61.3416 3.89212 3.63173 66.6078 708.416
198.513 61.678 3.87697 3.78324 43.8629 647.752
221.871 63.109 3.91967 3.60822 65.4654 676.836
193.799 60.3849 3.84161 3.63051 56.9794 905.065
196.65 60.4135 3.85778 3.52245 62.3652 748.734
198.04 60.7515 3.86354 3.55115 59.1101 669.724
199.312 60.6947 3.85596 3.5339 53.8 600.688
221.538 62.4435 3.96349 3.68588 67.5219 638.025
223.206 62.5763 3.9551 3.63143 60.4402 725.034
225.609 62.2024 3.91235 3.71672 64.6968 840.664
198.315 59.9237 3.83719 3.67389 50.906 665.318
222.911 61.4593 3.88394 3.67627 79.1389 691.803
224.22 61.4862 3.89011 3.75751 99.361 761.631
226.918 61.1512 3.90415 3.76657 74.9988 906.262
198.736 59.2533 3.8776 3.61482 81.4933 659.89
200.175 59.1767 3.89018 3.63634 92.2433 584.215
221.424 60.3024 3.86264 3.6932 80.0694 614.308
223.909 60.7704 3.85925 3.71859 99.995 745.683
190.452 56.6011 3.91631 3.74787 25.8651 1226.98
222.262 59.6304 3.87249 3.63274 42.8486 673.422
223.04 60.1218 3.85353 3.67139 74.54 705.78
226.285 59.5898 3.8622 3.67865 89.3263 895.619
227.183 60.2114 3.88416 3.63227 125.418 931.431
227.731 58.9601 3.86292 3.7679 68.4676 993.627
224.26 58.4133 3.88083 3.84091 56.1662 824.278
225.482 58.2747 3.9019 3.83034 34.5152 896.348
229.033 59.3946 3.86528 3.68404 79.8621 1051.91
197.939 55.703 3.91314 3.61789 40.9778 899.197
200.447 56.2848 3.92254 3.54801 38.6566 739.74
225.424 57.4688 3.95017 3.78207 61.002 931.038
228.869 57.9128 3.88362 3.70242 73.486 1096.24
227.048 56.8144 3.94052 3.77503 28.7643 1052.25
229.75 56.9811 3.88144 3.76951 57.7104 1188.22
210.428 68.6408 4.02127 3.74072 28.9888 909.677
226.879 56.1146 3.96834 3.80315 64.3195 1084.27
229.974 55.9154 3.92055 3.75721 33.4966 1258.84
227.653 56.4191 3.95798 3.76262 102.234 1106.65
