# evlo=212.566498 evla=65.117104
225.449 60.24 4.03395 3.75642 19.3487 852.274
194.627 64.5646 3.81008 3.73716 97.1148 850.68
217.908 60.4896 3.87404 3.77356 54.8048 582.875
217.507 60.403 3.85397 3.72166 31.1817 582.493
220.363 59.9534 3.82747 3.72912 45.1509 700.555
225.144 58.5792 3.8032 3.68966 27.7699 981.171
216.716 60.1205 3.95472 3.53256 33.1136 595.934
209.094 59.7511 3.98403 3.54319 53.2889 624.141
209.259 59.7417 3.9821 3.60398 55.3907 622.782
204.378 55.8218 3.94143 3.76139 25.2442 1127.23
200.411 54.831 3.90656 3.70083 35.475 1326.81
208.763 59.5251 3.94535 3.62128 72.0506 653.398
217.513 60.0823 3.91607 3.57603 38.7465 615.554
196.582 54.8564 3.94656 3.65704 23.9363 1441.46
188.296 63.7758 3.84086 3.7055 97.729 1170.69
216.679 60.2805 3.95452 3.57341 54.0826 578.433
208.348 59.6572 3.93738 3.56123 60.987 646.107
225.615 58.2758 3.82901 3.82879 33.8374 1024.72
215.581 59.9268 3.99641 3.57555 37.6794 598.78
197.4 66.8951 3.95835 3.78055 28.7947 714.404
217.277 60.2474 3.95093 3.62194 32.5572 593.583
218.995 60.824 3.80498 3.73568 69.5409 578.443
218.049 60.1785 3.86428 3.67244 38.9602 617.572
191.145 52.9721 3.91291 3.69676 26.9861 1810.1
219.747 60.0959 3.81587 3.8573 74.3315 669.317
220.599 59.667 3.82923 3.62465 58.0571 734.697
218.652 60.2994 3.84441 3.7193 44.2009 620.13
219.217 60.1294 3.8248 3.73287 50.8182 651.573
216.221 60.072 3.98223 3.50937 25.9119 592.575
218.856 60.4399 3.82602 3.72013 44.0399 611.624
226.475 68.3065 3.98518 3.6475 24.1361 707.162
207.417 57.7828 3.93766 3.72428 46.0998 861.544
203.383 71.3221 3.93919 3.58089 30.819 787.822
205.026 71.0033 3.9631 3.77078 24.3601 726.732
234.753 71.9871 3.96345 3.75612 64.1655 1174.19
198.198 69.3641 3.88422 3.59474 25.3749 777.506
202.84 70.0079 3.89668 3.63973 42.045 683.377
205.387 69.6211 3.91634 3.70286 20.8759 588.586
194.656 68.2746 3.98149 3.90233 20.3768 861.768
196.822 68.4753 3.98726 3.74608 38.5954 784.149
198.806 68.6483 3.96403 3.62495 27.5121 717.889
235.93 69.3475 4.01563 3.75894 53.8577 1105.06
196.917 67.6988 4.00847 3.64101 16.4717 753.544
201.885 68.4946 3.95392 3.74676 21.4756 600.655
221.263 69.3286 3.93477 3.73187 56.2695 600.427
198.174 67.082 3.99204 3.78784 35.4013 684.985
199.397 67.4213 4.00067 3.8364 36.9963 643.415
193.671 65.4742 3.84595 3.73484 47.8706 879.112
195.352 65.7077 3.85826 3.65192 70.5818 799.749
198.75 66.442 3.95605 3.65906 39.5849 648.311
200.349 66.6001 4.01263 3.89144 49.4019 580.732
224.214 67.6106 3.96644 3.60961 66.287 589.544
226.258 67.441 4.00406 3.81252 100.97 665.465
195.961 64.9941 3.81964 3.67421 61.4655 779.594
197.645 65.3936 3.83512 3.64415 63.9462 696.236
199.349 65.5011 3.84726 3.52951 55.706 616.688
225.729 66.9227 4.03939 3.85626 99.3172 628.792
197.761 64.6379 3.82314 3.65467 45.0565 702.059
200.087 64.937 3.82585 3.66307 92.5289 587.497
225.657 65.8052 3.99898 3.71948 48.5953 610.594
199.305 63.8864 3.82874 3.8426 88.1911 650.548
196.446 62.7492 3.86276 3.81523 112.985 830.866
199.398 63.2842 3.86982 3.75324 80.0537 670.13
200.922 63.3965 3.88825 3.75926 69.3419 595.207
195.344 61.9331 3.87531 3.70092 71.3594 923.84
198.469 62.2938 3.91727 3.76439 72.6418 762.67
201.699 62.7161 3.97104 3.73096 60.4127 595.711
197.317 61.3416 3.91341 3.71857 56.9733 871.433
198.513 61.678 3.91927 3.7256 54.3485 797.786
200.525 61.7105 3.94077 3.57005 51.6105 709.619
201.703 62.1344 3.98928 3.62872 61.427 631.79
193.799 60.3849 3.90716 3.68745 37.3324 1088.65
196.65 60.4135 3.93268 3.75514 60.3176 963.27
198.04 60.7515 3.92278 3.69035 58.8638 880.6
199.312 60.6947 3.92482 3.62845 48.7216 832.225
201.041 61.0224 3.92513 3.62456 40.5007 738.279
202.562 61.4009 3.9255 3.77891 61.8603 649.908
204.176 61.4907 3.93859 3.62732 69.2286 582.595
223.206 62.5763 4.00668 3.79874 67.9888 594.155
225.609 62.2024 3.96332 3.71163 68.4391 721.245
198.315 59.9237 3.90949 3.69481 56.2674 931.207
201.231 60.4742 3.89878 3.7859 53.5497 774.101
202.813 60.5269 3.8903 3.81839 68.1834 711.954
204.11 60.6801 3.90048 3.85876 62.2706 654.253
205.516 60.8132 3.92793 3.75068 96.4358 597.648
222.911 61.4593 4.06868 3.78674 36.418 658.692
224.22 61.4862 4.03167 3.75554 47.7169 709.194
226.918 61.1512 3.97632 3.86291 38.8528 845.349
200.175 59.1767 3.91158 3.74943 65.1315 922.03
201.907 59.5938 3.89021 3.70789 87.4347 824.722
202.905 59.7733 3.88881 3.71972 70.5165 775.182
204.792 59.8542 3.92125 3.62315 82.3727 709.366
205.68 60.1952 3.92252 3.63503 51.9247 651.56
207.376 60.0815 3.95843 3.64167 53.9475 620.871
219.809 60.7718 3.78412 3.68497 37.9473 607.319
221.424 60.3024 3.74943 3.57523 38.649 701.181
223.909 60.7704 4.05535 3.77846 32.6068 750.68
190.452 56.6011 3.86104 3.65681 18.2136 1517.57
202.009 59.0314 3.90416 3.66456 78.5448 872.061
203.561 59.1953 3.89 3.63375 61.4946 808.274
204.771 59.3922 3.9308 3.56556 63.5229 754.555
206.768 59.6524 3.94193 3.62338 68.0601 678.274
222.262 59.6304 3.82846 3.63152 34.2695 789.272
223.04 60.1218 3.83106 3.42903 25.7591 772.109
227.183 60.2114 4.0472 3.74931 50.1379 923.889
203.344 58.6774 3.90603 3.64093 43.6914 864.215
204.113 58.2637 3.94443 3.56416 44.0364 883.452
204.991 58.6484 3.94972 3.61372 34.7246 822.388
206.355 58.9287 3.93532 3.64077 55.1148 761.659
207.606 58.6097 3.92866 3.61232 61.5366 770.203
213.66 59.4296 4.0251 3.35015 20.7488 636.383
202.426 57.5673 3.91753 3.66847 49.4273 998.545
203.613 57.6397 3.92637 3.56544 37.3826 958.888
205.548 57.5665 3.97042 3.76347 25.6229 920.156
224.26 58.4133 3.84915 3.54723 22.3364 966.111
225.482 58.2747 3.82261 3.92024 23.7845 1020.17
229.033 59.3946 4.03939 3.78105 22.0934 1061.88
197.939 55.703 3.91165 3.67825 56.0782 1316.15
200.447 56.2848 3.90187 3.63188 36.5757 1181.63
223.768 57.9616 3.85704 3.72112 47.823 992.339
225.424 57.4688 3.85587 3.82771 26.1334 1091.85
227.048 56.8144 3.86837 3.75774 17.3384 1207.1
229.75 56.9811 3.85794 3.56136 23.0116 1289.63
226.879 56.1146 3.8834 3.71573 22.0532 1266.79
227.653 56.4191 3.87832 3.78628 47.3244 1264.39
218.547 60.1369 4.78662 4.49477 43.0831 633.644
217.908 60.4896 3.87404 3.77356 54.8048 582.875
217.507 60.403 3.85397 3.72166 31.1817 582.493
216.716 60.1205 3.95472 3.53256 33.1136 595.934
216.679 60.2805 3.95452 3.57341 54.0826 578.433
217.277 60.2474 3.95093 3.62194 32.5572 593.583
218.995 60.8241 3.80491 3.73562 69.5409 578.433
218.049 60.1785 3.86428 3.67244 38.9602 617.572
218.652 60.2994 3.84441 3.7193 44.2009 620.13
219.217 60.1294 3.8248 3.73287 50.8182 651.573
216.221 60.072 3.98223 3.50937 25.9119 592.575
218.856 60.4399 3.82602 3.72013 44.0399 611.624
