# evlo=227.730896 evla=58.960098
194.627 64.5646 3.92032 3.59084 15.4539 1831.02
217.908 60.4896 3.85455 3.62389 75.1494 577.672
217.654 61.036 3.8854 3.81063 54.7157 607.252
217.507 60.403 3.85068 3.59053 58.3245 597.292
216.3 60.3932 3.82892 3.63475 71.2864 662.641
216.716 60.1205 3.85009 3.63715 63.0416 635.612
215.395 60.9677 3.84852 3.70333 56.9763 723.205
209.094 59.7511 3.88501 3.75564 106.499 1060.24
209.259 59.7417 3.88438 3.77411 97.9382 1051.04
210.701 64.1732 4.01594 3.5483 19.296 1070.28
208.846 60.7683 3.86602 3.72054 74.5871 1073.14
207.916 63.4188 3.96532 3.74249 29.2485 1169.52
212.195 64.6453 4.00065 3.62702 17.6818 1031.13
204.378 55.8218 3.89534 3.86932 30.7746 1439.02
200.411 54.831 3.93024 3.70875 24.8739 1713.78
207.685 63.8827 3.98159 3.73831 19.7044 1195.63
208.763 59.5251 3.88785 3.75629 120.696 1080.66
209.796 67.2269 3.86202 3.64473 27.7157 1283.12
216.907 60.7523 3.85866 3.68937 34.7085 637.715
209.738 62.4058 3.89817 3.83657 49.0387 1051.25
217.513 60.0823 3.82886 3.60668 63.6999 591.101
212.624 63.0753 3.97554 3.8129 29.964 933.6
214.225 61.1292 3.84294 3.76002 67.4504 788.78
215.93 63.6482 3.99662 3.65865 21.7201 818.098
214.25 60.5487 3.83217 3.70676 148.455 776.691
213.401 60.7277 3.85533 3.64706 74.2646 825.312
209.784 61.1426 3.8479 3.71769 51.5495 1025.47
188.296 63.7758 3.875 3.64104 27.7118 2138.3
211.074 61.771 3.88042 3.68363 20.9102 967.858
216.188 61.4417 3.89334 3.68335 58.7134 696.139
212.904 60.8792 3.85547 3.68475 55.7128 854.405
215.271 60.5805 3.84253 3.62176 45.5676 721.768
216.679 60.2805 3.83127 3.69079 57.0336 640.028
213.052 64.4091 4.00157 3.63365 17.8765 982.296
213.497 60.396 3.8469 3.69351 77.0052 816.073
215.738 60.3351 3.83469 3.70717 60.0736 692.404
208.348 59.6572 3.87983 3.79125 72.9596 1102.8
217.659 60.6024 3.85443 3.65063 56.4613 593.85
215.581 59.9268 3.83758 3.73438 87.1617 696.645
216.749 60.4427 3.84798 3.62908 56.1743 639.14
217.639 60.9231 3.87738 3.70496 82.6815 604.238
214.077 61.4924 3.85076 3.71377 67.415 805.7
211.542 61.4131 3.86487 3.68382 66.6003 936.112
209.077 63.5527 3.96216 3.74119 24.0263 1118.75
216.976 61.3836 3.89061 3.72624 69.2382 654.218
211.063 63.7318 3.98795 3.6824 35.414 1033.97
216.031 60.2361 3.83818 3.65945 86.9734 674.92
214.53 62.9699 3.98449 3.82544 32.4167 840.809
214.475 65.5174 3.86265 3.70255 16.4596 1000.59
207.811 62.8962 3.93977 3.7517 43.1185 1159.95
217.533 61.1871 3.8949 3.69728 68.9955 618.789
211.667 60.8584 3.85581 3.78942 56.7487 920.842
211.14 63.4056 3.99233 3.76984 22.5512 1016.56
216.221 60.072 3.83409 3.71108 53.6819 662.382
216.546 61.2275 3.87109 3.71662 92.3034 670.624
207.417 57.7828 3.93537 3.81681 104.896 1191.31
205.026 71.0033 3.94416 3.76721 18.6535 1696.22
234.753 71.9871 4.05867 3.89635 17.3977 1486.06
198.198 69.3641 3.90445 3.70089 20.337 1815.2
206.58 70.34 3.93587 3.84739 25.2046 1604.3
205.217 69.1565 3.91912 3.79441 15.5891 1563.53
209.387 69.836 3.9374 3.80925 31.6341 1488.11
211.299 69.72 3.94104 3.80955 25.2187 1428.37
215.088 69.9175 3.98006 3.76034 18.1552 1358.6
216.289 69.626 3.95477 3.72976 20.5908 1306.72
201.885 68.4946 3.90909 3.65195 17.4766 1639.63
203.387 68.7132 3.90743 3.69926 15.9435 1598.11
209.319 68.9656 3.91527 3.88478 37.877 1422.74
211.177 69.1532 3.92652 3.8788 28.0947 1384.71
213.625 69.322 3.93418 3.68303 23.0291 1336.52
219.035 69.243 3.94719 3.76973 22.1724 1219.36
221.263 69.3286 3.96495 3.81386 21.2244 1196.37
203.811 68.2575 3.89254 3.66037 20.0451 1557.42
206.028 68.4414 3.91071 3.81819 16.614 1491.03
210.384 68.0584 3.87162 3.88876 26.6187 1322.67
211.513 68.0748 3.87775 3.88983 38.3477 1289.34
214.432 68.1207 3.9283 3.78902 28.5661 1210.93
218.405 68.1861 3.96062 3.81607 21.7407 1125.07
220.465 68.6043 3.9605 3.67939 20.2118 1131.34
222.103 68.3889 3.93267 3.71849 30.7284 1086.23
223.281 66.3701 3.94085 3.7794 20.4188 856.268
207.821 67.5076 3.88137 3.55032 24.9572 1370.26
212.113 67.5187 3.85895 3.82973 48.658 1228.2
214.357 67.5933 3.89601 3.80811 24.1503 1167.92
215.855 67.6946 3.94761 3.89911 18.3247 1136.72
220.128 67.6136 3.97589 3.81576 22.6019 1035.45
224.214 67.6106 3.92499 3.81239 32.1891 979.853
226.258 67.441 3.95164 3.78512 38.7045 948.146
197.645 65.3936 3.94726 3.6101 16.0615 1701.87
209.976 66.7108 3.83495 3.51579 25.8553 1242.67
212.525 66.7004 3.83779 3.65704 28.9209 1153.62
213.899 66.7653 3.83943 3.70885 34.5946 1114.14
221.978 66.9116 3.96354 3.88121 23.1855 932.238
223.778 66.9808 3.90511 3.7547 33.1613 915.736
225.729 66.9227 3.90159 3.83279 27.1207 893.192
197.761 64.6379 3.92295 3.59524 22.3262 1682.76
203.551 65.5276 3.93877 3.61218 15.3452 1441.1
207.195 65.6571 4.00471 3.65974 16.6248 1291.05
208.623 65.8937 3.98347 3.91528 18.1324 1245.15
214.181 66.267 3.85438 3.55388 23.1671 1066.49
218.473 66.2305 3.91129 3.98421 40.9813 937.395
221.631 66.2191 3.99953 3.7646 18.4788 866.671
225.657 65.8052 3.8718 3.63733 24.3866 770.293
214.843 62.3987 3.92849 3.7773 43.7437 799.834
213.052 64.4091 4.00157 3.63365 17.8765 982.296
199.305 63.8864 3.92064 3.66216 15.5404 1597.59
208.018 65.18 4.01688 3.68853 18.002 1233.79
218.385 65.6035 3.8276 3.78849 43.686 883.215
220.064 65.4483 3.9287 3.80719 47.8497 824.554
221.694 65.3609 3.93399 3.91042 47.539 778.851
223.623 65.2225 3.95633 3.80713 35.1066 729.788
196.446 62.7492 3.88262 3.6951 27.3742 1733.21
199.398 63.2842 3.902 3.72843 31.707 1586.19
200.922 63.3965 3.91169 3.66698 20.7457 1511.48
203.285 63.465 3.92626 3.66547 32.5818 1395.89
204.379 63.994 3.94732 3.70729 24.6035 1354.98
205.853 64.1767 3.97211 3.69063 24.9447 1290.85
214.63 64.613 3.97681 3.58737 18.7968 932.009
216.436 64.5012 3.90796 3.66614 16.841 856.563
221.784 64.453 3.81155 3.72905 27.4939 687.561
221.784 64.4525 3.88598 3.70987 37.7869 687.527
223.67 64.5753 3.91163 3.89591 62.6808 661.154
195.344 61.9331 3.8694 3.74176 38.6649 1793.5
198.469 62.2938 3.88686 3.76508 52.6349 1629.09
201.699 62.7161 3.89405 3.72833 53.5858 1464.76
205.93 63.3569 3.93797 3.77304 38.6342 1263.95
217.924 64.0292 3.94708 3.4167 20.2748 767.747
222.48 63.8433 3.82774 3.73355 32.9153 611.746
197.317 61.3416 3.87639 3.75496 70.3744 1694.05
198.513 61.678 3.88875 3.7359 40.9577 1628.23
200.525 61.7105 3.88136 3.7477 48.4285 1521.69
201.703 62.1344 3.88618 3.73643 84.8936 1460.54
203.311 62.2195 3.87638 3.75555 82.4147 1377.43
205.146 62.1816 3.87984 3.7673 67.67 1281.96
206.12 62.4787 3.89928 3.78738 43.9285 1236.14
216.652 63.0254 4.03132 3.96114 19.1376 749.809
218.173 63.0618 4.0372 3.86237 45.4752 688.826
193.799 60.3849 3.86835 3.68977 67.5851 1897.32
196.65 60.4135 3.87169 3.67148 56.4901 1741.69
198.04 60.7515 3.86043 3.71511 56.314 1661.34
201.041 61.0224 3.87621 3.70655 45.8912 1496.51
202.562 61.4009 3.87741 3.72755 73.289 1413.6
204.176 61.4907 3.86855 3.7251 68.7158 1327.68
205.609 61.9037 3.87358 3.72664 56.1939 1254.8
206.868 61.8823 3.88238 3.76033 57.2268 1188.67
209.88 61.7531 3.87213 3.719 45.6692 1029.51
212.274 61.7929 3.85787 3.7591 52.83 906.556
213.825 62.1067 3.90362 3.75015 82.161 837.882
217.004 62.4013 3.99048 3.86147 52.7209 699.175
218.122 62.3579 4.02513 3.91444 48.0017 646.621
198.315 59.9237 3.87045 3.66726 97.6464 1658.62
199.908 60.1686 3.88328 3.65712 47.1839 1566.87
201.231 60.4742 3.87516 3.68945 54.0009 1490.5
202.813 60.5269 3.87299 3.71091 76.0774 1403.36
204.11 60.6801 3.86994 3.72527 64.5007 1331.52
205.516 60.8132 3.87165 3.68204 128.185 1254.54
207.791 61.2001 3.86292 3.70364 62.7671 1132.85
215.402 61.6061 3.89702 3.62784 64.1351 741.583
198.736 59.2533 3.89245 3.69327 79.3485 1648.52
200.175 59.1767 3.90177 3.69414 49.518 1569.54
201.907 59.5938 3.88956 3.71192 69.6152 1464.7
202.905 59.7733 3.88442 3.66964 95.5459 1406.26
204.792 59.8542 3.88892 3.68105 77.1498 1300.05
205.68 60.1952 3.88324 3.64375 79.9802 1247.74
207.376 60.0815 3.88243 3.74364 81.8488 1154.28
210.276 60.4814 3.86292 3.7679 68.4676 993.627
190.452 56.6011 3.91628 3.71258 22.2778 2204.05
203.561 59.1953 3.90199 3.72168 72.6611 1378.72
204.771 59.3922 3.89682 3.72954 116.004 1307.25
206.768 59.6524 3.89307 3.76115 88.7129 1191.62
212.597 59.9979 3.83882 3.78892 79.5448 863.529
203.344 58.6774 3.91111 3.72392 97.0415 1401.51
204.113 58.2637 3.91286 3.76011 63.1356 1367.68
204.991 58.6484 3.90406 3.77226 87.7846 1308.49
206.355 58.9287 3.9038 3.72605 116.026 1225.3
207.606 58.6097 3.90944 3.78861 116.941 1160.16
213.66 59.4296 3.85931 3.85741 141.026 804.338
202.426 57.5673 3.93178 3.75782 55.9597 1484.39
203.613 57.6397 3.92872 3.7634 104.073 1414.04
205.548 57.5665 3.92753 3.86142 32.0019 1305.2
197.939 55.703 3.91455 3.7315 37.6038 1814.6
200.447 56.2848 3.9444 3.76804 37.9567 1645.25
210.428 68.6408 3.89556 3.90862 30.3611 1365.31
209.931 62.7622 3.90009 4.71924 77.4574 1051.57
211.063 63.7323 3.98794 3.68239 35.414 1033.97
211.14 63.4057 3.99232 3.76984 22.5512 1016.56
217.908 60.4896 3.85455 3.62389 75.1494 577.672
217.507 60.403 3.85068 3.59053 58.3245 597.292
216.296 60.3923 3.8299 3.63568 71.2864 662.811
216.716 60.1205 3.85009 3.63715 63.0416 635.612
215.271 60.5805 3.84253 3.62176 45.5676 721.768
216.679 60.2805 3.83127 3.69079 57.0336 640.028
217.659 60.602 3.85453 3.65072 56.4613 593.865
216.749 60.4427 3.84798 3.62908 56.1743 639.14
217.639 60.9231 3.87745 3.70502 82.6815 604.249
216.976 61.3836 3.89061 3.72624 69.2382 654.218
216.031 60.2361 3.83818 3.65945 86.9734 674.92
217.533 61.187 3.89481 3.6972 68.9955 618.775
216.221 60.072 3.83409 3.71108 53.6819 662.382
216.546 61.2275 3.87109 3.71662 92.3034 670.624
