# evlo=210.8405 evla=64.654404
194.627 64.5646 3.8021 3.74475 32.6887 773.987
204.378 55.8218 3.95364 3.60932 18.4669 1045.91
200.411 54.831 3.91518 3.68738 20.6489 1238.02
208.763 59.5251 4.02686 3.88382 18.3918 581.779
216.221 60.072 3.91266 3.61547 18.6137 581.282
234.753 71.9871 3.94886 3.77544 22.7432 1266.11
200.413 69.1049 3.83092 3.83675 16.9066 673.024
209.387 69.836 3.94546 3.61671 20.9493 581.23
215.088 69.9175 3.93979 3.64484 19.6796 614.502
216.289 69.626 3.91612 3.7074 18.6551 602.144
235.93 69.3475 4.01663 3.78294 41.6224 1201.52
219.035 69.243 3.85906 3.79787 20.9745 623.523
220.465 68.6043 3.88784 3.869 18.8371 611.625
222.103 68.3889 3.93335 3.6341 21.6819 649.74
223.281 66.3701 4.01073 3.69931 34.2521 605.371
193.671 65.4742 3.90938 3.77651 16.3579 810.603
195.352 65.7077 3.9461 3.77089 19.9987 733.234
216.221 60.072 3.91266 3.61547 18.6137 581.282
