# evlo=232.385002 evla=55.266998
217.908 60.4896 3.9372 3.58469 16.5112 1033.88
217.507 60.403 3.9224 3.68336 22.0931 1049.15
216.3 60.3932 3.93933 3.76011 28.3008 1108.94
216.716 60.1205 3.9333 3.7436 32.1174 1075.67
216.679 60.2805 3.91839 3.89534 27.1987 1084.69
217.659 60.6024 3.95083 3.61137 15.8333 1051.83
216.749 60.4427 3.92787 3.83225 31.9392 1088.68
216.031 60.2361 3.89793 3.7788 31.3489 1115.71
217.533 61.1871 4.07473 3.50373 15.4753 1089.64
216.221 60.072 3.94291 3.71352 23.1511 1099.01
210.176 67.8516 3.86557 3.56772 24.4822 1812.16
217.908 60.4896 3.9372 3.58469 16.5112 1033.88
217.507 60.403 3.9224 3.68336 22.0931 1049.15
216.296 60.3923 3.9398 3.76055 28.3008 1109.07
216.716 60.1205 3.9333 3.7436 32.1174 1075.67
216.679 60.2805 3.91839 3.89534 27.1987 1084.69
217.659 60.602 3.95084 3.61137 15.8333 1051.84
216.749 60.4427 3.92787 3.83225 31.9392 1088.68
216.031 60.2361 3.89793 3.7788 31.3489 1115.71
217.533 61.187 4.07467 3.50368 15.4753 1089.63
216.221 60.072 3.94291 3.71352 23.1511 1099.01
