# evlo=218.652206 evla=60.2994
194.627 64.5646 3.92835 3.53781 17.9223 1319.06
209.013 64.0997 3.84568 3.38335 27.268 655.455
210.701 64.1732 3.91457 3.73629 17.4178 596.918
207.916 63.4188 4.04138 3.83499 19.9104 662.3
212.195 64.6453 3.80643 3.84339 34.0846 587.229
204.378 55.8218 3.91075 3.64412 15.1762 976.227
209.796 67.2269 3.87391 3.67127 28.92 885.378
196.582 54.8564 3.93123 3.69433 17.5709 1443.76
214.766 66.5657 3.88118 3.55683 15.5923 724.59
203.121 64.7461 3.96428 3.48861 21.6103 937.234
208.348 59.6572 3.90135 3.71245 121.837 579.149
211.768 64.9602 3.80208 3.81246 30.3757 627.436
209.256 65.0304 3.81371 3.68682 33.8278 712.708
210.931 64.5928 3.80761 3.90121 36.155 621.953
191.145 52.9721 3.93887 3.68983 16.5479 1856.38
207.811 62.8962 4.03998 4.0049 57.6719 643.121
197.092 68.0541 3.91086 3.82321 27.8156 1346.38
205.816 56.5593 3.85405 3.54266 23.9942 855.847
208.468 61.98 3.95601 3.80518 89.0017 578.959
189.752 57.1766 3.89167 3.68423 43.2986 1694.8
209.711 63.4502 4.07748 3.81036 26.6558 586.191
193.495 53.8452 3.90328 3.78429 43.273 1672.87
211.908 64.4716 3.80336 3.97289 27.7339 580.69
226.475 68.3065 4.03973 3.97504 17.8984 967.838
207.417 57.7828 3.95158 3.5749 67.0949 702.152
212.138 64.8736 3.80452 3.78975 59.6392 609.212
203.383 71.3221 3.94191 3.64402 21.0932 1404.33
234.753 71.9871 3.99105 3.78417 17.6046 1481.25
205.387 69.6211 3.88908 3.58275 16.1759 1207.75
196.822 68.4753 3.91583 3.83067 15.4139 1379.53
235.93 69.3475 3.98569 3.84055 55.5272 1290.82
196.917 67.6988 3.88773 3.66945 15.9823 1333.93
211.177 69.1532 3.86862 3.8156 22.6068 1047.59
198.174 67.082 3.86022 3.64069 16.7958 1254.36
202.768 67.4572 3.85696 3.93189 17.7613 1110.04
223.281 66.3701 3.9646 3.62771 47.5015 714.829
202.227 66.8332 3.81228 3.70409 19.9282 1087.85
204.275 67.0486 3.8535 3.66351 27.6848 1030.84
207.821 67.5076 3.93665 3.84235 15.6542 960.613
212.113 67.5187 3.86456 3.54728 15.6103 865.318
215.855 67.6946 3.8816 3.69829 19.2014 835.467
226.258 67.441 3.98902 3.88218 28.3216 878.05
199.349 65.5011 3.91533 3.85694 20.1945 1133.17
201.346 65.895 3.89475 3.72923 16.1957 1068.02
202.913 66.1434 3.88709 3.58003 15.3253 1020.16
206.494 66.5156 3.83725 3.56883 17.1935 918.337
208.493 66.9214 3.8722 3.52548 17.0446 891.438
216.215 66.9498 3.88029 3.57151 17.0983 750.964
223.778 66.9808 4.04117 3.62227 21.3163 786.283
225.729 66.9227 3.96552 3.71417 21.4977 816.346
200.087 64.937 3.95826 3.60452 15.297 1078.47
201.637 65.1527 3.91363 3.63665 22.1636 1019.84
203.551 65.5276 3.86373 3.64625 17.2192 959.611
205.119 65.4924 3.87986 3.64232 18.7976 896.023
207.195 65.6571 3.84887 3.67785 28.5334 830.784
210.457 65.8251 3.8819 3.70099 25.2197 741.05
212.122 65.8371 3.87909 3.65329 30.8423 699.152
218.473 66.2305 3.88891 3.77801 16.3021 661.172
225.657 65.8052 3.89606 3.63855 24.1854 707.689
205.522 64.7962 3.86896 3.61677 17.2802 838.604
208.018 65.18 3.81406 3.5941 19.5156 767.214
210.64 65.1479 3.82152 3.79249 50.2958 677.17
221.694 65.3609 4.00652 3.89855 24.998 584.888
223.623 65.2225 3.89835 3.7449 30.7445 604.204
196.446 62.7492 3.94281 3.73202 24.0924 1206.23
199.398 63.2842 3.95637 3.66311 17.924 1064.07
195.344 61.9331 3.89559 3.72113 27.6973 1262.58
198.469 62.2938 3.93347 3.70007 33.2426 1099.64
201.699 62.7161 3.98127 3.69444 23.9738 938.801
205.93 63.3569 3.99057 3.76248 20.6392 750.23
197.317 61.3416 3.88549 3.73267 27.0837 1161.43
198.513 61.678 3.90423 3.71856 36.2816 1096.3
200.525 61.7105 3.89355 3.80774 52.7984 989.817
201.703 62.1344 3.92357 3.67443 31.9785 930.592
203.311 62.2195 3.92936 3.66767 36.6232 848.382
205.146 62.1816 3.91189 3.65273 43.571 753.405
206.12 62.4787 3.96903 3.73852 33.1106 711.046
193.799 60.3849 3.87401 3.68408 65.0955 1364.35
196.65 60.4135 3.87666 3.698 36.5214 1208.91
198.04 60.7515 3.88586 3.78649 46.4814 1128.33
199.312 60.6947 3.86985 3.72331 38.8328 1060.04
201.041 61.0224 3.86157 3.7463 42.0542 963.477
202.562 61.4009 3.87606 3.72579 55.7401 880.926
204.176 61.4907 3.89318 3.65218 42.787 795.273
205.609 61.9037 3.91079 3.60846 61.104 724.495
206.868 61.8823 3.90945 3.65868 53.8798 658.755
198.315 59.9237 3.87815 3.67445 48.7023 1127.29
199.908 60.1686 3.87476 3.70471 54.7214 1035.14
201.231 60.4742 3.86464 3.65997 31.5021 958.126
202.813 60.5269 3.8738 3.67183 49.8993 871.027
204.11 60.6801 3.88699 3.67628 71.3976 798.9
205.516 60.8132 3.88727 3.58092 54.6675 721.699
207.791 61.2001 3.90896 3.61809 40.7765 599.997
198.736 59.2533 3.8973 3.67207 44.9126 1120.52
200.175 59.1767 3.91275 3.65987 34.1969 1043.14
201.907 59.5938 3.89129 3.71173 35.2143 936.646
202.905 59.7733 3.89427 3.71579 58.8139 877.561
204.792 59.8542 3.87908 3.78073 47.3741 771.767
205.68 60.1952 3.87918 3.65468 81.074 717.381
207.376 60.0815 3.87995 3.72357 44.8384 625.299
202.009 59.0314 3.90415 3.67327 34.8715 945.99
203.561 59.1953 3.89245 3.69155 50.6061 855.453
204.771 59.3922 3.87596 3.79423 45.515 783.228
206.768 59.6524 3.89166 3.69589 60.5112 666.597
212.566 65.1171 3.84441 3.7193 44.2009 620.13
203.344 58.6774 3.9116 3.73787 46.2318 883.802
204.113 58.2637 3.91953 3.65183 49.9241 857.265
204.991 58.6484 3.89711 3.64859 48.7894 794.311
206.355 58.9287 3.89527 3.69619 76.6783 709.611
207.606 58.6097 3.92011 3.6935 57.7208 653.276
202.426 57.5673 3.92901 3.67078 48.0856 979.77
203.613 57.6397 3.90228 3.51518 19.9074 912.071
205.548 57.5665 3.93758 3.61024 31.3308 812.009
229.033 59.3946 3.82059 3.6456 48.4358 589.925
197.939 55.703 3.88473 3.68685 16.467 1320.4
200.447 56.2848 3.92062 3.47825 22.7417 1152.82
228.869 57.9128 3.86988 3.64128 29.1143 642.055
229.75 56.9811 3.93809 3.65704 26.0348 741.63
212.138 64.8735 3.79326 3.83992 37.776 609.209
210.428 68.6408 3.85983 3.74339 32.9071 1008.55
227.653 56.4191 4.03176 3.67925 59.3406 680.507
210.176 67.8516 3.87815 3.5969 34.42 936.069
209.736 66.2066 3.91269 3.75001 30.3702 794.694
209.329 66.7192 3.90704 3.79555 23.5371 851.018
211.164 69.0223 3.88197 3.62307 16.5863 1034.4
211.489 65.5114 3.87512 3.79949 33.6342 684.703
211.306 69.424 3.87506 3.72404 24.2257 1073.47
209.89 67.3812 3.88661 3.61019 19.4137 897.588
210.457 65.825 3.87967 3.79113 30.0129 741.032
210.819 64.8857 3.77255 4.29536 22.0687 649.633
210.44 64.87 3.77146 3.92981 19.6533 660.47
210.069 64.7653 3.74075 3.74434 19.0278 664.458
210.554 64.5756 3.74838 4.15418 21.7945 633.118
210.901 64.613 3.7582 4.06582 21.0083 624.571
211.172 64.6917 3.75359 3.94355 19.9942 622.302
