# evlo=218.659897 evla=60.964901
194.627 64.5646 3.12645 2.88215 38.1572 1282.38
217.507 60.403 3.12099 2.95149 206.413 88.8205
220.363 59.9534 3.12781 2.91269 409.012 146.567
216.3 60.3932 3.06027 2.94541 277.83 143.856
216.716 60.1205 2.82007 2.59194 493.492 142.241
215.395 60.9677 3.30155 3.47089 111.748 176.83
209.259 59.7417 3.13494 3.15593 48.5048 536.061
210.701 64.1732 3.17689 2.99708 138.395 542.767
207.916 63.4188 3.17259 2.9201 102.041 621.678
212.195 64.6453 3.10533 2.89316 146.153 525.816
204.378 55.8218 3.01471 2.81141 33.0043 1009.48
207.685 63.8827 3.15459 2.91069 110.177 652.47
209.796 67.2269 3.12856 2.97022 120.38 819.315
216.907 60.7523 3.26581 3.18471 255.167 98.1432
217.513 60.0823 2.9434 2.62747 339.908 116.783
214.225 61.1292 3.29272 3.22734 148.225 240.253
215.93 63.6482 3.14388 3.04238 313.734 330.808
214.25 60.5487 3.09643 3.07961 247.073 244.812
213.401 60.7277 3.15293 3.17263 147.995 287.044
209.784 61.1426 3.21606 3.13315 76.137 479.502
214.766 66.5657 3.13858 2.97017 165.784 652.926
188.296 63.7758 3.041 2.71358 23.0787 1586.52
203.121 64.7461 3.13815 2.9037 71.0725 893.264
211.074 61.771 3.2695 3.03161 81.9986 415.264
216.188 61.4417 3.29289 3.15002 168.027 143.124
212.904 60.8792 3.24391 3.25242 66.4939 312.24
215.271 60.5805 3.15424 3.04583 288.598 189.563
216.679 60.2805 3.01227 2.94225 175.48 132.568
213.052 64.4091 3.11377 2.93124 177.934 479.061
213.497 60.396 3.04317 3.06016 159.44 289.13
215.738 60.3351 3.01078 2.85154 221.555 174.555
225.615 58.2758 3.2544 3.10391 34.2613 493.38
215.581 59.9268 2.63436 2.33289 288.882 205.15
216.749 60.4427 3.05112 3.04396 174.683 119.474
214.077 61.4924 3.30126 3.20128 91.4463 253.031
211.542 61.4131 3.26757 3.20901 55.7087 385.913
197.4 66.8951 3.08353 2.792 22.3762 1225.36
209.077 63.5527 3.16138 2.91329 156.719 574.552
217.277 60.2474 3.03489 2.88068 218.769 110.144
216.976 61.3836 3.25859 3.03494 229.627 101.914
211.063 63.7318 3.17845 3.01856 132.779 499.421
211.768 64.9602 3.11474 2.89748 194.272 565.547
218.049 60.1785 2.99716 2.70679 256.407 93.7963
209.256 65.0304 3.11668 2.82895 90.5126 656.399
216.031 60.2361 2.93561 2.80492 240.758 165.333
214.53 62.9699 3.17345 2.9778 268.992 311.101
219.747 60.0959 3.08147 2.87234 395.871 113.754
220.599 59.667 3.10849 2.90225 338.724 179.962
214.475 65.5174 3.17633 3.0641 196.126 549.007
207.811 62.8962 3.12961 2.75838 41.9944 608.163
215.323 60.3863 3.05216 2.91113 197.709 193.438
210.261 61.0889 3.26014 2.97046 48.084 453.957
197.092 68.0541 3.10259 2.92268 33.4095 1291.69
215.154 63.7399 3.13134 3.0029 329.582 358.527
211.14 63.4056 3.15092 2.903 85.8459 476.373
219.217 60.1294 3.01883 2.68231 335.322 97.9868
212.671 61.832 3.2858 3.10569 106.546 334.108
216.01 63.9761 3.15536 3.05616 332.137 362.316
214.792 60.5341 3.09464 2.9938 252.933 216.297
209.253 61.4636 3.18183 2.90582 64.4889 508.13
217.161 60.1791 2.95768 2.78649 401.887 120.075
216.221 60.072 2.65722 2.39654 491.717 166.842
210.547 60.1043 3.14453 3.16072 99.7669 455.242
217.171 60.7541 3.22526 3.18437 180.859 84.2643
192.073 65.5598 3.13323 2.83735 63.3148 1416.77
209.711 63.4502 3.16667 2.90405 94.7415 541.182
216.546 61.2275 3.31069 3.07533 123.19 117.746
211.449 62.8295 3.18647 2.87168 178.317 431.981
211.415 62.9628 3.1794 2.91997 88.6379 440.146
211.462 62.6812 3.18412 2.89077 76.8524 424.503
212.058 62.8349 3.17429 2.8531 124.806 404.548
211.771 63.0624 3.18463 2.98227 37.2519 429.554
212.26 62.5808 3.16026 2.82015 217.966 382.602
211.152 62.8331 3.18925 2.9078 190.452 445.856
217.147 60.448 3.12436 3.13606 239.641 100.7
211.908 64.4716 3.13853 2.98763 91.7991 521.066
201.885 68.4946 3.07251 2.86363 52.2785 1151.81
203.387 68.7132 3.08206 2.88495 52.8202 1121.35
207.318 68.8799 3.08096 2.87736 97.0538 1029.16
209.319 68.9656 3.13999 2.84631 42.6289 992.634
211.177 69.1532 3.06877 2.8399 124.889 976.847
213.625 69.322 3.08688 2.9141 146.797 960.459
219.035 69.243 3.15133 2.97878 44.0798 923.113
221.263 69.3286 3.12222 2.9461 52.7355 940.251
198.174 67.082 3.12222 2.90686 30.5643 1202.75
199.397 67.4213 3.12101 2.8996 55.2215 1172.51
202.768 67.4572 3.09424 2.88446 57.4407 1052.37
203.811 68.2575 3.08955 2.89281 89.4335 1074.23
206.028 68.4414 3.11679 2.96392 79.1613 1024.3
208.187 68.1343 3.1177 2.9493 127.214 941.257
210.384 68.0584 3.12836 2.94925 82.3822 883.367
211.513 68.0748 3.12232 2.93988 70.1241 862.43
214.432 68.1207 3.09259 2.89143 138.467 822.677
218.405 68.1861 3.15671 2.99097 61.8781 805.148
220.465 68.6043 3.14478 2.97994 92.288 855.926
223.281 66.3701 3.15832 2.99541 102.519 644.087
193.671 65.4742 3.13022 2.89479 42.5117 1342.29
195.352 65.7077 3.10214 2.82912 39.6641 1271.83
198.75 66.442 3.11188 2.84213 23.9419 1150.87
202.227 66.8332 3.13713 2.95015 55.098 1033.39
204.275 67.0486 3.09043 2.87001 63.789 972.999
206.517 67.2221 3.10735 2.90324 82.0502 911.816
207.821 67.5076 3.12511 2.96748 128.843 896.499
212.113 67.5187 3.13071 2.94612 86.0531 795.642
214.357 67.5933 3.11419 2.92912 115.228 767.326
220.128 67.6136 3.14501 3.00346 112.04 744.554
197.645 65.3936 3.12252 2.88668 30.7393 1160.47
199.349 65.5011 3.11152 2.85239 47.307 1088.41
206.494 66.5156 3.09014 2.85575 87.1971 859.636
208.493 66.9214 3.11946 2.94275 118.906 828.164
209.976 66.7108 3.12876 2.97274 170.617 768.489
212.525 66.7004 3.13559 2.9427 118.647 706.325
216.215 66.9498 3.13215 3.01151 86.6443 677.712
218.345 66.8088 3.13608 2.95586 150.083 651.63
225.729 66.9227 3.14645 2.98138 67.8163 748.092
200.087 64.937 3.12704 2.88244 39.0915 1036.38
201.637 65.1527 3.129 2.96098 33.0539 974.944
205.119 65.4924 3.1247 2.92594 34.1832 844.59
207.195 65.6571 3.12855 2.88892 63.5694 775.02
208.623 65.8937 3.09758 2.88391 78.3236 741.923
210.457 65.8251 3.11221 2.90658 106.965 678.307
212.122 65.8371 3.15135 3.02634 225.691 633.075
214.181 66.267 3.14122 2.98034 35.9025 631.015
218.473 66.2305 3.13383 2.93366 175.238 587.032
225.657 65.8052 3.15439 3.0166 175.004 642.235
214.843 62.3987 3.12592 2.94993 152.607 257.541
213.052 64.4091 3.11377 2.93124 177.934 479.061
205.522 64.7962 3.12848 2.8473 54.1705 790.942
208.018 65.18 3.11392 2.84699 118.164 712.596
210.64 65.1479 3.09161 2.87186 120.354 617.074
216.846 65.3064 3.15476 3.04528 161.829 492.439
218.385 65.6035 3.13258 2.92951 170.62 517.228
220.064 65.4483 3.14583 3.06182 78.3408 504.68
221.694 65.3609 3.33863 3.02869 122.603 513.143
223.623 65.2225 3.16469 3.01743 169.696 536.345
199.398 63.2842 3.1203 2.79296 29.7004 1033.51
203.285 63.465 3.12642 2.78358 32.74 844.61
204.379 63.994 3.14942 2.91789 53.2775 807.912
205.853 64.1767 3.15089 2.90628 107.387 747.601
214.63 64.613 3.16276 3.05703 236.204 455.455
216.201 64.5654 3.15914 3.01192 27.7017 420.421
216.436 64.5012 3.14668 2.99773 152.811 410.154
223.67 64.5753 3.15124 2.99805 168.865 476.54
217.924 64.0292 3.12517 2.94095 222.955 343.619
222.48 63.8433 3.1648 3.01789 303.814 376.581
197.317 61.3416 3.19939 3.32899 17.1041 1144.88
200.525 61.7105 3.06176 2.73716 18.8248 971.144
201.703 62.1344 3.16998 2.88257 33.4179 908.286
203.311 62.2195 3.17358 2.92721 22.3566 824.828
205.146 62.1816 3.20244 2.86844 35.7585 729.28
216.652 63.0254 3.13668 3.01223 428.939 252.561
218.173 63.0618 3.10929 2.90381 309.02 235.079
221.871 63.109 3.15226 2.98567 339.045 292.054
201.041 61.0224 3.1441 2.81134 16.7867 950.665
206.868 61.8823 3.0479 2.53486 40.1135 636.833
209.88 61.7531 3.25953 2.9736 41.3422 477.467
212.274 61.7929 3.27592 3.0262 70.682 353.497
213.825 62.1067 3.11294 2.53162 127.838 286.845
217.004 62.4013 3.15324 3.17484 211.934 182.501
218.122 62.3579 3.15199 2.92661 279.187 157.828
221.538 62.4435 3.12336 2.94902 323.863 224.303
223.206 62.5763 3.14187 3.0369 328.059 299.654
225.609 62.2024 3.15651 3.02948 306.911 393.783
201.231 60.4742 3.14146 2.9691 16.8844 950.086
207.791 61.2001 3.13202 2.88241 28.9538 586.464
215.402 61.6061 3.26272 3.10083 220.834 188.724
222.911 61.4593 3.14636 3.01839 284.758 235.009
224.22 61.4862 3.16014 3.04386 196.304 304.225
226.918 61.1512 3.18272 3.06094 206.913 446.205
201.907 59.5938 2.99402 2.62702 28.0899 936.751
223.909 60.7704 3.1851 3.13558 107.403 285.963
212.597 59.9979 2.95874 2.85462 111.955 350.215
223.04 60.1218 3.22899 3.16549 87.2908 258.042
226.285 59.5898 3.23394 3.11036 79.807 448.568
227.183 60.2114 3.2194 3.06688 74.1392 474.229
212.566 65.1171 3.14431 3.00808 233.096 555.582
207.606 58.6097 3.0554 2.9728 46.003 672.89
227.731 58.9601 3.22417 3.07976 90.3803 553.178
225.482 58.2747 3.27083 3.04403 40.0822 487.517
228.869 57.9128 3.25003 3.11053 30.764 670.633
229.75 56.9811 3.2513 3.11758 23.7744 775.52
212.138 64.8735 3.11482 2.9079 221.993 546.794
210.428 68.6408 3.10357 2.9063 134.902 939.071
226.879 56.1146 3.23208 2.81899 32.6393 720.762
228.385 55.3279 3.23225 2.81468 16.9258 848.124
218.842 64.7774 3.14966 2.95743 261.225 425.039
227.653 56.4191 3.17469 2.69291 41.313 725.715
211.063 63.7323 3.17851 3.01862 132.779 499.431
211.14 63.4057 3.15093 2.903 85.8459 476.373
210.867 64.709 3.13776 2.93602 100.726 575.265
210.853 64.7716 3.14548 2.98659 73.6312 580.516
210.847 64.8338 3.1555 2.99651 62.4489 585.517
210.819 64.8857 3.19917 2.81652 50.2734 590.506
210.44 64.87 3.13031 2.94147 67.2962 602.362
210.174 64.8537 3.13588 2.90275 127.396 610.532
210.917 64.5498 3.1583 3.00693 112.438 561.554
210.901 64.613 3.14793 2.97412 109.801 566.844
211.172 64.6917 3.14686 2.97853 98.9609 563.386
217.507 60.403 3.12099 2.95149 206.413 88.8205
216.296 60.3923 3.0648 2.94977 277.83 144.069
216.716 60.1205 2.82007 2.59194 493.492 142.241
215.271 60.5805 3.15424 3.04583 288.598 189.563
216.679 60.2805 3.01227 2.94225 175.48 132.568
216.749 60.4427 3.05112 3.04396 174.683 119.474
217.277 60.2474 3.03489 2.88068 218.769 110.144
216.976 61.3836 3.25859 3.03494 229.627 101.914
218.049 60.1785 2.99716 2.70679 256.407 93.7963
216.031 60.2361 2.93561 2.80492 240.758 165.333
219.217 60.1294 3.01883 2.68231 335.322 97.9868
216.221 60.072 2.65722 2.39654 491.717 166.842
216.546 61.2275 3.31069 3.07533 123.19 117.746
212.567 65.1173 3.14632 3.01717 32.9748 555.591
212.57 65.1176 3.14612 3.01886 33.6213 555.54
