# evlo=216.187698 evla=61.4417
194.627 64.5646 3.08612 2.81376 92.825 1140.05
217.908 60.4896 3.26378 3.19108 206.295 141.211
217.654 61.036 3.21929 3.07259 89.5746 90.784
217.507 60.403 3.13849 3.03885 138.734 136.066
218.338 61.0595 3.29264 3.07595 172.612 123.019
220.363 59.9534 3.18123 3.04455 227.125 281.897
216.3 60.3932 3.07495 2.98337 206.87 116.99
225.144 58.5792 3.26556 2.91796 93.7335 591.961
216.716 60.1205 2.81101 2.61995 270.969 150
209.013 64.0997 3.12501 2.82672 268.886 470.744
209.094 59.7511 3.2216 3.12312 138.144 431.635
209.259 59.7417 3.20623 3.09343 153.638 424.053
210.701 64.1732 3.15048 2.93645 168.592 413.256
207.916 63.4188 3.12592 2.88453 84.1724 480.302
212.195 64.6453 3.18106 3.01773 91.78 410.094
204.378 55.8218 3.04466 2.61209 52.3822 926.207
207.685 63.8827 3.11462 2.83455 330.944 513.173
209.796 67.2269 3.08382 2.68546 96.2989 714.298
216.907 60.7523 3.22483 3.11297 145.377 86.0715
218.66 60.9649 3.29289 3.15002 168.027 143.124
209.738 62.4058 3.25695 3.06708 194.396 355.274
217.513 60.0823 2.94646 2.70621 309.657 167.805
212.624 63.0753 3.15391 2.93635 284.963 259.594
214.225 61.1292 3.26751 3.33054 304.906 110.844
215.93 63.6482 3.11608 2.97565 401.671 246.28
214.25 60.5487 3.03636 3.08256 597.828 144.547
213.401 60.7277 3.18241 3.12152 395.096 170.096
214.766 66.5657 3.14538 2.93902 134.55 575.39
188.296 63.7758 3.05053 2.64084 34.4958 1443.47
203.121 64.7461 3.11383 2.85691 197.708 753.819
211.074 61.771 3.27097 2.95552 168.2 273.796
212.904 60.8792 3.26161 3.19406 291.175 187.529
215.271 60.5805 3.08171 2.85351 244.597 108.018
216.679 60.2805 3.00322 2.72824 225.49 132.114
218.244 60.7315 3.25419 3.11485 158.509 136.287
213.497 60.396 3.00702 3.04601 513.745 186.76
215.738 60.3351 3.05423 2.87368 360.553 125.702
217.659 60.6024 3.25124 3.17789 200.441 122.789
215.581 59.9268 2.64343 2.37512 283.494 172.017
216.749 60.4427 3.09015 2.97036 326.395 115.399
217.639 60.9231 3.27871 3.47033 183.362 97.1535
214.077 61.4924 3.26496 3.08441 154.441 112.645
211.542 61.4131 3.22222 2.98326 159.716 247.977
209.077 63.5527 3.12004 2.84065 296.618 435.169
217.277 60.2474 3.03662 2.8252 248.545 145.648
218.995 60.824 3.29845 3.18814 258.595 166.177
211.063 63.7318 3.14843 2.93246 170.453 366.551
211.768 64.9602 3.18895 3.02316 79.2445 450.623
218.049 60.1785 3.0973 2.98616 223.826 173.424
210.931 64.5928 3.10134 2.80514 72.4865 440.428
216.031 60.2361 2.93499 2.60926 244.919 134.606
214.53 62.9699 3.29956 3.1999 274.743 190.904
220.599 59.667 3.13542 2.95961 168.967 312.4
214.475 65.5174 3.16454 2.98208 150.919 462.216
207.811 62.8962 3.19761 2.93957 122.435 465.225
215.323 60.3863 3.05386 2.95228 265.859 126.616
218.652 60.2994 3.20573 3.08937 94.3002 184.714
211.14 63.4056 3.13429 2.83421 352.507 340.326
219.217 60.1294 3.15188 3.06177 128.09 220.446
211.668 61.807 3.28868 2.97303 180.018 243.094
212.671 61.832 3.27987 3.08928 261.101 191.438
216.01 63.9761 3.12097 2.97356 351.643 282.623
214.792 60.5341 3.03018 3.02689 313.956 126.235
205.816 56.5593 3.27197 2.95764 67.7229 805.259
217.161 60.1791 2.96767 2.70404 394.986 150.33
210.547 60.1043 3.22383 3.1613 239.166 341.427
218.856 60.4399 3.26705 3.27271 335.617 182.673
217.171 60.7541 3.25415 3.00609 207.417 93.1789
192.073 65.5598 3.11163 2.77755 96.5769 1275.91
209.711 63.4502 3.12914 2.85576 359.243 402.132
211.449 62.8295 3.12058 2.77802 222.243 291.483
211.415 62.9628 3.11914 2.78198 202.222 300.656
212.058 62.8349 3.10978 2.7412 278.85 265.459
211.771 63.0624 3.12812 2.80371 257.079 291.943
217.147 60.448 3.09612 2.91267 273.632 122.325
218.249 60.3583 3.22089 3.10371 155.484 164.578
197.761 64.6379 3.08978 2.81672 55.3644 993.792
200.087 64.937 3.09879 2.84557 74.6933 895.97
201.637 65.1527 3.10331 2.84639 110.875 836.117
203.551 65.5276 3.10618 2.86361 83.9111 774.922
205.119 65.4924 3.10149 2.83017 150.98 711.372
207.195 65.6571 3.10097 2.86111 105.329 647.444
208.623 65.8937 3.11524 2.93432 77.8195 620.871
210.457 65.8251 3.05824 2.76557 68.1635 564.7
214.18 66.267 3.11738 2.82771 32.9517 546.814
214.181 66.267 3.11815 2.8156 49.3536 546.805
218.473 66.2305 3.10911 2.95909 123.752 545.462
221.631 66.2191 3.12816 2.94965 124.253 595.669
225.657 65.8052 3.15104 2.98975 169.289 674.758
214.843 62.3987 3.14324 2.84154 241.29 127.915
199.305 63.8864 3.15378 2.77941 41.2936 904.073
205.522 64.7962 3.11569 2.85651 118.049 654.088
208.018 65.18 3.08948 2.80693 132.472 583.438
210.64 65.1479 3.12789 2.97906 105.938 497.712
216.846 65.3064 3.13899 2.96364 233.084 432.038
218.385 65.6035 3.11559 2.92721 125.679 476.55
220.064 65.4483 3.14388 2.97437 101.65 486.491
221.694 65.3609 3.15135 2.9912 227.975 515.886
223.623 65.2225 3.16931 3.02993 228.866 561.743
200.922 63.3965 3.14619 2.93053 32.5482 816.192
203.285 63.465 3.17703 2.74064 48.8908 701.728
204.379 63.994 3.08779 2.76196 67.6295 666.47
205.853 64.1767 3.11446 2.85329 222.663 607.865
214.63 64.613 3.1577 2.93397 128.72 362.138
216.201 64.5654 3.13694 2.94791 31.869 348.173
216.436 64.5012 3.12741 2.99195 310.763 341.247
221.784 64.453 3.15299 2.99905 255.21 439.415
221.784 64.4525 3.15234 2.99709 188.512 439.354
223.67 64.5753 3.16377 3.02352 234.132 514.818
195.344 61.9331 3.13409 2.91724 16.9654 1099.92
198.469 62.2938 3.12921 3.21456 20.5856 934.287
201.699 62.7161 3.14163 2.83607 50.3291 768.715
205.93 63.3569 3.17019 2.85654 99.7851 570.984
214.222 63.8036 3.26645 3.12369 87.9035 281.893
217.924 64.0292 3.12838 2.98127 234.967 301.726
222.48 63.8433 3.17532 3.06373 485.02 418.973
197.317 61.3416 2.98254 2.52673 20.1589 1004.99
198.513 61.678 3.14338 2.86566 24.351 936.929
201.703 62.1344 3.14619 2.87243 48.3675 766.513
203.311 62.2195 3.15267 2.89497 51.0083 682.793
205.146 62.1816 3.17027 2.90325 77.9429 587.221
216.652 63.0254 3.09458 2.90298 157.158 178.146
218.173 63.0618 3.09952 2.96238 296.907 207.919
221.871 63.109 3.17516 3.05018 300.058 348.55
205.609 61.9037 3.17838 2.89321 78.2968 561.998
209.88 61.7531 3.26874 2.95101 75.7572 336.55
212.274 61.7929 3.28397 2.99753 176.901 211.271
217.004 62.4013 3.10612 2.82482 308.275 115.211
218.122 62.3579 3.11731 3.04945 539.125 144.091
221.538 62.4435 3.1904 3.03289 297.171 302.118
223.206 62.5763 3.19656 3.03444 316.147 388.565
225.609 62.2024 3.20057 3.13462 168.393 503.273
198.315 59.9237 3.15213 2.79131 31.9724 987.96
205.516 60.8132 3.11542 2.78883 42.4913 578.677
222.911 61.4593 3.16977 3.03527 197.657 358.491
224.22 61.4862 3.17302 3.01528 173.508 428.034
226.918 61.1512 3.17494 3.00352 173.236 575.439
202.905 59.7733 3.12548 2.67608 40.563 749.438
204.792 59.8542 3.02052 2.63285 57.02 647.06
205.68 60.1952 3.0535 2.7495 42.423 587.709
219.809 60.7718 3.23804 3.0231 132.438 209.048
221.424 60.3024 2.59778 2.47187 131.162 311.414
223.909 60.7704 3.15829 3.04889 81.1353 422.81
202.009 59.0314 3.07815 2.84188 40.9265 828.143
203.561 59.1953 3.01874 2.64991 28.0832 739.903
204.771 59.3922 3.00608 2.68684 59.7776 668.131
212.597 59.9979 2.98401 2.85062 349.213 253.506
227.183 60.2114 3.20112 3.10191 80.494 612.854
212.566 65.1171 3.07249 2.74123 134.228 448.012
204.991 58.6484 3.15813 2.87941 27.8854 695.992
207.606 58.6097 3.1562 3.05446 112.404 572.473
213.66 59.4296 2.5845 2.144 187.616 263.834
227.731 58.9601 3.2232 3.05823 41.3411 696.139
224.26 58.4133 3.2015 2.87865 63.8477 562.94
229.033 59.3946 3.22233 3.12673 54.6604 742.098
227.048 56.8144 3.2194 2.87981 52.5156 805.969
212.138 64.8735 3.21093 2.89781 123.696 433.364
226.879 56.1146 3.18787 2.74595 36.5911 855.122
228.385 55.3279 3.04349 2.83041 41.2947 983.423
211.063 63.7323 3.14857 2.9326 170.453 366.569
211.14 63.4057 3.1343 2.83422 352.507 340.328
217.908 60.4896 3.26378 3.19108 206.295 141.211
217.507 60.403 3.13849 3.03885 138.734 136.066
218.338 61.0595 3.29278 3.07609 172.612 123.024
216.296 60.3923 3.07734 2.98568 206.87 117.08
216.716 60.1205 2.81101 2.61995 270.969 150
215.271 60.5805 3.08171 2.85351 244.597 108.018
216.679 60.2805 3.00322 2.72824 225.49 132.114
218.244 60.7315 3.25419 3.11485 158.509 136.287
217.659 60.602 3.2517 3.17834 200.441 122.806
216.749 60.4427 3.09015 2.97036 326.395 115.399
217.639 60.9231 3.27842 3.47003 183.362 97.1449
217.277 60.2474 3.03662 2.8252 248.545 145.648
218.995 60.8241 3.29836 3.18805 258.595 166.173
218.049 60.1785 3.0973 2.98616 223.826 173.424
216.031 60.2361 2.93499 2.60926 244.919 134.606
218.652 60.2994 3.20573 3.08937 94.3002 184.714
219.217 60.1294 3.15188 3.06177 128.09 220.446
218.856 60.4399 3.26705 3.27271 335.617 182.673
212.567 65.1173 3.07219 2.74241 32.349 448.026
212.57 65.1176 3.07278 2.74384 31.9634 447.999
