# evlo=225.615204 evla=58.275799
217.507 60.403 3.12492 2.94681 44.0575 518.247
220.363 59.9534 3.27351 3.08722 162.857 354.027
209.013 64.0997 3.21146 3.04131 39.0313 1098.57
210.701 64.1732 3.21888 3.04481 42.3162 1031.95
212.195 64.6453 3.14099 3.05985 84.8494 1004.1
207.685 63.8827 3.05406 3.01654 44.5823 1145.85
209.796 67.2269 3.20179 3.07543 35.2536 1276.4
218.66 60.9649 3.2544 3.10391 34.2613 493.38
217.513 60.0823 2.95382 2.67553 114.807 504.662
212.624 63.0753 3.2185 3.05927 46.5772 886.258
215.93 63.6482 3.25198 3.11348 89.6138 794.329
214.766 66.5657 3.20817 3.10527 79.1653 1077.32
188.296 63.7758 3.02679 2.69201 22.8626 2074.4
203.121 64.7461 2.99071 2.74597 32.908 1386.63
215.271 60.5805 2.43926 1.8183 40.2151 639.942
218.244 60.7315 3.2655 3.06568 46.5168 498.667
213.052 64.4091 3.14568 3.09193 96.744 955.581
216.749 60.4427 3.11183 2.96904 35.0351 558.475
217.639 60.9231 3.27256 3.11307 100.719 537.827
197.4 66.8951 3.13521 2.89909 42.0543 1715.85
209.077 63.5527 3.1959 3.04635 32.6695 1067.93
218.995 60.824 3.27361 3.21039 43.0431 469.496
216.976 61.3836 3.26879 3.0846 58.1966 594.778
211.063 63.7318 3.2197 3.06934 87.8879 990.895
209.256 65.0304 3.17989 2.9073 40.2608 1142.1
214.53 62.9699 3.22764 3.08242 54.9818 799.274
219.747 60.0959 3.24482 3.06788 82.9168 391.741
220.599 59.667 3.28355 3.05617 175.297 327.432
214.475 65.5174 3.23155 3.08935 207.623 994.089
217.533 61.1871 3.25528 3.14073 57.7403 557.862
197.092 68.0541 3.08312 2.74044 22.1144 1776.61
215.154 63.7399 3.24629 3.09333 114.633 829.25
218.652 60.2994 3.14672 2.95178 103.176 456.087
211.14 63.4056 3.21201 3.02163 30.7223 969.231
216.01 63.9761 3.22772 3.02518 114.429 817.663
208.468 61.98 3.01601 2.76747 33.1553 1034.62
209.253 61.4636 2.81476 2.49791 32.7199 979.716
216.221 60.072 3.07639 2.60797 58.3984 572.654
218.856 60.4399 3.22806 3.05324 138.686 453.476
217.171 60.7541 3.39158 3.10616 45.2845 551.483
211.462 62.6812 3.15482 2.92447 17.853 917.205
211.152 62.8331 3.15344 2.93439 37.2492 938.865
217.147 60.448 3.28423 2.94445 45.7481 538.431
211.908 64.4716 3.07948 2.87965 71.2937 1003.05
218.249 60.3583 3.14751 2.93852 109.653 478.975
213.052 64.4091 3.14568 3.09193 96.744 955.581
214.222 63.8036 3.07966 2.77574 49.7019 868.546
217.924 64.0292 3.23264 3.10409 123.843 762.08
222.48 63.8433 3.22452 3.08046 318.884 642.883
216.652 63.0254 3.265 3.09953 111.861 720.158
218.173 63.0618 3.21942 2.89074 104.177 669.888
221.871 63.109 3.2298 3.14845 184.064 575.833
204.176 61.4907 2.98891 2.76988 15.1969 1246.29
205.609 61.9037 3.05909 2.67219 17.2174 1178.69
213.825 62.1067 3.07963 2.95799 39.0718 779.27
218.122 62.3579 3.27704 3.11479 99.5308 614.348
221.538 62.4435 3.24005 3.10103 190.947 515.783
223.206 62.5763 3.22664 3.07538 389.928 497.1
225.609 62.2024 3.2294 3.13796 405.524 437.487
222.911 61.4593 3.25883 3.16633 162.932 385.583
224.22 61.4862 3.23976 3.09817 545.136 366.079
226.918 61.1512 3.20274 3.03102 383.712 328.61
219.809 60.7718 3.22456 3.1725 63.3257 430.197
221.424 60.3024 3.39152 3.25913 73.4349 328.539
223.909 60.7704 3.26166 3.15304 257.278 294.178
222.262 59.6304 3.24406 2.94311 50.1263 244.933
223.04 60.1218 3.32735 3.29205 206.169 252.823
226.285 59.5898 3.20739 3.09515 535.837 151.371
227.183 60.2114 3.18643 3.05927 719.377 233.426
212.566 65.1171 3.22918 3.07641 48.868 1024.72
227.731 58.9601 3.15549 2.998 510.431 144.646
229.033 59.3946 3.15875 2.9812 527.359 233.372
223.768 57.9616 3.21183 3.02657 282.148 114.35
225.424 57.4688 3.18651 2.96717 312.692 90.5953
228.869 57.9128 3.253 3.25334 163.919 196.081
227.048 56.8144 3.27586 3.07363 269.865 183.964
212.138 64.8735 3.22491 3.08873 64.4109 1022.27
210.428 68.6408 3.13662 2.88795 83.1918 1373.17
226.879 56.1146 3.23876 3.00893 348.761 252.502
228.385 55.3279 3.24526 3.01305 192.483 369.242
227.653 56.4191 3.22135 3.04263 378.41 240.417
211.063 63.7323 3.21972 3.06936 87.8879 990.901
211.14 63.4057 3.21201 3.02163 30.7223 969.231
217.507 60.403 3.12492 2.94681 44.0575 518.247
215.271 60.5805 2.43926 1.8183 40.2151 639.942
218.244 60.7315 3.2655 3.06568 46.5168 498.667
216.749 60.4427 3.11183 2.96904 35.0351 558.475
217.639 60.9231 3.27261 3.11312 100.719 537.836
218.995 60.8241 3.27366 3.21043 43.0431 469.502
216.976 61.3836 3.26879 3.0846 58.1966 594.778
217.533 61.187 3.2552 3.14064 57.7403 557.847
218.652 60.2994 3.14672 2.95178 103.176 456.087
216.221 60.072 3.07639 2.60797 58.3984 572.654
218.856 60.4399 3.22806 3.05324 138.686 453.476
