# evlo=217.532806 evla=61.187099
221.171 59.4924 3.18412 3.0039 138.969 275.655
225.449 60.24 3.29502 3.46891 36.5384 444.575
194.627 64.5646 3.11782 2.8887 37.4967 1217.07
217.507 60.403 3.13799 2.80266 190.664 87.3802
220.363 59.9534 3.1601 3.02119 311.768 207.293
216.3 60.3932 3.04795 2.93041 360.919 111.065
216.716 60.1205 2.7589 2.48758 434.88 126.963
215.395 60.9677 3.24171 3.18089 352.884 117.951
209.013 64.0997 3.12775 2.89324 101.907 543.662
209.094 59.7511 3.14803 3.02023 68.4693 490.599
209.259 59.7417 3.14762 2.99577 77.4958 482.462
210.701 64.1732 3.15096 2.92351 119.376 482.491
207.916 63.4188 3.15435 2.82069 125.543 556.728
212.195 64.6453 3.1178 2.91213 328.65 470.999
204.378 55.8218 3.02224 2.6217 18.148 969.332
207.685 63.8827 3.14492 2.87364 156.421 588.377
209.796 67.2269 3.11337 2.89521 94.4816 769.783
217.513 60.0823 2.93926 2.59103 165.625 123.105
214.225 61.1292 3.26069 3.30773 242.421 178.179
215.93 63.6482 3.1129 2.93741 264.463 286.502
214.25 60.5487 3.05761 2.96606 577.533 191.997
213.401 60.7277 3.1443 3.13659 239.041 229.581
209.784 61.1426 3.2052 3.1079 89.4339 416.901
214.766 66.5657 3.13241 2.95985 137.996 614.656
188.296 63.7758 3.02182 2.68687 16.2136 1520.88
203.121 64.7461 3.13526 2.89538 65.8244 829.175
211.074 61.771 3.24888 2.94455 93.0339 350.136
212.904 60.8792 3.22721 3.19077 131.075 252.473
215.271 60.5805 3.13551 2.97194 402.252 140.196
216.679 60.2805 2.94427 2.58618 327.908 111.239
213.052 64.4091 3.12148 2.92271 359.843 425.497
213.497 60.396 3.02953 2.93928 418.619 236.79
215.738 60.3351 3.02542 2.82863 186.514 136.331
225.615 58.2758 3.25528 3.14073 57.7403 557.862
215.581 59.9268 2.55399 2.06472 110.777 176.567
216.749 60.4427 3.01905 2.85998 330.033 93.2698
197.4 66.8951 3.06526 2.74243 46.1586 1163.45
209.077 63.5527 3.1538 2.89581 136.459 510.389
217.277 60.2474 3.02903 2.8415 312.439 105.635
218.995 60.824 3.28515 3.11995 126.899 88.8552
211.768 64.9602 3.1217 2.90935 376.689 511.201
218.049 60.1785 3.02861 2.73889 287.414 115.874
209.256 65.0304 3.09332 2.8219 105.495 597.536
210.931 64.5928 3.13143 2.94911 77.3546 506.311
216.031 60.2361 2.93504 2.72247 307.201 133.983
214.53 62.9699 3.15783 3.01822 426.7 253.133
219.747 60.0959 3.13031 3.01239 300.917 171.643
220.599 59.667 3.1163 2.92326 265.045 239.118
214.475 65.5174 3.15721 3.04322 241.01 506.225
207.811 62.8962 3.11677 2.75316 97.4443 542.567
211.667 60.8584 3.25659 3.06107 84.7633 319.177
215.323 60.3863 3.04714 2.91765 211.891 149.835
197.092 68.0541 3.07506 2.82136 25.5361 1232.04
215.154 63.7399 3.13472 2.94922 246.863 309.819
218.652 60.2994 3.15367 3.07041 242.364 116.235
219.217 60.1294 3.05382 2.98337 265.141 149.571
211.668 61.807 3.26982 2.9351 121.33 319.767
212.671 61.832 3.26157 2.92184 111.54 268.555
216.01 63.9761 3.11572 3.04119 317.186 320.532
214.792 60.5341 3.0624 2.86308 357.613 165.762
217.161 60.1791 2.96477 2.7088 319.902 114.136
216.221 60.072 2.70804 2.45918 477.451 143.497
210.547 60.1043 3.16191 3.12633 127.35 400.529
218.856 60.4399 3.18327 3.14589 150.58 110.066
192.073 65.5598 3.1244 2.85466 76.2201 1352.12
209.711 63.4502 3.15551 2.88365 142.887 477.133
211.449 62.8295 3.17038 2.82805 221.314 367.302
211.415 62.9628 3.16464 2.851 145.957 375.85
211.462 62.6812 3.15431 2.7628 91.5453 359.443
212.058 62.8349 3.15798 2.82489 140.741 340.363
211.771 63.0624 3.14139 2.69139 57.8784 365.948
212.26 62.5808 3.1381 2.75068 266.411 317.732
211.152 62.8331 3.17117 2.8305 215.564 381.009
217.147 60.448 3.09115 2.73517 205.219 84.9869
211.908 64.4716 3.12526 2.90025 139.609 464.62
218.249 60.3583 3.13786 2.9248 140.465 100.256
226.475 68.3065 3.15433 2.94381 128.786 898.69
207.417 57.7828 3.03253 2.95289 124.778 686.2
212.138 64.8736 3.12046 2.90834 650.098 492.99
198.929 70.2043 2.92727 2.55243 45.5502 1308.65
203.383 71.3221 2.90342 2.50658 109.386 1289.46
234.753 71.9871 3.15156 2.89961 84.9512 1414.53
198.198 69.3641 2.98687 2.71222 71.7691 1272.33
202.84 70.0079 2.92178 2.47565 48.3044 1187.55
206.58 70.34 2.91235 2.53126 66.894 1133.29
196.822 68.4753 2.95989 2.71549 23.7522 1264.66
198.806 68.6483 3.04952 2.79823 54.3036 1206.36
205.217 69.1565 3.02217 2.71791 82.3183 1055.29
211.299 69.72 3.04764 2.80006 52.7504 993.119
215.088 69.9175 3.06906 2.8635 33.5646 979.77
216.289 69.626 3.09322 2.92459 52.3873 942.64
235.93 69.3475 3.1859 2.96214 90.7071 1241.77
196.917 67.6988 3.09227 2.83932 36.0416 1220.26
201.885 68.4946 3.06853 2.85409 71.1219 1096.12
203.387 68.7132 3.06889 2.832 67.8484 1067.6
207.318 68.8799 3.14555 2.82025 70.2774 980.609
209.319 68.9656 3.05245 2.79391 68.3952 947.506
213.625 69.322 3.08113 2.91701 122.771 924.736
219.035 69.243 3.14702 2.97478 72.0256 900.868
221.263 69.3286 3.12453 2.93154 100.114 923.895
198.174 67.082 3.09992 2.83054 48.0196 1141.48
202.768 67.4572 3.08432 2.81295 25.5234 994.572
203.811 68.2575 3.08294 2.86031 73.9341 1019.6
206.028 68.4414 3.10353 2.88556 78.7497 972.708
208.187 68.1343 3.10178 2.88357 77.0165 891.828
210.384 68.0584 3.11549 2.91836 116.564 837.661
211.513 68.0748 3.2104 2.93514 70.8711 819.164
214.432 68.1207 3.08396 2.88426 136.084 786.828
218.405 68.1861 3.14352 2.98495 98.9981 781.387
220.465 68.6043 3.14563 2.94735 151.604 838.286
222.103 68.3889 3.12986 2.94194 50.7005 831.25
223.281 66.3701 3.16538 2.97873 140.398 642.956
193.671 65.4742 3.11974 2.8327 54.6823 1277.66
195.352 65.7077 3.1235 2.87511 20.2879 1207.62
200.349 66.6001 3.1064 2.83387 43.6274 1032.03
202.227 66.8332 3.11655 2.9007 27.0339 973.544
204.275 67.0486 3.10261 2.92623 20.1065 915.305
206.517 67.2221 3.10424 2.88658 105.036 857.067
207.821 67.5076 3.1117 2.89484 126.373 844.502
212.113 67.5187 3.11807 2.94641 73.8155 752.187
214.357 67.5933 3.10443 2.92931 109.223 730.193
220.128 67.6136 3.14467 2.96264 180.702 727.138
224.214 67.6106 3.0877 2.81227 32.7442 784.235
226.258 67.441 3.1556 2.95853 113.513 813.345
195.961 64.9941 3.13771 3.04456 16.8239 1162.27
197.645 65.3936 3.12343 2.91807 26.6409 1096.19
201.346 65.895 3.11445 2.78831 33.1552 956.676
202.913 66.1434 3.10661 2.84708 66.061 907.027
206.494 66.5156 3.09149 2.83498 72.044 802.552
208.493 66.9214 3.1113 2.88605 118.463 775.24
209.976 66.7108 3.10987 2.87367 167.829 717.483
212.525 66.7004 3.11935 2.94168 126.638 661.338
213.899 66.7653 3.10194 2.86397 78.6845 646.535
216.215 66.9498 3.12946 3.04085 71.0005 645.588
218.345 66.8088 3.13766 2.95592 147.336 627.935
221.978 66.9116 3.13286 2.95617 115.747 673.663
223.778 66.9808 3.15671 2.97319 66.8602 713.319
225.729 66.9227 3.1565 2.98294 89.1686 752.988
197.761 64.6379 3.11735 2.84451 33.5432 1070.52
200.087 64.937 3.12162 2.92067 17.793 971.899
201.637 65.1527 3.12146 2.86399 42.0739 911.134
203.551 65.5276 3.10569 2.84604 34.1363 847.881
205.119 65.4924 3.09984 2.82898 60.4452 783.119
207.195 65.6571 3.11608 2.92956 70.4562 715.865
208.623 65.8937 3.08883 2.82077 80.6387 685.459
210.457 65.8251 3.11126 2.89077 199.941 624.831
212.122 65.8371 3.14321 2.92796 139.886 583.665
214.18 66.267 3.12141 2.93554 30.5326 589.791
214.181 66.267 3.12126 2.93307 54.0461 589.777
218.473 66.2305 3.13506 2.94448 159.846 564.104
221.631 66.2191 3.14323 2.97109 119.025 596.11
225.657 65.8052 3.16351 3.00479 127.397 653.752
214.843 62.3987 2.98561 2.57012 92.3015 195.836
213.052 64.4091 3.12148 2.92271 359.843 425.497
205.522 64.7962 3.12597 2.88431 44.8619 727.916
208.018 65.18 3.09324 2.81328 104.953 652.716
216.846 65.3064 3.16019 3.05525 141.996 460.447
218.385 65.6035 3.13939 2.94803 198.025 494.112
220.064 65.4483 3.15191 2.99362 170.601 491.539
221.694 65.3609 3.17642 3.02123 186.945 509.712
223.623 65.2225 3.18196 3.00603 147.619 543.76
196.446 62.7492 3.07285 2.78153 22.4121 1114.48
199.398 63.2842 3.10039 2.78877 39.6159 967.826
200.922 63.3965 3.10345 2.79348 38.0569 893.618
203.285 63.465 3.10787 2.78985 38.047 779.043
204.379 63.994 3.13007 2.81631 36.328 742.962
205.853 64.1767 3.14051 2.87239 96.5642 683.357
214.63 64.613 3.14367 2.98849 184.17 409.274
216.201 64.5654 3.13209 2.99027 23.6242 382.572
216.436 64.5012 3.13318 3.04328 147.066 373.57
221.784 64.453 3.17472 2.99731 166.432 423.454
221.784 64.4525 3.17271 3.01018 162.488 423.392
223.67 64.5753 3.16832 3.0076 137.624 489.57
195.344 61.9331 3.06824 2.70033 19.5409 1176.49
201.699 62.7161 2.99161 2.80122 17.1748 845.992
205.93 63.3569 3.12166 2.77848 92.1503 648.111
214.222 63.8036 3.1488 2.93577 241.306 337.794
217.924 64.0292 3.14183 2.94006 279.395 317.402
222.48 63.8433 3.18474 3.02527 214.75 390.395
197.317 61.3416 3.04718 2.67366 18.0745 1080.52
198.513 61.678 3.06251 2.79098 34.4016 1012.93
200.525 61.7105 3.02947 2.60783 26.5933 906.492
201.703 62.1344 3.06579 2.78308 43.4552 843.131
203.311 62.2195 3.06706 2.79589 46.0267 759.563
205.146 62.1816 3.06258 2.78355 110.853 663.998
206.12 62.4787 3.08454 2.746 57.0411 617.369
216.652 63.0254 3.09268 3.05791 209.867 209.965
218.173 63.0618 3.12635 2.94473 466.74 211.578
221.871 63.109 3.18783 3.15571 209.589 311.406
201.041 61.0224 3.119 2.5327 17.0569 887.237
205.609 61.9037 3.13872 2.62692 64.256 638.187
212.274 61.7929 3.24997 2.89424 100.741 288.089
213.825 62.1067 2.99539 2.40882 212.955 221.597
217.004 62.4013 3.17047 3.00921 200.681 138.161
218.122 62.3579 3.13832 2.88976 356.822 134.13
221.538 62.4435 3.17248 3.03749 307.077 253.257
223.206 62.5763 3.16342 3.01392 369.513 336.051
225.609 62.2024 3.1608 3.00299 308.446 441.823
215.402 61.6061 3.27194 3.09971 176.208 123.058
222.911 61.4593 3.11847 3.06083 55.3551 289.575
224.22 61.4862 3.12759 3.00366 69.453 359.401
226.918 61.1512 3.17548 3.05381 69.9654 504.7
198.736 59.2533 3.08497 2.74335 19.6348 1059.97
201.907 59.5938 3.06927 2.69718 28.8577 877.475
202.905 59.7733 3.07447 2.79612 26.1927 817.8
204.792 59.8542 2.93975 2.64104 37.2987 714.093
207.376 60.0815 3.00933 2.56669 30.3059 568.724
219.809 60.7718 3.20768 2.96714 41.0952 131.652
221.424 60.3024 3.21251 3.04923 72.9177 233.983
223.909 60.7704 3.18893 3.02011 116.491 348.217
206.768 59.6524 3.09225 2.9442 29.6369 616.395
212.597 59.9979 2.96352 2.81481 262.61 301.093
223.04 60.1218 3.20362 3.11214 73.7153 323.642
226.285 59.5898 3.22299 3.06812 46.3067 513.934
227.183 60.2114 3.21613 3.04796 70.1149 537.621
212.566 65.1171 3.14046 2.91764 193.832 504.203
204.113 58.2637 2.98701 2.66692 16.8644 820.326
204.991 58.6484 3.0694 2.67791 20.1644 754.914
207.606 58.6097 3.08237 2.9826 73.0727 624.562
213.66 59.4296 2.58561 2.19859 227.905 290.044
227.731 58.9601 3.21696 3.04685 50.1656 618.789
203.613 57.6397 3.02646 2.62462 17.8762 881.356
229.033 59.3946 3.21012 3.04794 38.0391 665.649
229.75 56.9811 3.24414 3.14535 25.0673 840.706
212.138 64.8735 3.12131 2.90963 406.348 492.987
210.428 68.6408 3.09139 2.88991 142.432 895.097
228.385 55.3279 2.9105 2.72732 26.23 909.833
218.842 64.7774 3.15683 2.9611 405.861 405.624
218.594 60.1556 3.07016 2.83469 94.4099 128.742
218.628 60.118 3.02177 2.79892 83.0525 133.34
218.565 60.2325 3.53177 2.90919 211.499 120.366
218.674 60.1912 3.08626 2.9265 61.4071 127.293
218.614 60.172 3.08427 2.87702 135.156 127.612
218.575 60.2274 3.53354 2.91292 36.6311 121.13
218.547 60.1369 2.89606 2.74498 402.251 129.489
218.545 60.2663 3.11659 2.92992 78.7083 116.529
218.45 60.2235 3.08272 2.90145 100.554 118.478
218.556 60.2275 3.53615 2.88535 74.8024 120.629
218.652 60.1592 3.08069 2.88731 117.426 129.846
218.546 60.2176 3.1003 2.87568 117.274 121.362
218.626 60.2469 3.13873 2.97994 98.6449 120.559
218.627 60.1298 2.89452 2.71163 25.9496 132.137
210.176 67.8516 3.11853 2.90671 112.125 821.394
209.736 66.2066 3.11378 2.8953 128.695 678.476
210.418 68.0789 3.11353 2.92191 102.846 839.033
211.301 69.7162 3.04875 2.79748 37.0885 992.689
209.329 66.7192 3.11445 2.89161 136.696 734.895
198.722 65.4015 3.11635 2.89737 44.2882 1048.57
211.164 69.0223 3.06374 2.81403 49.4812 922.241
211.489 65.5114 3.11447 2.87612 174.842 568.578
194.662 64.5695 3.11107 2.83969 22.8337 1215.48
211.554 70.2036 3.03229 2.76433 56.8343 1041
211.306 69.424 3.05645 2.80281 83.171 962.016
210.41 68.6274 3.09086 2.88092 96.8391 894.053
209.89 67.3812 3.11517 2.92054 46.0978 782.194
210.457 65.825 3.11083 2.89061 212.728 624.813
210.84 64.6544 3.11873 2.86412 64.4889 514.234
210.853 64.7716 3.12889 2.89497 76.7175 523.231
210.847 64.8338 3.15238 3.08093 53.024 528.505
210.819 64.8857 3.17043 3.12629 71.1416 533.675
210.782 64.5716 3.11308 2.92035 44.0791 509.659
210.901 64.613 3.10662 2.87564 79.2123 508.918
211.172 64.6917 3.12816 2.92652 70.764 506.373
217.507 60.403 3.13799 2.80266 190.664 87.3802
216.296 60.3923 3.05323 2.93549 360.919 111.258
216.716 60.1205 2.7589 2.48758 434.88 126.963
215.271 60.5805 3.13551 2.97194 402.252 140.196
216.679 60.2805 2.94427 2.58618 327.908 111.239
216.749 60.4427 3.01905 2.85998 330.033 93.2698
217.277 60.2474 3.02903 2.8415 312.439 105.635
218.995 60.8241 3.28496 3.11977 126.899 88.8501
218.049 60.1785 3.02861 2.73889 287.414 115.874
216.031 60.2361 2.93504 2.72247 307.201 133.983
218.652 60.2994 3.15367 3.07041 242.364 116.235
219.217 60.1294 3.05382 2.98337 265.141 149.571
216.221 60.072 2.70804 2.45918 477.451 143.497
218.856 60.4399 3.18327 3.14589 150.58 110.066
220.454 59.9722 3.16657 3.03184 46.1882 209.664
210.813 60.8045 3.22482 3.04725 63.4349 365.975
209.81 60.4601 2.83765 2.74939 33.6051 427.647
