# evlo=209.387405 evla=69.835999
217.908 60.4896 3.06971 2.6322 42.1671 1113.54
217.654 61.036 3.05631 2.60274 75.4893 1051.29
220.363 59.9534 3.07334 2.67476 99.3741 1213.95
225.144 58.5792 3.0776 2.77624 81.5075 1459.9
209.013 64.0997 2.88345 2.44337 99.4602 639.922
210.701 64.1732 2.84263 2.37968 87.8058 634.077
213.052 64.4091 2.87446 2.46489 86.3578 625.494
217.659 60.6024 3.06228 2.60946 76.5019 1097.52
216.749 60.4427 2.97419 2.5885 40.6605 1100.92
217.639 60.9231 3.05955 2.60385 96.8404 1063.05
218.995 60.824 3.05947 2.6279 71.8648 1096.97
216.976 61.3836 2.98473 2.70193 61.0888 1003.47
211.14 63.4056 2.86572 2.42943 64.7025 721.204
219.217 60.1294 3.05894 2.6467 49.2828 1174.06
218.856 60.4399 3.07462 2.71938 30.9561 1134.87
216.546 61.2275 2.96202 2.53804 43.8502 1013.66
203.383 71.3221 2.81504 2.37766 154.992 277.631
205.026 71.0033 2.79475 2.3791 148.978 208.713
198.198 69.3641 2.30534 1.5776 45.3169 437.986
206.58 70.34 2.78597 2.50256 103.862 120.626
194.656 68.2746 2.36389 1.74784 41.8816 611.439
196.822 68.4753 2.30084 1.67097 30.4381 520.66
200.413 69.1049 2.19737 1.51304 43.0057 360.379
207.318 68.8799 2.25305 1.57677 109.785 134.187
206.028 68.4414 2.37948 1.71992 83.9703 204.984
208.187 68.1343 2.43477 1.79009 252.823 195.805
210.384 68.0584 2.53127 1.91597 87.0452 202.267
211.513 68.0748 2.57221 1.88113 184.137 214.119
214.432 68.1207 2.79807 2.24981 174.482 278.102
218.405 68.1861 2.9368 2.58006 136.752 404.336
220.465 68.6043 2.96693 2.53051 79.94 459.048
222.103 68.3889 2.9909 2.59226 47.9404 530.135
202.227 66.8332 2.69119 2.18454 53.9699 445.847
207.821 67.5076 2.57208 1.96322 178.178 267.374
212.113 67.5187 2.6767 2.0378 219.033 281.103
214.357 67.5933 2.76892 2.22944 267.734 320.963
215.855 67.6946 2.85155 2.37235 113.091 353.854
224.214 67.6106 2.97659 2.57706 26.2834 647.856
226.258 67.441 3.00527 2.70809 29.3068 733.284
201.346 65.895 2.78477 2.29747 36.0585 553.715
206.494 66.5156 2.72879 2.23539 139.491 389.225
208.493 66.9214 2.6743 2.11954 272.869 327.164
209.976 66.7108 2.72144 2.16126 139.093 349.426
212.525 66.7004 2.77325 2.23111 220.606 372.894
213.899 66.7653 2.78977 2.26008 148.627 389.623
216.215 66.9498 2.83176 2.34741 260.67 426.632
218.345 66.8088 2.84669 2.38864 104.06 499.596
225.729 66.9227 2.99149 2.64162 30.8109 743.572
205.119 65.4924 2.81821 2.37336 114.938 516.886
207.195 65.6571 2.78528 2.28883 206.906 475.132
208.623 65.8937 2.77632 2.27891 190.392 440.865
210.457 65.8251 2.79697 2.29222 98.6344 449.592
214.18 66.267 2.80697 2.30291 66.989 445.185
214.181 66.267 2.95575 2.29148 110.781 445.204
218.473 66.2305 2.9433 2.45348 95.6834 551.831
221.631 66.2191 2.98955 2.7333 19.6548 649.442
214.843 62.3987 2.98469 2.49825 26.8945 864.372
213.052 64.4091 2.87446 2.46489 86.3578 625.494
208.018 65.18 2.82236 2.34997 252.615 522.527
216.846 65.3064 2.87115 2.43518 104.595 595.85
218.385 65.6035 2.90113 2.46053 189.759 605.283
220.064 65.4483 2.91928 2.58027 96.0886 665.338
223.623 65.2225 3.07637 2.68565 34.6918 792.735
199.398 63.2842 2.91465 2.52878 27.0095 852.37
203.285 63.465 2.92961 2.59536 74.3743 759.166
214.63 64.613 2.89225 2.50643 66.565 624.472
216.436 64.5012 2.92669 2.60838 122.954 667.758
221.784 64.453 2.97347 2.72359 69.0383 802.861
221.784 64.4525 3.06451 2.72028 54.1582 802.889
223.67 64.5753 2.96989 2.58503 41.7633 848.116
205.93 63.3569 2.91463 2.54934 122.803 738.311
217.924 64.0292 2.93681 2.54818 158.137 745.971
197.317 61.3416 2.91459 2.4893 25.1885 1094.23
198.513 61.678 2.94719 2.59479 22.7441 1033.75
203.311 62.2195 2.9423 2.60262 56.3944 891.834
206.12 62.4787 2.9255 2.53749 123.18 833.248
216.652 63.0254 2.95113 2.52168 113.808 824.474
218.173 63.0618 2.95312 2.50837 125.132 849.084
221.871 63.109 3.01462 2.68777 48.6678 930.16
196.65 60.4135 2.92145 2.50356 23.4827 1203.36
201.041 61.0224 3.04794 2.84424 37.271 1054.05
202.562 61.4009 2.95594 2.65204 48.5263 990.251
205.609 61.9037 2.94537 2.60159 60.214 900.715
206.868 61.8823 2.93193 2.53047 289.867 894.107
212.274 61.7929 2.93542 2.54343 53.4697 906.244
213.825 62.1067 2.9428 2.57409 17.3012 884.581
217.004 62.4013 2.96011 2.51706 94.3016 896.052
221.538 62.4435 3.00357 2.66026 184.239 986.293
223.206 62.5763 2.99569 2.72221 54.5218 1016.18
201.231 60.4742 3.03826 2.96841 36.5269 1109.38
204.11 60.6801 2.97455 2.65071 52.3874 1049.24
205.516 60.8132 2.96539 2.61638 116.492 1021.55
207.791 61.2001 2.93334 2.54174 100.473 965.638
215.402 61.6061 2.97292 2.47313 27.6688 957.167
222.911 61.4593 3.02755 2.70695 111.421 1116.97
224.22 61.4862 3.01501 2.7493 72.3823 1147.79
226.918 61.1512 3.04247 2.81353 49.5103 1254.16
200.175 59.1767 2.95854 2.52874 19.0226 1264.77
204.792 59.8542 2.99086 2.6912 55.9292 1133.23
205.68 60.1952 2.98141 2.63655 126.76 1088.49
207.376 60.0815 2.97336 2.59344 151.466 1091.53
210.276 60.4814 2.96241 2.57943 36.6841 1043.78
219.809 60.7718 3.06591 2.6305 109.477 1117.85
221.424 60.3024 3.06941 2.65609 68.1011 1199.42
223.909 60.7704 2.98604 2.69948 72.6942 1209.9
202.009 59.0314 2.9977 2.72847 51.5333 1253.69
206.768 59.6524 3.11282 2.61212 107.488 1141.91
212.597 59.9979 2.99984 2.66407 18.1372 1106.93
222.262 59.6304 3.03752 2.7835 60.1858 1286.52
223.04 60.1218 3.03629 2.73885 251.504 1253.86
226.285 59.5898 3.07207 2.84278 45.6809 1387.53
227.183 60.2114 3.05305 2.78391 38.716 1351.24
204.991 58.6484 3.02644 2.70176 93.6003 1264.48
207.606 58.6097 2.96856 2.56563 102.97 1254.34
227.731 58.9601 3.07159 2.74579 30.9794 1488.11
203.613 57.6397 3.00456 2.62217 36.884 1387.62
205.548 57.5665 3.01824 2.69085 59.7425 1380.13
224.26 58.4133 3.17079 2.77607 87.1363 1456.05
225.482 58.2747 3.04058 2.74058 42.2652 1498.94
223.768 57.9616 3.06185 2.75616 110.023 1491.52
225.424 57.4688 3.08785 2.80501 87.6978 1579.81
228.869 57.9128 3.24935 2.95062 31.3781 1622.28
227.048 56.8144 3.1067 2.94106 35.5926 1685.64
229.75 56.9811 3.2324 2.89466 45.197 1738.76
226.879 56.1146 3.15589 2.85132 57.5826 1753.25
228.385 55.3279 3.12738 2.92448 20.7525 1870.59
218.842 64.7774 2.91266 2.51141 242.539 694.132
227.653 56.4191 3.23952 2.85138 45.9952 1740.89
211.14 63.4057 2.86569 2.42941 64.7025 721.198
218.547 60.1369 3.23791 2.93281 15.1051 1161.6
210.847 64.8338 2.89924 2.84109 47.7039 561.357
210.819 64.8857 2.88581 2.77315 57.7948 555.466
210.174 64.8537 2.84207 2.38848 139.11 556.675
210.069 64.7653 2.84494 2.40371 122.797 566.266
217.908 60.4896 3.06971 2.6322 42.1671 1113.54
217.659 60.602 3.06238 2.60955 76.5019 1097.55
216.749 60.4427 2.97419 2.5885 40.6605 1100.92
217.639 60.9231 3.05954 2.60384 96.8404 1063.05
218.995 60.8241 3.05944 2.62788 71.8648 1096.96
216.976 61.3836 2.98473 2.70193 61.0888 1003.47
219.217 60.1294 3.05894 2.6467 49.2828 1174.06
218.856 60.4399 3.07462 2.71938 30.9561 1134.87
216.546 61.2275 2.96202 2.53804 43.8502 1013.66
