# evlo=207.317902 evla=68.879898
217.654 61.036 3.14684 2.84924 43.2513 998.632
217.507 60.403 3.1515 3.04071 26.0552 1060.03
220.363 59.9534 3.08502 2.85389 103.025 1171.77
225.144 58.5792 3.1106 2.79238 20.3655 1435.71
216.716 60.1205 3.12056 2.91091 24.2797 1073.11
215.395 60.9677 3.04515 2.76888 70.7 959.459
209.013 64.0997 3.01203 2.7465 85.5414 538.324
209.094 59.7511 2.922 2.47735 165.988 1021.2
209.259 59.7417 2.91972 2.47988 141.679 1022.92
210.701 64.1732 2.98073 2.64134 135.903 545.795
208.846 60.7683 2.98027 2.65451 53.8098 907.188
207.916 63.4188 3.01861 2.71226 265.163 609.552
212.195 64.6453 3.01342 2.74917 62.8873 518.417
204.378 55.8218 3.16744 2.73314 82.5721 1462.84
207.685 63.8827 3.0122 2.71855 250.658 557.489
208.763 59.5251 2.97031 2.63864 35.8248 1045.15
209.796 67.2269 2.91617 2.57888 243.942 211.351
216.907 60.7523 3.13859 2.75613 24.6694 1011.48
218.66 60.9649 3.08096 2.87736 97.0538 1029.16
209.738 62.4058 3.04668 2.86528 39.7154 730.273
213.401 60.7277 3.05725 2.74261 59.8602 952.633
218.244 60.7315 3.07886 2.85906 59.5264 1042.86
213.052 64.4091 3.01588 2.74885 159.082 558.891
217.659 60.6024 3.15416 2.86079 32.9032 1042.89
217.639 60.9231 3.15425 2.85747 116.203 1009.77
218.995 60.824 3.07965 2.87636 69.6582 1051.31
216.976 61.3836 3.06196 2.81999 93.3128 948.317
211.063 63.7318 2.98297 2.64636 218.742 597.876
218.049 60.1785 3.13712 2.84772 40.7931 1094.77
217.533 61.1871 3.14555 2.82025 70.2774 980.609
218.652 60.2994 3.08166 2.8696 44.2518 1095.97
211.14 63.4056 2.98913 2.66949 223.884 634.055
219.217 60.1294 3.13953 2.84882 37.7172 1126.31
218.856 60.4399 3.08302 2.88412 52.1091 1086.49
216.546 61.2275 3.06342 2.64302 33.7419 955.067
212.138 64.8736 3.00893 2.76137 116.985 493.898
203.383 71.3221 2.49979 1.86762 147.443 310.662
205.026 71.0033 2.44465 1.84222 67.2229 252.585
206.58 70.34 2.30696 1.6725 240.641 165.388
198.806 68.6483 2.81695 2.36815 21.4327 344.911
200.413 69.1049 2.5527 2.1533 46.7096 277.367
209.387 69.836 2.25305 1.57677 109.785 134.187
235.93 69.3475 2.8871 2.60999 35.2274 1129.65
211.177 69.1532 2.2575 1.62165 57.6318 157.231
213.625 69.322 2.52234 1.99879 43.0688 255.86
208.187 68.1343 2.74556 2.27085 251.312 90.4401
210.384 68.0584 2.80617 2.37265 184.62 155.457
211.513 68.0748 2.76528 2.39812 82.223 193.829
218.405 68.1861 2.8735 2.61278 48.7397 458.893
220.465 68.6043 2.85853 2.56542 53.9379 532.044
222.103 68.3889 2.90208 2.606 48.5501 602.382
223.281 66.3701 2.94819 2.66047 46.9475 731.197
198.75 66.442 3.07009 3.24601 37.7073 453.351
202.227 66.8332 2.93183 2.5631 70.7839 312.858
204.275 67.0486 2.92345 2.54843 107.681 240.698
206.517 67.2221 2.90616 2.55735 306.138 187.897
207.821 67.5076 2.85394 2.49602 354.264 154.478
212.113 67.5187 2.88039 2.47299 97.3694 250.038
214.357 67.5933 2.87563 2.56928 85.8198 324.548
220.128 67.6136 2.91196 2.68907 38.1166 547.409
226.258 67.441 2.94699 2.63002 30.4831 799.399
197.645 65.3936 3.03723 2.82858 36.7218 570.844
201.346 65.895 3.00222 2.66358 93.0581 419.773
202.913 66.1434 2.99389 2.67556 125.179 358.311
206.494 66.5156 2.9558 2.65968 293.774 265.986
208.493 66.9214 2.92715 2.59991 307.157 223.933
209.976 66.7108 2.98002 2.69761 147.014 266.6
212.525 66.7004 2.96224 2.68538 188.442 327.459
213.899 66.7653 2.94238 2.60828 77.2973 363.723
216.215 66.9498 2.90989 2.65562 115.731 430.494
218.345 66.8088 2.94648 2.75681 36.3942 517.579
221.978 66.9116 2.93101 2.67333 50.3721 651.906
223.778 66.9808 2.91757 2.61681 55.4154 719.7
197.761 64.6379 3.1178 3.10911 46.2607 631.884
200.087 64.937 3.01132 2.69693 68.7895 541.078
201.637 65.1527 3.01603 2.67176 62.0254 483.405
203.551 65.5276 2.99867 2.70174 78.3218 407.655
205.119 65.4924 3.02897 2.79526 178.405 389.53
207.195 65.6571 2.99255 2.69325 251.888 359.463
208.623 65.8937 2.98044 2.68994 288.265 337.699
210.457 65.8251 2.99371 2.75009 114.608 366.326
212.122 65.8371 2.978 2.68198 189.903 396.966
218.473 66.2305 2.99407 2.84945 33.1359 558.606
214.843 62.3987 3.05246 2.79859 80.446 800.099
213.052 64.4091 3.01588 2.74885 159.082 558.891
199.305 63.8864 3.02672 2.69005 64.3847 661.026
205.522 64.7962 3.02857 2.75142 140.095 462.139
208.018 65.18 2.99724 2.71017 157.402 413.738
210.64 65.1479 3.00067 2.73474 128.961 440.518
216.846 65.3064 2.98931 2.65135 71.8912 573.509
220.064 65.4483 2.98289 2.68705 37.3353 669.888
221.694 65.3609 3.00617 2.73456 40.8705 734.467
223.623 65.2225 3.03445 2.88376 31.2952 814.985
199.398 63.2842 3.05196 2.77006 72.9775 718.323
203.285 63.465 3.06431 2.82894 98.3598 630.285
205.853 64.1767 3.04293 2.79659 102.517 528.465
214.63 64.613 3.01794 2.76457 176.434 573.881
216.436 64.5012 3.03032 2.75449 137.451 631.695
221.784 64.4525 3.09444 2.99721 43.9552 804.729
223.67 64.5753 3.0366 2.78909 52.3936 862.228
195.344 61.9331 3.05684 2.76611 25.9636 950.06
198.469 62.2938 3.07439 2.78016 38.3015 838.344
201.699 62.7161 3.04195 2.77107 52.5038 733.102
205.93 63.3569 3.05687 2.83244 141.118 619.008
214.222 63.8036 3.0259 2.7561 99.4481 644.155
217.924 64.0292 3.03081 2.72534 37.4134 716.611
197.317 61.3416 3.04168 2.66969 22.6405 960.165
198.513 61.678 3.06382 2.72869 56.8595 900.045
200.525 61.7105 3.06304 2.74712 56.5439 858.671
203.311 62.2195 3.06668 2.8556 45.7647 764.959
205.146 62.1816 3.05121 2.74609 91.7122 753.462
206.12 62.4787 3.06831 2.82166 121.018 715.832
216.652 63.0254 3.0645 2.82483 95.2575 776.918
218.173 63.0618 3.0653 2.81131 169.48 812.629
221.871 63.109 3.1557 2.81543 49.0228 918.151
199.312 60.6947 3.08765 2.81074 37.0601 986.867
202.562 61.4009 3.1032 2.96094 49.5754 862.578
204.176 61.4907 3.07155 2.83757 113.107 836.629
205.609 61.9037 3.0619 2.78152 105.653 781.8
206.868 61.8823 3.06294 2.85948 61.4093 780.489
209.88 61.7531 3.03833 2.75776 43.6104 803.359
212.274 61.7929 3.0477 2.75728 165.744 822.562
217.004 62.4013 3.06189 2.82564 100.955 846.756
218.122 62.3579 3.07255 2.84072 114.439 878.589
221.538 62.4435 3.09574 2.88814 49.9225 966.511
223.206 62.5763 3.08229 2.71496 31.1642 1007.14
198.315 59.9237 3.04318 2.67153 29.1492 1086.15
199.908 60.1686 3.08827 2.83344 36.847 1032.54
202.813 60.5269 3.08746 2.9803 30.5514 955.086
204.11 60.6801 3.07899 2.84059 86.4266 926.508
205.516 60.8132 3.08565 2.85517 110.863 903.304
207.791 61.2001 3.04247 2.77449 165.011 856.521
215.402 61.6061 3.05144 2.77249 70.7434 892.984
222.911 61.4593 3.01669 2.68674 24.4386 1097.69
224.22 61.4862 3.08443 2.82029 57.6888 1135.74
226.918 61.1512 3.23847 2.99422 20.3547 1253.22
200.175 59.1767 3.08693 2.82836 33.1358 1134.82
201.907 59.5938 3.0633 2.75305 43.4422 1066.98
202.905 59.7733 3.094 2.91573 28.0388 1036.74
204.792 59.8542 3.09279 2.82708 108.552 1013.35
205.68 60.1952 3.10071 2.89232 82.1753 971.306
210.276 60.4814 3.03568 2.60827 39.0416 946.633
219.809 60.7718 3.07733 2.84075 80.5657 1076.68
221.424 60.3024 3.10075 2.89482 58.0292 1164.85
223.909 60.7704 3.09407 2.80231 40.4514 1191.42
202.009 59.0314 3.07904 2.79232 51.7387 1127.24
204.771 59.3922 3.10434 2.85375 122.734 1064.69
206.768 59.6524 3.06722 2.77863 38.9913 1029.02
212.597 59.9979 3.06565 2.79018 105.153 1021.4
222.262 59.6304 3.11118 2.90689 45.7317 1252.98
223.04 60.1218 3.10562 2.87576 105.004 1226.98
226.285 59.5898 3.12451 2.92157 46.1726 1373.9
227.183 60.2114 3.11361 2.85873 44.7164 1345.43
212.566 65.1171 2.99412 2.68397 111.98 477.649
204.113 58.2637 3.12049 2.87846 119.624 1193.63
204.991 58.6484 3.12071 2.88771 23.4779 1146.08
206.355 58.9287 3.06633 2.72652 23.3054 1110.27
207.606 58.6097 3.0045 2.55221 36.3176 1144.92
213.66 59.4296 2.9626 2.64298 97.6863 1096.38
227.731 58.9601 3.12583 2.91252 26.3619 1477.79
203.613 57.6397 3.11617 2.87103 42.8516 1266.05
224.26 58.4133 3.12586 2.89784 56.364 1426.85
225.482 58.2747 3.13477 2.92314 49.2067 1474.94
223.768 57.9616 3.13621 2.94916 37.2547 1458.04
225.424 57.4688 3.11273 2.81423 22.4573 1552.1
228.869 57.9128 3.18018 2.91688 33.3644 1611.86
227.048 56.8144 3.15326 2.82753 30.8317 1662.62
229.75 56.9811 3.18485 2.93666 44.3657 1727.98
212.138 64.8735 3.00668 2.727 33.1695 493.905
210.428 68.6408 2.51058 2.0368 108.572 128.555
226.879 56.1146 3.14283 2.8923 15.2623 1726.89
229.974 55.9154 3.0917 2.67326 18.3777 1837.52
227.653 56.4191 3.13541 2.86455 16.0055 1718.99
209.931 62.7622 2.40741 1.99324 59.8997 692.375
211.063 63.7323 2.98274 2.64615 218.742 597.83
211.14 63.4057 2.9891 2.66947 223.884 634.05
210.84 64.6544 2.97078 2.65672 86.3094 495.899
210.819 64.8857 3.01849 2.91691 87.0441 470.935
210.44 64.87 2.9993 2.68732 151.913 467.519
210.174 64.8537 3.00403 2.73743 226.891 466.027
210.069 64.7653 3.00723 2.73274 252.557 474.396
210.917 64.5498 2.97548 2.65553 176.322 508.12
210.782 64.5716 2.98185 2.68534 96.5473 503.973
210.554 64.5756 3.00876 2.72444 74.37 500.613
210.901 64.613 2.97275 2.64837 176.813 501.148
211.172 64.6917 2.9791 2.65215 105.191 496.667
217.507 60.403 3.1515 3.04071 26.0552 1060.03
216.716 60.1205 3.12056 2.91091 24.2797 1073.11
218.244 60.7315 3.07886 2.85906 59.5264 1042.86
217.659 60.602 3.15425 2.86087 32.9032 1042.92
217.639 60.9231 3.15423 2.85746 116.203 1009.76
218.995 60.8241 3.07962 2.87633 69.6582 1051.3
216.976 61.3836 3.06196 2.81999 93.3128 948.317
218.049 60.1785 3.13712 2.84772 40.7931 1094.77
217.533 61.187 3.1456 2.82029 70.2774 980.623
218.652 60.2994 3.08166 2.8696 44.2518 1095.97
219.217 60.1294 3.13953 2.84882 37.7172 1126.31
218.856 60.4399 3.08302 2.88412 52.1091 1086.49
216.546 61.2275 3.06342 2.64302 33.7419 955.067
