# evlo=207.820999 evla=67.507599
194.627 64.5646 3.15313 2.98919 45.9286 680.43
217.908 60.4896 3.11956 2.92392 38.603 922.532
217.654 61.036 3.11955 2.91382 81.7994 862.381
218.338 61.0595 3.124 2.97248 104.399 878.519
220.363 59.9534 3.12686 2.95012 91.5095 1041.34
216.3 60.3932 3.07398 2.77564 31.312 893.557
225.144 58.5792 3.11209 2.78832 28.7237 1316.97
215.395 60.9677 3.07426 2.8235 108.708 815.087
209.013 64.0997 3.08134 2.80746 110.919 383.869
209.094 59.7511 2.92492 2.49148 218.915 866.874
209.259 59.7417 2.92041 2.47592 127.705 868.539
210.701 64.1732 3.03507 2.73141 183.766 394.295
208.846 60.7683 2.99745 2.68439 103.223 752.918
207.916 63.4188 3.07389 2.8036 321.922 455.919
212.195 64.6453 3.08276 2.86167 118.097 375.396
204.378 55.8218 3.08963 2.77949 90.0603 1314.45
207.685 63.8827 3.07557 2.80934 259.469 404.234
208.763 59.5251 2.9782 2.61562 75.2213 891.006
209.796 67.2269 3.17062 3.02785 91.3277 90.4425
218.66 60.9649 3.12511 2.96748 128.843 896.499
209.738 62.4058 3.0891 2.83244 110.819 575.901
212.624 63.0753 3.06563 2.82475 175.235 542.258
215.93 63.6482 3.12441 2.93299 121.58 569.426
213.401 60.7277 3.10031 2.83399 114.205 802.465
215.271 60.5805 3.06053 2.79734 26.3812 852.303
218.244 60.7315 3.12665 2.92323 80.8536 907.64
213.052 64.4091 3.07967 2.86131 125.554 419.177
217.659 60.6024 3.11299 2.87567 18.0112 905.049
217.639 60.9231 3.12087 2.93089 103.495 873.025
218.995 60.824 3.12516 2.96604 95.1161 919.343
216.976 61.3836 3.10959 2.902 92.2804 810.856
211.063 63.7318 3.0254 2.70799 255.596 446.576
218.049 60.1785 3.09684 2.87866 48.3365 956.882
216.031 60.2361 3.142 2.81216 69.4107 903.735
217.533 61.1871 3.1117 2.89484 126.373 844.502
218.652 60.2994 3.12068 2.9326 43.1925 960.613
211.14 63.4056 3.03398 2.74792 243.709 482.397
219.217 60.1294 3.11374 2.93052 81.8337 992.366
218.856 60.4399 3.13215 2.95921 74.8066 952.409
216.546 61.2275 3.11071 2.78951 42.5836 815.401
212.138 64.8736 3.08844 2.83794 87.249 352.139
203.383 71.3221 2.59425 1.94394 171.628 459.526
205.026 71.0033 2.63468 1.92218 59.3921 405.212
202.84 70.0079 2.5215 1.87777 142.012 343.832
205.387 69.6211 2.64163 2.02553 186.274 255.76
194.656 68.2746 2.86665 2.52954 22.5239 558.616
196.822 68.4753 2.91877 2.72304 66.9671 471.943
198.806 68.6483 2.91344 2.591 89.3904 396.289
205.217 69.1565 2.71943 2.21146 315.302 212.916
209.387 69.836 2.57208 1.96322 178.178 267.374
211.299 69.72 2.63626 2.06016 105.424 284.418
235.93 69.3475 3.04828 2.83348 45.0584 1161.1
196.917 67.6988 3.05111 2.87259 41.9135 463.712
201.885 68.4946 2.93829 2.57704 108.926 271.417
203.387 68.7132 2.93827 2.64367 131.028 228.267
207.318 68.8799 2.85394 2.49602 354.264 154.478
211.177 69.1532 2.74441 2.31628 107.756 229.775
219.035 69.243 3.12304 3.19227 36.3878 499.434
221.263 69.3286 3.05904 3.01629 22.2427 586.734
198.174 67.082 3.0932 2.89273 69.2404 417.977
199.397 67.4213 3.11067 2.92684 76.4099 360.27
202.768 67.4572 3.09602 3.00057 118.422 216.032
203.811 68.2575 2.97874 2.6579 124.384 188.099
206.028 68.4414 3.02772 2.8058 230.295 128.377
210.384 68.0584 3.2073 3.2474 42.7081 124.392
211.513 68.0748 3.09091 2.94126 89.3906 168.125
214.432 68.1207 3.07233 2.93991 68.3507 286.812
218.405 68.1861 3.04683 2.88999 114.121 451.355
220.465 68.6043 3.07754 2.94352 51.9084 540.465
222.103 68.3889 3.06596 2.89761 79.5008 605.223
223.281 66.3701 3.02015 2.57711 38.4175 685.953
193.671 65.4742 2.89328 2.40856 21.7309 667.862
198.75 66.442 3.07891 2.84914 51.731 413.105
202.227 66.8332 3.11647 2.93125 106.637 253.595
204.275 67.0486 3.12525 2.98085 101.268 161.226
212.113 67.5187 3.08759 2.97115 200.826 183.226
214.357 67.5933 3.08505 3.00485 259.158 278.674
215.855 67.6946 3.06143 2.9338 146.308 342.143
220.128 67.6136 3.08875 2.92507 127.285 523.726
224.214 67.6106 3.05437 2.81948 36.5803 696.649
226.258 67.441 3.01606 2.73053 89.5609 785.654
195.961 64.9941 3.16926 3.03481 29.1271 601.038
197.645 65.3936 3.16406 2.99215 27.0851 510.602
201.346 65.895 3.14618 2.95519 51.8463 337.51
202.913 66.1434 3.10296 3.03035 43.697 263.77
206.494 66.5156 3.19806 3.07053 158.897 124.834
209.976 66.7108 3.10769 3.01324 227.246 129.038
212.525 66.7004 3.0975 3.01946 179.506 223.176
213.899 66.7653 3.04912 2.89037 113.265 276.183
223.778 66.9808 3.06703 2.88074 54.511 689.64
225.729 66.9227 3.05599 2.78845 47.0691 774.257
197.761 64.6379 3.14732 2.99541 34.2441 555.609
200.087 64.937 3.11225 2.8151 37.3756 450.379
205.119 65.4924 3.13203 2.89295 127.876 254.829
207.195 65.6571 3.09957 2.90164 446.719 208.218
208.623 65.8937 3.07644 2.8911 330.736 183.422
210.457 65.8251 3.12281 3.00672 179.709 220.835
212.122 65.8371 3.07386 2.85122 282.245 266.071
214.18 66.267 3.07026 2.94262 69.5303 310.935
214.181 66.267 3.0736 2.96707 93.6131 310.975
221.631 66.2191 3.09162 2.89196 39.6824 621.161
225.657 65.8052 3.0954 2.90879 36.1578 808.412
214.843 62.3987 3.10003 2.9053 81.8476 658.317
213.052 64.4091 3.07967 2.86131 125.554 419.177
199.305 63.8864 3.13513 2.88949 50.9289 561.315
208.018 65.18 3.1032 2.83602 142.649 259.705
210.64 65.1479 3.08436 2.91983 264.37 291.823
216.846 65.3064 3.07659 2.80731 202.07 471.415
218.385 65.6035 3.06642 2.8594 83.1499 514.154
199.398 63.2842 3.16321 2.96186 59.1415 611.318
200.922 63.3965 3.13175 2.87386 41.3716 558.3
204.379 63.994 3.12828 2.87616 108.406 422.22
205.853 64.1767 3.14474 2.96299 209.033 382.088
214.63 64.613 3.10611 2.88238 207.261 445.979
216.436 64.5012 3.12436 2.9229 164.709 514.34
221.784 64.453 3.08497 2.79827 68.0642 717.907
221.784 64.4525 3.08651 2.80121 58.3154 717.915
223.67 64.5753 3.06617 2.74637 40.3912 786.444
195.344 61.9331 3.10848 2.84952 22.0621 857.195
198.469 62.2938 3.13794 2.86108 31.1928 729.136
205.93 63.3569 3.1453 2.9613 251.599 470.991
214.222 63.8036 3.08978 2.86603 118.637 506.728
217.924 64.0292 3.14393 2.92984 96.527 602.658
222.48 63.8433 3.11009 2.92462 62.7648 785.35
197.317 61.3416 3.13451 2.77869 31.4035 851.267
198.513 61.678 3.13174 2.83009 73.0526 786.322
201.703 62.1344 3.17678 2.95873 47.5873 665.073
203.311 62.2195 3.11704 2.82444 63.647 626.754
205.146 62.1816 3.12226 2.89367 149.844 607.07
206.12 62.4787 3.12932 2.91232 187.212 566.343
216.652 63.0254 3.12928 2.96648 197.234 646.747
218.173 63.0618 3.13863 2.96141 146.106 690.529
221.871 63.109 3.13727 2.85122 60.3599 815.349
196.65 60.4135 3.12202 2.84509 41.5429 958.681
198.04 60.7515 3.11501 2.78835 64.0687 888.891
201.041 61.0224 3.2853 3.33821 21.7624 793.082
202.562 61.4009 3.13206 2.97885 43.8039 725.714
204.176 61.4907 3.14458 3.00955 88.6971 692.992
205.609 61.9037 3.13239 2.90944 168.797 633.512
206.868 61.8823 3.10409 2.87373 206.782 628.776
212.274 61.7929 3.08962 2.83353 309.878 671.298
213.825 62.1067 3.08488 2.86187 82.0344 665.598
217.004 62.4013 3.11868 2.92678 143.851 714.314
218.122 62.3579 3.13665 2.9772 175.787 751.072
221.538 62.4435 3.22987 2.91871 95.8537 855.919
201.231 60.4742 3.17533 2.89374 48.3248 846.712
204.11 60.6801 3.14524 2.95965 103.604 781.986
205.516 60.8132 3.1389 2.9648 144.404 754.53
207.791 61.2001 3.08277 2.86399 162.349 703.175
215.402 61.6061 3.08654 2.85183 168.623 750.474
222.911 61.4593 3.14465 2.9305 53.066 985.798
198.736 59.2533 3.13771 2.82667 22.5543 1023.72
201.907 59.5938 3.1147 2.84868 146.415 928.852
204.792 59.8542 3.14538 2.95991 145.088 865.946
205.68 60.1952 3.15367 2.97169 93.4712 821.795
207.376 60.0815 3.12336 2.90968 162.794 828.096
210.276 60.4814 3.11989 2.85014 46.5676 792.26
219.809 60.7718 3.12611 2.94817 95.8914 947.695
221.424 60.3024 3.13755 2.93553 67.5429 1040
223.909 60.7704 3.12095 2.87095 43.4927 1079.21
202.009 59.0314 3.11617 2.85503 105.696 987.784
203.561 59.1953 3.14786 2.74026 66.9935 950.219
204.771 59.3922 3.15847 2.94678 118.228 917.038
206.768 59.6524 3.11833 2.84126 76.9426 877.145
212.597 59.9979 3.09892 2.85096 119.299 869.063
222.262 59.6304 3.14428 2.92768 48.1937 1128.25
223.04 60.1218 3.16293 2.97745 142.842 1107.58
226.285 59.5898 3.20734 3.19428 22.9583 1264.26
212.566 65.1171 3.07397 2.90683 223.511 340.917
204.113 58.2637 3.17356 2.98842 112.363 1046.97
204.991 58.6484 3.16824 2.98815 57.7131 997.501
206.355 58.9287 3.14947 3.04187 54.7937 959.006
207.606 58.6097 3.09779 2.829 75.577 991.829
213.66 59.4296 2.98227 2.6828 162.42 945.332
227.731 58.9601 3.16328 2.93397 20.7132 1370.26
202.426 57.5673 3.05675 2.66293 82.3571 1141.1
203.613 57.6397 3.1659 2.94606 86.5208 1120.25
205.548 57.5665 3.14525 2.94967 50.2888 1113.94
224.26 58.4133 3.16924 2.97733 86.6462 1304.31
225.482 58.2747 3.1859 3.02724 75.6444 1356.14
229.033 59.3946 3.17661 2.98433 23.9291 1379.57
223.768 57.9616 3.18021 3.02285 55.3923 1332.14
225.424 57.4688 3.18605 2.99496 42.8495 1430.03
227.048 56.8144 3.19771 3.02512 40.4024 1543.65
229.75 56.9811 3.18458 3.09354 31.5964 1618.65
212.138 64.8735 3.09101 2.85051 82.4471 352.143
210.428 68.6408 2.96451 2.81977 95.7109 166.654
226.879 56.1146 3.19409 3.0141 37.2658 1605.09
228.385 55.3279 3.19992 3.02595 63.2129 1728.41
227.653 56.4191 3.19892 3.03046 56.6226 1600.65
209.931 62.7622 2.14562 1.90056 114.01 538.194
211.063 63.7323 3.02511 2.70772 255.596 446.532
211.14 63.4057 3.03395 2.74789 243.709 482.392
218.547 60.1369 3.49676 3.19698 26.31 973.775
210.867 64.709 3.03646 2.80479 125.488 341.015
210.853 64.7716 3.02566 2.81153 66.7928 334.319
210.847 64.8338 3.00333 2.55788 55.6921 327.817
210.819 64.8857 3.11735 3.21035 93.9413 321.969
210.44 64.87 3.06412 2.81662 234.104 316.856
210.174 64.8537 3.07931 2.88922 287.834 314.326
210.069 64.7653 3.08208 2.88002 280.919 322.158
210.917 64.5498 3.03263 2.7742 267.075 358.357
210.782 64.5716 3.05026 2.81451 177.078 353.746
210.554 64.5756 3.06153 2.85463 111.138 349.552
210.901 64.613 3.02943 2.75065 234.705 351.529
217.908 60.4896 3.11956 2.92392 38.603 922.532
218.338 61.0595 3.12401 2.97249 104.399 878.522
216.296 60.3923 3.07403 2.77569 31.312 893.573
215.271 60.5805 3.06053 2.79734 26.3812 852.303
218.244 60.7315 3.12665 2.92323 80.8536 907.64
217.659 60.602 3.11309 2.87575 18.0112 905.076
217.639 60.9231 3.12085 2.93087 103.495 873.019
218.995 60.8241 3.12513 2.96601 95.1161 919.333
216.976 61.3836 3.10959 2.902 92.2804 810.856
218.049 60.1785 3.09684 2.87866 48.3365 956.882
216.031 60.2361 3.142 2.81216 69.4107 903.735
217.533 61.187 3.11175 2.89489 126.373 844.517
218.652 60.2994 3.12068 2.9326 43.1925 960.613
219.217 60.1294 3.11374 2.93052 81.8337 992.366
218.856 60.4399 3.13215 2.95921 74.8066 952.409
216.546 61.2275 3.11071 2.78951 42.5836 815.401
