# evlo=225.657394 evla=65.805199
217.908 60.4896 3.16519 3.09378 42.7962 708.592
217.654 61.036 3.16226 3.04917 82.9217 664.064
217.507 60.403 3.15067 3.04831 99.9388 728.096
220.363 59.9534 3.14543 3.01426 73.7445 705.091
216.3 60.3932 3.14804 2.99464 80.478 764.673
225.144 58.5792 3.31954 3.12185 116.058 805.758
216.716 60.1205 3.08449 2.9167 51.3415 777.715
215.395 60.9677 3.1594 2.99471 120.961 742.623
209.013 64.0997 3.05303 2.66406 42.8873 806.65
209.094 59.7511 3.24587 2.93932 93.1018 1076.28
209.259 59.7417 3.16834 2.94613 136.749 1070.58
210.701 64.1732 3.13487 2.9238 74.2907 727.004
208.846 60.7683 3.03984 2.67633 61.3503 1008.36
207.916 63.4188 3.13685 2.91372 69.8381 886.323
212.195 64.6453 3.13107 2.88167 52.0058 641.569
207.685 63.8827 3.11781 2.88387 40.3115 875.986
208.763 59.5251 3.1698 2.94547 110.355 1107.37
216.907 60.7523 3.16583 3.01638 84.3971 712.863
218.66 60.9649 3.15439 3.0166 175.004 642.235
209.738 62.4058 3.19389 3.03961 89.6954 860.414
217.513 60.0823 3.11585 2.96884 76.4798 758.857
212.624 63.0753 3.18322 3.00528 116.492 695.833
214.225 61.1292 3.13724 2.95385 90.564 770.324
215.93 63.6482 3.18927 3.00429 95.0105 521.472
214.25 60.5487 3.13134 2.99864 111.501 818.276
213.401 60.7277 3.13871 2.9432 176.059 833.478
214.766 66.5657 3.0865 2.77941 54.6978 497.539
211.074 61.771 3.21537 3.01073 103.937 845.036
216.188 61.4417 3.15104 2.98975 169.289 674.758
212.904 60.8792 3.14942 2.92969 175.955 839.529
215.271 60.5805 3.13934 2.96171 92.1569 780.708
216.679 60.2805 3.12894 2.95634 62.7821 763.697
213.052 64.4091 3.16285 2.93847 86.8442 611.242
217.659 60.6024 3.1564 3.02636 72.4399 704.736
216.749 60.4427 3.1512 3.03536 98.2569 746.408
217.639 60.9231 3.16168 3.06147 100.162 675.022
218.995 60.824 3.14251 3.00378 121.344 647.152
216.976 61.3836 3.16619 3.02903 80.5675 653.561
211.063 63.7318 3.14819 2.92299 74.4065 729.947
218.049 60.1785 3.12927 2.9818 97.2758 735.089
216.031 60.2361 3.05209 2.82295 31.6665 787.489
217.533 61.1871 3.16351 3.00479 127.397 653.752
218.652 60.2994 3.14179 2.99743 62.7808 707.689
211.14 63.4056 3.16261 2.96423 138.846 742.58
219.217 60.1294 3.13436 2.98925 51.1756 711.177
216.221 60.072 3.07156 2.91741 60.2529 796.964
218.856 60.4399 3.14924 3.03122 82.1145 688.649
216.546 61.2275 3.15723 3.02052 64.8283 681.402
212.138 64.8736 3.1211 2.8836 100.017 636.878
198.929 70.2043 2.73188 2.17422 16.8468 1207.73
234.753 71.9871 3.17951 2.91716 67.1849 778.592
202.84 70.0079 2.75547 2.18455 43.3418 1058.04
205.387 69.6211 2.83739 2.47051 32.627 951.837
206.58 70.34 2.98832 2.64948 26.0823 936.454
196.822 68.4753 3.00528 2.7781 25.7427 1272.63
205.217 69.1565 2.91989 2.35278 18.8996 944.799
235.93 69.3475 3.2093 2.89004 79.6363 588.107
209.319 68.9656 2.96273 2.66503 87.981 781.692
221.263 69.3286 2.98381 2.70707 119.175 435.02
208.187 68.1343 3.08673 2.95738 20.3998 802.766
214.432 68.1207 3.0595 2.82288 58.8728 553.121
222.103 68.3889 3.08972 3.01962 78.8775 326.792
223.281 66.3701 3.10438 2.78418 104.496 124.613
193.671 65.4742 3.11935 2.88441 19.0725 1457.32
195.352 65.7077 3.11398 2.86896 22.3786 1375.69
200.349 66.6001 3.04517 2.83749 19.6044 1135.56
202.227 66.8332 3.12971 3.03074 26.8474 1050.42
204.275 67.0486 3.19169 2.91294 34.0817 959.709
207.821 67.5076 3.0954 2.90879 36.1578 808.412
212.113 67.5187 3.09946 2.9151 80.3547 627.258
214.357 67.5933 3.11253 2.94609 71.4981 536.414
224.214 67.6106 3.0794 2.70377 122.301 211.166
226.258 67.441 3.09918 2.86701 474.511 184.346
195.961 64.9941 3.09856 2.80776 33.6377 1369.98
199.349 65.5011 3.09625 2.80857 35.2452 1202.36
201.346 65.895 3.09717 2.7887 32.1007 1103.43
202.913 66.1434 3.09547 2.79248 45.2074 1028.74
206.494 66.5156 3.08316 2.83075 47.5958 864.803
208.493 66.9214 3.1844 2.77493 28.2041 775.692
209.976 66.7108 3.08228 2.7646 79.7483 710.057
212.525 66.7004 3.06103 2.68773 51.1943 597.597
213.899 66.7653 3.07809 2.78043 45.8494 537.815
216.215 66.9498 3.1196 2.86509 25.8861 440.742
223.778 66.9808 3.14761 3.08349 66.6111 155.683
225.729 66.9227 3.05728 2.74493 303.183 124.657
197.761 64.6379 3.08285 2.84253 26.1736 1300.66
200.087 64.937 3.07241 2.76182 18.9997 1185.14
201.637 65.1527 3.09077 2.83372 32.4902 1108.4
203.551 65.5276 3.07964 2.83122 33.5633 1012.06
205.119 65.4924 3.0823 2.82264 51.9898 941.761
207.195 65.6571 3.06809 2.83117 37.7092 844.205
208.623 65.8937 3.05901 2.77773 61.0829 775.687
212.122 65.8371 3.04382 2.6246 54.1308 617.688
214.181 66.267 3.10214 2.86911 82.8572 522.128
218.473 66.2305 3.0855 2.78268 98.4891 329.199
221.631 66.2191 3.13088 2.99832 77.6789 188.428
214.843 62.3987 3.17184 2.98053 157.811 648.375
213.052 64.4091 3.16285 2.93847 86.8442 611.242
199.305 63.8864 3.13622 2.93961 26.7948 1258.77
216.846 65.3064 3.1102 2.75919 26.1624 410.463
218.385 65.6035 3.11611 3.0361 67.234 334.6
220.064 65.4483 3.17018 3.11501 75.7866 260.615
221.694 65.3609 3.11589 2.72792 72.8159 189.458
223.623 65.2225 3.02644 2.71224 189.69 114.352
199.398 63.2842 3.10163 2.8203 22.4971 1280.62
200.922 63.3965 3.12817 2.73371 17.1851 1205.8
203.285 63.465 3.11145 2.85364 39.54 1094.75
204.379 63.994 3.09987 2.76961 38.2356 1022.38
205.853 64.1767 3.12394 2.89329 34.2014 947.848
214.63 64.613 3.15225 2.92012 88.6442 532.209
216.436 64.5012 3.15397 2.9644 140.473 455.798
221.784 64.453 3.15551 2.96289 78.0568 236.138
221.784 64.4525 3.16272 2.979 155.011 236.196
223.67 64.5753 3.13616 3.04837 201.745 165.733
195.344 61.9331 3.11624 2.78709 22.1603 1534.31
198.469 62.2938 3.11741 2.85558 45.1921 1372.1
201.699 62.7161 3.13078 2.89194 39.6489 1202.93
205.93 63.3569 3.13054 2.89841 51.0926 979.175
214.222 63.8036 3.16924 2.96327 126.723 586.411
217.924 64.0292 3.18268 2.9801 208.83 415.692
222.48 63.8433 3.1349 3.02764 210.713 265.655
197.317 61.3416 3.12091 2.85505 34.5982 1477.91
198.513 61.678 3.11707 2.87427 48.5206 1404.03
200.525 61.7105 3.12017 2.87531 34.2705 1310.89
201.703 62.1344 3.08639 2.78415 47.6603 1233.62
203.311 62.2195 3.12619 2.87067 41.564 1156.21
205.146 62.1816 3.14158 2.90273 41.0354 1076
206.12 62.4787 3.15649 2.74785 44.538 1015.68
216.652 63.0254 3.16837 2.99761 326.825 532.574
218.173 63.0618 3.17001 2.97837 226.681 472.278
221.871 63.109 3.14896 3.02773 164.053 351.377
196.65 60.4135 3.10268 2.82717 35.1302 1565.06
198.04 60.7515 3.11909 2.86336 35.7563 1480.93
199.312 60.6947 3.12969 2.88893 34.8784 1427.26
201.041 61.0224 3.13613 2.93969 29.8675 1329.11
202.562 61.4009 3.1242 2.83452 40.9854 1237.66
204.176 61.4907 3.16892 2.99066 62.1712 1160.36
205.609 61.9037 3.16487 2.99363 75.4449 1071.72
206.868 61.8823 3.16989 2.97748 123.371 1017.51
209.88 61.7531 3.22621 3.03818 71.4297 896.144
212.274 61.7929 3.17937 2.97702 111.646 794.434
213.825 62.1067 3.15373 2.93851 175.073 709.728
217.004 62.4013 3.16098 2.97923 160.179 566.551
218.122 62.3579 3.15877 3.00655 121.976 531.162
221.538 62.4435 3.15841 3.00312 128.88 424.91
223.206 62.5763 3.22633 3.47167 92.6128 379.081
225.609 62.2024 3.16939 3.04334 256.21 401.637
198.315 59.9237 3.14629 2.95819 47.3032 1522.25
201.231 60.4742 3.16381 2.99317 55.966 1355.89
202.813 60.5269 3.16712 2.97069 103.219 1282.63
204.11 60.6801 3.17818 2.97694 53.1781 1215.65
207.791 61.2001 3.14972 2.90875 28.2639 1021.98
215.402 61.6061 3.13601 2.92859 121.609 688.599
222.911 61.4593 3.17926 3.02483 87.1377 503.085
224.22 61.4862 3.16914 2.97692 186.279 486.65
226.918 61.1512 3.16557 3.00102 262.303 522.541
198.736 59.2533 3.17288 2.98793 41.4152 1549.71
200.175 59.1767 3.17167 2.98162 51.8347 1492.02
202.905 59.7733 3.1805 2.95804 43.2915 1330.83
204.792 59.8542 3.19921 2.9296 23.5267 1244.38
207.376 60.0815 3.04746 2.63738 19.0994 1119.72
210.276 60.4814 3.17357 2.98073 115.394 972.281
219.809 60.7718 3.15813 3.00285 107.01 632.53
221.424 60.3024 3.17741 3.05127 98.2672 649.291
223.909 60.7704 3.17952 3.03405 275.096 567.963
202.009 59.0314 3.17043 2.93015 48.2603 1423.4
203.561 59.1953 3.14122 2.91526 26.3375 1345.24
204.771 59.3922 3.1139 2.93035 43.9917 1279.6
212.597 59.9979 3.10742 2.92317 112.147 923.963
222.262 59.6304 3.18767 3.07423 131.989 709.549
223.04 60.1218 3.20016 3.08248 110.569 647.1
226.285 59.5898 3.18139 3.02897 168 693.481
227.183 60.2114 3.17487 3.03948 171.196 628.213
212.566 65.1171 3.1177 2.8946 112.829 610.594
203.344 58.6774 3.12504 2.93354 47.6931 1393.81
204.991 58.6484 3.14188 2.94532 23.5096 1328.12
207.606 58.6097 3.16521 2.95127 148.784 1227.3
213.66 59.4296 2.97273 2.70751 51.0162 937.224
227.731 58.9601 3.18239 3.04997 130.964 770.293
205.548 57.5665 3.1303 2.81967 28.0372 1394.68
224.26 58.4133 3.19958 3.0695 142.546 826.972
225.482 58.2747 3.20584 3.1204 128.675 839.288
229.033 59.3946 3.19623 3.1091 124.03 734.96
200.447 56.2848 2.93601 2.4891 16.476 1706.49
223.768 57.9616 3.20295 3.06886 165.877 879.641
225.424 57.4688 3.21701 3.12998 57.5518 929.077
228.869 57.9128 3.17742 3.04673 204.422 895.352
227.048 56.8144 3.18712 3.03274 128.565 1004.57
229.75 56.9811 3.18197 3.10803 83.9335 1006.81
212.138 64.8735 3.11786 2.88062 21.1826 636.89
210.428 68.6408 3.03295 2.80789 133.758 727.682
226.879 56.1146 3.27306 3.0402 136.88 1081.77
229.974 55.9154 3.15987 2.88337 24.0263 1126.01
228.385 55.3279 3.2492 3.02914 197.911 1176.65
227.653 56.4191 3.27353 3.04306 147.581 1051.28
209.931 62.7622 3.12911 2.93419 176.059 830.929
211.063 63.7323 3.148 2.9228 74.4065 729.901
211.14 63.4057 3.16259 2.96421 138.846 742.574
218.547 60.1369 2.92129 2.756 92.1576 726.481
217.908 60.4896 3.16519 3.09378 42.7962 708.592
217.507 60.403 3.15067 3.04831 99.9388 728.096
216.296 60.3923 3.14882 2.99538 80.478 764.861
216.716 60.1205 3.08449 2.9167 51.3415 777.715
215.271 60.5805 3.13934 2.96171 92.1569 780.708
216.679 60.2805 3.12894 2.95634 62.7821 763.697
217.659 60.602 3.15664 3.02659 72.4399 704.788
216.749 60.4427 3.1512 3.03536 98.2569 746.408
217.639 60.9231 3.16171 3.0615 100.162 675.027
218.995 60.8241 3.14246 3.00374 121.344 647.143
216.976 61.3836 3.16619 3.02903 80.5675 653.561
218.049 60.1785 3.12927 2.9818 97.2758 735.089
216.031 60.2361 3.05209 2.82295 31.6665 787.489
217.533 61.187 3.16353 3.0048 127.397 653.755
218.652 60.2994 3.14179 2.99743 62.7808 707.689
219.217 60.1294 3.13436 2.98925 51.1756 711.177
216.221 60.072 3.07156 2.91741 60.2529 796.964
218.856 60.4399 3.14924 3.03122 82.1145 688.649
216.546 61.2275 3.15723 3.02052 64.8283 681.402
