# evlo=203.550598 evla=65.527603
217.908 60.4896 3.12866 2.89046 23.6899 915.359
217.654 61.036 3.11188 2.88531 20.4719 863.867
217.507 60.403 3.10786 2.86807 41.8145 906.334
218.338 61.0595 3.11961 2.87423 41.003 890.091
220.363 59.9534 3.12619 2.90375 52.5684 1055.17
216.3 60.3932 3.10842 2.9108 27.7218 860.883
225.144 58.5792 3.16332 2.9811 23.7917 1358.47
216.716 60.1205 3.05128 2.82558 41.345 898.847
215.395 60.9677 3.12748 2.88716 31.2881 780.435
209.013 64.0997 3.07232 2.82975 63.1627 304.263
210.701 64.1732 3.09015 3.01741 68.6951 371.027
207.916 63.4188 3.06762 2.78635 325.429 315.072
204.378 55.8218 3.1288 2.72411 85.2321 1082.36
200.411 54.831 3.00441 2.44716 25.9938 1204.05
207.685 63.8827 3.07438 2.82286 316.538 269.181
208.763 59.5251 3.01208 2.66755 54.7361 720.245
209.796 67.2269 3.14072 2.87319 93.7527 337.347
216.907 60.7523 3.12177 2.87514 42.5894 855.607
209.738 62.4058 3.0631 2.79784 341.557 461.082
217.513 60.0823 3.06611 2.81078 42.9573 932.155
212.624 63.0753 3.08229 2.85141 106.795 516.617
214.225 61.1292 3.1311 2.88507 67.5636 723.832
214.25 60.5487 3.13422 2.80192 43.4474 773.407
213.401 60.7277 3.11269 2.89347 136.498 728.638
209.784 61.1426 3.01011 2.70354 39.3808 579.393
203.121 64.7461 3.08726 2.85413 98.2953 89.4373
211.074 61.771 3.09556 2.83626 195.342 559.886
216.188 61.4417 3.10618 2.86361 83.9111 774.922
212.904 60.8792 3.10886 2.87342 104.93 698.603
215.271 60.5805 3.15503 3.25437 30.7064 807.305
216.679 60.2805 3.09185 2.88374 51.0393 884.358
218.244 60.7315 3.12152 2.88787 34.8816 910.385
213.052 64.4091 3.07051 2.75653 62.731 465.251
217.659 60.6024 3.13227 2.88197 37.1631 896.793
216.749 60.4427 3.1268 2.97532 21.7857 873.911
217.639 60.9231 3.12167 2.87603 39.6461 871.668
216.976 61.3836 3.10472 2.83073 31.8074 810.964
211.063 63.7318 3.05667 2.79577 109.661 410.934
218.049 60.1785 3.09964 2.8571 42.8002 945.236
216.031 60.2361 3.09059 2.83322 16.8282 863.829
217.533 61.1871 3.10569 2.84604 34.1363 847.881
218.652 60.2994 3.12335 2.91928 18.0577 959.611
211.14 63.4056 3.08272 2.85682 86.7628 434.654
218.856 60.4399 3.13256 2.92132 24.8682 957.047
216.546 61.2275 3.11454 2.87563 63.543 805.108
212.138 64.8736 3.10333 2.9425 51.7265 408.314
198.929 70.2043 2.79245 2.31869 161.311 556.284
203.383 71.3221 2.76335 2.30692 83.544 646.359
205.026 71.0033 2.70065 2.16927 93.9451 613.744
198.198 69.3641 2.85244 2.55964 180.012 484.982
202.84 70.0079 2.73939 2.27681 136.662 500.588
205.387 69.6211 2.81706 2.28919 102.627 463.145
194.656 68.2746 3.00608 2.72871 82.2748 494.795
196.822 68.4753 3.0056 2.77268 138.204 440.191
198.806 68.6483 2.99565 2.75871 251.381 404.283
200.413 69.1049 2.94805 2.67609 182.285 421.082
205.217 69.1565 2.89361 2.43582 117.3 410.973
211.299 69.72 2.85398 2.43146 71.2298 570.988
235.93 69.3475 3.11172 2.81832 20.8624 1431.36
196.917 67.6988 3.03631 2.7446 84.0145 380.492
201.885 68.4946 3.0347 2.78393 306.005 338.73
207.318 68.8799 2.99867 2.70174 78.3218 407.655
209.319 68.9656 2.97719 2.64289 98.9876 456.807
211.177 69.1532 2.96015 2.63627 63.364 519.893
219.035 69.243 3.08597 2.91282 58.8573 780.035
198.174 67.082 3.06373 2.76739 142.188 296.874
199.397 67.4213 3.07324 2.79021 153.086 280.678
202.768 67.4572 3.11648 2.86253 297.368 217.974
203.811 68.2575 3.0577 2.80902 203.823 304.652
206.028 68.4414 3.07306 2.85611 162.046 342.401
208.187 68.1343 3.08582 2.87848 117.263 354.722
210.384 68.0584 3.13212 2.89154 62.7228 411.904
211.513 68.0748 3.14406 2.91101 51.8454 450.319
214.432 68.1207 3.09154 2.82837 44.1557 557.602
220.465 68.6043 3.07953 2.76556 26.1707 808.403
222.103 68.3889 3.11686 2.82295 30.2254 867.02
223.281 66.3701 3.07234 2.77386 82.1649 898.735
193.671 65.4742 3.11159 2.86221 117.09 456.89
195.352 65.7077 3.10793 2.87248 130.192 378.098
198.75 66.442 3.13029 2.92126 166.728 240.683
200.349 66.6001 3.08705 2.78945 119.737 187.934
202.227 66.8332 3.1194 2.87035 402.599 157.33
204.275 67.0486 3.12088 2.90369 285.665 172.694
212.113 67.5187 3.15151 2.92074 68.5702 440.258
220.128 67.6136 3.11102 2.69386 39.5998 769.025
224.214 67.6106 3.1045 2.58793 30.5951 941.315
226.258 67.441 3.0465 2.69562 28.9087 1027.47
195.961 64.9941 3.07623 2.77908 92.6052 359.255
197.645 65.3936 3.08102 2.79158 134.944 274.086
199.349 65.5011 3.03403 2.75242 102.545 194.398
201.346 65.895 3.15152 2.88121 208.405 109.197
206.494 66.5156 3.15833 2.85573 119.477 173.089
208.493 66.9214 3.14166 2.80309 110.99 271.222
209.976 66.7108 3.15022 2.88394 102.455 318.761
212.525 66.7004 3.12033 2.87902 122.895 425.762
213.899 66.7653 3.10551 2.8519 65.0844 486.466
216.215 66.9498 3.09865 2.80205 82.2089 590.148
221.978 66.9116 3.08674 2.79662 71.452 840.442
225.729 66.9227 3.08127 2.80191 90.0605 1004.62
197.761 64.6379 3.07048 2.77786 97.1432 289.661
200.087 64.937 3.05576 2.76551 178.657 174.804
201.637 65.1527 3.08938 2.74812 92.1215 98.4483
207.195 65.6571 3.13448 2.91805 141.452 168.705
208.623 65.8937 3.1464 2.8743 161.64 236.385
210.457 65.8251 3.13584 2.86005 85.0934 319.107
212.122 65.8371 3.13393 2.83453 135.809 395.209
214.181 66.267 3.05978 2.68368 46.3477 490.964
218.473 66.2305 3.04753 2.68961 37.526 683.614
221.631 66.2191 3.07175 2.77147 69.2301 825.685
225.657 65.8052 3.07964 2.83122 33.5633 1012.06
214.843 62.3987 3.12631 2.88282 45.8713 652.659
213.052 64.4091 3.07051 2.75653 62.731 465.251
199.305 63.8864 3.11987 2.81975 91.2515 272.804
205.522 64.7962 3.03875 2.70804 327.629 123.247
208.018 65.18 3.13861 3.01725 68.0309 211.485
210.64 65.1479 3.13718 2.94138 103.906 332.724
216.846 65.3064 3.17307 2.90562 58.2262 616.76
218.385 65.6035 3.15996 2.91032 61.7079 683.442
220.064 65.4483 3.14788 2.88941 29.32 762.67
221.694 65.3609 3.14689 2.91005 51.9055 838.96
223.623 65.2225 3.16411 2.94884 54.0861 930.3
196.446 62.7492 3.07231 2.77728 27.9964 463.842
199.398 63.2842 3.14255 2.79586 75.2942 320.255
200.922 63.3965 3.12049 2.81258 106.136 269.1
203.285 63.465 3.1119 2.84292 223.314 230.304
204.379 63.994 3.07972 2.7826 411.439 175.459
205.853 64.1767 3.0683 2.73211 325.318 186.028
214.63 64.613 3.04957 2.6983 56.5895 530.46
221.784 64.4525 3.19467 3.05496 34.965 865.64
223.67 64.5753 3.1131 2.87448 19.7696 949.09
195.344 61.9331 3.07723 2.77661 21.5542 569.175
198.469 62.2938 3.14164 2.81063 87.0755 438.081
201.699 62.7161 3.09494 2.80593 155.379 326.117
214.222 63.8036 3.02016 2.67263 19.5529 543.908
217.924 64.0292 3.12536 2.75002 39.9918 702.107
222.48 63.8433 3.1627 2.96961 31.9341 919.046
197.317 61.3416 3.13361 2.78937 55.0456 560.275
198.513 61.678 3.11641 2.77197 128.405 496.28
200.525 61.7105 3.11467 2.81183 190.696 451.051
203.311 62.2195 3.10679 2.81912 161 368.958
205.146 62.1816 3.07487 2.8068 332.22 381.126
206.12 62.4787 3.08541 2.84488 186.274 362.317
216.652 63.0254 3.0465 2.72386 40.8986 691.662
218.173 63.0618 3.06465 2.74957 52.5489 757.263
198.04 60.7515 3.09921 2.71909 129.244 600.019
202.562 61.4009 3.11415 2.80279 91.282 462.615
204.176 61.4907 3.08233 2.84162 179.762 451.061
205.609 61.9037 3.07259 2.8087 265.258 416.519
206.868 61.8823 3.10648 2.89635 85.029 438.07
209.88 61.7531 3.05523 2.7626 198.302 524.272
212.274 61.7929 3.1214 2.88469 121.863 598.992
213.825 62.1067 3.10187 2.85943 37.2774 632.387
218.122 62.3579 3.04991 2.76081 32.0873 794.563
221.538 62.4435 3.14478 3.082 30.1542 941.258
199.908 60.1686 3.1339 2.85385 67.3587 625.206
201.231 60.4742 3.13469 2.89321 62.9787 575.292
202.813 60.5269 3.10637 2.82619 108.908 558.625
204.11 60.6801 3.08604 2.78146 140.32 541.05
205.516 60.8132 3.09667 2.82622 185.344 534.668
207.791 61.2001 3.08859 2.83387 119.81 526.707
215.402 61.6061 3.08039 2.74438 26.105 731.486
222.911 61.4593 3.12897 2.93865 23.4504 1060.05
224.22 61.4862 3.12003 2.86512 38.0283 1116.82
226.918 61.1512 3.12328 2.94442 25.1331 1258.56
198.736 59.2533 3.13877 2.80161 43.1418 741.779
200.175 59.1767 3.13848 2.87783 71.2346 728.818
201.907 59.5938 3.1029 2.73108 102.816 666.67
204.792 59.8542 3.12614 2.90994 185.174 635.492
205.68 60.1952 3.10394 2.8547 219.653 604.062
210.276 60.4814 3.01864 2.70175 158.244 656.818
219.809 60.7718 2.99918 2.68635 26.14 971.786
223.909 60.7704 3.1375 2.94292 19.098 1148.11
202.009 59.0314 3.11924 2.87184 91.0814 728.35
203.561 59.1953 3.11492 2.82574 148.053 705.74
204.771 59.3922 3.13519 2.90289 118.072 686.665
206.768 59.6524 3.12008 2.87374 235.838 675.145
212.597 59.9979 3.09068 2.87118 88.9905 768.776
222.262 59.6304 3.06012 2.82015 23.3808 1157.87
227.183 60.2114 3.15721 2.9615 26.4954 1330
203.344 58.6774 3.12665 2.88137 101.386 763.506
204.113 58.2637 3.1419 2.93535 126.294 810.044
204.991 58.6484 3.14908 2.94068 65.2277 770.296
206.355 58.9287 3.11523 2.84057 151.503 749.576
213.66 59.4296 2.9551 2.62846 34.4161 854.465
227.731 58.9601 3.15427 2.93865 18.324 1441.1
203.613 57.6397 3.12637 2.86697 89.9946 879.016
205.548 57.5665 3.12888 2.85584 75.269 893.381
225.482 58.2747 3.13977 2.81793 15.1764 1396.24
229.033 59.3946 3.16489 2.97515 16.1537 1467.76
197.939 55.703 3.00764 2.40473 15.915 1135.89
227.048 56.8144 3.05977 2.77265 20.5038 1578.31
229.75 56.9811 3.15633 2.97072 16.7783 1678.72
212.138 64.8735 3.11018 2.94041 16.4845 408.308
210.428 68.6408 3.06836 2.84033 77.3032 457.628
226.879 56.1146 3.10647 2.86347 21.5603 1629.72
228.385 55.3279 3.10169 2.76795 19.1502 1757.71
209.931 62.7622 1.93387 1.73623 136.492 437.22
211.063 63.7323 3.05661 2.79572 109.661 410.927
211.14 63.4057 3.08271 2.85681 86.7628 434.653
217.908 60.4896 3.12866 2.89046 23.6899 915.359
217.507 60.403 3.10786 2.86807 41.8145 906.334
218.338 61.0595 3.11963 2.87424 41.003 890.095
216.296 60.3923 3.10822 2.91061 27.7218 860.829
216.716 60.1205 3.05128 2.82558 41.345 898.847
215.271 60.5805 3.15503 3.25437 30.7064 807.305
216.679 60.2805 3.09185 2.88374 51.0393 884.358
218.244 60.7315 3.12152 2.88787 34.8816 910.385
217.659 60.602 3.13231 2.882 37.1631 896.805
216.749 60.4427 3.1268 2.97532 21.7857 873.911
217.639 60.9231 3.12164 2.876 39.6461 871.66
216.976 61.3836 3.10472 2.83073 31.8074 810.964
218.049 60.1785 3.09964 2.8571 42.8002 945.236
216.031 60.2361 3.09059 2.83322 16.8282 863.829
217.533 61.187 3.10575 2.84609 34.1363 847.896
218.652 60.2994 3.12335 2.91928 18.0577 959.611
218.856 60.4399 3.13256 2.92132 24.8682 957.047
216.546 61.2275 3.11454 2.87563 63.543 805.108
209.518 60.7352 3.04371 2.44547 17.6956 612.549
209.518 60.7351 3.04381 2.44555 17.6956 612.569
