# evlo=206.120193 evla=62.478699
194.627 64.5646 3.06151 2.82768 42.487 616.344
217.654 61.036 3.19803 2.74602 65.2897 629.052
216.3 60.3932 3.06114 2.75849 31.6272 590.029
216.716 60.1205 2.79042 2.56329 57.6199 624.785
215.395 60.9677 3.1772 3.12428 64.083 517.941
209.013 64.0997 3.10698 2.92558 204.572 231.702
209.094 59.7511 2.87966 2.30794 215.31 343.541
209.259 59.7417 2.86669 2.29119 236.778 348.695
210.701 64.1732 3.09603 2.84785 233.852 297.13
207.916 63.4188 3.11025 2.88186 276.516 138.863
212.195 64.6453 3.08542 2.77302 226.765 386.327
204.378 55.8218 3.05171 2.66214 180.872 748.164
207.685 63.8827 3.08495 2.7669 450.848 175.2
208.763 59.5251 2.97599 2.49834 179.388 358.757
209.796 67.2269 3.11751 2.89787 177.958 557.119
209.738 62.4058 3.11122 2.9847 190.143 186.94
217.513 60.0823 3.00142 2.69797 44.2074 665.632
212.624 63.0753 3.16579 2.96873 111.038 338.518
214.225 61.1292 3.12425 2.89517 162.676 452.728
215.93 63.6482 3.17117 3.01623 76.2148 512.298
214.25 60.5487 3.04778 2.82196 241.021 482.803
196.582 54.8564 2.93255 2.23196 32.7841 1011.21
213.401 60.7277 3.07155 2.79724 67.8921 432.606
188.296 63.7758 2.97028 2.69611 25.5501 907.705
203.121 64.7461 3.06503 2.83187 317.149 293.224
211.074 61.771 3.06473 2.77244 235.586 270.194
212.904 60.8792 3.06403 2.75095 122.943 400.731
215.271 60.5805 3.05666 2.84927 105.173 530.224
216.679 60.2805 3.07931 2.91445 37.7878 614.422
218.244 60.7315 3.08261 2.90789 49.2998 671.138
213.052 64.4091 3.09788 2.80309 260.48 407.044
213.497 60.396 3.04018 2.7551 119.492 456.555
215.738 60.3351 3.00895 2.80183 87.2507 565.808
208.348 59.6572 3.01811 2.49395 195.266 336.584
217.659 60.6024 3.17157 2.99462 112.58 647.309
215.581 59.9268 2.91246 2.68056 74.8945 581.949
216.749 60.4427 3.08342 2.89781 42.847 609.586
217.639 60.9231 3.18172 2.77991 74.4896 632.704
211.542 61.4131 3.04458 2.73896 242.094 308.236
197.4 66.8951 3.01853 2.68947 92.7768 643.534
209.077 63.5527 3.10598 2.82478 432.616 191.673
218.995 60.824 3.11603 2.78769 42.5338 705.469
216.976 61.3836 3.0861 2.76621 68.0921 582.277
211.063 63.7318 3.11033 2.80702 167.108 285.869
218.049 60.1785 3.10565 2.81455 37.8797 687.03
217.533 61.1871 3.08454 2.746 57.0411 617.369
218.652 60.2994 3.15514 2.98906 29.4843 711.046
211.14 63.4056 3.16974 2.96796 174.398 274.913
219.217 60.1294 3.14345 2.98138 37.6113 747.487
216.221 60.072 2.87854 2.60172 55.4246 603.659
218.856 60.4399 3.08771 2.97329 71.9756 714.708
216.546 61.2275 3.18287 2.95473 71.2018 565.638
207.417 57.7828 3.1234 2.8038 303.196 528.1
212.138 64.8736 3.09273 2.79514 123.339 399.71
198.929 70.2043 2.9822 2.4854 91.0163 918.269
234.753 71.9871 3.24757 3.07629 16.4267 1601.58
198.198 69.3641 2.94352 2.65963 153.337 846.724
202.84 70.0079 2.86874 2.50081 75.752 852.134
205.387 69.6211 2.95326 2.54815 109.256 797.107
206.58 70.34 2.91573 2.50869 28.5579 876.865
196.822 68.4753 3.03483 2.75352 145.332 793.523
198.806 68.6483 3.02843 2.78257 191.308 765.164
205.217 69.1565 2.99909 2.68517 120.313 745.726
209.387 69.836 2.9255 2.53749 123.18 833.248
215.088 69.9175 3.12415 3.10506 35.6251 920.457
201.885 68.4946 3.06663 2.83152 199.021 698.461
203.387 68.7132 3.04831 2.81512 129.61 706.316
207.318 68.8799 3.06831 2.82166 121.018 715.832
209.319 68.9656 3.03477 2.74382 180.808 737.81
213.625 69.322 3.10533 2.90279 114.16 834.815
219.035 69.243 3.05698 2.7974 117.763 953.342
221.263 69.3286 3.04292 2.74535 68.1348 1023.89
198.174 67.082 3.1738 2.77895 131.7 636.345
199.397 67.4213 3.1957 2.79595 247.735 635.304
202.768 67.4572 3.10489 2.87636 150.126 576.989
203.811 68.2575 3.08787 2.88694 156.025 653.098
206.028 68.4414 3.10908 2.9242 95.1198 664.848
208.187 68.1343 3.11941 2.9156 133.236 637.812
210.384 68.0584 3.1164 2.89942 142.519 652.826
211.513 68.0748 3.12018 2.89696 103.032 672.233
214.432 68.1207 3.09165 2.8398 133.659 737.551
218.405 68.1861 3.05421 2.74852 57.5225 852.85
220.465 68.6043 3.04517 2.67304 46.1635 947.461
222.103 68.3889 3.09946 2.70717 36.5153 986.928
223.281 66.3701 3.11534 2.83105 81.7616 929.62
193.671 65.4742 3.08512 2.8526 81.304 693.447
198.75 66.442 3.04727 2.77177 95.3396 565.853
200.349 66.6001 3.2254 2.80118 112.817 536.003
202.227 66.8332 3.08934 2.80734 99.2058 519.646
204.275 67.0486 3.11077 2.88351 248.702 516.948
206.517 67.2221 3.13039 2.94087 211.948 529.174
207.821 67.5076 3.12932 2.91232 187.212 566.343
212.113 67.5187 3.12097 2.89444 137.621 628.382
214.357 67.5933 3.07819 2.80046 171.392 688.521
215.855 67.6946 3.04674 2.73953 79.3848 738.333
220.128 67.6136 3.01126 2.62101 36.8597 869.979
224.214 67.6106 3.10005 2.84002 127.133 1020.49
226.258 67.441 3.11138 2.85647 97.0333 1093.34
195.961 64.9941 3.08408 2.87222 63.8616 573.867
197.645 65.3936 3.0487 2.66893 57.754 526.862
199.349 65.5011 3.04297 2.74758 184.89 472.165
201.346 65.895 3.05872 2.77063 238.742 445.698
202.913 66.1434 3.09615 2.84546 158.473 436.892
206.494 66.5156 3.13915 2.9318 342.612 450.41
208.493 66.9214 3.10134 2.85536 173.785 507.98
209.976 66.7108 3.12229 2.89586 165.626 506.439
212.525 66.7004 3.0763 2.78646 224.847 561.19
213.899 66.7653 3.04726 2.71879 88.665 604.789
216.215 66.9498 3.07882 2.69938 68.3952 691.344
218.345 66.8088 3.09819 2.80353 65.9586 755.754
221.978 66.9116 3.1219 2.88923 79.1002 899.778
223.778 66.9808 3.11589 2.86951 96.4581 974.746
225.729 66.9227 3.1168 2.86698 107.577 1052.23
197.761 64.6379 3.07033 2.8319 82.6799 479.62
200.087 64.937 3.03546 2.7308 89.0525 404.739
201.637 65.1527 3.05698 2.76217 185.657 370.783
203.551 65.5276 3.08541 2.84488 186.274 362.317
205.119 65.4924 3.09265 2.81521 295.093 339.503
207.195 65.6571 3.1338 2.9084 335.692 358.172
208.623 65.8937 3.10741 2.88341 241.008 399.586
210.457 65.8251 3.09115 2.80397 275.341 428.391
212.122 65.8371 3.05702 2.75154 127.689 474.387
214.18 66.267 3.09234 2.94992 27.5359 573.418
214.181 66.267 3.08371 2.87657 33.4647 573.451
218.473 66.2305 3.12284 2.87918 148.28 726.777
221.631 66.2191 3.12522 2.87362 118.12 854.431
225.657 65.8052 3.15649 2.74785 44.538 1015.68
213.052 64.4091 3.09788 2.80309 260.48 407.044
199.305 63.8864 3.06282 2.83822 70.5957 377.11
205.522 64.7962 3.10491 2.85193 288.238 260.031
208.018 65.18 3.09329 2.83195 356.389 315.249
216.846 65.3064 3.1407 2.91745 103.933 612.791
218.385 65.6035 3.14001 2.88757 77.5079 691.458
220.064 65.4483 3.13956 2.8978 75.7721 757.026
221.694 65.3609 3.08245 2.71997 98.5146 826.26
223.623 65.2225 3.08879 2.75324 52.2073 910.155
196.446 62.7492 3.05577 2.77997 42.3606 497.125
200.922 63.3965 3.08307 2.87482 84.4393 282.984
203.285 63.465 3.02746 2.7846 135.324 181.002
204.379 63.994 3.07814 2.81021 249.525 190.223
205.853 64.1767 3.10713 2.90265 509.273 189.742
214.63 64.613 3.12326 2.84901 185.68 484.902
216.436 64.5012 3.17588 3.09951 58.5 560.413
221.784 64.453 3.16936 2.9989 52.0232 809.116
221.784 64.4525 3.17104 3.00333 34.7463 809.08
195.344 61.9331 3.10455 2.92828 18.1712 563.432
198.469 62.2938 3.10727 3.00587 40.5642 396.118
201.699 62.7161 3.09886 2.83664 58.4788 228.625
205.93 63.3569 3.05726 2.64879 336.104 98.3604
217.924 64.0292 3.16276 2.98969 70.3738 616.589
222.48 63.8433 3.18771 3.02245 53.1559 835.9
197.317 61.3416 3.11951 2.81375 77.1051 479.241
198.513 61.678 3.1087 2.77431 117.546 407.206
200.525 61.7105 3.0857 2.79272 105.119 304.424
201.703 62.1344 3.08998 2.79691 173.974 232.277
203.311 62.2195 3.08203 2.78424 178.09 148.317
216.652 63.0254 3.14861 2.814 47.7918 541.026
221.871 63.109 3.18061 2.89168 40.1527 804.779
196.65 60.4135 3.03155 2.71721 96.4548 554.474
198.04 60.7515 3.07705 2.77609 88.4601 469.527
199.312 60.6947 3.08591 2.83999 73.0205 412.344
201.041 61.0224 3.06523 2.79954 137.149 313.463
202.562 61.4009 3.03117 2.67074 218.837 222.026
204.176 61.4907 3.17598 3.06932 175.324 150.035
209.88 61.7531 3.01388 2.65904 328.295 212.202
212.274 61.7929 3.13145 2.88294 179.316 329.837
213.825 62.1067 3.12188 2.87077 61.1227 401.74
217.004 62.4013 3.03284 2.51355 31.6332 561.436
221.538 62.4435 3.22536 3.04051 45.7097 793.73
225.609 62.2024 3.09716 2.85626 40.8373 1006.42
198.315 59.9237 3.09091 2.80327 71.1015 506.599
199.908 60.1686 3.07877 2.73264 76.7939 420.371
201.231 60.4742 3.03631 2.64104 142.13 343.051
202.813 60.5269 3.18365 2.93325 145.232 279.779
204.11 60.6801 3.25856 3.37554 161.942 227.07
205.516 60.8132 3.15767 3.0367 534.501 188.341
207.791 61.2001 3.10963 2.93786 294.349 167.469
198.736 59.2533 3.11015 2.7959 69.6143 538.063
200.175 59.1767 3.1796 2.97402 56.8836 489.468
201.907 59.5938 3.17085 2.93978 215.016 393.773
202.905 59.7733 3.18997 2.97672 149.113 347.609
204.792 59.8542 3.18302 3.08839 296.592 301.047
205.68 60.1952 3.189 3.04605 438.888 255.548
207.376 60.0815 3.21914 2.94917 347.542 275.475
210.276 60.4814 2.86651 2.27807 93.7221 313.86
219.809 60.7718 3.09874 2.89836 23.1981 749
202.009 59.0314 3.18863 2.97112 178.013 444.527
204.771 59.3922 3.19404 3.02654 321.124 351.597
206.768 59.6524 3.19326 3.05754 178.012 316.867
227.183 60.2114 3.16923 2.93014 18.2814 1149.65
203.344 58.6774 3.20668 3.04107 54.2241 449.954
204.113 58.2637 3.21968 3.05293 245.309 482.443
204.991 58.6484 3.23684 3.06179 204.254 431.228
206.355 58.9287 3.17706 2.90882 278.519 395.763
207.606 58.6097 3.14236 2.81881 118.463 438.701
213.66 59.4296 2.86103 2.55052 43.8116 530.794
202.426 57.5673 3.12259 2.76395 133.911 584.451
203.613 57.6397 3.20107 2.97536 203.375 556.817
205.548 57.5665 3.1727 2.94205 133.024 548.204
228.869 57.9128 2.72018 2.20788 19.3777 1351.61
212.138 64.8735 3.08876 2.78288 90.8697 399.696
210.428 68.6408 3.08623 2.84118 239.73 714.872
211.063 63.7323 3.11085 2.80749 167.108 285.917
211.14 63.4057 3.1698 2.96801 174.398 274.918
218.547 60.1369 3.93336 3.83541 105.421 713.765
216.296 60.3923 3.06052 2.75793 31.6272 589.909
216.716 60.1205 2.79042 2.56329 57.6199 624.785
215.271 60.5805 3.05666 2.84927 105.173 530.224
216.679 60.2805 3.07931 2.91445 37.7878 614.422
218.244 60.7315 3.08261 2.90789 49.2998 671.138
217.659 60.602 3.17154 2.99459 112.58 647.303
216.749 60.4427 3.08342 2.89781 42.847 609.586
217.639 60.9231 3.18167 2.77987 74.4896 632.694
218.995 60.8241 3.11601 2.78768 42.5338 705.465
216.976 61.3836 3.0861 2.76621 68.0921 582.277
218.049 60.1785 3.10565 2.81455 37.8797 687.03
217.533 61.187 3.08461 2.74606 57.0411 617.382
218.652 60.2994 3.15514 2.98906 29.4843 711.046
219.217 60.1294 3.14345 2.98138 37.6113 747.487
216.221 60.072 2.87854 2.60172 55.4246 603.659
218.856 60.4399 3.08771 2.97329 71.9756 714.708
216.546 61.2275 3.18287 2.95473 71.2018 565.638
209.518 60.7352 2.73501 2.06637 237.783 265.004
209.518 60.7351 2.73524 2.06655 237.783 265.027
