# evlo=223.206497 evla=62.576302
194.627 64.5646 3.12727 2.76854 34.8098 1424.46
217.908 60.4896 3.15519 3.00183 212.841 365.197
217.654 61.036 3.15084 3.01868 269.003 339.242
217.507 60.403 3.13024 2.95358 239.121 388.156
218.338 61.0595 3.14904 3.02126 387.454 307.178
220.363 59.9534 3.13808 3.07869 169.05 329.629
216.3 60.3932 3.12315 2.97942 232.531 440.798
225.144 58.5792 3.2271 3.12152 246.155 457.805
216.716 60.1205 3.02712 2.85347 185.844 441.849
215.395 60.9677 3.19145 3.02818 288.535 449.28
209.013 64.0997 3.11521 2.72993 67.984 729.235
210.701 64.1732 3.17565 3.03323 69.2885 649.183
212.195 64.6453 3.22501 3.37597 60.423 592.014
207.685 63.8827 3.1765 3.01194 50.9098 791.734
216.907 60.7523 3.16154 3.01993 192.422 390.476
218.66 60.9649 3.14187 3.0369 328.059 299.654
217.513 60.0823 3.07424 2.89527 158.716 412.271
214.225 61.1292 3.20705 3.07189 196.917 499.129
214.25 60.5487 3.12903 3.00786 305.403 526.334
213.401 60.7277 3.1818 3.05874 136.407 558.278
209.784 61.1426 3.15925 2.96385 70.1256 722.981
214.766 66.5657 3.1942 3.09152 123.857 600.253
203.121 64.7461 3.13125 2.91349 52.641 1018.95
211.074 61.771 3.1545 2.92192 88.4654 637.464
216.188 61.4417 3.19656 3.03444 316.147 388.565
212.904 60.8792 3.21566 3.08524 98.8796 575.79
215.271 60.5805 3.15432 2.99334 232.593 476.182
216.679 60.2805 3.1155 2.9977 74.8028 431.933
218.244 60.7315 3.14348 3.0096 212.394 333.635
213.497 60.396 3.11825 3.00689 199.072 570.8
215.738 60.3351 3.10725 2.95534 154.84 469.715
217.659 60.6024 3.156 3.02394 269.76 367.43
225.615 58.2758 3.22664 3.07538 389.928 497.1
215.581 59.9268 2.92519 2.73734 125.495 504.175
216.749 60.4427 3.12726 2.99397 106.996 417.699
217.639 60.9231 3.16318 3.05335 339.213 346.859
214.077 61.4924 3.18439 3.02686 205.765 492.385
211.542 61.4131 3.17671 3.00784 175.651 624
197.4 66.8951 3.12574 2.8787 27.5757 1308.54
218.995 60.824 3.14084 2.98218 274.49 296.185
216.976 61.3836 3.17741 3.00429 318.105 352.509
211.063 63.7318 3.20285 3.04704 44.0808 624.497
218.049 60.1785 3.10459 2.96585 151.313 383.734
216.031 60.2361 3.07307 2.92822 148.705 463.189
217.533 61.1871 3.16342 3.01392 369.513 336.051
218.652 60.2994 3.14655 3.07537 150.284 351.181
211.14 63.4056 3.21467 3.04552 60.9879 617.634
219.217 60.1294 3.10407 2.95303 213.244 346.151
216.221 60.072 2.95888 2.77021 160.109 466.323
218.856 60.4399 3.15829 3.13765 236.177 332.036
216.546 61.2275 3.1763 3.00371 283.834 380.821
212.138 64.8736 3.21738 3.12389 124.456 602.825
203.383 71.3221 2.96142 2.64177 73.6186 1292.4
205.026 71.0033 2.95634 2.57098 20.6152 1224.14
234.753 71.9871 3.19599 3.15454 97.5357 1156.94
202.84 70.0079 2.95555 2.32225 23.6869 1223
206.58 70.34 2.9617 2.64221 48.7715 1132.15
209.387 69.836 2.99569 2.72221 54.5218 1016.18
211.299 69.72 3.04191 2.81396 183.025 957.33
215.088 69.9175 3.1253 2.96274 129.289 894.543
216.289 69.626 3.15415 3.01662 154.219 844.819
235.93 69.3475 3.17796 2.8853 39.2902 947.307
207.318 68.8799 3.08229 2.71496 31.1642 1007.14
209.319 68.9656 3.15208 2.76312 56.3401 950.803
211.177 69.1532 3.03382 2.79731 178.799 912.756
213.625 69.322 3.10668 2.93663 296.346 867.126
219.035 69.243 3.13452 2.99977 131.431 766.851
221.263 69.3286 3.07643 2.85759 240.784 757.995
199.397 67.4213 3.19073 3.06376 32.9671 1235.96
202.768 67.4572 3.17587 3.06428 17.8732 1099.21
203.811 68.2575 3.12095 2.85388 20.7431 1093.59
206.028 68.4414 3.15775 3.14031 17.7673 1023.33
208.187 68.1343 3.13568 2.98293 47.9278 929.881
211.513 68.0748 3.14659 2.93298 82.6419 817.598
214.432 68.1207 3.06502 2.86263 129.809 739.461
218.405 68.1861 3.18003 3.03534 292.484 663.661
220.465 68.6043 3.11959 2.94813 272.632 683.751
222.103 68.3889 3.07398 2.82943 396.193 650.086
223.281 66.3701 3.13768 2.91645 476.561 422.964
195.352 65.7077 3.10316 2.84947 32.8368 1387.54
200.349 66.6001 3.17544 2.9894 15.4462 1174.78
202.227 66.8332 3.18112 2.96117 28.0588 1100.33
204.275 67.0486 3.19682 3.12396 30.0193 1022.5
206.517 67.2221 3.17669 2.98184 48.1455 940.34
212.113 67.5187 3.16575 3.04453 100.067 757.201
215.855 67.6946 3.1009 2.91868 116.347 665.891
220.128 67.6136 3.14637 3.05377 113.252 579.79
224.214 67.6106 3.14085 2.91428 121.058 563.267
226.258 67.441 3.13223 2.87679 335.087 560.976
195.961 64.9941 3.10057 2.79371 15.5211 1358.83
197.645 65.3936 3.11217 2.85807 43.022 1280.43
199.349 65.5011 3.12487 2.73178 19.8195 1202.3
201.346 65.895 3.15246 2.85521 27.081 1116.46
202.913 66.1434 3.18865 3.04918 30.8987 1051.89
206.494 66.5156 3.20966 3.13702 56.9404 910.164
208.493 66.9214 3.17552 2.97863 42.653 848.506
212.525 66.7004 3.1449 2.97407 67.2218 685.573
213.899 66.7653 3.18257 3.09746 59.491 643.478
216.215 66.9498 3.1054 2.89748 123.581 589.551
218.345 66.8088 3.13022 2.95471 316.09 525.446
221.978 66.9116 3.11089 2.88142 205.962 486.841
223.778 66.9808 3.15505 2.96126 507.738 491.8
225.729 66.9227 3.13106 2.87152 180.855 499.138
197.761 64.6379 3.12004 2.81851 20.3044 1274.2
200.087 64.937 3.12111 2.88121 38.4786 1163.91
207.195 65.6571 3.18668 3.06531 60.711 849.384
208.623 65.8937 3.18958 2.98346 66.8265 795.837
212.122 65.8371 3.28005 3.38144 53.2437 648.212
218.473 66.2305 3.13068 2.92974 145.238 466.674
221.631 66.2191 3.13471 2.96012 394.182 413.126
225.657 65.8052 3.22633 3.47167 92.6128 379.081
214.843 62.3987 3.1926 3.02459 172.063 431.355
199.305 63.8864 3.15169 2.96772 30.45 1203.17
205.522 64.7962 3.13085 2.90648 27.6911 905.969
208.018 65.18 3.0714 2.94926 60.5593 798.439
210.64 65.1479 3.20155 3.07035 52.425 679.661
220.064 65.4483 3.1469 2.9515 161.099 355.033
221.694 65.3609 3.15339 3.02304 711.351 319.118
223.623 65.2225 3.15656 3.00505 351.899 295.695
200.922 63.3965 3.10175 2.7513 16.2494 1127.66
203.285 63.465 3.13855 2.75021 18.5486 1009.49
204.379 63.994 3.12103 2.80667 27.8525 954.216
205.853 64.1767 3.15891 2.98239 47.6064 883.177
216.436 64.5012 3.30173 3.56282 119.07 398.969
221.784 64.453 3.15855 3.02303 712.489 220.838
221.784 64.4525 3.15881 3.02509 407.512 220.794
223.67 64.5753 3.135 2.94968 400.123 224.012
205.93 63.3569 3.0984 2.95522 69.5184 878.049
222.48 63.8433 3.17841 3.08382 524.709 145.877
203.311 62.2195 3.16611 2.70184 24.8006 1025.53
205.146 62.1816 3.27763 3.20375 30.9684 932.554
218.173 63.0618 3.34938 3.59292 89.9344 262.233
202.562 61.4009 3.26047 2.81192 24.8835 1085.26
209.88 61.7531 3.19265 3.0197 62.2646 699.288
212.274 61.7929 3.1158 2.80976 120.267 575.32
213.825 62.1067 3.13392 2.89991 74.6027 488.433
217.004 62.4013 3.21958 3.12386 217.436 320.267
218.122 62.3579 3.21369 3.12389 206.819 263.389
221.538 62.4435 3.17487 3.04914 207.657 87.2445
225.609 62.2024 3.23504 3.03563 88.7398 131.089
198.315 59.9237 3.19054 2.83469 20.6842 1359.35
202.813 60.5269 3.19995 2.86349 21.8609 1103.06
207.791 61.2001 3.11929 2.80611 39.6292 822.986
215.402 61.6061 3.18778 3.03205 233.959 421.53
222.911 61.4593 3.18572 3.0248 451.017 125.44
224.22 61.4862 3.19043 2.9195 355.802 132.57
198.736 59.2533 3.09846 2.70084 20.5314 1368.89
200.175 59.1767 3.15966 2.79562 16.2318 1299.05
201.907 59.5938 3.14962 2.77223 38.0177 1190.24
202.905 59.7733 3.14734 2.76016 28.5384 1130.81
204.792 59.8542 3.07271 2.73251 32.7427 1030.95
205.68 60.1952 3.1144 2.73134 32.5123 970.221
207.376 60.0815 2.96022 2.56444 39.8199 889.425
210.276 60.4814 3.13461 2.93955 66.3961 725.034
219.809 60.7718 3.13837 3.07698 232.064 269.75
221.424 60.3024 3.17991 3.09297 302.356 270.623
223.909 60.7704 3.18923 3.10086 629.749 204.66
202.009 59.0314 3.09117 2.7859 19.33 1213.12
204.771 59.3922 3.07991 2.77674 24.3534 1054.79
206.768 59.6524 3.02646 2.56783 32.2279 941.064
212.597 59.9979 3.0843 2.9364 204.388 636.282
222.262 59.6304 3.18356 3.03598 387.133 332.184
223.04 60.1218 3.21494 3.10809 423.443 273.662
226.285 59.5898 3.24665 3.12552 73.4813 371.861
227.183 60.2114 3.22639 3.14929 152.282 338.39
203.344 58.6774 3.06441 2.66771 20.737 1164.96
213.66 59.4296 2.85219 2.56257 104.641 623.302
227.731 58.9601 3.20641 3.07593 63.3466 472.148
224.26 58.4133 3.22766 3.10251 324.754 467.429
225.482 58.2747 3.23015 3.10154 219.942 495.319
223.768 57.9616 3.22061 3.09941 322.02 515.087
225.424 57.4688 3.22618 3.03978 104.357 582.227
227.048 56.8144 3.23752 3.08212 175.815 677.082
229.75 56.9811 3.19585 3.09692 93.4129 722.854
212.138 64.8735 3.21793 3.1233 113.773 602.83
210.428 68.6408 3.11192 2.9803 75.4146 893.334
226.879 56.1146 3.23803 3.05627 241.287 749.25
228.385 55.3279 3.22925 3.07809 177.862 860.014
227.653 56.4191 3.21445 3.07002 157.586 730.299
209.931 62.7622 3.70339 3.72248 136.398 679.424
211.063 63.7323 3.20275 3.04695 44.0808 624.478
211.14 63.4057 3.21465 3.04551 60.9879 617.631
218.547 60.1369 2.44203 2.3174 232.606 368.654
217.908 60.4896 3.15519 3.00183 212.841 365.197
217.507 60.403 3.13024 2.95358 239.121 388.156
218.338 61.0595 3.149 3.02121 387.454 307.174
216.296 60.3923 3.12464 2.98085 232.531 441.009
216.716 60.1205 3.02712 2.85347 185.844 441.849
215.271 60.5805 3.15432 2.99334 232.593 476.182
216.679 60.2805 3.1155 2.9977 74.8028 431.933
218.244 60.7315 3.14348 3.0096 212.394 333.635
217.659 60.602 3.15642 3.02435 269.76 367.479
216.749 60.4427 3.12726 2.99397 106.996 417.699
217.639 60.9231 3.16327 3.05343 339.213 346.868
218.995 60.8241 3.14076 2.9821 274.49 296.177
216.976 61.3836 3.17741 3.00429 318.105 352.509
218.049 60.1785 3.10459 2.96585 151.313 383.734
216.031 60.2361 3.07307 2.92822 148.705 463.189
217.533 61.187 3.16339 3.01389 369.513 336.047
218.652 60.2994 3.14655 3.07537 150.284 351.181
219.217 60.1294 3.10407 2.95303 213.244 346.151
216.221 60.072 2.95888 2.77021 160.109 466.323
218.856 60.4399 3.15829 3.13765 236.177 332.036
216.546 61.2275 3.1763 3.00371 283.834 380.821
