# evlo=210.135162 evla=62.860256
211.063 63.7318 2.79748 2.86806 74.2533 107.711
226.475 68.3065 3.16745 2.93107 34.9638 963.019
212.138 64.8736 2.93876 2.84207 116.291 245.067
210.8 64.3306 2.87334 2.80365 44.1222 167.19
211.198 63.5831 2.78909 3.01996 44.5588 96.6912
213.356 63.1033 3.21504 2.99706 36.0723 165.543
211.617 63.3734 3.11525 3.0052 146.976 94.1523
212.145 63.2652 3.162 3.02819 29.232 111.182
212.856 63.0345 3.2203 2.95981 115.459 139.481
211.022 63.8345 3.11825 2.87982 70.7833 117.316
211.063 63.7323 2.79904 2.86966 74.2533 107.771
210.834 64.0412 3.10791 2.87847 112.013 136.174
210.523 63.7231 2.77054 2.99628 114.849 98.1181
211.195 63.5067 2.76449 2.9592 39.9519 89.6685
210.701 64.1702 2.8474 2.77501 44.7399 148.708
211.225 63.6559 3.19148 3.14972 93.2271 104.216
