# evlo=209.796143 evla=62.56044
211.14 63.4056 2.86939 2.96557 25.9371 116.251
212.138 64.8736 3.07696 2.80165 37.9646 282.604
210.8 64.3306 3.09147 2.80791 23.7225 203.573
211.198 63.5831 3.15841 2.81196 35.075 134.218
211.617 63.3734 2.86902 2.99854 60.4269 129.39
212.145 63.2652 2.90534 2.93631 36.322 142.882
212.856 63.0345 3.50366 2.93124 18.8786 164.816
210.219 63.5581 2.8527 2.93354 17.3392 113.232
211.022 63.8345 3.10957 2.82718 32.5088 154.825
210.729 63.2286 2.77591 2.97353 30.355 88.313
210.921 64.5797 3.23324 2.79726 33.5022 231.915
210.834 64.0412 2.88104 2.97662 47.6716 173.06
211.14 63.4057 2.86955 2.96574 25.9371 116.257
211.145 63.4015 3.19281 2.95611 26.8649 116.039
211.185 63.4003 2.86202 2.89742 20.7311 117.14
211.122 63.4157 2.86269 2.84943 17.1952 116.644
211.133 63.4014 2.87401 3.08694 15.4825 115.665
211.132 63.3896 2.87951 3.07515 16.7644 114.598
210.523 63.7231 3.1092 3.02306 24.7536 134.667
211.195 63.5067 3.17296 2.94808 43.3749 127.031
210.879 63.9391 3.07234 2.89993 23.3808 163.014
210.701 64.1702 3.08916 2.86655 31.4713 185.054
211.225 63.6559 2.89041 2.77729 33.6711 141.813
