# evlo=218.555695 evla=60.227501
218.338 61.0595 2.22873 2.79219 33.1653 93.4674
216.3 60.3932 2.50128 2.38263 40.3243 126.061
216.716 60.1205 2.68279 2.20358 34.286 102.811
215.271 60.5805 3.00577 2.55528 34.7819 185.259
216.679 60.2805 2.93506 2.37969 32.6898 104.08
216.749 60.4427 2.52945 2.49056 48.5468 102.629
217.639 60.9231 2.73932 2.84356 33.2251 92.3585
216.976 61.3836 2.91932 3.07169 54.4477 154.876
216.031 60.2361 2.35597 2.2207 15.4417 139.897
217.533 61.1871 3.53615 2.88535 74.8024 120.629
216.221 60.072 1.88241 1.99797 42.4254 130.832
216.546 61.2275 3.47709 2.97272 36.3976 156.348
226.475 68.3065 3.1868 2.95837 18.2259 977.174
212.138 64.8736 3.07111 2.91751 31.9492 613.468
218.842 64.7774 3.07431 2.98836 41.001 507.314
218.338 61.0595 2.22872 2.79216 33.1653 93.4667
216.296 60.3923 2.50471 2.3859 40.3243 126.235
216.716 60.1205 2.68279 2.20358 34.286 102.811
215.271 60.5805 3.00577 2.55528 34.7819 185.259
216.679 60.2805 2.93506 2.37969 32.6898 104.08
216.749 60.4427 2.52945 2.49056 48.5468 102.629
217.639 60.9231 2.73949 2.84374 33.2251 92.3644
216.976 61.3836 2.91932 3.07169 54.4477 154.876
216.031 60.2361 2.35597 2.2207 15.4417 139.897
217.533 61.187 3.53572 2.885 74.8024 120.614
216.221 60.072 1.88241 1.99797 42.4254 130.832
216.546 61.2275 3.47709 2.97272 36.3976 156.348
