# evlo=218.6259 evla=60.246899
221.171 59.4924 2.73456 2.41929 135.464 165.498
218.338 61.0595 3.07986 2.97474 98.3772 91.9037
216.3 60.3932 2.73171 2.4528 90.3565 129.574
216.716 60.1205 2.45629 2.22182 58.1525 106.914
215.271 60.5805 2.82719 2.62404 58.8014 188.55
216.679 60.2805 2.63135 2.3493 49.2981 107.832
216.749 60.4427 2.78728 2.54751 68.0423 105.907
217.639 60.9231 3.06099 2.95166 76.5567 92.7334
216.976 61.3836 3.13372 3.03183 85.9334 155.246
216.031 60.2361 2.54697 2.20678 48.505 143.745
217.533 61.1871 3.13873 2.97994 98.6449 120.559
216.221 60.072 2.3034 2.03319 94.9724 134.954
216.546 61.2275 3.17422 3.04341 70.0065 157.528
226.475 68.3065 3.1387 2.96753 79.3216 973.838
207.417 57.7828 2.84878 2.64126 111.95 698.924
212.138 64.8736 3.12597 2.91895 113.187 613.532
218.842 64.7774 3.30988 2.99941 159.295 505.062
212.952 61.1216 3.34102 3.05113 34.9986 324.884
218.338 61.0595 3.07982 2.97471 98.3772 91.9027
216.296 60.3923 2.73542 2.45613 90.3565 129.749
216.716 60.1205 2.45629 2.22182 58.1525 106.914
215.271 60.5805 2.82719 2.62404 58.8014 188.55
216.679 60.2805 2.63135 2.3493 49.2981 107.832
216.749 60.4427 2.78728 2.54751 68.0423 105.907
217.639 60.9231 3.0612 2.95186 76.5567 92.7398
216.976 61.3836 3.13372 3.03183 85.9334 155.246
216.031 60.2361 2.54697 2.20678 48.505 143.745
217.533 61.187 3.13834 2.97957 98.6449 120.544
216.221 60.072 2.3034 2.03319 94.9724 134.954
216.546 61.2275 3.17422 3.04341 70.0065 157.528
220.454 59.9722 2.68002 2.29766 123.547 106.183
