# evlo=227.254303 evla=60.169399
216.221 60.072 2.98847 2.82821 19.0494 612.797
234.769 58.8471 3.23008 3.06919 35.9333 449.982
234.233 58.9305 3.21714 3.10318 25.8737 417.883
233.891 59.4223 3.18627 3.01608 55.2249 381.624
233.05 59.6548 3.16478 2.97565 16.8058 329.168
232.224 60.0057 3.14609 2.90851 94.1048 277.122
231.195 60.1197 3.15053 2.96057 69.2383 218.991
230.28 60.1576 3.19158 2.98169 42.5451 167.991
229.393 60.087 3.20611 3.13462 73.4079 119.226
225.753 60.434 3.25398 3.22537 58.7676 88.1073
237.286 58.0965 3.20857 3.09035 20.3001 618.262
237.146 57.39 3.23696 3.07675 21.971 649.64
237.423 57.0779 3.21938 3.08402 27.0475 682.793
210.418 68.0789 3.24318 3.01939 35.7998 1196.47
211.489 65.5114 3.20214 2.99223 16.3438 995.347
211.554 70.2036 3.15063 2.97355 37.4206 1330.03
210.457 65.825 3.20294 3.01627 19.3823 1053.81
230.743 53.517 3.23569 3.1033 16.2998 770.504
216.221 60.072 2.98847 2.82821 19.0494 612.797
