# evlo=209.736496 evla=66.206596
217.908 60.4896 3.11311 2.87636 44.7316 755.965
217.507 60.403 3.09431 2.83703 40.2842 753.952
218.338 61.0595 3.11436 2.93481 80.351 713.518
216.3 60.3932 3.07027 2.78441 38.085 725.913
216.679 60.2805 3.04957 2.76856 23.7282 746.006
218.244 60.7315 3.13138 2.92415 85.2372 741.852
217.659 60.6024 3.10777 2.85434 27.8817 738.346
217.639 60.9231 3.10839 2.90529 46.1576 706.72
218.995 60.824 3.11673 2.96055 18.1412 754.973
216.976 61.3836 3.11518 2.89272 82.0547 644.392
218.049 60.1785 3.18189 2.85118 21.1546 790.114
216.031 60.2361 3.04618 2.78251 105.165 736.099
217.533 61.1871 3.11378 2.8953 128.695 678.476
218.652 60.2994 3.11779 2.91447 46.7943 794.694
219.217 60.1294 3.10895 2.92497 89.7907 826.962
216.221 60.072 3.11598 2.84639 48.7812 757.041
218.856 60.4399 3.14093 2.92289 38.3674 787.011
225.753 60.434 3.19865 3.02884 16.6106 1023.7
210.176 67.8516 3.10922 2.93986 417.8 184.452
210.418 68.0789 3.11085 2.89485 261.486 210.886
211.164 69.0223 2.98809 2.72739 266.736 319.825
211.489 65.5114 3.0857 2.99725 145.919 111.386
211.449 65.522 3.12987 3.10289 17.3374 109.239
204.534 64.74 3.20521 2.99367 32.6292 291.166
211.306 69.424 2.92516 2.57175 130.22 364.865
210.41 68.6274 3.05851 2.82159 302.297 271.522
209.89 67.3812 3.13203 2.83819 289.939 131.165
217.908 60.4896 3.11311 2.87636 44.7316 755.965
217.507 60.403 3.09431 2.83703 40.2842 753.952
218.338 61.0595 3.11438 2.93482 80.351 713.521
216.296 60.3923 3.07033 2.78447 38.085 725.928
216.679 60.2805 3.04957 2.76856 23.7282 746.006
218.244 60.7315 3.13138 2.92415 85.2372 741.852
217.659 60.602 3.10788 2.85445 27.8817 738.373
217.639 60.9231 3.10837 2.90527 46.1576 706.714
218.995 60.8241 3.11669 2.96052 18.1412 754.964
216.976 61.3836 3.11518 2.89272 82.0547 644.392
218.049 60.1785 3.18189 2.85118 21.1546 790.114
216.031 60.2361 3.04618 2.78251 105.165 736.099
217.533 61.187 3.11385 2.89536 128.695 678.491
218.652 60.2994 3.11779 2.91447 46.7943 794.694
219.217 60.1294 3.10895 2.92497 89.7907 826.962
216.221 60.072 3.11598 2.84639 48.7812 757.041
218.856 60.4399 3.14093 2.92289 38.3674 787.011
210.406 60.5508 3.10606 2.82613 22.1145 631.314
210.59 60.0084 3.11855 2.85359 21.4715 692.195
210.402 60.8738 3.09224 2.88208 25.5404 595.358
210.574 60.776 3.09498 2.82062 171.081 606.766
210.502 61.001 3.0845 2.80767 29.9245 581.503
211.909 60.5183 3.09713 2.84638 48.5494 643.208
210.455 61.3427 3.0757 2.78419 37.7522 543.342
209.971 61.6954 2.97789 2.6514 62.3869 503.021
212.047 60.7098 3.09465 2.82775 49.3257 623.351
211.068 60.8049 3.09341 2.79403 191.961 605.728
208.919 60.4641 2.83552 2.34424 29.2128 641.391
211.376 60.7866 3.09365 2.83659 70.4319 609.604
