# evlo=233.021004 evla=52.3437
235.227 58.6614 3.32781 3.11929 16.5732 716.948
234.769 58.8471 3.19933 3.08357 19.7341 732.317
234.233 58.9305 3.30717 3.07378 23.5338 737.269
232.224 60.0057 3.39264 3.0217 22.7071 854.538
229.393 60.087 3.17079 2.88812 16.2167 890.739
230.745 53.425 3.26758 3.23147 146.155 194.801
230.743 53.517 3.23864 3.11009 82.156 201.264
230.943 53.673 3.25367 3.15202 148.33 203.306
230.974 53.769 3.25445 3.13814 34.9772 209.738
231.098 53.819 3.2396 3.13973 29.2171 208.697
231.321 53.9 3.29655 3.13024 63.8509 207.232
231.373 54.036 3.25062 3.05863 73.0385 218.171
231.376 54.093 3.26177 3.06542 59.1105 223.535
231.424 54.17 3.23052 3.23865 57.7689 229.486
231.479 54.262 3.2605 3.22079 89.6253 236.938
231.436 54.358 3.26375 3.2227 38.8239 247.766
231.416 54.467 3.22971 3.09245 70.5392 259.283
231.434 54.502 3.23046 3.12346 65.9652 262.337
231.542 54.539 3.24075 3.14925 82.7166 263.336
231.6 54.636 3.24589 3.12888 52.3974 271.985
231.677 54.722 3.22467 3.12601 56.4646 279.282
231.696 54.801 3.23256 3.13788 57.0677 287.217
231.665 54.851 3.23346 3.19251 51.2102 293.128
231.681 55.018 3.23226 3.10636 42.8589 310.522
231.846 55.084 3.2226 3.1951 41.9148 314.694
232.267 55.179 3.20964 3.03353 55.0861 319.459
232.385 55.267 3.21646 3.05173 79.0962 328.05
232.359 55.411 3.21678 3.05692 49.79 344.159
234.367 52.4126 3.22175 3.0404 319.844 91.9986
234.492 52.3773 3.23212 3.10451 279.426 100.279
234.738 52.38 3.23148 3.12812 416.154 117.02
234.917 52.3782 3.23127 3.14162 401.573 129.217
