# evlo=231.479004 evla=54.262001
231.887 52.1847 3.18402 3.07278 156.781 232.781
236.736 59.4036 3.41853 3.25421 65.2204 655.878
235.766 58.6528 3.17074 3.00545 54.1919 555.53
235.227 58.6614 3.3434 3.04532 40.5297 541.436
234.769 58.8471 3.34987 2.9893 35.7503 549.012
234.233 58.9305 3.18173 3.01825 40.1276 546.565
233.891 59.4223 3.33332 3.06542 15.7429 593.09
231.195 60.1197 3.14668 2.9515 29.8788 652.554
230.745 53.425 3.25926 2.95119 222.059 104.941
230.743 53.517 3.24327 2.98895 167.253 96.0075
231.681 55.018 3.24101 3.05958 81.1905 85.1602
231.846 55.084 3.24221 3.06027 142.031 94.5159
232.267 55.179 3.1835 2.95329 311.773 114.009
232.385 55.267 3.18455 2.96457 310.72 126.16
232.359 55.411 3.20643 3.00227 287.866 139.845
232.425 52.1577 3.3039 3.30578 42.9604 242.556
232.528 52.1871 3.28041 3.15846 29.7689 241.296
232.744 52.294 3.21014 3.08078 56.4588 234.709
232.847 52.3171 3.22796 3.02937 92.887 234.877
233.021 52.3437 3.2605 3.22079 89.6253 236.938
233.165 52.3901 3.26401 3.28889 53.9379 236.67
233.315 52.3748 3.24513 3.2278 41.4477 243.062
233.445 52.404 3.21456 3.12203 55.4215 244.763
233.582 52.4315 3.22874 3.00157 63.4568 247.215
233.654 52.4412 3.24162 3.00956 78.7513 249.035
233.783 52.4386 3.25851 2.98498 26.3245 254.355
233.869 52.4069 3.23231 2.96899 55.3298 260.688
233.933 52.3681 3.25405 3.06357 75.2359 266.746
234.034 52.3981 3.28805 3.29827 49.661 268.283
234.15 52.4019 3.2502 3.18785 30.154 272.926
234.223 52.362 3.27652 3.2746 80.8723 279.521
234.367 52.4126 3.24571 3.14383 49.9484 281.7
234.492 52.3773 3.25209 3.17258 62.5658 290.314
234.738 52.38 3.24714 3.10763 57.004 301.651
234.917 52.3782 3.26136 3.12282 60.7595 310.489
