# evlo=230.973999 evla=53.769001
231.887 52.1847 3.19503 3.03536 30.8086 186.662
231.434 54.502 3.29623 3.00868 151.938 86.9516
231.542 54.539 3.27555 2.97503 71.5669 93.3954
231.6 54.636 3.28143 2.96792 78.0961 104.794
231.677 54.722 3.2594 2.97005 93.6165 115.553
231.696 54.801 3.27547 2.99452 72.7081 124.122
231.665 54.851 3.27074 2.98632 78.9312 128.56
231.681 55.018 3.22618 3.06989 49.7233 146.416
231.846 55.084 3.21698 3.05462 68.0821 156.933
232.267 55.179 3.22229 3.01194 108.112 177.926
232.385 55.267 3.21452 3.08744 99.1678 190.134
232.359 55.411 3.2092 3.08386 72.3324 203.521
232.644 52.2602 3.33204 3.32876 18.6973 201.857
232.744 52.294 3.31356 3.20152 38.5968 202.591
233.021 52.3437 3.25445 3.13814 34.9772 209.738
233.165 52.3901 3.26322 3.04907 28.6652 212.364
233.315 52.3748 3.24997 3.14738 45.1079 220.658
233.445 52.404 3.24953 3.14553 56.9415 224.69
233.582 52.4315 3.23552 3.1822 55.3473 229.502
233.654 52.4412 3.23948 3.1699 56.6846 232.438
233.783 52.4386 3.24043 3.21868 52.7051 239.352
233.869 52.4069 3.24584 3.18823 51.2609 246.141
233.933 52.3681 3.24394 3.2081 50.7138 252.236
234.034 52.3981 3.24865 3.21623 35.1678 255.511
234.223 52.362 3.23914 3.21154 44.1637 268.183
234.367 52.4126 3.23434 3.17252 50.4742 272.845
234.492 52.3773 3.24354 3.17478 50.5222 282.056
234.738 52.38 3.2486 3.14064 47.5549 295.793
234.917 52.3782 3.24491 3.12568 58.5709 306.197
