# evlo=231.376007 evla=54.092999
231.887 52.1847 3.18018 3.07782 133.761 215.103
230.745 53.425 3.27528 2.97531 168.293 85.2035
231.665 54.851 3.2884 2.96749 131.329 86.431
231.681 55.018 3.21109 3.06337 108.633 104.841
231.846 55.084 3.23107 3.00163 161.481 114.421
232.267 55.179 3.20245 2.94008 304.517 133.88
232.385 55.267 3.1955 2.98281 326.145 145.992
232.359 55.411 3.20454 2.99839 282.711 159.784
232.425 52.1577 3.31951 3.18295 43.3669 226.522
232.528 52.1871 3.33407 3.58971 25.8037 225.664
232.644 52.2602 3.23912 3.13604 39.1988 220.873
232.742 52.2882 3.24614 3.05993 15.397 220.621
232.744 52.294 3.24217 3.19522 80.4651 220.095
232.847 52.3171 3.24206 3.1131 74.5328 220.717
233.021 52.3437 3.26177 3.06542 59.1105 223.535
233.165 52.3901 3.36151 3.64667 29.8989 223.996
233.315 52.3748 3.19531 2.86337 38.0145 230.921
233.445 52.404 3.24372 2.94814 19.4044 233.246
233.654 52.4412 3.31593 3.27548 56.5371 238.481
233.783 52.4386 3.32057 3.28892 58.8967 244.273
233.869 52.4069 3.2946 3.23776 66.3358 250.772
233.933 52.3681 3.30942 3.29629 56.67 256.877
234.034 52.3981 3.28049 3.24377 66.8569 258.908
234.15 52.4019 3.2785 3.27784 65.2058 263.968
234.223 52.362 3.27963 3.17888 75.4012 270.615
234.367 52.4126 3.25545 3.17097 124.631 273.516
234.492 52.3773 3.25968 3.19304 79.7163 282.348
234.738 52.38 3.23151 3.08075 97.4156 294.441
234.917 52.3782 3.23341 3.06104 92.8004 303.783
