# evlo=215.270798 evla=60.580502
217.908 60.4896 2.90981 2.74241 539.544 145.144
217.654 61.036 3.15367 3.08056 284.875 139.28
217.507 60.403 2.80689 2.53069 392.833 124.493
218.338 61.0595 3.16571 3.04871 304.23 175.194
220.363 59.9534 2.9224 2.78921 121.629 290.307
216.716 60.1205 2.39272 2.20603 217.005 94.823
209.013 64.0997 3.12013 2.87376 81.44 508.427
209.094 59.7511 2.97401 2.82549 199.983 355.037
209.259 59.7417 2.95453 2.80801 207.75 346.542
208.846 60.7683 2.89555 2.64536 134.738 351.658
212.195 64.6453 3.0891 2.99428 85.2325 479.645
208.763 59.5251 2.96674 2.80969 234.437 380.975
209.796 67.2269 3.0685 2.80873 123.854 787.438
216.907 60.7523 3.00333 2.89673 253.724 91.5013
218.66 60.9649 3.15424 3.04583 288.598 189.563
209.738 62.4058 3.13804 3.00741 156.528 357.927
217.513 60.0823 2.61882 2.19543 173.795 135.712
212.624 63.0753 3.09413 2.80707 142.071 310.984
213.401 60.7277 2.80852 2.68151 209.111 103.555
209.784 61.1426 3.02878 2.91409 121.227 304.599
214.766 66.5657 3.12362 2.86717 66.0065 667.636
188.296 63.7758 2.9589 2.42925 23.0624 1437.64
203.121 64.7461 3.10104 2.86354 40.3055 774.691
211.074 61.771 3.05778 2.88148 207.158 261.833
216.188 61.4417 3.08171 2.85351 244.597 108.018
212.904 60.8792 2.89418 2.7375 246.906 133.354
216.679 60.2805 2.63032 2.30166 160.538 84.4491
218.244 60.7315 3.07006 2.90169 172.332 163.474
213.052 64.4091 3.05447 2.75595 338.257 441.707
213.497 60.396 2.69226 2.59136 207.829 99.6824
217.659 60.6024 2.92933 2.74796 464.051 130.913
225.615 58.2758 2.43926 1.8183 40.2151 639.942
217.639 60.9231 3.15664 3.04403 226.057 134.677
214.077 61.4924 3.0156 2.82578 241.689 120.352
211.542 61.4131 3.04639 2.99823 201.833 222.065
217.277 60.2474 2.71549 2.50692 211.023 116.582
218.995 60.824 3.11216 2.99425 258.673 205.174
216.976 61.3836 3.10497 2.94312 363.489 128.563
211.063 63.7318 3.11754 2.94241 170.63 413.894
211.768 64.9602 3.10737 3.10001 57.3137 519.702
218.049 60.1785 2.73078 2.49167 433.604 159.669
210.931 64.5928 3.09132 2.82521 222.764 499.456
214.53 62.9699 3.04804 2.70759 355.297 269.129
219.747 60.0959 2.89526 2.74614 204.73 253.019
220.599 59.667 2.85179 2.64367 79.9193 313.074
214.475 65.5174 3.14524 2.95015 57.4288 551.735
207.811 62.8962 3.11939 2.93609 93.1757 470.764
217.533 61.1871 3.13551 2.97194 402.252 140.196
211.667 60.8584 3.00271 2.92339 297.519 199.127
210.261 61.0889 3.0274 2.96846 156.011 278.227
197.092 68.0541 3.07807 2.84107 32.9758 1202.91
215.154 63.7399 3.109 2.95449 100.192 352.161
218.652 60.2994 2.87385 2.69604 315.267 188.766
211.14 63.4056 3.1239 2.93308 156.03 381.937
219.217 60.1294 2.80811 2.63419 416.225 223.531
211.668 61.807 3.08262 2.92142 119.088 237.033
212.671 61.832 3.09967 3.03478 168.014 197.405
208.468 61.98 3.02325 2.77049 88.7935 396.51
209.777 60.5117 3.01213 2.85037 244.652 301.503
209.253 61.4636 2.96611 2.70318 217.892 339.778
217.161 60.1791 2.62421 2.25859 247.854 113.454
210.547 60.1043 2.94347 2.83179 256.157 266.117
218.856 60.4399 2.99845 2.87299 372.426 197.547
217.171 60.7541 2.99545 2.90034 238.453 105.66
192.073 65.5598 3.07384 2.73032 25.8394 1287.4
209.711 63.4502 3.13605 2.88549 112.206 432.224
216.546 61.2275 3.05945 2.92603 319.482 99.9126
211.449 62.8295 3.13393 2.89106 136.856 321.904
211.415 62.9628 3.13737 2.90603 89.5406 334.433
211.462 62.6812 3.12768 2.89234 67.3087 309.081
212.058 62.8349 3.11488 2.95092 103.089 303.242
211.771 63.0624 3.11336 2.91149 96.56 332.338
211.152 62.8331 3.13933 2.9344 102.291 332.261
217.147 60.448 2.79481 2.54606 288.346 104.117
211.908 64.4716 3.08787 2.80873 148.852 466.809
218.249 60.3583 2.85697 2.65566 513.05 165.669
226.475 68.3065 3.13086 2.99865 60.4093 1012.9
207.417 57.7828 2.89953 2.7411 157.025 546.044
212.138 64.8736 3.05244 2.70741 210.013 504.452
198.929 70.2043 2.98004 2.56813 29.5814 1305.54
203.383 71.3221 2.87188 2.44307 124.767 1308.59
205.026 71.0033 2.94314 2.47085 83.6341 1249.18
234.753 71.9871 3.13151 2.90798 63.269 1528.11
205.387 69.6211 2.95957 2.50985 29.4913 1106.63
206.58 70.34 2.89335 2.478 186.201 1157.63
198.806 68.6483 3.14413 2.88136 25.6269 1188.14
200.413 69.1049 3.02506 2.7792 32.0891 1176.72
215.088 69.9175 3.0734 2.79615 27.913 1041.06
235.93 69.3475 3.16924 2.94827 109.145 1368.22
196.917 67.6988 3.18786 3.14279 20.8267 1186.85
201.885 68.4946 3.05858 2.8255 30.6981 1086.39
203.387 68.7132 3.04429 2.77671 62.1742 1065.83
209.319 68.9656 3.02224 2.73799 119.052 975.68
221.263 69.3286 3.10566 2.91953 42.712 1014.44
198.174 67.082 3.07539 2.77003 21.5666 1104.17
199.397 67.4213 3.10844 2.72668 27.0253 1082.56
202.768 67.4572 3.10181 2.8823 49.7923 976.782
203.811 68.2575 3.05998 2.78955 74.5501 1015.02
206.028 68.4414 3.0608 2.73771 23.3611 980.001
211.513 68.0748 3.08294 2.8501 57.3102 854.615
218.405 68.1861 3.11772 2.95647 78.8601 860.996
220.465 68.6043 3.12352 2.94909 35.0946 927.684
223.281 66.3701 3.14322 2.9826 89.3884 757.585
202.227 66.8332 3.1294 2.74469 34.9008 945.945
206.517 67.2221 3.07515 2.8178 100.715 854.304
207.821 67.5076 3.06053 2.79734 26.3812 852.303
212.113 67.5187 3.08401 2.82959 50.6923 788.426
220.128 67.6136 3.12738 2.95823 93.1346 818.425
224.214 67.6106 3.08911 2.77617 49.3067 894.863
226.258 67.441 3.14294 2.96941 91.1924 931.824
195.961 64.9941 3.14158 3.0646 19.8063 1095.53
197.645 65.3936 3.09982 2.94081 18.5559 1036.98
199.349 65.5011 3.09322 2.86113 25.8964 970.372
202.913 66.1434 3.14308 3.12815 36.552 872.869
206.494 66.5156 3.0844 2.89015 34.5089 790.939
209.976 66.7108 3.05308 2.75545 106.11 731.362
212.525 66.7004 3.08567 2.80973 64.5773 695.466
216.215 66.9498 3.10657 2.89466 63.6268 711.511
218.345 66.8088 3.11689 2.96064 83.6197 710.523
221.978 66.9116 3.10679 2.89414 52.0482 778.556
223.778 66.9808 3.1335 2.97489 51.6622 826.04
225.729 66.9227 3.14337 2.979 75.1911 873.011
201.637 65.1527 3.09999 2.86027 37.7181 858.144
203.551 65.5276 3.15503 3.25437 30.7064 807.305
205.119 65.4924 3.14731 3.14712 28.6097 749.078
207.195 65.6571 3.07931 2.84698 51.7928 696.202
208.623 65.8937 3.0688 2.78854 95.1412 679.168
210.457 65.8251 3.02459 2.67367 50.2353 632.355
212.122 65.8371 3.0808 2.82944 301.093 606.774
218.473 66.2305 3.10656 2.91555 83.3619 649.595
221.631 66.2191 3.11738 2.94228 76.692 703.522
225.657 65.8052 3.13934 2.96171 92.1569 780.708
214.843 62.3987 2.97611 2.55623 159.187 203.89
213.052 64.4091 3.05447 2.75595 338.257 441.707
205.522 64.7962 3.16115 3.24684 26.2861 684.249
210.64 65.1479 3.06483 2.7704 188.101 560.673
216.846 65.3064 3.12962 2.97239 72.3297 532.743
218.385 65.6035 3.11316 2.91437 129.552 581.376
221.694 65.3609 3.14801 3.0138 109.81 623.847
223.623 65.2225 3.1551 3.01829 131.613 668.252
196.446 62.7492 3.05008 2.81799 27.7807 1022.04
199.398 63.2842 3.06548 2.85185 36.628 883.549
200.922 63.3965 3.07435 2.88074 33.917 812.742
203.285 63.465 3.08111 2.86711 39.7589 703.646
205.853 64.1767 3.10939 2.88566 59.4402 629.902
216.436 64.5012 3.11523 2.94222 100.858 441.057
221.784 64.453 3.13998 2.98104 130.746 546.101
221.784 64.4525 3.13885 2.98068 113.948 546.04
223.67 64.5753 3.14591 2.98633 84.8949 619.228
201.699 62.7161 3.05943 2.83583 72.3634 756.006
217.924 64.0292 3.10535 2.87325 130.129 408.174
222.48 63.8433 3.15756 3.04033 123.252 521.871
197.317 61.3416 3.05555 2.82144 31.911 973.199
198.513 61.678 3.04887 2.85177 34.3902 908.676
200.525 61.7105 3.03312 2.82782 37.6479 802.309
201.703 62.1344 3.03585 2.76319 50.8961 744.723
203.311 62.2195 3.04428 2.78933 63.1625 663.439
205.146 62.1816 3.0429 2.77766 98.5648 569.215
206.12 62.4787 3.05666 2.84927 105.173 530.224
216.652 63.0254 3.06824 2.81312 210.27 282.019
218.173 63.0618 3.09478 2.94663 204.36 315.923
221.871 63.109 3.16987 3.05598 165.474 447.098
199.312 60.6947 3.01068 2.5498 15.618 871.277
202.562 61.4009 3.03118 2.83439 35.5459 692.731
204.176 61.4907 3.02936 2.82296 46.8284 607.393
205.609 61.9037 3.05032 2.84288 83.4146 538.788
206.868 61.8823 3.04832 2.84931 84.5672 473.675
209.88 61.7531 3.06672 2.95623 118.365 318.115
212.274 61.7929 3.10439 2.94695 113.597 210.297
213.825 62.1067 3.05886 2.91324 253.433 186.837
217.004 62.4013 3.1152 2.92937 213.122 222.897
218.122 62.3579 3.10615 3.00694 279.394 249.615
221.538 62.4435 3.15411 3.01304 236.854 392.684
223.206 62.5763 3.15432 2.99334 232.593 476.182
225.609 62.2024 3.15488 3.02978 150.621 580.566
198.315 59.9237 2.98543 2.64671 54.9051 939.154
199.908 60.1686 2.97637 2.64419 27.2724 846.846
201.231 60.4742 2.99352 2.76234 47.2589 769.546
202.813 60.5269 2.96938 2.72571 73.6399 682.485
204.11 60.6801 2.94843 2.69251 58.4626 610.238
205.516 60.8132 2.91196 2.63624 78.6705 532.956
207.791 61.2001 2.92084 2.67305 61.012 411.691
215.402 61.6061 3.00731 2.7346 329.361 114.501
222.911 61.4593 3.15991 3.04471 47.9386 424.336
224.22 61.4862 3.05473 2.82261 66.7188 493.726
226.918 61.1512 3.17196 3.03335 104.612 635.199
198.736 59.2533 3.01041 2.90242 19.3104 934.109
200.175 59.1767 3.0229 2.74585 25.4051 857.745
201.907 59.5938 2.99731 2.69938 52.7967 750.484
202.905 59.7733 2.99277 2.65014 36.3391 691.118
204.792 59.8542 2.93366 2.57176 91.9355 585.843
205.68 60.1952 2.8678 2.41277 60.5126 530.159
207.376 60.0815 2.83377 2.36238 81.5759 439.378
210.276 60.4814 2.97549 2.84696 201.168 274.394
219.809 60.7718 3.12529 3.035 151.309 248.932
221.424 60.3024 3.12899 3.09006 70.0729 340.08
223.909 60.7704 3.16753 3.06669 98.3113 472.306
202.009 59.0314 3.01652 2.70624 25.9441 762.634
203.561 59.1953 2.99665 2.64328 33.5961 672.571
204.771 59.3922 2.97267 2.64378 29.5903 600.204
206.768 59.6524 2.92939 2.66838 61.2933 483.588
212.597 59.9979 2.73828 2.4799 257.002 161.502
223.04 60.1218 3.1369 3.02392 59.1172 431.706
226.285 59.5898 3.15978 3.00484 29.9384 622.112
227.183 60.2114 3.18583 3.06319 102.669 657.102
212.566 65.1171 3.07342 2.80206 325.175 523.95
203.344 58.6774 3.03635 2.67536 31.8915 704.389
204.113 58.2637 3.02706 2.78421 47.0149 682.898
204.991 58.6484 3.00693 2.75818 52.916 618.095
206.355 58.9287 2.98752 2.77655 81.3265 533.363
207.606 58.6097 2.94896 2.83036 83.5288 485.015
213.66 59.4296 2.29687 1.839 466.471 156.569
227.731 58.9601 3.14753 3.01771 23.0089 721.768
203.613 57.6397 2.96516 2.61242 25.6009 742.541
205.548 57.5665 2.89529 2.57128 36.9014 649.986
229.033 59.3946 3.18677 3.0997 36.5746 777.981
212.138 64.8735 3.0508 2.70522 168.938 504.445
210.428 68.6408 3.06187 2.82754 181.301 927.323
218.842 64.7774 3.1353 2.98776 91.8781 502.081
211.063 63.7323 3.11778 2.94263 170.63 413.925
211.14 63.4057 3.12392 2.93311 156.03 381.94
218.594 60.1556 2.76723 2.54379 69.4914 189.366
218.628 60.118 2.73543 2.50584 96.8621 192.375
218.565 60.2325 2.65638 2.53311 132.252 185.619
218.614 60.172 2.77909 2.55516 104.962 189.949
218.575 60.2274 2.65511 2.52491 47.1566 186.301
218.45 60.2235 2.78695 2.51226 107.153 179.692
218.556 60.2275 3.00577 2.55528 34.7819 185.259
218.652 60.1592 2.77079 2.56199 98.1246 192.357
218.546 60.2176 2.79983 2.56395 135.03 184.986
218.626 60.2469 2.82719 2.62404 58.8014 188.55
212.952 61.1216 2.99995 2.94682 48.7995 139.723
210.84 64.6544 3.091 2.80607 111.391 507.549
210.867 64.709 3.08987 2.80129 111.533 512.298
210.853 64.7716 3.09647 2.8354 120.268 518.77
210.847 64.8338 3.10228 2.87321 98.2208 525.053
210.44 64.87 3.07026 2.76657 111.215 537.813
210.174 64.8537 3.06982 2.77665 126.239 542.591
210.069 64.7653 3.06274 2.75037 109.371 536.801
210.917 64.5498 3.0916 2.82273 172.988 495.563
210.782 64.5716 3.0828 2.78348 128.843 500.829
210.554 64.5756 3.08405 2.8375 93.0368 506.682
210.901 64.613 3.09029 2.81107 227.806 502.116
211.172 64.6917 3.09264 2.85523 205.815 503.915
217.908 60.4896 2.90981 2.74241 539.544 145.144
217.507 60.403 2.80689 2.53069 392.833 124.493
218.338 61.0595 3.16582 3.04881 304.23 175.199
216.716 60.1205 2.39272 2.20603 217.005 94.823
216.679 60.2805 2.63032 2.30166 160.538 84.4491
218.244 60.7315 3.07006 2.90169 172.332 163.474
217.659 60.602 2.92874 2.7474 464.051 130.886
217.639 60.9231 3.1564 3.0438 226.057 134.667
217.277 60.2474 2.71549 2.50692 211.023 116.582
218.995 60.8241 3.11218 2.99426 258.673 205.175
216.976 61.3836 3.10497 2.94312 363.489 128.563
218.049 60.1785 2.73078 2.49167 433.604 159.669
217.533 61.187 3.13561 2.97203 402.252 140.2
218.652 60.2994 2.87385 2.69604 315.267 188.766
219.217 60.1294 2.80811 2.63419 416.225 223.531
218.856 60.4399 2.99845 2.87299 372.426 197.547
216.546 61.2275 3.05945 2.92603 319.482 99.9126
212.567 65.1173 3.0746 2.80107 72.4148 523.967
212.57 65.1176 3.07435 2.7995 74.7436 523.962
210.59 60.0084 2.909 2.78379 172.638 266.506
210.23 59.8351 2.92078 2.83099 20.8378 291.488
210.402 60.8738 3.02586 2.95768 94.0413 267.618
210.574 60.776 3.01093 2.83177 58.7305 257.538
210.502 61.001 3.04307 2.97731 36.3085 263.848
209.918 61.8636 3.08306 2.92173 114.15 321.037
210.331 61.4859 3.02621 2.91261 23.5765 285.328
209.538 60.4832 3.0098 2.86125 77.1214 314.812
210.519 60.6717 3.00189 2.8891 164.897 260.266
211.909 60.5183 2.91717 2.76957 32.8062 184.601
210.455 61.3427 3.02885 2.94811 59.2105 274.306
210.626 60.4754 2.98699 2.90875 46.3298 255.249
209.518 60.7352 3.00699 2.83674 30.0313 314.999
209.971 61.6954 3.04142 2.89771 52.8215 311.276
212.047 60.7098 2.93855 2.85716 153.307 176.965
211.068 60.8049 2.98799 2.83852 59.4513 230.891
209.968 60.4881 2.99911 2.88063 95.8144 291.193
210.253 60.4731 2.97416 2.84092 41.3278 275.711
208.919 60.4641 2.92491 2.62225 25.0445 348.961
210.813 60.8045 3.00781 2.88823 60.874 244.766
209.81 60.4601 2.9916 2.83555 69.1082 300.129
211.376 60.7866 2.97453 2.86323 56.4605 214.023
209.518 60.7351 3.00678 2.83654 30.0313 314.977
