# evlo=212.566803 evla=65.117302
194.627 64.5646 3.06345 2.74426 17.1071 850.693
217.654 61.036 3.14579 2.94479 43.8519 522.165
220.363 59.9534 3.14168 2.98537 37.7703 700.563
216.3 60.3932 3.07309 2.79694 16.6019 559.781
209.013 64.0997 2.94584 2.39075 58.6953 204.431
210.701 64.1732 3.10471 2.77185 40.5954 137.951
208.846 60.7683 2.82299 2.28464 40.5687 520.035
209.796 67.2269 3.06852 2.81652 73.6301 266.307
218.66 60.9649 3.14632 3.01717 32.9748 555.591
209.738 62.4058 3.09276 2.85459 52.6571 332.872
212.624 63.0753 3.08339 2.8308 126.404 227.657
215.93 63.6482 3.16352 2.97822 50.2045 230.537
214.25 60.5487 3.09072 2.83106 71.8501 516.338
213.401 60.7277 3.13929 2.92163 67.2303 491.088
209.784 61.1426 3.08833 2.77717 37.8459 464.639
211.074 61.771 3.15932 2.91362 79.943 380.346
216.188 61.4417 3.07219 2.74241 32.349 448.026
212.904 60.8792 3.17045 2.9523 45.2777 472.692
215.271 60.5805 3.0746 2.80107 72.4148 523.967
218.244 60.7315 3.15732 2.96802 42.1864 567.097
213.497 60.396 3.11411 2.87201 49.8078 528.349
215.738 60.3351 3.07585 2.83142 18.6542 556.964
208.348 59.6572 2.84833 2.18502 15.966 646.133
217.659 60.6024 3.13628 2.95781 15.6075 565.687
215.581 59.9268 2.93974 2.62698 29.7831 598.797
217.639 60.9231 3.14654 2.97331 41.4121 533.035
214.077 61.4924 3.09763 2.81922 43.6587 411.062
211.542 61.4131 3.16521 2.93548 87.5805 416.074
209.077 63.5527 3.14095 2.76489 16.2471 242.615
218.995 60.824 3.1409 2.99895 31.7185 578.452
216.976 61.3836 3.13227 2.9084 31.9034 471.2
211.063 63.7318 3.07913 2.8043 69.6407 170.61
218.049 60.1785 3.10689 2.89678 28.0561 617.584
210.931 64.5928 3.214 3.20483 36.8031 97.1671
214.53 62.9699 3.10848 2.89515 60.686 257.86
226.475 68.3065 3.1385 2.94283 52.0972 707.138
223.281 66.3701 3.12784 2.88497 151.794 510.098
217.924 64.0292 3.20012 3.05196 51.4507 283.858
216.652 63.0254 3.15298 3.00268 35.9102 306.705
213.825 62.1067 2.71141 2.84784 18.2073 341.333
210.276 60.4814 3.18025 2.98596 31.875 529.675
218.842 64.7774 3.27488 3.11929 50.7535 298.898
209.931 62.7622 2.0834 1.74088 67.1899 292.575
211.063 63.7323 3.07805 2.80331 69.6407 170.55
218.547 60.1369 3.71823 3.38738 72.3917 633.655
216.296 60.3923 3.07329 2.79713 16.6019 559.818
215.271 60.5805 3.0746 2.80107 72.4148 523.967
218.244 60.7315 3.15732 2.96802 42.1864 567.097
217.659 60.602 3.13645 2.95797 15.6075 565.716
217.639 60.9231 3.14651 2.97328 41.4121 533.03
218.995 60.8241 3.14084 2.9989 31.7185 578.442
216.976 61.3836 3.13227 2.9084 31.9034 471.2
218.049 60.1785 3.10689 2.89678 28.0561 617.584
