# evlo=208.982407 evla=60.799
217.507 60.403 2.83911 2.47686 34.1139 468.757
218.338 61.0595 2.69952 2.1554 24.3919 507.717
216.716 60.1205 2.73324 2.47876 32.3484 431.924
212.138 64.8736 2.83861 2.20689 88.3489 481.636
217.507 60.403 2.83911 2.47686 34.1139 468.757
218.338 61.0595 2.69955 2.15542 24.3919 507.723
216.716 60.1205 2.73324 2.47876 32.3484 431.924
210.653 60.3755 2.6452 2.11579 150.452 103.012
211.583 60.7746 2.79525 2.44113 116.956 141.665
209.947 62.0056 2.48653 1.88828 184.175 143.981
211.822 60.7458 2.80425 2.44235 66.5755 154.843
210.59 60.0084 2.80406 2.23486 227.183 124.957
210.23 59.8351 2.77715 2.3295 84.6533 127.627
210.574 60.776 2.62162 2.06717 90.0942 86.7543
210.502 61.001 2.57062 2.12968 62.3118 85.4991
209.918 61.8636 2.39264 1.79421 171.231 128.779
210.519 60.6717 2.64528 2.2037 82.9201 85.0213
211.909 60.5183 2.83181 2.3889 73.2718 163.038
210.455 61.3427 2.59095 2.19855 30.3255 99.9335
210.626 60.4754 2.63512 2.08031 110.747 96.9029
212.047 60.7098 2.84995 2.4697 94.9917 167.354
211.068 60.8049 2.75055 2.222 82.4004 113.567
210.813 60.8045 2.70016 2.15887 73.831 99.6535
211.376 60.7866 2.79382 2.37518 92.7784 130.365
