# evlo=210.230301 evla=59.835098
217.908 60.4896 2.92162 2.88535 65.2099 432.274
217.507 60.403 2.85808 2.7266 95.2525 409.274
218.338 61.0595 3.09103 2.96189 32.976 466.31
216.3 60.3932 2.82874 2.67735 60.7763 343.05
216.716 60.1205 2.59947 2.43131 39.3903 363.384
215.271 60.5805 2.92078 2.83099 20.8378 291.488
216.679 60.2805 2.751 2.56631 36.2747 362.471
218.244 60.7315 3.03672 3.00806 37.0193 454.146
212.138 64.8736 3.18111 2.98967 38.8798 570.107
218.842 64.7774 3.19235 3.00121 57.2854 707.937
209.768 62.6893 3.17363 2.95643 64.1641 319.011
218.547 60.1369 4.01712 4.51748 20.7875 465.173
210.176 67.8516 3.12313 2.89465 20.5814 893.634
217.908 60.4896 2.92162 2.88535 65.2099 432.274
217.507 60.403 2.85808 2.7266 95.2525 409.274
218.338 61.0595 3.09107 2.96192 32.976 466.316
216.296 60.3923 2.8271 2.67579 60.7763 342.851
216.716 60.1205 2.59947 2.43131 39.3903 363.384
215.271 60.5805 2.92078 2.83099 20.8378 291.488
216.679 60.2805 2.751 2.56631 36.2747 362.471
218.244 60.7315 3.03672 3.00806 37.0193 454.146
210.46 61.2448 3.29353 3.12901 82.0555 157.577
209.296 60.5169 3.09043 2.72567 83.2654 91.9735
211.583 60.7746 3.23086 3.11576 111.873 128.638
209.768 62.6892 3.17359 2.95638 64.1641 319.006
209.947 62.0056 3.16454 2.88903 87.52 242.343
211.822 60.7458 3.22257 3.0398 61.5726 134.329
208.982 60.799 2.77715 2.3295 84.6533 127.627
210.402 60.8738 3.2842 3.10879 113.198 116.119
210.574 60.776 3.34995 3.22967 60.2109 106.546
210.502 61.001 3.30652 3.07163 94.2053 130.764
209.918 61.8636 3.14547 2.85462 82.6584 226.664
210.331 61.4859 3.25665 3.00664 70.672 184.021
210.519 60.6717 3.31942 3.19617 64.2159 94.5719
211.909 60.5183 3.16402 3.10933 108.492 120.289
210.455 61.3427 3.28138 3.16715 102.698 168.429
209.518 60.7352 3.20252 2.84829 58.5693 107.755
209.971 61.6954 3.14245 2.85038 74.9209 207.767
208.723 60.6622 2.65406 1.89892 116.822 124.333
212.047 60.7098 3.1869 3.13559 79.0326 139.994
211.068 60.8049 3.25062 3.16013 112.498 117.558
208.919 60.4641 2.76222 2.20685 163.517 101.095
210.813 60.8045 3.31111 3.21794 88.4908 112.702
211.376 60.7866 3.23336 3.12499 161.938 123.491
209.518 60.7351 3.20198 2.84781 58.5693 107.736
