# evlo=210.402298 evla=60.873798
217.908 60.4896 3.12681 3.07669 64.3185 412.197
217.507 60.403 3.04343 2.95953 64.6779 392.098
216.3 60.3932 2.97033 2.91144 95.6867 327.054
215.271 60.5805 3.02586 2.95768 94.0413 267.618
216.679 60.2805 2.9458 2.85579 44.5872 350.27
212.138 64.8736 3.16681 2.97382 183.841 454.442
218.842 64.7774 3.22164 3.02847 81.8059 610.926
209.768 62.6893 3.14005 2.84387 254.913 205.064
218.674 60.1912 3.04757 2.99394 17.0114 460.153
218.614 60.172 3.03064 2.97076 23.7591 457.385
218.547 60.1369 4.35248 5.03537 94.3072 454.682
212.952 61.1216 2.71994 3.18872 20.355 140.689
210.176 67.8516 3.09557 2.85765 39.7145 777.975
209.736 66.2066 3.09224 2.88208 25.5404 595.358
217.908 60.4896 3.12681 3.07669 64.3185 412.197
217.507 60.403 3.04343 2.95953 64.6779 392.098
216.296 60.3923 2.96885 2.91 95.6867 326.891
215.271 60.5805 3.02586 2.95768 94.0413 267.618
216.679 60.2805 2.9458 2.85579 44.5872 350.27
209.768 62.6892 3.13999 2.84381 254.913 205.06
209.947 62.0056 3.1087 2.69783 236.345 128.446
210.59 60.0084 3.29221 2.97763 207.002 96.9774
210.23 59.8351 3.2842 3.10879 113.198 116.119
209.918 61.8636 3.09025 2.64768 305.987 113.295
211.909 60.5183 3.11753 3.07226 96.524 91.3153
209.971 61.6954 3.01666 2.51766 212.506 94.4349
208.723 60.6622 2.60551 2.10912 105.202 94.5092
212.047 60.7098 3.17027 3.07346 120.322 91.3935
208.919 60.4641 2.74919 2.10193 68.0434 93.0783
