# evlo=210.574493 evla=60.776001
217.908 60.4896 3.11899 3.10712 30.0947 402.451
217.507 60.403 3.0339 2.97055 79.6229 382.01
216.3 60.3932 2.95096 2.81418 66.907 316.59
216.716 60.1205 2.76696 2.594 75.8586 345.705
215.271 60.5805 3.01093 2.83177 58.7305 257.538
212.138 64.8736 3.17431 2.97982 221.542 463.581
218.842 64.7774 3.20738 3.02817 111.011 613.155
209.768 62.6893 2.83496 2.83649 219.346 217.428
218.547 60.1369 4.37387 4.89481 60.246 444.177
210.176 67.8516 3.10219 2.8408 199.941 789.028
209.736 66.2066 3.09498 2.82062 171.081 606.766
210.418 68.0789 3.10274 2.83728 182.837 814.183
211.301 69.7162 3.0461 2.72358 48.3636 997.347
209.329 66.7192 3.10431 2.86669 96.063 665.319
198.722 65.4015 3.01726 2.67702 82.9666 787.944
217.908 60.4896 3.11899 3.10712 30.0947 402.451
217.507 60.403 3.0339 2.97055 79.6229 382.01
216.296 60.3923 2.94941 2.8127 66.907 316.423
216.716 60.1205 2.76696 2.594 75.8586 345.705
215.271 60.5805 3.01093 2.83177 58.7305 257.538
210.183 61.5919 3.10536 2.58656 197.358 93.3291
209.768 62.6892 2.83491 2.83645 219.346 217.424
209.947 62.0056 3.14411 2.73484 244.448 141.069
208.982 60.799 2.62162 2.06717 90.0942 86.7543
210.23 59.8351 3.34995 3.22967 60.2109 106.546
209.918 61.8636 3.13409 2.65416 236.299 126.188
209.971 61.6954 3.0697 2.58435 281.065 107.461
208.919 60.4641 2.77788 2.28932 98.2203 97.0984
