# evlo=210.518997 evla=60.6717
217.908 60.4896 3.08908 3.08187 32.1435 405.38
217.507 60.403 3.01764 2.94987 117.803 384.567
216.3 60.3932 2.93154 2.77712 139.426 318.769
216.716 60.1205 2.75143 2.56487 81.9638 346.984
215.271 60.5805 3.00189 2.8891 164.897 260.266
216.679 60.2805 2.88241 2.67469 109.583 341.441
218.244 60.7315 3.18817 3.18202 57.271 421.716
217.659 60.6024 3.11848 3.12096 87.3217 390.633
216.749 60.4427 3.00232 2.9572 102.385 342.593
217.639 60.9231 3.23411 3.15957 65.3433 388.541
217.277 60.2474 2.92544 2.81957 60.4957 374.655
226.475 68.3065 3.15862 2.95052 55.5416 1139.05
207.417 57.7828 3.15823 3.04203 151.225 367.258
212.138 64.8736 3.18425 2.98554 191.116 475.539
209.768 62.6893 3.16202 2.88859 206.747 228.32
218.594 60.1556 2.9859 2.92915 21.0324 448.363
218.614 60.172 2.9911 2.93831 24.9758 449.118
218.547 60.1369 4.34532 4.95542 164.369 446.192
218.45 60.2235 3.00027 2.91872 19.8391 439.142
212.952 61.1216 3.35046 3.1238 17.3057 141.25
217.908 60.4896 3.08908 3.08187 32.1435 405.38
217.507 60.403 3.01764 2.94987 117.803 384.567
216.296 60.3923 2.92997 2.77563 139.426 318.598
216.716 60.1205 2.75143 2.56487 81.9638 346.984
215.271 60.5805 3.00189 2.8891 164.897 260.266
216.679 60.2805 2.88241 2.67469 109.583 341.441
218.244 60.7315 3.18817 3.18202 57.271 421.716
217.659 60.602 3.1183 3.12078 87.3217 390.61
216.749 60.4427 3.00232 2.9572 102.385 342.593
217.639 60.9231 3.23402 3.15948 65.3433 388.53
217.277 60.2474 2.92544 2.81957 60.4957 374.655
210.183 61.5919 3.13485 2.5689 305.413 104.128
209.768 62.6892 3.16197 2.88854 206.747 228.316
209.947 62.0056 3.14655 2.76204 209.005 151.767
208.982 60.799 2.64528 2.2037 82.9201 85.0213
210.23 59.8351 3.31942 3.19617 64.2159 94.5719
209.918 61.8636 3.12607 2.7732 334.595 136.67
210.331 61.4859 3.23801 2.69556 181.42 91.2911
209.971 61.6954 3.06838 2.62336 203.354 117.825
208.723 60.6622 2.5783 1.71617 139.029 98.1949
208.919 60.4641 2.8129 2.11934 56.1773 90.7667
