# evlo=194.626801 evla=64.564598
217.908 60.4896 3.78642 3.44135 52.7332 1273.01
217.654 61.036 3.78099 3.31269 42.2255 1230.78
217.507 60.403 3.77817 3.4975 44.4676 1259.07
218.338 61.0595 3.7949 3.28711 46.7415 1262.04
220.363 59.9534 3.7814 3.41553 66.2277 1420.22
216.3 60.3932 3.80654 3.46257 60.7106 1202.99
225.144 58.5792 3.80677 3.40149 45.2341 1731.87
216.716 60.1205 3.80323 3.52103 48.6305 1238.75
215.395 60.9677 3.78612 3.43844 77.8699 1127.71
209.013 64.0997 3.8461 3.68319 172.921 695.98
209.094 59.7511 3.78203 3.50711 60.4919 922.055
209.259 59.7417 3.78482 3.50745 68.464 929.685
210.701 64.1732 3.82777 3.68987 99.4609 775.285
208.846 60.7683 3.76587 3.54279 67.9477 839.983
207.916 63.4188 3.87978 3.66486 122.801 661.559
212.195 64.6453 3.80822 3.77559 146.752 838.351
200.411 54.831 3.79657 3.60165 62.6153 1131.09
207.685 63.8827 3.85894 3.70289 144.031 637.224
208.763 59.5251 3.77896 3.51096 84.9645 925.3
209.796 67.2269 3.8331 3.64123 132.695 750.135
216.907 60.7523 3.7865 3.41351 46.4028 1210.92
218.66 60.9649 3.78716 3.31855 42.5663 1282.38
209.738 62.4058 3.80982 3.38553 64.702 788.265
217.513 60.0823 3.80122 3.50379 85.8687 1278.31
212.624 63.0753 3.87274 3.52255 73.2667 898.501
214.225 61.1292 3.79366 3.46546 69.7024 1063.88
215.93 63.6482 3.84336 3.70317 117.125 1038.49
214.25 60.5487 3.79967 3.50342 103.353 1098.35
196.582 54.8564 3.84181 3.66718 42.0539 1087.01
213.401 60.7277 3.79299 3.51308 98.8002 1048.43
209.784 61.1426 3.77966 3.57236 74.787 858.099
214.766 66.5657 3.82346 3.64654 161.454 951.767
203.121 64.7461 3.80192 3.66832 154.255 406.063
211.074 61.771 3.79864 3.44882 78.4978 882.114
216.188 61.4417 3.78618 3.33801 78.4856 1140.05
212.904 60.8792 3.79756 3.51123 79.738 1016.53
215.271 60.5805 3.79188 3.47317 85.5254 1143.93
216.679 60.2805 3.79602 3.502 70.4487 1227.42
218.244 60.7315 3.78468 3.38206 49.5041 1275.3
213.052 64.4091 3.82048 3.75486 136.99 882.903
213.497 60.396 3.80031 3.51807 89.7153 1072.9
215.738 60.3351 3.80578 3.48875 73.1702 1180.22
208.348 59.6572 3.78053 3.49771 58.6731 898.18
217.659 60.6024 3.787 3.42402 50.8926 1254.84
225.615 58.2758 3.81051 3.40444 47.6846 1773.96
215.581 59.9268 3.8105 3.49782 53.6128 1198.07
216.749 60.4427 3.79766 3.4872 63.6983 1221.14
217.639 60.9231 3.78449 3.33406 44.8027 1236.16
214.077 61.4924 3.79201 3.4063 76.1762 1037.54
211.542 61.4131 3.79106 3.44389 112.208 923.062
209.077 63.5527 3.87756 3.61402 118.746 712.919
217.277 60.2474 3.79028 3.51656 52.0903 1257.37
218.995 60.824 3.76086 3.33204 35.369 1305.89
216.976 61.3836 3.79328 3.30582 65.6981 1180.47
211.063 63.7318 3.8565 3.66574 120.979 803.04
211.768 64.9602 3.79549 3.75184 230.807 814.506
218.049 60.1785 3.79182 3.48831 52.4998 1297.75
209.256 65.0304 3.78089 3.73813 199.143 695.717
210.931 64.5928 3.80407 3.74879 229.959 779.088
216.031 60.2361 3.80815 3.50813 67.1404 1199.83
191.145 52.9721 3.80895 3.63186 76.8203 1306.41
214.53 62.9699 3.86728 3.53403 78.289 993.627
219.747 60.0959 3.7746 3.42352 43.8177 1382.69
220.599 59.667 3.78851 3.4111 61.8336 1448.55
214.475 65.5174 3.7993 3.68253 190.116 936.969
207.811 62.8962 3.8216 3.44183 118.285 675.941
217.533 61.1871 3.78562 3.31209 52.3991 1217.07
211.667 60.8584 3.77499 3.56591 70.3548 960.88
215.323 60.3863 3.79937 3.49441 47.3331 1157.85
210.261 61.0889 3.77636 3.54298 93.4264 882.969
197.092 68.0541 3.78732 3.67553 142.601 404.446
215.154 63.7399 3.84723 3.71378 108.018 998.743
218.652 60.2994 3.77006 3.43007 32.8635 1319.06
211.14 63.4056 3.87495 3.6222 147.956 816.281
219.217 60.1294 3.76982 3.4416 51.9326 1355.66
211.668 61.807 3.80088 3.42655 117.983 908.079
212.671 61.832 3.79516 3.40327 98.4446 953.983
216.01 63.9761 3.83558 3.70704 290.995 1033.31
214.792 60.5341 3.80432 3.48259 46.3438 1124.36
205.816 56.5593 3.76396 3.60781 28.7966 1079.33
208.468 61.98 3.75208 3.526 90.79 750.26
209.777 60.5117 3.7595 3.46883 64.0103 897.932
189.752 57.1766 3.80894 3.70801 118.02 864.143
209.253 61.4636 3.7777 3.55386 75.0741 814.997
217.161 60.1791 3.79541 3.49787 63.3368 1256.03
216.221 60.072 3.81147 3.4969 70.2862 1218.66
210.547 60.1043 3.7819 3.49056 53.3848 959.323
218.856 60.4399 3.76741 3.43027 59.5528 1320.61
217.171 60.7541 3.78701 3.41969 49.3696 1223.26
209.711 63.4502 3.87135 3.60851 90.5194 746.416
193.495 53.8452 3.79753 3.48648 92.702 1195.81
216.546 61.2275 3.79747 3.33934 63.0496 1168.08
211.449 62.8295 3.85892 3.45114 95.0953 851.477
211.415 62.9628 3.85399 3.46086 35.4118 844.723
211.462 62.6812 3.83708 3.4548 28.2054 858.046
212.058 62.8349 3.84586 3.46746 45.4422 880.341
211.771 63.0624 3.851 3.45935 48.7411 858.136
212.26 62.5808 3.84768 3.42742 70.7807 900.208
211.152 62.8331 3.86972 3.46323 65.5802 837.18
217.147 60.448 3.79138 3.47813 57.9436 1239.53
211.908 64.4716 3.81793 3.76073 168.867 827.415
218.249 60.3583 3.77926 3.44476 47.8739 1296.62
207.417 57.7828 3.80406 3.51935 66.8389 1018.44
212.138 64.8736 3.79771 3.75988 222.134 832.824
198.198 69.3641 3.84994 3.50326 81.4267 557.289
202.84 70.0079 3.80078 3.74478 182.195 701.417
205.387 69.6211 3.82581 3.35686 78.6825 730.451
206.58 70.34 3.81529 3.35322 125.347 819.663
194.656 68.2746 3.8265 3.62661 105.354 413.716
196.822 68.4753 3.86979 3.70489 176.184 446.83
198.806 68.6483 3.81711 3.52132 139.983 491.36
200.413 69.1049 3.79595 3.53195 79.5256 565.947
205.217 69.1565 3.83147 3.38949 104.805 689.588
209.387 69.836 3.85016 3.51334 104.623 863.881
211.299 69.72 3.85953 3.53427 125.14 918.623
215.088 69.9175 3.86256 3.46229 134.388 1058.31
216.289 69.626 3.8538 3.46304 103.572 1088.73
235.93 69.3475 3.86765 3.50765 163.439 1841.52
201.885 68.4946 3.8296 3.53891 101.307 543.503
203.387 68.7132 3.84843 3.46138 112.846 602.519
207.318 68.8799 3.85167 3.61071 117.443 735.824
209.319 68.9656 3.84915 3.54326 171.568 808.754
211.177 69.1532 3.85407 3.4891 125.489 883.78
213.625 69.322 3.8427 3.46684 131.795 979.361
219.035 69.243 3.82622 3.50258 113.678 1178.63
221.263 69.3286 3.83539 3.49978 85.5562 1266.48
202.768 67.4572 3.83791 3.48799 143.579 489.81
203.811 68.2575 3.85736 3.47649 116.437 580.222
206.028 68.4414 3.84643 3.56672 104.273 664.855
208.187 68.1343 3.83153 3.52533 168.293 723.731
210.384 68.0584 3.81774 3.48245 160.006 803.752
211.513 68.0748 3.81456 3.55422 128.928 848.525
214.432 68.1207 3.80039 3.54057 142.238 966.216
218.405 68.1861 3.81492 3.51037 84.8991 1129.08
220.465 68.6043 3.82004 3.52474 122.051 1220.25
222.103 68.3889 3.82462 3.58008 90.3454 1283.45
223.281 66.3701 3.83229 3.64644 99.0897 1331.1
202.227 66.8332 3.85094 3.60805 194.038 430.696
204.275 67.0486 3.83041 3.58389 182.788 520.259
206.517 67.2221 3.82265 3.54754 151.844 616.433
207.821 67.5076 3.81654 3.49549 139.669 680.43
212.113 67.5187 3.80952 3.57556 150.911 854.693
214.357 67.5933 3.80664 3.58834 132.706 949.77
215.855 67.6946 3.80907 3.55155 124.516 1014.35
220.128 67.6136 3.81262 3.60855 127.642 1193.14
224.214 67.6106 3.82374 3.56637 85.0471 1366.65
226.258 67.441 3.83543 3.55876 125.884 1454.19
202.913 66.1434 3.77982 3.74618 171.946 423.572
206.494 66.5156 3.80252 3.67352 195.643 588.947
208.493 66.9214 3.81883 3.69722 156.511 686.222
209.976 66.7108 3.81601 3.6723 258.619 743.943
212.525 66.7004 3.8235 3.64944 164.874 854.644
213.899 66.7653 3.82466 3.66285 113.883 915.667
216.215 66.9498 3.82316 3.64618 114.837 1018.85
218.345 66.8088 3.81851 3.61305 92.3061 1111.1
221.978 66.9116 3.82683 3.59287 122.784 1270.53
223.778 66.9808 3.82666 3.58791 120.431 1349.01
225.729 66.9227 3.83389 3.59566 105.956 1434.5
203.551 65.5276 3.74196 3.7986 206.452 433.348
205.119 65.4924 3.761 3.67915 167.624 504.527
207.195 65.6571 3.77048 3.72895 249.183 601.802
208.623 65.8937 3.78264 3.67107 207.669 669.641
210.457 65.8251 3.78371 3.64037 237.614 752.418
212.122 65.8371 3.7922 3.64599 247.167 828.5
214.18 66.267 3.81337 3.63616 81.7859 923.64
214.181 66.267 3.80942 3.66979 100.917 923.685
218.473 66.2305 3.8203 3.62616 141.487 1116.58
221.631 66.2191 3.83041 3.66407 113.795 1258.56
225.657 65.8052 3.85427 3.66649 101.974 1445.3
213.052 64.4091 3.82048 3.75486 136.99 882.903
205.522 64.7962 3.81299 3.59011 99.0682 520.101
208.018 65.18 3.76828 3.71661 162.703 637.217
210.64 65.1479 3.78329 3.75072 246.918 760.186
216.846 65.3064 3.81384 3.68109 138.541 1048.48
218.385 65.6035 3.81591 3.66499 254.012 1116.47
220.064 65.4483 3.81942 3.66562 119.728 1195.53
221.694 65.3609 3.83217 3.65979 191.835 1271.85
223.623 65.2225 3.83722 3.68984 148.82 1363.19
203.285 63.465 3.90038 3.51995 72.4069 440.406
204.379 63.994 3.87043 3.6963 110.659 476.182
205.853 64.1767 3.86048 3.68154 138.56 543.049
214.63 64.613 3.81164 3.72107 153.236 954.198
216.436 64.5012 3.81741 3.69959 198.106 1041.68
221.784 64.453 3.81731 3.63566 92.6743 1294.73
221.784 64.4525 3.81633 3.64484 75.3786 1294.71
223.67 64.5753 3.82437 3.65378 122.81 1379.92
201.699 62.7161 3.73398 3.76143 77.0521 406.234
205.93 63.3569 3.85949 3.53968 105.794 569.148
214.222 63.8036 3.84746 3.69787 105.284 952.418
217.924 64.0292 3.82438 3.68476 175.394 1123.08
222.48 63.8433 3.82529 3.66314 90.1539 1344.42
200.525 61.7105 3.83603 3.43871 51.7264 435.212
201.703 62.1344 3.72363 3.85894 75.4127 445.55
203.311 62.2195 3.77929 3.63462 76.9758 506.16
205.146 62.1816 3.75229 3.63498 122.045 588.486
206.12 62.4787 3.77505 3.42743 88.5799 616.344
216.652 63.0254 3.86827 3.65857 95.7006 1093.35
218.173 63.0618 3.84866 3.6784 111.358 1164.9
221.871 63.109 3.83264 3.70622 90.4807 1340.06
193.799 60.3849 3.84501 3.76974 102.25 467.783
196.65 60.4135 3.75179 3.6286 92.3835 474.204
198.04 60.7515 3.79566 3.55071 59.1379 459.445
199.312 60.6947 3.82448 3.54856 81.2157 493.492
201.041 61.0224 3.82399 3.46811 59.9396 512.338
202.562 61.4009 3.7364 3.57385 61.6293 534.342
204.176 61.4907 3.78294 3.58305 61.5985 591.563
205.609 61.9037 3.76719 3.65134 140.409 625.495
206.868 61.8823 3.75909 3.66368 122.339 682.841
209.88 61.7531 3.78389 3.51156 114.315 827.537
212.274 61.7929 3.79207 3.37256 64.9993 937.231
213.825 62.1067 3.81124 3.36889 69.982 995.534
217.004 62.4013 3.84089 3.52225 84.995 1134.5
218.122 62.3579 3.85678 3.61247 90.1412 1189.92
221.538 62.4435 3.83576 3.66651 94.875 1350.06
223.206 62.5763 3.83014 3.7041 91.2032 1424.46
225.609 62.2024 3.83594 3.72578 107.074 1555.25
198.315 59.9237 3.76359 3.68154 63.8049 551.381
199.908 60.1686 3.83276 3.60591 82.1972 560.627
201.231 60.4742 3.8613 3.51127 51.3809 568.188
202.813 60.5269 3.71385 3.61603 73.9789 615.51
204.11 60.6801 3.74756 3.61878 94.5821 650.262
205.516 60.8132 3.79329 3.58677 71.1278 695.491
207.791 61.2001 3.80271 3.65012 59.2577 765.531
215.402 61.6061 3.79173 3.36615 74.8357 1094.46
222.911 61.4593 3.85348 3.74326 69.5279 1460.5
224.22 61.4862 3.83635 3.66929 87.7537 1521.94
226.918 61.1512 3.85704 3.66531 53.8038 1667.92
198.736 59.2533 3.76374 3.62838 73.2704 629.761
200.175 59.1767 3.79773 3.5671 60.9483 667.085
202.905 59.7733 3.77563 3.52607 84.4315 685.342
204.792 59.8542 3.77058 3.60909 86.3156 743.624
205.68 60.1952 3.78006 3.59108 61.5536 749.378
207.376 60.0815 3.78583 3.54317 82.9531 826.097
210.276 60.4814 3.76528 3.51053 84.7151 921.996
219.809 60.7718 3.77691 3.33674 38.956 1347.47
221.424 60.3024 3.77376 3.39589 49.2317 1450.39
190.452 56.6011 3.764 3.93649 49.8578 915.852
204.771 59.3922 3.76352 3.62212 68.345 782.558
206.768 59.6524 3.77045 3.5577 76.1378 835.164
212.597 59.9979 3.79788 3.53866 69.1434 1057.51
222.262 59.6304 3.7945 3.40733 60.8242 1529.5
223.04 60.1218 3.78357 3.37568 36.5028 1537.68
226.285 59.5898 3.78115 3.44359 31.1729 1723.69
212.566 65.1171 3.7888 3.7127 186.598 850.68
203.344 58.6774 3.78931 3.43095 39.8621 801.146
204.991 58.6484 3.77748 3.57037 36.038 856.495
206.355 58.9287 3.79295 3.56278 68.8432 879.703
207.606 58.6097 3.78272 3.55282 62.1628 953.452
213.66 59.4296 3.80118 3.58286 98.8066 1143.45
227.731 58.9601 3.79391 3.47659 28.7654 1831.02
203.613 57.6397 3.7778 3.54839 38.1143 909.307
224.26 58.4133 3.80277 3.42004 25.4787 1700.83
225.482 58.2747 3.81024 3.41004 24.95 1767.72
197.939 55.703 3.7948 3.65619 52.3463 1003.97
200.447 56.2848 3.79384 3.60994 74.8754 975.657
223.768 57.9616 3.79997 3.48241 48.8126 1707.81
225.424 57.4688 3.8216 3.48075 34.5634 1819.37
228.869 57.9128 3.7917 3.46009 44.8175 1952.55
229.75 56.9811 3.79666 3.51219 40.3281 2057.75
212.138 64.8735 3.79797 3.77097 150.746 832.815
210.428 68.6408 3.83547 3.5172 183.471 831.349
226.879 56.1146 3.82522 3.56369 44.0929 1984.32
228.385 55.3279 3.83127 3.59164 46.0648 2113.25
218.842 64.7774 3.81939 3.68061 172.475 1149.59
227.653 56.4191 3.80987 3.52947 43.1279 1998.41
209.931 62.7622 3.27944 2.61936 98.3283 781.88
211.063 63.7323 3.85656 3.6658 120.979 803.051
211.14 63.4057 3.87496 3.6222 147.956 816.282
218.547 60.1369 3.89639 4.02151 85.5381 1323.62
210.84 64.6544 3.80226 3.73355 128.612 773.987
210.867 64.709 3.79784 3.73062 152.225 774.581
210.853 64.7716 3.79523 3.75452 117.662 773.209
210.847 64.8338 3.80022 3.72228 77.093 772.255
210.819 64.8857 3.78848 3.73054 144.605 770.413
210.44 64.87 3.78929 3.74855 214.616 752.68
210.174 64.8537 3.78744 3.75222 113.112 740.261
210.069 64.7653 3.79271 3.76996 244.689 736.13
210.917 64.5498 3.80664 3.74173 156.153 779.047
210.782 64.5716 3.80291 3.7478 136.688 772.329
210.554 64.5756 3.80196 3.74278 143.162 761.442
210.901 64.613 3.8027 3.74621 174.277 777.395
211.172 64.6917 3.7998 3.74955 203.363 789.246
217.908 60.4896 3.78642 3.44135 52.7332 1273.01
217.507 60.403 3.77817 3.4975 44.4676 1259.07
218.338 61.0595 3.79491 3.28713 46.7415 1262.04
216.296 60.3923 3.8062 3.46227 60.7106 1202.89
216.716 60.1205 3.80323 3.52103 48.6305 1238.75
215.271 60.5805 3.79188 3.47317 85.5254 1143.93
216.679 60.2805 3.79602 3.502 70.4487 1227.42
218.244 60.7315 3.78468 3.38206 49.5041 1275.3
217.659 60.602 3.787 3.42402 50.8926 1254.84
216.749 60.4427 3.79766 3.4872 63.6983 1221.14
217.639 60.9231 3.78446 3.33403 44.8027 1236.15
217.277 60.2474 3.79028 3.51656 52.0903 1257.37
218.995 60.8241 3.76085 3.33203 35.369 1305.89
216.976 61.3836 3.79328 3.30582 65.6981 1180.47
218.049 60.1785 3.79182 3.48831 52.4998 1297.75
216.031 60.2361 3.80815 3.50813 67.1404 1199.83
217.533 61.187 3.78566 3.31213 52.3991 1217.08
218.652 60.2994 3.77006 3.43007 32.8635 1319.06
219.217 60.1294 3.76982 3.4416 51.9326 1355.66
216.221 60.072 3.81147 3.4969 70.2862 1218.66
218.856 60.4399 3.76741 3.43027 59.5528 1320.61
216.546 61.2275 3.79747 3.33934 63.0496 1168.08
212.567 65.1173 3.77683 3.69783 49.1167 850.693
212.57 65.1176 3.77673 3.68266 51.2395 850.822
209.518 60.7352 3.79949 3.65465 34.7682 871.777
209.518 60.7351 3.79959 3.65475 34.7682 871.801
