# evlo=207.684799 evla=63.882702
194.627 64.5646 3.85894 3.70289 144.031 637.224
217.908 60.4896 3.76741 3.22615 39.3858 651.86
217.654 61.036 3.83891 3.18989 59.441 603.464
217.507 60.403 3.73584 3.38173 29.7339 641.36
218.338 61.0595 3.84139 3.18057 59.957 632.143
220.363 59.9534 3.74042 3.22122 34.3507 795.006
216.3 60.3932 3.76155 3.51555 80.8741 593.408
225.144 58.5792 3.81902 3.26388 46.5087 1103.02
216.716 60.1205 3.76462 3.56231 71.5271 631.195
215.395 60.9677 3.75935 3.30124 102.717 513.455
209.094 59.7511 3.78573 3.16633 61.9236 466.357
209.259 59.7417 3.79584 3.17356 63.6018 468.845
204.378 55.8218 3.82926 3.41415 45.5814 916.677
200.411 54.831 3.80716 3.56415 83.3948 1088.31
208.763 59.5251 3.77811 3.26679 68.2479 488.932
216.907 60.7523 3.78248 3.26879 42.0865 591.052
218.66 60.9649 3.82123 3.18886 55.6856 652.47
217.513 60.0823 3.74821 3.53178 69.1592 665.767
214.225 61.1292 3.73192 3.46294 84.4298 455.401
215.93 63.6482 3.80412 3.73775 247.003 407.398
214.25 60.5487 3.78898 3.59791 120.245 504.229
213.401 60.7277 3.77582 3.45986 76.612 459.622
214.766 66.5657 3.88182 3.68503 127.197 445.863
188.296 63.7758 3.84624 3.74841 130.642 950.894
216.188 61.4417 3.855 3.29269 78.6391 513.173
212.904 60.8792 3.79185 3.51292 74.1683 429.823
215.271 60.5805 3.77264 3.46252 75.2657 538.855
216.679 60.2805 3.75183 3.53599 64.3131 617.154
218.244 60.7315 3.79344 3.18171 39.8242 649.44
213.497 60.396 3.8353 3.45329 63.7414 492.435
215.738 60.3351 3.77891 3.47624 67.6855 576.375
208.348 59.6572 3.78894 3.30657 47.5887 472.191
217.659 60.6024 3.78255 3.25548 39.7197 633.314
225.615 58.2758 3.79628 3.29471 47.6995 1145.85
215.581 59.9268 3.79299 3.45839 49.4584 604.667
216.749 60.4427 3.7473 3.39927 65.3995 607.456
217.639 60.9231 3.83071 3.17307 61.5704 610.326
214.077 61.4924 3.77053 3.19286 79.1332 421.756
197.4 66.8951 3.69913 3.67671 34.8294 583.186
218.995 60.824 3.83807 3.20968 50.4524 676.38
216.976 61.3836 3.8629 3.25819 85.09 551.366
218.049 60.1785 3.72833 3.43977 54.2878 680.409
216.031 60.2361 3.77356 3.56553 86.4493 595.524
191.145 52.9721 3.8332 3.65524 67.5377 1542.97
219.747 60.0959 3.74804 3.20121 44.6299 758.32
220.599 59.667 3.74102 3.37972 49.0639 825.496
217.533 61.1871 3.85933 3.17349 60.6829 588.377
215.323 60.3863 3.78299 3.50184 56.6483 556.63
197.092 68.0541 3.78907 3.58949 71.1231 667.873
218.652 60.2994 3.75999 3.31413 26.3765 696.94
219.217 60.1294 3.73081 3.20208 48.25 733.141
216.01 63.9761 3.81008 3.71089 342.198 408.212
214.792 60.5341 3.77978 3.54472 78.0982 524.849
205.816 56.5593 3.80927 3.44319 54.7069 822.398
189.752 57.1766 3.80598 3.65147 74.7851 1228.92
217.161 60.1791 3.75123 3.55149 83.7866 644.195
216.221 60.072 3.77798 3.53284 88.1955 616.092
210.547 60.1043 3.80476 3.27148 74.9325 446.903
218.856 60.4399 3.79141 3.19514 33.3228 695.833
217.171 60.7541 3.78275 3.19575 45.5789 601.958
192.073 65.5598 3.85072 3.50531 82.2944 765.078
193.495 53.8452 3.81635 3.62992 125.536 1379.18
216.546 61.2275 3.82487 3.24072 81.3709 542.741
217.147 60.448 3.76042 3.38686 58.5465 623.222
218.249 60.3583 3.75372 3.28614 38.1531 675.633
207.417 57.7828 3.81611 3.39454 94.8262 679.841
196.917 67.6988 3.78486 3.60979 51.0574 649.622
201.885 68.4946 3.85239 3.4533 43.8817 576.323
203.387 68.7132 3.86374 3.43189 66.2435 571.812
207.318 68.8799 3.77958 3.43862 51.3742 557.489
209.319 68.9656 3.87611 3.53763 92.4713 571.437
211.177 69.1532 3.8473 3.52557 108.965 607.673
213.625 69.322 3.80598 3.50751 109.44 660.55
219.035 69.243 3.81153 3.53642 84.8515 779.4
221.263 69.3286 3.85455 3.57115 44.7474 851.471
198.174 67.082 3.74864 3.5465 68.3555 565.874
199.397 67.4213 3.76756 3.6941 86.9069 547.923
202.768 67.4572 3.83421 3.56259 65.728 457.922
203.811 68.2575 3.85086 3.47954 74.2319 518.151
206.028 68.4414 3.76915 3.42893 46.8657 513.757
208.187 68.1343 3.84923 3.50174 72.5892 474.627
210.384 68.0584 3.81885 3.63045 106.012 481.396
211.513 68.0748 3.79937 3.51529 103.712 498.544
214.432 68.1207 3.82074 3.5578 110.912 562.476
218.405 68.1861 3.84476 3.76679 104.092 681.305
220.465 68.6043 3.87958 3.77301 145.8 776.738
222.103 68.3889 3.82977 3.64273 100.499 819.199
223.281 66.3701 3.90734 3.61115 145.286 780.488
193.671 65.4742 3.85337 3.48292 51.9768 690.546
195.352 65.7077 3.82814 3.50645 65.9958 619.359
198.75 66.442 3.79141 3.67802 52.8821 506.177
200.349 66.6001 3.7563 3.71404 55.035 457.115
202.227 66.8332 3.776 3.62233 67.0363 415.318
207.821 67.5076 3.83779 3.60781 112.136 404.234
212.113 67.5187 3.82919 3.52717 141.55 453.331
214.357 67.5933 3.82563 3.69099 125.698 514.051
215.855 67.6946 3.84038 3.73926 175.505 565.27
220.128 67.6136 3.81192 3.62398 96.3053 704.078
224.214 67.6106 3.86615 3.56577 78.5648 860.665
226.258 67.441 3.91099 3.61088 116.004 937.317
195.961 64.9941 3.91493 3.71977 65.2708 577.171
197.645 65.3936 3.89189 3.45637 59.0392 508.052
199.349 65.5011 3.89731 3.45206 59.9692 436.362
213.899 66.7653 3.83035 3.70348 131.294 432.231
216.215 66.9498 3.85451 3.66202 101.071 522.562
218.345 66.8088 3.8485 3.55746 112.78 592.83
221.978 66.9116 3.8931 3.56654 128.188 742.845
223.778 66.9808 3.90035 3.60248 127.829 819.844
225.729 66.9227 3.9322 3.62429 77.0378 900.29
197.761 64.6379 3.89438 3.71568 143.742 487.849
214.18 66.267 3.9295 3.71073 51.6706 404.671
214.181 66.267 3.88835 3.634 109.691 404.706
218.473 66.2305 3.84915 3.5826 207.862 570.355
221.631 66.2191 3.88787 3.6232 127.338 704.585
225.657 65.8052 3.89379 3.62781 131.071 875.986
199.305 63.8864 3.8391 3.63088 150.12 411.434
216.846 65.3064 3.87412 3.63725 246.848 466.038
218.385 65.6035 3.87193 3.60942 237.134 543.705
220.064 65.4483 3.86735 3.59617 204.407 615.38
221.694 65.3609 3.89273 3.58858 175.711 688.588
223.623 65.2225 3.86874 3.57111 148.678 776.699
196.446 62.7492 3.76423 3.66557 139.089 576.514
199.398 63.2842 3.77672 3.75657 148.511 416.582
216.201 64.5654 3.81849 3.88601 21.9076 419.984
216.436 64.5012 3.84355 3.75137 288.025 430.485
221.784 64.453 3.85951 3.64148 143.372 687.272
221.784 64.4525 3.84051 3.61628 154.264 687.244
223.67 64.5753 3.85887 3.61815 151.581 777.493
195.344 61.9331 3.78383 3.72559 137.23 662.595
198.469 62.2938 3.77156 3.6508 171.539 497.569
217.924 64.0292 3.81497 3.71508 219.832 501.545
222.48 63.8433 3.83179 3.65385 230.702 725.876
197.317 61.3416 3.84642 3.66047 150.483 601.998
198.513 61.678 3.83449 3.68776 183.753 528.141
200.525 61.7105 3.88742 3.661 215.749 437.877
216.652 63.0254 3.81767 3.54243 124.236 457.015
218.173 63.0618 3.79579 3.62483 193.177 530.152
221.871 63.109 3.8031 3.67074 208.608 710.373
193.799 60.3849 3.81817 3.70645 180.513 820.247
196.65 60.4135 3.85826 3.59742 91.2808 691.794
198.04 60.7515 3.86608 3.64485 127.652 608.843
199.312 60.6947 3.84849 3.54402 140.006 560.59
201.041 61.0224 3.83718 3.66264 117.842 467.818
217.004 62.4013 3.85599 3.42013 132.491 497.54
218.122 62.3579 3.83324 3.49412 119.94 552.708
221.538 62.4435 3.80805 3.61791 149.481 714.69
223.206 62.5763 3.80303 3.63598 166.053 791.734
225.609 62.2024 3.81851 3.67211 158.955 922.823
198.315 59.9237 3.819 3.58204 125.173 660.086
199.908 60.1686 3.8299 3.73585 142.48 579.854
201.231 60.4742 3.82118 3.74071 138.231 506.792
202.813 60.5269 3.83785 3.72572 119.403 451.567
204.11 60.6801 3.81999 3.666 131.119 402.143
215.402 61.6061 3.87264 3.35106 66.1273 468.556
222.911 61.4593 3.83046 3.6246 138.419 823.293
224.22 61.4862 3.80721 3.59037 113.331 885.123
226.918 61.1512 3.82272 3.62653 128.632 1031.81
198.736 59.2533 3.84763 3.67329 122 700.373
200.175 59.1767 3.82883 3.70247 99.964 658.38
201.907 59.5938 3.80726 3.61079 161.271 566.681
202.905 59.7733 3.80528 3.5905 155.841 522.316
204.792 59.8542 3.79437 3.54553 114.211 473.937
205.68 60.1952 3.80849 3.47988 82.804 424.086
207.376 60.0815 3.82661 3.51256 89.3081 423.933
210.276 60.4814 3.82372 3.15725 50.3066 402.296
223.909 60.7704 3.83384 3.57227 110.343 906.572
190.452 56.6011 3.83222 3.58895 31.691 1245.7
202.009 59.0314 3.80066 3.62949 101.866 619.028
203.561 59.1953 3.78102 3.60199 123.191 566.263
204.771 59.3922 3.79666 3.4987 115.591 523.59
206.768 59.6524 3.83198 3.51835 130.508 473.896
212.597 59.9979 3.85281 3.2998 73.0051 503.604
222.262 59.6304 3.77519 3.21451 31.6686 900.964
223.04 60.1218 3.84435 3.31091 35.5797 904.014
227.183 60.2114 3.83389 3.62046 117.886 1093.62
203.344 58.6774 3.79572 3.62317 90.1907 624.665
204.113 58.2637 3.81207 3.53275 92.6871 654.88
204.991 58.6484 3.80267 3.51335 72.6642 600.775
206.355 58.9287 3.81979 3.43055 117.272 556.569
207.606 58.6097 3.81907 3.37985 77.3444 587.601
213.66 59.4296 3.81815 3.36126 96.0343 588.108
227.731 58.9601 3.8146 3.34544 27.4918 1195.63
202.426 57.5673 3.78659 3.57564 91.7872 759.358
203.613 57.6397 3.79715 3.53254 83.1016 729.818
205.548 57.5665 3.80049 3.45073 52.2249 713.273
224.26 58.4133 3.77924 3.31988 23.4198 1075.86
229.033 59.3946 3.84962 3.60632 61.999 1229.77
197.939 55.703 3.82972 3.7391 91.2642 1060.34
200.447 56.2848 3.77378 3.53735 65.917 936.112
225.424 57.4688 3.78351 3.52572 43.3334 1197.84
228.869 57.9128 3.81114 3.39437 33.5067 1319.29
227.048 56.8144 3.76566 3.50056 25.1836 1319.11
229.75 56.9811 3.78906 3.44247 28.6786 1426.82
210.428 68.6408 3.85966 3.54249 134.939 544.573
229.974 55.9154 3.76121 3.61077 29.0338 1518.14
228.385 55.3279 3.81169 3.57257 58.3683 1496.24
218.842 64.7774 3.85112 3.64232 197.359 547.874
227.653 56.4191 3.7905 3.50458 64.1172 1376.53
218.547 60.1369 3.8938 4.60747 77.1761 704.206
217.908 60.4896 3.76741 3.22615 39.3858 651.86
217.507 60.403 3.73584 3.38173 29.7339 641.36
218.338 61.0595 3.84142 3.18059 59.957 632.147
216.296 60.3923 3.76115 3.51517 80.8741 593.345
216.716 60.1205 3.76462 3.56231 71.5271 631.195
215.271 60.5805 3.77264 3.46252 75.2657 538.855
216.679 60.2805 3.75183 3.53599 64.3131 617.154
218.244 60.7315 3.79344 3.18171 39.8242 649.44
217.659 60.602 3.78259 3.25552 39.7197 633.322
216.749 60.4427 3.7473 3.39927 65.3995 607.456
217.639 60.9231 3.83066 3.17302 61.5704 610.318
218.995 60.8241 3.83803 3.20965 50.4524 676.374
216.976 61.3836 3.8629 3.25819 85.09 551.366
218.049 60.1785 3.72833 3.43977 54.2878 680.409
216.031 60.2361 3.77356 3.56553 86.4493 595.524
217.533 61.187 3.85943 3.17357 60.6829 588.392
218.652 60.2994 3.75999 3.31413 26.3765 696.94
219.217 60.1294 3.73081 3.20208 48.25 733.141
216.221 60.072 3.77798 3.53284 88.1955 616.092
218.856 60.4399 3.79141 3.19514 33.3228 695.833
216.546 61.2275 3.82487 3.24072 81.3709 542.741
