# evlo=212.6241 evla=63.075298
194.627 64.5646 3.87274 3.52255 73.2667 898.501
217.908 60.4896 3.71315 3.36432 60.4091 400.756
220.363 59.9534 3.75916 3.09737 78.0339 538.577
225.144 58.5792 3.82139 3.28922 58.9802 843.176
209.094 59.7511 3.76996 3.24908 177.489 415.509
209.259 59.7417 3.79106 3.24152 195.881 412.556
204.378 55.8218 3.79721 3.4337 72.2667 932.037
200.411 54.831 3.82563 3.27261 70.6575 1152.48
208.763 59.5251 3.78072 3.28911 168.773 446.292
209.796 67.2269 3.77696 3.36191 84.6238 481.391
217.513 60.0823 3.69676 3.46431 75.6734 422.469
221.785 59.0906 3.67932 3.46838 18.1882 663.381
196.582 54.8564 3.81018 3.51449 100.174 1293.18
214.766 66.5657 3.81201 3.49656 95.4475 402.157
188.296 63.7758 3.85265 3.61695 69.6619 1209.89
203.121 64.7461 3.93762 3.53204 125.057 501.696
208.348 59.6572 3.77399 3.35693 162.15 444.053
225.615 58.2758 3.81875 3.32413 53.557 886.258
197.4 66.8951 3.81173 3.4529 18.0874 832.135
217.277 60.2474 3.68757 3.50502 50.7074 399.878
218.995 60.824 3.81755 3.26144 68.2973 417.738
218.049 60.1785 3.6876 3.38886 90.0147 432.163
191.145 52.9721 3.80553 3.5073 68.2774 1681.51
219.747 60.0959 3.7524 3.10826 57.732 502.844
220.599 59.667 3.72047 3.26313 73.9384 570.333
197.092 68.0541 3.79754 3.69019 64.6014 902.76
218.652 60.2994 3.73916 3.27276 48.9037 444.092
219.217 60.1294 3.69767 3.19066 67.0681 479.413
205.816 56.5593 3.79293 3.4428 115.862 819.283
189.752 57.1766 3.81646 3.5836 55.8583 1420.52
217.161 60.1791 3.70521 3.49855 122.833 402.381
218.856 60.4399 3.80543 3.22386 72.9254 440.763
192.073 65.5598 3.81858 3.51876 69.5093 1026.8
193.495 53.8452 3.79267 3.49279 187.427 1507.04
218.249 60.3583 3.68937 3.28079 68.9588 424.171
207.417 57.7828 3.80036 3.33245 134.758 655.243
198.174 67.082 3.80048 3.35574 24.0763 810.392
199.397 67.4213 3.75485 3.74781 74.7885 782.807
202.768 67.4572 3.77707 3.54373 72.1783 669.77
203.811 68.2575 3.81664 3.54085 68.72 704.394
206.028 68.4414 3.79522 3.40325 41.5348 669.531
210.384 68.0584 3.78307 3.44667 63.5766 565.073
211.513 68.0748 3.84968 3.46362 58.7225 559.778
214.432 68.1207 3.80564 3.54184 121.024 568.65
218.405 68.1861 3.78932 3.54461 93.9514 628.375
220.465 68.6043 3.81639 3.62026 93.7868 711.811
222.103 68.3889 3.84554 3.56997 126.556 733.267
223.281 66.3701 3.86142 3.57896 109.263 625.545
193.671 65.4742 3.82545 3.40459 48.4505 952.27
195.352 65.7077 3.79824 3.52279 42.2784 880.095
202.227 66.8332 3.73309 3.48754 61.2006 644.294
204.275 67.0486 3.78138 3.64563 61.2905 591.204
206.517 67.2221 3.78711 3.4171 93.235 543.366
207.821 67.5076 3.83485 3.4109 57.893 542.258
212.113 67.5187 3.8448 3.50419 99.8331 495.994
214.357 67.5933 3.80332 3.44917 83.2556 510.121
215.855 67.6946 3.78473 3.45697 123.625 536.318
220.128 67.6136 3.79857 3.57763 105.555 614.038
224.214 67.6106 3.89041 3.5642 75.506 737.479
226.258 67.441 3.90775 3.67909 80.4693 798.828
195.961 64.9941 3.87223 3.38014 52.6317 839.202
197.645 65.3936 3.8426 3.37315 64.3816 769.145
199.349 65.5011 3.83627 3.3918 47.0307 695.764
201.346 65.895 3.81006 3.66704 72.1406 625.508
206.494 66.5156 3.7351 3.64103 108.712 481.235
208.493 66.9214 3.83843 3.60913 64.5593 470.792
209.976 66.7108 3.82526 3.38932 112.878 424.192
212.525 66.7004 3.84202 3.45779 85.4138 404.193
213.899 66.7653 3.80553 3.4828 74.5772 415.777
216.215 66.9498 3.78888 3.48189 117.265 463.798
218.345 66.8088 3.77734 3.46026 133.561 495.977
221.978 66.9116 3.87571 3.60956 117.174 613.448
223.778 66.9808 3.88554 3.62569 81.3054 680.894
225.729 66.9227 3.87141 3.69721 108.036 750.175
197.761 64.6379 3.87992 3.51443 49.4683 749.566
200.087 64.937 3.88845 3.43894 61.4659 646.186
201.637 65.1527 3.90418 3.35092 55.0838 582.398
203.551 65.5276 3.81957 3.43877 49.1741 516.617
205.119 65.4924 3.81165 3.39867 44.8804 452.011
218.473 66.2305 3.78979 3.60969 166.002 448.924
221.631 66.2191 3.87525 3.53031 99.383 554.258
225.657 65.8052 3.89428 3.50154 81.7356 695.833
199.305 63.8864 3.83174 3.58017 102.653 668.663
220.064 65.4483 3.88475 3.55446 107.315 446.827
221.694 65.3609 3.87759 3.52417 134.812 508.063
223.623 65.2225 3.87132 3.50421 139.437 585.42
196.446 62.7492 3.78568 3.57985 118.112 820.874
199.398 63.2842 3.79715 3.56236 160.354 665.309
200.922 63.3965 3.83825 3.54513 91.0098 588.438
203.285 63.465 3.8336 3.50448 149.085 470.464
204.379 63.994 3.87556 3.5296 123.352 422.423
221.784 64.453 3.86544 3.45943 131.386 476.868
221.784 64.4525 3.83025 3.49304 85.8033 476.826
223.67 64.5753 3.85308 3.43311 144.743 568.125
195.344 61.9331 3.78298 3.57631 103.181 896.669
198.469 62.2938 3.78318 3.5712 123.46 728.697
201.699 62.7161 3.79111 3.52251 143.726 556.364
222.48 63.8433 3.82793 3.56043 175.539 498.433
197.317 61.3416 3.80394 3.58359 183.586 817.522
198.513 61.678 3.79506 3.58844 138.752 745.039
200.525 61.7105 3.78159 3.57458 220.049 642.939
201.703 62.1344 3.77878 3.5688 148.431 569.866
203.311 62.2195 3.75995 3.51864 242.37 486.555
221.871 63.109 3.75791 3.64462 215.635 466.701
193.799 60.3849 3.80913 3.58696 167.611 1034.98
196.65 60.4135 3.80846 3.5823 132.313 891.81
198.04 60.7515 3.8077 3.5878 140.008 806.824
199.312 60.6947 3.80348 3.55909 128.859 747.068
201.041 61.0224 3.7998 3.51175 169.825 646.622
202.562 61.4009 3.80195 3.48261 207.568 554.677
204.176 61.4907 3.82076 3.50476 138.54 472.344
221.538 62.4435 3.73171 3.60799 199.639 460.411
223.206 62.5763 3.7386 3.57851 233.039 541.668
225.609 62.2024 3.77015 3.6673 349.148 671.994
198.315 59.9237 3.81165 3.49765 117.106 836.723
199.908 60.1686 3.80756 3.44136 104.662 746.588
201.231 60.4742 3.82016 3.45562 184.53 666.371
202.813 60.5269 3.81666 3.45589 110.643 589.375
204.11 60.6801 3.81239 3.35765 135.353 520.805
205.516 60.8132 3.80787 3.36008 204.809 449.917
222.911 61.4593 3.7578 3.54496 140.743 563.118
224.22 61.4862 3.76272 3.57133 168.468 626.544
226.918 61.1512 3.78167 3.60155 165.937 774.555
198.736 59.2533 3.80669 3.48516 80.2169 857.827
200.175 59.1767 3.78936 3.49919 84.1235 797.236
201.907 59.5938 3.77695 3.5246 173.864 691.286
202.905 59.7733 3.76785 3.44309 133.612 635.02
204.792 59.8542 3.77067 3.45418 173.277 549.988
205.68 60.1952 3.78496 3.44449 148.102 487.994
207.376 60.0815 3.77029 3.46199 148.989 434.493
219.809 60.7718 3.8363 3.22059 52.8114 456.065
221.424 60.3024 3.83336 3.13086 67.2995 558.272
223.909 60.7704 3.78874 3.50008 170.917 644.973
190.452 56.6011 3.79216 3.60384 41.0066 1426.65
202.009 59.0314 3.76226 3.50724 128.961 727.743
203.561 59.1953 3.77002 3.43884 111.195 651.16
204.771 59.3922 3.77783 3.48611 149.178 587.766
206.768 59.6524 3.78618 3.44888 172.112 493.162
222.262 59.6304 3.83596 3.09215 66.3104 641.814
223.04 60.1218 3.86087 3.28032 67.8956 642.397
226.285 59.5898 3.84515 3.42332 69.4539 825.882
227.183 60.2114 3.80452 3.56558 111.812 832.805
203.344 58.6774 3.79225 3.45872 137.218 701.752
204.113 58.2637 3.79985 3.41318 108.125 708.703
204.991 58.6484 3.79309 3.42239 161.984 643.626
206.355 58.9287 3.79508 3.28041 134.474 572.62
207.606 58.6097 3.80076 3.33142 190.78 567.108
213.66 59.4296 3.92032 3.48477 67.3366 410.026
227.731 58.9601 3.83322 3.35447 52.534 933.6
202.426 57.5673 3.79419 3.39421 70.3948 831.293
203.613 57.6397 3.79824 3.4636 108.088 782.234
205.548 57.5665 3.79316 3.24157 109.404 726.826
224.26 58.4133 3.77366 3.3525 31.3084 818.062
225.482 58.2747 3.77661 3.34833 33.2699 880.587
229.033 59.3946 3.82792 3.55269 67.7796 968.427
197.939 55.703 3.77695 3.49176 99.1374 1165.7
200.447 56.2848 3.78982 3.42527 57.9232 1017.96
228.869 57.9128 3.81784 3.36251 48.6615 1057.6
227.048 56.8144 3.76041 3.51711 39.6626 1061.82
229.75 56.9811 3.80791 3.39586 43.0182 1165.77
210.428 68.6408 3.79449 3.35864 70.349 628.53
226.879 56.1146 3.78501 3.56169 51.3606 1113.25
228.385 55.3279 3.7917 3.56822 61.08 1241.14
217.908 60.4896 3.71315 3.36432 60.4091 400.756
217.277 60.2474 3.68757 3.50502 50.7074 399.878
218.995 60.8241 3.81748 3.26139 68.2973 417.731
218.049 60.1785 3.6876 3.38886 90.0147 432.163
218.652 60.2994 3.73916 3.27276 48.9037 444.092
219.217 60.1294 3.69767 3.19066 67.0681 479.413
218.856 60.4399 3.80543 3.22386 72.9254 440.763
