# evlo=211.908203 evla=64.471603
194.627 64.5646 3.81793 3.76073 168.867 827.415
217.908 60.4896 3.77849 3.43441 74.39 540.54
217.654 61.036 3.73609 3.59795 134.143 482.134
217.507 60.403 3.79953 3.35542 61.9198 537.358
218.338 61.0595 3.73311 3.43707 104.508 502.002
220.363 59.9534 3.77983 3.6136 76.1663 667.564
216.3 60.3932 3.78019 3.32984 68.7419 507.726
225.144 58.5792 3.80328 3.54356 40.5504 959.485
216.716 60.1205 3.7386 3.37124 81.1581 544.984
215.395 60.9677 3.76754 3.42093 100.252 429.19
209.094 59.7511 3.81365 3.27043 130.135 546.086
209.259 59.7417 3.81841 3.28879 144.165 544.867
208.846 60.7683 3.80702 3.29083 137.197 441.544
204.378 55.8218 3.80137 3.41116 83.598 1048.9
200.411 54.831 3.82419 3.57184 92.0922 1250.23
208.763 59.5251 3.79831 3.26793 175.768 575.203
216.907 60.7523 3.75291 3.31493 72.6103 487.247
218.66 60.9649 3.74003 3.44005 110.571 521.066
217.513 60.0823 3.75573 3.39617 88.3773 568.719
221.785 59.0906 3.72001 3.51336 17.8648 792.757
214.25 60.5487 3.82745 3.40809 84.8439 453.485
196.582 54.8564 3.83171 3.53381 52.0997 1368.66
213.401 60.7277 3.87074 3.46875 97.9075 424.236
188.296 63.7758 3.82104 3.70611 164.425 1146.19
203.121 64.7461 3.81284 3.71965 211.044 421.373
216.188 61.4417 3.72944 3.56184 126.394 401.325
212.904 60.8792 3.90898 3.35172 91.0263 403.621
215.271 60.5805 3.79836 3.4503 94.7947 466.809
216.679 60.2805 3.73559 3.36807 97.4862 528.006
218.244 60.7315 3.77277 3.43682 81.984 528.327
213.497 60.396 3.89851 3.48806 69.1133 461.547
215.738 60.3351 3.78426 3.55818 80.0872 501.527
208.348 59.6572 3.77758 3.28033 131.016 567.697
217.659 60.6024 3.77263 3.45644 83.9944 522.629
225.615 58.2758 3.80015 3.64835 28.6061 1003.05
215.581 59.9268 3.81142 3.46607 73.2585 541.18
216.749 60.4427 3.73167 3.35116 100.822 513.528
217.639 60.9231 3.75383 3.53201 129.2 492.063
197.4 66.8951 3.89513 3.57771 40.3223 717.472
217.277 60.2474 3.72838 3.37166 61.8749 546.308
218.995 60.824 3.73553 3.52501 110.791 544.691
216.976 61.3836 3.69211 3.59937 124.269 429.54
218.049 60.1785 3.77451 3.35765 73.1002 574.146
216.031 60.2361 3.79234 3.4889 65.124 517.836
191.145 52.9721 3.83083 3.57139 77.2521 1741.27
219.747 60.0959 3.76589 3.54677 86.9527 634.244
220.599 59.667 3.76387 3.52034 53.0107 701.002
217.533 61.1871 3.72295 3.62625 154.175 464.62
211.667 60.8584 3.89003 3.28631 98.7692 402.903
215.323 60.3863 3.80324 3.55235 88.9483 488.121
197.092 68.0541 3.86895 3.48575 76.571 773.58
218.652 60.2994 3.76616 3.42145 64.4073 580.69
219.217 60.1294 3.7584 3.42579 80.9849 614.019
214.792 60.5341 3.78121 3.43953 106.571 463.207
205.816 56.5593 3.81198 3.41631 96.5825 941.946
209.777 60.5117 3.79962 3.33418 183.639 454.75
189.752 57.1766 3.81081 3.65644 69.1793 1441.94
217.161 60.1791 3.73748 3.38746 152.881 550.06
216.221 60.072 3.78533 3.44285 61.2349 538.774
210.547 60.1043 3.83455 3.36665 130.292 491.804
218.856 60.4399 3.76752 3.4601 73.2265 574.223
217.171 60.7541 3.74611 3.3853 94.6549 494.294
192.073 65.5598 3.84442 3.58682 83.6966 938.996
193.495 53.8452 3.81762 3.59714 164.01 1572.88
216.546 61.2275 3.70522 3.44206 128.839 431.65
217.147 60.448 3.74342 3.39653 81.7824 523.253
218.249 60.3583 3.79723 3.44165 69.2242 562.96
218.547 60.1369 3.67936 4.44459 95.1266 592.633
217.908 60.4896 3.77849 3.43441 74.39 540.54
217.507 60.403 3.79953 3.35542 61.9198 537.358
218.338 61.0595 3.73313 3.4371 104.508 502.006
216.296 60.3923 3.78028 3.32993 68.7419 507.74
216.716 60.1205 3.7386 3.37124 81.1581 544.984
215.271 60.5805 3.79836 3.4503 94.7947 466.809
216.679 60.2805 3.73559 3.36807 97.4862 528.006
218.244 60.7315 3.77277 3.43682 81.984 528.327
217.659 60.602 3.7728 3.4566 83.9944 522.653
216.749 60.4427 3.73167 3.35116 100.822 513.528
217.639 60.9231 3.75378 3.53197 129.2 492.057
217.277 60.2474 3.72838 3.37166 61.8749 546.308
218.995 60.8241 3.73547 3.52495 110.791 544.683
216.976 61.3836 3.69211 3.59937 124.269 429.54
218.049 60.1785 3.77451 3.35765 73.1002 574.146
216.031 60.2361 3.79234 3.4889 65.124 517.836
217.533 61.187 3.72307 3.62637 154.175 464.635
218.652 60.2994 3.76616 3.42145 64.4073 580.69
219.217 60.1294 3.7584 3.42579 80.9849 614.019
216.221 60.072 3.78533 3.44285 61.2349 538.774
218.856 60.4399 3.76752 3.4601 73.2265 574.223
216.546 61.2275 3.70522 3.44206 128.839 431.65
