# evlo=211.771393 evla=63.062401
194.627 64.5646 3.851 3.45935 48.7411 858.136
217.908 60.4896 3.77166 3.24455 24.6318 432.272
217.507 60.403 3.71604 3.30797 15.4361 423.665
218.338 61.0595 3.81686 3.31382 73.604 409.261
220.363 59.9534 3.81131 3.24117 30.5587 573.064
225.144 58.5792 3.81286 3.2584 26.9843 879.943
216.716 60.1205 3.67756 3.60815 48.722 419.77
204.378 55.8218 3.79024 3.45296 46.534 907.845
208.763 59.5251 3.76826 3.17538 113.052 425.784
209.796 67.2269 4.57483 4.83801 41.222 473.416
218.66 60.9649 3.82281 3.25718 60.208 429.554
217.513 60.0823 3.68484 3.49171 44.5193 450.608
196.582 54.8564 3.82779 3.50317 44.9971 1258.6
214.766 66.5657 3.79228 3.40256 72.6982 415.561
216.679 60.2805 3.65673 3.70508 68.0328 404.33
218.244 60.7315 3.82223 3.21332 46.4771 427.794
208.348 59.6572 3.77338 3.22736 171.707 421.188
217.659 60.6024 3.80984 3.24963 50.6337 413.709
225.615 58.2758 3.81485 3.3092 24.5726 922.839
215.581 59.9268 3.87119 3.62285 34.4306 403.916
217.277 60.2474 3.69227 3.53466 57.0792 428.096
218.995 60.824 3.85017 3.31023 71.903 453.515
218.049 60.1785 3.74827 3.29325 39.4965 462.444
191.145 52.9721 3.81217 3.52449 74.2914 1644.48
219.747 60.0959 3.7676 3.09791 38.2447 536.768
220.599 59.667 3.76185 3.30503 39.0737 604.159
197.092 68.0541 3.81206 3.63462 50.5544 873.445
218.652 60.2994 3.80861 3.13274 46.7147 476.564
219.217 60.1294 3.82567 3.1324 24.7559 512.389
205.816 56.5593 3.76186 3.46656 83.1433 797.084
189.752 57.1766 3.83812 3.60469 35.8494 1379.01
217.161 60.1791 3.72247 3.49639 53.8679 429.827
216.221 60.072 3.71713 3.45864 58.5384 408.409
218.856 60.4399 3.84893 3.1722 44.4584 474.388
192.073 65.5598 3.80915 3.62933 40.7414 988.289
217.147 60.448 3.73582 3.51907 18.2347 406.571
218.249 60.3583 3.80026 3.22042 40.55 455.92
227.653 56.4191 3.78863 3.48322 36.841 1154.51
217.908 60.4896 3.77166 3.24455 24.6318 432.272
217.507 60.403 3.71604 3.30797 15.4361 423.665
218.338 61.0595 3.8169 3.31386 73.604 409.266
216.716 60.1205 3.67756 3.60815 48.722 419.77
216.679 60.2805 3.65673 3.70508 68.0328 404.33
218.244 60.7315 3.82223 3.21332 46.4771 427.794
217.659 60.602 3.80995 3.24972 50.6337 413.721
217.277 60.2474 3.69227 3.53466 57.0792 428.096
218.995 60.8241 3.85012 3.31018 71.903 453.509
218.049 60.1785 3.74827 3.29325 39.4965 462.444
218.652 60.2994 3.80861 3.13274 46.7147 476.564
219.217 60.1294 3.82567 3.1324 24.7559 512.389
216.221 60.072 3.71713 3.45864 58.5384 408.409
218.856 60.4399 3.84893 3.1722 44.4584 474.388
