# evlo=213.624893 evla=69.321999
194.627 64.5646 3.8427 3.46684 131.795 979.361
217.908 60.4896 3.75609 3.40047 38.3507 1004.78
217.654 61.036 3.75942 3.32096 33.1522 942.43
217.507 60.403 3.75934 3.36977 28.2896 1010.76
218.338 61.0595 3.75 3.44172 56.6594 946.616
220.363 59.9534 3.7909 3.50558 56.4897 1091.46
216.3 60.3932 3.82086 3.53148 43.8084 1003.27
225.144 58.5792 3.82417 3.53693 35.725 1318.86
216.716 60.1205 3.81928 3.51975 25.7603 1036.04
215.395 60.9677 3.79172 3.4883 60.4364 935.047
209.013 64.0997 3.83344 3.5617 115.676 616.514
209.094 59.7511 3.81249 3.46852 60.8041 1088.21
209.259 59.7417 3.81066 3.4526 71.7697 1087.74
210.701 64.1732 3.81872 3.4262 102.857 588.298
208.846 60.7683 3.80945 3.45054 70.6669 979.138
207.916 63.4188 3.82073 3.52766 150.309 705.396
212.195 64.6453 3.8136 3.43679 114.721 525.237
204.378 55.8218 3.82484 3.45186 43.7138 1573.78
200.411 54.831 3.81787 3.55338 50.2498 1747.45
207.685 63.8827 3.80598 3.50751 109.44 660.55
208.763 59.5251 3.80701 3.43368 82.6146 1116.17
218.66 60.9649 3.75606 3.51459 58.9766 960.459
209.738 62.4058 3.83526 3.49797 96.2684 790.947
217.513 60.0823 3.77272 3.37619 39.6657 1046.14
213.401 60.7277 3.80192 3.37164 45.02 958.249
215.271 60.5805 3.79381 3.51205 54.6529 977.604
218.244 60.7315 3.74797 3.43009 42.4871 981.516
213.052 64.4091 3.83962 3.44367 96.3888 548.454
217.659 60.6024 3.7566 3.37033 38.2696 990.132
217.639 60.9231 3.75428 3.35159 51.4936 954.703
216.976 61.3836 3.79964 3.45249 56.3888 898.414
211.063 63.7318 3.8082 3.467 154.766 633.575
218.049 60.1785 3.75192 3.395 43.4988 1040.26
216.031 60.2361 3.83987 3.56195 41.1691 1019.21
217.533 61.1871 3.75631 3.34243 42.1259 924.736
218.652 60.2994 3.77073 3.41607 27.5672 1033.03
211.14 63.4056 3.81266 3.52967 110.592 668.921
216.221 60.072 3.84245 3.57167 41.1912 1038.43
218.856 60.4399 3.77177 3.5082 44.7086 1019.91
216.546 61.2275 3.80182 3.47655 83.3561 912.485
212.138 64.8736 3.8255 3.38314 112.395 500.247
198.929 70.2043 3.89237 3.51651 96.903 574.556
203.383 71.3221 3.88998 3.41228 95.4146 444.254
234.753 71.9871 3.86861 3.33364 125.125 830.758
198.198 69.3641 3.84756 3.47091 145.938 605.999
202.84 70.0079 3.89149 3.57898 136.205 424.786
194.656 68.2746 3.84 3.45646 192.975 771.517
196.822 68.4753 3.83486 3.45126 202.057 679.723
198.806 68.6483 3.8317 3.39237 196.047 596.558
200.413 69.1049 3.82884 3.40743 175.699 523.038
235.93 69.3475 3.88606 3.46096 135.23 873.979
196.917 67.6988 3.84539 3.44311 185.311 704.438
201.885 68.4946 3.81114 3.43995 216.586 479.831
203.387 68.7132 3.80776 3.50936 233.216 414.388
198.174 67.082 3.83319 3.3775 128.706 685.243
199.397 67.4213 3.83432 3.37852 145.371 620.938
202.768 67.4572 3.85384 3.29368 165.915 491.59
203.811 68.2575 3.83551 3.50223 244.82 413.269
223.281 66.3701 3.98624 3.51556 87.1245 522.124
193.671 65.4742 3.83221 3.4917 145.221 951.729
195.352 65.7077 3.82651 3.43485 132.382 873.534
198.75 66.442 3.85149 3.33837 138.691 700.487
200.349 66.6001 3.86599 3.3663 98.8892 631.806
202.227 66.8332 3.86436 3.29519 190.425 549.016
204.275 67.0486 3.90438 3.41238 166.604 462.698
224.214 67.6106 3.8741 3.46641 157.961 473.259
226.258 67.441 3.87881 3.49134 205.714 559.105
195.961 64.9941 3.84252 3.40302 103.919 900.006
197.645 65.3936 3.84824 3.3856 108.401 810.952
199.349 65.5011 3.85215 3.48256 109.321 743.083
201.346 65.895 3.8452 3.35736 151.989 645.259
202.913 66.1434 3.89228 3.4038 135.27 574.039
206.494 66.5156 3.83483 3.43751 153.32 432.538
221.978 66.9116 3.94948 3.58155 117.861 438.804
223.778 66.9808 3.91734 3.49483 141.482 495.245
225.729 66.9227 3.90246 3.48793 137.735 568.892
197.761 64.6379 3.8587 3.44451 96.7086 863.26
200.087 64.937 3.83745 3.33854 89.3424 761.433
201.637 65.1527 3.85044 3.39981 98.3302 693.817
203.551 65.5276 3.8428 3.56919 109.797 603.19
205.119 65.4924 3.80289 3.41786 204.282 560.698
207.195 65.6571 3.79467 3.4582 194.366 491.988
208.623 65.8937 3.82023 3.49267 183.964 437.238
210.457 65.8251 3.79529 3.51223 168.195 412.556
218.473 66.2305 3.7574 3.58781 101.3 400.736
221.631 66.2191 3.93142 3.33373 62.1523 483.135
225.657 65.8052 3.96554 3.60877 83.9766 643.682
214.843 62.3987 3.82404 3.39326 53.1014 773.941
213.052 64.4091 3.83962 3.44367 96.3888 548.454
199.305 63.8864 3.82331 3.46518 71.1869 873.761
205.522 64.7962 3.83053 3.49595 76.939 614.617
208.018 65.18 3.79987 3.41257 116.768 521.033
210.64 65.1479 3.82542 3.53495 183.269 482.906
216.846 65.3064 3.77084 3.49312 95.4318 468.668
218.385 65.6035 3.79125 3.53602 95.1769 461.717
220.064 65.4483 3.8519 3.5965 59.771 512.311
221.694 65.3609 3.86616 3.39223 59.1569 560.835
223.623 65.2225 3.90352 3.45047 49.3809 627.031
196.446 62.7492 3.82413 3.60801 95.7489 1062.71
199.398 63.2842 3.85205 3.52771 114.254 923.439
200.922 63.3965 3.85799 3.64089 118.908 868.358
203.285 63.465 3.79633 3.49677 108.18 797.909
204.379 63.994 3.79094 3.41233 91.3195 719.668
205.853 64.1767 3.7997 3.44024 162.818 667.098
214.63 64.613 3.85707 3.51483 79.2019 526.967
216.436 64.5012 3.77908 3.45025 106.108 551.381
221.784 64.453 3.79879 3.58256 36.1569 648.963
221.784 64.4525 3.78958 3.49915 43.0436 648.998
223.67 64.5753 3.88327 3.45827 53.2031 686.037
195.344 61.9331 3.83764 3.65888 105.985 1169.45
198.469 62.2938 3.84195 3.49425 72.087 1040.65
201.699 62.7161 3.81885 3.60727 127.044 910.637
205.93 63.3569 3.81944 3.5355 130.961 747.909
214.222 63.8036 3.83228 3.43774 67.2789 615.947
217.924 64.0292 3.77072 3.59587 91.3913 619.705
222.48 63.8433 3.83517 3.55718 72.8922 724.815
197.317 61.3416 3.84095 3.48925 69.1123 1162.58
198.513 61.678 3.85023 3.48682 58.3392 1096.47
200.525 61.7105 3.82902 3.68543 106.57 1038.19
201.703 62.1344 3.80517 3.63187 125.118 966.7
203.311 62.2195 3.78791 3.51336 127.151 919.457
205.146 62.1816 3.8226 3.53877 134.947 884.131
206.12 62.4787 3.83195 3.58022 159.442 834.815
216.652 63.0254 3.81048 3.55414 69.7042 715.06
218.173 63.0618 3.78035 3.48692 67.502 727.046
221.871 63.109 3.83524 3.4867 54.9524 784.469
193.799 60.3849 3.83707 3.57363 77.7015 1357.88
201.041 61.0224 3.8083 3.61056 158.268 1092.66
202.562 61.4009 3.80495 3.5477 110.44 1018.78
204.176 61.4907 3.83299 3.54585 85.0728 974.767
205.609 61.9037 3.83697 3.54624 108.46 904.174
206.868 61.8823 3.81843 3.49252 144.265 884.854
209.88 61.7531 3.82947 3.46686 69.9734 861.107
212.274 61.7929 3.82311 3.51603 90.2999 841.758
213.825 62.1067 3.82507 3.47357 47.7763 804.573
217.004 62.4013 3.81673 3.55762 90.1289 786.656
218.122 62.3579 3.77269 3.48493 63.9993 802.723
221.538 62.4435 3.81042 3.49752 66.457 846.085
223.206 62.5763 3.8455 3.52685 55.3827 867.126
225.609 62.2024 3.84972 3.53698 82.059 961.666
199.908 60.1686 3.81986 3.60432 94.8846 1205.54
201.231 60.4742 3.8097 3.59153 113.209 1142.97
202.813 60.5269 3.81989 3.55165 112.962 1102.24
204.11 60.6801 3.82527 3.5143 85.8388 1060.07
205.516 60.8132 3.8185 3.47814 114.667 1020.47
207.791 61.2001 3.81003 3.49407 135.657 944.647
215.402 61.6061 3.77993 3.46091 97.399 864.153
222.911 61.4593 3.82128 3.56084 71.0282 974.727
224.22 61.4862 3.83465 3.56863 57.9111 999.644
226.918 61.1512 3.85348 3.5668 57.3157 1097.71
198.736 59.2533 3.8277 3.60865 109.768 1326.19
200.175 59.1767 3.81518 3.6712 104.196 1299.05
201.907 59.5938 3.81001 3.5828 175.062 1217.6
202.905 59.7733 3.81949 3.53253 74.7515 1178.26
204.792 59.8542 3.81927 3.47229 74.1094 1134.46
205.68 60.1952 3.81804 3.49348 92.6495 1083.42
207.376 60.0815 3.8083 3.46323 108.383 1071.11
210.276 60.4814 3.82743 3.47782 56.1336 997.939
219.809 60.7718 3.78847 3.57857 74.5224 995.567
221.424 60.3024 3.77685 3.50472 65.9565 1069.66
223.909 60.7704 3.8168 3.57286 63.4502 1066.13
202.009 59.0314 3.79653 3.52286 82.1916 1273.67
203.561 59.1953 3.80868 3.48089 68.6064 1226.13
204.771 59.3922 3.82312 3.50745 93.6351 1183.9
206.768 59.6524 3.80918 3.48848 112.545 1125.6
212.597 59.9979 3.81901 3.47578 41.0279 1040.63
222.262 59.6304 3.79379 3.56064 63.4995 1154.92
223.04 60.1218 3.79311 3.52765 71.6057 1116.62
226.285 59.5898 3.82222 3.57206 43.4688 1238.81
227.183 60.2114 3.85235 3.5834 51.2417 1197.34
212.566 65.1171 3.82052 3.36117 134.061 471.157
203.344 58.6774 3.80819 3.47415 89.8801 1284.77
204.113 58.2637 3.8203 3.48828 81.3187 1315.21
204.991 58.6484 3.81455 3.48391 103.223 1259.79
206.355 58.9287 3.81492 3.47966 83.7895 1209.51
207.606 58.6097 3.79627 3.43217 120.963 1228.59
213.66 59.4296 3.77741 3.4232 46.1371 1102.82
227.731 58.9601 3.83754 3.59188 34.2759 1336.52
202.426 57.5673 3.80058 3.48193 89.1078 1419.15
203.613 57.6397 3.81345 3.50469 58.6316 1390.28
205.548 57.5665 3.81626 3.50646 64.1286 1368.14
224.26 58.4133 3.79892 3.53205 53.737 1319.22
225.482 58.2747 3.82177 3.53034 27.4905 1357.5
229.033 59.3946 3.86455 3.59202 74.1182 1325.37
197.939 55.703 3.82628 3.60659 69.0456 1707.76
200.447 56.2848 3.79692 3.55233 69.4432 1592.99
223.768 57.9616 3.79533 3.58743 87.2261 1358.23
225.424 57.4688 3.80949 3.54717 48.3408 1440.96
228.869 57.9128 3.83476 3.68857 41.0724 1470.19
227.048 56.8144 3.80893 3.55929 18.5425 1542.46
229.75 56.9811 3.82671 3.61696 67.4539 1586.48
212.138 64.8735 3.87416 3.34693 74.3383 500.259
226.879 56.1146 3.80418 3.59015 54.3197 1612.44
229.974 55.9154 3.82416 3.55328 25.3868 1701.18
218.842 64.7774 3.79709 3.48685 82.2509 554.919
227.653 56.4191 3.80232 3.58633 47.7185 1596.6
209.931 62.7622 3.50431 2.63928 45.0341 750.051
211.063 63.7323 3.80785 3.46669 154.766 633.517
211.14 63.4057 3.81263 3.52963 110.592 668.915
218.547 60.1369 4.07364 3.77159 54.5817 1049.71
210.84 64.6544 3.82267 3.45004 38.4919 534.394
210.867 64.709 3.82177 3.46304 98.9857 528.174
210.853 64.7716 3.82957 3.485 53.7519 521.484
210.847 64.8338 3.83322 3.5084 54.0529 514.77
210.819 64.8857 3.83309 3.51248 83.4218 509.41
210.44 64.87 3.82081 3.53813 166.763 515.248
210.174 64.8537 3.82663 3.56924 124.152 520.193
210.069 64.7653 3.81925 3.56026 175.076 531.015
210.917 64.5498 3.81506 3.44154 68.5117 545.084
210.782 64.5716 3.81443 3.47746 66.4242 544.002
210.554 64.5756 3.80824 3.49073 96.9096 545.903
210.901 64.613 3.81829 3.451 66.2584 538.33
211.172 64.6917 3.80996 3.43668 96.5222 527.233
217.908 60.4896 3.75609 3.40047 38.3507 1004.78
217.507 60.403 3.75934 3.36977 28.2896 1010.76
218.338 61.0595 3.75 3.44173 56.6594 946.617
216.296 60.3923 3.82117 3.53176 43.8084 1003.35
216.716 60.1205 3.81928 3.51975 25.7603 1036.04
215.271 60.5805 3.79381 3.51205 54.6529 977.604
218.244 60.7315 3.74797 3.43009 42.4871 981.516
217.659 60.602 3.75675 3.37047 38.2696 990.172
217.639 60.9231 3.75427 3.35159 51.4936 954.701
216.976 61.3836 3.79964 3.45249 56.3888 898.414
218.049 60.1785 3.75192 3.395 43.4988 1040.26
216.031 60.2361 3.83987 3.56195 41.1691 1019.21
217.533 61.187 3.75636 3.34248 42.1259 924.749
218.652 60.2994 3.77073 3.41607 27.5672 1033.03
216.221 60.072 3.84245 3.57167 41.1912 1038.43
218.856 60.4399 3.77177 3.5082 44.7086 1019.91
216.546 61.2275 3.80182 3.47655 83.3561 912.485
209.518 60.7352 3.82254 3.49671 36.0986 976.186
209.518 60.7351 3.82257 3.49674 36.0986 976.193
