# evlo=220.465103 evla=68.604301
194.627 64.5646 3.82004 3.52474 122.051 1220.25
217.908 60.4896 3.87141 3.58322 45.7806 912.742
217.654 61.036 3.85096 3.6005 36.1643 854.056
217.507 60.403 3.84385 3.57006 56.3092 925.028
218.338 61.0595 3.87223 3.53456 40.033 847.075
220.363 59.9534 3.83541 3.61093 51.0841 964.418
216.3 60.3932 3.83901 3.53399 50.3567 936.51
216.716 60.1205 3.82664 3.58205 64.1227 962.524
215.395 60.9677 3.79346 3.45687 84.8791 884.146
209.013 64.0997 3.8557 3.7151 104.267 715.763
209.094 59.7511 3.81872 3.47195 72.4062 1127.17
209.259 59.7417 3.8249 3.46089 87.6164 1124.35
210.701 64.1732 3.86709 3.61889 83.0579 657.867
208.846 60.7683 3.83462 3.48264 62.3125 1031
207.916 63.4188 3.86614 3.67016 71.4975 808.746
212.195 64.6453 3.86969 3.73037 142.443 572.703
204.378 55.8218 3.82234 3.4575 31.3193 1640.77
207.685 63.8827 3.87958 3.77301 145.8 776.738
208.763 59.5251 3.82429 3.46118 70.349 1157.8
209.796 67.2269 3.86418 3.4298 124.803 472.712
216.907 60.7523 3.8481 3.51442 62.8337 891.349
218.66 60.9649 3.86684 3.55494 51.9943 855.926
209.738 62.4058 3.85087 3.59854 56.7573 848.449
217.513 60.0823 3.85523 3.58123 51.8915 960.423
212.624 63.0753 3.81639 3.62026 93.7868 711.811
214.225 61.1292 3.77805 3.47401 66.2562 883.278
215.93 63.6482 3.80784 3.51781 61.8085 589.026
213.401 60.7277 3.78794 3.47268 65.6188 939.283
215.271 60.5805 3.819 3.49517 53.0436 927.684
216.679 60.2805 3.82135 3.5413 83.8583 945.261
218.244 60.7315 3.85036 3.59798 46.3578 883.952
213.052 64.4091 3.83838 3.58341 116.955 571.621
217.659 60.6024 3.85994 3.57815 55.9078 901.916
216.749 60.4427 3.82706 3.51611 86.003 926.8
217.639 60.9231 3.85131 3.58975 77.9824 866.627
218.995 60.824 3.85692 3.53626 62.5297 870.168
216.976 61.3836 3.82353 3.56733 122.62 821.382
211.063 63.7318 3.84226 3.54593 114.948 687.719
218.049 60.1785 3.86286 3.60509 67.8094 946.345
216.031 60.2361 3.82138 3.56172 68.578 956.466
217.533 61.1871 3.8499 3.6207 115.761 838.286
211.14 63.4056 3.85304 3.61261 128.149 716.196
219.217 60.1294 3.82104 3.51336 48.1153 946.667
216.221 60.072 3.81889 3.5906 92.3177 972.496
218.856 60.4399 3.85795 3.54403 30.9757 913.397
216.546 61.2275 3.81917 3.54261 135.165 842.678
212.138 64.8736 3.86681 3.70227 143.466 553.924
198.929 70.2043 3.87367 3.43656 56.3997 859.59
203.383 71.3221 3.83447 3.38467 116.157 717.145
205.026 71.0033 3.82761 3.29784 61.2418 650.158
234.753 71.9871 3.83023 3.3361 116.952 654.489
198.198 69.3641 3.85387 3.44947 118.61 890.549
202.84 70.0079 3.88755 3.48686 109.099 710.061
205.387 69.6211 3.84411 3.48208 119.04 609.151
206.58 70.34 3.88199 3.45709 105.157 575.513
194.656 68.2746 3.84852 3.48475 162.044 1051.72
196.822 68.4753 3.83757 3.48926 219.381 959.861
198.806 68.6483 3.83849 3.47355 183.291 876.752
200.413 69.1049 3.8403 3.45196 174.226 805.899
205.217 69.1565 3.82015 3.42808 185.027 614.873
209.387 69.836 3.87877 3.48016 180.091 459.048
235.93 69.3475 3.97564 3.52033 114.91 623.227
196.917 67.6988 3.83757 3.42305 162.31 977.474
201.885 68.4946 3.82794 3.43057 211.456 755.807
203.387 68.7132 3.82486 3.4351 213.46 691.763
207.318 68.8799 3.81017 3.40522 194.945 532.044
209.319 68.9656 3.79844 3.5085 195.898 451.469
198.174 67.082 3.82213 3.39198 159.801 948.282
199.397 67.4213 3.82949 3.40127 132.886 885.912
202.768 67.4572 3.82484 3.39909 111.293 747.386
203.811 68.2575 3.82655 3.43795 159.458 682.502
206.028 68.4414 3.82163 3.44502 158.075 589.061
208.187 68.1343 3.80443 3.45499 127.661 507.155
210.384 68.0584 3.80483 3.49236 199.244 419.531
193.671 65.4742 3.81837 3.49212 113.185 1206.86
195.352 65.7077 3.81843 3.47331 124.876 1126.27
198.75 66.442 3.81323 3.43701 159.68 952.116
200.349 66.6001 3.82122 3.46171 169.644 880.016
202.227 66.8332 3.82098 3.415 125.552 793.592
204.275 67.0486 3.82259 3.38098 146.976 701.615
206.517 67.2221 3.82334 3.3571 131.447 604.006
207.821 67.5076 3.83332 3.36025 140.961 540.465
195.961 64.9941 3.82767 3.51065 121.725 1141.02
197.645 65.3936 3.82137 3.51298 161.174 1050.47
199.349 65.5011 3.82412 3.58982 121.861 976.11
201.346 65.895 3.82628 3.53055 117.798 874.618
202.913 66.1434 3.82227 3.51145 196.553 798.901
206.494 66.5156 3.84802 3.47713 133.057 637.571
208.493 66.9214 3.84676 3.43246 132.405 538.464
209.976 66.7108 3.85576 3.49549 139.837 491.872
197.761 64.6379 3.82827 3.57237 138.425 1090.5
200.087 64.937 3.82422 3.54214 107.909 980.01
201.637 65.1527 3.8358 3.5084 82.5573 905.912
203.551 65.5276 3.84929 3.50722 86.1369 808.403
205.119 65.4924 3.86818 3.63901 92.4826 750.028
207.195 65.6571 3.8487 3.56689 136.951 661.013
208.623 65.8937 3.85805 3.60496 82.5048 592.553
210.457 65.8251 3.81682 3.59018 61.095 531.262
212.122 65.8371 3.83333 3.63094 94.2593 473.965
214.843 62.3987 3.78662 3.43139 72.9481 738.517
213.052 64.4091 3.83838 3.58341 116.955 571.621
199.305 63.8864 3.84181 3.53559 55.9919 1079.44
205.522 64.7962 3.85634 3.60788 85.161 781.61
208.018 65.18 3.84651 3.52276 51.1291 663.858
210.64 65.1479 3.83231 3.61569 121.186 576.86
216.846 65.3064 3.78517 3.53873 115.652 400.19
223.623 65.2225 3.82759 3.73249 77.5375 401.554
196.446 62.7492 3.80771 3.57258 87.1017 1270.64
199.398 63.2842 3.80608 3.48154 58.5796 1118.81
203.285 63.465 3.8219 3.69727 118.626 961.729
204.379 63.994 3.80663 3.61946 101.809 881.952
214.63 64.613 3.78322 3.53807 124.448 514.269
216.436 64.5012 3.83662 3.52763 88.9315 491.061
221.784 64.4525 3.90153 3.46136 38.1454 466.657
223.67 64.5753 3.87267 3.71273 76.1984 471.086
195.344 61.9331 3.80211 3.60326 47.7648 1374.07
198.469 62.2938 3.83435 3.61607 69.6214 1228.53
205.93 63.3569 3.87507 3.71775 79.8521 878.48
214.222 63.8036 3.81044 3.53904 83.9327 604.013
217.924 64.0292 3.84194 3.64396 100.362 522.634
222.48 63.8433 3.82874 3.49762 68.4277 538.516
197.317 61.3416 3.85519 3.67534 85.2606 1346.77
198.513 61.678 3.86942 3.74018 85.7156 1275.78
200.525 61.7105 3.85447 3.72054 105.606 1200.93
201.703 62.1344 3.84927 3.66774 85.579 1124.44
203.311 62.2195 3.83661 3.53898 93.8726 1061.91
205.146 62.1816 3.84938 3.63235 63.4441 1004.62
206.12 62.4787 3.85477 3.63991 80.2139 947.461
216.652 63.0254 3.82362 3.5539 53.3334 645.746
218.173 63.0618 3.86204 3.64508 113.57 626.722
221.871 63.109 3.83439 3.59898 58.2907 616.064
193.799 60.3849 3.80946 3.63649 57.6883 1555.23
196.65 60.4135 3.87358 3.69001 78.9256 1447.75
198.04 60.7515 3.86843 3.74346 82.0309 1369.35
199.312 60.6947 3.84573 3.68719 101.059 1329.29
201.041 61.0224 3.82881 3.60809 85.8219 1241.49
202.562 61.4009 3.83661 3.54225 61.1652 1157.38
204.176 61.4907 3.85911 3.56625 81.3287 1096.81
206.868 61.8823 3.84569 3.59622 113.461 978.336
209.88 61.7531 3.82723 3.54975 75.6574 908.061
212.274 61.7929 3.80658 3.51255 95.4113 849.142
213.825 62.1067 3.78102 3.48775 101.598 786.592
217.004 62.4013 3.83105 3.63117 96.8675 709.668
218.122 62.3579 3.8529 3.67322 89.4689 704.747
223.206 62.5763 3.81535 3.5324 82.5744 683.751
225.609 62.2024 3.9013 3.6311 66.384 752.127
199.908 60.1686 3.82929 3.61303 102.336 1354.62
201.231 60.4742 3.8179 3.58357 55.4662 1283.21
205.516 60.8132 3.82243 3.64651 75.2718 1117.61
215.402 61.6061 3.79596 3.49715 87.8784 815.058
222.911 61.4593 3.84271 3.50806 59.5863 804.748
224.22 61.4862 3.8292 3.66321 70.389 812.708
226.918 61.1512 3.91026 3.52588 48.8818 884.295
200.175 59.1767 3.82789 3.62516 64.167 1435.05
204.792 59.8542 3.82124 3.62726 95.5418 1229.46
205.68 60.1952 3.82956 3.58486 51.6556 1171.43
207.376 60.0815 3.8261 3.43815 48.0893 1136.31
210.276 60.4814 3.81962 3.48047 39.0222 1026.09
219.809 60.7718 3.82026 3.50811 53.7871 873.768
221.424 60.3024 3.81964 3.50299 34.7746 926.645
190.452 56.6011 3.8231 3.55059 24.4839 2004.59
203.561 59.1953 3.83335 3.65492 65.6422 1328.28
204.771 59.3922 3.82242 3.60891 84.5359 1274.42
212.597 59.9979 3.7859 3.50651 84.6717 1030.34
226.285 59.5898 3.86001 3.56855 64.1179 1043.1
227.183 60.2114 3.87404 3.55331 45.2896 988.751
212.566 65.1171 3.87007 3.73123 146.74 520.092
203.344 58.6774 3.83129 3.66959 68.3889 1384.31
204.113 58.2637 3.8102 3.63421 74.2646 1402.76
204.991 58.6484 3.8121 3.55905 61.5689 1340.85
206.355 58.9287 3.80607 3.46528 53.843 1276.95
207.606 58.6097 3.8215 3.43464 72.8835 1278.01
213.66 59.4296 3.78471 3.4927 60.7692 1073.98
227.731 58.9601 3.8599 3.56324 33.6697 1131.34
202.426 57.5673 3.83302 3.62242 52.9438 1518.61
203.613 57.6397 3.83438 3.53152 41.941 1478.06
229.033 59.3946 3.8888 3.58098 38.462 1106.51
228.869 57.9128 3.86649 3.60547 58.198 1261.52
227.048 56.8144 3.84731 3.61139 27.0489 1354.68
229.75 56.9811 3.85319 3.53061 35.1284 1375.81
212.138 64.8735 3.83512 3.82092 41.1085 553.938
210.428 68.6408 3.78265 3.50937 269.712 408.047
229.974 55.9154 3.84259 3.577 31.3867 1493.84
228.385 55.3279 3.83835 3.59301 40.9655 1533.78
218.842 64.7774 3.89907 3.546 86.034 432.709
227.653 56.4191 3.84595 3.61949 52.8273 1405.36
209.931 62.7622 3.85441 2.99313 65.7827 809.366
211.063 63.7323 3.84193 3.54562 114.948 687.66
211.14 63.4057 3.853 3.61258 128.149 716.189
218.547 60.1369 3.90457 3.56951 52.5783 948.377
210.84 64.6544 3.85141 3.6943 40.7738 611.625
210.867 64.709 3.84247 3.73605 68.1372 606.133
210.853 64.7716 3.85538 3.67445 71.0378 601.23
210.847 64.8338 3.84976 3.62563 56.7683 596.17
210.819 64.8857 3.84572 3.62558 69.6668 592.701
210.44 64.87 3.83714 3.64954 95.7769 605.951
210.174 64.8537 3.83606 3.72844 73.1156 615.797
210.069 64.7653 3.83143 3.70075 151.63 626.437
210.917 64.5498 3.86861 3.68516 66.1166 618.339
210.782 64.5716 3.86412 3.69552 72.7425 620.523
210.554 64.5756 3.86017 3.67522 70.3662 627.139
210.901 64.613 3.86683 3.68861 55.5214 613.353
211.172 64.6917 3.8646 3.67844 105.389 598.36
217.908 60.4896 3.87141 3.58322 45.7806 912.742
217.507 60.403 3.84385 3.57006 56.3092 925.028
218.338 61.0595 3.87223 3.53456 40.033 847.074
216.296 60.3923 3.83956 3.53449 50.3567 936.642
216.716 60.1205 3.82664 3.58205 64.1227 962.524
215.271 60.5805 3.819 3.49517 53.0436 927.684
216.679 60.2805 3.82135 3.5413 83.8583 945.261
218.244 60.7315 3.85036 3.59798 46.3578 883.952
217.659 60.602 3.86015 3.57833 55.9078 901.964
216.749 60.4427 3.82706 3.51611 86.003 926.8
217.639 60.9231 3.85132 3.58976 77.9824 866.628
218.995 60.8241 3.85687 3.53622 62.5297 870.157
216.976 61.3836 3.82353 3.56733 122.62 821.382
218.049 60.1785 3.86286 3.60509 67.8094 946.345
216.031 60.2361 3.82138 3.56172 68.578 956.466
217.533 61.187 3.84995 3.62074 115.761 838.295
219.217 60.1294 3.82104 3.51336 48.1153 946.667
216.221 60.072 3.81889 3.5906 92.3177 972.496
218.856 60.4399 3.85795 3.54403 30.9757 913.397
216.546 61.2275 3.81917 3.54261 135.165 842.678
