# evlo=223.778397 evla=66.980797
194.627 64.5646 3.82666 3.58791 120.431 1349.01
217.908 60.4896 3.86205 3.49999 67.67 778.71
217.654 61.036 3.85676 3.51525 68.3498 726.48
217.507 60.403 3.83308 3.49943 67.1401 795.243
218.338 61.0595 3.85793 3.54201 120.003 711.044
220.363 59.9534 3.84594 3.60106 36.0801 801.327
216.3 60.3932 3.82191 3.50632 61.4062 820.981
225.144 58.5792 3.84776 3.61289 59.16 938.951
216.716 60.1205 3.82645 3.50599 106.907 840.245
215.395 60.9677 3.80182 3.57453 131.543 784.582
209.013 64.0997 3.9009 3.6079 141.506 751.881
209.094 59.7511 3.85039 3.50552 78.4602 1085.23
209.259 59.7417 3.84942 3.51034 76.1594 1080.65
210.701 64.1732 3.89414 3.58102 79.291 678.152
208.846 60.7683 3.85722 3.51278 71.2559 1004.35
207.916 63.4188 3.87661 3.56417 140.286 838.941
212.195 64.6453 3.8957 3.57896 179.184 589.149
200.411 54.831 3.83358 3.39346 26.1411 1832.94
207.685 63.8827 3.90035 3.60248 127.829 819.844
208.763 59.5251 3.84589 3.48953 73.9634 1116.57
209.796 67.2269 3.82872 3.58016 171.397 606.633
216.907 60.7523 3.8106 3.51593 65.1973 771.085
218.66 60.9649 3.87048 3.51796 113.066 715.385
209.738 62.4058 3.87666 3.64807 79.8114 838.899
217.513 60.0823 3.85916 3.50921 69.2721 828.77
212.624 63.0753 3.88554 3.62569 81.3054 680.894
214.225 61.1292 3.81704 3.5354 130.017 800.118
215.93 63.6482 3.89453 3.7045 163.481 520.758
214.25 60.5487 3.82035 3.50758 141.262 855.355
196.582 54.8564 3.83237 3.53884 48.7063 1970.78
213.401 60.7277 3.83483 3.52918 145.89 861.604
209.784 61.1426 3.87039 3.55368 92.0236 939.709
214.766 66.5657 3.90259 3.72694 230.29 399.12
215.271 60.5805 3.80905 3.55846 67.909 826.04
216.679 60.2805 3.80729 3.5258 98.7061 824.455
218.244 60.7315 3.87905 3.44407 62.2798 747.231
213.052 64.4091 3.92469 3.59858 141.703 569.119
217.659 60.6024 3.84422 3.52064 72.4361 771.499
216.749 60.4427 3.80592 3.53947 100.628 806.264
217.639 60.9231 3.86019 3.52273 110.851 738.472
218.995 60.824 3.87848 3.53452 102.694 724.891
216.976 61.3836 3.81341 3.52961 141.55 705.257
211.063 63.7318 3.86463 3.53463 131.04 692.04
218.049 60.1785 3.87081 3.52975 77.3343 809.071
216.031 60.2361 3.80138 3.52261 129.281 842.962
217.533 61.1871 3.84871 3.53916 124.645 713.319
218.652 60.2994 3.88267 3.46793 35.6143 786.283
211.14 63.4056 3.87646 3.6291 113.263 711.611
219.217 60.1294 3.87464 3.44995 54.4298 796.148
216.221 60.072 3.80893 3.50245 114.144 855.616
218.856 60.4399 3.89313 3.44866 58.5043 768.094
216.546 61.2275 3.80456 3.55016 130.321 730.829
212.138 64.8736 3.89205 3.54721 190.365 578.632
198.929 70.2043 3.88373 3.52279 54.954 1065.5
205.026 71.0033 3.84866 3.37931 56.0725 869.138
234.753 71.9871 3.95867 3.62049 99.4413 702.265
198.198 69.3641 3.85917 3.45768 82.9301 1085.77
202.84 70.0079 3.87703 3.46954 69.057 915.355
205.387 69.6211 3.86867 3.55546 129.093 810.398
206.58 70.34 3.87469 3.52612 75.4919 789.005
194.656 68.2746 3.83814 3.41948 91.2831 1234.04
196.822 68.4753 3.83748 3.42117 123.117 1143.15
198.806 68.6483 3.83344 3.42793 120.911 1061.32
200.413 69.1049 3.84708 3.43644 107.621 997.042
205.217 69.1565 3.84228 3.4935 98.7747 807.486
209.387 69.836 3.90021 3.43071 79.2372 669.281
211.299 69.72 3.91376 3.44619 106.501 596.354
215.088 69.9175 3.95964 3.38751 107.333 483.265
216.289 69.626 3.99839 3.47414 119.289 426.797
235.93 69.3475 4.04365 3.7582 154.041 568.116
196.917 67.6988 3.8315 3.46468 107.587 1148.96
201.885 68.4946 3.83029 3.45945 166.537 935.993
203.387 68.7132 3.83264 3.46479 157.291 875.512
207.318 68.8799 3.83308 3.46035 153.633 719.7
209.319 68.9656 3.84209 3.52858 164.647 642.76
211.177 69.1532 3.87298 3.50564 157.382 577.285
213.625 69.322 3.91734 3.49483 141.482 495.245
198.174 67.082 3.8292 3.52978 153.282 1107.61
199.397 67.4213 3.83082 3.50984 165.124 1049.05
202.768 67.4572 3.81774 3.54622 182.662 905.388
203.811 68.2575 3.82235 3.46165 156.721 856.668
206.028 68.4414 3.83019 3.48158 108.423 766.161
208.187 68.1343 3.81215 3.49868 191.688 674.91
210.384 68.0584 3.78794 3.49333 202.212 583.035
211.513 68.0748 3.78068 3.55562 240.082 536.444
214.432 68.1207 3.82189 3.60611 270.703 417.761
193.671 65.4742 3.82575 3.64295 158.657 1351.59
195.352 65.7077 3.81933 3.61155 110.969 1269.84
198.75 66.442 3.82799 3.57462 144.752 1098.83
200.349 66.6001 3.823 3.56836 133.886 1025.57
202.227 66.8332 3.81971 3.54998 141.314 939.08
204.275 67.0486 3.82451 3.5631 197.994 846.779
206.517 67.2221 3.82027 3.59734 186.219 747.869
207.821 67.5076 3.80928 3.55273 200.861 689.64
212.113 67.5187 3.80751 3.59835 235.517 506.415
214.357 67.5933 3.80393 3.68427 319.229 411.396
195.961 64.9941 3.82529 3.5933 140.156 1271.7
197.645 65.3936 3.83867 3.61276 136.089 1182.02
199.349 65.5011 3.84378 3.62864 143.647 1103.68
201.346 65.895 3.84229 3.60449 120.547 1002.75
202.913 66.1434 3.84918 3.62542 160.897 926.754
206.494 66.5156 3.84872 3.65306 165.112 761.02
208.493 66.9214 3.83898 3.64428 208.103 666.453
209.976 66.7108 3.85063 3.65136 218.333 605.366
212.525 66.7004 3.8571 3.64032 231.162 494.411
213.899 66.7653 3.87868 3.67859 247.398 433.406
197.761 64.6379 3.84395 3.62695 62.9885 1208.86
200.087 64.937 3.85419 3.63669 129.645 1094.09
201.637 65.1527 3.85368 3.65109 147.597 1017.43
203.551 65.5276 3.86048 3.66523 146.897 919.32
205.119 65.4924 3.86984 3.65337 162.331 852.181
207.195 65.6571 3.87122 3.64147 154.825 755.654
208.623 65.8937 3.87157 3.63995 137.516 685.318
210.457 65.8251 3.91045 3.63478 137.312 607.829
212.122 65.8371 3.90833 3.56582 228.535 535.288
214.18 66.267 3.88395 3.72079 66.2016 432.057
214.181 66.267 3.9389 3.60937 122.706 432.013
214.843 62.3987 3.85401 3.56325 141.973 664.144
213.052 64.4091 3.92469 3.59858 141.703 569.119
199.305 63.8864 3.85383 3.64493 117.227 1178.18
205.522 64.7962 3.85877 3.6349 121.27 863.872
208.018 65.18 3.87636 3.62578 109.033 738.807
210.64 65.1479 3.89668 3.57151 219.183 627.757
196.446 62.7492 3.85707 3.66312 134.014 1365.62
199.398 63.2842 3.86833 3.66502 132.383 1206.93
200.922 63.3965 3.88218 3.65108 89.044 1134.85
203.285 63.465 3.89095 3.62506 142.685 1029.78
204.379 63.994 3.88339 3.64523 111.26 953.416
205.853 64.1767 3.90277 3.63639 169.267 880.58
214.63 64.613 3.95102 3.597 141.09 494.251
216.436 64.5012 3.93794 3.77466 146.593 435.234
195.344 61.9331 3.86241 3.64236 86.0107 1463.37
198.469 62.2938 3.86726 3.63526 86.8556 1306.32
201.699 62.7161 3.888 3.62268 108.978 1142.33
205.93 63.3569 3.89274 3.60059 123.52 924.746
214.222 63.8036 3.90927 3.64629 101.167 567.168
217.924 64.0292 3.888 3.67495 124.086 425.933
197.317 61.3416 3.86278 3.62224 83.3181 1417.86
198.513 61.678 3.8646 3.5999 105.729 1344.49
200.525 61.7105 3.8688 3.5818 80.5042 1257.6
201.703 62.1344 3.87086 3.58449 76.1144 1179.77
203.311 62.2195 3.87054 3.56054 95.4868 1107.2
205.146 62.1816 3.86625 3.59365 121.037 1034.85
206.12 62.4787 3.86882 3.56319 149.799 974.746
216.652 63.0254 3.86018 3.52468 143.821 553.792
218.173 63.0618 3.8621 3.54177 181.643 510.191
221.871 63.109 4.00025 3.64496 121.801 440.874
193.799 60.3849 3.844 3.61803 73.7157 1633.84
196.65 60.4135 3.85594 3.65838 66.2493 1511.1
198.04 60.7515 3.86356 3.64008 75.7053 1428.58
199.312 60.6947 3.86127 3.61819 79.5031 1379.81
201.041 61.0224 3.86236 3.58696 83.2997 1284.81
202.562 61.4009 3.87072 3.62494 95.3642 1195.24
204.176 61.4907 3.86876 3.62852 83.2147 1123.6
205.609 61.9037 3.86089 3.59121 92.9225 1036.21
206.868 61.8823 3.85737 3.59307 92.9929 988.267
209.88 61.7531 3.87703 3.60361 70.8808 885.404
212.274 61.7929 3.87871 3.57649 99.9085 799.304
213.825 62.1067 3.87004 3.54973 97.3348 721.735
217.004 62.4013 3.81534 3.52461 131.9 603.557
218.122 62.3579 3.85848 3.54953 164.323 581.366
221.538 62.4435 3.97258 3.52814 74.1329 516.93
223.206 62.5763 3.89206 3.53849 118.884 491.8
225.609 62.2024 3.86173 3.5353 107.067 539.835
198.315 59.9237 3.85135 3.64057 68.2023 1478.15
201.231 60.4742 3.84639 3.5999 68.2823 1317.8
202.813 60.5269 3.84756 3.61014 84.9396 1250.57
204.11 60.6801 3.84333 3.6065 141.674 1187.74
205.516 60.8132 3.8402 3.54954 101.271 1123.02
207.791 61.2001 3.84735 3.54895 83.343 1006.5
215.402 61.6061 3.82041 3.57267 166.418 722.21
222.911 61.4593 3.8771 3.60919 72.1055 616.959
224.22 61.4862 3.87166 3.58244 61.9089 612.912
226.918 61.1512 3.86401 3.6454 80.9843 667.489
198.736 59.2533 3.85418 3.60117 92.5354 1512.81
200.175 59.1767 3.85125 3.6047 72.8945 1461.45
201.907 59.5938 3.84353 3.59197 107.964 1359.88
202.905 59.7733 3.83867 3.57982 114.845 1306.64
204.792 59.8542 3.83069 3.51036 86.7433 1228.33
205.68 60.1952 3.84687 3.51866 64.9422 1166.99
207.376 60.0815 3.85188 3.50444 112.946 1114.98
210.276 60.4814 3.84958 3.51795 80.7908 980.739
219.809 60.7718 3.87019 3.52492 67.8569 718.751
221.424 60.3024 3.85162 3.61408 96.3431 753.396
223.909 60.7704 3.89681 3.55317 52.159 692.332
190.452 56.6011 3.83272 3.66393 24.7182 2065.52
202.009 59.0314 3.83686 3.56024 102.723 1401.92
203.561 59.1953 3.83241 3.54582 113.35 1329.48
204.771 59.3922 3.82918 3.50454 89.8137 1267.93
206.768 59.6524 3.84416 3.51887 91.6773 1173.55
212.597 59.9979 3.84145 3.50913 115.989 954.155
222.262 59.6304 3.86105 3.51538 76.2607 822.775
223.04 60.1218 3.86645 3.52046 55.9653 765.436
226.285 59.5898 3.85303 3.6598 79.3746 833.216
227.183 60.2114 3.86088 3.60248 69.8177 772.987
212.566 65.1171 3.89282 3.54791 224.848 547.991
203.344 58.6774 3.83016 3.54904 133.315 1381.56
204.113 58.2637 3.83036 3.47581 73.9739 1389.57
204.991 58.6484 3.8397 3.51165 115.019 1324.33
207.606 58.6097 3.84414 3.48437 122.367 1238.16
213.66 59.4296 3.80778 3.543 114.472 980.974
227.731 58.9601 3.84792 3.60328 68.6431 915.736
202.426 57.5673 3.82489 3.48814 68.8555 1512.02
203.613 57.6397 3.82719 3.44644 74.6992 1462.9
224.26 58.4133 3.8432 3.47516 28.6347 955.207
225.482 58.2747 3.84097 3.62467 53.5955 974.171
229.033 59.3946 3.86664 3.56388 68.0858 885.241
197.939 55.703 3.82152 3.55988 89.8115 1843.74
200.447 56.2848 3.82734 3.52674 38.4744 1698.55
223.768 57.9616 3.84842 3.49712 37.6688 1005.21
225.424 57.4688 3.85363 3.63214 51.9454 1063.45
228.869 57.9128 3.83227 3.58199 65.8579 1043.41
227.048 56.8144 3.85896 3.64358 49.2802 1145.54
229.75 56.9811 3.82406 3.56022 103.091 1156.28
212.138 64.8735 3.87536 3.51884 135.181 578.646
210.428 68.6408 3.82687 3.52334 175.047 591.18
229.974 55.9154 3.81431 3.55795 54.1919 1275.08
228.385 55.3279 3.84425 3.6572 45.7037 1321.07
227.653 56.4191 3.84762 3.6086 46.9527 1194.14
209.931 62.7622 3.58141 3.2967 145.954 804.683
211.063 63.7323 3.86434 3.53436 131.04 691.987
211.14 63.4057 3.87643 3.62907 113.263 711.605
218.547 60.1369 3.71342 3.469 67.9231 805.299
217.908 60.4896 3.86205 3.49999 67.67 778.71
217.507 60.403 3.83308 3.49943 67.1401 795.243
218.338 61.0595 3.85792 3.542 120.003 711.042
216.296 60.3923 3.82269 3.50703 61.4062 821.148
216.716 60.1205 3.82645 3.50599 106.907 840.245
215.271 60.5805 3.80905 3.55846 67.909 826.04
216.679 60.2805 3.80729 3.5258 98.7061 824.455
218.244 60.7315 3.87905 3.44407 62.2798 747.231
217.659 60.602 3.84447 3.52088 72.4361 771.55
216.749 60.4427 3.80592 3.53947 100.628 806.264
217.639 60.9231 3.86021 3.52275 110.851 738.476
218.995 60.8241 3.87842 3.53447 102.694 724.881
216.976 61.3836 3.81341 3.52961 141.55 705.257
218.049 60.1785 3.87081 3.52975 77.3343 809.071
216.031 60.2361 3.80138 3.52261 129.281 842.962
217.533 61.187 3.84874 3.53919 124.645 713.326
218.652 60.2994 3.88267 3.46793 35.6143 786.283
219.217 60.1294 3.87464 3.44995 54.4298 796.148
216.221 60.072 3.80893 3.50245 114.144 855.616
218.856 60.4399 3.89313 3.44866 58.5043 768.094
216.546 61.2275 3.80456 3.55016 130.321 730.829
209.518 60.7352 3.86598 3.55262 71.8807 983.878
209.518 60.7351 3.86596 3.55261 71.8807 983.873
