# evlo=213.898697 evla=66.765297
194.627 64.5646 3.82466 3.66285 113.883 915.667
217.908 60.4896 3.79386 3.56599 36.314 726.892
217.654 61.036 3.80909 3.67977 39.4724 664.465
217.507 60.403 3.78941 3.63707 50.0554 731.187
218.338 61.0595 3.78143 3.63963 62.103 671.933
220.363 59.9534 3.80845 3.5249 47.3631 824.334
216.3 60.3932 3.76746 3.4736 38.8598 720.103
225.144 58.5792 3.80713 3.44057 45.2595 1075.51
216.716 60.1205 3.80928 3.5669 33.4802 753.713
215.395 60.9677 3.74797 3.2355 47.323 650.41
209.094 59.7511 3.80821 3.36951 63.9781 817.648
209.259 59.7417 3.80708 3.37962 79.7132 816.296
208.846 60.7683 3.80932 3.41958 45.6886 712.918
207.916 63.4188 3.85169 3.71312 135.665 466.84
204.378 55.8218 3.83085 3.39406 28.4495 1318.48
200.411 54.831 3.82889 3.6439 55.0245 1511.64
207.685 63.8827 3.83035 3.70348 131.294 432.231
208.763 59.5251 3.79367 3.40901 69.4178 846.855
216.907 60.7523 3.78376 3.57717 43.3753 686.337
218.66 60.9649 3.77342 3.68275 70.2645 687.192
209.738 62.4058 3.845 3.55 92.8641 525.04
217.513 60.0823 3.78866 3.53387 30.5395 766.169
212.624 63.0753 3.80553 3.4828 74.5772 415.777
214.225 61.1292 3.85554 3.49299 43.4334 628.491
214.25 60.5487 3.85768 3.58528 53.3803 693.188
196.582 54.8564 3.80408 3.4851 28.635 1615.54
213.401 60.7277 3.81746 3.55165 55.7891 673.47
209.784 61.1426 3.81113 3.44802 60.8665 658.099
215.271 60.5805 3.7643 3.14774 30.4084 692.724
216.679 60.2805 3.81695 3.54641 46.7797 735.793
218.244 60.7315 3.78727 3.55797 38.5894 705.577
217.659 60.6024 3.78332 3.62667 42.9208 711.429
216.749 60.4427 3.78749 3.53309 57.9686 718.647
217.639 60.9231 3.78885 3.61499 44.1385 676.467
216.976 61.3836 3.78119 3.59813 74.993 618.264
218.049 60.1785 3.73422 3.47981 39.2177 762.409
216.031 60.2361 3.79646 3.35146 36.9964 735.398
217.533 61.1871 3.78951 3.7328 49.3783 646.535
219.217 60.1294 3.78734 3.60665 65.064 785.173
216.221 60.072 3.80244 3.3944 40.4785 754.915
216.546 61.2275 3.75601 3.4996 51.5763 630.635
198.929 70.2043 3.8403 3.45215 43.2282 720.22
203.383 71.3221 3.84277 3.59414 51.428 657.484
205.026 71.0033 3.83372 3.65683 59.9648 591.093
234.753 71.9871 3.84246 3.45576 84.1015 997.566
198.198 69.3641 3.86638 3.39875 42.1946 713.455
202.84 70.0079 3.8719 3.32499 27.9441 579.618
205.387 69.6211 3.8988 3.40836 59.684 474.721
206.58 70.34 3.80448 3.49667 63.8341 497.535
194.656 68.2746 3.8351 3.41273 68.0754 834.797
196.822 68.4753 3.8216 3.40192 58.2061 747.773
198.806 68.6483 3.86273 3.34947 55.2614 670.791
200.413 69.1049 3.89508 3.39489 59.6383 621.178
205.217 69.1565 3.96123 3.33364 47.9901 450.361
235.93 69.3475 3.9353 3.62456 123.016 957.103
196.917 67.6988 3.82648 3.41844 65.9866 738.621
201.885 68.4946 3.87471 3.34156 93.0305 544.584
203.387 68.7132 3.9125 3.445 73.1899 493.968
221.263 69.3286 3.87676 3.65526 110.141 419.285
198.174 67.082 3.80948 3.5459 82.3162 687.133
199.397 67.4213 3.79772 3.49206 79.0509 632.879
202.768 67.4572 3.77155 3.55202 109.528 488.715
203.811 68.2575 3.84254 3.37732 103.223 461.121
223.281 66.3701 3.83948 3.66451 155.032 418.427
193.671 65.4742 3.80228 3.64848 117.432 921.149
195.352 65.7077 3.80738 3.63268 153.134 839.394
198.75 66.442 3.80844 3.60896 98.1892 670.841
200.349 66.6001 3.80538 3.60408 79.8226 597.851
202.227 66.8332 3.79419 3.5769 127.897 512.61
204.275 67.0486 3.77838 3.58493 119.992 422.15
224.214 67.6106 3.90539 3.54849 154.535 455.735
226.258 67.441 3.91937 3.58804 128.077 541.16
195.961 64.9941 3.81035 3.63285 143.349 838.557
197.645 65.3936 3.80927 3.65083 91.6481 749.119
199.349 65.5011 3.81579 3.69714 151.901 670.488
201.346 65.895 3.8239 3.69351 168.283 569.865
202.913 66.1434 3.80122 3.69273 168.396 494.132
223.778 66.9808 3.87868 3.67859 247.398 433.406
225.729 66.9227 3.87831 3.65064 165.76 518.864
197.761 64.6379 3.82689 3.74973 101.979 775.732
200.087 64.937 3.81151 3.72449 156.755 661.263
201.637 65.1527 3.81354 3.63654 119.47 584.794
203.551 65.5276 3.82852 3.68898 151.521 486.466
205.119 65.4924 3.85077 3.70978 137.919 420.821
225.657 65.8052 3.8896 3.66512 129.38 537.815
214.843 62.3987 3.89961 3.60442 62.1171 488.898
199.305 63.8864 3.82646 3.61816 100.928 749.658
205.522 64.7962 3.87454 3.59417 119.876 441.501
223.623 65.2225 3.88286 3.6149 168.703 473.359
196.446 62.7492 3.82263 3.72312 109.429 939.293
199.398 63.2842 3.85713 3.68044 96.558 783.304
200.922 63.3965 3.88838 3.71155 89.2708 714.602
203.285 63.465 3.87245 3.53204 84.9211 618.35
204.379 63.994 3.8905 3.62455 81.9669 539.011
205.853 64.1767 3.88736 3.67627 110.089 470.924
221.784 64.453 3.93674 3.52654 56.9453 445.152
221.784 64.4525 3.92567 3.48745 70.7022 445.165
223.67 64.5753 3.91836 3.56566 106.262 510.653
195.344 61.9331 3.84741 3.5987 75.9079 1040.02
198.469 62.2938 3.86091 3.60801 77.7304 889.073
201.699 62.7161 3.85053 3.53056 89.3502 733.772
205.93 63.3569 3.84702 3.69779 157.336 533.182
222.48 63.8433 3.87626 3.46218 72.007 515.303
197.317 61.3416 3.86378 3.64492 84.3761 1005.48
198.513 61.678 3.85926 3.70808 59.1477 933.636
200.525 61.7105 3.83267 3.63762 97.9878 856.254
201.703 62.1344 3.84333 3.61148 69.9948 779.472
203.311 62.2195 3.8631 3.73243 90.7245 716.453
205.146 62.1816 3.84121 3.69063 105.192 660.897
206.12 62.4787 3.84392 3.64696 105.029 604.789
216.652 63.0254 3.80019 3.52515 64.7151 436.776
218.173 63.0618 3.79601 3.7728 61.5962 459.544
221.871 63.109 3.9343 3.58053 40.7049 554.429
193.799 60.3849 3.8113 3.62432 63.9711 1216.97
196.65 60.4135 3.8576 3.69294 94.0931 1104.71
198.04 60.7515 3.83907 3.76677 82.6569 1025.36
199.312 60.6947 3.83124 3.66746 68.3139 984.151
201.041 61.0224 3.84733 3.65106 97.9653 896.018
202.562 61.4009 3.86547 3.76843 74.819 812.168
204.176 61.4907 3.84136 3.71521 78.4198 753.269
205.609 61.9037 3.83563 3.56872 91.1428 672.908
206.868 61.8823 3.83944 3.51595 164.896 640.981
209.88 61.7531 3.84121 3.49557 55.6057 591.465
212.274 61.7929 3.81693 3.47196 70.9015 559.841
213.825 62.1067 3.8541 3.51344 65.3988 519.369
217.004 62.4013 3.79526 3.53104 98.4864 508.603
218.122 62.3579 3.82753 3.63129 67.7103 531.166
221.538 62.4435 3.74151 3.54553 34.6692 603.996
223.206 62.5763 3.90985 3.55346 38.7884 643.478
225.609 62.2024 3.91337 3.60335 50.4831 756.686
198.315 59.9237 3.83558 3.65319 72.8689 1085.45
199.908 60.1686 3.84836 3.61782 79.0772 1009.17
201.231 60.4742 3.85187 3.65478 85.3378 938.071
202.813 60.5269 3.84476 3.69522 74.846 883.511
204.11 60.6801 3.81685 3.61522 82.8912 831.094
205.516 60.8132 3.81615 3.48837 74.8578 780.2
207.791 61.2001 3.82082 3.56309 126.03 687.955
222.911 61.4593 3.76694 3.68891 48.2579 735.251
224.22 61.4862 3.79611 3.57239 31.9872 772.091
226.918 61.1512 3.93669 3.62616 35.506 890.456
201.907 59.5938 3.84585 3.70538 82.7144 998.29
202.905 59.7733 3.81121 3.63874 97.2667 952.067
204.792 59.8542 3.81387 3.53056 81.2005 893.469
205.68 60.1952 3.80689 3.59474 93.9886 837.556
207.376 60.0815 3.82075 3.50554 97.2048 812.1
210.276 60.4814 3.82004 3.41081 76.6356 722.84
219.809 60.7718 3.77131 3.52569 59.2444 728.227
221.424 60.3024 3.77759 3.39995 36.7812 810.581
223.909 60.7704 3.79444 3.66902 57.0182 828.885
190.452 56.6011 3.83407 3.62966 24.2428 1661.81
202.009 59.0314 3.82949 3.67329 90.0979 1049.1
203.561 59.1953 3.81296 3.58406 89.458 990.513
204.771 59.3922 3.81892 3.53589 86.9521 940.268
206.768 59.6524 3.81995 3.44641 96.503 868.928
212.597 59.9979 3.82947 3.48732 63.9985 757.103
222.262 59.6304 3.78441 3.49013 39.6812 898.038
226.285 59.5898 3.82651 3.74627 61.6499 1010.54
203.344 58.6774 3.80807 3.56073 90.6007 1047.62
204.113 58.2637 3.81467 3.5251 75.901 1070.4
204.991 58.6484 3.81464 3.50603 75.1349 1010.77
206.355 58.9287 3.8091 3.41751 61.6661 952.645
207.606 58.6097 3.7924 3.46207 82.3948 963.269
213.66 59.4296 3.84775 3.61035 53.3771 817.741
227.731 58.9601 3.82694 3.75771 50.8641 1114.14
202.426 57.5673 3.81566 3.60409 67.7028 1182.49
203.613 57.6397 3.81266 3.53849 56.1554 1145.96
205.548 57.5665 3.82273 3.28439 44.8958 1111.45
224.26 58.4133 3.79773 3.55734 26.9257 1069.23
225.482 58.2747 3.78096 3.51464 18.149 1114.7
229.033 59.3946 4.16384 4.30735 38.451 1116.67
200.447 56.2848 3.81375 3.60149 69.1392 1363.28
223.768 57.9616 3.81219 3.5963 42.1754 1103.24
225.424 57.4688 3.79792 3.63067 50.5354 1193.75
227.048 56.8144 3.79741 3.72514 27.2577 1302.12
226.879 56.1146 3.81146 3.65786 37.1269 1367.97
227.653 56.4191 3.81493 3.66722 46.3047 1358.08
209.931 62.7622 3.4924 2.54802 61.0017 484.377
218.547 60.1369 4.20555 3.51782 30.4712 773.872
217.908 60.4896 3.79386 3.56599 36.314 726.892
217.507 60.403 3.78941 3.63707 50.0554 731.187
218.338 61.0595 3.78144 3.63964 62.103 671.935
216.296 60.3923 3.76783 3.47395 38.8598 720.174
216.716 60.1205 3.80928 3.5669 33.4802 753.713
215.271 60.5805 3.7643 3.14774 30.4084 692.724
216.679 60.2805 3.81695 3.54641 46.7797 735.793
218.244 60.7315 3.78727 3.55797 38.5894 705.577
217.659 60.602 3.78352 3.62686 42.9208 711.466
216.749 60.4427 3.78749 3.53309 57.9686 718.647
217.639 60.9231 3.78884 3.61498 44.1385 676.464
216.976 61.3836 3.78119 3.59813 74.993 618.264
218.049 60.1785 3.73422 3.47981 39.2177 762.409
216.031 60.2361 3.79646 3.35146 36.9964 735.398
217.533 61.187 3.78959 3.73287 49.3783 646.549
219.217 60.1294 3.78734 3.60665 65.064 785.173
216.221 60.072 3.80244 3.3944 40.4785 754.915
216.546 61.2275 3.75601 3.4996 51.5763 630.635
209.518 60.7352 3.79123 3.38461 31.5213 705.709
209.518 60.7351 3.79126 3.38464 31.5213 705.713
