# evlo=205.521698 evla=64.796204
194.627 64.5646 3.81299 3.59011 99.0682 520.101
217.908 60.4896 3.80208 3.54033 44.5585 794.028
217.654 61.036 3.78789 3.36635 29.0817 743.6
217.507 60.403 3.80856 3.56512 42.2285 784.475
218.338 61.0595 3.78039 3.29837 36.2073 770.735
220.363 59.9534 3.78097 3.41617 39.9437 935.148
216.3 60.3932 3.79861 3.63078 39.5331 738.149
216.716 60.1205 3.79309 3.48451 24.1106 776.06
215.395 60.9677 3.76542 3.64524 67.0881 657.843
204.378 55.8218 3.80295 3.51164 23.377 1001.85
200.411 54.831 3.87844 3.61939 34.1568 1145.74
208.763 59.5251 3.75394 3.47306 40.9144 611.06
216.907 60.7523 3.7914 3.55948 48.225 733.87
218.66 60.9649 3.77804 3.27408 47.8025 790.942
217.513 60.0823 3.81388 3.59951 43.6023 809.809
214.225 61.1292 3.77919 3.6059 48.6435 600.772
215.93 63.6482 3.87592 3.5681 32.382 520.559
214.25 60.5487 3.78177 3.41036 38.3963 650.162
196.582 54.8564 3.82829 3.72864 32.2516 1212.88
213.401 60.7277 3.81843 3.42263 43.3626 605.492
214.766 66.5657 3.84766 3.57712 82.9137 467.944
188.296 63.7758 3.79717 3.74628 85.9266 839.277
211.074 61.771 3.83868 3.45175 44.2416 437.1
216.188 61.4417 3.79142 3.41368 63.0242 654.088
212.904 60.8792 3.81392 3.419 49.3484 575.557
215.271 60.5805 3.80178 3.43319 34.5772 684.249
216.679 60.2805 3.80492 3.64664 29.7403 761.719
218.244 60.7315 3.78119 3.39929 39.7561 789.967
213.497 60.396 3.83645 3.47016 62.1776 638.072
215.738 60.3351 3.81684 3.51366 34.1346 721.763
208.348 59.6572 3.72463 3.45859 38.5044 591.156
217.659 60.6024 3.79193 3.52535 46.7785 775.458
216.749 60.4427 3.8117 3.62158 26.5219 751.525
217.639 60.9231 3.77302 3.43536 53.8423 751.074
218.995 60.824 3.77182 3.31004 44.932 814.961
216.976 61.3836 3.77815 3.28957 51.5112 690.92
218.049 60.1785 3.83201 3.59066 40.9444 823.446
216.031 60.2361 3.81042 3.5403 35.038 740.824
217.533 61.1871 3.77278 3.3297 43.7046 727.916
218.652 60.2994 3.80016 3.58263 30.7706 838.604
219.217 60.1294 3.81067 3.5896 50.6613 874.52
216.221 60.072 3.80367 3.4698 25.9094 761.481
218.856 60.4399 3.78389 3.47572 44.1095 836.569
216.546 61.2275 3.77554 3.44784 54.5532 684.093
203.383 71.3221 3.83418 3.64275 64.0176 733.204
205.026 71.0033 3.83258 3.4934 62.6019 692.607
198.198 69.3641 3.86961 3.36251 37.5647 599.843
202.84 70.0079 3.81268 3.51426 31.0453 592.375
205.387 69.6211 3.80619 3.33094 53.6439 538.124
206.58 70.34 3.85976 3.39286 67.0227 619.913
194.656 68.2746 3.7771 3.53979 62.7883 617.999
196.822 68.4753 3.78983 3.53008 46.0967 561.735
198.806 68.6483 3.85295 3.49171 58.435 521.219
200.413 69.1049 3.85951 3.40366 50.7804 529.448
205.217 69.1565 3.82702 3.3547 51.3339 486.446
209.387 69.836 3.84468 3.43198 89.6716 585.905
211.299 69.72 3.78031 3.46523 74.8174 602.471
215.088 69.9175 3.81544 3.39779 60.5326 702.053
216.289 69.626 3.81134 3.62279 73.8955 709.96
235.93 69.3475 3.90094 3.6572 36.4565 1398.5
196.917 67.6988 3.80192 3.64895 31.35 503.684
201.885 68.4946 3.86333 3.42894 62.9612 442.54
203.387 68.7132 3.81281 3.43173 53.1277 446.761
207.318 68.8799 3.8619 3.56729 97.8796 462.139
209.319 68.9656 3.79405 3.34679 65.7223 493.644
211.177 69.1532 3.78902 3.3589 55.0958 544.526
213.625 69.322 3.83053 3.49595 76.939 614.617
219.035 69.243 3.81909 3.48087 59.3636 767.07
221.263 69.3286 3.82135 3.48551 71.374 847.192
198.174 67.082 3.73151 3.69683 50.8879 420.046
199.397 67.4213 3.74878 3.47895 40.2211 402.586
206.028 68.4414 3.84808 3.62407 54.4772 407.113
210.384 68.0584 3.79723 3.5852 100.288 423.334
211.513 68.0748 3.77599 3.539 104.136 452.534
214.432 68.1207 3.83703 3.61469 53.9735 542.467
218.405 68.1861 3.85351 3.62001 57.1461 685.008
220.465 68.6043 3.85634 3.60788 85.161 781.61
222.103 68.3889 3.87276 3.65094 74.7945 833.725
223.281 66.3701 3.8635 3.63293 98.4592 835.019
193.671 65.4742 3.87465 3.61321 69.3983 560.482
195.352 65.7077 3.86618 3.60916 57.9586 485.419
212.113 67.5187 3.84875 3.63878 104.14 424.584
214.357 67.5933 3.85981 3.64582 91.5519 504.966
215.855 67.6946 3.87077 3.64865 112.788 564.896
220.128 67.6136 3.86133 3.65084 69.133 726.72
224.214 67.6106 3.84985 3.61261 76.029 894.298
226.258 67.441 3.86918 3.65525 81.1225 977.088
195.961 64.9941 3.85238 3.60474 105.087 452.883
213.899 66.7653 3.87454 3.59417 119.876 441.501
216.215 66.9498 3.84707 3.64831 133.134 542.897
218.345 66.8088 3.8546 3.6774 94.0928 626.795
221.978 66.9116 3.84786 3.61959 106.504 784.903
223.778 66.9808 3.85877 3.6349 121.27 863.872
225.729 66.9227 3.86397 3.62315 104.285 947.872
214.181 66.267 3.86118 3.63161 95.6073 432.219
218.473 66.2305 3.82069 3.61529 113.42 618.975
221.631 66.2191 3.8473 3.678 112.098 759.932
225.657 65.8052 3.87428 3.65235 101.967 941.787
214.843 62.3987 3.85913 3.37489 27.6372 533.568
216.846 65.3064 3.81899 3.7159 123.401 535.49
218.385 65.6035 3.83001 3.71064 155.315 607.865
220.064 65.4483 3.84523 3.66647 134.882 685.231
221.694 65.3609 3.86014 3.65603 96.7306 761.166
223.623 65.2225 3.87082 3.64156 111.345 852.033
196.446 62.7492 3.78614 3.60412 163.08 501.874
214.63 64.613 3.83208 3.73962 83.1044 434.546
216.436 64.5012 3.83316 3.66588 103.418 522.044
221.784 64.453 3.85638 3.69903 46.176 776.735
221.784 64.4525 3.85005 3.69007 60.4495 776.717
223.67 64.5753 3.85968 3.65241 95.0055 863.564
195.344 61.9331 3.8398 3.64572 111.476 599.966
198.469 62.2938 3.90736 3.69714 121.569 447.675
214.222 63.8036 3.9153 3.57138 73.7799 435.04
217.924 64.0292 3.82665 3.67848 69.9038 602.99
222.48 63.8433 3.83598 3.67774 92.9738 824.605
197.317 61.3416 3.84043 3.56925 82.7764 565.166
198.513 61.678 3.84125 3.64044 86.225 494.347
200.525 61.7105 3.84191 3.70799 96.4337 425.521
216.652 63.0254 3.94324 3.54604 56.6075 580.009
218.173 63.0618 3.88474 3.65325 60.7604 648.739
221.871 63.109 3.84988 3.65679 65.4808 820.611
193.799 60.3849 3.81032 3.53366 69.0593 775.473
196.65 60.4135 3.8445 3.66406 92.9433 666.811
198.04 60.7515 3.85174 3.80831 83.4822 590.155
199.312 60.6947 3.84335 3.74275 89.7918 555.992
201.041 61.0224 3.83805 3.59195 107.687 478.071
202.562 61.4009 3.81947 3.59449 89.9991 406.782
209.88 61.7531 3.8324 3.42193 45.9871 403.416
212.274 61.7929 3.7827 3.78053 54.3563 475.752
213.825 62.1067 3.81606 3.24243 37.2992 510.708
217.004 62.4013 3.92562 3.45338 53.8814 628.12
218.122 62.3579 3.89877 3.53029 53.0196 680.83
221.538 62.4435 3.83907 3.58415 54.28 833.819
223.206 62.5763 3.83806 3.63275 66.0926 905.969
225.609 62.2024 3.84817 3.62349 56.5005 1036.4
198.315 59.9237 3.82925 3.79448 100.154 658.031
199.908 60.1686 3.82087 3.63295 54.8639 590.942
201.231 60.4742 3.85105 3.55787 82.3265 529.343
202.813 60.5269 3.83226 3.68453 74.8822 495.565
204.11 60.6801 3.83123 3.6715 68.0749 464.38
205.516 60.8132 3.82337 3.69306 64.2343 443.939
207.791 61.2001 3.78207 3.52008 80.5498 416.932
215.402 61.6061 3.75242 3.45544 47.1448 610.205
222.911 61.4593 3.8695 3.62169 61.3981 949.006
224.22 61.4862 3.84855 3.60072 67.0325 1007.89
226.918 61.1512 3.8563 3.59338 48.8158 1151.92
198.736 59.2533 3.81848 3.69588 81.0281 711.716
200.175 59.1767 3.8358 3.60193 68.3326 685.549
201.907 59.5938 3.82948 3.65448 73.8557 609.336
202.905 59.7733 3.83294 3.70014 102.619 575.916
204.792 59.8542 3.81405 3.59297 57.5408 552.077
205.68 60.1952 3.8308 3.68123 40.9677 512.861
207.376 60.0815 3.77333 3.40856 61.3287 534.06
210.276 60.4814 3.80653 3.24383 49.4045 538.87
219.809 60.7718 3.78959 3.2863 38.4526 853.384
221.424 60.3024 3.79739 3.31884 20.7235 955.423
223.909 60.7704 3.89612 3.70754 35.0725 1035.36
190.452 56.6011 3.84894 3.64707 17.8889 1223.19
202.009 59.0314 3.84429 3.70245 56.3711 668.18
203.561 59.1953 3.82142 3.74403 73.3602 632.519
204.771 59.3922 3.80505 3.63926 52.4856 603.523
206.768 59.6524 3.81019 3.49095 71.4252 576.895
222.262 59.6304 3.79299 3.45041 43.896 1039.16
223.04 60.1218 3.79234 3.2861 30.4763 1038.44
227.183 60.2114 3.88026 3.66566 59.8766 1219.58
203.344 58.6774 3.83016 3.69269 72.4605 691.42
204.113 58.2637 3.82128 3.63713 50.6177 731.763
204.991 58.6484 3.81873 3.47332 60.0323 685.681
206.355 58.9287 3.81447 3.45918 39.9368 655.347
207.606 58.6097 3.76029 3.46734 73.8224 698.09
202.426 57.5673 3.8356 3.66416 52.3664 822.317
203.613 57.6397 3.835 3.69436 24.3543 803.939
205.548 57.5665 3.76647 3.55065 51.8557 805.617
224.26 58.4133 3.82576 3.39323 21.8734 1215.23
229.033 59.3946 3.90114 3.76716 30.3124 1356.86
197.939 55.703 3.79553 3.61588 48.1562 1094.89
200.447 56.2848 3.85758 3.60782 55.057 987.632
223.768 57.9616 3.80786 3.46471 28.3899 1230.02
225.424 57.4688 3.83183 3.51674 27.564 1338.2
228.869 57.9128 3.79899 3.51544 21.0038 1453.09
227.048 56.8144 3.8151 3.46145 16.6626 1458.9
229.75 56.9811 3.80312 3.48664 18.0704 1562.3
210.428 68.6408 3.84934 3.53407 72.72 479.947
226.879 56.1146 3.82683 3.55726 32.0152 1509.2
228.385 55.3279 3.84195 3.54349 36.2462 1637.43
227.653 56.4191 3.81136 3.57578 25.9037 1516.44
218.547 60.1369 3.88654 4.25338 36.5695 846.631
217.908 60.4896 3.80208 3.54033 44.5585 794.028
217.507 60.403 3.80856 3.56512 42.2285 784.475
218.338 61.0595 3.78042 3.29839 36.2073 770.74
216.296 60.3923 3.79831 3.6305 39.5331 738.092
216.716 60.1205 3.79309 3.48451 24.1106 776.06
215.271 60.5805 3.80178 3.43319 34.5772 684.249
216.679 60.2805 3.80492 3.64664 29.7403 761.719
218.244 60.7315 3.78119 3.39929 39.7561 789.967
217.659 60.602 3.79198 3.52539 46.7785 775.468
216.749 60.4427 3.8117 3.62158 26.5219 751.525
217.639 60.9231 3.77298 3.43532 53.8423 751.066
218.995 60.8241 3.77178 3.31001 44.932 814.954
216.976 61.3836 3.77815 3.28957 51.5112 690.92
218.049 60.1785 3.83201 3.59066 40.9444 823.446
216.031 60.2361 3.81042 3.5403 35.038 740.824
217.533 61.187 3.77286 3.32977 43.7046 727.932
218.652 60.2994 3.80016 3.58263 30.7706 838.604
219.217 60.1294 3.81067 3.5896 50.6613 874.52
216.221 60.072 3.80367 3.4698 25.9094 761.481
218.856 60.4399 3.78389 3.47572 44.1095 836.569
216.546 61.2275 3.77554 3.44784 54.5532 684.093
