# evlo=218.121994 evla=62.357899
194.627 64.5646 3.85678 3.61247 90.1412 1189.92
225.144 58.5792 3.74449 4.00164 18.9395 570.763
209.013 64.0997 3.89115 3.47461 130.707 496.869
209.094 59.7511 3.76028 3.31233 105.369 566.894
209.259 59.7417 3.76026 3.32463 103.428 559.891
210.701 64.1732 3.9396 3.57809 80.4731 423.664
208.846 60.7683 3.80052 3.266 163.981 523.287
207.916 63.4188 3.7903 3.51054 167.936 531.837
204.378 55.8218 3.78988 3.44614 53.1955 1068.84
200.411 54.831 3.81779 3.38891 53.9694 1320.49
207.685 63.8827 3.83324 3.49412 119.94 552.708
208.763 59.5251 3.76043 3.38776 137.817 596.683
209.796 67.2269 3.77837 3.63811 105.677 670.635
209.738 62.4058 3.71174 3.41273 175.96 433.553
196.582 54.8564 3.79367 3.43246 38.6514 1494.05
209.784 61.1426 3.77926 3.35427 192.878 460.462
214.766 66.5657 3.82486 3.629 74.0317 495.954
188.296 63.7758 3.83821 3.65571 56.2588 1502.17
203.121 64.7461 3.86091 3.61207 104.154 789.578
208.348 59.6572 3.76796 3.33118 125.151 607.457
225.615 58.2758 3.76184 3.54931 47.49 614.348
197.4 66.8951 3.9213 3.5317 15.0018 1105.57
209.077 63.5527 3.80956 3.50266 176.019 477.515
207.417 57.7828 3.80036 3.38596 146.178 782.61
212.138 64.8736 3.95046 3.48592 68.2151 408.02
203.383 71.3221 3.82413 3.52344 54.0914 1183.79
234.753 71.9871 3.92498 3.57566 84.3779 1283.38
198.198 69.3641 3.8157 3.56794 47.117 1189.24
202.84 70.0079 3.82644 3.48098 38.6781 1090.12
205.387 69.6211 3.83386 3.41476 42.8971 991.046
196.822 68.4753 3.81023 3.53831 26.7442 1191.71
198.806 68.6483 3.81471 3.57105 48.6406 1128.14
200.413 69.1049 3.81249 3.63251 64.1431 1099.93
205.217 69.1565 3.81019 3.53432 51.1171 957.527
209.387 69.836 3.82815 3.53645 51.9994 920.632
211.299 69.72 3.79575 3.65573 104.415 875.996
216.289 69.626 3.79885 3.53393 53.29 814.613
235.93 69.3475 3.93306 3.62063 123.287 1118.61
201.885 68.4946 3.80566 3.58795 65.73 1012.36
203.387 68.7132 3.79261 3.58215 59.3897 978.102
207.318 68.8799 3.83055 3.5074 42.7632 878.589
209.319 68.9656 3.8324 3.51159 52.1293 838.876
211.177 69.1532 3.79725 3.60168 60.959 820.657
213.625 69.322 3.77269 3.48493 63.9993 802.723
219.035 69.243 3.85369 3.63126 75.5935 768.828
221.263 69.3286 3.87398 3.6755 97.1887 790.14
202.768 67.4572 3.77867 3.55569 29.1144 918.577
203.811 68.2575 3.78407 3.62157 54.1739 932.809
206.028 68.4414 3.81493 3.58967 37.3647 877.741
208.187 68.1343 3.81876 3.50504 74.4943 791.983
210.384 68.0584 3.83565 3.54808 77.0655 730.318
211.513 68.0748 3.8123 3.64505 72.7304 707.558
214.432 68.1207 3.78044 3.64533 91.7908 664.992
218.405 68.1861 3.83895 3.50195 49.9919 649.954
220.465 68.6043 3.8529 3.67322 89.4689 704.747
222.103 68.3889 3.86361 3.6754 160.949 697.12
223.281 66.3701 3.81911 3.5004 129.653 511.617
193.671 65.4742 3.82239 3.47203 53.7884 1240.3
195.352 65.7077 3.82329 3.50154 50.3387 1166.2
198.75 66.442 3.85943 3.66986 40.0153 1033.62
206.517 67.2221 3.73494 3.6492 108.678 771.383
207.821 67.5076 3.76674 3.72714 87.5153 751.072
212.113 67.5187 3.80517 3.63993 73.9191 641.042
214.357 67.5933 3.77426 3.68806 81.4076 609.902
215.855 67.6946 3.75481 3.55854 93.0571 604.42
220.128 67.6136 3.84466 3.63106 98.1984 593.492
224.214 67.6106 3.85775 3.53893 82.6349 651.714
226.258 67.441 3.84323 3.60981 129.569 684.078
195.961 64.9941 3.86812 3.55433 38.9353 1129.03
197.645 65.3936 3.84773 3.45279 35.3853 1056.18
199.349 65.5011 3.85685 3.45288 46.4343 980.765
201.346 65.895 3.85443 3.42352 55.5124 903.592
202.913 66.1434 3.86677 3.50207 39.6527 846.587
206.494 66.5156 3.82252 3.58406 38.0438 725.058
208.493 66.9214 3.72041 3.61429 56.8548 684.674
209.976 66.7108 3.73792 3.5997 87.1018 622.171
212.525 66.7004 3.79164 3.68275 115.816 553.206
213.899 66.7653 3.82753 3.63129 67.7103 531.166
216.215 66.9498 3.72743 3.52822 79.4553 519.92
218.345 66.8088 3.87525 3.67046 63.2399 496.327
221.978 66.9116 3.86441 3.56195 97.9104 539.873
223.778 66.9808 3.85848 3.54953 164.323 581.366
225.729 66.9227 3.81899 3.5676 139.481 624.582
197.761 64.6379 3.85896 3.59057 62.4019 1040.5
200.087 64.937 3.86107 3.59298 73.151 934.905
201.637 65.1527 3.89005 3.53635 46.2212 868.189
203.551 65.5276 3.90008 3.42707 50.0696 794.563
205.119 65.4924 3.91815 3.43189 54.8791 725.463
207.195 65.6571 3.90004 3.39356 75.3706 647.47
208.623 65.8937 3.83883 3.62038 46.4392 606.756
212.122 65.8371 3.75213 3.73994 101.995 485.393
214.181 66.267 3.79124 3.79434 54.3133 475.46
218.473 66.2305 3.86499 3.71515 77.6272 432.057
221.631 66.2191 3.83745 3.59522 160.324 462.609
225.657 65.8052 3.83243 3.54703 109.683 531.162
199.305 63.8864 3.80942 3.5327 106.105 960.992
205.522 64.7962 3.89877 3.53029 53.0196 680.83
208.018 65.18 3.95385 3.50557 88.0547 588.451
210.64 65.1479 3.94685 3.40934 65.4592 482.32
223.623 65.2225 3.78108 3.54125 118.702 418.656
196.446 62.7492 3.77538 3.49934 111.865 1110.71
199.398 63.2842 3.78233 3.52718 148.78 956.699
200.922 63.3965 3.78719 3.50893 76.1573 880.108
203.285 63.465 3.8002 3.57372 81.4621 762.364
204.379 63.994 3.81973 3.52136 93.3117 714.273
205.853 64.1767 3.83368 3.5046 158.83 647.295
195.344 61.9331 3.76787 3.48823 88.1335 1182.6
198.469 62.2938 3.76479 3.53123 189.866 1014.86
201.699 62.7161 3.76182 3.51615 164.625 844.02
205.93 63.3569 3.78214 3.52014 169.478 629.712
197.317 61.3416 3.76969 3.46698 151.837 1096.52
198.513 61.678 3.76106 3.47999 132.099 1025.69
200.525 61.7105 3.75016 3.44952 183.392 920.949
201.703 62.1344 3.75573 3.43989 166.936 851.457
203.311 62.2195 3.74 3.43354 161.701 767.17
205.146 62.1816 3.72608 3.39263 203.779 673.07
206.12 62.4787 3.72064 3.36459 311.833 619.488
193.799 60.3849 3.76751 3.50816 152.502 1310.98
196.65 60.4135 3.77515 3.45444 154.893 1162.26
198.04 60.7515 3.76951 3.43896 211.901 1077.93
199.312 60.6947 3.76449 3.41482 198.753 1014.11
201.041 61.0224 3.75516 3.40792 190.616 913.482
202.562 61.4009 3.74799 3.38325 187.914 823.38
204.176 61.4907 3.75193 3.3858 180.67 737.439
205.609 61.9037 3.72249 3.35229 340.524 653.8
206.868 61.8823 3.71692 3.35084 312.204 588.989
209.88 61.7531 3.71925 3.37246 314.432 436.034
198.315 59.9237 3.77743 3.42622 201.583 1096.11
199.908 60.1686 3.7741 3.41815 172.658 1003.63
201.231 60.4742 3.76413 3.38572 192.795 923.16
202.813 60.5269 3.77498 3.42413 167.36 839.675
204.11 60.6801 3.77604 3.39277 188.524 767.134
205.516 60.8132 3.77415 3.35522 272.272 690.019
207.791 61.2001 3.76167 3.31752 263.313 559.635
226.918 61.1512 3.76841 3.65098 174.199 483.245
198.736 59.2533 3.78242 3.41142 120.515 1105.62
200.175 59.1767 3.78268 3.42478 116.829 1036.27
201.907 59.5938 3.77989 3.38291 134.72 927.503
202.905 59.7733 3.78677 3.3462 157.926 868.189
204.792 59.8542 3.7934 3.26755 177.885 769.349
205.68 60.1952 3.78967 3.26612 234.211 708.173
207.376 60.0815 3.78415 3.22128 146.883 629.704
210.276 60.4814 3.81309 3.28118 155.189 467.799
190.452 56.6011 3.79205 3.49574 41.8054 1677.88
202.009 59.0314 3.78886 3.37399 133.424 951.794
203.561 59.1953 3.79854 3.32979 145.508 865.683
204.771 59.3922 3.79232 3.29362 136.677 795.049
206.768 59.6524 3.78408 3.26169 152.819 682.983
226.285 59.5898 3.93928 3.6864 108.131 538.417
227.183 60.2114 3.80983 3.6146 188.933 540.911
212.566 65.1171 3.80147 3.44493 67.8742 411.887
203.344 58.6774 3.77694 3.34663 96.1988 906.568
204.113 58.2637 3.7697 3.43505 129.384 895.998
204.991 58.6484 3.78131 3.43785 122.733 829.354
206.355 58.9287 3.75822 3.35789 106.545 747.03
207.606 58.6097 3.76285 3.41636 166.254 711.897
213.66 59.4296 3.72099 3.40914 200.198 406.18
227.731 58.9601 3.93059 3.54207 53.9469 646.621
202.426 57.5673 3.77699 3.471 108.633 1022.57
203.613 57.6397 3.78763 3.49964 106.468 962.037
205.548 57.5665 3.78897 3.37735 70.4438 879.799
224.26 58.4133 3.73534 3.7013 49.9889 554.263
225.482 58.2747 3.70324 4.14553 46.7072 609.534
229.033 59.3946 3.85146 3.72655 176.147 677.208
197.939 55.703 3.7938 3.38547 109.706 1366.96
200.447 56.2848 3.78649 3.37036 58.0572 1206.49
223.768 57.9616 3.76641 3.59545 68.7174 581.091
225.424 57.4688 3.78057 3.75166 76.7705 679.993
228.869 57.9128 3.85052 3.26161 33.3865 774.177
227.048 56.8144 3.79121 3.74867 45.6545 795.84
229.75 56.9811 3.80091 3.41592 25.0285 885.487
212.138 64.8735 3.91923 3.59741 55.2946 408.02
210.428 68.6408 3.82342 3.57512 83.9938 784.544
226.879 56.1146 3.81108 3.69412 70.9196 854.91
229.974 55.9154 3.75299 3.48408 34.0134 984.716
228.385 55.3279 3.81348 3.72357 66.512 979.588
227.653 56.4191 3.7939 3.70275 89.2107 853.261
209.931 62.7622 5.19603 4.65313 172.759 423.413
209.518 60.7352 3.79777 3.26506 117.867 491.506
209.518 60.7351 3.79765 3.26496 117.867 491.491
