# evlo=206.868195 evla=61.882301
194.627 64.5646 3.75909 3.66368 122.339 682.841
217.908 60.4896 3.78255 3.3654 154.451 612.973
217.654 61.036 3.75249 3.31771 222.358 582.115
217.507 60.403 3.8038 3.39408 119.557 595.514
218.338 61.0595 3.73963 3.32757 150.943 617.383
220.363 59.9534 3.79669 3.46214 190.07 761.364
216.3 60.3932 3.81476 3.37512 112.116 533.941
225.144 58.5792 3.82341 3.40807 84.4768 1073.1
216.716 60.1205 3.82731 3.37431 106.577 567.144
215.395 60.9677 3.77423 3.34144 154.641 466.084
212.195 64.6453 3.83602 3.68693 221.045 407.643
204.378 55.8218 3.8051 3.4285 90.6573 690.1
200.411 54.831 3.78289 3.5105 89.4681 870.665
209.796 67.2269 3.81821 3.501 117.996 611.999
216.907 60.7523 3.78457 3.30877 118.513 551.705
218.66 60.9649 3.74092 3.32528 122.117 636.833
217.513 60.0823 3.81523 3.39872 103.028 609.341
214.225 61.1292 3.762 3.40049 201.086 400.374
215.93 63.6482 3.87507 3.50432 230.863 502.435
214.25 60.5487 3.82848 3.46813 227.211 423.334
196.582 54.8564 3.79104 3.48465 71.6298 984.89
214.766 66.5657 3.85894 3.5561 98.866 646.704
188.296 63.7758 3.77061 3.50769 84.3364 966.101
216.188 61.4417 3.73506 3.3311 203.852 495.729
215.271 60.5805 3.82366 3.37489 141.148 473.675
216.679 60.2805 3.81228 3.37613 154.656 558.108
218.244 60.7315 3.76321 3.34194 121.207 622.058
213.052 64.4091 3.83995 3.47376 210.765 419.828
215.738 60.3351 3.83316 3.38849 125.66 507.899
217.659 60.6024 3.78148 3.35704 141.981 595.958
225.615 58.2758 3.83207 3.40288 51.8602 1113.38
215.581 59.9268 3.87241 3.39826 106.848 520.104
216.749 60.4427 3.79655 3.38178 179.714 554.926
217.639 60.9231 3.76232 3.27562 332.711 584.543
197.4 66.8951 3.79554 3.45022 36.4544 720.248
217.277 60.2474 3.80875 3.53582 30.4667 590.053
218.995 60.824 3.74561 3.35165 128.384 658.475
216.976 61.3836 3.73827 3.30168 191.883 538.311
218.049 60.1785 3.79847 3.41521 148.84 632.6
216.031 60.2361 3.85272 3.44252 129.268 527.197
217.533 61.1871 3.7354 3.27847 201.892 571.91
218.652 60.2994 3.78613 3.45378 94.6889 658.755
219.217 60.1294 3.7918 3.40315 140.461 694.8
216.221 60.072 3.85637 3.43412 118.738 544.506
218.856 60.4399 3.77716 3.40342 124.683 663.984
216.546 61.2275 3.75147 3.3223 195.953 519.106
207.417 57.7828 3.81831 3.43735 115.944 457.752
212.138 64.8736 3.84283 3.6748 208.908 424.755
203.383 71.3221 3.80788 3.47867 65.222 1063.52
205.026 71.0033 3.81806 3.4233 62.17 1020.3
234.753 71.9871 3.84774 3.51 78.9227 1632.65
198.198 69.3641 3.8149 3.37517 44.4013 922.875
202.84 70.0079 3.80181 3.49269 93.2198 923.904
205.387 69.6211 3.81385 3.45533 66.4902 865.5
206.58 70.34 3.8276 3.5518 71.4119 943.185
194.656 68.2746 3.78898 3.57122 68.2143 912.008
198.806 68.6483 3.76814 3.39663 36.3269 841.552
205.217 69.1565 3.80893 3.46663 70.9966 814.584
209.387 69.836 3.83554 3.51314 83.7174 894.107
211.299 69.72 3.82539 3.48722 86.8725 896.563
215.088 69.9175 3.82938 3.47545 115.169 969.146
216.289 69.626 3.83294 3.46868 84.7936 962.906
235.93 69.3475 3.92345 3.60136 91.14 1554.32
203.387 68.7132 3.78706 3.45932 78.7704 778.433
207.318 68.8799 3.81299 3.54358 55.6118 780.489
209.319 68.9656 3.85116 3.53963 74.9584 797.77
211.177 69.1532 3.83448 3.48345 115.263 834.338
213.625 69.322 3.81843 3.49252 144.265 884.854
219.035 69.243 3.82143 3.53882 114.503 990.74
198.174 67.082 3.77265 3.52503 74.0197 713.342
199.397 67.4213 3.79802 3.4202 40.0719 712.2
203.811 68.2575 3.78458 3.45407 68.3392 724.972
206.028 68.4414 3.79359 3.55677 68.4455 732.345
208.187 68.1343 3.87698 3.58811 78.1877 699.776
210.384 68.0584 3.8214 3.50484 110.697 708.033
211.513 68.0748 3.80364 3.53361 124.987 723.912
214.432 68.1207 3.82444 3.61958 132.302 780.422
218.405 68.1861 3.82764 3.55929 92.292 885.536
220.465 68.6043 3.84569 3.59622 113.461 978.336
222.103 68.3889 3.83646 3.50488 64.6805 1013.36
223.281 66.3701 3.86036 3.56151 108.027 938.852
193.671 65.4742 3.75913 3.67462 76.3195 763.924
195.352 65.7077 3.78185 3.62515 82.5149 708.233
200.349 66.6001 3.82884 3.31061 48.1581 612.997
204.275 67.0486 3.7505 3.51933 133.949 589.193
206.517 67.2221 3.80061 3.59195 86.6519 595.545
207.821 67.5076 3.8404 3.57213 101.687 628.776
212.113 67.5187 3.82174 3.57733 130.794 675.797
214.357 67.5933 3.82953 3.59115 170.054 728.692
215.855 67.6946 3.82767 3.55768 95.0888 774.533
220.128 67.6136 3.85072 3.60001 77.513 894.839
224.214 67.6106 3.86879 3.56545 105.299 1038.13
226.258 67.441 3.87291 3.59609 132.076 1107.13
195.961 64.9941 3.78939 3.6598 60.7199 644.206
197.645 65.3936 3.77192 3.57947 70.2402 600.78
199.349 65.5011 3.78288 3.6193 75.3574 548.031
206.494 66.5156 3.82291 3.59644 77.3882 516.838
208.493 66.9214 3.84101 3.55534 114.766 567.162
209.976 66.7108 3.82154 3.52428 114.096 558.75
212.525 66.7004 3.8118 3.53955 162.353 602.377
213.899 66.7653 3.83944 3.51595 164.896 640.981
216.215 66.9498 3.84923 3.57062 97.7384 721.058
218.345 66.8088 3.83616 3.59904 130.998 778.316
221.978 66.9116 3.8445 3.56934 98.4374 915.568
223.778 66.9808 3.85737 3.59307 92.9929 988.267
225.729 66.9227 3.87192 3.61253 99.5936 1062.82
197.761 64.6379 3.80027 3.66529 83.1754 550.154
200.087 64.937 3.7715 3.63129 99.4263 479.845
203.551 65.5276 3.7848 3.56593 87.9443 438.07
205.119 65.4924 3.76994 3.42375 78.0444 411.585
207.195 65.6571 3.81507 3.61395 156.85 421.097
208.623 65.8937 3.83902 3.58364 107.717 455.358
210.457 65.8251 3.83776 3.50095 163.145 473.46
212.122 65.8371 3.81392 3.54915 212.621 510.601
214.18 66.267 3.83353 3.53262 47.28 604.373
214.181 66.267 3.85047 3.49503 131.34 604.401
218.473 66.2305 3.83208 3.55367 130.065 743.735
221.631 66.2191 3.86232 3.58192 128.869 864.844
225.657 65.8052 3.87905 3.55367 88.7696 1017.51
214.843 62.3987 3.73741 3.43379 313.116 419.637
213.052 64.4091 3.83995 3.47376 210.765 419.828
199.305 63.8864 3.80138 3.36965 66.0343 444.502
210.64 65.1479 3.81996 3.53141 194.296 409.411
216.846 65.3064 3.84295 3.53948 179.592 624.132
218.385 65.6035 3.83985 3.52653 157.137 702.207
220.064 65.4483 3.8496 3.53772 116.848 762.658
221.694 65.3609 3.86053 3.49369 119.07 828.444
223.623 65.2225 3.85938 3.47451 91.1195 908.79
196.446 62.7492 3.80219 3.63345 203.793 548.377
199.398 63.2842 3.86486 3.62531 120.617 414.197
214.63 64.613 3.82283 3.47996 208.374 494.151
216.436 64.5012 3.82327 3.37734 147.14 562.38
221.784 64.453 3.83929 3.42035 93.1131 801.944
221.784 64.4525 3.82375 3.40049 109.328 801.902
223.67 64.5753 3.82499 3.43596 113.833 893.243
195.344 61.9331 3.76153 3.634 128.673 604.879
198.469 62.2938 3.79757 3.57455 172.336 440.896
214.222 63.8036 3.88927 3.40319 137.214 431.14
217.924 64.0292 3.84963 3.41965 130.209 608.97
222.48 63.8433 3.83274 3.47894 176.152 821.963
197.317 61.3416 3.77759 3.55594 157.691 509.912
198.513 61.678 3.78152 3.585 225.397 441.225
216.652 63.0254 3.78561 3.41214 309.582 520.279
218.173 63.0618 3.79463 3.46644 315.783 596.928
221.871 63.109 3.81115 3.55138 171.502 783.425
193.799 60.3849 3.7731 3.5432 198.528 722.321
196.65 60.4135 3.77104 3.61873 228.426 573.438
198.04 60.7515 3.75478 3.61314 247.122 488.976
199.312 60.6947 3.75822 3.58551 269.752 425.93
217.004 62.4013 3.71621 3.36814 257.498 531.211
218.122 62.3579 3.71692 3.35084 312.204 588.989
221.538 62.4435 3.74918 3.4516 232.132 765.433
223.206 62.5763 3.77451 3.49128 221.209 850.863
225.609 62.2024 3.78136 3.50423 361.811 977.864
198.315 59.9237 3.78982 3.58329 160.859 512.439
199.908 60.1686 3.78606 3.60869 281.159 421.688
215.402 61.6061 3.72773 3.38675 207.566 451.612
222.911 61.4593 3.72426 3.39827 284.772 848.832
224.22 61.4862 3.73378 3.41607 213.092 916.939
226.918 61.1512 3.75459 3.44035 174.029 1066.01
198.736 59.2533 3.79786 3.5581 187.268 532.988
200.175 59.1767 3.80257 3.54961 159.241 474.909
221.424 60.3024 3.74565 3.3655 170.532 802.965
223.909 60.7704 3.72318 3.3676 162.395 918.229
190.452 56.6011 3.77797 3.64966 40.9493 1101.65
202.009 59.0314 3.73451 3.71968 176.941 414.974
222.262 59.6304 3.80185 3.42831 158.671 873.602
223.04 60.1218 3.75045 3.38925 229.973 894.16
226.285 59.5898 3.76422 3.44001 188.903 1085.2
227.183 60.2114 3.74705 3.43552 216.156 1108.46
212.566 65.1171 3.85909 3.59833 176.236 458.508
203.344 58.6774 3.77879 3.56651 175.118 406.703
204.113 58.2637 3.79126 3.49825 123.728 431.254
213.66 59.4296 3.81144 3.22829 92.0884 460.788
227.731 58.9601 3.79033 3.41993 146.597 1188.67
202.426 57.5673 3.76226 3.46912 199.584 541.528
203.613 57.6397 3.77132 3.4741 110.234 506.679
205.548 57.5665 3.75708 3.44571 82.1071 486.492
224.26 58.4133 3.84779 3.43456 60.2104 1036.6
225.482 58.2747 3.84067 3.41827 48.5397 1106.61
229.033 59.3946 3.76379 3.46613 180.05 1237.56
197.939 55.703 3.78248 3.51705 133.577 858.819
200.447 56.2848 3.76103 3.48096 96.5441 723.354
223.768 57.9616 3.85659 3.46127 106.373 1037.28
225.424 57.4688 3.86964 3.44238 60.1382 1149.99
228.869 57.9128 3.80937 3.42662 95.148 1300.79
227.048 56.8144 3.86488 3.49842 48.9608 1272.23
229.75 56.9811 3.81082 3.46905 78.9321 1399.36
212.138 64.8735 3.82689 3.70603 161.115 424.741
210.428 68.6408 3.82721 3.46964 111.125 771.35
226.879 56.1146 3.85676 3.54432 68.2255 1309.75
229.974 55.9154 3.83013 3.52231 39.5213 1477.64
227.653 56.4191 3.85199 3.50191 60.4141 1328
218.547 60.1369 4.06791 4.58192 66.233 659.929
217.908 60.4896 3.78255 3.3654 154.451 612.973
217.507 60.403 3.8038 3.39408 119.557 595.514
218.338 61.0595 3.73966 3.3276 150.943 617.388
216.296 60.3923 3.81379 3.37427 112.116 533.805
216.716 60.1205 3.82731 3.37431 106.577 567.144
215.271 60.5805 3.82366 3.37489 141.148 473.675
216.679 60.2805 3.81228 3.37613 154.656 558.108
218.244 60.7315 3.76321 3.34194 121.207 622.058
217.659 60.602 3.78141 3.35697 141.981 595.947
216.749 60.4427 3.79655 3.38178 179.714 554.926
217.639 60.9231 3.76226 3.27557 332.711 584.533
217.277 60.2474 3.80875 3.53582 30.4667 590.053
218.995 60.8241 3.74559 3.35164 128.384 658.472
216.976 61.3836 3.73827 3.30168 191.883 538.311
218.049 60.1785 3.79847 3.41521 148.84 632.6
216.031 60.2361 3.85272 3.44252 129.268 527.197
217.533 61.187 3.73548 3.27854 201.892 571.922
218.652 60.2994 3.78613 3.45378 94.6889 658.755
219.217 60.1294 3.7918 3.40315 140.461 694.8
216.221 60.072 3.85637 3.43412 118.738 544.506
218.856 60.4399 3.77716 3.40342 124.683 663.984
216.546 61.2275 3.75147 3.3223 195.953 519.106
