# evlo=223.040207 evla=60.121799
194.627 64.5646 3.78357 3.37568 36.5028 1537.68
215.395 60.9677 3.72337 3.37237 137.771 429.762
209.013 64.0997 3.8014 3.13075 38.5089 853.381
209.094 59.7511 3.79465 3.49401 181.309 779.345
209.259 59.7417 3.79421 3.4822 192.093 770.355
208.846 60.7683 3.75026 3.4207 129.955 783.133
207.916 63.4188 3.83261 3.32432 83.8292 876.166
212.195 64.6453 3.74533 3.43591 30.4853 752.555
204.378 55.8218 3.83774 3.79271 73.0276 1198.52
207.685 63.8827 3.84435 3.31091 35.5797 904.014
208.763 59.5251 3.80344 3.49702 196.132 802.1
209.796 67.2269 3.82547 3.69818 52.4161 1023.84
209.738 62.4058 3.78199 3.43342 138.39 756.166
212.624 63.0753 3.86087 3.28032 67.8956 642.397
214.225 61.1292 3.72116 3.36609 134.283 495.035
215.93 63.6482 3.7656 3.29602 38.9211 541.881
214.25 60.5487 3.73536 3.4743 237.072 487.477
196.582 54.8564 3.83023 3.53655 33.1392 1677.8
213.401 60.7277 3.73192 3.37678 153.041 534.721
209.784 61.1426 3.74024 3.40211 114.455 733.107
188.296 63.7758 3.78374 3.45116 58.0031 1843.68
203.121 64.7461 3.78367 3.25878 15.3599 1144.09
211.074 61.771 3.74329 3.37735 175.831 672.986
216.188 61.4417 3.73828 3.30099 247.998 401
212.904 60.8792 3.73823 3.3582 116.609 562.8
215.271 60.5805 3.73725 3.50261 120.73 431.706
213.052 64.4091 3.74176 3.43358 40.4656 703.887
213.497 60.396 3.73832 3.41182 151.78 528.79
215.738 60.3351 3.73811 3.47439 186.05 405.156
208.348 59.6572 3.79679 3.50173 157.056 822.45
215.581 59.9268 3.74921 3.57172 254.426 416.252
214.077 61.4924 3.73023 3.3586 131.264 510.762
211.542 61.4131 3.72516 3.39056 209.318 642.096
209.077 63.5527 3.8456 3.29466 85.5121 826.626
211.063 63.7318 3.87503 3.15786 32.6458 744.981
209.256 65.0304 3.80469 3.42194 38.9132 892.07
210.931 64.5928 3.76325 3.32054 48.4661 798.748
211.14 63.4056 3.84167 3.23502 63.282 725.572
207.417 57.7828 3.83975 3.68298 136.618 933.682
212.138 64.8736 3.78054 3.67613 41.1698 770.242
203.383 71.3221 3.81629 3.61097 37.3187 1525.24
234.753 71.9871 3.9327 3.64948 47.6387 1419.47
202.84 70.0079 3.80256 3.49935 32.186 1441.41
205.387 69.6211 3.80623 3.50425 33.9406 1339.36
196.822 68.4753 3.81014 3.59348 60.9625 1554.28
209.387 69.836 3.79786 3.49698 47.5704 1253.86
211.299 69.72 3.79785 3.54458 54.4657 1200.93
215.088 69.9175 3.82519 3.58201 77.4779 1152.4
235.93 69.3475 3.90452 3.62918 69.7748 1192.45
201.885 68.4946 3.82457 3.61988 41.8106 1372.49
207.318 68.8799 3.78101 3.48552 22.936 1226.98
209.319 68.9656 3.79065 3.54738 87.951 1179.63
211.177 69.1532 3.80331 3.50967 83.6245 1151.11
213.625 69.322 3.79311 3.52765 71.6057 1116.62
221.263 69.3286 3.79566 3.50235 59.995 1029.82
202.768 67.4572 3.7661 3.61024 45.7767 1280.96
203.811 68.2575 3.82564 3.59705 41.7516 1291.91
208.187 68.1343 3.83534 3.57099 29.3967 1143.31
210.384 68.0584 3.82067 3.42741 52.8774 1074.36
214.432 68.1207 3.77894 3.65245 79.5477 983.269
218.405 68.1861 3.83396 3.63887 75.5147 926.224
222.103 68.3889 3.8353 3.43906 36.5178 922.709
223.281 66.3701 3.85928 3.51783 70.1482 696.57
193.671 65.4742 3.83246 3.44303 40.3046 1594.54
204.275 67.0486 3.75275 3.6218 40.008 1201.81
206.517 67.2221 3.80074 3.66845 78.5755 1131.58
207.821 67.5076 3.81302 3.65425 47.9433 1107.58
212.113 67.5187 3.80435 3.47598 67.887 981.515
214.357 67.5933 3.78964 3.56017 49.6043 933.967
215.855 67.6946 3.80199 3.60392 72.4817 913.507
224.214 67.6106 3.89224 3.56729 53.1123 836.762
226.258 67.441 3.8708 3.53018 62.8039 830.902
195.961 64.9941 3.79561 3.42688 37.5546 1480.71
197.645 65.3936 3.80992 3.4543 48.9746 1411.54
199.349 65.5011 3.78345 3.45019 37.7406 1337.81
206.494 66.5156 3.7432 3.57005 35.389 1087.5
208.493 66.9214 3.78788 3.71322 60.9565 1043.23
209.976 66.7108 3.79872 3.71006 85.4223 978.616
212.525 66.7004 3.82509 3.65667 62.3761 899.536
221.978 66.9116 3.83731 3.48649 44.971 758.669
223.778 66.9808 3.86645 3.52046 55.9653 765.436
225.729 66.9227 3.89005 3.68279 46.7269 769.63
197.761 64.6379 3.79473 3.31607 36.4823 1390
200.087 64.937 3.79267 3.32741 43.5201 1288.42
201.637 65.1527 3.80207 3.31732 37.0047 1224.58
205.119 65.4924 3.81585 3.40635 24.7778 1086.72
207.195 65.6571 3.81409 3.59401 27.9686 1010.27
208.623 65.8937 3.76145 3.59585 24.6821 969.254
210.457 65.8251 3.7327 3.4559 42.9774 897.728
212.122 65.8371 3.77331 3.58927 57.7663 841.674
214.18 66.267 3.83242 3.7901 36.6101 815.673
214.181 66.267 3.85297 3.7694 46.9161 815.645
221.631 66.2191 3.80337 3.47119 49.8317 683.281
225.657 65.8052 3.85451 3.51851 41.2911 647.1
214.843 62.3987 3.81893 3.32186 121.554 507.289
213.052 64.4091 3.74176 3.43358 40.4656 703.887
199.305 63.8864 3.81693 3.38237 33.2729 1303.34
205.522 64.7962 3.79234 3.2861 30.4763 1038.44
208.018 65.18 4.3184 4.36328 41.2739 950.693
210.64 65.1479 3.78336 3.68 50.4279 845.077
216.846 65.3064 3.80244 3.58857 63.4387 658.374
218.385 65.6035 3.82294 3.54539 83.3603 654.921
220.064 65.4483 3.76061 3.49968 61.9993 612.633
221.694 65.3609 3.79738 3.59368 86.8127 587.943
223.623 65.2225 3.82167 3.58307 47.3446 569.282
196.446 62.7492 3.78436 3.48324 113.964 1438.09
199.398 63.2842 3.803 3.44583 73.6289 1291.19
200.922 63.3965 3.81255 3.39525 45.9334 1216.65
203.285 63.465 3.82034 3.40582 74.1675 1101.39
204.379 63.994 3.80842 3.32045 55.2961 1062.06
205.853 64.1767 3.81435 3.28509 58.4044 999.342
214.63 64.613 3.76487 3.74893 63.2272 662.308
221.784 64.453 3.77177 3.57557 52.6723 487.07
221.784 64.4525 3.79848 3.47605 45.118 487.018
223.67 64.5753 3.79112 3.60798 66.887 497.41
195.344 61.9331 3.78055 3.47831 72.8274 1499.04
198.469 62.2938 3.78194 3.46759 102.847 1334.26
201.699 62.7161 3.7807 3.4167 103.652 1169.62
205.93 63.3569 3.81375 3.37738 116.118 969.726
214.222 63.8036 3.80029 3.14521 21.941 617.428
217.924 64.0292 3.77345 3.746 67.0548 510.662
222.48 63.8433 3.78271 3.43604 67.9166 415.778
197.317 61.3416 3.7709 3.44729 174.099 1400.87
198.513 61.678 3.77513 3.44145 111.008 1334.37
200.525 61.7105 3.76552 3.42019 101.159 1227.83
201.703 62.1344 3.77231 3.4034 111.278 1165.89
203.311 62.2195 3.77372 3.4225 141.471 1082.6
205.146 62.1816 3.75502 3.40823 122.834 987.088
206.12 62.4787 3.77753 3.383 147.167 940.998
218.173 63.0618 3.72018 3.21398 58.4285 417.072
193.799 60.3849 3.76769 3.47003 110.694 1606.13
196.65 60.4135 3.7678 3.45567 110.412 1451.24
198.04 60.7515 3.75877 3.46154 118.185 1370.03
199.312 60.6947 3.75971 3.42936 99.3877 1302.13
201.041 61.0224 3.75486 3.3854 149.512 1204.74
202.562 61.4009 3.75795 3.37521 122.582 1120.62
204.176 61.4907 3.75024 3.41064 151.316 1034.42
205.609 61.9037 3.75544 3.39219 128.477 960.362
206.868 61.8823 3.75045 3.38925 229.973 894.16
209.88 61.7531 3.74883 3.35924 132.743 734.871
212.274 61.7929 3.73211 3.3769 171.175 611.487
213.825 62.1067 3.77341 3.32788 159.061 543.208
217.004 62.4013 3.93748 3.6034 110.67 411.372
198.315 59.9237 3.75961 3.43476 91.9769 1370.85
199.908 60.1686 3.75806 3.43905 118.943 1278.55
201.231 60.4742 3.75447 3.41533 136.272 1201.11
202.813 60.5269 3.75584 3.39693 154.103 1114.1
204.11 60.6801 3.75515 3.40402 153.975 1041.7
205.516 60.8132 3.7412 3.39093 176.859 964.184
207.791 61.2001 3.7424 3.35584 144.663 840.5
215.402 61.6061 3.75161 3.30156 232.039 446.467
198.736 59.2533 3.78106 3.50015 131.102 1364.57
200.175 59.1767 3.78789 3.49084 88.6002 1287.12
201.907 59.5938 3.7901 3.46549 140.554 1180.69
202.905 59.7733 3.78403 3.46654 177.104 1121.61
204.792 59.8542 3.78149 3.4791 123.519 1015.81
205.68 60.1952 3.77061 3.47275 155.549 961.323
207.376 60.0815 3.77657 3.45875 160.412 869.349
210.276 60.4814 3.76236 3.46556 154.206 705.78
190.452 56.6011 3.81225 3.53907 50.0249 1926.52
202.009 59.0314 3.80626 3.47754 107.216 1189.55
203.561 59.1953 3.80707 3.48901 175.595 1098.94
204.771 59.3922 3.7995 3.49101 183.378 1026.8
206.768 59.6524 3.79785 3.47313 271.876 910.26
212.597 59.9979 3.75522 3.46909 324.197 581.242
212.566 65.1171 3.80006 3.83368 45.1133 772.109
203.344 58.6774 3.82415 3.49612 152.298 1126.06
204.113 58.2637 3.83351 3.48636 178.611 1097.35
204.991 58.6484 3.82248 3.484 172.512 1035.43
213.66 59.4296 3.7972 3.52931 260.351 532.096
202.426 57.5673 3.8465 3.50009 119.055 1218.23
203.613 57.6397 3.85343 3.52688 124.294 1149.45
205.548 57.5665 3.8492 3.58576 109.14 1045.77
197.939 55.703 3.824 3.53695 103.658 1556.05
200.447 56.2848 3.83071 3.5241 62.0619 1387.47
228.869 57.9128 3.90212 3.58191 133.005 415.287
227.048 56.8144 3.79171 3.62496 29.1808 436.186
229.75 56.9811 3.89154 3.32727 97.7954 523.964
212.138 64.8735 3.82674 3.44056 23.0805 770.243
210.428 68.6408 3.77516 3.53311 44.2378 1123.26
226.879 56.1146 3.76133 3.69137 88.1985 500.194
229.974 55.9154 3.83211 3.56028 19.9496 621.804
228.385 55.3279 3.80244 3.78753 67.9019 621.229
227.653 56.4191 3.7853 3.69223 53.8864 493.079
209.931 62.7622 4.16925 4.82846 151.569 757.085
211.063 63.7323 3.87504 3.15786 32.6458 744.984
211.14 63.4057 3.84167 3.23502 63.282 725.572
215.271 60.5805 3.73725 3.50261 120.73 431.706
