# evlo=212.138199 evla=64.873497
225.449 60.24 3.92101 3.50903 27.9744 854.846
194.627 64.5646 3.79797 3.77097 150.746 832.815
217.908 60.4896 3.76806 3.47782 87.2331 570.55
217.654 61.036 3.72502 3.53886 123.146 510.779
217.507 60.403 3.74125 3.46963 37.2101 568.859
218.338 61.0595 3.75845 3.57446 104.831 528.302
220.363 59.9534 3.75118 3.52919 72.0222 692.706
216.3 60.3932 3.81803 3.45875 40.5153 542.809
225.144 58.5792 3.77391 3.67482 69.7105 978.683
216.716 60.1205 3.76473 3.28839 33.4638 579.554
215.395 60.9677 3.79112 3.52892 84.7164 465.58
209.094 59.7511 3.81048 3.26817 116.77 592.153
209.259 59.7417 3.82072 3.26424 134.358 590.968
208.846 60.7683 3.7852 3.29878 149.865 487.212
204.378 55.8218 3.79557 3.40277 66.8596 1093.88
200.411 54.831 3.82654 3.57245 81.1226 1292.96
208.763 59.5251 3.80354 3.32973 160.062 621.211
216.907 60.7523 3.73415 3.35198 64.6241 519.428
218.66 60.9649 3.77284 3.53986 117.69 546.794
217.513 60.0823 3.75435 3.41585 82.5565 601.168
214.225 61.1292 3.81444 3.43941 59.263 430.474
214.25 60.5487 3.84075 3.32615 57.2549 493.923
196.582 54.8564 3.84278 3.52982 41.5224 1407.97
213.401 60.7277 3.94515 3.37278 56.1322 466.531
209.784 61.1426 3.79564 3.30963 129.313 432.546
188.296 63.7758 3.81103 3.70814 139.559 1152.57
203.121 64.7461 3.77696 3.79402 215.919 428.295
216.188 61.4417 3.76018 3.51673 117.204 433.364
212.904 60.8792 3.97199 3.27146 77.4404 446.896
215.271 60.5805 3.81524 3.46456 120.701 504.445
216.679 60.2805 3.77691 3.29952 55.7702 562.28
218.244 60.7315 3.76949 3.53167 96.0776 556.385
213.497 60.396 3.95441 3.48815 29.7651 503.854
215.738 60.3351 3.83751 3.51944 63.6195 538.338
208.348 59.6572 3.78466 3.33531 106.6 613.507
217.659 60.6024 3.74789 3.48491 110.569 552.989
225.615 58.2758 3.78573 3.65413 46.9678 1022.27
215.581 59.9268 3.86907 3.53452 76.5519 579.141
216.749 60.4427 3.77456 3.33798 58.7716 547.159
217.639 60.9231 3.73063 3.50473 118.537 521.24
197.4 66.8951 3.8775 3.55534 58.8189 707.012
217.277 60.2474 3.7658 3.38062 74.0329 578.956
218.995 60.824 3.75234 3.56221 86.4711 570.049
216.976 61.3836 3.69906 3.41122 101.219 458.938
218.049 60.1785 3.76212 3.55215 68.6238 604.795
216.031 60.2361 3.83648 3.53689 73.7692 554.042
191.145 52.9721 3.82214 3.5931 55.8901 1777.43
219.747 60.0959 3.75309 3.4735 101.332 660.476
220.599 59.667 3.74625 3.53854 70.8904 726.571
217.533 61.1871 3.71525 3.55103 128.01 492.987
211.667 60.8584 3.88268 3.30795 100.898 448.16
215.323 60.3863 3.81882 3.48193 68.4719 525.977
210.261 61.0889 3.80166 3.32958 138.732 432.392
197.092 68.0541 3.88639 3.50585 84.1597 756.03
218.652 60.2994 3.75389 3.4666 66.3925 609.209
219.217 60.1294 3.74731 3.46925 70.1895 641.569
214.792 60.5341 3.80081 3.38501 65.0722 502.254
205.816 56.5593 3.80023 3.42089 88.0579 987.435
209.777 60.5117 3.80481 3.34085 207.619 500.872
189.752 57.1766 3.82044 3.6633 74.5452 1470.53
209.253 61.4636 3.82015 3.40463 108.589 406.821
217.161 60.1791 3.75283 3.34905 81.2134 583.23
216.221 60.072 3.84788 3.52502 41.5605 574.808
210.547 60.1043 3.84642 3.35068 103.409 537.788
218.856 60.4399 3.74745 3.45844 75.5827 601.627
216.546 61.2275 3.75499 3.3445 95.4207 463.278
231.887 52.1847 3.78344 3.60999 15.931 1806.36
226.475 68.3065 3.83252 3.6281 52.5043 739.636
207.417 57.7828 3.8214 3.3313 142.509 829.05
203.383 71.3221 3.81385 3.48137 66.9721 804.556
234.753 71.9871 3.86803 3.49088 112.028 1208
205.217 69.1565 3.78265 3.64589 29.4047 564.22
209.387 69.836 3.83364 3.28957 35.3204 565.796
211.299 69.72 3.89948 3.29949 45.8545 541.704
215.088 69.9175 3.83896 3.42962 61.7073 576.438
216.289 69.626 3.83623 3.42526 83.3566 559.182
235.93 69.3475 3.93303 3.65052 100.693 1137.37
196.917 67.6988 3.80545 3.52174 24.1966 749.924
207.318 68.8799 3.82714 3.65716 26.1824 493.905
209.319 68.9656 3.82848 3.49905 81.6592 472.611
211.177 69.1532 3.83558 3.42674 46.573 479.101
213.625 69.322 3.87416 3.34693 74.3383 500.259
199.397 67.4213 3.92279 3.63544 28.8748 639.915
202.768 67.4572 3.88857 3.46774 18.5172 510.718
208.187 68.1343 3.73964 3.66273 54.8552 403.735
218.405 68.1861 3.83112 3.71515 96.3368 462.233
220.465 68.6043 3.83512 3.82092 41.1085 553.938
222.103 68.3889 3.76687 3.92742 44.8263 589.002
223.281 66.3701 3.92059 3.54594 179.732 538.996
193.671 65.4742 3.80294 3.6437 31.5003 864.973
195.352 65.7077 3.81642 3.58582 22.2931 786.4
198.75 66.442 3.84892 3.55026 32.9124 638.968
202.227 66.8332 3.84433 3.52225 29.7071 501.84
204.275 67.0486 3.86674 3.42425 22.7078 431.591
220.128 67.6136 3.73988 3.6305 37.8957 471.058
224.214 67.6106 3.85115 3.49611 24.127 621.498
226.258 67.441 3.90652 3.65004 107.294 696.498
195.961 64.9941 3.79167 3.75146 41.1132 763.068
197.645 65.3936 3.82382 3.76329 65.3382 681.239
199.349 65.5011 3.80711 3.71406 48.7097 602.138
201.346 65.895 3.82659 3.67648 48.9711 513.869
202.913 66.1434 3.92675 3.74212 43.2001 449.292
221.978 66.9116 3.8791 3.70069 36.5615 502.169
223.778 66.9808 3.87536 3.51884 135.181 578.646
225.729 66.9227 3.92588 3.74094 55.0178 658.719
197.761 64.6379 3.74193 3.86146 17.2724 683.468
200.087 64.937 3.79322 3.68247 64.0105 569.697
201.637 65.1527 3.78695 3.64242 98.3222 495.573
203.551 65.5276 3.80646 3.68876 59.7978 408.308
221.631 66.2191 3.87546 3.62296 43.8596 463.074
225.657 65.8052 3.94201 3.49496 39.4175 636.89
199.305 63.8864 3.77093 3.66278 61.9532 627.967
221.694 65.3609 3.88914 3.61513 169.201 451.642
223.623 65.2225 3.86233 3.44399 56.4977 541.487
196.446 62.7492 3.82255 3.70272 70.0053 806.049
199.398 63.2842 3.82292 3.67438 65.3011 645.143
200.922 63.3965 3.83663 3.59622 65.1079 569.568
203.285 63.465 3.8697 3.71531 71.7229 457.868
221.784 64.453 3.839 3.69897 144.499 462.697
223.67 64.5753 3.84833 3.71088 66.3338 549.837
195.344 61.9331 3.82156 3.69563 43.2023 897.605
198.469 62.2938 3.88584 3.64539 67.432 735.298
201.699 62.7161 3.90704 3.71012 59.8291 567.109
222.48 63.8433 3.82419 3.67511 128.502 511.949
197.317 61.3416 3.85496 3.67069 46.6796 842.707
198.513 61.678 3.87824 3.63909 49.5617 768.947
200.525 61.7105 3.84762 3.62733 52.522 679.456
201.703 62.1344 3.86063 3.62698 61.273 601.66
203.311 62.2195 3.81372 3.41334 49.4436 528.579
205.146 62.1816 3.83239 3.57886 138.625 458.994
206.12 62.4787 3.84451 3.51254 141.955 399.696
221.871 63.109 3.88028 3.64424 93.4256 514.739
193.799 60.3849 3.83567 3.62929 29.6369 1060.39
196.65 60.4135 3.87023 3.56171 60.1589 933.401
198.04 60.7515 3.85813 3.56549 67.0865 850.402
199.312 60.6947 3.86222 3.6237 56.7527 801.173
202.562 61.4009 3.82331 3.47697 48.2573 617.838
204.176 61.4907 3.87422 3.71289 51.9238 549.677
205.609 61.9037 3.83146 3.71444 131.176 464.508
206.868 61.8823 3.82689 3.70603 161.115 424.741
218.122 62.3579 3.91923 3.59741 55.2946 408.02
221.538 62.4435 3.9554 3.6468 79.5211 537.843
223.206 62.5763 3.88074 3.64726 89.5535 602.83
225.609 62.2024 3.85939 3.67869 114.778 731.352
198.315 59.9237 3.85548 3.65517 56.031 899.768
201.231 60.4742 3.81245 3.5975 92.0383 741.701
202.813 60.5269 3.83274 3.68205 62.3327 678.846
204.11 60.6801 3.83937 3.61442 145.596 620.745
205.516 60.8132 3.82255 3.51837 160.744 563.846
207.791 61.2001 3.81712 3.51854 91.0206 464.562
215.402 61.6061 3.74949 3.55478 130.16 399.306
222.911 61.4593 3.94791 3.66008 51.8397 661.561
224.22 61.4862 3.91343 3.58658 85.1081 714.37
226.918 61.1512 3.89251 3.69998 80.3047 853.019
201.907 59.5938 3.83707 3.6338 85.3546 791.39
202.905 59.7733 3.8376 3.63816 108.599 741.628
204.792 59.8542 3.80739 3.57368 84.1816 675.518
205.68 60.1952 3.8028 3.53356 72.1761 617.711
207.376 60.0815 3.78228 3.38067 98.5396 587.469
210.276 60.4814 3.81438 3.35158 106.91 498.682
221.424 60.3024 3.77957 3.61399 37.8103 696.709
202.009 59.0314 3.83073 3.6588 110.734 838.473
203.561 59.1953 3.81302 3.6466 90.422 774.457
204.771 59.3922 3.80789 3.55324 118.762 720.706
206.768 59.6524 3.79298 3.39377 107.555 644.769
212.597 59.9979 3.88022 3.4361 41.4938 543.909
222.262 59.6304 3.79756 3.72892 28.8897 784.448
223.04 60.1218 3.82674 3.44056 23.0805 770.243
226.285 59.5898 3.81842 3.39573 20.3284 938.753
227.183 60.2114 3.93487 3.7069 46.9287 928.841
203.344 58.6774 3.81101 3.60201 83.6391 830.371
204.113 58.2637 3.81057 3.50341 79.3892 849.637
204.991 58.6484 3.80548 3.45734 108.636 788.644
206.355 58.9287 3.78148 3.39773 82.8743 728.224
207.606 58.6097 3.7965 3.3182 86.8928 737.528
213.66 59.4296 3.78805 3.19902 37.7737 611.83
227.731 58.9601 3.86775 3.45182 38.6911 1046.61
202.426 57.5673 3.8203 3.56076 91.7893 964.693
203.613 57.6397 3.80717 3.50838 88.525 925.082
205.548 57.5665 3.83641 3.41671 27.3631 886.8
225.482 58.2747 3.79024 3.66228 26.1071 1017.51
197.939 55.703 3.8056 3.54582 62.7397 1282.57
200.447 56.2848 3.81118 3.56793 40.6255 1147.81
223.768 57.9616 3.8051 3.5923 34.7317 986.233
225.424 57.4688 3.82045 3.613 27.9359 1087.42
227.048 56.8144 3.82342 3.62779 22.8814 1203.83
229.75 56.9811 3.78838 3.69478 26.1151 1290.25
210.428 68.6408 3.9568 3.44593 77.4576 426.786
226.879 56.1146 3.80153 3.5134 19.7937 1262.1
227.653 56.4191 3.80205 3.6294 51.7605 1261.27
218.547 60.1369 4.70066 4.2915 120.688 622.016
217.908 60.4896 3.76806 3.47782 87.2331 570.55
217.507 60.403 3.74125 3.46963 37.2101 568.859
218.338 61.0595 3.75847 3.57448 104.831 528.305
216.296 60.3923 3.8182 3.45891 40.5153 542.834
216.716 60.1205 3.76473 3.28839 33.4638 579.554
215.271 60.5805 3.81524 3.46456 120.701 504.445
216.679 60.2805 3.77691 3.29952 55.7702 562.28
218.244 60.7315 3.76949 3.53167 96.0776 556.385
217.659 60.602 3.74807 3.48507 110.569 553.016
216.749 60.4427 3.77456 3.33798 58.7716 547.159
217.639 60.9231 3.73059 3.5047 118.537 521.235
217.277 60.2474 3.7658 3.38062 74.0329 578.956
218.995 60.8241 3.75228 3.56215 86.4711 570.04
216.976 61.3836 3.69906 3.41122 101.219 458.938
218.049 60.1785 3.76212 3.55215 68.6238 604.795
216.031 60.2361 3.83648 3.53689 73.7692 554.042
217.533 61.187 3.71536 3.55114 128.01 493.002
218.652 60.2994 3.75389 3.4666 66.3925 609.209
219.217 60.1294 3.74731 3.46925 70.1895 641.569
216.221 60.072 3.84788 3.52502 41.5605 574.808
218.856 60.4399 3.74745 3.45844 75.5827 601.627
216.546 61.2275 3.75499 3.3445 95.4207 463.278
