# evlo=226.878998 evla=56.114601
225.449 60.24 3.8308 3.67531 19.9136 467.1
194.627 64.5646 3.82522 3.56369 44.0929 1984.32
217.908 60.4896 3.85355 3.89529 79.8057 715.898
217.654 61.036 3.84958 3.78944 26.5109 765.855
217.507 60.403 3.87492 3.74854 55.2139 727.41
218.338 61.0595 3.77385 3.6503 32.4165 740.571
220.363 59.9534 3.91626 3.53589 44.9849 574.792
216.3 60.3932 3.87714 3.6137 68.3327 781.386
216.716 60.1205 3.86197 3.54631 55.2093 745.599
215.395 60.9677 3.91786 3.59138 32.0155 857.92
209.013 64.0997 3.81645 3.57335 87.3154 1325.46
209.094 59.7511 3.90869 3.86858 110.274 1124.56
209.259 59.7417 3.91142 3.87896 113.507 1115.3
210.701 64.1732 3.82278 3.57395 37.6807 1263.53
208.846 60.7683 3.87954 3.57875 62.7978 1168.67
207.916 63.4188 3.78656 3.52607 58.8057 1332.24
212.195 64.6453 3.80002 3.56405 29.1133 1242.69
204.378 55.8218 3.93015 3.83884 56.352 1399.23
200.411 54.831 3.92766 3.87053 65.9031 1669.57
208.763 59.5251 3.9065 3.89394 101.298 1137.36
209.796 67.2269 3.79437 3.64924 50.1444 1522.6
216.907 60.7523 3.89022 3.67147 46.1174 777.096
218.66 60.9649 3.78531 3.72047 35.3096 720.762
209.738 62.4058 3.86091 3.60058 39.449 1197.01
217.513 60.0823 3.87116 3.58105 61.1316 706.26
212.624 63.0753 3.78501 3.56169 51.3606 1113.25
214.225 61.1292 3.88431 3.58767 74.4783 920.788
215.93 63.6482 3.81353 3.59003 31.4594 1036.41
196.582 54.8564 3.91344 3.79371 52.4338 1904.95
214.766 66.5657 3.82008 3.68468 42.2504 1327.63
188.296 63.7758 3.82641 3.60883 33.046 2275.84
203.121 64.7461 3.83389 3.51002 38.0545 1607.83
211.074 61.771 3.8638 3.58524 46.6298 1102.2
216.679 60.2805 3.88146 3.536 76.6699 756.975
218.244 60.7315 3.82901 3.99315 46.2333 719.345
213.052 64.4091 3.81238 3.55845 30.2678 1194.73
215.738 60.3351 3.84335 3.51538 50.5129 804.302
208.348 59.6572 3.9073 3.89246 90.4727 1163.25
217.659 60.6024 3.87153 3.86507 78.0832 734.429
216.749 60.4427 3.89245 3.58339 68.5403 763.872
217.639 60.9231 3.86748 3.86844 66.7884 758.148
214.077 61.4924 3.86496 3.68441 56.9661 949.234
209.077 63.5527 3.78736 3.54334 48.4077 1289.8
218.995 60.824 3.79758 3.79626 36.9515 696.793
216.976 61.3836 3.80126 3.71799 41.6523 818.804
211.063 63.7318 3.81444 3.61531 49.3853 1219.64
211.768 64.9602 3.80423 3.59971 27.6346 1281.47
218.049 60.1785 3.87884 3.62568 66.4927 688.387
209.256 65.0304 3.79994 3.61688 52.6271 1376.75
210.931 64.5928 3.82019 3.55103 40.4362 1284.18
214.53 62.9699 3.80243 3.59902 79.7643 1031.6
219.747 60.0959 3.86556 3.74483 49.5928 610.442
220.599 59.667 3.90957 3.56805 69.5618 542.971
214.475 65.5174 3.7939 3.581 49.4562 1241.41
207.811 62.8962 3.79436 3.5651 19.9385 1309.87
217.533 61.1871 3.85867 3.76819 55.6653 781.946
215.323 60.3863 3.8548 3.54887 73.2295 826.941
215.154 63.7399 3.82864 3.60125 40.2154 1069.68
218.652 60.2994 3.88386 3.70778 29.5208 670.805
211.14 63.4056 3.80342 3.56254 52.5723 1195.1
219.217 60.1294 3.89161 3.6746 55.5941 634.728
211.668 61.807 3.86253 3.62522 63.4718 1076.55
212.671 61.832 3.85369 3.75898 47.2254 1032.4
216.01 63.9761 3.76975 3.62941 49.2964 1061.79
205.816 56.5593 3.92254 3.86756 146.579 1298.56
209.777 60.5117 3.88522 3.65938 74.6146 1111.31
189.752 57.1766 3.86595 3.71255 90.5512 2252.47
217.161 60.1791 3.86727 3.56868 95.4562 728.479
210.547 60.1043 3.89928 3.78759 104.519 1056.7
217.171 60.7541 3.88433 3.69598 63.4606 765.851
216.546 61.2275 3.84335 3.81187 27.4897 825.205
207.417 57.7828 3.90988 3.84568 174.005 1194.59
212.138 64.8736 3.7904 3.57294 34.6822 1262.1
203.383 71.3221 3.82093 3.55075 54.8005 2025.32
196.822 68.4753 3.81376 3.52779 25.9904 2043.41
198.806 68.6483 3.79474 3.58907 37.6052 1981.97
205.217 69.1565 3.82279 3.61027 56.654 1808.71
211.299 69.72 3.80462 3.59748 46.5948 1698.96
215.088 69.9175 3.84726 3.53845 26.9897 1643.38
216.289 69.626 3.84497 3.5943 64.7939 1594.03
235.93 69.3475 3.90845 3.53194 36.1487 1541.87
201.885 68.4946 3.79911 3.55867 29.4938 1867.2
203.387 68.7132 3.80069 3.57244 30.3896 1832.67
207.318 68.8799 3.83213 3.56316 31.8378 1726.89
211.177 69.1532 3.8043 3.58601 41.4563 1650.27
213.625 69.322 3.80418 3.59015 54.3197 1612.44
219.035 69.243 3.84929 3.59885 38.9634 1514.45
198.174 67.082 3.81259 3.50208 45.7015 1923.31
199.397 67.4213 3.82092 3.53016 30.7742 1893.19
202.768 67.4572 3.79696 3.52008 25.3335 1771.33
203.811 68.2575 3.79607 3.58044 46.1599 1787.7
208.187 68.1343 3.81236 3.62295 45.9742 1642.67
210.384 68.0584 3.81965 3.57938 44.1419 1574.52
211.513 68.0748 3.81218 3.59319 53.8847 1546.11
214.432 68.1207 3.7895 3.56567 39.985 1480.86
218.405 68.1861 3.83773 3.59314 33.6469 1412.91
193.671 65.4742 3.80867 3.49463 15.8526 2052.33
195.352 65.7077 3.79671 3.56933 33.2668 1984.99
198.75 66.442 3.81756 3.64516 38.3405 1870.31
200.349 66.6001 3.83759 3.67778 35.1027 1813.91
204.275 67.0486 3.81503 3.50072 51.3493 1691.93
206.517 67.2221 3.78958 3.52987 51.4823 1626.25
207.821 67.5076 3.79504 3.58977 61.4198 1605.09
212.113 67.5187 3.81702 3.64918 57.4327 1481.71
195.961 64.9941 3.82242 3.50684 37.0366 1934.9
197.645 65.3936 3.80498 3.50671 21.5824 1873.39
199.349 65.5011 3.80694 3.53394 26.8386 1803.84
201.346 65.895 3.79907 3.65329 41.1392 1738.38
202.913 66.1434 3.81169 3.63001 49.4429 1688.79
206.494 66.5156 3.80158 3.49327 38.7959 1578.02
208.493 66.9214 3.772 3.58445 42.7995 1539.42
209.976 66.7108 3.7781 3.59962 63.5989 1476.06
212.525 66.7004 3.80724 3.71994 63.9767 1399.43
213.899 66.7653 3.81146 3.65786 37.1269 1367.97
218.345 66.8088 3.83721 3.58182 24.9707 1272.87
197.761 64.6379 3.81496 3.53312 37.7197 1841.63
201.637 65.1527 3.81432 3.43271 23.8886 1690.56
203.551 65.5276 3.79889 3.57295 31.2485 1629.72
205.119 65.4924 3.81216 3.60157 56.701 1565
207.195 65.6571 3.81789 3.62824 59.8623 1495.44
208.623 65.8937 3.8162 3.54198 32.8077 1459.82
212.122 65.8371 3.79843 3.52598 42.8769 1339.03
218.473 66.2305 3.84647 3.48685 29.7626 1212.08
213.052 64.4091 3.81238 3.55845 30.2678 1194.73
199.305 63.8864 3.81039 3.58757 42.5494 1745.49
205.522 64.7962 3.82683 3.55726 32.0152 1509.2
208.018 65.18 3.8048 3.59634 39.252 1433.31
210.64 65.1479 3.80372 3.60998 53.2018 1334.89
216.846 65.3064 3.80356 3.60053 47.3732 1158.3
221.694 65.3609 3.8226 3.54693 50.7977 1067.5
196.446 62.7492 3.85482 3.58857 34.8051 1856.28
199.398 63.2842 3.84136 3.63902 31.7696 1722.69
200.922 63.3965 3.821 3.6366 30.872 1652.83
203.285 63.465 3.79639 3.55047 26.7488 1543.97
204.379 63.994 3.80601 3.54312 34.4057 1517.2
214.63 64.613 3.7897 3.57176 52.3934 1159.12
216.436 64.5012 3.77635 3.58364 79.5386 1095.25
221.784 64.453 3.81577 3.6111 32.4809 970.086
201.699 62.7161 3.85312 3.55811 68.4158 1593.48
205.93 63.3569 3.77407 3.56343 37.9831 1417.63
214.222 63.8036 3.81878 3.55462 51.2017 1106.74
217.924 64.0292 3.74802 3.59432 43.0085 1010.83
222.48 63.8433 3.83306 3.58247 64.4752 894.887
206.12 62.4787 3.85199 3.65136 31.8815 1369.96
216.652 63.0254 3.80956 3.62165 43.7796 960.353
218.173 63.0618 3.77694 3.56986 65.6299 915.251
221.871 63.109 3.80109 3.61782 62.7818 828.307
199.312 60.6947 3.87193 3.80554 55.1143 1676.07
202.562 61.4009 3.84569 3.55603 52.8658 1514.26
204.176 61.4907 3.85444 3.48124 56.3732 1432.76
206.868 61.8823 3.85676 3.54432 68.2255 1309.75
212.274 61.7929 3.86143 3.71907 37.1806 1048.08
213.825 62.1067 3.77366 3.50597 29.3187 999.152
217.004 62.4013 3.8022 3.62435 86.8754 896.777
218.122 62.3579 3.81108 3.69412 70.9196 854.91
221.538 62.4435 3.78117 3.5111 67.2594 767.369
223.206 62.5763 3.82189 3.71144 69.5953 749.25
225.609 62.2024 3.83416 3.65665 72.6743 682.009
198.315 59.9237 3.87465 3.77592 85.2237 1725.8
199.908 60.1686 3.87018 3.77786 79.6441 1638.49
202.813 60.5269 3.88172 3.79323 71.4452 1483.47
205.516 60.8132 3.87377 3.61204 80.8314 1344.51
215.402 61.6061 3.81881 3.71117 59.5275 899.273
222.911 61.4593 3.81054 3.53576 53.8711 637.746
224.22 61.4862 3.79047 3.63919 61.4183 617.64
226.918 61.1512 3.79965 3.62239 68.785 561.023
198.736 59.2533 3.86779 3.76126 76.2635 1701.21
200.175 59.1767 3.88231 3.7947 77.6527 1619
201.907 59.5938 3.88162 3.79277 129.384 1522.41
202.905 59.7733 3.88378 3.82425 147.601 1467.98
204.792 59.8542 3.89802 3.85398 105.979 1363.94
210.276 60.4814 3.88753 3.63904 87.2207 1084.27
219.809 60.7718 3.75565 3.75491 54.0394 662.235
221.424 60.3024 3.78252 3.70227 49.2137 565.626
223.909 60.7704 3.8192 3.60245 64.3214 546.678
190.452 56.6011 3.86652 3.71237 49.8209 2225.85
202.009 59.0314 3.88244 3.79331 101.086 1513.63
203.561 59.1953 3.88764 3.82203 75.0989 1425.72
204.771 59.3922 3.89174 3.84182 93.5178 1358.85
206.768 59.6524 3.89667 3.86491 126.573 1250.72
222.262 59.6304 3.84474 3.78717 61.0236 477.67
223.04 60.1218 3.76133 3.69137 88.1985 500.194
227.183 60.2114 3.81687 3.61425 83.4812 456.651
212.566 65.1171 3.79916 3.53694 31.9554 1266.79
203.344 58.6774 3.88926 3.80996 150.119 1435.61
204.113 58.2637 3.89281 3.8047 140.055 1390.16
204.991 58.6484 3.88948 3.83226 116.605 1339.98
206.355 58.9287 3.89752 3.86837 102.584 1263.52
207.606 58.6097 3.9027 3.87686 146.717 1188.17
202.426 57.5673 3.8957 3.7575 123.682 1492.91
203.613 57.6397 3.90149 3.78218 133.082 1421.58
205.548 57.5665 3.90583 3.80489 106.601 1306.37
197.939 55.703 3.90313 3.75376 99.7028 1797.18
200.447 56.2848 3.91619 3.74792 81.726 1630.68
212.138 64.8735 3.80153 3.5134 19.7937 1262.1
210.428 68.6408 3.81566 3.60034 38.2163 1623.34
211.063 63.7323 3.81448 3.61534 49.3853 1219.65
211.14 63.4057 3.80342 3.56254 52.5723 1195.1
217.908 60.4896 3.85355 3.89529 79.8057 715.898
217.507 60.403 3.87492 3.74854 55.2139 727.41
218.338 61.0595 3.77383 3.65028 32.4165 740.567
216.296 60.3923 3.87765 3.61418 68.3327 781.489
216.716 60.1205 3.86197 3.54631 55.2093 745.599
216.679 60.2805 3.88146 3.536 76.6699 756.975
218.244 60.7315 3.82901 3.99315 46.2333 719.345
217.659 60.602 3.87149 3.86503 78.0832 734.421
216.749 60.4427 3.89245 3.58339 68.5403 763.872
217.639 60.9231 3.86753 3.86848 66.7884 758.157
218.995 60.8241 3.79762 3.7963 36.9515 696.801
216.976 61.3836 3.80126 3.71799 41.6523 818.804
218.049 60.1785 3.87884 3.62568 66.4927 688.387
217.533 61.187 3.85859 3.76811 55.6653 781.931
218.652 60.2994 3.88386 3.70778 29.5208 670.805
219.217 60.1294 3.89161 3.6746 55.5941 634.728
216.546 61.2275 3.84335 3.81187 27.4897 825.205
