# evlo=209.930862 evla=62.762196
194.627 64.5646 3.27944 2.61936 98.3283 781.88
225.144 58.5792 4.29157 4.88709 117.587 950.041
204.378 55.8218 4.23549 3.83967 56.3325 834.687
200.411 54.831 3.9592 3.59572 80.0145 1038.51
209.796 67.2269 3.1603 2.34463 73.2745 497.82
196.582 54.8564 3.75824 3.3555 47.1794 1166.19
214.766 66.5657 3.62447 2.57407 59.3954 482.538
188.296 63.7758 3.44752 2.84808 114.005 1086.73
203.121 64.7461 2.79509 2.07729 65.6532 402.057
225.615 58.2758 4.29384 4.77924 130.768 992.228
197.4 66.8951 3.19691 2.55494 35.8166 750.248
191.145 52.9721 3.7157 3.40475 88.0483 1548.57
197.092 68.0541 3.23068 2.54869 74.8481 835.922
189.752 57.1766 3.46528 3.24938 140.763 1279.67
192.073 65.5598 3.30106 2.73183 63.9048 919.251
193.495 53.8452 3.7109 3.37215 107.177 1376.15
207.417 57.7828 4.6202 4.31955 257.265 571.86
203.383 71.3221 3.41559 2.75879 63.6515 994.899
234.753 71.9871 3.64419 3.31055 71.3999 1461.27
198.198 69.3641 3.29303 2.59084 48.9925 904.666
205.387 69.6211 3.91525 2.51566 22.9683 791.234
198.806 68.6483 3.25031 2.50975 52.1239 829.179
209.387 69.836 3.43135 2.64947 38.3779 789.175
211.299 69.72 3.4362 2.69516 52.2901 778.252
215.088 69.9175 3.58698 2.82422 35.1345 829.958
216.289 69.626 3.64087 2.91148 62.1266 816.204
235.93 69.3475 3.77337 3.48068 106.017 1372
201.885 68.4946 3.24466 2.48827 75.9389 737.516
203.387 68.7132 3.23804 2.47209 35.8036 727.36
211.177 69.1532 3.38782 2.59757 59.6734 714.847
213.625 69.322 3.50431 2.63928 45.0341 750.051
219.035 69.243 3.7492 2.89153 45.2707 830.562
221.263 69.3286 3.84101 3.06849 59.0395 891.371
199.397 67.4213 3.14587 2.42012 32.6058 715.892
202.768 67.4572 3.12502 2.33798 47.1074 621.436
210.384 68.0584 3.28057 2.48054 47.4096 590.888
211.513 68.0748 3.31339 2.44141 56.1023 596.836
214.432 68.1207 3.5613 2.69673 51.0675 632.51
218.405 68.1861 3.79606 2.89001 62.014 719.663
220.465 68.6043 3.85441 2.99313 65.7827 809.366
222.103 68.3889 3.37032 3.09364 74.1191 839.258
223.281 66.3701 3.60525 3.31086 115.478 753.618
193.671 65.4742 3.28217 2.66075 49.532 845.016
195.352 65.7077 3.21194 2.5971 44.0959 777.501
198.75 66.442 3.13701 2.52351 50.3556 672.834
204.275 67.0486 3.04181 2.25632 49.8318 547.305
206.517 67.2221 3.03209 2.2576 58.7942 522.498
207.821 67.5076 3.14558 2.27411 41.0026 538.194
212.113 67.5187 3.33032 2.40738 34.9722 540.034
214.357 67.5933 3.56303 2.6613 88.7905 576.851
215.855 67.6946 3.6347 2.73384 64.336 615.164
220.128 67.6136 3.27396 2.95679 56.7908 719.875
224.214 67.6106 3.55671 3.24765 105.259 856.737
226.258 67.441 3.66954 3.34227 101.076 923.447
195.961 64.9941 3.23602 2.58154 50.5971 728.38
199.349 65.5011 3.04155 2.38336 44.9335 597.936
201.346 65.895 2.96812 2.32671 59.0285 541.71
202.913 66.1434 2.95533 2.23601 36.4801 505.604
206.494 66.5156 2.90837 2.1576 70.7492 449.397
208.493 66.9214 3.09251 2.20682 40.8637 468.673
209.976 66.7108 3.1163 2.23802 65.7314 440.229
212.525 66.7004 3.36014 2.41149 46.0921 456.028
213.899 66.7653 3.4924 2.54802 61.0017 484.377
216.215 66.9498 3.74528 2.70804 69.6212 553.32
218.345 66.8088 3.17834 2.89824 75.1078 602.027
221.978 66.9116 3.46401 3.21929 100.728 733.4
223.778 66.9808 3.58141 3.2967 145.954 804.683
225.729 66.9227 3.68215 3.3518 88.3189 877.879
197.761 64.6379 3.16413 2.49042 63.7001 635.956
200.087 64.937 3.88087 2.3221 34.883 540.764
201.637 65.1527 2.93739 2.21599 57.1823 485.459
203.551 65.5276 2.86088 2.08698 53.4829 437.22
214.18 66.267 3.66922 2.37309 29.9634 440.6
214.181 66.267 3.52408 2.45963 50.0245 440.623
218.473 66.2305 3.21175 2.88356 71.9579 563.113
221.631 66.2191 3.51549 3.29056 90.3527 680.166
225.657 65.8052 3.82545 3.4744 80.9648 830.929
199.305 63.8864 3.09878 2.36669 51.5072 546.308
216.846 65.3064 3.10481 2.79071 90.9014 440.776
218.385 65.6035 3.26451 2.95508 83.7949 518.158
220.064 65.4483 3.4791 3.18132 132.14 576.685
221.694 65.3609 3.67094 3.31854 102.616 641.909
223.623 65.2225 3.83367 3.48847 112.706 722.287
196.446 62.7492 3.38353 2.57997 80.9775 687.764
199.398 63.2842 3.19705 2.31029 53.7213 535.859
200.922 63.3965 3.08918 2.16796 49.2807 460.31
221.784 64.453 3.86041 3.60223 76.8714 616.517
221.784 64.4525 3.89298 3.53502 81.7376 616.477
223.67 64.5753 3.93988 3.57981 91.133 707.983
195.344 61.9331 3.48484 2.77991 94.7355 759.538
198.469 62.2938 3.37956 2.56865 78.3604 591.665
201.699 62.7161 3.18286 2.24315 57.7467 420.615
217.924 64.0292 3.63036 3.32581 147.027 423.435
222.48 63.8433 4.1542 3.81444 135.069 639.631
197.317 61.3416 3.52888 2.7268 131.43 677.34
198.513 61.678 3.46663 2.6333 120.438 605.26
200.525 61.7105 3.42059 2.49256 126.037 502.367
201.703 62.1344 3.28407 2.28308 89.1183 430.203
218.173 63.0618 4.29498 4.14399 195.887 419.921
221.871 63.109 4.38492 3.96833 85.794 606.724
193.799 60.3849 3.63628 2.90675 98.7241 894.333
196.65 60.4135 3.6668 2.84287 108.386 750.61
198.04 60.7515 3.62686 2.767 92.4635 665.628
199.312 60.6947 3.6556 2.76047 130.462 605.922
201.041 61.0224 3.60776 2.62226 176.91 505.558
202.562 61.4009 3.50866 2.41855 108.591 413.575
218.122 62.3579 5.19603 4.65313 172.759 423.413
221.538 62.4435 3.67736 4.19717 124.377 596.367
223.206 62.5763 3.65888 4.03262 94.024 679.424
225.609 62.2024 3.76648 4.06169 119.804 808.897
198.315 59.9237 3.79501 2.88887 130.472 696.207
199.908 60.1686 3.81185 2.82626 125.307 606.609
201.231 60.4742 3.78488 2.75853 154.93 526.692
202.813 60.5269 3.90318 2.66588 136.741 451.719
222.911 61.4593 3.92662 4.57245 146.905 691.799
224.22 61.4862 3.90566 4.49577 226.045 757.474
226.918 61.1512 3.9164 4.34851 179.18 906.442
198.736 59.2533 3.27691 3.00134 143.1 719.347
200.175 59.1767 3.31361 3.04085 92.2855 661.272
201.907 59.5938 3.25527 2.95816 175.955 557.037
202.905 59.7733 3.22644 2.91617 170.104 502.507
204.792 59.8542 3.32777 3.02149 131.311 424.981
223.909 60.7704 4.01492 4.60253 206.814 768.943
190.452 56.6011 3.50939 3.24826 30.9583 1286.62
202.009 59.0314 3.43559 3.0938 106.323 597.322
203.561 59.1953 3.50471 3.14102 120.091 525.762
204.771 59.3922 3.56842 3.1999 153.81 467.232
223.04 60.1218 4.16925 4.82846 151.569 757.085
226.285 59.5898 4.08472 4.54495 144.8 945.078
227.183 60.2114 3.99943 4.37399 207.629 958.707
203.344 58.6774 3.68213 3.29226 140.407 579.413
204.113 58.2637 3.87211 3.44037 88.6461 593.92
204.991 58.6484 3.9242 3.48579 108.44 531.508
206.355 58.9287 4.1112 3.68372 174.076 469.138
207.606 58.6097 4.58189 4.0472 142.249 479.732
227.731 58.9601 4.1008 4.50823 103.435 1051.57
202.426 57.5673 3.78647 3.37641 69.0828 712.209
203.613 57.6397 3.88812 3.4454 61.7239 669.02
205.548 57.5665 4.18916 3.83605 104.242 627.61
225.482 58.2747 4.31244 4.76492 68.6982 986.046
229.033 59.3946 4.01267 4.31241 121.3 1092.22
197.939 55.703 3.73501 3.38147 79.2363 1039.31
200.447 56.2848 3.81645 3.45603 84.6583 897.448
225.424 57.4688 4.35213 4.73628 66.7315 1039.83
228.869 57.9128 4.15117 4.54479 98.0756 1171.22
229.75 56.9811 4.16319 4.46058 75.7122 1275.88
210.428 68.6408 3.3224 2.56501 87.0427 655.87
229.974 55.9154 4.20876 4.40662 35.9757 1363.21
218.842 64.7774 3.50072 3.10506 153.657 493.1
