# evlo=218.6745 evla=60.1912
210.406 60.5508 3.75083 3.57293 27.3743 457.663
210.59 60.0084 3.70773 3.44155 44.9942 449.907
210.402 60.8738 3.75011 3.50618 23.8533 460.153
210.519 60.6717 3.75584 3.57798 29.836 452.02
209.518 60.7352 3.72603 3.58475 30.3842 507.001
208.723 60.6622 3.76225 3.54562 20.5078 550.099
209.968 60.4881 3.74984 3.39104 15.5182 481.595
208.919 60.4641 3.76631 3.42389 20.9517 539.353
210.813 60.8045 3.779 3.56228 38.4557 437.17
209.518 60.7351 3.72587 3.58459 30.3842 506.978
