# evlo=210.418304 evla=68.078903
217.908 60.4896 3.81011 3.59124 20.3363 919.016
218.338 61.0595 3.76475 3.49599 15.5929 868.184
218.244 60.7315 3.77833 3.54078 27.1904 900.235
217.659 60.6024 3.82565 3.64364 28.599 902.574
216.749 60.4427 3.79141 3.47692 38.7477 903.795
217.639 60.9231 3.78579 3.59687 18.1232 868.607
217.277 60.2474 3.77847 3.63851 15.6036 933.283
216.976 61.3836 3.80667 3.5817 17.8579 808.158
216.031 60.2361 3.80604 3.33942 16.7976 915.056
217.533 61.1871 3.79715 3.68777 25.1604 839.033
219.217 60.1294 3.80973 3.5509 23.8576 982.334
216.546 61.2275 3.78954 3.49662 16.9796 817.094
234.769 58.8471 3.85752 3.51568 46.7424 1573.04
232.224 60.0057 3.84172 3.54513 26.1247 1381.46
229.393 60.087 4.22257 4.01255 18.7587 1274.9
225.753 60.434 3.79773 3.71595 49.9152 1124.72
237.286 58.0965 3.86971 3.49365 19.5481 1730.66
237.012 57.7103 3.86233 3.50004 44.5526 1754.12
198.722 65.4015 3.80349 3.38024 75.5282 594.477
194.662 64.5695 3.81555 3.50958 60.5476 804.259
204.534 64.74 3.71142 3.46187 34.3189 455.369
217.908 60.4896 3.81011 3.59124 20.3363 919.016
218.338 61.0595 3.76476 3.496 15.5929 868.186
218.244 60.7315 3.77833 3.54078 27.1904 900.235
217.659 60.602 3.82579 3.64377 28.599 902.607
216.749 60.4427 3.79141 3.47692 38.7477 903.795
217.639 60.9231 3.78578 3.59686 18.1232 868.603
217.277 60.2474 3.77847 3.63851 15.6036 933.283
216.976 61.3836 3.80667 3.5817 17.8579 808.158
216.031 60.2361 3.80604 3.33942 16.7976 915.056
217.533 61.187 3.79721 3.68783 25.1604 839.047
219.217 60.1294 3.80973 3.5509 23.8576 982.334
216.546 61.2275 3.78954 3.49662 16.9796 817.094
210.574 60.776 3.81139 3.48738 18.5586 814.183
209.971 61.6954 3.79584 3.83799 32.873 712.009
