# evlo=210.440201 evla=64.870003
194.627 64.5646 3.78929 3.74855 214.616 752.68
217.908 60.4896 3.78245 3.48697 69.8663 619.428
217.654 61.036 3.74242 3.56354 93.234 562.048
217.507 60.403 3.80344 3.37033 47.5186 615.113
218.338 61.0595 3.73714 3.61331 87.5744 583.084
220.363 59.9534 3.78127 3.50857 47.4652 748.927
216.3 60.3932 3.76905 3.47939 87.2424 582.006
225.144 58.5792 3.79115 3.7517 35.0955 1042.29
216.716 60.1205 3.76405 3.51068 78.0672 619.714
215.395 60.9677 3.74905 3.32173 78.1631 502.226
209.094 59.7511 3.82241 3.37866 112.243 574.727
209.259 59.7417 3.81312 3.40794 123.615 574.801
208.846 60.7683 3.82042 3.44839 80.5385 464.3
204.378 55.8218 3.82583 3.3774 59.9901 1061.09
200.411 54.831 3.81076 3.61101 80.3145 1248.32
208.763 59.5251 3.82485 3.35287 85.2917 601.993
216.907 60.7523 3.80133 3.39315 47.589 564.581
218.66 60.9649 3.77078 3.59681 85.3068 602.362
217.513 60.0823 3.76284 3.39412 59.1418 645.555
214.225 61.1292 3.80617 3.47289 106.026 458.761
214.25 60.5487 3.8222 3.52103 136.522 519.381
215.271 60.5805 3.79271 3.386 41.3029 537.813
216.679 60.2805 3.78148 3.54831 99.4874 603.132
218.244 60.7315 3.76941 3.50547 51.309 608.475
217.659 60.6024 3.75824 3.37293 63.7898 601.311
216.749 60.4427 3.77747 3.47954 91.2812 589.392
217.639 60.9231 3.74282 3.42782 93.1625 571.628
218.995 60.824 3.76616 3.61551 96.9411 626.105
216.976 61.3836 3.76401 3.48763 82.2827 509.147
216.031 60.2361 3.75962 3.43136 81.9328 590.646
217.533 61.1871 3.76159 3.49224 88.9329 544.74
218.652 60.2994 3.75916 3.48252 53.4317 660.47
219.217 60.1294 3.76126 3.50425 84.2511 694.302
216.221 60.072 3.74356 3.44418 72.5726 611.724
218.856 60.4399 3.76456 3.61153 64.2346 654.646
216.546 61.2275 3.75533 3.52217 120.194 509.659
198.929 70.2043 3.8491 3.53404 49.2206 768.849
203.383 71.3221 3.87881 3.45194 63.4881 776.147
234.753 71.9871 3.84281 3.54651 104.471 1260
198.198 69.3641 3.75688 3.3863 36.0667 728.087
202.84 70.0079 3.80178 3.3519 47.3741 657.935
206.58 70.34 3.84756 3.53271 79.1722 631.46
194.656 68.2746 3.87121 3.5802 47.3391 793.649
196.822 68.4753 3.84294 3.68829 32.1604 721.49
198.806 68.6483 3.74627 3.47948 31.0072 661.664
200.413 69.1049 3.7833 3.54138 44.8607 642.353
205.217 69.1565 3.9028 3.49583 63.771 529.075
209.387 69.836 3.78437 3.31004 69.908 555.664
211.299 69.72 3.80201 3.47011 71.0745 542.149
215.088 69.9175 3.83374 3.52718 163.144 596.808
216.289 69.626 3.80009 3.50025 106.716 586.845
235.93 69.3475 3.91919 3.65832 90.3304 1202.67
196.917 67.6988 3.84866 3.52947 47.847 682.273
201.885 68.4946 3.78745 3.58834 49.3826 552.502
203.387 68.7132 3.75392 3.53411 72.8466 528.437
207.318 68.8799 3.82683 3.5024 66.6749 467.519
209.319 68.9656 3.79222 3.47135 77.5762 459.35
211.177 69.1532 3.80137 3.29875 91.0459 478.738
213.625 69.322 3.82081 3.53813 166.763 515.248
219.035 69.243 3.86584 3.65337 91.4098 613.448
221.263 69.3286 3.86856 3.6513 66.1574 682.47
198.174 67.082 3.88599 3.73161 59.4673 608.282
199.397 67.4213 3.85467 3.626 58.1586 572.856
202.768 67.4572 3.88844 3.6422 26.8529 450.039
203.811 68.2575 3.72475 3.46735 59.5264 478.345
206.028 68.4414 3.88477 3.65863 64.9578 443.27
214.432 68.1207 3.80796 3.70683 132.6 403.532
218.405 68.1861 3.83432 3.68558 112.287 511.275
220.465 68.6043 3.83714 3.64954 95.7769 605.951
222.103 68.3889 3.8304 3.62928 106.884 646.933
223.281 66.3701 3.89625 3.6065 170.121 613.634
193.671 65.4742 3.84208 3.66044 71.8629 786.516
195.352 65.7077 3.85656 3.65031 94.856 708.521
198.75 66.442 3.91472 3.52713 63.1931 564.788
200.349 66.6001 3.92232 3.62819 48.4449 500.825
202.227 66.8332 3.85104 3.45877 63.0328 433.799
220.128 67.6136 3.84807 3.67286 126.281 531.481
224.214 67.6106 3.88506 3.6228 91.7604 688.778
226.258 67.441 3.90688 3.64848 154.938 766.578
218.547 60.1369 3.73318 4.24911 40.1597 671.84
217.908 60.4896 3.78245 3.48697 69.8663 619.428
217.507 60.403 3.80344 3.37033 47.5186 615.113
218.338 61.0595 3.73716 3.61333 87.5744 583.088
216.296 60.3923 3.76904 3.47938 87.2424 582.004
216.716 60.1205 3.76405 3.51068 78.0672 619.714
215.271 60.5805 3.79271 3.386 41.3029 537.813
216.679 60.2805 3.78148 3.54831 99.4874 603.132
218.244 60.7315 3.76941 3.50547 51.309 608.475
217.659 60.602 3.75838 3.37305 63.7898 601.333
216.749 60.4427 3.77747 3.47954 91.2812 589.392
217.639 60.9231 3.74278 3.42778 93.1625 571.622
218.995 60.8241 3.76611 3.61546 96.9411 626.096
216.976 61.3836 3.76401 3.48763 82.2827 509.147
216.031 60.2361 3.75962 3.43136 81.9328 590.646
217.533 61.187 3.7617 3.49234 88.9329 544.755
218.652 60.2994 3.75916 3.48252 53.4317 660.47
219.217 60.1294 3.76126 3.50425 84.2511 694.302
216.221 60.072 3.74356 3.44418 72.5726 611.724
218.856 60.4399 3.76456 3.61153 64.2346 654.646
216.546 61.2275 3.75533 3.52217 120.194 509.659
209.518 60.7352 3.81276 3.47272 51.8475 463.242
209.518 60.7351 3.81284 3.47279 51.8475 463.251
