# evlo=217.639297 evla=60.9231
194.627 64.5646 3.78446 3.33403 44.8027 1236.15
225.144 58.5792 3.9075 3.41321 119.765 495.744
209.013 64.0997 3.74845 3.23895 102.502 567.411
209.094 59.7511 3.82176 3.50593 228.044 489.316
209.259 59.7417 3.83048 3.5147 214.772 480.912
210.701 64.1732 3.74494 3.28037 104.792 508.071
208.846 60.7683 3.75355 3.45232 143.485 478.036
207.916 63.4188 3.88142 3.30791 111.821 577.144
212.195 64.6453 3.74132 3.50872 124.108 498.977
204.378 55.8218 3.83411 3.4935 81.3792 958.964
200.411 54.831 3.81883 3.49133 71.5831 1221.19
207.685 63.8827 3.83066 3.17302 61.5704 610.318
208.763 59.5251 3.8384 3.51257 210.887 515.558
209.796 67.2269 3.77562 3.44437 89.3915 798.823
209.738 62.4058 3.82943 3.31907 138.735 449.656
196.582 54.8564 3.83463 3.45811 33.4466 1411.16
209.784 61.1426 3.75503 3.43806 235.504 425.06
214.766 66.5657 3.78329 3.62738 83.2155 644.63
188.296 63.7758 3.79311 3.39694 58.6502 1538.15
203.121 64.7461 3.78796 3.27925 66.2946 850.952
213.052 64.4091 3.72627 3.4045 136.873 453.879
208.348 59.6572 3.82075 3.48809 207.622 532.372
225.615 58.2758 3.90246 3.46024 99.6164 537.836
197.4 66.8951 3.78229 3.61981 28.3117 1187.46
209.077 63.5527 3.87141 3.2516 65.7692 532.313
211.063 63.7318 3.7304 3.1229 102.644 462.41
211.768 64.9602 3.75968 3.51629 152.414 539.28
209.256 65.0304 3.74783 3.48878 110.693 623.79
210.931 64.5928 3.76428 3.44875 135.669 533.082
214.475 65.5174 3.79687 3.47296 86.8472 536.086
207.811 62.8962 3.85296 3.29608 149.041 560.663
210.261 61.0889 3.74534 3.475 267.903 399.361
197.092 68.0541 3.81781 3.53239 89.4266 1257.59
211.14 63.4056 3.80551 3.20579 124.337 437.006
205.816 56.5593 3.84495 3.54827 143.033 837.699
208.468 61.98 3.773 3.33036 221.178 502.672
209.777 60.5117 3.76711 3.50573 270.227 431.365
189.752 57.1766 3.81382 3.54753 108.695 1640.15
209.253 61.4636 3.74171 3.35361 174.148 454.664
210.547 60.1043 3.79874 3.59107 259.49 399.9
192.073 65.5598 3.8134 3.43639 37.142 1372.79
209.711 63.4502 3.86215 3.25748 80.4467 499.27
193.495 53.8452 3.82061 3.47374 100.477 1638.77
211.152 62.8331 3.86255 3.38626 139.921 401.927
211.908 64.4716 3.75378 3.53197 129.2 492.057
231.887 52.1847 3.8599 3.71892 32.0386 1303.84
226.475 68.3065 3.87921 3.4506 67.0806 923.305
207.417 57.7828 3.79076 3.44711 216.137 677.564
212.138 64.8736 3.72456 3.46814 174.861 521.238
203.383 71.3221 3.80194 3.49362 76.1276 1318.8
234.753 71.9871 3.90952 3.58047 104.265 1438.96
198.198 69.3641 3.78094 3.46124 49.1312 1299.54
194.656 68.2746 3.82954 3.52945 55.4946 1358.64
196.822 68.4753 3.81521 3.48462 63.935 1290.65
200.413 69.1049 3.7759 3.4389 62.5854 1212.94
205.217 69.1565 3.79949 3.42141 55.0502 1084.08
211.299 69.72 3.78387 3.56673 86.8021 1023.05
215.088 69.9175 3.80256 3.42123 39.3593 1009.61
216.289 69.626 3.79373 3.49589 61.0448 972.32
235.93 69.3475 3.90223 3.5846 152.603 1262.64
196.917 67.6988 3.81018 3.58313 68.2287 1245.31
201.885 68.4946 3.77561 3.43932 51.0751 1123.5
203.387 68.7132 3.77984 3.47058 67.7403 1095.6
209.319 68.9656 3.80609 3.48912 53.5905 977.105
213.625 69.322 3.75427 3.35159 51.4936 954.701
219.035 69.243 3.82666 3.54813 53.1688 929.866
221.263 69.3286 3.86991 3.55935 63.1059 952.066
198.174 67.082 3.78708 3.59447 47.1859 1166
199.397 67.4213 3.79422 3.51489 68.3019 1137.88
202.768 67.4572 3.7898 3.45487 51.7499 1021.13
203.811 68.2575 3.77178 3.4147 60.3968 1047.36
208.187 68.1343 3.7825 3.47563 63.032 920.854
214.432 68.1207 3.78358 3.47266 44.2062 816.79
218.405 68.1861 3.80446 3.48794 50.3443 810.531
220.465 68.6043 3.85132 3.58976 77.9824 866.628
222.103 68.3889 3.86748 3.65383 66.2266 858.678
223.281 66.3701 3.81237 3.54292 194.375 667.819
193.671 65.4742 3.79451 3.4212 33.5862 1298.4
195.352 65.7077 3.81872 3.41894 33.5087 1229.1
198.75 66.442 3.79513 3.40971 46.4566 1112.2
200.349 66.6001 3.7933 3.48793 41.0579 1056.49
202.227 66.8332 3.78468 3.60229 65.7965 999.056
204.275 67.0486 3.78185 3.53584 57.1131 941.94
206.517 67.2221 3.76601 3.39323 80.2262 884.831
207.821 67.5076 3.77299 3.39787 79.9816 873.019
212.113 67.5187 3.75374 3.60269 57.6219 781.958
214.357 67.5933 3.78159 3.52412 57.1496 760.167
215.855 67.6946 3.76185 3.47725 70.9283 759.74
220.128 67.6136 3.84337 3.60326 41.8087 755.399
224.214 67.6106 3.84703 3.46443 60.5048 809.714
226.258 67.441 3.84602 3.53739 117.237 837.033
195.961 64.9941 3.80961 3.34444 48.442 1182.45
197.645 65.3936 3.79935 3.40913 35.4964 1117.57
199.349 65.5011 3.78227 3.40704 44.3516 1046.68
201.346 65.895 3.79046 3.45609 38.3962 980.244
202.913 66.1434 3.77454 3.49154 55.0065 931.699
206.494 66.5156 3.785 3.51732 102.693 829.494
208.493 66.9214 3.74517 3.4152 60.1177 803.554
209.976 66.7108 3.7781 3.36339 81.243 746.262
212.525 66.7004 3.78067 3.51317 80.953 691.002
213.899 66.7653 3.78884 3.61498 44.1385 676.464
216.215 66.9498 3.75173 3.38004 67.5438 675.406
218.345 66.8088 3.80501 3.44632 48.9004 657.013
221.978 66.9116 3.84391 3.50796 48.7696 700.29
223.778 66.9808 3.86021 3.52275 110.851 738.476
225.729 66.9227 3.80726 3.55155 154.056 776.343
197.761 64.6379 3.78313 3.31205 49.3206 1090.3
200.087 64.937 3.77785 3.34022 62.3972 992.983
201.637 65.1527 3.78971 3.33501 42.5381 933.262
203.551 65.5276 3.80266 3.61117 47.1537 871.66
205.119 65.4924 3.7933 3.53724 67.0468 807.624
207.195 65.6571 3.75195 3.53023 99.3432 741.883
208.623 65.8937 3.76344 3.47647 90.8363 712.706
210.457 65.8251 3.7787 3.44362 85.8759 653.072
212.122 65.8371 3.77743 3.43867 94.5032 612.798
214.18 66.267 3.81663 3.90911 26.1956 619.706
214.181 66.267 3.75213 3.48914 41.3543 619.692
218.473 66.2305 3.81293 3.48214 53.356 593.053
221.631 66.2191 3.85629 3.52381 84.4927 622.46
225.657 65.8052 3.77178 3.53254 116.659 675.027
213.052 64.4091 3.72627 3.4045 136.873 453.879
199.305 63.8864 3.82151 3.3688 32.3244 999.605
205.522 64.7962 3.77298 3.43532 53.8423 751.066
208.018 65.18 3.7557 3.5394 120.118 678.368
210.64 65.1479 3.73359 3.39118 115.639 588.566
216.846 65.3064 3.76096 3.29491 66.7607 490.204
218.385 65.6035 3.82255 3.46918 64.3204 523.034
220.064 65.4483 3.82862 3.54561 125.889 518.872
221.694 65.3609 3.78274 3.47046 151.661 534.978
223.623 65.2225 3.73821 3.40877 124.918 566.157
196.446 62.7492 3.80583 3.45079 106.886 1129.44
199.398 63.2842 3.81835 3.43498 75.1498 984.452
200.922 63.3965 3.83209 3.38486 49.2894 910.848
203.285 63.465 3.8464 3.40742 60.7249 797.155
205.853 64.1767 3.80217 3.26619 59.0411 704.989
214.63 64.613 3.7615 3.51173 110.558 438.924
216.201 64.5654 3.60343 3.63418 18.3364 412.537
216.436 64.5012 3.73867 3.30498 90.306 403.507
221.784 64.453 3.76196 3.44917 98.8478 446.829
221.784 64.4525 3.71274 3.40276 83.1439 446.766
223.67 64.5753 3.73097 3.416 135.383 510.116
195.344 61.9331 3.80192 3.48995 103.745 1189.41
198.469 62.2938 3.7882 3.44084 94.1569 1024.84
201.699 62.7161 3.80917 3.4124 99.9034 861.201
205.93 63.3569 3.84794 3.36775 85.8343 667.001
222.48 63.8433 3.72543 3.41714 227.783 410.435
197.317 61.3416 3.77752 3.46316 138.092 1091.57
198.513 61.678 3.77967 3.45226 98.8457 1024.79
200.525 61.7105 3.76685 3.43869 124.296 918.255
201.703 62.1344 3.77883 3.39809 143.759 856.328
203.311 62.2195 3.78208 3.37723 123.324 773.183
205.146 62.1816 3.77374 3.35 138.011 677.729
206.12 62.4787 3.79194 3.31725 147.837 632.694
193.799 60.3849 3.76706 3.46948 97.6012 1298.12
196.65 60.4135 3.76964 3.47047 141.925 1143.99
198.04 60.7515 3.76642 3.44567 154.139 1062.09
199.312 60.6947 3.76151 3.46388 127.03 994.69
201.041 61.0224 3.75427 3.41786 152.229 896.539
202.562 61.4009 3.76726 3.39687 195.333 811.534
204.176 61.4907 3.76427 3.41457 154.758 725.184
205.609 61.9037 3.76073 3.34051 172.584 650.722
206.868 61.8823 3.76226 3.27557 332.711 584.533
209.88 61.7531 3.74793 3.35927 284.526 425.288
225.609 62.2024 3.83024 3.37021 208.731 446.595
198.315 59.9237 3.77123 3.46888 156.292 1066.37
199.908 60.1686 3.75963 3.47337 140.566 973.683
201.231 60.4742 3.75524 3.45985 166.403 895.252
202.813 60.5269 3.75996 3.43504 135.644 808.593
204.11 60.6801 3.75517 3.43663 196.292 735.768
205.516 60.8132 3.74377 3.44033 234.554 657.842
207.791 61.2001 3.74305 3.33192 166.199 532.217
226.918 61.1512 3.76036 3.46089 208.124 501.693
198.736 59.2533 3.78091 3.48681 158.215 1064.4
200.175 59.1767 3.80001 3.48933 117.129 989.133
201.907 59.5938 3.78702 3.45782 208.351 881.287
202.905 59.7733 3.77832 3.45833 153.666 821.71
204.792 59.8542 3.79155 3.47965 155.896 717.183
205.68 60.1952 3.76985 3.43401 153.061 660.093
207.376 60.0815 3.77253 3.42774 169.215 571.115
210.276 60.4814 3.76089 3.50379 194.501 404.92
190.452 56.6011 3.82172 3.57243 56.1013 1631.77
202.009 59.0314 3.80978 3.43339 179.98 895.475
203.561 59.1953 3.81625 3.49675 151.379 805.739
204.771 59.3922 3.82101 3.51168 219.724 733.406
206.768 59.6524 3.80342 3.4441 260.737 616.994
226.285 59.5898 3.75786 3.43256 155.219 500.795
227.183 60.2114 3.74345 3.45672 263.168 528.859
212.566 65.1171 3.7389 3.45044 160.644 533.019
203.344 58.6774 3.8419 3.48005 103.277 838.587
204.113 58.2637 3.85697 3.43762 111.111 817.564
204.991 58.6484 3.86677 3.45949 106.247 752.717
206.355 58.9287 3.85091 3.46438 168.068 668.006
207.606 58.6097 3.84779 3.41996 132.389 619.094
227.731 58.9601 3.79393 3.50775 156.855 604.249
202.426 57.5673 3.82881 3.43641 86.5117 942.429
203.613 57.6397 3.82327 3.37173 49.4999 876.99
205.548 57.5665 3.79487 3.41086 61.7622 783.18
224.26 58.4133 3.93009 3.49935 56.9311 465.919
225.482 58.2747 3.92211 3.46618 45.6376 531.647
229.033 59.3946 3.75615 3.51682 184.579 654.278
197.939 55.703 3.80677 3.46004 68.8124 1286.01
200.447 56.2848 3.80319 3.45691 74.8211 1120.48
223.768 57.9616 3.8914 3.37727 70.2924 478.969
225.424 57.4688 3.89103 3.46087 49.9737 587.528
228.869 57.9128 3.82243 3.44123 74.2653 719.104
227.048 56.8144 3.8805 3.52526 16.8478 708.839
229.75 56.9811 3.83283 3.45954 69.2789 821.951
212.138 64.8735 3.73059 3.5047 118.537 521.235
210.428 68.6408 3.7961 3.56479 83.6693 924.808
226.879 56.1146 3.86753 3.86848 66.7884 758.157
229.974 55.9154 3.90099 3.42151 24.0043 909.035
228.385 55.3279 3.83128 3.79838 49.6756 886.379
218.842 64.7774 3.83501 3.52921 121.311 433.92
227.653 56.4191 3.87061 3.5913 68.115 766.225
209.768 62.6893 3.81769 3.30896 90.8314 458.955
211.063 63.7323 3.73052 3.123 102.644 462.425
211.14 63.4057 3.80552 3.2058 124.337 437.007
210.176 67.8516 3.776 3.51745 23.5637 850.833
209.736 66.2066 3.7363 3.44826 27.4452 706.714
210.418 68.0789 3.78578 3.59686 18.1232 868.603
211.301 69.7162 3.75616 3.58168 31.3668 1022.62
209.329 66.7192 3.76451 3.44125 20.6507 763.402
198.722 65.4015 3.76515 3.26734 36.1407 1070.26
211.489 65.5114 3.77192 3.46607 45.5787 597.105
194.662 64.5695 3.75711 3.46202 20.1905 1234.58
211.554 70.2036 3.77673 3.50033 17.5861 1070.96
210.41 68.6274 3.78659 3.65332 26.7071 923.758
209.89 67.3812 3.79239 3.49066 34.2617 811.348
210.457 65.825 3.72417 3.43778 27.6286 653.054
210.84 64.6544 3.76829 3.59046 45.7216 541.047
210.867 64.709 3.7673 3.54373 69.9855 544.659
210.853 64.7716 3.77374 3.49757 47.7898 550.276
210.847 64.8338 3.76336 3.42849 47.8868 555.656
210.819 64.8857 3.76224 3.3827 66.1133 560.893
210.44 64.87 3.74278 3.42778 93.1625 571.622
210.174 64.8537 3.73992 3.52179 89.5684 579.007
210.069 64.7653 3.74454 3.50555 115.982 575.541
210.917 64.5498 3.76746 3.50669 83.562 530.037
210.782 64.5716 3.76411 3.5183 60.7114 536.253
210.554 64.5756 3.75212 3.52897 86.4807 544.203
210.901 64.613 3.76647 3.5073 85.2534 535.703
211.172 64.6917 3.76382 3.51932 70.5517 533.546
232.425 52.1577 3.84435 3.77108 24.0033 1328.19
232.528 52.1871 3.8925 3.79615 27.9034 1329.83
232.644 52.2602 3.8796 3.75836 15.2159 1328.18
232.744 52.294 3.87701 3.79878 26.1539 1329.41
232.847 52.3171 3.88004 3.82028 23.8728 1331.69
212.567 65.1173 3.76161 3.35935 42.7865 533.03
212.57 65.1176 3.76124 3.3701 43.9169 532.991
209.768 62.6892 3.81774 3.30901 90.8314 458.962
209.538 60.4832 3.78332 3.51379 141.584 444.826
209.518 60.7352 3.75735 3.43938 139.886 442.009
209.971 61.6954 3.75493 3.37238 194.669 419.545
208.723 60.6622 3.75614 3.46403 161.653 486.072
209.968 60.4881 3.76912 3.53143 208.204 421.437
210.253 60.4731 3.78092 3.60265 119.475 406.312
208.919 60.4641 3.7679 3.45123 142.625 478.775
209.81 60.4601 3.78677 3.54232 128.121 430.561
209.518 60.7351 3.75717 3.43922 139.886 441.989
