# evlo=218.995193 evla=60.8241
194.627 64.5646 3.76085 3.33203 35.369 1305.89
225.144 58.5792 3.92817 3.59082 108.088 426.806
209.013 64.0997 3.80108 3.16122 86.5142 630.27
209.094 59.7511 3.80021 3.4843 286.401 560.014
209.259 59.7417 3.80151 3.47753 204.262 551.434
210.701 64.1732 3.73065 3.22423 70.7971 566.741
208.846 60.7683 3.74382 3.39037 168.331 552.141
207.916 63.4188 3.83394 3.23471 63.9888 645.366
212.195 64.6453 3.76117 3.5265 101.169 549.217
204.378 55.8218 3.81964 3.4875 53.3078 1018.41
200.411 54.831 3.82276 3.45901 142.379 1283.63
207.685 63.8827 3.83803 3.20965 50.4524 676.374
208.763 59.5251 3.8149 3.47914 270.836 585.442
209.796 67.2269 3.76359 3.44161 98.1194 841.711
209.738 62.4058 3.79908 3.26812 166.862 521.311
212.624 63.0753 3.81748 3.26139 68.2973 417.731
196.582 54.8564 3.81521 3.45193 44.8217 1477.84
209.784 61.1426 3.74185 3.42939 166.464 499.522
214.766 66.5657 3.75384 3.5977 68.4121 672.978
188.296 63.7758 3.79089 3.41578 55.5965 1609.63
203.121 64.7461 3.78361 3.23386 74.5198 917.175
211.074 61.771 3.73113 3.35899 166.922 437.192
213.052 64.4091 3.73854 3.54815 135.897 502.306
208.348 59.6572 3.81917 3.483 185.058 603.2
225.615 58.2758 3.90937 3.43697 114.765 469.502
211.542 61.4131 3.71345 3.40705 319.767 406.888
197.4 66.8951 3.74523 3.57744 28.4389 1249.38
209.077 63.5527 3.89242 3.19023 106.114 598.441
211.063 63.7318 3.79189 3.08984 92.5026 523.449
211.768 64.9602 3.74632 3.53009 110.87 588.865
209.256 65.0304 3.75681 3.60274 93.5343 680.253
210.931 64.5928 3.74782 3.50736 144.182 588.052
191.145 52.9721 3.81209 3.41963 67.0896 1889.14
214.475 65.5174 3.75918 3.48658 74.9803 570.195
207.811 62.8962 3.80332 3.28461 147.433 631.385
210.261 61.0889 3.75664 3.45977 216.822 473.796
197.092 68.0541 3.81207 3.57054 127.52 1315.59
211.14 63.4056 3.84022 3.17268 97.5266 500.381
211.668 61.807 3.70555 3.3302 199.35 407.242
205.816 56.5593 3.83107 3.62164 134.894 897.451
208.468 61.98 3.76214 3.32672 207.985 576.235
209.777 60.5117 3.78145 3.4659 248.595 504.759
189.752 57.1766 3.81271 3.54664 117.532 1713.49
209.253 61.4636 3.74486 3.35278 218.562 529.031
210.547 60.1043 3.775 3.50175 259.353 471.291
192.073 65.5598 3.80554 3.40367 57.3969 1440.57
209.711 63.4502 3.86163 3.22056 109.996 565.088
193.495 53.8452 3.81097 3.44279 84.31 1706.12
211.449 62.8295 3.85634 3.36649 140.453 455.747
211.415 62.9628 3.86147 3.34487 59.1417 464.002
211.462 62.6812 3.83518 3.39513 53.5643 448.137
212.058 62.8349 3.84507 3.371 91.882 428.421
211.771 63.0624 3.85012 3.31018 71.903 453.509
212.26 62.5808 3.81819 3.36845 176.197 406.305
211.152 62.8331 3.86524 3.36656 143.98 469.572
211.908 64.4716 3.73547 3.52495 110.791 544.683
226.475 68.3065 3.89142 3.58541 39.2636 906.455
207.417 57.7828 3.79292 3.41195 154.76 740.151
212.138 64.8736 3.7622 3.51621 117.542 570.042
198.929 70.2043 3.7992 3.4748 56.8229 1385.23
203.383 71.3221 3.8141 3.46382 60.2647 1358.19
205.026 71.0033 3.78891 3.46297 41.0961 1294.06
234.753 71.9871 3.93111 3.61413 59.9774 1420.01
198.198 69.3641 3.78548 3.42873 48.1124 1351.84
202.84 70.0079 3.81528 3.46842 29.3411 1260.9
194.656 68.2746 3.81527 3.51535 68.622 1417.44
196.822 68.4753 3.83204 3.4805 56.3691 1347.33
198.806 68.6483 3.8105 3.46414 36.1668 1287.44
200.413 69.1049 3.78468 3.39137 29.7765 1263.98
205.217 69.1565 3.79291 3.46615 49.5713 1128.34
209.387 69.836 3.78815 3.44294 83.0992 1096.96
211.299 69.72 3.79353 3.48581 61.0146 1053
215.088 69.9175 3.75739 3.47033 57.0254 1029.53
216.289 69.626 3.77877 3.46629 47.52 989.255
235.93 69.3475 3.9026 3.60342 122.254 1231.27
196.917 67.6988 3.79626 3.51089 36.8536 1304.7
201.885 68.4946 3.78898 3.46114 58.6271 1175.22
203.387 68.7132 3.77526 3.40904 45.7396 1144.45
211.177 69.1532 3.76672 3.43378 53.4434 997.383
219.035 69.243 3.80415 3.48556 46.3997 938.64
221.263 69.3286 3.85637 3.58672 40.8903 954.007
198.174 67.082 3.78226 3.50452 29.0038 1226.76
199.397 67.4213 3.78229 3.53492 52.2173 1196.43
202.768 67.4572 3.78781 3.58996 67.7576 1076.08
203.811 68.2575 3.77008 3.37035 44.333 1097.48
206.028 68.4414 3.79242 3.3537 34 1047.03
208.187 68.1343 3.78882 3.41984 37.4001 963.596
210.384 68.0584 3.77736 3.50962 47.6703 904.956
218.405 68.1861 3.77833 3.47809 48.0181 821.226
220.465 68.6043 3.85687 3.53622 62.5297 870.157
223.281 66.3701 3.87093 3.5917 90.6364 653.42
193.671 65.4742 3.78541 3.49636 39.1271 1366.09
195.352 65.7077 3.80512 3.42239 39.346 1295.72
200.349 66.6001 3.80275 3.38462 25.5063 1117.45
202.227 66.8332 3.78248 3.52129 62.0657 1057.31
204.275 67.0486 3.77579 3.55214 51.3689 996.698
206.517 67.2221 3.78949 3.50402 71.5552 935.109
207.821 67.5076 3.77142 3.38628 54.9567 919.333
212.113 67.5187 3.78152 3.50027 61.578 816.779
214.357 67.5933 3.72312 3.47201 66.4634 786.998
215.855 67.6946 3.76861 3.53804 63.4838 780.662
220.128 67.6136 3.81529 3.54402 40.6068 758.857
224.214 67.6106 3.89676 3.49472 73.7548 797.181
226.258 67.441 3.86964 3.52203 80.5261 816.803
195.961 64.9941 3.77963 3.40277 34.0337 1250.89
197.645 65.3936 3.79228 3.36484 46.0477 1184.35
199.349 65.5011 3.79212 3.37351 33.4477 1112.36
201.346 65.895 3.80595 3.41266 33.6707 1043.2
202.913 66.1434 3.77872 3.40462 49.2341 992.199
206.494 66.5156 3.77043 3.53416 80.1428 883.269
208.493 66.9214 3.77002 3.42899 50.6701 851.176
209.976 66.7108 3.77329 3.43164 78.5895 791.179
212.525 66.7004 3.77647 3.45964 67.6053 727.849
216.215 66.9498 3.76362 3.5735 49.1491 696.212
218.345 66.8088 3.7871 3.45241 72.0412 667.896
221.978 66.9116 3.85877 3.63349 60.2369 694.063
223.778 66.9808 3.87842 3.53447 102.694 724.881
225.729 66.9227 3.86719 3.50055 94.9974 755.145
197.761 64.6379 3.78363 3.26303 48.7363 1159.25
200.087 64.937 3.77373 3.29743 52.8318 1060.22
201.637 65.1527 3.76428 3.33752 48.1957 998.895
203.551 65.5276 3.81164 3.41959 36.712 934.221
205.119 65.4924 3.81081 3.51135 52.6566 868.608
207.195 65.6571 3.76227 3.4755 66.4251 798.89
208.623 65.8937 3.73747 3.52566 86.8073 765.491
210.457 65.8251 3.7537 3.52074 86.5427 701.451
212.122 65.8371 3.77944 3.51253 108.763 655.53
218.473 66.2305 3.77623 3.53936 95.7517 603.202
221.631 66.2191 3.86203 3.55331 63.8584 615.381
225.657 65.8052 3.7884 3.50817 110.409 647.143
213.052 64.4091 3.73854 3.54815 135.897 502.306
199.305 63.8864 3.80145 3.3218 23.298 1070.19
205.522 64.7962 3.77178 3.31001 44.932 814.954
208.018 65.18 3.77706 3.50239 100.35 736.532
210.64 65.1479 3.74641 3.50911 84.3093 640.607
216.846 65.3064 3.74401 3.44164 63.3335 511.213
218.385 65.6035 3.7531 3.54052 52.0437 533.612
220.064 65.4483 3.80639 3.45091 49.8074 518.224
221.694 65.3609 3.8384 3.49511 102.019 523.613
223.623 65.2225 3.77885 3.45397 102.013 543.044
196.446 62.7492 3.78947 3.49623 113.884 1202.47
199.398 63.2842 3.80713 3.45509 63.8678 1056.42
200.922 63.3965 3.83456 3.42542 43.6836 982.339
203.285 63.465 3.83379 3.40016 51.5653 867.875
204.379 63.994 3.78424 3.11886 37.9481 831.605
205.853 64.1767 3.78528 3.12158 56.0779 771.482
214.63 64.613 3.74498 3.4513 106.186 477.452
216.201 64.5654 3.70791 3.2332 22.05 440.747
216.436 64.5012 3.76433 3.50596 91.9675 430.223
221.784 64.453 3.77619 3.37224 62.9955 428.919
221.784 64.4525 3.77638 3.55123 72.9405 428.857
223.67 64.5753 3.72917 3.4326 102.175 481.446
195.344 61.9331 3.78714 3.48226 58.8252 1263.33
198.469 62.2938 3.79049 3.45 91.8655 1098.47
201.699 62.7161 3.79613 3.36431 85.4491 934.074
205.93 63.3569 3.82328 3.37038 105.614 736.958
214.222 63.8036 3.6995 3.44957 98.4777 413.954
197.317 61.3416 3.7765 3.43372 124.02 1165.92
198.513 61.678 3.76795 3.45136 120.321 1098.98
200.525 61.7105 3.75893 3.42962 101.088 992.466
201.703 62.1344 3.78492 3.43982 102.114 930.123
203.311 62.2195 3.77575 3.39462 129.705 846.808
205.146 62.1816 3.77014 3.40483 182.922 751.293
206.12 62.4787 3.77916 3.36376 174.447 705.465
193.799 60.3849 3.76679 3.46192 128.932 1372.6
196.65 60.4135 3.7697 3.4554 152.55 1218.44
198.04 60.7515 3.76461 3.45017 100.646 1136.56
199.312 60.6947 3.75461 3.41776 111.827 1069.15
201.041 61.0224 3.74715 3.42266 97.2847 971.014
202.562 61.4009 3.75039 3.38476 105.599 885.949
204.176 61.4907 3.75381 3.39174 131.062 799.57
205.609 61.9037 3.75329 3.36312 187.158 724.702
206.868 61.8823 3.74559 3.35164 128.384 658.472
209.88 61.7531 3.75036 3.33472 218.866 499.144
198.315 59.9237 3.77275 3.43931 112.986 1140.53
199.908 60.1686 3.75583 3.42743 120.028 1047.89
201.231 60.4742 3.75346 3.41903 121.195 969.566
202.813 60.5269 3.76754 3.41643 124.117 882.853
204.11 60.6801 3.75514 3.42284 153.84 810.07
205.516 60.8132 3.74275 3.41325 214.579 732.179
207.791 61.2001 3.73819 3.35421 157.719 606.692
226.918 61.1512 3.78693 3.55527 208.394 430.14
198.736 59.2533 3.7842 3.46455 98.2877 1137.89
200.175 59.1767 3.79479 3.47005 149.083 1062.2
201.907 59.5938 3.78642 3.46767 147.265 954.573
202.905 59.7733 3.78503 3.46279 203.853 895.059
204.792 59.8542 3.79508 3.4627 152.817 790.222
205.68 60.1952 3.77517 3.44029 194.568 733.604
207.376 60.0815 3.77068 3.42413 193.715 643.932
210.276 60.4814 3.76628 3.49242 216.67 478.091
190.452 56.6011 3.82058 3.59595 62.5674 1704.43
202.009 59.0314 3.80883 3.47059 172.472 967.714
203.561 59.1953 3.81422 3.44902 164.604 877.717
204.771 59.3922 3.80966 3.49375 184.795 805.352
206.768 59.6524 3.80112 3.45842 157.985 688.756
226.285 59.5898 3.77283 3.48805 158.162 426.726
227.183 60.2114 3.7415 3.47841 247.952 454.544
212.566 65.1171 3.75402 3.45646 135.385 578.433
204.113 58.2637 3.83467 3.50866 95.745 886.506
204.991 58.6484 3.84596 3.50862 93.5424 822.234
206.355 58.9287 3.83971 3.49028 117.571 737.417
207.606 58.6097 3.84824 3.4594 168.427 685.688
227.731 58.9601 3.8101 3.50642 133.702 530.782
202.426 57.5673 3.83054 3.43418 84.7159 1010.64
203.613 57.6397 3.82459 3.38151 61.3493 944.299
205.548 57.5665 3.80961 3.34609 72.1972 847.83
224.26 58.4133 3.87133 3.17759 36.4372 400.331
225.482 58.2747 3.8855 3.32094 48.4725 463.611
229.033 59.3946 3.75271 3.52364 197.714 579.862
197.939 55.703 3.80379 3.46452 89.4473 1353.34
200.447 56.2848 3.80308 3.47025 60.8718 1186.91
223.768 57.9616 3.83702 3.47262 32.9493 418.394
225.424 57.4688 3.86102 3.37796 51.73 524.018
228.869 57.9128 3.83494 3.47526 68.8826 647.415
229.75 56.9811 3.85696 3.41539 70.3975 751.915
212.138 64.8735 3.75228 3.56215 86.4711 570.04
210.428 68.6408 3.78118 3.47423 91.8336 960.258
226.879 56.1146 3.79762 3.7963 36.9515 696.801
229.974 55.9154 3.85716 3.43822 30.3128 841.785
228.385 55.3279 3.80168 3.82174 49.385 824.123
218.842 64.7774 3.72548 3.2715 55.1372 440.697
227.653 56.4191 3.82801 3.78286 57.2362 701.685
209.768 62.6893 3.81361 3.24844 76.1057 529.204
211.063 63.7323 3.79196 3.0899 92.5026 523.459
211.14 63.4057 3.84022 3.17268 97.5266 500.381
210.84 64.6544 3.7682 3.48002 47.695 595.849
210.867 64.709 3.7726 3.5532 52.0204 598.996
210.853 64.7716 3.77067 3.59202 51.4597 604.216
210.847 64.8338 3.77665 3.55764 42.521 609.185
210.819 64.8857 3.77865 3.55076 52.7958 614.151
210.44 64.87 3.76611 3.61546 96.9411 626.096
210.174 64.8537 3.76599 3.57349 66.7058 634.324
210.069 64.7653 3.76398 3.48128 96.1404 631.727
210.917 64.5498 3.75322 3.45686 79.0237 585.356
210.782 64.5716 3.75942 3.449 73.8113 591.814
210.554 64.5756 3.75876 3.44366 77.6588 600.385
210.901 64.613 3.74826 3.53637 97.606 590.618
211.172 64.6917 3.75774 3.53772 85.5564 587.059
212.567 65.1173 3.78793 3.44176 25.2353 578.442
212.57 65.1176 3.77991 3.44142 24.4923 578.389
209.768 62.6892 3.81366 3.24848 76.1057 529.211
209.538 60.4832 3.78961 3.50317 174.467 518.19
210.519 60.6717 3.76692 3.49525 194.905 462.245
210.455 61.3427 3.75842 3.42887 128.732 464.165
210.626 60.4754 3.77824 3.51164 119.348 459.138
209.518 60.7352 3.75376 3.46045 143.432 515.998
209.971 61.6954 3.76192 3.34837 129.848 493.515
208.723 60.6622 3.77366 3.42306 123.473 560.001
211.068 60.8049 3.7718 3.52326 73.3982 431.14
209.968 60.4881 3.76715 3.48238 174.689 494.712
210.253 60.4731 3.77283 3.50326 111.565 479.461
208.919 60.4641 3.78457 3.49495 90.9824 552.223
209.81 60.4601 3.77436 3.49861 127.51 503.787
211.376 60.7866 3.76744 3.58314 106.852 414.552
209.518 60.7351 3.75361 3.46031 143.432 515.977
