# evlo=209.968399 evla=60.488098
221.171 59.4924 3.78484 3.496 28.4569 634.245
217.908 60.4896 3.79687 3.58301 129.854 436.24
217.507 60.403 3.78986 3.58714 151.284 414.861
218.338 61.0595 3.77246 3.45895 170.833 460.161
218.244 60.7315 3.77854 3.49429 129.886 453.773
217.659 60.6024 3.77987 3.58166 180.84 422.027
217.639 60.9231 3.76922 3.53152 208.204 421.447
217.277 60.2474 3.79883 3.60512 170.979 403.945
218.995 60.824 3.76715 3.48238 174.689 494.711
218.049 60.1785 3.81326 3.57196 170.99 447.429
217.533 61.1871 3.79389 3.50894 235.551 418.437
218.652 60.2994 3.8153 3.54482 136.155 478.9
231.887 52.1847 4.13255 4.48624 15.4632 1628.53
226.475 68.3065 3.84769 3.55685 60.7923 1173.14
212.138 64.8736 3.80021 3.39621 83.5281 501.196
218.842 64.7774 3.7846 3.54656 139.823 659.032
218.594 60.1556 3.77194 3.42449 16.1441 477.723
218.628 60.118 3.79994 3.36222 20.8867 480.217
218.674 60.1912 3.74984 3.39104 15.5182 481.595
218.614 60.172 3.75027 3.47923 44.0902 478.571
218.545 60.2663 3.78357 3.53409 43.2839 473.441
218.45 60.2235 3.77198 3.51894 51.5135 468.794
218.652 60.1592 3.75913 3.47106 43.8813 480.855
217.908 60.4896 3.79687 3.58301 129.854 436.24
217.507 60.403 3.78986 3.58714 151.284 414.861
218.338 61.0595 3.77251 3.459 170.833 460.167
218.244 60.7315 3.77854 3.49429 129.886 453.773
217.659 60.602 3.77964 3.58145 180.84 422.002
217.639 60.9231 3.76912 3.53143 208.204 421.437
217.277 60.2474 3.79883 3.60512 170.979 403.945
218.995 60.8241 3.76715 3.48238 174.689 494.712
218.049 60.1785 3.81326 3.57196 170.99 447.429
217.533 61.187 3.79397 3.50902 235.551 418.446
218.652 60.2994 3.8153 3.54482 136.155 478.9
