# evlo=208.8461 evla=60.768299
194.627 64.5646 3.69201 3.35398 86.1827 839.983
217.908 60.4896 3.65128 3.15973 135.84 496.626
217.654 61.036 3.62833 3.14692 176.535 478.594
217.507 60.403 3.6415 3.14574 107.258 476.097
218.338 61.0595 3.61591 3.0889 252.457 515.528
220.363 59.9534 3.65428 3.16306 158.671 641.234
216.3 60.3932 3.65928 3.19784 126.14 410.502
225.144 58.5792 3.74717 3.32868 134.929 947.438
216.716 60.1205 3.68437 3.23265 140.2 438.925
215.395 60.9677 3.62168 3.0805 254.136 356.352
209.013 64.0997 3.71313 3.24821 168.563 371.392
210.701 64.1732 3.6683 3.13535 116.523 391.322
212.195 64.6453 3.6476 3.15836 132.346 464.708
204.378 55.8218 3.6568 3.11808 122.831 609.773
200.411 54.831 3.68071 3.11589 65.0831 828.621
207.685 63.8827 3.63837 2.89407 63.6075 352.269
209.796 67.2269 3.74957 3.25165 77.4273 721.461
216.907 60.7523 3.65551 3.11785 145.898 439.187
218.66 60.9649 3.6251 3.11146 271.644 533.175
217.513 60.0823 3.66364 3.17187 107.391 483.093
212.624 63.0753 3.65994 3.30175 248.353 324.682
215.93 63.6482 3.63652 3.17628 169.749 488.319
196.582 54.8564 3.71474 3.26498 131.363 979.512
214.766 66.5657 3.70088 3.3055 120.696 708.878
188.296 63.7758 3.72383 3.37138 79.2336 1112.89
203.121 64.7461 3.68194 3.33892 79.3795 530.711
216.188 61.4417 3.61536 3.08623 208.798 402.743
215.271 60.5805 3.65944 3.24448 172.942 351.658
216.679 60.2805 3.66843 3.21932 165.241 433.295
218.244 60.7315 3.62816 3.15243 140.225 512.08
213.052 64.4091 3.68896 3.28348 169.159 459.518
215.738 60.3351 3.67729 3.26733 141.926 381.018
217.659 60.6024 3.64147 3.1198 170.796 481.567
225.615 58.2758 3.75916 3.34651 150.087 985.849
215.581 59.9268 3.68346 3.2077 135.524 383.317
216.749 60.4427 3.6573 3.16811 215.149 434.15
217.639 60.9231 3.63745 3.13977 204.909 478.046
197.4 66.8951 3.68766 3.28749 36.8783 882.621
217.277 60.2474 3.67655 3.21705 105.651 466.485
218.995 60.824 3.62999 3.17309 211.515 552.141
216.976 61.3836 3.60799 3.08085 266.325 443.86
211.063 63.7318 3.65294 3.12789 196.663 349.74
211.768 64.9602 3.67229 3.21328 193.953 490.205
218.049 60.1785 3.65781 3.08645 135.665 510.011
209.256 65.0304 3.72742 3.26937 114.349 475.507
210.931 64.5928 3.68006 3.20032 174.939 439.375
216.031 60.2361 3.6711 3.25059 192.393 399.035
191.145 52.9721 3.72229 3.34772 182.708 1377.69
214.53 62.9699 3.62537 3.18899 219.686 386.628
219.747 60.0959 3.64335 3.12292 165.945 604.289
220.599 59.667 3.66858 3.20249 181.4 661.986
214.475 65.5174 3.68808 3.23182 145.166 600.126
217.533 61.1871 3.62448 3.14239 245.071 472.301
215.323 60.3863 3.68891 3.30928 143.653 357.472
197.092 68.0541 3.70221 3.26774 50.4331 986.84
215.154 63.7399 3.64813 3.15068 178.832 465.549
218.652 60.2994 3.64959 3.13903 97.0793 540.359
211.14 63.4056 3.67048 3.19943 164.337 317.364
219.217 60.1294 3.6483 3.11349 172.739 574.656
216.01 63.9761 3.64768 3.18556 175.184 514.501
214.792 60.5341 3.65103 3.26657 236.841 326.16
205.816 56.5593 3.64284 3.0449 185.042 500.603
189.752 57.1766 3.74365 3.38946 100.755 1163.82
217.161 60.1791 3.67616 3.23525 148.899 461.7
216.221 60.072 3.67991 3.23306 164.354 413.397
218.856 60.4399 3.65131 3.21271 140.969 549.005
217.171 60.7541 3.64452 3.14065 173.187 453.505
192.073 65.5598 3.71024 3.3751 80.6051 995.079
193.495 53.8452 3.7085 3.33236 153.032 1199.24
216.546 61.2275 3.61812 3.09259 265.754 419.503
217.147 60.448 3.6502 3.16889 150.003 455.759
211.908 64.4716 3.6498 3.11667 174.304 441.544
218.249 60.3583 3.65699 3.21324 133.828 517.307
207.417 57.7828 3.62258 2.94574 234.986 342.405
212.138 64.8736 3.66606 3.21142 145.315 487.226
201.885 68.4946 3.67935 3.08636 28.6249 922.103
203.387 68.7132 3.68001 3.17925 43.2578 922.266
207.318 68.8799 3.68209 3.25903 70.3214 907.188
209.319 68.9656 3.68846 3.14336 64.1908 914.18
211.177 69.1532 3.71371 3.23208 75.9315 941.13
213.625 69.322 3.70239 3.27409 88.9572 979.138
219.035 69.243 3.71946 3.2289 48.7248 1056.87
221.263 69.3286 3.71816 3.26296 58.0263 1114.56
198.174 67.082 3.69677 3.32413 50.5519 874.724
202.768 67.4572 3.67923 3.15179 29.1024 801.444
208.187 68.1343 3.66715 3.19915 79.8618 821.787
210.384 68.0584 3.71175 3.30869 65.393 816.03
211.513 68.0748 3.72392 3.32114 95.6926 824.436
214.432 68.1207 3.69812 3.32947 90.8427 861.832
218.405 68.1861 3.71637 3.25917 84.4379 943.739
220.465 68.6043 3.72238 3.2686 50.3969 1031
222.103 68.3889 3.71422 3.25989 69.4107 1056.11
223.281 66.3701 3.73063 3.28082 113.341 946.942
193.671 65.4742 3.70973 3.34414 46.493 924.464
195.352 65.7077 3.72845 3.30349 50.1825 870.507
198.75 66.442 3.67409 3.28818 47.5902 804.835
202.227 66.8332 3.67136 3.24231 41.0717 749.696
206.517 67.2221 3.67107 3.40037 94.9868 728.292
207.821 67.5076 3.65891 3.24071 88.7533 752.918
212.113 67.5187 3.71053 3.29724 88.3817 768.88
214.357 67.5933 3.70649 3.33997 100.051 805.882
215.855 67.6946 3.71099 3.29393 120.106 842.495
220.128 67.6136 3.70466 3.27567 74.3421 936.603
224.214 67.6106 3.72516 3.27112 68.0139 1061.97
226.258 67.441 3.75682 3.27101 75.432 1121.68
195.961 64.9941 3.70602 3.31837 51.6386 804.826
197.645 65.3936 3.69931 3.27953 50.0257 763.637
199.349 65.5011 3.67585 3.26082 49.4544 711.128
206.494 66.5156 3.67288 3.37308 89.7459 651.058
208.493 66.9214 3.65935 3.19502 56.1242 686.13
209.976 66.7108 3.72482 3.31927 129.464 664.745
212.525 66.7004 3.70581 3.28828 114.62 685.483
213.899 66.7653 3.69777 3.28494 70.6108 712.918
216.215 66.9498 3.71366 3.27581 86.4094 777.368
218.345 66.8088 3.68192 3.21691 110.644 818.291
221.978 66.9116 3.71519 3.27591 62.7443 937.946
223.778 66.9808 3.73875 3.26483 87.3481 1004.35
225.729 66.9227 3.74287 3.27407 68.0751 1071.35
197.761 64.6379 3.69729 3.22551 57.0261 711.108
200.087 64.937 3.67721 3.25946 61.3465 643.013
201.637 65.1527 3.70011 3.35978 42.7953 609.654
203.551 65.5276 3.69802 3.2844 47.2528 593.41
207.195 65.6571 3.64001 3.18809 108.237 551.172
208.623 65.8937 3.70967 3.31799 66.7905 571.419
210.457 65.8251 3.70848 3.30567 175.407 569.374
212.122 65.8371 3.71038 3.24929 114.229 588.198
214.18 66.267 3.69487 3.36321 65.9364 667.407
214.181 66.267 3.70653 3.26498 78.2619 667.427
218.473 66.2305 3.69473 3.24458 96.8658 773.255
221.631 66.2191 3.71458 3.2772 66.2789 877.187
225.657 65.8052 3.71275 3.2716 98.3845 1008.36
214.843 62.3987 3.62219 2.93936 241.388 366.493
213.052 64.4091 3.68896 3.28348 169.159 459.518
199.305 63.8864 3.70337 3.27954 72.1402 603.489
208.018 65.18 3.65572 3.06651 52.3372 493.512
210.64 65.1479 3.70218 3.25074 162.105 496.515
216.846 65.3064 3.69579 3.22353 80.3308 646.896
218.385 65.6035 3.69742 3.23587 121.251 720.39
220.064 65.4483 3.69422 3.24985 107.607 767.989
221.694 65.3609 3.69685 3.2477 139.92 824.47
223.623 65.2225 3.69324 3.26113 82.717 895.187
196.446 62.7492 3.68272 3.17077 78.9716 689.789
199.398 63.2842 3.66443 3.35257 64.2858 567.801
200.922 63.3965 3.68891 3.39211 74.2861 506.639
204.379 63.994 3.67818 3.11411 76.3238 427.19
205.853 64.1767 3.69983 3.35715 86.1252 409.94
214.63 64.613 3.69321 3.23476 144.56 520.478
216.201 64.5654 3.70068 3.18011 18.7297 566.035
216.436 64.5012 3.67314 3.19739 148.163 569.138
221.784 64.453 3.66355 3.23691 90.6025 778.883
221.784 64.4525 3.66272 3.25756 48.9055 778.833
223.67 64.5753 3.66574 3.21481 98.6015 867.096
195.344 61.9331 3.72956 3.32046 70.1947 732.634
198.469 62.2938 3.73544 3.27167 100.158 576.919
201.699 62.7161 3.67449 3.15415 71.7533 435.267
205.93 63.3569 3.69737 3.31919 127.47 326.234
214.222 63.8036 3.65086 3.12779 187.333 438.212
217.924 64.0292 3.64928 3.23102 165.202 592.782
222.48 63.8433 3.67595 3.2269 132.056 783.792
197.317 61.3416 3.70564 3.34656 112.948 625.167
198.513 61.678 3.70942 3.3078 128.657 563.713
200.525 61.7105 3.70756 3.35464 158.963 458.647
201.703 62.1344 3.7208 3.1841 99.4588 410.026
203.311 62.2195 3.73747 3.04193 110.361 336.095
216.652 63.0254 3.61395 3.13808 201.505 480.888
218.173 63.0618 3.62776 3.20375 182.959 551.99
221.871 63.109 3.64498 3.19023 126.794 730.332
193.799 60.3849 3.6923 3.35005 90.7585 824.271
196.65 60.4135 3.69704 3.37774 179.234 668.571
198.04 60.7515 3.68311 3.3667 154.394 588.437
199.312 60.6947 3.67549 3.34199 127.479 519.844
201.041 61.0224 3.67504 3.26002 116.18 424.411
202.562 61.4009 3.68658 3.30345 150.344 346.189
217.004 62.4013 3.61676 2.97992 201.493 469.503
218.122 62.3579 3.61733 2.97495 203.129 523.287
221.538 62.4435 3.62825 3.08385 145.674 697.689
223.206 62.5763 3.64132 3.13099 127.453 784.928
225.609 62.2024 3.65071 3.11572 160.515 904.653
198.315 59.9237 3.68863 3.34338 138.658 588.401
199.908 60.1686 3.68372 3.34437 178.426 495.806
201.231 60.4742 3.66468 3.36503 232.115 417.979
202.813 60.5269 3.66931 3.34715 237.018 331.006
215.402 61.6061 3.62913 3.11183 311.123 364.596
222.911 61.4593 3.62817 3.11477 136.657 760.715
224.22 61.4862 3.63763 3.12698 125.699 830.43
226.918 61.1512 3.65988 3.16276 102.551 976.879
198.736 59.2533 3.701 3.39102 163.999 587.982
200.175 59.1767 3.69541 3.37671 188.815 515.202
201.907 59.5938 3.70523 3.30556 257.471 406.489
202.905 59.7733 3.70841 3.34746 375.895 346.82
219.809 60.7718 3.62781 3.19877 197.232 596.786
221.424 60.3024 3.63945 3.12913 155.466 691.384
223.909 60.7704 3.63197 3.16571 189.845 819.138
190.452 56.6011 3.75268 3.3591 54.8397 1158.45
202.009 59.0314 3.73044 3.3448 182.949 428.507
203.561 59.1953 3.69656 3.2145 204.454 343.063
222.262 59.6304 3.67705 3.22295 118.467 753.431
223.04 60.1218 3.63059 3.12769 113.505 783.133
226.285 59.5898 3.65858 3.20991 150.083 973.748
227.183 60.2114 3.65251 3.19087 137.078 1006.62
212.566 65.1171 3.6663 3.22797 162.04 520.009
203.344 58.6774 3.68971 3.14486 160.878 387.207
204.113 58.2637 3.67546 3.38773 180.908 386.649
204.991 58.6484 3.63903 3.31411 191.313 320.614
227.731 58.9601 3.69809 3.32759 101.93 1073.14
202.426 57.5673 3.68131 3.25448 150.808 511.432
203.613 57.6397 3.68734 3.29231 114.647 458.928
205.548 57.5665 3.65496 3.14334 106.447 403.378
224.26 58.4133 3.77322 3.38826 73.7342 906.932
225.482 58.2747 3.76225 3.33212 105.953 978.723
229.033 59.3946 3.66909 3.25433 137.688 1129.42
197.939 55.703 3.69419 3.28091 117.668 851.805
200.447 56.2848 3.67651 3.24678 75.6809 698.187
225.424 57.4688 3.80242 3.46463 58.696 1014.75
228.869 57.9128 3.75991 3.38962 73.151 1177.77
227.048 56.8144 3.81069 3.5229 44.6262 1136.14
229.75 56.9811 3.77283 3.4392 74.2166 1270.96
212.138 64.8735 3.657 3.21885 140.023 487.212
210.428 68.6408 3.75274 3.24115 60.6154 880.844
226.879 56.1146 3.79682 3.48641 45.127 1168.67
229.974 55.9154 3.81101 3.50649 20.5885 1342.67
228.385 55.3279 3.81086 3.55417 51.8206 1296.35
218.842 64.7774 3.6762 3.23235 206.067 677.048
227.653 56.4191 3.81272 3.54181 67.6993 1190.7
211.063 63.7323 3.65357 3.12843 196.663 349.8
211.14 63.4057 3.67056 3.1995 164.337 317.37
210.84 64.6544 3.70897 3.17623 70.7956 444.938
210.867 64.709 3.71096 3.18743 86.8202 451.153
210.853 64.7716 3.70248 3.19008 94.9449 457.766
210.847 64.8338 3.70271 3.20904 73.3343 464.432
210.819 64.8857 3.70201 3.19137 80.2688 469.746
210.44 64.87 3.70323 3.23876 128.632 464.3
210.174 64.8537 3.71596 3.2399 103.016 460.337
210.069 64.7653 3.71056 3.25749 155.159 449.834
210.917 64.5498 3.69152 3.17741 114.077 434.575
210.782 64.5716 3.69605 3.1833 89.7822 435.305
210.554 64.5756 3.70083 3.20436 128.39 433.241
210.901 64.613 3.6904 3.1964 113.526 441.186
211.172 64.6917 3.68474 3.21024 98.8345 453.105
217.908 60.4896 3.65128 3.15973 135.84 496.626
217.507 60.403 3.6415 3.14574 107.258 476.097
218.338 61.0595 3.61595 3.08893 252.457 515.534
216.296 60.3923 3.65777 3.19652 126.14 410.332
216.716 60.1205 3.68437 3.23265 140.2 438.925
215.271 60.5805 3.65944 3.24448 172.942 351.658
216.679 60.2805 3.66843 3.21932 165.241 433.295
218.244 60.7315 3.62816 3.15243 140.225 512.08
217.659 60.602 3.6413 3.11966 170.796 481.545
216.749 60.4427 3.6573 3.16811 215.149 434.15
217.639 60.9231 3.63737 3.1397 204.909 478.036
217.277 60.2474 3.67655 3.21705 105.651 466.485
218.995 60.8241 3.62998 3.17309 211.515 552.141
216.976 61.3836 3.60799 3.08085 266.325 443.86
218.049 60.1785 3.65781 3.08645 135.665 510.011
216.031 60.2361 3.6711 3.25059 192.393 399.035
217.533 61.187 3.62456 3.14246 245.071 472.311
218.652 60.2994 3.64959 3.13903 97.0793 540.359
219.217 60.1294 3.6483 3.11349 172.739 574.656
216.221 60.072 3.67991 3.23306 164.354 413.397
218.856 60.4399 3.65131 3.21271 140.969 549.005
216.546 61.2275 3.61812 3.09259 265.754 419.503
212.567 65.1173 3.64666 3.2032 44.7378 520.035
212.57 65.1176 3.64695 3.18836 42.7199 520.116
