# evlo=213.401306 evla=60.727699
194.627 64.5646 3.69873 3.28398 110.376 1048.43
220.363 59.9534 3.63925 3.20013 205.646 393.825
225.144 58.5792 3.739 3.24641 166.382 702.858
209.013 64.0997 3.69301 3.10201 125.702 438.74
210.701 64.1732 3.64926 3.1269 84.6758 408.441
207.916 63.4188 3.66574 3.28701 124.107 414.667
212.195 64.6453 3.76069 3.23192 102.113 440.972
204.378 55.8218 3.70872 3.08625 75.6373 759.625
200.411 54.831 3.71054 3.12555 99.5919 1011.11
207.685 63.8827 3.67232 3.22437 90.6527 459.622
209.796 67.2269 3.71893 3.31426 89.5494 745.396
221.785 59.0906 3.73409 3.10555 30.1394 502.842
215.93 63.6482 3.64844 3.19796 188.361 351.054
196.582 54.8564 3.72197 3.28931 59.4352 1189.78
214.766 66.5657 3.715 3.25459 106.701 654.231
188.296 63.7758 3.70155 3.32901 144.791 1338.4
203.121 64.7461 3.69386 3.25898 91.8489 689.13
213.052 64.4091 3.72995 3.05946 87.8438 410.701
225.615 58.2758 3.7397 3.25747 163.444 742.354
197.4 66.8951 3.71131 3.26409 39.2608 1040.54
211.063 63.7318 3.68672 3.21686 114.824 356.15
211.768 64.9602 3.78867 3.30224 86.8539 478.989
209.256 65.0304 3.7446 3.35198 101.298 523.652
210.931 64.5928 3.65379 3.08245 75.7767 448.935
191.145 52.9721 3.73156 3.29941 116.045 1597.25
219.747 60.0959 3.64197 3.25159 163.017 356.572
220.599 59.667 3.64419 3.15915 227.676 416.094
214.475 65.5174 3.68489 3.22434 110.462 536.6
207.811 62.8962 3.65563 3.04145 111.658 380.926
197.092 68.0541 3.69041 3.24541 93.7046 1127.41
215.154 63.7399 3.67048 3.17601 154.363 347.821
211.14 63.4056 3.66526 3.15758 119.016 320.964
219.217 60.1294 3.65133 3.21797 213.856 327.067
216.01 63.9761 3.65836 3.16333 199.769 386.34
189.752 57.1766 3.73481 3.36783 135.277 1408.66
192.073 65.5598 3.69828 3.34555 59.1614 1194.73
209.711 63.4502 3.72245 3.36261 166.393 359.37
193.495 53.8452 3.71298 3.29082 128.392 1415.59
211.908 64.4716 3.75563 3.29327 132.858 424.236
207.417 57.7828 3.71722 3.23356 225.9 473.155
212.138 64.8736 3.76943 3.24197 125.754 466.54
205.026 71.0033 3.6878 3.16553 30.9376 1205.18
234.753 71.9871 3.77335 3.31038 73.5825 1559.63
205.387 69.6211 3.68851 3.22465 62.2883 1058.21
198.806 68.6483 3.68812 3.14864 52.1849 1118.8
205.217 69.1565 3.69939 3.23715 53.7228 1014.22
209.387 69.836 3.70917 3.12881 41.9172 1032.12
211.299 69.72 3.70282 3.25264 71.0518 1007.25
215.088 69.9175 3.70998 3.27325 61.3347 1027.54
216.289 69.626 3.72404 3.28657 72.0509 1001.01
235.93 69.3475 3.79892 3.37934 105.677 1416.57
196.917 67.6988 3.6922 3.28831 51.6488 1109.13
201.885 68.4946 3.71258 3.17325 71.1933 1022.78
203.387 68.7132 3.69199 3.13389 42.0888 1007.31
211.177 69.1532 3.68777 3.25269 86.8288 945.076
213.625 69.322 3.66934 3.18899 38.5689 958.249
219.035 69.243 3.68918 3.27645 56.4019 984.918
221.263 69.3286 3.71114 3.31856 95.7919 1026.07
199.397 67.4213 3.6832 3.26907 45.5435 1007.33
202.768 67.4572 3.71016 3.23512 72.8958 909.303
206.028 68.4414 3.68762 3.26091 55.9125 928.158
210.384 68.0584 3.7073 3.29771 54.2683 829.862
211.513 68.0748 3.66724 3.24988 74.7654 824.022
214.432 68.1207 3.73241 3.32749 69.216 825.659
218.405 68.1861 3.70307 3.30005 58.9644 864.974
220.465 68.6043 3.69416 3.30301 78.8057 939.283
222.103 68.3889 3.70856 3.28102 75.9018 948.497
223.281 66.3701 3.70611 3.2827 216.882 796.135
193.671 65.4742 3.70145 3.29027 36.1722 1121.44
195.352 65.7077 3.69503 3.32401 55.4114 1058.4
198.75 66.442 3.71732 3.26415 63.6561 962.796
202.227 66.8332 3.70578 3.30727 48.9722 873.076
204.275 67.0486 3.69593 3.20113 54.9367 833.319
206.517 67.2221 3.69444 3.30207 65.5921 797.526
207.821 67.5076 3.69811 3.19357 54.7595 802.465
212.113 67.5187 3.66717 3.19196 42.6907 759.606
214.357 67.5933 3.73162 3.28432 89.9242 766.758
215.855 67.6946 3.69774 3.30323 102.051 785.597
220.128 67.6136 3.68699 3.27996 74.1074 833.314
224.214 67.6106 3.7343 3.26016 120.653 927.379
226.258 67.441 3.74976 3.28552 143.172 972.606
195.961 64.9941 3.71759 3.29069 53.1181 1002.61
197.645 65.3936 3.6861 3.32384 63.5113 947.461
199.349 65.5011 3.68425 3.32039 63.6552 883.463
201.346 65.895 3.69144 3.2937 70.8743 832.313
202.913 66.1434 3.71229 3.26784 44.8762 797.028
206.494 66.5156 3.71097 3.3579 76.0977 729.494
208.493 66.9214 3.70769 3.14554 50.6543 730.975
209.976 66.7108 3.73412 3.30847 77.5352 687.841
212.525 66.7004 3.73613 3.29754 45.445 667.183
213.899 66.7653 3.71816 3.27885 87.5247 673.47
216.215 66.9498 3.70445 3.29267 75.2067 707.111
218.345 66.8088 3.69053 3.24042 101.943 719.886
221.978 66.9116 3.71622 3.30224 124.63 806.84
223.778 66.9808 3.72986 3.29166 138.989 861.604
225.729 66.9227 3.73262 3.29039 114.785 916.178
197.761 64.6379 3.71491 3.31132 72.546 908.598
200.087 64.937 3.70938 3.26298 49.5745 822.375
201.637 65.1527 3.69771 3.25083 71.3324 772.589
203.551 65.5276 3.70925 3.25134 92.2584 728.638
205.119 65.4924 3.7041 3.18082 81.5926 674.789
207.195 65.6571 3.70762 3.37097 98.6694 631.394
208.623 65.8937 3.72316 3.18715 57.1367 623.258
210.457 65.8251 3.69375 3.18659 95.7952 586.931
212.122 65.8371 3.74406 3.3629 54.3682 573.099
214.18 66.267 3.74971 3.17611 33.0444 618.666
214.181 66.267 3.69047 3.25976 95.3353 618.669
218.473 66.2305 3.66611 3.22331 112.342 662.933
221.631 66.2191 3.70813 3.29235 114.604 735.588
225.657 65.8052 3.71547 3.20955 98.9319 833.478
213.052 64.4091 3.72995 3.05946 87.8438 410.701
199.305 63.8864 3.68573 3.28109 59.9276 809.216
205.522 64.7962 3.68596 3.18471 56.5999 605.492
208.018 65.18 3.68366 3.23975 84.7169 566.047
210.64 65.1479 3.6718 3.17393 101.914 512.125
216.846 65.3064 3.68604 3.25007 115.935 539.144
218.385 65.6035 3.66423 3.2471 153.069 598.244
220.064 65.4483 3.67051 3.28676 133.059 623.907
221.694 65.3609 3.6811 3.22938 157.564 664.285
223.623 65.2225 3.69977 3.21489 138.904 719.348
196.446 62.7492 3.69686 3.21395 73.8925 920.945
199.398 63.2842 3.67746 3.15624 66.6896 785.006
200.922 63.3965 3.68074 3.13755 45.9606 715.591
203.285 63.465 3.66614 3.20299 59.2897 609.185
204.379 63.994 3.6999 3.31143 95.7127 591.363
205.853 64.1767 3.69878 3.18285 115.54 546.671
214.63 64.613 3.71039 3.18095 148.369 437.575
216.201 64.5654 3.71171 3.17994 21.8577 451.081
216.436 64.5012 3.67034 3.20616 178.44 448.39
221.784 64.453 3.66006 3.29413 102.982 597.38
221.784 64.4525 3.6637 3.23054 110.897 597.322
223.67 64.5753 3.66086 3.21085 125.881 677.69
195.344 61.9331 3.70768 3.2814 75.7598 972.88
198.469 62.2938 3.7074 3.24428 98.1917 811.897
201.699 62.7161 3.71917 3.13108 60.4359 656.145
205.93 63.3569 3.66858 3.22495 100.512 488.068
214.222 63.8036 3.69255 3.14347 129.72 345.438
217.924 64.0292 3.62949 3.19808 208.881 435.851
222.48 63.8433 3.67741 3.1727 146.049 584.491
197.317 61.3416 3.68505 3.26876 126.132 869.79
198.513 61.678 3.69132 3.25538 155.926 805.58
200.525 61.7105 3.6806 3.24211 133.093 699.301
201.703 62.1344 3.68521 3.22199 142.374 642.777
203.311 62.2195 3.69612 3.16595 118.373 562.226
205.146 62.1816 3.69126 3.10883 207.546 468.755
206.12 62.4787 3.73742 3.15203 148.828 432.606
218.173 63.0618 3.61595 3.21466 338.396 361.202
221.871 63.109 3.62939 3.18435 108.661 517.522
193.799 60.3849 3.67971 3.27764 138.021 1072.08
196.65 60.4135 3.67204 3.23499 129.381 916.752
198.04 60.7515 3.66761 3.22385 102.182 836.049
199.312 60.6947 3.66525 3.21543 116.512 767.803
201.041 61.0224 3.6606 3.19484 205.936 671.229
202.562 61.4009 3.6647 3.17849 149.052 589.363
204.176 61.4907 3.65136 3.13923 137.382 504.222
205.609 61.9037 3.66077 3.08753 206.99 437.23
206.868 61.8823 3.6827 3.13811 198.814 372.791
221.538 62.4435 3.6447 3.07078 136.322 472.098
223.206 62.5763 3.64921 3.17516 135.865 558.278
225.609 62.2024 3.66471 3.18654 157.201 670.18
198.315 59.9237 3.6764 3.25475 120.256 836.459
199.908 60.1686 3.67344 3.25064 137.905 744.008
201.231 60.4742 3.66484 3.23138 147.64 666.39
202.813 60.5269 3.65294 3.18942 134.516 579.393
204.11 60.6801 3.65935 3.20573 157.943 506.99
205.516 60.8132 3.64535 3.1735 227.372 429.565
222.911 61.4593 3.64616 3.17635 152.053 519.013
224.22 61.4862 3.66429 3.16488 208.155 588.811
226.918 61.1512 3.68328 3.2103 179.451 732.96
198.736 59.2533 3.6933 3.27563 142.249 833.001
200.175 59.1767 3.69515 3.27305 133.223 757.585
201.907 59.5938 3.68981 3.26939 205.378 649.768
202.905 59.7733 3.67649 3.23837 228.825 590.215
204.792 59.8542 3.68448 3.21052 179.069 485.641
205.68 60.1952 3.65681 3.15186 218.03 428.706
207.376 60.0815 3.66498 3.13125 187.013 339.682
219.809 60.7718 3.61558 3.23452 191.963 349.346
221.424 60.3024 3.62967 3.1811 139.465 442.976
223.909 60.7704 3.62646 3.18685 234.877 572.454
190.452 56.6011 3.7316 3.35427 46.9335 1400.31
202.009 59.0314 3.70216 3.22746 142.021 664.404
203.561 59.1953 3.7073 3.21545 138.383 575.01
204.771 59.3922 3.71466 3.22266 184.063 502.781
206.768 59.6524 3.69763 3.16125 171.041 386.819
222.262 59.6304 3.67087 3.22439 157.476 506.285
223.04 60.1218 3.62364 3.18795 120.452 534.721
226.285 59.5898 3.65715 3.23629 144.548 725.39
227.183 60.2114 3.66186 3.23171 229.272 758.846
212.566 65.1171 3.74607 3.2342 108.195 491.067
203.344 58.6774 3.73924 3.20745 171.241 609.766
204.113 58.2637 3.72312 3.17393 101.572 592.704
204.991 58.6484 3.74251 3.17016 135.669 526.779
206.355 58.9287 3.73164 3.14247 211.262 442.807
207.606 58.6097 3.70014 3.14342 157.607 402.702
227.731 58.9601 3.68049 3.23623 87.0944 825.312
202.426 57.5673 3.70079 3.24931 89.6788 718.785
203.613 57.6397 3.68817 3.22749 75.3978 655.902
205.548 57.5665 3.69039 3.18686 88.4182 570.363
224.26 58.4133 3.74764 3.2678 102.886 664.717
225.482 58.2747 3.74861 3.23802 86.3813 735.429
229.033 59.3946 3.66809 3.2568 148.565 881.004
197.939 55.703 3.70828 3.25509 82.9684 1063.44
200.447 56.2848 3.71507 3.26 72.0204 900.494
223.768 57.9616 3.74908 3.24445 79.4235 664.489
225.424 57.4688 3.76041 3.32729 79.6208 777.213
228.869 57.9128 3.72829 3.30558 92.648 932.229
229.75 56.9811 3.73887 3.3296 64.8558 1028.24
212.138 64.8735 3.79379 3.24368 93.7585 466.531
210.428 68.6408 3.70028 3.29382 112.725 893.29
229.974 55.9154 3.76923 3.38563 36.6832 1104.93
218.842 64.7774 3.63937 3.20328 234.668 529.705
211.063 63.7323 3.68715 3.21724 114.824 356.191
211.14 63.4057 3.66531 3.15762 119.016 320.968
210.782 64.5716 3.6456 3.06679 83.7217 448.889
210.554 64.5756 3.65609 3.11432 107.47 452.922
210.901 64.613 3.64983 3.02344 74.3577 451.512
211.172 64.6917 3.67975 3.11377 55.1371 456.234
219.217 60.1294 3.65133 3.21797 213.856 327.067
212.567 65.1173 3.71984 3.18986 25.6661 491.088
212.57 65.1176 3.71337 3.22158 22.8864 491.109
