# evlo=215.270798 evla=60.580502
194.627 64.5646 3.69685 3.29627 85.6635 1143.93
225.144 58.5792 3.73133 3.23041 145.999 600.069
209.094 59.7511 3.71309 3.23821 316.048 355.037
209.259 59.7417 3.71727 3.25131 305.847 346.542
210.701 64.1732 3.65889 3.06222 71.535 464.775
208.846 60.7683 3.65944 3.24448 172.942 351.658
207.916 63.4188 3.65782 3.24283 93.8532 498.076
212.195 64.6453 3.68825 3.25654 109.333 479.645
200.411 54.831 3.69435 3.18185 126.365 1089.1
207.685 63.8827 3.69446 3.34602 124.581 538.855
208.763 59.5251 3.72876 3.24715 280.12 380.975
209.796 67.2269 3.69332 3.28601 52.5429 787.438
209.738 62.4058 3.72791 2.99434 154.14 357.927
215.93 63.6482 3.71155 3.05062 139.034 343.611
196.582 54.8564 3.72373 3.24482 43.6063 1276.81
214.766 66.5657 3.71553 3.36907 24.9426 667.636
188.296 63.7758 3.70875 3.33118 90.6091 1437.64
203.121 64.7461 3.71088 3.2684 66.8548 774.691
213.052 64.4091 3.63932 3.18448 105.256 441.707
208.348 59.6572 3.71656 3.22996 205.635 398.178
225.615 58.2758 3.73163 3.25526 108.882 639.942
197.4 66.8951 3.70041 3.29728 35.5904 1122.04
209.077 63.5527 3.65477 3.25117 109.007 462.867
211.063 63.7318 3.6554 3.06341 126.633 413.894
211.768 64.9602 3.72195 3.33258 112.225 519.702
209.256 65.0304 3.70433 3.47667 85.7958 582.65
210.931 64.5928 3.68673 3.10862 88.6887 499.456
214.475 65.5174 3.72059 3.28453 36.371 551.735
207.811 62.8962 3.6923 3.02029 102.324 470.764
197.092 68.0541 3.68563 3.266 52.034 1202.91
215.154 63.7399 3.82173 3.19659 109.838 352.161
211.14 63.4056 3.65879 3.14979 116.826 381.937
216.01 63.9761 3.71092 3.08522 124.633 380.371
205.816 56.5593 3.74176 3.34959 146.025 708.316
208.468 61.98 3.70297 3.06292 171.657 396.51
189.752 57.1766 3.73184 3.34798 90.4769 1509.3
209.253 61.4636 3.64889 3.05124 241.42 339.778
192.073 65.5598 3.67934 3.33243 57.4595 1287.4
209.711 63.4502 3.67075 3.39049 89.8084 432.224
193.495 53.8452 3.72034 3.30952 96.9288 1504.24
211.449 62.8295 3.62381 3.19108 108.989 321.904
211.415 62.9628 3.61087 3.22346 45.1758 334.433
211.771 63.0624 3.71286 3.51382 79.0938 332.338
211.152 62.8331 3.57462 3.24157 128.633 332.261
211.908 64.4716 3.69776 3.30334 101.092 466.809
207.417 57.7828 3.69481 3.29069 161.171 546.044
212.138 64.8736 3.70144 3.24558 125.499 504.452
198.929 70.2043 3.68645 3.21609 23.3331 1305.54
203.383 71.3221 3.71562 3.17218 65.0253 1308.59
234.753 71.9871 3.78038 3.32006 50.215 1528.11
198.198 69.3641 3.68981 3.19033 40.1103 1259.49
202.84 70.0079 3.69187 3.19411 37.6253 1195.24
206.58 70.34 3.7133 3.26992 48.925 1157.63
194.656 68.2746 3.68908 3.28914 23.7951 1301.1
196.822 68.4753 3.69435 3.30674 35.7737 1239.32
198.806 68.6483 3.68073 3.22407 35.4369 1188.14
200.413 69.1049 3.69813 3.18455 35.3431 1176.72
205.217 69.1565 3.69412 3.18237 51.0564 1065.21
209.387 69.836 3.66786 3.30619 31.2189 1066.86
211.299 69.72 3.71522 3.19407 20.6016 1035.35
215.088 69.9175 3.6544 3.15505 41.2367 1041.06
216.289 69.626 3.65037 3.30116 24.1982 1009.6
235.93 69.3475 3.79195 3.35051 145.735 1368.22
196.917 67.6988 3.6886 3.24173 32.44 1186.85
201.885 68.4946 3.67915 3.20342 46.6692 1086.39
203.387 68.7132 3.70705 3.20957 57.4991 1065.83
207.318 68.8799 3.70703 3.29418 57.9393 997.96
209.319 68.9656 3.68955 3.33928 43.4974 975.68
213.625 69.322 3.69099 3.21091 64.2196 977.604
219.035 69.243 3.72249 3.25969 63.3855 981.62
221.263 69.3286 3.72493 3.23034 52.6304 1014.44
198.174 67.082 3.71151 3.28737 43.718 1104.17
199.397 67.4213 3.7011 3.29369 45.123 1082.56
202.768 67.4572 3.68692 3.31592 44.4787 976.782
203.811 68.2575 3.69784 3.22162 41.7468 1015.02
208.187 68.1343 3.70333 3.26964 47.3831 907.606
210.384 68.0584 3.66916 3.22933 29.8852 865.859
211.513 68.0748 3.74634 3.32362 42.7937 854.615
214.432 68.1207 3.65961 3.15898 57.273 841.551
218.405 68.1861 3.71402 3.25323 69.7065 860.996
220.465 68.6043 3.7091 3.2495 84.7914 927.684
222.103 68.3889 3.70299 3.28346 66.1801 929.103
223.281 66.3701 3.6924 3.28598 114.475 757.585
195.352 65.7077 3.69835 3.24334 38.1698 1148.39
198.75 66.442 3.71646 3.30046 40.7198 1044.96
200.349 66.6001 3.69405 3.2516 42.8166 994.973
202.227 66.8332 3.68393 3.28535 63.198 945.945
206.517 67.2221 3.7072 3.23182 55.6501 854.304
207.821 67.5076 3.70465 3.28777 55.0382 852.303
212.113 67.5187 3.7309 3.31673 59.6771 788.426
214.357 67.5933 3.62381 3.15677 47.286 783.019
215.855 67.6946 3.77108 3.48835 39.1241 793.57
220.128 67.6136 3.71643 3.25634 104.636 818.425
224.214 67.6106 3.72107 3.28389 78.0004 894.863
226.258 67.441 3.73668 3.28427 98.8042 931.824
195.961 64.9941 3.72688 3.27513 25.6755 1095.53
197.645 65.3936 3.70669 3.2769 36.1278 1036.98
199.349 65.5011 3.6901 3.27706 44.6888 970.372
201.346 65.895 3.70113 3.27213 58.0161 913.408
202.913 66.1434 3.70708 3.3009 40.6337 872.869
206.494 66.5156 3.68425 3.30227 76.9734 790.939
208.493 66.9214 3.70199 3.33811 67.6427 780.996
209.976 66.7108 3.6783 3.25204 48.289 731.362
212.525 66.7004 3.69642 3.30632 49.9452 695.466
213.899 66.7653 3.61284 3.14734 40.3602 692.724
216.215 66.9498 3.73155 3.30955 56.3091 711.511
218.345 66.8088 3.70691 3.29324 82.3108 710.523
221.978 66.9116 3.70098 3.27892 95.9506 778.556
223.778 66.9808 3.71638 3.29162 106.675 826.04
225.729 66.9227 3.72093 3.28588 115.271 873.011
197.761 64.6379 3.69887 3.30267 45.1936 1001.92
200.087 64.937 3.71455 3.24274 46.9957 911.69
201.637 65.1527 3.71211 3.20824 47.2038 858.144
203.551 65.5276 3.69518 3.29978 62.0118 807.305
205.119 65.4924 3.68438 3.27544 53.8667 749.078
207.195 65.6571 3.69095 3.24256 90.6751 696.202
208.623 65.8937 3.71357 3.35681 74.5125 679.168
210.457 65.8251 3.66838 3.14223 51.0798 632.355
212.122 65.8371 3.71419 3.30429 115.857 606.774
218.473 66.2305 3.67896 3.22302 141.46 649.595
221.631 66.2191 3.67926 3.27828 83.8395 703.522
225.657 65.8052 3.69914 3.23943 77.5055 780.708
213.052 64.4091 3.63932 3.18448 105.256 441.707
199.305 63.8864 3.66682 3.25321 34.5636 905.09
205.522 64.7962 3.67912 3.19005 44.6437 684.249
208.018 65.18 3.67353 3.24555 81.9164 630.832
210.64 65.1479 3.66394 3.18425 92.2312 560.673
216.846 65.3064 3.70988 3.22974 109.74 532.743
218.385 65.6035 3.67898 3.20289 123.619 581.376
220.064 65.4483 3.66766 3.21815 103.524 594.019
221.694 65.3609 3.66033 3.28121 99.8145 623.847
223.623 65.2225 3.66755 3.20201 152.415 668.252
196.446 62.7492 3.70279 3.24617 47.2496 1022.04
199.398 63.2842 3.67823 3.15106 57.9697 883.549
200.922 63.3965 3.66853 3.18082 29.5731 812.742
203.285 63.465 3.67045 3.09718 36.7332 703.646
204.379 63.994 3.69503 3.30457 51.2354 680.056
205.853 64.1767 3.70339 3.31321 95.5515 629.902
216.436 64.5012 3.6951 3.19451 89.8384 441.057
221.784 64.453 3.6204 3.20562 89.1666 546.101
221.784 64.4525 3.63687 3.23483 110.476 546.04
223.67 64.5753 3.66237 3.21441 117.414 619.228
195.344 61.9331 3.7088 3.26764 56.6476 1075.64
198.469 62.2938 3.70141 3.24415 77.1513 913.886
201.699 62.7161 3.6923 3.1789 66.5901 756.006
205.93 63.3569 3.69133 3.11493 85.4741 578.64
214.222 63.8036 3.80067 3.37329 59.1666 363.327
217.924 64.0292 3.63082 3.13321 188.933 408.174
222.48 63.8433 3.66105 3.24022 168.804 521.871
197.317 61.3416 3.688 3.25172 84.2508 973.199
198.513 61.678 3.69074 3.23196 95.4917 908.676
200.525 61.7105 3.68378 3.21605 98.3789 802.309
201.703 62.1344 3.69329 3.2205 91.8168 744.723
203.311 62.2195 3.69723 3.1649 91.4772 663.439
205.146 62.1816 3.68917 3.11234 160.69 569.215
206.12 62.4787 3.70917 3.05871 145.007 530.224
218.173 63.0618 3.59682 3.05702 235.561 315.923
221.871 63.109 3.65246 3.22001 200.456 447.098
193.799 60.3849 3.68413 3.27621 95.7236 1175.59
196.65 60.4135 3.67541 3.23697 136.253 1020.17
198.04 60.7515 3.67385 3.23502 113.337 939.576
199.312 60.6947 3.66888 3.23025 136.978 871.277
201.041 61.0224 3.66757 3.21787 116.051 774.783
202.562 61.4009 3.67185 3.189 134.97 692.731
204.176 61.4907 3.66741 3.16124 164.265 607.393
205.609 61.9037 3.66823 3.12734 180.272 538.788
206.868 61.8823 3.66611 3.07223 133.361 473.675
209.88 61.7531 3.71382 3.10393 164.842 318.115
221.538 62.4435 3.6538 3.16639 188.609 392.684
223.206 62.5763 3.66065 3.22516 171.512 476.182
225.609 62.2024 3.66985 3.15484 121.478 580.566
198.315 59.9237 3.67106 3.24761 107.051 939.154
199.908 60.1686 3.66514 3.22218 112.371 846.846
201.231 60.4742 3.65782 3.19336 118.731 769.546
202.813 60.5269 3.66005 3.18483 97.3452 682.485
204.11 60.6801 3.66185 3.18562 121.522 610.238
205.516 60.8132 3.64525 3.18517 166.861 532.956
207.791 61.2001 3.64523 3.13022 156.762 411.691
222.911 61.4593 3.65166 3.10992 155.071 424.336
224.22 61.4862 3.66536 3.13474 194.756 493.726
226.918 61.1512 3.67024 3.17294 167.448 635.199
198.736 59.2533 3.6979 3.30695 100.721 934.109
200.175 59.1767 3.69893 3.29531 122.419 857.745
201.907 59.5938 3.67929 3.29049 147.221 750.484
202.905 59.7733 3.67653 3.2678 131.134 691.118
204.792 59.8542 3.6885 3.24304 209.49 585.843
205.68 60.1952 3.66401 3.23676 180.281 530.159
207.376 60.0815 3.66457 3.18792 194.104 439.378
221.424 60.3024 3.62653 3.26787 227.215 340.08
223.909 60.7704 3.61118 3.19244 209.548 472.306
190.452 56.6011 3.74179 3.35752 53.3663 1499.52
202.009 59.0314 3.7028 3.29974 117.702 762.634
203.561 59.1953 3.70844 3.2659 119.618 672.571
204.771 59.3922 3.71141 3.29304 205.977 600.204
206.768 59.6524 3.68732 3.19203 231.227 483.588
222.262 59.6304 3.69255 3.22604 130.135 402.793
223.04 60.1218 3.65279 3.27727 153.258 431.706
226.285 59.5898 3.6663 3.29855 106.571 622.112
227.183 60.2114 3.66091 3.29194 213.978 657.102
212.566 65.1171 3.68447 3.22253 106.529 523.95
203.344 58.6774 3.73166 3.25906 126.19 704.389
204.113 58.2637 3.73015 3.16361 101.686 682.898
204.991 58.6484 3.75291 3.20974 123.999 618.095
206.355 58.9287 3.72224 3.19697 167.281 533.363
207.606 58.6097 3.72752 3.19101 122.019 485.015
227.731 58.9601 3.71328 3.32818 88.2418 721.768
202.426 57.5673 3.7246 3.19685 90.1165 807.795
203.613 57.6397 3.7146 3.14503 47.1396 742.541
205.548 57.5665 3.67593 3.25891 57.1892 649.986
224.26 58.4133 3.72552 3.19463 55.1527 562.927
225.482 58.2747 3.73763 3.23278 69.0374 633.101
229.033 59.3946 3.67832 3.28593 150.295 777.981
197.939 55.703 3.7064 3.25481 51.0581 1151.51
200.447 56.2848 3.7019 3.24499 54.2305 986.254
223.768 57.9616 3.75401 3.2103 66.3686 564.964
225.424 57.4688 3.75057 3.27648 77.1482 677.312
228.869 57.9128 3.73247 3.27472 75.7011 829.037
227.048 56.8144 3.7663 3.36737 62.3714 799.673
229.75 56.9811 3.73124 3.29047 47.3085 925.917
212.138 64.8735 3.70933 3.28418 100.346 504.445
210.428 68.6408 3.6933 3.22594 41.4275 927.323
229.974 55.9154 3.76037 3.36363 40.4281 1004.45
218.842 64.7774 3.63443 3.25987 143.117 502.081
227.653 56.4191 3.76856 3.40061 86.7256 855.912
211.063 63.7323 3.65567 3.06364 126.633 413.925
211.14 63.4057 3.65881 3.14982 116.826 381.94
210.84 64.6544 3.69005 3.04307 42.6589 507.549
210.867 64.709 3.70875 3.09695 32.3569 512.298
210.853 64.7716 3.69028 3.06233 39.709 518.77
210.819 64.8857 3.69052 3.07133 38.0812 530.811
210.44 64.87 3.66116 3.15809 70.6318 537.813
210.174 64.8537 3.64984 3.23528 85.4235 542.591
210.069 64.7653 3.65258 3.29721 95.6013 536.801
210.917 64.5498 3.69394 3.11611 50.2361 495.563
210.782 64.5716 3.66877 3.05175 50.2709 500.829
210.554 64.5756 3.63782 3.09763 67.3894 506.682
210.901 64.613 3.68263 3.08178 55.6706 502.116
211.172 64.6917 3.74563 3.34021 60.2801 503.915
212.567 65.1173 3.68119 3.32261 50.9532 523.967
212.57 65.1176 3.68234 3.31224 53.9997 523.962
209.918 61.8636 3.7157 3.083 91.9012 321.037
208.723 60.6622 3.64682 3.32114 98.237 358.461
208.919 60.4641 3.69091 3.36466 58.2329 348.961
