# evlo=216.187698 evla=61.4417
194.627 64.5646 3.67347 3.28757 78.5596 1140.05
225.144 58.5792 3.68311 3.0544 76.503 591.961
209.013 64.0997 3.62562 3.21265 153.987 470.744
209.094 59.7511 3.72449 3.11938 306.515 431.635
209.259 59.7417 3.72643 3.12078 287.393 424.053
210.701 64.1732 3.62927 3.24539 114.249 413.256
208.846 60.7683 3.61536 3.08623 208.798 402.743
207.916 63.4188 3.73496 3.11189 143.32 480.302
212.195 64.6453 3.62811 3.10472 107.96 410.094
204.378 55.8218 3.7106 3.19427 69.0478 926.207
200.411 54.831 3.6996 3.14407 90.4752 1180.5
207.685 63.8827 3.68179 3.11736 81.364 513.173
208.763 59.5251 3.71909 3.13405 207.993 460.367
209.796 67.2269 3.70495 3.3619 128.884 714.298
209.738 62.4058 3.64396 3.16605 283.002 355.274
196.582 54.8564 3.71041 3.21304 73.0516 1359.64
209.784 61.1426 3.61559 3.19634 239.326 344.796
214.766 66.5657 3.63055 3.16856 83.5453 575.39
188.296 63.7758 3.68424 3.34777 85.9893 1443.47
203.121 64.7461 3.66469 3.24783 95.8283 753.819
213.052 64.4091 3.65633 3.29477 142.172 367.012
208.348 59.6572 3.71418 3.11527 192.521 473.489
225.615 58.2758 3.68133 3.16639 66.6438 634.293
197.4 66.8951 3.70952 3.3424 52.1916 1090.81
209.077 63.5527 3.73541 3.11611 126.031 435.169
211.063 63.7318 3.58228 3.16033 168.696 366.551
211.768 64.9602 3.6269 3.16035 139.056 450.623
209.256 65.0304 3.64177 3.1674 138.298 529.889
210.931 64.5928 3.64562 3.30333 195.926 440.428
191.145 52.9721 3.727 3.31107 89.1353 1766.4
214.475 65.5174 3.62643 3.14604 80.6452 462.216
207.811 62.8962 3.68694 3.11372 165.062 465.225
210.261 61.0889 3.62085 3.21968 341.517 320.308
197.092 68.0541 3.70061 3.1934 63.9442 1162.26
211.14 63.4056 3.65008 3.1519 136.041 340.326
208.468 61.98 3.6121 3.15639 226.48 412.44
209.777 60.5117 3.675 3.15349 385.674 362.092
189.752 57.1766 3.72088 3.30817 136.374 1566.32
209.253 61.4636 3.60224 3.18405 315.266 369.686
210.547 60.1043 3.72461 3.16385 254.495 341.427
192.073 65.5598 3.71577 3.29516 67.0285 1275.91
209.711 63.4502 3.71592 3.12196 182.335 402.132
193.495 53.8452 3.70514 3.26761 146.541 1585.05
211.908 64.4716 3.61126 3.07058 131.762 401.325
207.417 57.7828 3.70569 3.23803 207.338 640.438
197.761 64.6379 3.67103 3.27809 53.1639 993.792
200.087 64.937 3.67345 3.25882 74.0265 895.97
201.637 65.1527 3.67915 3.29943 74.9593 836.117
203.551 65.5276 3.70109 3.28804 69.6504 774.922
205.119 65.4924 3.69591 3.31537 90.6905 711.372
207.195 65.6571 3.65398 3.29001 110.916 647.444
208.623 65.8937 3.65842 3.24446 129.834 620.871
210.457 65.8251 3.69151 3.34648 155.86 564.7
214.18 66.267 3.64286 3.18088 47.5265 546.814
214.181 66.267 3.65699 3.11277 54.8073 546.805
218.473 66.2305 3.68505 3.26225 165.855 545.462
221.631 66.2191 3.68077 3.26742 173.639 595.669
225.657 65.8052 3.69778 3.23114 216.495 674.758
213.052 64.4091 3.65633 3.29477 142.172 367.012
199.305 63.8864 3.71535 3.23104 46.3703 904.073
205.522 64.7962 3.68841 3.29582 70.2633 654.088
208.018 65.18 3.6606 3.26298 148.595 583.438
210.64 65.1479 3.64851 3.33873 184.121 497.712
216.846 65.3064 3.69713 3.22239 133.401 432.038
218.385 65.6035 3.68098 3.2141 141.631 476.55
220.064 65.4483 3.64709 3.21981 185.523 486.491
221.694 65.3609 3.65582 3.2092 224.971 515.886
223.623 65.2225 3.67113 3.21493 237.086 561.743
196.446 62.7492 3.69961 3.30869 109.638 1037.23
199.398 63.2842 3.71618 3.27827 91.368 890.385
200.922 63.3965 3.72232 3.25376 59.2043 816.192
203.285 63.465 3.72574 3.23966 107.213 701.728
205.853 64.1767 3.66272 3.13732 66.6594 607.865
214.63 64.613 3.63044 3.08561 99.133 362.138
216.436 64.5012 3.69832 3.19165 179.426 341.247
221.784 64.453 3.62822 3.22231 183.76 439.415
221.784 64.4525 3.63041 3.25391 161.783 439.354
223.67 64.5753 3.66411 3.24002 185.275 514.818
195.344 61.9331 3.68361 3.28668 94.9121 1099.92
198.469 62.2938 3.6763 3.25701 153.552 934.287
201.699 62.7161 3.68131 3.27342 132.05 768.715
205.93 63.3569 3.70758 3.16082 135.966 570.984
222.48 63.8433 3.66621 3.26895 212.262 418.973
197.317 61.3416 3.66523 3.23606 193.343 1004.99
198.513 61.678 3.65927 3.23926 143.787 936.929
200.525 61.7105 3.6483 3.19981 125.04 830.588
201.703 62.1344 3.64802 3.21594 109.129 766.513
203.311 62.2195 3.64509 3.18689 145.686 682.793
205.146 62.1816 3.63983 3.20056 197.209 587.221
206.12 62.4787 3.64753 3.18103 171.745 540.104
221.871 63.109 3.65431 3.29893 298.465 348.55
193.799 60.3849 3.66921 3.26911 116.442 1214.33
196.65 60.4135 3.6672 3.2433 115.079 1061.66
198.04 60.7515 3.66107 3.2432 168.019 978.765
199.312 60.6947 3.65995 3.24509 236.756 912.374
201.041 61.0224 3.64412 3.21558 160.49 813.082
202.562 61.4009 3.63402 3.15938 155.739 726.132
204.176 61.4907 3.62997 3.19205 183.174 639.504
205.609 61.9037 3.62187 3.18484 294.588 561.998
206.868 61.8823 3.61092 3.13928 269.417 495.729
209.88 61.7531 3.58978 3.24044 253.716 336.55
223.206 62.5763 3.68356 3.17652 312.316 388.565
225.609 62.2024 3.68752 3.24199 258.802 503.273
198.315 59.9237 3.6637 3.25879 142.894 987.96
199.908 60.1686 3.65683 3.24923 148.648 895.094
201.231 60.4742 3.64941 3.25222 275.082 815.631
202.813 60.5269 3.64361 3.20243 168.194 729.825
204.11 60.6801 3.64098 3.19757 298.298 656.755
205.516 60.8132 3.62276 3.17143 301.582 578.677
207.791 61.2001 3.60991 3.14745 277.448 450.22
222.911 61.4593 3.58836 3.20755 305.103 358.491
224.22 61.4862 3.625 3.21761 307.37 428.034
226.918 61.1512 3.65069 3.26581 251.077 575.439
198.736 59.2533 3.67545 3.25473 149.361 990.621
200.175 59.1767 3.6749 3.217 137.383 917.748
201.907 59.5938 3.67504 3.22933 193.027 809.131
202.905 59.7733 3.66986 3.17965 184.553 749.438
204.792 59.8542 3.67166 3.16942 230.342 647.06
205.68 60.1952 3.65658 3.16396 312.558 587.709
207.376 60.0815 3.65618 3.07544 251.759 503.233
210.276 60.4814 3.67084 3.16981 338.475 337.521
223.909 60.7704 3.59491 3.16671 340.984 422.81
190.452 56.6011 3.70305 3.28254 49.8033 1561.09
202.009 59.0314 3.68992 3.16584 148.58 828.143
203.561 59.1953 3.69417 3.15438 130.066 739.903
204.771 59.3922 3.68409 3.10839 195.631 668.131
206.768 59.6524 3.6796 3.07446 216.329 553.41
222.262 59.6304 3.72943 3.18676 102.589 389.537
223.04 60.1218 3.59458 3.07281 210.041 401
226.285 59.5898 3.66079 3.22893 164.037 591.045
227.183 60.2114 3.64106 3.25169 216.332 612.854
212.566 65.1171 3.72489 3.42148 181.127 448.012
203.344 58.6774 3.69581 3.13791 94.5745 777.172
204.113 58.2637 3.68412 3.15999 120.193 762.167
204.991 58.6484 3.71004 3.11402 104.418 695.992
206.355 58.9287 3.68213 3.15355 163.802 612.38
207.606 58.6097 3.67284 3.23528 153.876 572.473
227.731 58.9601 3.68079 3.20458 169.434 696.139
202.426 57.5673 3.67993 3.27023 130.376 888.433
203.613 57.6397 3.69014 3.23995 93.1554 825.931
205.548 57.5665 3.67734 3.18308 113.206 739.842
229.033 59.3946 3.67603 3.29048 215.454 742.098
197.939 55.703 3.69083 3.25077 80.155 1233.14
200.447 56.2848 3.69728 3.24202 61.7935 1070.54
223.768 57.9616 3.73733 3.34342 64.8995 575.947
225.424 57.4688 3.75812 3.3817 51.3187 684.671
228.869 57.9128 3.69283 3.21139 99.385 813.587
229.75 56.9811 3.67608 3.23298 83.8738 917.714
212.138 64.8735 3.65086 3.18002 89.5541 433.364
210.428 68.6408 3.6831 3.30866 112.109 846.38
228.385 55.3279 3.733 3.52936 33.4411 983.423
211.063 63.7323 3.58245 3.16048 168.696 366.569
211.14 63.4057 3.65009 3.15191 136.041 340.328
212.567 65.1173 3.72961 3.45579 65.8823 448.026
212.57 65.1176 3.72486 3.44476 63.3545 447.999
209.518 60.7352 3.61171 3.06468 182.102 368.226
209.518 60.7351 3.61154 3.06453 182.102 368.208
