# evlo=225.615204 evla=58.275799
194.627 64.5646 3.69474 3.24636 98.8535 1773.96
217.908 60.4896 3.76479 3.24432 74.953 502.236
217.654 61.036 3.73086 3.22891 81.5329 543.512
217.507 60.403 3.75296 3.2682 59.0488 518.247
218.338 61.0595 3.71171 3.16396 75.85 513.715
220.363 59.9534 3.81977 3.39326 130.026 354.027
216.3 60.3932 3.72962 3.24641 127.761 579.658
216.716 60.1205 3.74102 3.29807 101.569 547.956
215.395 60.9677 3.71934 3.22914 59.7707 649.131
209.013 64.0997 3.70595 3.24556 93.1359 1098.57
210.701 64.1732 3.71091 3.27907 45.5845 1031.95
208.846 60.7683 3.75916 3.34651 150.087 985.849
212.195 64.6453 3.72188 3.36256 45.2864 1004.1
204.378 55.8218 3.88056 3.7423 99.2418 1311.74
200.411 54.831 3.85886 3.71433 107.166 1586.54
207.685 63.8827 3.67888 3.2648 84.1555 1145.85
209.796 67.2269 3.73449 3.36848 44.139 1276.4
216.907 60.7523 3.74468 3.25124 70.96 564.319
218.66 60.9649 3.75118 3.23349 99.3 493.38
209.738 62.4058 3.65994 3.09258 102.722 986.652
217.513 60.0823 3.73937 3.29985 191.718 504.662
212.624 63.0753 3.67948 3.18322 62.5346 886.258
214.225 61.1292 3.70832 3.21456 106.713 714.446
215.93 63.6482 3.71906 3.40317 71.2941 794.329
214.25 60.5487 3.74078 3.25716 139.552 692.178
196.582 54.8564 3.84077 3.57396 42.6342 1809.91
213.401 60.7277 3.7397 3.25747 163.444 742.354
209.784 61.1426 3.7442 3.26397 100.065 943.799
214.766 66.5657 3.72438 3.40924 63.993 1077.32
188.296 63.7758 3.7101 3.30148 120.531 2074.4
203.121 64.7461 3.69645 3.26882 74.9607 1386.63
216.188 61.4417 3.68133 3.16639 66.6438 634.293
212.904 60.8792 3.74509 3.25625 222.267 773.075
215.271 60.5805 3.73163 3.25526 108.882 639.942
216.679 60.2805 3.73508 3.25218 98.149 555.684
218.244 60.7315 3.73756 3.15131 66.3124 498.667
213.052 64.4091 3.72316 3.40002 66.0416 955.581
213.497 60.396 3.76217 3.31786 178.231 727.794
215.738 60.3351 3.74039 3.29417 149.632 606.9
217.659 60.6024 3.75639 3.19377 78.8291 520.052
215.581 59.9268 3.76568 3.41535 164.525 603.015
216.749 60.4427 3.73171 3.20687 116.958 558.475
217.639 60.9231 3.76212 3.24607 79.0759 537.827
214.077 61.4924 3.66839 3.23279 73.3926 737.348
211.542 61.4131 3.72026 3.25144 126.346 860.701
197.4 66.8951 3.71046 3.3572 29.8452 1715.85
209.077 63.5527 3.66026 3.22528 63.2402 1067.93
218.995 60.824 3.75629 3.22576 99.0874 469.496
216.976 61.3836 3.68045 3.07529 68.3719 594.778
211.063 63.7318 3.68756 3.19273 78.7805 990.895
211.768 64.9602 3.73479 3.49616 57.9175 1041.93
218.049 60.1785 3.76113 3.28859 108.777 480.797
209.256 65.0304 3.72135 3.37716 44.284 1142.1
210.931 64.5928 3.72868 3.32007 72.4289 1048.89
216.031 60.2361 3.7392 3.33961 185.975 588.096
214.53 62.9699 3.68543 3.22738 97.8696 799.274
219.747 60.0959 3.82285 3.34588 116.989 391.741
220.599 59.667 3.81064 3.43197 176.944 327.432
214.475 65.5174 3.74767 3.38064 123.852 994.089
207.811 62.8962 3.67739 3.15367 76.8037 1098.26
217.533 61.1871 3.70494 3.10644 83.1501 557.862
211.667 60.8584 3.75853 3.28264 122.79 837.362
215.323 60.3863 3.73686 3.29026 103.081 630.457
210.261 61.0889 3.75325 3.26483 112.034 917.376
197.092 68.0541 3.73008 3.25278 44.4738 1776.61
215.154 63.7399 3.72886 3.42942 98.2811 829.25
218.652 60.2994 3.7593 3.26593 96.3322 456.087
211.14 63.4056 3.67995 3.20869 55.6892 969.231
219.217 60.1294 3.80054 3.26913 102.961 419.598
216.01 63.9761 3.72462 3.43738 86.7827 817.663
214.792 60.5341 3.73992 3.26624 127.928 663.264
205.816 56.5593 3.88514 3.73397 179.135 1200.48
208.468 61.98 3.71797 3.26495 72.1968 1034.62
209.777 60.5117 3.77697 3.4494 202.459 931.157
189.752 57.1766 3.77433 3.49057 98.9391 2114.98
209.253 61.4636 3.73965 3.24201 104.192 979.716
210.547 60.1043 3.79074 3.54079 181.803 882.89
218.856 60.4399 3.77734 3.21038 122.299 453.476
217.171 60.7541 3.74832 3.206 79.0053 551.483
209.711 63.4502 3.65727 3.25709 72.3566 1034.56
216.546 61.2275 3.71839 3.23649 57.0912 605.923
211.449 62.8295 3.66331 3.17731 65.818 925.152
211.415 62.9628 3.67153 3.21418 40.8212 933.504
211.462 62.6812 3.65519 3.12849 37.8481 917.205
212.058 62.8349 3.65688 3.15195 41.7039 897.921
211.771 63.0624 3.67115 3.17707 42.5635 922.839
212.26 62.5808 3.65569 3.13497 71.5655 875.588
211.152 62.8331 3.66219 3.16086 66.0534 938.865
211.908 64.4716 3.72451 3.33549 42.5358 1003.05
218.249 60.3583 3.77293 3.27538 98.9126 478.975
207.417 57.7828 3.8539 3.63167 172.54 1073.38
213.052 64.4091 3.72316 3.40002 66.0416 955.581
195.344 61.9331 3.73813 3.3395 47.6467 1715.22
198.469 62.2938 3.73246 3.33401 66.0326 1553.82
201.699 62.7161 3.69858 3.27645 55.9088 1394.57
205.93 63.3569 3.66494 3.1688 103.268 1204.82
214.222 63.8036 3.7227 3.28737 89.6417 868.546
217.924 64.0292 3.71298 3.38739 94.1191 762.08
222.48 63.8433 3.71225 3.32115 113.71 642.883
198.513 61.678 3.74182 3.33145 57.4149 1547.65
200.525 61.7105 3.73142 3.33063 71.5826 1441.51
201.703 62.1344 3.71941 3.30026 72.5818 1384.66
203.311 62.2195 3.70535 3.25915 61.9369 1303.17
205.146 62.1816 3.69618 3.2566 90.4574 1208.58
206.12 62.4787 3.69079 3.1926 61.201 1167.07
216.652 63.0254 3.71428 3.39056 79.9874 720.158
218.173 63.0618 3.71703 3.4334 126.142 669.888
221.871 63.109 3.72197 3.35069 97.4994 575.833
201.041 61.0224 3.75716 3.32807 57.3062 1410.13
202.562 61.4009 3.74897 3.32069 60.2346 1330.84
204.176 61.4907 3.73835 3.29976 82.9137 1246.29
205.609 61.9037 3.70532 3.28628 86.8536 1178.69
206.868 61.8823 3.70988 3.275 60.0126 1113.38
209.88 61.7531 3.71167 3.25121 64.7153 956.242
213.825 62.1067 3.63583 3.03206 97.872 779.27
218.122 62.3579 3.70396 3.41561 95.593 614.348
221.538 62.4435 3.73655 3.36028 100.523 515.783
223.206 62.5763 3.72794 3.37926 103.651 497.1
225.609 62.2024 3.71228 3.35366 80.6967 437.487
201.231 60.4742 3.76164 3.42931 73.402 1399.24
202.813 60.5269 3.76502 3.42159 70.4059 1312.3
204.11 60.6801 3.77261 3.42528 138.598 1241.87
205.516 60.8132 3.75972 3.35947 129.242 1166.44
207.791 61.2001 3.74751 3.23112 103.696 1050.16
215.402 61.6061 3.66901 3.09543 59.7389 679.749
222.911 61.4593 3.70315 3.30326 122.43 385.583
224.22 61.4862 3.73104 3.43609 143.667 366.079
226.918 61.1512 3.85415 3.44633 106.213 328.61
198.736 59.2533 3.75756 3.46225 89.8362 1548.6
200.175 59.1767 3.76144 3.44897 86.2985 1468.17
201.907 59.5938 3.76449 3.48364 116.945 1365.69
205.68 60.1952 3.7799 3.452 137.892 1153.2
207.376 60.0815 3.77889 3.47914 154.303 1058.5
210.276 60.4814 3.77486 3.4322 151.584 903.538
219.809 60.7718 3.78202 3.21348 75.2897 430.197
221.424 60.3024 3.82011 3.12144 75.9038 328.539
190.452 56.6011 3.78106 3.4837 48.6889 2095.74
202.009 59.0314 3.775 3.5078 124.668 1365.77
203.561 59.1953 3.77949 3.50088 118.876 1275.52
212.597 59.9979 3.78342 3.49236 173.475 768.154
212.566 65.1171 3.72613 3.36013 41.6203 1024.72
203.344 58.6774 3.78937 3.52345 136.195 1294.18
204.113 58.2637 3.79944 3.55342 124.187 1256.51
204.991 58.6484 3.79121 3.53961 101.512 1199.76
206.355 58.9287 3.7934 3.54572 103.995 1118.17
207.606 58.6097 3.8132 3.62456 129.539 1049.27
202.426 57.5673 3.80776 3.55121 117.097 1369.7
203.613 57.6397 3.81747 3.54285 104.384 1298.71
205.548 57.5665 3.83601 3.59534 78.7203 1187.45
197.939 55.703 3.81626 3.53752 100.152 1694.12
200.447 56.2848 3.8298 3.5412 69.9134 1524.92
212.138 64.8735 3.72754 3.43038 52.9201 1022.27
210.428 68.6408 3.729 3.3592 95.6856 1373.17
229.974 55.9154 3.82814 3.23421 58.3817 372.57
228.385 55.3279 3.80172 3.54818 73.8349 369.242
209.931 62.7622 4.34183 4.36057 163.198 992.228
211.063 63.7323 3.68758 3.19275 78.7805 990.901
211.14 63.4057 3.67995 3.20869 55.6892 969.231
218.547 60.1369 3.20846 2.30095 106.806 453.609
217.908 60.4896 3.76479 3.24432 74.953 502.236
217.507 60.403 3.75296 3.2682 59.0488 518.247
218.338 61.0595 3.71168 3.16393 75.85 513.71
216.296 60.3923 3.73054 3.2472 127.761 579.8
216.716 60.1205 3.74102 3.29807 101.569 547.956
215.271 60.5805 3.73163 3.25526 108.882 639.942
216.679 60.2805 3.73508 3.25218 98.149 555.684
218.244 60.7315 3.73756 3.15131 66.3124 498.667
217.659 60.602 3.75642 3.1938 78.8291 520.056
216.749 60.4427 3.73171 3.20687 116.958 558.475
217.639 60.9231 3.76218 3.24612 79.0759 537.836
218.995 60.8241 3.75634 3.2258 99.0874 469.502
216.976 61.3836 3.68045 3.07529 68.3719 594.778
218.049 60.1785 3.76113 3.28859 108.777 480.797
216.031 60.2361 3.7392 3.33961 185.975 588.096
217.533 61.187 3.70484 3.10635 83.1501 557.847
218.652 60.2994 3.7593 3.26593 96.3322 456.087
219.217 60.1294 3.80054 3.26913 102.961 419.598
218.856 60.4399 3.77734 3.21038 122.299 453.476
216.546 61.2275 3.71839 3.23649 57.0912 605.923
209.518 60.7352 3.76641 3.38944 98.7497 949.113
209.518 60.7351 3.76632 3.38936 98.7497 949.09
