# evlo=214.475403 evla=65.517403
225.449 60.24 3.76289 3.44633 33.6009 808.878
194.627 64.5646 3.75159 3.49311 227.958 936.969
217.908 60.4896 3.69603 3.19603 56.8554 586.565
217.654 61.036 3.71739 3.31113 83.5584 524.215
217.507 60.403 3.69113 3.24846 84.5686 590.273
218.338 61.0595 3.68011 3.22193 90.8727 533.114
220.363 59.9534 3.68672 3.26627 81.354 688.672
216.3 60.3932 3.65995 3.24362 96.5739 578.538
225.144 58.5792 3.73732 3.37303 129.471 950.927
216.716 60.1205 3.69003 3.22786 61.2517 612.182
215.395 60.9677 3.71583 3.21274 54.0448 509.22
209.094 59.7511 3.66502 3.21681 182.161 698.893
209.259 59.7417 3.66462 3.21507 155.502 696.614
208.846 60.7683 3.68808 3.23182 145.166 600.126
207.916 63.4188 3.82223 3.44774 151.473 392.551
204.378 55.8218 3.68877 3.23167 93.5347 1209.77
207.685 63.8827 3.80803 3.44441 208.78 371.413
208.763 59.5251 3.6724 3.22269 211.452 729.101
216.907 60.7523 3.68692 3.24328 101.796 545.013
218.66 60.9649 3.67327 3.28458 110.179 549.007
209.738 62.4058 3.76481 3.39409 199.013 417.144
217.513 60.0823 3.71587 3.22705 80.6115 625.111
214.225 61.1292 3.70443 3.19826 116.055 489.297
214.25 60.5487 3.72261 3.27255 92.7933 553.937
196.582 54.8564 3.74556 3.41404 62.0727 1536.76
213.401 60.7277 3.68489 3.22434 110.462 536.6
209.784 61.1426 3.67326 3.24834 140.218 540.998
188.296 63.7758 3.76694 3.51173 184.126 1256.8
203.121 64.7461 3.77228 3.5381 276.466 539.144
211.074 61.771 3.69116 3.22979 130.026 450.192
216.188 61.4417 3.62643 3.14604 80.6452 462.216
212.904 60.8792 3.68978 3.18813 115.773 522.966
215.271 60.5805 3.72059 3.28453 36.371 551.735
216.679 60.2805 3.68954 3.20782 89.0372 594.268
218.244 60.7315 3.67548 3.28167 89.2141 566.088
213.497 60.396 3.70189 3.25526 126.614 572.974
215.738 60.3351 3.65298 3.21602 54.7966 581.138
208.348 59.6572 3.6747 3.21374 159.248 724.292
217.659 60.6024 3.71482 3.31017 94.249 570.827
225.615 58.2758 3.74767 3.38064 123.852 994.089
215.581 59.9268 3.66845 3.16211 27.0441 625.648
216.749 60.4427 3.68696 3.22613 130.391 577.165
217.639 60.9231 3.70312 3.31136 96.071 536.089
214.077 61.4924 3.69181 3.19846 119.125 449.1
211.542 61.4131 3.67635 3.23145 189.167 480.195
197.4 66.8951 3.7484 3.37137 92.0428 781.597
209.077 63.5527 3.82138 3.43012 212.451 339.084
217.277 60.2474 3.7375 3.27687 55.9309 604.283
218.995 60.824 3.67031 3.29036 102.512 570.205
216.976 61.3836 3.68044 3.31196 130.152 477.284
218.049 60.1785 3.69552 3.22765 98.9972 622.046
216.031 60.2361 3.65935 3.22158 82.5944 593.901
191.145 52.9721 3.75421 3.41727 72.0477 1908.04
219.747 60.0959 3.68287 3.2555 76.255 660.871
220.599 59.667 3.66985 3.28353 75.0934 723.206
207.811 62.8962 3.7846 3.42582 230.227 435.691
217.533 61.1871 3.70315 3.32073 136.612 506.225
211.667 60.8584 3.69837 3.19843 138.437 538.089
215.323 60.3863 3.67313 3.19863 40.3179 573.516
210.261 61.0889 3.67578 3.24549 164.671 536.684
197.092 68.0541 3.70476 3.13267 108.057 812.225
218.652 60.2994 3.67892 3.32288 60.2644 618.811
219.217 60.1294 3.682 3.30974 83.4147 646.931
211.668 61.807 3.69475 3.25024 173.558 436.234
212.671 61.832 3.69551 3.27782 179.101 420.373
214.792 60.5341 3.75643 3.74837 22.8744 555.676
205.816 56.5593 3.69526 3.1871 148.297 1100.11
208.468 61.98 3.7662 3.31939 190.446 492.962
209.777 60.5117 3.66977 3.24352 158.787 606.177
189.752 57.1766 3.7685 3.46604 95.5792 1599.87
209.253 61.4636 3.71523 3.31133 188.745 521.029
217.161 60.1791 3.71206 3.25971 90.5969 610.385
216.221 60.072 3.67156 3.25009 77.27 613.374
210.547 60.1043 3.69411 3.23788 131.358 635.423
218.856 60.4399 3.66583 3.35062 80.4874 607.623
217.171 60.7541 3.70581 3.25707 112.52 547.937
192.073 65.5598 3.75657 3.46074 202.945 1030.04
209.711 63.4502 3.78634 3.46291 206.624 324.803
193.495 53.8452 3.74688 3.38848 83.0606 1740.41
216.546 61.2275 3.65193 3.26719 133.165 489.202
211.449 62.8295 3.72412 3.4069 239.261 333.747
211.415 62.9628 3.75806 3.42546 85.0869 321.09
211.462 62.6812 3.71119 3.2331 70.8459 348.549
212.058 62.8349 3.68854 3.24056 70.5683 321.261
212.26 62.5808 3.6778 3.28023 200.44 344.736
211.152 62.8331 3.73376 3.38475 253.225 339.977
217.147 60.448 3.69752 3.23228 130.833 580.92
218.249 60.3583 3.67903 3.1891 60.3428 605.858
203.344 58.6774 3.74643 3.37267 157.283 955.808
204.113 58.2637 3.72528 3.37228 123.847 972.202
204.991 58.6484 3.71295 3.32947 101.249 909.814
206.355 58.9287 3.68152 3.23841 141.11 845.593
207.606 58.6097 3.67662 3.13975 166.82 848.367
213.66 59.4296 3.73294 3.26353 74.1299 679.789
227.731 58.9601 3.75356 3.51071 30.796 1000.59
202.426 57.5673 3.74868 3.37797 79.7087 1089.49
203.613 57.6397 3.72035 3.32479 67.4719 1047.35
205.548 57.5665 3.67119 3.18115 60.9073 1003.03
224.26 58.4133 3.71145 3.36134 40.3493 941.201
225.482 58.2747 3.73944 3.36969 88.8669 990.164
229.033 59.3946 3.77865 3.41983 42.8901 1010.62
197.939 55.703 3.72232 3.42001 69.8229 1410.95
200.447 56.2848 3.72982 3.35953 79.5372 1273.76
223.768 57.9616 3.71175 3.40052 82.139 972.5
225.424 57.4688 3.72564 3.41438 65.1518 1066.53
228.869 57.9128 3.74221 3.45959 50.5571 1133.85
227.048 56.8144 3.73433 3.42102 47.483 1177.87
229.75 56.9811 3.73016 3.44124 49.3665 1249.21
210.428 68.6408 3.70169 3.30963 131.045 390.076
226.879 56.1146 3.73028 3.45088 62.1408 1241.41
229.974 55.9154 3.74685 3.3961 24.6539 1356.29
228.385 55.3279 3.74266 3.46027 59.4811 1363.03
227.653 56.4191 3.74993 3.41009 83.292 1234.5
209.931 62.7622 3.26778 2.27308 108.144 378.346
218.547 60.1369 4.27727 3.7767 36.3665 634.277
217.908 60.4896 3.69603 3.19603 56.8554 586.565
217.507 60.403 3.69113 3.24846 84.5686 590.273
218.338 61.0595 3.68013 3.22194 90.8727 533.116
216.296 60.3923 3.66041 3.24402 96.5739 578.61
216.716 60.1205 3.69003 3.22786 61.2517 612.182
215.271 60.5805 3.72059 3.28453 36.371 551.735
216.679 60.2805 3.68954 3.20782 89.0372 594.268
218.244 60.7315 3.67548 3.28167 89.2141 566.088
217.659 60.602 3.71506 3.31038 94.249 570.863
216.749 60.4427 3.68696 3.22613 130.391 577.165
217.639 60.9231 3.7031 3.31134 96.071 536.086
217.277 60.2474 3.7375 3.27687 55.9309 604.283
218.995 60.8241 3.67024 3.2903 102.512 570.195
216.976 61.3836 3.68044 3.31196 130.152 477.284
218.049 60.1785 3.69552 3.22765 98.9972 622.046
216.031 60.2361 3.65935 3.22158 82.5944 593.901
217.533 61.187 3.70325 3.32082 136.612 506.238
218.652 60.2994 3.67892 3.32288 60.2644 618.811
219.217 60.1294 3.682 3.30974 83.4147 646.931
216.221 60.072 3.67156 3.25009 77.27 613.374
218.856 60.4399 3.66583 3.35062 80.4874 607.623
216.546 61.2275 3.65193 3.26719 133.165 489.202
