# evlo=208.468307 evla=61.98
225.449 60.24 3.63864 3.17275 106.7 933.023
194.627 64.5646 3.69742 3.44896 128.625 750.26
217.908 60.4896 3.67212 3.12655 158.593 532.95
217.654 61.036 3.6265 3.10193 224.381 499.777
217.507 60.403 3.68194 3.10374 134.542 516.375
218.338 61.0595 3.61074 3.07003 142.433 534.633
220.363 59.9534 3.69394 3.19413 149.717 681.525
216.3 60.3932 3.70096 3.08817 176.221 456.482
225.144 58.5792 3.70743 3.19435 60.1454 993.866
216.716 60.1205 3.72431 3.10354 82.3083 490.916
215.395 60.9677 3.65831 3.05584 299.431 385.817
212.195 64.6453 3.74108 3.291 238.899 350.811
204.378 55.8218 3.64851 3.14104 97.4941 725.02
200.411 54.831 3.73532 3.39361 149.537 923.66
209.796 67.2269 3.75373 3.32324 182.77 588.366
216.907 60.7523 3.65432 3.082 156.473 471.238
218.66 60.9649 3.60801 3.03988 167.44 554.266
217.513 60.0823 3.71092 3.04982 139.62 532.089
214.225 61.1292 3.64596 3.09076 267.205 320.265
215.93 63.6482 3.73778 3.1825 195.143 423.18
214.25 60.5487 3.74011 3.12824 173.826 348.659
196.582 54.8564 3.71982 3.38801 132.342 1051.32
214.766 66.5657 3.76121 3.3976 182.163 594.715
188.296 63.7758 3.70434 3.39972 120.584 1041.13
203.121 64.7461 3.7262 3.305 102.014 407.991
216.188 61.4417 3.6121 3.15639 226.48 412.44
215.271 60.5805 3.70297 3.06292 171.657 396.51
216.679 60.2805 3.71908 3.0887 148.695 480.837
218.244 60.7315 3.64136 3.11628 134.375 540.628
213.052 64.4091 3.75131 3.42583 276.122 355.547
213.497 60.396 3.76869 3.14611 157.603 322.821
215.738 60.3351 3.73634 3.07936 126.955 431.859
217.659 60.6024 3.65926 3.12104 209.019 515.593
225.615 58.2758 3.71797 3.26495 72.1968 1034.62
215.581 59.9268 3.73721 2.97948 88.5162 447.86
216.749 60.4427 3.69021 3.08856 155.991 476.482
217.639 60.9231 3.63038 3.10112 281.268 502.682
197.4 66.8951 3.69645 3.34349 45.5847 762.416
217.277 60.2474 3.68993 3.09841 134.717 512.121
218.995 60.824 3.61157 3.04078 279.35 576.239
216.976 61.3836 3.60681 3.1332 226.973 454.967
211.768 64.9602 3.72932 3.27775 254.672 370.589
218.049 60.1785 3.69475 3.10337 141.009 554.073
209.256 65.0304 3.73692 3.32322 190.794 342.273
210.931 64.5928 3.72 3.23421 294.609 316.303
216.031 60.2361 3.73601 3.05387 123.037 451.371
191.145 52.9721 3.72835 3.40409 106.239 1435.98
214.53 62.9699 3.68374 3.32004 404.743 331.414
219.747 60.0959 3.67872 3.17582 173.542 643.709
220.599 59.667 3.70194 3.12143 109.937 707.197
214.475 65.5174 3.7662 3.31939 190.446 492.962
217.533 61.1871 3.61863 3.07784 254.207 489.051
215.323 60.3863 3.73924 3.07583 165.433 409.004
197.092 68.0541 3.71164 3.29872 87.1227 861.112
215.154 63.7399 3.73634 3.17203 196.863 392.592
218.652 60.2994 3.68446 3.18025 130.188 578.959
219.217 60.1294 3.68682 3.1722 201.521 615.256
216.01 63.9761 3.70824 3.21198 232.225 442.033
214.792 60.5341 3.7137 3.03976 145.38 375.475
205.816 56.5593 3.65181 3.087 142.013 622.386
189.752 57.1766 3.75078 3.35691 130.015 1179.48
217.161 60.1791 3.70135 3.08991 177.31 509.779
216.221 60.072 3.74386 3.04913 100.158 469.57
218.856 60.4399 3.66809 3.18103 187.764 583.366
217.171 60.7541 3.6466 3.10965 173.565 484.636
192.073 65.5598 3.69787 3.41104 80.1891 898.343
193.495 53.8452 3.70823 3.35845 146.626 1262.52
216.546 61.2275 3.62165 3.1232 220.311 436.538
217.147 60.448 3.68152 3.12216 166.847 496.22
211.908 64.4716 3.733 3.33078 319.314 327.079
218.249 60.3583 3.6715 3.15884 153.158 555.901
213.052 64.4091 3.75131 3.42583 276.122 355.547
227.048 56.8144 3.77178 3.31096 51.3466 1196.18
229.75 56.9811 3.7056 3.30691 53.3403 1320.44
212.138 64.8735 3.72163 3.27731 205.708 370.815
210.428 68.6408 3.75498 3.25905 114.372 748.157
229.974 55.9154 3.76853 3.42035 57.1246 1400.87
228.385 55.3279 3.78654 3.36442 72.1775 1364.68
227.653 56.4191 3.76765 3.39409 83.1826 1252.36
218.547 60.1369 4.24348 4.4437 132.844 581.045
217.908 60.4896 3.67212 3.12655 158.593 532.95
217.507 60.403 3.68194 3.10374 134.542 516.375
218.338 61.0595 3.61078 3.07007 142.433 534.639
216.296 60.3923 3.69996 3.08733 176.221 456.358
216.716 60.1205 3.72431 3.10354 82.3083 490.916
215.271 60.5805 3.70297 3.06292 171.657 396.51
216.679 60.2805 3.71908 3.0887 148.695 480.837
218.244 60.7315 3.64136 3.11628 134.375 540.628
217.659 60.602 3.65919 3.12099 209.019 515.585
216.749 60.4427 3.69021 3.08856 155.991 476.482
217.639 60.9231 3.63031 3.10105 281.268 502.672
217.277 60.2474 3.68993 3.09841 134.717 512.121
218.995 60.8241 3.61154 3.04077 279.35 576.235
216.976 61.3836 3.60681 3.1332 226.973 454.967
218.049 60.1785 3.69475 3.10337 141.009 554.073
216.031 60.2361 3.73601 3.05387 123.037 451.371
217.533 61.187 3.61873 3.07792 254.207 489.064
218.652 60.2994 3.68446 3.18025 130.188 578.959
219.217 60.1294 3.68682 3.1722 201.521 615.256
216.221 60.072 3.74386 3.04913 100.158 469.57
218.856 60.4399 3.66809 3.18103 187.764 583.366
216.546 61.2275 3.62165 3.1232 220.311 436.538
