# evlo=217.170807 evla=60.754101
225.449 60.24 3.6364 3.26782 178.36 458.26
194.627 64.5646 3.69161 3.32383 83.2716 1223.26
225.144 58.5792 3.74358 3.16506 96.6443 510.068
209.013 64.0997 3.66641 3.2862 152.07 561.994
209.094 59.7511 3.71496 3.2229 173.557 460.684
209.259 59.7417 3.71728 3.23554 179.223 452.168
210.701 64.1732 3.65605 3.14724 88.3847 506.139
208.846 60.7683 3.64452 3.14065 173.187 453.505
207.916 63.4188 3.69027 3.08401 64.4333 566.705
212.195 64.6453 3.63117 3.27286 136.124 502.643
204.378 55.8218 3.74218 3.34641 85.9409 927.453
200.411 54.831 3.70902 3.22254 153.372 1190.03
207.685 63.8827 3.64419 3.22028 72.3274 601.958
208.763 59.5251 3.71663 3.2311 228.93 486.458
209.796 67.2269 3.67918 3.22054 75.2726 805.559
209.738 62.4058 3.70733 3.11146 148.924 435.305
212.624 63.0753 3.58308 3.19806 169.82 351.965
215.93 63.6482 3.55749 3.00802 98.0224 328.928
196.582 54.8564 3.71932 3.23999 58.957 1380.91
209.784 61.1426 3.64537 3.15525 162.2 402.467
214.766 66.5657 3.69772 3.30097 108.409 658.562
188.296 63.7758 3.69534 3.30848 80.029 1522.99
203.121 64.7461 3.68704 3.31105 64.9866 841.983
211.074 61.771 3.62173 3.11936 144.904 346.068
213.052 64.4091 3.61534 3.0841 107.877 458.875
208.348 59.6572 3.69419 3.22654 238.58 503.833
225.615 58.2758 3.74832 3.206 79.0053 551.483
197.4 66.8951 3.72072 3.33717 36.0562 1181.78
209.077 63.5527 3.67161 3.1836 84.8487 524.12
211.063 63.7318 3.62063 3.20387 145.627 458.909
211.768 64.9602 3.66328 3.32456 139.82 543.137
209.256 65.0304 3.65997 3.18815 146.933 622.968
210.931 64.5928 3.64096 3.07575 118.462 533.606
214.475 65.5174 3.70581 3.25707 112.52 547.937
207.811 62.8962 3.70178 3.06055 103.485 547.316
210.261 61.0889 3.65485 3.22277 282.146 376.468
197.092 68.0541 3.70148 3.17208 50.2784 1254.71
215.154 63.7399 3.62242 3.32636 120.276 348.844
211.14 63.4056 3.61999 3.23554 151.46 431.723
211.668 61.807 3.64553 3.14246 204.864 317.438
216.01 63.9761 3.58862 3.04403 145.398 364.078
205.816 56.5593 3.74582 3.34338 169.799 806.202
208.468 61.98 3.6466 3.10965 173.565 484.636
209.777 60.5117 3.66327 3.21526 296.242 405.358
189.752 57.1766 3.72945 3.33388 97.2746 1613.97
209.253 61.4636 3.63841 3.13472 187.893 433.903
210.547 60.1043 3.70197 3.26745 215.297 371.734
192.073 65.5598 3.70436 3.32273 40.5578 1361.91
209.711 63.4502 3.65036 3.15226 94.6341 491.494
211.449 62.8295 3.71723 2.97822 122.994 380.046
211.415 62.9628 3.68536 2.91616 59.3715 390.149
211.462 62.6812 3.71859 3.12445 77.3194 370.265
212.058 62.8349 3.64152 3.00271 91.3558 355.509
211.771 63.0624 3.64238 3.02225 101.569 382.791
212.26 62.5808 3.68846 3.0896 133.994 330.158
211.152 62.8331 3.74083 3.03574 129.597 392.782
211.908 64.4716 3.63208 3.21763 139.242 494.294
213.052 64.4091 3.61534 3.0841 107.877 458.875
210.428 68.6408 3.71463 3.30547 68.1491 934.956
226.879 56.1146 3.80398 3.40971 55.9949 765.851
229.974 55.9154 3.76239 3.42293 29.3931 921.056
228.385 55.3279 3.78667 3.46948 58.7839 894.493
227.653 56.4191 3.77545 3.42201 64.9962 776.227
211.063 63.7323 3.62078 3.204 145.627 458.928
211.14 63.4057 3.62 3.23556 151.46 431.724
