# evlo=198.805695 evla=68.6483
194.627 64.5646 3.71699 3.2984 133.266 491.36
217.908 60.4896 3.67906 3.33404 39.1104 1280.36
217.654 61.036 3.68661 3.22773 36.3517 1223.61
217.507 60.403 3.68505 3.34746 38.132 1274.97
220.363 59.9534 3.6853 3.20966 38.6543 1410.32
216.3 60.3932 3.69558 3.28325 44.7524 1237.28
225.144 58.5792 3.7332 3.19852 20.3798 1698.6
215.395 60.9677 3.68123 3.30968 55.3747 1156.49
209.013 64.0997 3.71765 3.20307 58.7079 680.821
209.094 59.7511 3.67346 3.30667 77.9935 1107.29
209.259 59.7417 3.67814 3.28903 80.3409 1111.78
210.701 64.1732 3.69524 3.28239 34.7425 726.749
213.401 60.7277 3.68812 3.14864 52.1849 1118.8
215.271 60.5805 3.68073 3.22407 35.4369 1188.14
218.244 60.7315 3.6879 3.22269 33.0566 1270.09
213.052 64.4091 3.69834 3.24334 61.7036 787.32
217.659 60.6024 3.68363 3.27911 51.5903 1262.1
218.995 60.824 3.68626 3.18209 57.7731 1287.45
216.976 61.3836 3.68337 3.21247 69.6798 1170.63
211.063 63.7318 3.69147 3.30306 60.8841 775.659
218.049 60.1785 3.69114 3.34956 52.1916 1312.87
218.652 60.2994 3.67896 3.25835 38.6449 1321.94
211.14 63.4056 3.69169 3.19881 56.8337 806.342
219.217 60.1294 3.68393 3.23136 52.8515 1355.93
218.856 60.4399 3.68384 3.23421 62.2377 1316.3
216.546 61.2275 3.6864 3.25922 67.7185 1170.08
203.383 71.3221 3.78095 3.14944 146.28 345.575
205.026 71.0033 3.75243 3.08074 168.036 355.175
206.58 70.34 3.72848 3.0784 234.559 357.491
209.387 69.836 3.68855 3.15798 227.503 438.525
211.299 69.72 3.69999 3.13444 213.526 508.906
215.088 69.9175 3.71778 3.08851 130.549 656.341
216.289 69.626 3.71838 3.06088 112.939 701.132
235.93 69.3475 3.72793 3.11186 79.1599 1464.7
207.318 68.8799 3.68408 3.10834 236.068 344.911
209.319 68.9656 3.68399 3.03072 225.801 425.285
211.177 69.1532 3.66707 3.04554 186.129 499.508
213.625 69.322 3.68065 3.08696 181.487 596.558
219.035 69.243 3.70362 3.1128 142.707 810.357
221.263 69.3286 3.7007 3.07904 126.948 897.092
208.187 68.1343 3.71716 3.06482 155.246 389.541
210.384 68.0584 3.70593 3.06624 163.062 480.599
211.513 68.0748 3.69759 3.09549 131.368 526.077
214.432 68.1207 3.67417 3.06832 129.423 643.586
218.405 68.1861 3.67357 3.10407 110.422 803.107
220.465 68.6043 3.69833 3.09775 192.467 876.752
222.103 68.3889 3.70713 3.12125 232.22 947.227
223.281 66.3701 3.72056 3.20101 101.342 1067.84
193.671 65.4742 3.736 3.37762 167.835 418.28
195.352 65.7077 3.7147 3.1443 131.172 360.311
206.517 67.2221 3.72566 3.00374 158.404 360.072
207.821 67.5076 3.73705 2.98061 128.554 396.289
212.113 67.5187 3.70038 3.10111 147.723 567.437
214.357 67.5933 3.69 3.13739 132.467 655.742
215.855 67.6946 3.69543 3.11391 118.925 713.293
220.128 67.6136 3.68446 3.16234 143.002 889.575
224.214 67.6106 3.70115 3.13314 205.313 1055.29
226.258 67.441 3.72316 3.1471 127.975 1143.99
195.961 64.9941 3.74719 3.20989 136.03 426.135
197.645 65.3936 3.69195 3.11897 247.712 366.46
199.349 65.5011 3.68414 3.185 134.831 351.774
201.346 65.895 3.74082 3.18323 126.141 325.96
202.913 66.1434 3.70385 3.21585 131.068 330.157
206.494 66.5156 3.71021 3.02917 71.5352 404.177
208.493 66.9214 3.72372 2.98652 105.127 451.334
209.976 66.7108 3.72177 3.04816 131.308 519.615
212.525 66.7004 3.72143 3.09014 110.397 619.431
213.899 66.7653 3.70334 3.1061 77.9132 670.791
216.215 66.9498 3.70571 3.18749 140.486 755.601
218.345 66.8088 3.70384 3.14778 121.017 847.827
221.978 66.9116 3.69815 3.17249 76.6958 990.974
223.778 66.9808 3.7014 3.17302 94.2072 1061.32
225.729 66.9227 3.70967 3.19257 111.519 1142.94
197.761 64.6379 3.71495 3.32139 155.244 449.592
200.087 64.937 3.69218 3.2402 127.267 417.679
201.637 65.1527 3.73994 3.24442 102.318 408.968
203.551 65.5276 3.71813 3.2742 143.822 404.283
205.119 65.4924 3.70191 3.1473 79.8023 445.951
207.195 65.6571 3.69133 3.16073 75.0073 492.729
208.623 65.8937 3.66668 3.15417 72.7674 522.192
210.457 65.8251 3.7164 3.16183 56.9407 592.246
212.122 65.8371 3.72719 3.10436 59.2651 653.088
214.181 66.267 3.73597 3.14839 71.1613 707.255
218.473 66.2305 3.72089 3.2204 104.785 880.051
221.631 66.2191 3.72227 3.20819 70.6414 1008.1
225.657 65.8052 3.73549 3.25444 70.8212 1192.12
214.843 62.3987 3.70611 3.267 45.6082 1012.1
213.052 64.4091 3.69834 3.24334 61.7036 787.32
199.305 63.8864 3.684 3.25559 127.638 531.473
205.522 64.7962 3.70321 3.12139 63.1067 521.219
208.018 65.18 3.67465 3.20512 57.6357 557.716
210.64 65.1479 3.71011 3.25232 58.8135 647.157
216.846 65.3064 3.73254 3.16229 68.9237 867.101
218.385 65.6035 3.7141 3.24674 78.3695 910.045
220.064 65.4483 3.72077 3.20742 61.8175 985.702
221.694 65.3609 3.74185 3.20385 94.6343 1055.83
223.623 65.2225 3.73833 3.19952 68.8357 1141.24
196.446 62.7492 3.74762 3.30764 120.497 666.513
199.398 63.2842 3.68664 3.32582 122.03 598.73
200.922 63.3965 3.70937 3.31569 82.7661 593.345
203.285 63.465 3.69213 3.25721 104.362 612.176
204.379 63.994 3.7705 3.38721 101.374 575.486
205.853 64.1767 3.69755 3.19972 77.2359 588.903
214.63 64.613 3.7469 3.1331 51.4372 829.117
216.436 64.5012 3.75307 3.14819 79.6698 904.177
221.784 64.453 3.72478 3.21233 39.5001 1114.15
221.784 64.4525 3.7342 3.19998 69.9397 1114.16
223.67 64.5753 3.73799 3.18303 80.1313 1181.39
195.344 61.9331 3.7507 3.25898 61.5399 765.639
198.469 62.2938 3.69904 3.28126 156.09 708.689
201.699 62.7161 3.72661 3.20596 59.1546 674.502
214.222 63.8036 3.72385 3.25842 58.4501 875.222
217.924 64.0292 3.74725 3.18494 66.1899 993.326
222.48 63.8433 3.72872 3.23371 70.1081 1181.54
197.317 61.3416 3.72732 3.34177 110.407 817.597
198.513 61.678 3.70092 3.30621 108.432 777.267
200.525 61.7105 3.71954 3.37567 107.939 777.635
201.703 62.1344 3.72039 3.21064 64.5576 738.46
203.311 62.2195 3.70536 3.28606 119.814 746.193
216.652 63.0254 3.71747 3.31275 51.7979 1022.35
218.173 63.0618 3.73635 3.23298 45.2217 1074.27
221.871 63.109 3.75103 3.23188 56.628 1209.39
193.799 60.3849 3.7302 3.45007 132.858 951.337
196.65 60.4135 3.7527 3.28169 89.3316 923.721
198.04 60.7515 3.72197 3.30724 103.606 881.13
199.312 60.6947 3.71792 3.36536 123.091 887.041
201.041 61.0224 3.74268 3.38261 102.266 856.655
202.562 61.4009 3.70012 3.21482 67.5082 826.819
204.176 61.4907 3.73618 3.33972 80.6152 836.305
206.868 61.8823 3.67179 3.29274 50.3404 841.552
209.88 61.7531 3.72724 3.25597 52.4317 924.272
212.274 61.7929 3.68961 3.26456 45.6251 986.22
213.825 62.1067 3.68738 3.30474 50.3483 1004.75
217.004 62.4013 3.71741 3.29314 68.2221 1085.24
218.122 62.3579 3.72226 3.29732 62.4253 1128.14
223.206 62.5763 3.74956 3.22251 29.6519 1299.69
225.609 62.2024 3.73594 3.25445 35.2225 1420.14
198.315 59.9237 3.72758 3.36043 98.3611 972.905
199.908 60.1686 3.73287 3.40308 110.013 946.791
201.231 60.4742 3.74653 3.34364 38.879 918.498
202.813 60.5269 3.6887 3.30085 69.0021 925.059
204.11 60.6801 3.73374 3.35396 115.657 922.948
205.516 60.8132 3.76442 3.28027 59.6399 928.907
207.791 61.2001 3.67756 3.27192 60.8839 930.712
215.402 61.6061 3.67757 3.28561 58.9898 1099.43
226.918 61.1512 3.75587 3.28263 37.6347 1550.79
198.736 59.2533 3.73777 3.38234 155.855 1047.31
200.175 59.1767 3.73854 3.37691 109.825 1057.91
201.907 59.5938 3.69413 3.28088 60.8244 1020.3
202.905 59.7733 3.70201 3.33345 95.0424 1008.66
205.68 60.1952 3.73469 3.2723 38.4633 997.447
207.376 60.0815 3.69546 3.16732 45.0083 1038.59
219.809 60.7718 3.7001 3.15598 37.2872 1320.01
221.424 60.3024 3.70222 3.20072 45.6006 1416.81
223.909 60.7704 3.71993 3.40383 28.8348 1467.47
202.009 59.0314 3.69373 3.28391 46.369 1083.19
203.561 59.1953 3.71584 3.41583 83.5042 1078.5
222.262 59.6304 3.70109 3.16054 45.7304 1504.42
226.285 59.5898 3.73542 3.38494 43.3905 1653.41
227.183 60.2114 3.73218 3.21679 23.187 1635.74
212.566 65.1171 3.7368 3.18098 75.7635 717.889
203.344 58.6774 3.71389 3.37688 72.8277 1133.2
204.113 58.2637 3.73617 3.42933 67.4485 1186.36
204.991 58.6484 3.74018 3.30595 41.5051 1154.65
206.355 58.9287 3.77962 3.30296 43.955 1143.6
227.731 58.9601 3.74465 3.38243 39.1068 1760.35
202.426 57.5673 3.69224 3.26854 33.1033 1248.02
203.613 57.6397 3.74758 3.32122 32.9735 1249.82
205.548 57.5665 3.74767 3.29376 45.908 1279.4
229.033 59.3946 3.71808 3.33303 21.6948 1773.01
197.939 55.703 3.76252 3.37848 70.739 1443.37
223.768 57.9616 3.69911 3.2846 39.5916 1705.24
225.424 57.4688 3.72035 3.32634 30.8735 1807.44
210.428 68.6408 3.68634 3.13224 169.689 471.792
226.879 56.1146 3.72254 3.3673 29.2862 1981.97
228.385 55.3279 3.72408 3.36164 41.1752 2107.48
218.842 64.7774 3.74162 3.18624 60.9398 978.001
209.931 62.7622 3.03106 2.35984 56.4758 829.179
211.063 63.7323 3.69135 3.30295 60.8841 775.634
211.14 63.4057 3.69168 3.19879 56.8337 806.34
210.84 64.6544 3.67755 3.29329 35.5056 692.133
210.867 64.709 3.66898 3.28138 31.5519 688.722
210.853 64.7716 3.67356 3.27295 29.2522 683.343
210.847 64.8338 3.68375 3.28877 25.914 678.279
210.819 64.8857 3.69616 3.28091 34.2921 673.288
210.44 64.87 3.67618 3.33473 48.7345 661.664
210.174 64.8537 3.68281 3.29381 48.2891 654.036
210.069 64.7653 3.67176 3.32671 47.7331 657.608
210.917 64.5498 3.68648 3.34248 44.8509 703.024
210.782 64.5716 3.68123 3.32843 50.7077 696.784
210.554 64.5756 3.67384 3.34544 66.2529 688.904
210.901 64.613 3.67809 3.31023 49.9829 697.445
211.172 64.6917 3.6721 3.32653 47.2283 700.413
217.908 60.4896 3.67906 3.33404 39.1104 1280.36
217.507 60.403 3.68505 3.34746 38.132 1274.97
216.296 60.3923 3.69551 3.28319 44.7524 1237.26
215.271 60.5805 3.68073 3.22407 35.4369 1188.14
218.244 60.7315 3.6879 3.22269 33.0566 1270.09
217.659 60.602 3.68368 3.27917 51.5903 1262.12
218.995 60.8241 3.68623 3.18207 57.7731 1287.44
216.976 61.3836 3.68337 3.21247 69.6798 1170.63
218.049 60.1785 3.69114 3.34956 52.1916 1312.87
218.652 60.2994 3.67896 3.25835 38.6449 1321.94
219.217 60.1294 3.68393 3.23136 52.8515 1355.93
218.856 60.4399 3.68384 3.23421 62.2377 1316.3
216.546 61.2275 3.6864 3.25922 67.7185 1170.08
