# evlo=207.317902 evla=68.879898
194.627 64.5646 3.7457 3.25667 152.15 735.824
220.363 59.9534 3.69546 3.22729 42.4762 1171.77
225.144 58.5792 3.72385 3.36008 36.701 1435.71
216.716 60.1205 3.6813 3.16553 31.9981 1073.11
215.395 60.9677 3.70436 3.31067 87.0857 959.459
209.013 64.0997 3.6655 3.20593 90.021 538.324
209.094 59.7511 3.67522 3.23565 92.25 1021.2
209.259 59.7417 3.68029 3.23223 126.695 1022.92
210.701 64.1732 3.73284 3.33241 43.9099 545.795
208.846 60.7683 3.68209 3.25903 70.3214 907.188
207.916 63.4188 3.6849 3.23103 89.8236 609.552
212.195 64.6453 3.74895 3.18782 55.7268 518.417
200.411 54.831 3.76773 3.31629 42.8488 1604.87
207.685 63.8827 3.69186 3.31738 70.8906 557.489
208.763 59.5251 3.66876 3.23345 97.6622 1045.15
216.907 60.7523 3.68339 3.1735 22.986 1011.48
209.738 62.4058 3.69118 3.33149 139.266 730.273
215.271 60.5805 3.70703 3.29418 57.9393 997.96
218.244 60.7315 3.69791 3.18133 47.41 1042.86
213.052 64.4091 3.69567 3.21338 55.3379 558.891
216.749 60.4427 3.65557 3.15936 23.3239 1040.25
211.063 63.7318 3.74534 3.32671 68.117 597.876
218.652 60.2994 3.69133 3.13995 16.8616 1095.97
211.14 63.4056 3.7347 3.24754 76.2523 634.055
218.856 60.4399 3.70094 3.24021 28.1587 1086.49
212.138 64.8736 3.7274 3.1696 64.3074 493.898
198.929 70.2043 3.67585 3.04532 79.9826 358.784
198.198 69.3641 3.75851 3.06417 131.521 366.495
194.656 68.2746 3.69037 3.05036 184.717 519.749
196.822 68.4753 3.69598 3.04479 200.225 427.922
198.806 68.6483 3.68408 3.10834 236.068 344.911
215.088 69.9175 3.73514 3.10108 254.049 326.169
216.289 69.626 3.74282 3.16977 178.957 364.062
235.93 69.3475 3.72547 3.08393 145.551 1129.65
196.917 67.6988 3.6738 3.04248 230.785 448.664
219.035 69.243 3.68331 3.08595 194.953 468.529
221.263 69.3286 3.70344 3.08777 157.422 556.345
198.174 67.082 3.67091 2.95092 174.839 431.507
199.397 67.4213 3.67028 2.95833 192.893 366.755
218.405 68.1861 3.65724 3.08129 186.836 458.893
220.465 68.6043 3.67114 3.12 198.047 532.044
222.103 68.3889 3.68086 3.11334 234.874 602.382
223.281 66.3701 3.73698 3.1623 97.5929 731.197
193.671 65.4742 3.69079 3.14199 169.502 700.16
195.352 65.7077 3.69773 3.10325 169.26 623.709
198.75 66.442 3.7056 3.09304 247.453 453.351
200.349 66.6001 3.71046 2.99905 137.084 388.862
214.357 67.5933 3.72588 3.03153 132.006 324.548
215.855 67.6946 3.68051 3.07953 108.956 376.174
220.128 67.6136 3.66527 3.15572 126.553 547.409
224.214 67.6106 3.68525 3.1177 141.388 710.894
226.258 67.441 3.70956 3.14422 131.561 799.399
195.961 64.9941 3.74669 3.29239 119.286 657.351
197.645 65.3936 3.73191 3.24194 182.985 570.844
199.349 65.5011 3.72572 3.19847 111.44 510.063
201.346 65.895 3.72722 3.23215 140.896 419.773
202.913 66.1434 3.70403 3.1556 169.794 358.311
212.525 66.7004 3.66893 3.04449 69.1203 327.459
213.899 66.7653 3.76901 2.99486 70.8447 363.723
216.215 66.9498 3.74876 3.08161 80.1516 430.494
218.345 66.8088 3.71549 3.12465 125.505 517.579
221.978 66.9116 3.7039 3.19473 111.308 651.906
223.778 66.9808 3.70745 3.2051 138.407 719.7
225.729 66.9227 3.70502 3.2098 129.259 800.047
197.761 64.6379 3.70255 3.1933 99.2841 631.884
200.087 64.937 3.70323 3.29252 137.151 541.078
201.637 65.1527 3.71156 3.22038 166.102 483.405
203.551 65.5276 3.71068 3.14687 142.753 407.655
205.119 65.4924 3.69199 3.15496 159.814 389.53
207.195 65.6571 3.70412 3.19287 142.417 359.463
208.623 65.8937 3.67628 3.02333 81.5349 337.699
210.457 65.8251 3.73176 3.35343 163.389 366.326
212.122 65.8371 3.64933 3.1178 44.6097 396.966
214.181 66.267 3.73695 3.14808 47.1321 412.32
218.473 66.2305 3.72312 3.10752 80.6709 558.606
221.631 66.2191 3.71767 3.14579 95.1464 676.417
225.657 65.8052 3.74765 3.24512 92.2461 855.808
214.843 62.3987 3.70005 3.31957 69.147 800.099
213.052 64.4091 3.69567 3.21338 55.3379 558.891
199.305 63.8864 3.75175 3.34696 145.791 661.026
205.522 64.7962 3.73734 3.1862 108.866 462.139
208.018 65.18 3.68933 3.16101 60.0237 413.738
210.64 65.1479 3.74656 3.31536 108.259 440.518
216.846 65.3064 3.74686 3.11643 60.978 573.509
218.385 65.6035 3.74497 3.1544 58.1885 600.179
220.064 65.4483 3.70399 3.11665 68.0105 669.888
221.694 65.3609 3.73994 3.21323 53.9742 734.467
223.623 65.2225 3.73788 3.20044 48.7214 814.985
196.446 62.7492 3.7329 3.21864 87.995 842.716
199.398 63.2842 3.71105 3.37988 150.167 718.323
200.922 63.3965 3.70315 3.19076 88.4145 675.404
203.285 63.465 3.73369 3.32506 166.867 630.285
204.379 63.994 3.73018 3.25855 113.462 560.251
205.853 64.1767 3.73297 3.21912 114.735 528.465
214.63 64.613 3.70116 3.32045 92.224 573.881
216.436 64.5012 3.68925 3.30089 49.5212 631.695
221.784 64.453 3.78596 3.13702 25.2526 804.711
221.784 64.4525 3.73354 3.13026 40.498 804.729
223.67 64.5753 3.75083 3.21698 69.5494 862.228
195.344 61.9331 3.73224 3.30785 74.9542 950.06
198.469 62.2938 3.71975 3.38043 133.392 838.344
201.699 62.7161 3.7461 3.294 119.698 733.102
205.93 63.3569 3.74513 3.25336 79.4265 619.008
214.222 63.8036 3.71397 3.36631 67.4851 644.155
217.924 64.0292 3.6896 3.32724 58.6637 716.611
222.48 63.8433 3.77385 3.14514 59.8317 876.838
197.317 61.3416 3.75013 3.34564 110.06 960.165
198.513 61.678 3.7249 3.39153 86.148 900.045
200.525 61.7105 3.72647 3.30257 95.1763 858.671
201.703 62.1344 3.75127 3.32048 98.8484 794.959
203.311 62.2195 3.74579 3.26574 108.831 764.959
205.146 62.1816 3.73334 3.31678 86.7656 753.462
206.12 62.4787 3.75037 3.28975 75.9306 715.832
216.652 63.0254 3.71795 3.26084 46.1775 776.918
218.173 63.0618 3.72274 3.27661 64.903 812.629
221.871 63.109 3.73518 3.31339 24.4154 918.151
193.799 60.3849 3.73345 3.34896 94.9711 1141.21
196.65 60.4135 3.74578 3.29784 69.7497 1069.35
198.04 60.7515 3.72892 3.44103 107.738 1005.17
199.312 60.6947 3.73178 3.33829 95.1843 986.867
201.041 61.0224 3.74837 3.27469 109.93 923.769
202.562 61.4009 3.74294 3.30038 107.738 862.578
204.176 61.4907 3.73798 3.3027 113.937 836.629
205.609 61.9037 3.73482 3.30944 80.6732 781.8
206.868 61.8823 3.71894 3.30221 58.1928 780.489
209.88 61.7531 3.69576 3.35307 85.0304 803.359
212.274 61.7929 3.74881 3.15559 36.1059 822.562
213.825 62.1067 3.65463 3.3669 50.0864 812.037
217.004 62.4013 3.70351 3.31649 59.7919 846.756
218.122 62.3579 3.72466 3.26873 43.2462 878.589
221.538 62.4435 3.71557 3.33985 51.8885 966.511
223.206 62.5763 3.75308 3.40069 41.1016 1007.14
225.609 62.2024 3.78145 3.20251 27.203 1118.73
198.315 59.9237 3.73719 3.42982 117.006 1086.15
199.908 60.1686 3.73754 3.29268 111.13 1032.54
201.231 60.4742 3.74854 3.27002 60.5967 980.001
202.813 60.5269 3.75192 3.34483 145.269 955.086
204.11 60.6801 3.74063 3.3418 86.6687 926.508
205.516 60.8132 3.72902 3.36235 71.0316 903.304
207.791 61.2001 3.68562 3.1942 64.2108 856.521
215.402 61.6061 3.69771 3.31518 51.0491 892.984
222.911 61.4593 3.72795 3.36409 55.6437 1097.69
224.22 61.4862 3.72414 3.33512 43.7452 1135.74
198.736 59.2533 3.73241 3.35666 76.5777 1149.43
200.175 59.1767 3.7558 3.25996 79.3604 1134.82
201.907 59.5938 3.75604 3.32406 118.322 1066.98
202.905 59.7733 3.75344 3.32659 98.3509 1036.74
204.792 59.8542 3.72991 3.37123 61.4464 1013.35
205.68 60.1952 3.74106 3.3687 49.227 971.306
207.376 60.0815 3.66371 3.18113 65.5002 980.879
210.276 60.4814 3.69753 3.27993 74.4333 946.633
219.809 60.7718 3.69368 3.29316 39.2202 1076.68
221.424 60.3024 3.69541 3.346 57.4482 1164.85
223.909 60.7704 3.74378 3.35395 62.654 1191.42
190.452 56.6011 3.74291 3.35843 55.5006 1605.33
202.009 59.0314 3.76502 3.32738 103.491 1127.24
203.561 59.1953 3.74584 3.37684 69.2315 1094.6
204.771 59.3922 3.7278 3.3752 86.2049 1064.69
206.768 59.6524 3.67591 3.16166 44.7383 1029.02
222.262 59.6304 3.71657 3.29136 34.5087 1252.98
223.04 60.1218 3.70129 3.36812 41.722 1226.98
226.285 59.5898 3.76717 3.30752 35.9604 1373.9
227.183 60.2114 3.73902 3.36827 48.6316 1345.43
212.566 65.1171 3.67025 3.2311 79.1953 477.649
203.344 58.6774 3.74824 3.39202 94.9209 1153.46
204.113 58.2637 3.73283 3.37703 58.2097 1193.63
204.991 58.6484 3.73228 3.43248 53.3165 1146.08
206.355 58.9287 3.70587 3.16956 29.2991 1110.27
207.606 58.6097 3.66276 3.19884 75.2436 1144.92
227.731 58.9601 3.77361 3.31982 22.8199 1477.79
202.426 57.5673 3.74371 3.38669 46.3953 1283.72
203.613 57.6397 3.73035 3.33517 35.2685 1266.05
224.26 58.4133 3.70904 3.35417 21.6129 1426.85
225.482 58.2747 3.72717 3.36544 34.6845 1474.94
229.033 59.3946 3.73364 3.35203 48.8304 1479.94
197.939 55.703 3.72948 3.51204 56.3496 1542.93
200.447 56.2848 3.77155 3.29602 59.9958 1445.33
225.424 57.4688 3.73082 3.32864 40.7856 1552.1
227.048 56.8144 3.73389 3.39681 21.8909 1662.62
212.138 64.8735 3.72415 3.22618 34.0783 493.905
226.879 56.1146 3.73966 3.34879 44.1973 1726.89
228.385 55.3279 3.74557 3.38831 36.4061 1847.87
218.842 64.7774 3.76845 3.16189 45.5482 680.391
227.653 56.4191 3.74025 3.38339 31.2663 1718.99
211.063 63.7323 3.74505 3.32645 68.117 597.83
211.14 63.4057 3.73467 3.24752 76.2523 634.05
218.547 60.1369 4.12358 3.66336 57.7916 1110.08
210.84 64.6544 3.74036 3.30525 41.5954 495.899
210.867 64.709 3.72711 3.30423 43.6869 490.44
210.853 64.7716 3.74793 3.33382 55.0988 483.575
210.847 64.8338 3.76125 3.33775 43.0465 476.861
210.819 64.8857 3.75768 3.37886 54.6394 470.935
210.44 64.87 3.72832 3.32102 97.4604 467.519
210.174 64.8537 3.69808 3.29071 103.433 466.027
210.069 64.7653 3.69794 3.29509 137.544 474.396
210.917 64.5498 3.74002 3.3682 59.8247 508.12
210.782 64.5716 3.73454 3.35988 54.3932 503.973
210.554 64.5756 3.72889 3.35661 95.918 500.613
210.901 64.613 3.7372 3.32319 52.2655 501.148
211.172 64.6917 3.75651 3.29237 69.6129 496.667
216.716 60.1205 3.6813 3.16553 31.9981 1073.11
215.271 60.5805 3.70703 3.29418 57.9393 997.96
218.244 60.7315 3.69791 3.18133 47.41 1042.86
216.749 60.4427 3.65557 3.15936 23.3239 1040.25
218.652 60.2994 3.69133 3.13995 16.8616 1095.97
218.856 60.4399 3.70094 3.24021 28.1587 1086.49
