# evlo=218.473495 evla=66.230499
194.627 64.5646 3.75751 3.46411 165.219 1116.58
217.908 60.4896 3.67609 3.14098 42.5574 640.537
217.654 61.036 3.70318 3.20781 31.0468 580.448
217.507 60.403 3.70064 3.16945 33.8284 651.353
218.338 61.0595 3.64547 3.15683 60.2015 576.457
220.363 59.9534 3.68522 3.22063 47.8901 706.059
216.3 60.3932 3.75464 3.34089 66.5794 659.623
225.144 58.5792 3.74946 3.36249 65.8699 918.636
216.716 60.1205 3.73501 3.30929 56.6494 686.704
215.395 60.9677 3.6721 3.19211 105.461 606.037
209.013 64.0997 3.76859 3.44387 216.057 502.474
209.094 59.7511 3.68197 3.25255 111.015 862.67
209.259 59.7417 3.6851 3.26103 122.598 859.086
210.701 64.1732 3.77339 3.32284 141.776 429.723
208.846 60.7683 3.69473 3.24458 96.8658 773.255
207.916 63.4188 3.75753 3.41201 195.152 590.16
212.195 64.6453 3.76902 3.36032 215.133 340.543
204.378 55.8218 3.68655 3.21782 49.6058 1380.74
207.685 63.8827 3.77345 3.4406 206.783 570.355
208.763 59.5251 3.67877 3.23571 138.972 893.759
209.796 67.2269 3.74002 3.4431 159.568 398.144
216.907 60.7523 3.71113 3.31846 55.31 615.564
218.66 60.9649 3.6676 3.22029 93.5276 587.032
209.738 62.4058 3.73252 3.33562 114.736 599.322
217.513 60.0823 3.68213 3.14534 35.3713 686.988
212.624 63.0753 3.72088 3.39671 185.13 448.924
214.225 61.1292 3.67278 3.2199 120.163 605.944
214.25 60.5487 3.65945 3.1833 138.829 667.241
196.582 54.8564 3.72196 3.35381 62.9012 1728.28
213.401 60.7277 3.66611 3.22331 112.342 662.933
209.784 61.1426 3.70657 3.25144 118.846 710.383
188.296 63.7758 3.76947 3.46133 122.768 1434.65
203.121 64.7461 3.76695 3.43699 226.816 728.018
211.074 61.771 3.71646 3.33155 170.881 614.149
216.188 61.4417 3.68505 3.26225 165.855 545.462
212.904 60.8792 3.67151 3.25824 106.919 657.029
215.271 60.5805 3.67896 3.22302 141.46 649.595
216.679 60.2805 3.72623 3.33859 60.8806 669.244
218.244 60.7315 3.67186 3.18625 64.2016 613.072
213.052 64.4091 3.79384 3.42245 205.415 324.01
217.659 60.6024 3.69035 3.18136 42.3945 628.654
216.749 60.4427 3.74039 3.33483 69.9202 650.839
217.639 60.9231 3.70061 3.23228 50.2454 593.052
218.995 60.824 3.68462 3.26935 79.9846 603.213
216.976 61.3836 3.72283 3.34358 124.972 545.277
211.063 63.7318 3.74132 3.30912 217.13 446.745
218.049 60.1785 3.676 3.14364 63.9122 674.915
216.031 60.2361 3.72244 3.32947 105.972 679.222
217.533 61.1871 3.7388 3.36374 63.7205 564.104
218.652 60.2994 3.65727 3.16303 46.1071 661.172
211.14 63.4056 3.75305 3.28583 164.445 469.07
219.217 60.1294 3.68699 3.27542 84.8722 681.071
216.221 60.072 3.73464 3.31021 90.6996 695.661
218.856 60.4399 3.65791 3.27105 72.3151 645.738
216.546 61.2275 3.70805 3.27811 124.332 565.705
212.138 64.8736 3.75865 3.36326 332.289 329.268
198.929 70.2043 3.67816 3.19057 55.369 917.309
203.383 71.3221 3.70468 3.19602 61.1634 829.219
205.026 71.0033 3.72042 3.14897 31.1855 760.473
234.753 71.9871 3.81032 3.27092 83.3069 906.832
198.198 69.3641 3.67738 3.14755 28.8165 918.582
202.84 70.0079 3.70594 3.14701 74.24 771.583
205.387 69.6211 3.67579 3.12287 53.4924 664.563
206.58 70.34 3.7189 3.21876 61.3662 669.801
194.656 68.2746 3.71443 3.18499 116.223 1045.97
196.822 68.4753 3.71675 3.18421 74.8778 958.192
198.806 68.6483 3.72089 3.2204 104.785 880.051
200.413 69.1049 3.72532 3.14871 65.9585 826.627
205.217 69.1565 3.71748 3.0827 66.7166 647.737
209.387 69.836 3.69424 3.19126 81.7621 551.831
211.299 69.72 3.70694 3.23733 114.558 490.975
215.088 69.9175 3.71714 3.30077 119.276 434.622
216.289 69.626 3.66331 3.13436 98.7067 389.587
235.93 69.3475 3.88338 3.40788 111.991 810.829
196.917 67.6988 3.70121 3.21872 94.2046 950.71
201.885 68.4946 3.70918 3.19988 91.5968 753.409
203.387 68.7132 3.70259 3.18868 98.5206 699.883
207.318 68.8799 3.72312 3.10752 80.6709 558.606
209.319 68.9656 3.73345 3.03896 74.4416 493.893
211.177 69.1532 3.67509 3.12362 88.2831 448.745
213.625 69.322 3.66154 3.18575 111.673 400.736
219.035 69.243 3.76976 3.32674 136.661 336.825
221.263 69.3286 3.74509 3.26347 150.243 364.97
198.174 67.082 3.72157 3.34451 91.7391 898.883
199.397 67.4213 3.70884 3.31435 107.616 845.014
202.768 67.4572 3.72239 3.28161 109.752 700.872
203.811 68.2575 3.70481 3.2601 144.152 670.342
206.028 68.4414 3.71539 3.18274 97.7469 588.064
208.187 68.1343 3.70653 3.22705 149.03 492.573
210.384 68.0584 3.71555 3.20871 135.186 405.27
211.513 68.0748 3.7441 3.2191 113.31 364.821
193.671 65.4742 3.75445 3.45453 137.608 1128.3
195.352 65.7077 3.75816 3.45184 158.809 1046.72
198.75 66.442 3.76053 3.46265 132.136 880.387
200.349 66.6001 3.75392 3.42374 115.232 807.743
202.227 66.8332 3.74697 3.42904 155.322 723.301
204.275 67.0486 3.75486 3.44212 168.172 633.653
206.517 67.2221 3.74533 3.45878 245.321 537.965
207.821 67.5076 3.72701 3.40561 140.764 487.681
226.258 67.441 3.83808 3.31599 221.082 367.228
195.961 64.9941 3.74807 3.46428 161.424 1040.96
197.645 65.3936 3.7443 3.46081 182.236 952.732
199.349 65.5011 3.74857 3.44444 155.973 873.246
201.346 65.895 3.75556 3.43638 212.456 774.231
202.913 66.1434 3.74778 3.44263 182.812 699.606
206.494 66.5156 3.74531 3.46438 301.836 536.074
208.493 66.9214 3.74638 3.46828 237.446 449.073
209.976 66.7108 3.76301 3.54369 279.827 382.16
225.729 66.9227 3.84641 3.36872 235.427 330.903
197.761 64.6379 3.76374 3.43275 180.753 972.771
200.087 64.937 3.75802 3.43144 253.631 857.318
201.637 65.1527 3.75238 3.44738 229.744 780.506
203.551 65.5276 3.76164 3.42038 190.589 683.614
205.119 65.4924 3.76311 3.45918 213.576 613.96
207.195 65.6571 3.73791 3.42925 272.584 516.471
208.623 65.8937 3.73125 3.41133 218.348 447.295
210.457 65.8251 3.76228 3.41602 317.348 366.141
225.657 65.8052 3.78482 3.42075 228.217 329.199
214.843 62.3987 3.68114 3.29074 146.36 461.691
213.052 64.4091 3.79384 3.42245 205.415 324.01
199.305 63.8864 3.76023 3.44885 190.646 935.172
205.522 64.7962 3.7545 3.4456 198.04 618.975
208.018 65.18 3.76297 3.4314 204.127 493.649
210.64 65.1479 3.75367 3.40421 329.003 379.413
196.446 62.7492 3.76888 3.49557 207.753 1120.66
199.398 63.2842 3.77212 3.49027 182.377 961.051
200.922 63.3965 3.78308 3.50919 138.948 887.962
203.285 63.465 3.79005 3.47856 167.504 781.28
204.379 63.994 3.76993 3.44624 172.514 705.665
205.853 64.1767 3.78331 3.45238 206.395 632.29
195.344 61.9331 3.77334 3.45656 108.518 1216.87
198.469 62.2938 3.77309 3.42347 120.885 1058.3
201.699 62.7161 3.79039 3.4462 135.894 893.281
205.93 63.3569 3.77452 3.39295 120.089 675.261
214.222 63.8036 3.70116 3.41496 223.264 336.591
222.48 63.8433 3.79943 3.23225 177.329 326.151
197.317 61.3416 3.76034 3.44591 106.276 1168.93
198.513 61.678 3.76413 3.45636 104.877 1095.45
200.525 61.7105 3.77076 3.45811 152.181 1008.11
201.703 62.1344 3.77022 3.41166 125.712 930.283
203.311 62.2195 3.7703 3.43451 163.668 857.859
205.146 62.1816 3.75243 3.45179 178.328 786.671
206.12 62.4787 3.75434 3.42735 135.424 726.777
216.652 63.0254 3.75708 3.36211 123.652 367.753
218.173 63.0618 3.80478 3.44723 152.408 353.561
221.871 63.109 3.70736 3.28747 111.667 383.844
193.799 60.3849 3.7568 3.46323 112.377 1385.39
196.65 60.4135 3.77106 3.47194 77.0496 1261.67
198.04 60.7515 3.77626 3.48586 99.9181 1179.09
199.312 60.6947 3.77704 3.44372 95.0334 1130.44
201.041 61.0224 3.76368 3.38591 85.4815 1035.77
202.562 61.4009 3.7651 3.42086 108.106 946.55
204.176 61.4907 3.75547 3.40685 111.182 876.163
205.609 61.9037 3.73646 3.36894 149.591 789.387
206.868 61.8823 3.73237 3.31263 157.463 743.735
209.88 61.7531 3.72024 3.32593 145.022 651.593
212.274 61.7929 3.6771 3.30388 192.484 579.63
213.825 62.1067 3.66622 3.25749 166.677 511.986
217.004 62.4013 3.72496 3.32268 136.154 432.738
218.122 62.3579 3.78601 3.38553 84.1771 432.057
221.538 62.4435 3.71608 3.32093 145.206 447.284
223.206 62.5763 3.77351 3.26131 74.9771 466.674
225.609 62.2024 3.80353 3.19499 103.879 566.462
198.315 59.9237 3.77043 3.43316 75.618 1229
199.908 60.1686 3.75865 3.36658 123.956 1145.91
201.231 60.4742 3.7499 3.38528 106.006 1069.68
202.813 60.5269 3.73327 3.42311 106.52 1004.03
204.11 60.6801 3.72621 3.38546 130.397 942.727
205.516 60.8132 3.71586 3.33991 173.157 880.335
207.791 61.2001 3.71588 3.29246 137.03 768.255
215.402 61.6061 3.67039 3.22817 174.579 536.936
222.911 61.4593 3.74731 3.36368 90.6697 574.608
224.22 61.4862 3.75264 3.40153 98.6988 599.094
226.918 61.1512 3.79386 3.22079 48.0737 702.386
198.736 59.2533 3.75711 3.38679 119.505 1264.67
200.175 59.1767 3.75086 3.38687 88.1972 1214.86
201.907 59.5938 3.73474 3.40248 129.863 1114.62
202.905 59.7733 3.72578 3.38851 117.08 1062.53
204.792 59.8542 3.71635 3.31752 105.743 988.091
205.68 60.1952 3.7098 3.29822 99.456 927.614
207.376 60.0815 3.68221 3.23322 128.536 882.055
210.276 60.4814 3.69877 3.29455 119.876 759.593
219.809 60.7718 3.68661 3.32021 69.8025 612.066
221.424 60.3024 3.68775 3.3429 98.4718 676.998
190.452 56.6011 3.7625 3.43405 30.9333 1816.04
202.009 59.0314 3.73185 3.42263 112.676 1158.53
203.561 59.1953 3.72096 3.36149 116.289 1088.84
204.771 59.3922 3.70004 3.28498 113.268 1029.7
206.768 59.6524 3.68679 3.22362 178.078 940.735
212.597 59.9979 3.67233 3.2783 95.5889 754.608
222.262 59.6304 3.72077 3.35632 93.7957 760.052
227.183 60.2114 3.75946 3.48857 75.7059 799.626
203.344 58.6774 3.71601 3.3535 109.856 1142.4
204.113 58.2637 3.70161 3.27964 124.673 1154.32
204.991 58.6484 3.69808 3.24945 119.14 1090.22
206.355 58.9287 3.68841 3.21926 77.0203 1021.15
207.606 58.6097 3.68131 3.18643 181.893 1015.11
213.66 59.4296 3.66674 3.19184 112.397 796.158
227.731 58.9601 3.79583 3.29796 70.9842 937.395
202.426 57.5673 3.71309 3.32572 93.8303 1274.61
203.613 57.6397 3.70032 3.27217 87.2908 1228.69
205.548 57.5665 3.67222 3.15645 67.636 1175.75
224.26 58.4133 3.7265 3.28412 53.8565 920.496
225.482 58.2747 3.75497 3.35278 54.7895 957.154
229.033 59.3946 3.75393 3.46244 114.76 930.367
197.939 55.703 3.72308 3.40434 72.5601 1601.78
200.447 56.2848 3.70628 3.34742 90.6714 1460.33
223.768 57.9616 3.72022 3.36451 54.1636 961.306
225.424 57.4688 3.73821 3.36017 64.8545 1041.25
229.75 56.9811 3.70636 3.38816 25.9235 1187.84
212.138 64.8735 3.7567 3.34345 221.42 329.282
210.428 68.6408 3.74028 3.07726 83.652 436.545
226.879 56.1146 3.75197 3.36948 46.3314 1212.08
229.974 55.9154 3.73903 3.37497 39.6777 1301.65
209.931 62.7622 3.11413 2.73785 112.378 563.113
211.063 63.7323 3.74085 3.30871 217.13 446.69
211.14 63.4057 3.753 3.28578 164.445 469.063
218.547 60.1369 3.84677 3.36984 141.434 679.226
217.908 60.4896 3.67609 3.14098 42.5574 640.537
217.507 60.403 3.70064 3.16945 33.8284 651.353
218.338 61.0595 3.64547 3.15683 60.2015 576.457
216.296 60.3923 3.75536 3.34153 66.5794 659.75
216.716 60.1205 3.73501 3.30929 56.6494 686.704
215.271 60.5805 3.67896 3.22302 141.46 649.595
216.679 60.2805 3.72623 3.33859 60.8806 669.244
218.244 60.7315 3.67186 3.18625 64.2016 613.072
217.659 60.602 3.69063 3.18159 42.3945 628.7
216.749 60.4427 3.74039 3.33483 69.9202 650.839
217.639 60.9231 3.70062 3.23229 50.2454 593.053
218.995 60.8241 3.68455 3.26929 79.9846 603.202
216.976 61.3836 3.72283 3.34358 124.972 545.277
218.049 60.1785 3.676 3.14364 63.9122 674.915
216.031 60.2361 3.72244 3.32947 105.972 679.222
217.533 61.187 3.73887 3.3638 63.7205 564.114
218.652 60.2994 3.65727 3.16303 46.1071 661.172
219.217 60.1294 3.68699 3.27542 84.8722 681.071
216.221 60.072 3.73464 3.31021 90.6996 695.661
218.856 60.4399 3.65791 3.27105 72.3151 645.738
216.546 61.2275 3.70805 3.27811 124.332 565.705
209.518 60.7352 3.69884 3.27823 67.0371 756.367
209.518 60.7351 3.69883 3.27823 67.0371 756.365
