# evlo=223.623306 evla=65.222504
194.627 64.5646 3.77582 3.45459 122.162 1363.19
217.908 60.4896 3.66577 3.22467 79.1666 601.926
217.654 61.036 3.65893 3.23076 70.3829 554.861
217.507 60.403 3.65989 3.26732 99.2286 620.537
218.338 61.0595 3.63598 3.3055 120.526 534.718
220.363 59.9534 3.72706 3.19694 78.2755 610.492
216.3 60.3932 3.65414 3.24272 86.4539 654.291
225.144 58.5792 3.71999 3.40084 69.4656 744.6
216.716 60.1205 3.66213 3.24292 115.669 668.958
215.395 60.9677 3.67126 3.2176 186.405 629.601
209.013 64.0997 3.78253 3.40456 222.944 707.44
209.094 59.7511 3.69404 3.26373 85.3811 962.074
209.259 59.7417 3.69798 3.25859 84.511 956.334
210.701 64.1732 3.78239 3.3836 120.242 626.328
208.846 60.7683 3.69324 3.26113 82.717 895.187
207.916 63.4188 3.79096 3.39366 133.084 783.65
212.195 64.6453 3.77691 3.38868 216.996 543.536
204.378 55.8218 3.68403 3.18004 38.6481 1476.58
207.685 63.8827 3.77982 3.41613 133.476 776.699
208.763 59.5251 3.68566 3.2317 90.8265 993.135
209.796 67.2269 3.78722 3.34418 91.844 659.528
216.907 60.7523 3.6556 3.27479 89.295 602.766
218.66 60.9649 3.65373 3.24266 145.837 536.345
209.738 62.4058 3.76049 3.3367 123.587 750.53
217.513 60.0823 3.66435 3.2275 146.917 652.308
212.624 63.0753 3.75683 3.29916 165.219 585.42
214.225 61.1292 3.69719 3.21647 144.191 656.226
215.93 63.6482 3.81053 3.31641 114.197 409.673
214.25 60.5487 3.69353 3.18638 155.681 704.822
196.582 54.8564 3.71355 3.29527 43.347 1873.96
213.401 60.7277 3.69977 3.21489 138.904 719.348
209.784 61.1426 3.70387 3.29941 85.835 829.463
214.766 66.5657 3.79335 3.39479 129.832 430.266
188.296 63.7758 3.78181 3.48453 118.498 1682.84
203.121 64.7461 3.78489 3.42955 149.08 964.962
211.074 61.771 3.73422 3.31669 84.5782 732.088
216.188 61.4417 3.67113 3.21493 237.086 561.743
212.904 60.8792 3.70153 3.2463 125.365 725.204
215.271 60.5805 3.66755 3.20201 152.415 668.252
216.679 60.2805 3.65745 3.24112 109.377 654.414
218.244 60.7315 3.65938 3.22209 143.865 569.618
213.052 64.4091 3.78655 3.34557 198.772 509.636
213.497 60.396 3.69261 3.18567 110.313 744.086
215.738 60.3351 3.67 3.2134 103.642 676.326
208.348 59.6572 3.6797 3.23648 90.59 999.094
217.659 60.6024 3.65575 3.27763 123.803 596.967
216.749 60.4427 3.65864 3.25173 136.375 636.834
217.639 60.9231 3.64869 3.28045 142.137 566.152
218.995 60.824 3.67189 3.23182 142.375 543.054
216.976 61.3836 3.66477 3.26181 143.741 541.837
211.063 63.7318 3.79102 3.38754 161.832 625.37
218.049 60.1785 3.66399 3.23447 114.976 629.898
216.031 60.2361 3.66374 3.22637 143.692 676.982
217.533 61.1871 3.64935 3.26221 151.461 543.76
218.652 60.2994 3.68356 3.23931 66.2358 604.204
211.14 63.4056 3.78396 3.33474 155.477 635.779
219.217 60.1294 3.69296 3.13187 91.8944 610.543
216.221 60.072 3.66984 3.25558 141.996 687.241
218.856 60.4399 3.68302 3.20751 77.7317 585.443
216.546 61.2275 3.65834 3.23793 168.215 569.357
212.138 64.8736 3.7772 3.38977 245.159 541.475
198.929 70.2043 3.71965 3.21823 55.1476 1172.41
234.753 71.9871 3.87982 3.47069 73.7074 877.117
198.198 69.3641 3.7109 3.1447 52.6003 1178.01
202.84 70.0079 3.72275 3.21107 54.3452 1024.63
205.387 69.6211 3.71807 3.18016 69.7728 917.476
206.58 70.34 3.75347 3.18841 43.5092 913.048
194.656 68.2746 3.73494 3.24317 68.3623 1307.56
196.822 68.4753 3.74122 3.21347 88.2364 1219.68
198.806 68.6483 3.73833 3.19952 68.8357 1141.24
200.413 69.1049 3.7271 3.22233 38.2073 1086.36
205.217 69.1565 3.71738 3.21117 62.0142 904.454
209.387 69.836 3.75656 3.22862 54.3497 792.735
211.299 69.72 3.77146 3.18946 48.6992 725.226
215.088 69.9175 3.75622 3.20368 41.7073 636.235
216.289 69.626 3.76387 3.22656 52.6619 582.237
235.93 69.3475 3.89747 3.46179 142.234 699.974
196.917 67.6988 3.72488 3.22093 90.6505 1211.94
201.885 68.4946 3.73912 3.25222 56.1306 1014.53
203.387 68.7132 3.73471 3.2802 75.1073 960.049
207.318 68.8799 3.73788 3.20044 48.7214 814.985
209.319 68.9656 3.7346 3.17434 55.252 745.93
211.177 69.1532 3.74475 2.99694 18.6946 692.375
213.625 69.322 3.76982 3.25832 62.2566 627.031
219.035 69.243 3.76975 3.33684 77.0319 489.929
221.263 69.3286 3.75508 3.19522 111.441 469.02
198.174 67.082 3.75658 3.33345 81.1404 1158.61
202.768 67.4572 3.74422 3.30518 52.8231 961.822
203.811 68.2575 3.7292 3.24224 80.1768 931.629
206.028 68.4414 3.74034 3.25723 52.6814 848.177
208.187 68.1343 3.73379 3.27024 92.0385 752.85
210.384 68.0584 3.73301 3.24724 71.4234 664.048
211.513 68.0748 3.73815 3.31848 75.948 621.612
214.432 68.1207 3.76891 3.2871 113.145 518.32
218.405 68.1861 3.79516 3.22038 60.0443 402.578
220.465 68.6043 3.77348 3.40976 97.4775 401.554
222.103 68.3889 3.78208 3.3425 80.7603 359.356
193.671 65.4742 3.77123 3.44057 130.193 1381.7
195.352 65.7077 3.77596 3.45264 108.344 1300.54
198.75 66.442 3.78764 3.40553 118.101 1137.17
200.349 66.6001 3.77312 3.37303 83.3217 1065.1
202.227 66.8332 3.77239 3.35877 99.4673 981.765
204.275 67.0486 3.77265 3.34731 85.3178 893.284
206.517 67.2221 3.77301 3.31528 97.7411 798.659
207.821 67.5076 3.7602 3.33419 85.4793 749.229
212.113 67.5187 3.76947 3.27552 89.8186 574.005
214.357 67.5933 3.77883 3.20968 102.578 490.48
215.855 67.6946 3.79753 3.27108 99.827 442.174
195.961 64.9941 3.76971 3.44578 132.808 1289.51
197.645 65.3936 3.76953 3.42218 113.872 1202.96
199.349 65.5011 3.7763 3.43469 166.201 1123.08
201.346 65.895 3.78601 3.45063 151.37 1026.22
202.913 66.1434 3.78614 3.44571 154.259 953.085
206.494 66.5156 3.79292 3.4784 176.064 792.269
208.493 66.9214 3.80195 3.43259 140.391 708.779
209.976 66.7108 3.79944 3.47219 147.923 640.814
212.525 66.7004 3.79542 3.50301 152.069 530.078
213.899 66.7653 3.79709 3.42925 146.505 473.359
216.215 66.9498 3.81941 3.31655 113.732 386.273
197.761 64.6379 3.77633 3.45733 168.863 1216.39
200.087 64.937 3.76892 3.4267 146.273 1101.04
201.637 65.1527 3.76471 3.43033 155.207 1024.77
203.551 65.5276 3.77579 3.43821 137.837 930.3
205.119 65.4924 3.77531 3.39902 135.888 858.68
207.195 65.6571 3.77723 3.39579 157.875 761.602
208.623 65.8937 3.7761 3.39662 193.073 695.201
210.457 65.8251 3.78216 3.38252 143.206 611.497
212.122 65.8371 3.79384 3.39994 182.73 535.439
214.181 66.267 3.79563 3.3938 181.899 447.897
214.843 62.3987 3.74013 3.32202 146.954 534.199
213.052 64.4091 3.78655 3.34557 198.772 509.636
199.305 63.8864 3.77997 3.38858 104.284 1168.31
205.522 64.7962 3.78875 3.41763 154.734 852.033
208.018 65.18 3.79896 3.42718 105.206 728.807
210.64 65.1479 3.78806 3.4452 234.464 607.248
216.846 65.3064 3.75957 3.34737 190.477 316.549
196.446 62.7492 3.77418 3.47491 132.463 1347.52
199.398 63.2842 3.78458 3.41886 140.085 1186.6
200.922 63.3965 3.78282 3.47534 114.884 1110.82
203.285 63.465 3.78375 3.44878 174.632 997.655
204.379 63.994 3.793 3.43382 126.541 927.532
205.853 64.1767 3.8016 3.4431 170.355 852.771
214.63 64.613 3.79481 3.33516 216.775 430.563
216.436 64.5012 3.79377 3.39313 232.011 349.946
195.344 61.9331 3.79666 3.51732 96.4722 1438.11
198.469 62.2938 3.7954 3.51655 116.455 1274.16
201.699 62.7161 3.79328 3.48399 130.444 1103.49
205.93 63.3569 3.78352 3.45237 161.627 878.472
214.222 63.8036 3.78783 3.39102 183.628 477.948
197.317 61.3416 3.78349 3.4205 125.252 1377.32
198.513 61.678 3.78598 3.4197 85.5586 1303.46
200.525 61.7105 3.76198 3.34854 67.2335 1208.3
201.703 62.1344 3.7777 3.37698 119.462 1131.49
203.311 62.2195 3.75991 3.34581 93.5075 1052.68
205.146 62.1816 3.75921 3.31352 111.542 970.284
206.12 62.4787 3.76652 3.3147 115.808 910.155
216.652 63.0254 3.78134 3.35323 149.338 418.339
218.173 63.0618 3.7318 3.38571 256.469 358.161
193.799 60.3849 3.77372 3.42702 73.094 1596.05
196.65 60.4135 3.75801 3.40672 88.7673 1462.04
198.04 60.7515 3.75856 3.36859 122.32 1377.56
199.312 60.6947 3.75173 3.36993 73.7517 1322.4
201.041 61.0224 3.74482 3.37317 124.38 1223.52
202.562 61.4009 3.74486 3.35877 112.413 1131.77
204.176 61.4907 3.75386 3.3375 102.477 1053.1
205.609 61.9037 3.74692 3.30067 97.4286 964.407
206.868 61.8823 3.74363 3.2981 116.356 908.79
209.88 61.7531 3.73896 3.28795 115.263 784.113
212.274 61.7929 3.7097 3.30018 104.009 680.74
213.825 62.1067 3.73281 3.28163 102.65 595.661
217.004 62.4013 3.72309 3.33975 187.071 452.607
218.122 62.3579 3.69144 3.29974 174.871 418.656
221.538 62.4435 3.72825 3.34894 109.779 326.313
225.609 62.2024 3.68691 3.32946 101.905 350.64
198.315 59.9237 3.74886 3.37459 96.9502 1416.18
199.908 60.1686 3.74705 3.35731 106.92 1327.93
201.231 60.4742 3.74736 3.36637 96.2047 1248.48
202.813 60.5269 3.75049 3.34973 101.526 1173.85
204.11 60.6801 3.74062 3.29812 135.119 1106.06
205.516 60.8132 3.73113 3.26807 98.3868 1035.2
207.791 61.2001 3.73062 3.28608 112.47 910.404
215.402 61.6061 3.68537 3.22744 176.462 574.639
222.911 61.4593 3.77736 3.43239 81.9296 420.977
224.22 61.4862 3.73843 3.24122 68.9393 417.541
226.918 61.1512 3.71647 3.34063 71.568 483.018
198.736 59.2533 3.75094 3.37021 67.3079 1441.62
200.175 59.1767 3.73396 3.34643 78.4005 1382.52
201.907 59.5938 3.73456 3.35334 91.9713 1276.7
202.905 59.7733 3.72435 3.32742 88.4626 1220.25
204.792 59.8542 3.70601 3.27887 84.4882 1132.49
205.68 60.1952 3.71287 3.28937 81.8145 1070.12
207.376 60.0815 3.69651 3.26706 102.625 1006.48
210.276 60.4814 3.70693 3.27403 104.414 858.147
219.809 60.7718 3.68794 3.18583 100.16 532.172
221.424 60.3024 3.69796 3.2596 82.9619 559.681
223.909 60.7704 3.73735 3.32947 63.9871 496.447
190.452 56.6011 3.75081 3.4568 56.6919 2007.14
202.009 59.0314 3.71934 3.30139 84.7844 1312.18
203.561 59.1953 3.70935 3.29673 85.9875 1233.17
204.771 59.3922 3.7045 3.28391 86.3922 1167.01
206.768 59.6524 3.69599 3.25504 112.468 1063.82
212.597 59.9979 3.70595 3.21012 102.675 810.034
223.04 60.1218 3.71672 3.22652 74.2827 569.282
226.285 59.5898 3.74248 3.42997 105.719 642.537
227.183 60.2114 3.75119 3.28044 93.0035 587.23
212.566 65.1171 3.78244 3.42248 224.391 517.767
203.344 58.6774 3.7082 3.30071 86.3428 1281.18
204.113 58.2637 3.69575 3.26893 99.282 1281.14
204.991 58.6484 3.6965 3.27282 100.041 1214.6
206.355 58.9287 3.68795 3.20952 114.041 1136.78
207.606 58.6097 3.6806 3.18862 88.4461 1112.99
213.66 59.4296 3.66927 3.2005 137.895 824.822
227.731 58.9601 3.72682 3.27871 57.6297 729.788
202.426 57.5673 3.69669 3.29212 76.0514 1406.52
203.613 57.6397 3.70099 3.28174 80.9393 1351.77
205.548 57.5665 3.68661 3.18113 87.4428 1280.41
224.26 58.4133 3.72613 3.23943 34.2586 759.563
225.482 58.2747 3.72881 3.51014 71.2732 780.383
229.033 59.3946 3.76055 3.34412 113.709 706.925
197.939 55.703 3.7077 3.31904 56.5756 1746.24
200.447 56.2848 3.69976 3.24315 74.2263 1593.14
223.768 57.9616 3.74651 3.23345 58.7047 809.177
228.869 57.9128 3.73415 3.32562 72.8129 860.235
227.048 56.8144 3.74987 3.39039 35.2641 954.673
229.75 56.9811 3.73007 3.30109 77.7196 974.896
212.138 64.8735 3.75072 3.34832 50.9365 541.487
210.428 68.6408 3.73963 3.21172 65.7425 689.578
229.974 55.9154 3.71834 3.32044 49.582 1092.61
228.385 55.3279 3.73484 3.41276 52.0901 1132.67
209.931 62.7622 3.71489 3.22803 138.904 722.287
211.063 63.7323 3.79075 3.38731 161.832 625.327
211.14 63.4057 3.78393 3.33471 155.477 635.774
218.547 60.1369 3.42006 2.98609 152.389 623.162
217.908 60.4896 3.66577 3.22467 79.1666 601.926
217.507 60.403 3.65989 3.26732 99.2286 620.537
218.338 61.0595 3.63596 3.30549 120.526 534.715
216.296 60.3923 3.65516 3.24363 86.4539 654.474
216.716 60.1205 3.66213 3.24292 115.669 668.958
215.271 60.5805 3.66755 3.20201 152.415 668.252
216.679 60.2805 3.65745 3.24112 109.377 654.414
218.244 60.7315 3.65938 3.22209 143.865 569.618
217.659 60.602 3.65606 3.27791 123.803 597.019
216.749 60.4427 3.65864 3.25173 136.375 636.834
217.639 60.9231 3.64873 3.28048 142.137 566.157
218.995 60.8241 3.67182 3.23176 142.375 543.044
216.976 61.3836 3.66477 3.26181 143.741 541.837
218.049 60.1785 3.66399 3.23447 114.976 629.898
216.031 60.2361 3.66374 3.22637 143.692 676.982
217.533 61.187 3.64938 3.26223 151.461 543.764
218.652 60.2994 3.68356 3.23931 66.2358 604.204
219.217 60.1294 3.69296 3.13187 91.8944 610.543
216.221 60.072 3.66984 3.25558 141.996 687.241
218.856 60.4399 3.68302 3.20751 77.7317 585.443
216.546 61.2275 3.65834 3.23793 168.215 569.357
