# evlo=218.121994 evla=62.357899
194.627 64.5646 3.75688 3.29635 65.4195 1189.92
225.144 58.5792 3.70987 3.37456 94.5938 570.763
209.013 64.0997 3.75608 3.25 173.241 496.869
209.094 59.7511 3.63841 3.18294 214.689 566.894
209.259 59.7417 3.63892 3.18138 215.488 559.891
210.701 64.1732 3.7945 3.2157 129.045 423.664
208.846 60.7683 3.61733 2.97495 203.129 523.287
207.916 63.4188 3.69056 3.25612 208.449 531.837
212.195 64.6453 3.81363 3.1311 87.8645 389.788
204.378 55.8218 3.6786 3.1982 62.1609 1068.84
200.411 54.831 3.67848 3.15111 93.5423 1320.49
207.685 63.8827 3.72342 3.26956 173.251 552.708
208.763 59.5251 3.6494 3.19807 175.517 596.683
209.796 67.2269 3.72098 3.433 115.037 670.635
209.738 62.4058 3.62361 3.31176 264.238 433.553
196.582 54.8564 3.67541 3.19238 65.6923 1494.05
209.784 61.1426 3.62707 3.04359 228.894 460.462
214.766 66.5657 3.76555 3.52149 102.252 495.954
188.296 63.7758 3.75756 3.36173 65.8256 1502.17
203.121 64.7461 3.76841 3.33174 126.58 789.578
211.074 61.771 3.59351 3.13528 385.035 374.084
212.904 60.8792 3.64943 2.95619 227.307 322.017
213.052 64.4091 3.81545 3.22178 126.574 341.233
213.497 60.396 3.62261 3.20782 262.29 329.945
208.348 59.6572 3.64392 3.16618 175.005 607.457
225.615 58.2758 3.70396 3.41561 95.593 614.348
211.542 61.4131 3.62239 3.13673 337.864 361.576
197.4 66.8951 3.78666 3.25294 22.1971 1105.57
209.077 63.5527 3.70311 3.24342 214.848 477.515
211.063 63.7318 3.73959 3.20641 314.507 388.347
211.14 63.4056 3.68476 3.24194 239.24 373.715
207.417 57.7828 3.66276 3.14899 160.351 782.61
212.138 64.8736 3.78509 3.17249 80.081 408.02
203.383 71.3221 3.72139 3.28133 67.4972 1183.79
234.753 71.9871 3.81489 3.36144 83.7895 1283.38
198.198 69.3641 3.71309 3.23204 43.6021 1189.24
202.84 70.0079 3.71157 3.2404 41.0617 1090.12
205.387 69.6211 3.70297 3.22257 52.017 991.046
196.822 68.4753 3.70967 3.26835 41.1127 1191.71
198.806 68.6483 3.72226 3.29732 62.4253 1128.14
200.413 69.1049 3.72326 3.27996 48.9757 1099.93
205.217 69.1565 3.71044 3.29306 62.0918 957.527
209.387 69.836 3.71717 3.23418 78.6848 920.632
211.299 69.72 3.7368 3.41969 105.344 875.996
216.289 69.626 3.71016 3.31593 84.2294 814.613
235.93 69.3475 3.83013 3.39418 194.154 1118.61
201.885 68.4946 3.71866 3.30053 72.55 1012.36
203.387 68.7132 3.71159 3.32919 47.2257 978.102
207.318 68.8799 3.72466 3.26873 43.2462 878.589
209.319 68.9656 3.72461 3.27922 67.9336 838.876
211.177 69.1532 3.7243 3.36079 81.2932 820.657
213.625 69.322 3.67627 3.27024 96.08 802.723
219.035 69.243 3.76017 3.31317 55.9682 768.828
221.263 69.3286 3.78725 3.36883 111.638 790.14
198.174 67.082 3.75669 3.21313 17.7988 1080.18
202.768 67.4572 3.71683 3.43529 49.4429 918.577
203.811 68.2575 3.7128 3.3524 59.078 932.809
206.028 68.4414 3.72371 3.32281 39.9958 877.741
208.187 68.1343 3.72818 3.35281 70.3678 791.983
210.384 68.0584 3.72574 3.28017 90.3746 730.318
211.513 68.0748 3.73914 3.35307 108.249 707.558
214.432 68.1207 3.72424 3.44116 60.2079 664.992
218.405 68.1861 3.7297 3.28745 77.306 649.954
220.465 68.6043 3.77235 3.39219 107.783 704.747
222.103 68.3889 3.7776 3.34745 122.885 697.12
223.281 66.3701 3.73011 3.35337 152.218 511.617
193.671 65.4742 3.73421 3.39357 57.9996 1240.3
195.352 65.7077 3.73899 3.39465 61.2652 1166.2
198.75 66.442 3.78314 3.3776 36.5142 1033.62
206.517 67.2221 3.70562 3.49595 102.993 771.383
207.821 67.5076 3.71588 3.3965 81.3996 751.072
212.113 67.5187 3.74801 3.4652 82.2403 641.042
214.357 67.5933 3.73935 3.50592 73.8542 609.902
215.855 67.6946 3.69884 3.44421 159.426 604.42
220.128 67.6136 3.78048 3.46978 117.16 593.492
224.214 67.6106 3.75686 3.33493 155.22 651.714
226.258 67.441 3.76598 3.39879 171.289 684.078
195.961 64.9941 3.75651 3.28916 41.2555 1129.03
197.645 65.3936 3.7358 3.31991 55.1782 1056.18
199.349 65.5011 3.73833 3.30279 40.6623 980.765
201.346 65.895 3.74845 3.37218 62.8052 903.592
202.913 66.1434 3.76724 3.38309 53.1672 846.587
206.494 66.5156 3.72303 3.30437 60.6603 725.058
208.493 66.9214 3.70007 3.55887 79.5116 684.674
209.976 66.7108 3.71044 3.56344 143.055 622.171
212.525 66.7004 3.74926 3.51682 120.712 553.206
213.899 66.7653 3.73047 3.2973 65.9622 531.166
216.215 66.9498 3.67653 3.44303 85.5777 519.92
218.345 66.8088 3.7726 3.26876 82.3567 496.327
221.978 66.9116 3.75873 3.31339 115.128 539.873
223.778 66.9808 3.76363 3.35288 143.396 581.366
225.729 66.9227 3.74316 3.38992 180.147 624.582
197.761 64.6379 3.75851 3.30609 74.9599 1040.5
200.087 64.937 3.75665 3.29152 66.4766 934.905
201.637 65.1527 3.76261 3.24483 39.3907 868.189
203.551 65.5276 3.76339 3.2883 55.3825 794.563
205.119 65.4924 3.7721 3.26153 58.1059 725.463
207.195 65.6571 3.76369 3.30689 86.0526 647.47
208.623 65.8937 3.75965 3.36084 59.4579 606.756
212.122 65.8371 3.7154 3.43658 94.8245 485.393
214.181 66.267 3.76208 3.52794 55.0325 475.46
218.473 66.2305 3.78601 3.38553 84.1771 432.057
221.631 66.2191 3.75086 3.35933 124.698 462.609
225.657 65.8052 3.72824 3.28434 198.017 531.162
213.052 64.4091 3.81545 3.22178 126.574 341.233
199.305 63.8864 3.724 3.35857 126.22 960.992
205.522 64.7962 3.77989 3.29566 69.9977 680.83
208.018 65.18 3.79965 3.22228 117.679 588.451
210.64 65.1479 3.78187 3.20841 79.1502 482.32
216.846 65.3064 3.70444 3.18527 90.6028 334.613
218.385 65.6035 3.79111 3.36877 123.851 362.037
220.064 65.4483 3.72592 3.38197 133.941 357.422
221.694 65.3609 3.71281 3.31838 228.35 377.906
223.623 65.2225 3.69144 3.29974 174.871 418.656
196.446 62.7492 3.68627 3.31852 80.6686 1110.71
199.398 63.2842 3.69634 3.33215 128.176 956.699
200.922 63.3965 3.69707 3.32688 114.387 880.108
203.285 63.465 3.71068 3.30133 109.733 762.364
204.379 63.994 3.72487 3.32766 116.533 714.273
205.853 64.1767 3.73367 3.32341 225.659 647.295
223.67 64.5753 3.68455 3.32416 219.168 370.727
195.344 61.9331 3.67876 3.30863 63.4909 1182.6
198.469 62.2938 3.68654 3.32678 121.596 1014.86
201.699 62.7161 3.68518 3.3494 150.292 844.02
205.93 63.3569 3.69123 3.29365 215.58 629.712
197.317 61.3416 3.67964 3.31309 137.131 1096.52
198.513 61.678 3.67428 3.3124 113.601 1025.69
200.525 61.7105 3.66176 3.30525 161.655 920.949
201.703 62.1344 3.65923 3.26908 138.452 851.457
203.311 62.2195 3.65443 3.30482 129.367 767.17
205.146 62.1816 3.63309 3.28884 233.631 673.07
206.12 62.4787 3.63062 3.31867 237.746 619.488
193.799 60.3849 3.68468 3.33844 143.746 1310.98
196.65 60.4135 3.68101 3.30821 175.973 1162.26
198.04 60.7515 3.67353 3.30341 163.324 1077.93
199.312 60.6947 3.66713 3.2979 131.674 1014.11
201.041 61.0224 3.65856 3.29429 201.784 913.482
202.562 61.4009 3.64799 3.27924 209.938 823.38
204.176 61.4907 3.64659 3.25802 177.026 737.439
205.609 61.9037 3.61999 3.2465 266.566 653.8
206.868 61.8823 3.61918 3.25784 261.427 588.989
209.88 61.7531 3.61201 3.20561 350.64 436.034
225.609 62.2024 3.7278 3.48507 311.242 388.888
198.315 59.9237 3.67258 3.25934 161.735 1096.11
199.908 60.1686 3.66788 3.25548 157.567 1003.63
201.231 60.4742 3.65434 3.24208 192.066 923.16
202.813 60.5269 3.66161 3.21665 187.686 839.675
204.11 60.6801 3.65363 3.17965 247.025 767.134
205.516 60.8132 3.64543 3.1553 268.092 690.019
207.791 61.2001 3.6257 3.12878 233.481 559.635
224.22 61.4862 3.68717 3.45401 236.764 334.62
226.918 61.1512 3.71821 3.44515 197.412 483.245
198.736 59.2533 3.66924 3.2273 147.136 1105.62
200.175 59.1767 3.66873 3.2165 138.955 1036.27
201.907 59.5938 3.65765 3.18829 173.386 927.503
202.905 59.7733 3.65248 3.1585 236.182 868.189
204.792 59.8542 3.63716 3.09274 211.169 769.349
205.68 60.1952 3.63096 3.07638 223.116 708.173
207.376 60.0815 3.61225 3.02123 177.183 629.704
210.276 60.4814 3.64124 3.042 181.554 467.799
223.909 60.7704 3.76344 3.35028 268.251 354.637
190.452 56.6011 3.69779 3.32406 48.728 1677.88
202.009 59.0314 3.65987 3.17182 179.815 951.794
203.561 59.1953 3.65141 3.11675 146.442 865.683
204.771 59.3922 3.64035 3.09816 167.511 795.049
206.768 59.6524 3.62748 3.06885 223.535 682.983
212.597 59.9979 3.64954 3.14947 203.62 396.664
222.262 59.6304 3.62072 3.20093 127.896 377.418
223.04 60.1218 3.79498 3.10412 101.084 362.917
226.285 59.5898 3.8285 3.33326 110.362 538.417
227.183 60.2114 3.73922 3.40274 245.988 540.911
212.566 65.1171 3.72155 3.43017 75.0993 411.887
203.344 58.6774 3.64666 3.16485 162.357 906.568
204.113 58.2637 3.65566 3.17311 117.933 895.998
204.991 58.6484 3.65667 3.12247 111.092 829.354
206.355 58.9287 3.63744 3.16228 166.723 747.03
207.606 58.6097 3.64962 3.18042 181.195 711.897
213.66 59.4296 3.60286 3.12944 280.346 406.18
227.731 58.9601 3.79316 3.25669 64.9554 646.621
202.426 57.5673 3.66434 3.18164 137.329 1022.57
203.613 57.6397 3.67166 3.16796 96.5359 962.037
205.548 57.5665 3.65576 3.13317 93.9911 879.799
224.26 58.4133 3.68391 3.35784 67.3994 554.263
225.482 58.2747 3.70297 3.47193 83.7087 609.534
229.033 59.3946 3.77692 3.38835 155.38 677.208
197.939 55.703 3.66629 3.18489 99.5676 1366.96
200.447 56.2848 3.65898 3.17541 58.9906 1206.49
223.768 57.9616 3.68378 3.28103 107.407 581.091
225.424 57.4688 3.72455 3.38317 82.337 679.993
228.869 57.9128 3.70249 3.23727 48.1512 774.177
227.048 56.8144 3.73329 3.39475 68.8855 795.84
229.75 56.9811 3.6892 3.30313 83.3203 885.487
212.138 64.8735 3.78839 3.23343 56.6485 408.02
210.428 68.6408 3.7232 3.27608 80.8491 784.544
226.879 56.1146 3.74401 3.39104 73.0273 854.91
229.974 55.9154 3.70213 3.51801 44.8374 984.716
228.385 55.3279 3.74476 3.37409 74.8878 979.588
227.653 56.4191 3.73509 3.39883 75.3073 853.261
209.931 62.7622 4.98843 4.15505 207.571 423.413
211.063 63.7323 3.73954 3.20637 314.507 388.341
211.14 63.4057 3.68475 3.24193 239.24 373.714
209.518 60.7352 3.6181 2.98584 138.638 491.506
209.518 60.7351 3.61799 2.98575 138.638 491.491
