# evlo=205.516205 evla=60.813202
225.449 60.24 3.63641 3.16513 179.26 1092.16
194.627 64.5646 3.71743 3.36677 109.386 695.491
217.908 60.4896 3.64894 3.17521 209.178 677.797
217.654 61.036 3.63182 3.19341 230.23 657.814
217.507 60.403 3.64367 3.16366 136.694 657.429
218.338 61.0595 3.63277 3.18458 234.78 694.56
220.363 59.9534 3.66635 3.17582 203.198 822.639
216.3 60.3932 3.6536 3.20733 191.518 591.903
225.144 58.5792 3.74539 3.30464 168.542 1128.33
216.716 60.1205 3.66084 3.16011 161.625 620.157
215.395 60.9677 3.63182 3.16192 295.95 536.118
209.013 64.0997 3.69381 3.30507 222.085 408.19
210.701 64.1732 3.71337 3.28109 203.939 459.765
207.916 63.4188 3.68807 3.31169 226.885 316.192
212.195 64.6453 3.72356 3.31119 295.282 546.3
204.378 55.8218 3.71017 3.28298 78.798 559.926
200.411 54.831 3.72082 3.36818 139.748 731.574
207.685 63.8827 3.71191 3.33938 220.071 360.018
209.796 67.2269 3.72791 3.35686 140.316 744.548
216.907 60.7523 3.65242 3.1802 205.51 619.811
218.66 60.9649 3.63484 3.19836 182.115 712.654
217.513 60.0823 3.65468 3.1743 187.124 664.394
212.624 63.0753 3.68079 3.23384 238.311 449.917
214.225 61.1292 3.62291 3.14088 308.585 472.603
215.93 63.6482 3.67866 3.29429 218.786 625.912
214.25 60.5487 3.65378 3.18321 285.03 477.85
196.582 54.8564 3.71671 3.39125 96.6666 848.063
213.401 60.7277 3.64535 3.1735 227.372 429.565
214.766 66.5657 3.75647 3.36458 130.095 786.067
188.296 63.7758 3.74392 3.46459 125.067 949.033
203.121 64.7461 3.70202 3.24972 154.306 455.011
211.074 61.771 3.62204 3.21331 281.278 316.372
216.188 61.4417 3.62276 3.17143 301.582 578.677
212.904 60.8792 3.63235 3.16022 272.01 401.526
215.271 60.5805 3.64525 3.18517 166.861 532.956
216.679 60.2805 3.66108 3.20555 169.234 614.69
218.244 60.7315 3.64171 3.17393 149.816 692.575
213.052 64.4091 3.72554 3.23465 205.549 556.385
213.497 60.396 3.66675 3.20701 262.046 439.339
215.738 60.3351 3.66236 3.19637 149.412 562.395
217.659 60.6024 3.65316 3.19517 191.092 662.532
225.615 58.2758 3.75972 3.35947 129.242 1166.44
215.581 59.9268 3.68161 3.25965 185.526 563.47
216.749 60.4427 3.65643 3.17866 202.517 615.5
217.639 60.9231 3.64313 3.20165 210.69 657.853
214.077 61.4924 3.62449 3.15115 386.314 466.81
211.542 61.4131 3.61272 3.17059 378.459 331.532
209.077 63.5527 3.67596 3.23773 272.83 357.099
217.277 60.2474 3.64481 3.13254 58.7127 647.887
218.995 60.824 3.63735 3.20364 172.609 732.18
216.976 61.3836 3.61366 3.17792 363.086 620.587
211.063 63.7318 3.71909 3.29071 264.055 434.168
211.768 64.9602 3.72315 3.33788 236.787 560.501
218.049 60.1785 3.65618 3.14125 231.557 691.415
209.256 65.0304 3.72659 3.31829 170.358 506.788
216.031 60.2361 3.66805 3.23767 170.379 580.334
217.533 61.1871 3.62206 3.1804 246.032 650.596
218.652 60.2994 3.64111 3.13479 146.58 721.699
211.14 63.4056 3.68872 3.25033 226.054 411.646
219.217 60.1294 3.65707 3.15888 191.942 756.057
216.221 60.072 3.67264 3.21617 200.526 594.404
218.856 60.4399 3.64213 3.14445 182.015 730.143
216.546 61.2275 3.62122 3.17083 245.232 597.453
207.417 57.7828 3.71737 3.0947 165.243 354.488
212.138 64.8736 3.72232 3.3241 248.52 563.86
203.383 71.3221 3.69552 3.18259 71.5942 1175.6
205.026 71.0033 3.70155 3.15318 50.766 1136.45
234.753 71.9871 3.74174 3.30808 127.638 1771.84
202.84 70.0079 3.68199 3.23934 83.067 1032.44
206.58 70.34 3.74192 3.34783 67.4325 1063.33
196.822 68.4753 3.69825 3.20653 56.3536 947.853
198.806 68.6483 3.76442 3.28027 59.6399 928.907
209.387 69.836 3.73184 3.31553 94.7799 1021.55
211.299 69.72 3.72546 3.28904 102.278 1028.03
215.088 69.9175 3.70083 3.23208 116.69 1105.45
216.289 69.626 3.70765 3.25411 130.673 1100.6
235.93 69.3475 3.81493 3.36852 94.1748 1690.13
196.917 67.6988 3.68649 3.23172 25.9045 871.708
201.885 68.4946 3.71717 3.32794 73.7316 873.397
203.387 68.7132 3.697 3.18553 65.8834 886.432
207.318 68.8799 3.72902 3.36235 71.0316 903.304
209.319 68.9656 3.73494 3.36736 114.774 926.151
211.177 69.1532 3.72718 3.30592 123.252 966.477
213.625 69.322 3.70682 3.25585 136.436 1020.47
219.035 69.243 3.73917 3.42842 115.497 1129.96
199.397 67.4213 3.76384 3.32443 50.2669 793.813
202.768 67.4572 3.70434 3.28667 86.1928 752.467
203.811 68.2575 3.70557 3.22479 73.265 833.867
206.028 68.4414 3.72534 3.41231 53.7777 850.781
208.187 68.1343 3.76289 3.34905 105.341 826.036
210.384 68.0584 3.71493 3.35153 134.851 840.426
211.513 68.0748 3.72164 3.3147 101.852 858.555
214.432 68.1207 3.71352 3.33298 181.891 918.619
218.405 68.1861 3.75895 3.43302 135.711 1024.9
220.465 68.6043 3.74846 3.3842 89.8514 1117.61
222.103 68.3889 3.72832 3.35299 73.5613 1152.08
223.281 66.3701 3.73345 3.30076 111.647 1071.67
193.671 65.4742 3.73989 3.37183 54.1664 789.388
195.352 65.7077 3.71922 3.40196 56.865 745.417
202.227 66.8332 3.72458 3.39759 123.196 690.1
204.275 67.0486 3.72516 3.33922 48.8667 697.721
206.517 67.2221 3.76169 3.42602 123.416 716.094
207.821 67.5076 3.74321 3.40298 145.777 754.53
212.113 67.5187 3.71167 3.28935 124.638 812.424
214.357 67.5933 3.72912 3.37734 130.278 867.438
215.855 67.6946 3.74326 3.44281 163.134 913.8
220.128 67.6136 3.73314 3.33451 98.5854 1033.34
224.214 67.6106 3.74486 3.30943 82.6622 1174.46
226.258 67.441 3.76006 3.34383 114.333 1241.8
195.961 64.9941 3.71432 3.35602 77.7319 671.853
197.645 65.3936 3.7102 3.42394 82.1038 646.021
199.349 65.5011 3.72546 3.2952 63.5445 607.375
201.346 65.895 3.7527 3.51698 105.857 603.374
202.913 66.1434 3.71845 3.35547 98.9007 608.02
206.494 66.5156 3.77236 3.47724 125.576 637.477
208.493 66.9214 3.74457 3.39605 138.484 696.257
209.976 66.7108 3.72231 3.35003 123.373 692.857
212.525 66.7004 3.7233 3.38007 166.719 740.817
213.899 66.7653 3.72801 3.38993 150.899 780.2
216.215 66.9498 3.75133 3.36962 134.458 860.319
218.345 66.8088 3.74463 3.33786 152.115 916.441
221.978 66.9116 3.73949 3.34347 89.4379 1051.39
223.778 66.9808 3.74637 3.33781 108.729 1123.02
225.729 66.9227 3.76661 3.33834 86.6816 1196.05
197.761 64.6379 3.72402 3.42385 93.572 581.512
200.087 64.937 3.71319 3.22301 70.3747 535.848
201.637 65.1527 3.77724 3.50753 141.179 521.918
203.551 65.5276 3.70143 3.36063 91.8466 534.668
205.119 65.4924 3.76872 3.47332 79.304 521.942
207.195 65.6571 3.76804 3.40582 213.832 546.429
208.623 65.8937 3.73269 3.41385 140.503 587.092
210.457 65.8251 3.71357 3.30355 135.59 610.638
212.122 65.8371 3.72809 3.33472 234.106 649.734
214.18 66.267 3.7616 3.34623 55.7346 743.732
214.181 66.267 3.75604 3.37655 111.409 743.761
218.473 66.2305 3.71586 3.33991 173.157 880.335
221.631 66.2191 3.72808 3.32812 80.3276 998.455
225.657 65.8052 3.74926 3.28508 89.3501 1145.72
214.843 62.3987 3.65645 3.15038 313.462 525.04
213.052 64.4091 3.72554 3.23465 205.549 556.385
199.305 63.8864 3.72693 3.35546 127.324 469.512
205.522 64.7962 3.7667 3.47854 98.1179 443.939
208.018 65.18 3.72811 3.37907 145.49 502.87
210.64 65.1479 3.71633 3.2978 221.648 548.167
216.846 65.3064 3.71869 3.30198 161.646 759.015
218.385 65.6035 3.71875 3.32793 121.555 836.511
220.064 65.4483 3.71977 3.29764 118.161 894.155
221.694 65.3609 3.72734 3.27248 147.48 957.603
223.623 65.2225 3.73113 3.26807 98.3868 1035.2
196.446 62.7492 3.69819 3.31615 72.9039 524.453
199.398 63.2842 3.74987 3.5415 81.0536 421.929
200.922 63.3965 3.76835 3.10537 64.7198 374.558
203.285 63.465 3.73121 3.2777 122.675 317.586
204.379 63.994 3.76888 3.39503 107.188 359.337
205.853 64.1767 3.76364 3.41143 207.14 375.274
214.63 64.613 3.71312 3.23084 177.332 628.902
216.436 64.5012 3.70448 3.26615 199.033 693.042
221.784 64.453 3.69661 3.30016 124.436 924.507
221.784 64.4525 3.69848 3.28887 89.8141 924.462
223.67 64.5753 3.69657 3.28994 165.369 1015.03
195.344 61.9331 3.76449 3.46613 102.77 557.401
198.469 62.2938 3.77287 3.30988 127.892 409.092
214.222 63.8036 3.68384 3.27035 194.231 560.444
217.924 64.0292 3.69361 3.29671 200.602 732.808
222.48 63.8433 3.68267 3.3478 179.623 938.418
197.317 61.3416 3.74094 3.4219 299.872 446.149
198.513 61.678 3.75865 3.46493 172.364 387.932
216.652 63.0254 3.65763 3.19286 214.752 633.825
218.173 63.0618 3.65992 3.2231 227.002 708.759
221.871 63.109 3.66923 3.24238 171.62 892.575
193.799 60.3849 3.68887 3.40478 181.017 642.878
196.65 60.4135 3.68448 3.33999 187.845 487.21
198.04 60.7515 3.69472 3.33608 208.63 407.122
199.312 60.6947 3.6927 3.39505 263.758 338.44
212.274 61.7929 3.6374 3.1867 335.733 378.044
213.825 62.1067 3.65037 3.17716 344.463 465.526
217.004 62.4013 3.63925 3.14811 291.8 633.855
218.122 62.3579 3.64543 3.1553 268.092 690.019
221.538 62.4435 3.65183 3.18966 174.31 866.493
223.206 62.5763 3.66073 3.22041 190.14 953.362
225.609 62.2024 3.66705 3.21959 232.45 1076.45
198.315 59.9237 3.69226 3.42761 263.178 409.303
199.908 60.1686 3.67443 3.47133 270.793 316.444
215.402 61.6061 3.62581 3.17434 386.478 538.106
222.911 61.4593 3.63953 3.17392 232.952 937.133
224.22 61.4862 3.645 3.18514 190.931 1006.57
226.918 61.1512 3.65886 3.19923 194.474 1154.09
198.736 59.2533 3.73025 3.37581 282.674 415.731
200.175 59.1767 3.74097 3.39395 289.699 349.25
219.809 60.7718 3.6297 3.1631 132.072 776.883
221.424 60.3024 3.63826 3.1675 126.036 872.397
223.909 60.7704 3.62408 3.14857 234.449 998.445
190.452 56.6011 3.74705 3.42449 105.184 988.052
212.597 59.9979 3.70626 3.22664 223.721 400.474
222.262 59.6304 3.67846 3.21293 260.369 934.824
223.04 60.1218 3.62875 3.1809 171.424 964.184
226.285 59.5898 3.66 3.22069 166.877 1154.95
227.183 60.2114 3.6481 3.18121 229.554 1186.7
212.566 65.1171 3.73027 3.37511 180.304 597.648
213.66 59.4296 3.73712 3.2432 162.964 477.91
227.731 58.9601 3.69803 3.30221 124.229 1254.54
202.426 57.5673 3.71986 3.36965 168.894 402.323
203.613 57.6397 3.7283 3.34939 154.881 369.813
205.548 57.5665 3.69211 3.39642 126.787 361.681
224.26 58.4133 3.76606 3.4206 99.9922 1087.21
225.482 58.2747 3.76336 3.38047 93.3572 1159.26
229.033 59.3946 3.66591 3.226 186.804 1310.41
197.939 55.703 3.71088 3.35817 93.3331 721.441
200.447 56.2848 3.70333 3.44318 137.312 584.035
227.048 56.8144 3.81288 3.55813 43.0468 1314.29
212.138 64.8735 3.72859 3.3404 230.56 563.846
210.428 68.6408 3.72264 3.34224 114.509 902.823
226.879 56.1146 3.81636 3.55399 41.1374 1344.51
227.653 56.4191 3.82788 3.63733 55.1879 1368.3
209.931 62.7622 3.62456 2.35127 226.623 318.356
211.063 63.7323 3.71958 3.29114 264.055 434.224
211.14 63.4057 3.68878 3.25038 226.054 411.652
218.547 60.1369 4.08333 4.31073 168.732 719.412
217.908 60.4896 3.64894 3.17521 209.178 677.797
217.507 60.403 3.64367 3.16366 136.694 657.429
218.338 61.0595 3.6328 3.1846 234.78 694.565
216.296 60.3923 3.65255 3.20641 191.518 591.734
216.716 60.1205 3.66084 3.16011 161.625 620.157
215.271 60.5805 3.64525 3.18517 166.861 532.956
216.679 60.2805 3.66108 3.20555 169.234 614.69
218.244 60.7315 3.64171 3.17393 149.816 692.575
217.659 60.602 3.65304 3.19507 191.092 662.511
216.749 60.4427 3.65643 3.17866 202.517 615.5
217.639 60.9231 3.64307 3.20159 210.69 657.842
217.277 60.2474 3.64481 3.13254 58.7127 647.887
218.995 60.8241 3.63735 3.20363 172.609 732.179
216.976 61.3836 3.61366 3.17792 363.086 620.587
218.049 60.1785 3.65618 3.14125 231.557 691.415
216.031 60.2361 3.66805 3.23767 170.379 580.334
217.533 61.187 3.62212 3.18045 246.032 650.607
218.652 60.2994 3.64111 3.13479 146.58 721.699
219.217 60.1294 3.65707 3.15888 191.942 756.057
216.221 60.072 3.67264 3.21617 200.526 594.404
218.856 60.4399 3.64213 3.14445 182.015 730.143
216.546 61.2275 3.62122 3.17083 245.232 597.453
