# evlo=229.974304 evla=55.915401
225.449 60.24 3.74229 3.56968 21.7137 550.432
217.908 60.4896 3.75063 3.38811 46.6323 871.318
217.507 60.403 3.75573 3.40156 34.2211 885.761
220.363 59.9534 3.77416 3.4653 46.1051 724.394
216.3 60.3932 3.76482 3.40572 44.6734 944.393
225.144 58.5792 3.81472 3.2802 85.6349 415.772
216.716 60.1205 3.77868 3.47224 43.2752 910.517
215.395 60.9677 3.78395 3.36677 36.5867 1017.19
209.013 64.0997 3.70832 3.34941 40.6273 1471.14
209.094 59.7511 3.8465 3.68149 50.191 1305.42
209.259 59.7417 3.84735 3.68481 51.6231 1296.11
208.846 60.7683 3.81101 3.50649 20.5885 1342.67
212.195 64.6453 3.72533 3.418 31.4377 1374.32
204.378 55.8218 3.89234 3.78061 58.2091 1593.33
200.411 54.831 3.88556 3.77837 60.8938 1863.85
207.685 63.8827 3.69624 3.35348 80.8204 1518.14
208.763 59.5251 3.85459 3.7374 58.4031 1319.83
216.907 60.7523 3.76815 3.39515 31.2551 933.422
218.66 60.9649 3.81752 3.82869 20.2944 865.716
209.738 62.4058 3.74067 3.3668 36.0042 1356.2
217.513 60.0823 3.76668 3.47083 49.9757 868.794
212.624 63.0753 3.67501 3.3386 36.7975 1258.82
214.225 61.1292 3.76935 3.45916 55.857 1081.83
215.93 63.6482 3.74194 3.34762 27.3877 1163.09
214.25 60.5487 3.77304 3.42994 48.0741 1054.4
196.582 54.8564 3.86634 3.71579 34.9735 2098.97
213.401 60.7277 3.76923 3.38563 36.6832 1104.93
214.766 66.5657 3.72445 3.40232 23.554 1432.24
203.121 64.7461 3.71489 3.32739 41.5946 1758.95
211.074 61.771 3.75501 3.44525 38.0551 1264.44
215.271 60.5805 3.76037 3.36363 40.4281 1004.45
216.679 60.2805 3.76545 3.44148 51.1664 920.057
218.244 60.7315 3.75757 3.38282 27.5721 869.809
213.052 64.4091 3.72126 3.39107 24.6198 1325.62
215.738 60.3351 3.76424 3.49154 35.8644 969.756
208.348 59.6572 3.85339 3.69738 66.7251 1345.15
225.615 58.2758 3.82814 3.23421 58.3817 372.57
216.749 60.4427 3.75572 3.41219 61.9999 924.698
217.639 60.9231 3.78188 3.36229 24.6941 909.025
214.077 61.4924 3.74449 3.45461 56.115 1106.81
211.542 61.4131 3.77383 3.40792 59.0148 1226.44
209.077 63.5527 3.6882 3.34143 40.9035 1440.19
218.995 60.824 3.77533 3.49848 30.3952 841.778
211.063 63.7318 3.69658 3.33748 45.8276 1363.43
211.768 64.9602 3.73499 3.46057 21.3255 1411.59
210.931 64.5928 3.73492 3.4196 27.0475 1420.32
216.031 60.2361 3.76828 3.48 39.9779 950.443
214.53 62.9699 3.68469 3.39831 43.1622 1171.6
219.747 60.0959 3.77375 3.44978 48.0052 761.764
220.599 59.667 3.7772 3.4781 48.2947 695.766
214.475 65.5174 3.74685 3.3961 24.6539 1356.29
207.811 62.8962 3.74322 3.37874 16.9395 1468.37
215.323 60.3863 3.77909 3.43048 33.384 993.007
215.154 63.7399 3.74983 3.33997 31.6095 1198.93
218.652 60.2994 3.73775 3.62397 16.9089 825.249
211.14 63.4056 3.68191 3.36223 45.018 1341.77
219.217 60.1294 3.76472 3.42862 61.7338 788.646
212.671 61.832 3.75009 3.44385 30.691 1190.36
216.01 63.9761 3.75216 3.36228 34.809 1184.66
205.816 56.5593 3.88097 3.77955 105.038 1492.03
208.468 61.98 3.76853 3.42035 57.1246 1400.87
209.777 60.5117 3.81807 3.57721 49.0866 1286.22
189.752 57.1766 3.80758 3.57483 52.5233 2441.98
209.253 61.4636 3.75888 3.37569 42.4716 1343.19
217.161 60.1791 3.75751 3.49311 55.8622 891.098
216.221 60.072 3.77591 3.48585 30.4398 933.362
217.171 60.7541 3.76239 3.42293 29.3931 921.056
192.073 65.5598 3.90257 3.4432 35.1078 2281.79
209.711 63.4502 4.00639 3.39558 51.219 1406.86
207.417 57.7828 3.86399 3.74525 110.648 1385.38
212.138 64.8736 3.74362 3.43574 24.3715 1391.79
198.929 70.2043 3.72497 3.32161 20.0442 2189.45
203.383 71.3221 3.74502 3.32945 15.2948 2127.45
205.026 71.0033 3.74782 3.3239 19.9873 2059.36
198.198 69.3641 3.69952 3.41788 27.8493 2168.54
206.58 70.34 3.73881 3.26632 27.0134 1967.09
205.217 69.1565 3.71983 3.36015 44.8582 1922.22
209.387 69.836 3.71795 3.25982 26.356 1851.59
211.299 69.72 3.74421 3.30387 22.9332 1792.59
215.088 69.9175 3.73593 3.35485 21.0671 1723.28
211.177 69.1532 3.73531 3.34233 27.6826 1748.17
213.625 69.322 3.72966 3.30386 30.0096 1701.18
219.035 69.243 3.73977 3.33553 32.2536 1582.53
221.263 69.3286 3.75685 3.30963 45.4296 1556.68
198.174 67.082 3.72233 3.3514 20.8406 2063.86
199.397 67.4213 3.72389 3.36858 20.8363 2029.78
206.028 68.4414 3.73301 3.36911 15.788 1847.8
210.384 68.0584 3.7333 3.41638 39.6459 1682.91
214.432 68.1207 3.7313 3.37791 33.1264 1574.89
220.465 68.6043 3.75003 3.33985 35.223 1493.84
222.103 68.3889 3.73724 3.32967 50.968 1446.65
223.281 66.3701 3.73787 3.36735 48.7861 1217.82
193.671 65.4742 3.70709 3.47871 19.7009 2207.37
198.75 66.442 3.71649 3.3818 35.2825 2014.68
200.349 66.6001 3.71567 3.32566 22.0166 1955.15
204.275 67.0486 3.75179 3.38253 17.8819 1823.37
207.821 67.5076 3.70693 3.32092 19.5977 1724.97
212.113 67.5187 3.72798 3.42114 34.2868 1588.7
214.357 67.5933 3.74731 3.43035 30.7583 1530.98
215.855 67.6946 3.73977 3.32134 36.4731 1500.99
220.128 67.6136 3.75334 3.32713 37.835 1399.47
224.214 67.6106 3.73649 3.35953 45.0202 1336.94
226.258 67.441 3.72143 3.32618 44.0971 1298.8
199.349 65.5011 3.71345 3.3605 34.1064 1954.11
201.346 65.895 3.70636 3.39376 30.6321 1883.41
202.913 66.1434 3.70966 3.36797 20.5394 1829.63
212.525 66.7004 3.72847 3.41523 28.2701 1511.6
216.215 66.9498 3.74831 3.36699 33.8066 1425
218.345 66.8088 3.74021 3.2966 23.0612 1358.87
221.978 66.9116 3.73815 3.32366 49.5626 1295.14
223.778 66.9808 3.73179 3.36158 58.8026 1275.08
225.729 66.9227 3.72472 3.34555 45.5865 1246.64
197.761 64.6379 3.7143 3.33815 35.607 1999.16
200.087 64.937 3.72901 3.28398 27.5114 1901.74
201.637 65.1527 3.71937 3.33821 22.7764 1840.65
203.551 65.5276 3.69764 3.34143 27.671 1774.24
205.119 65.4924 3.7057 3.4023 30.835 1707.1
212.122 65.8371 3.7621 3.37663 39.8352 1460.03
218.473 66.2305 3.73903 3.37497 39.6777 1301.65
221.631 66.2191 3.7408 3.29892 54.3646 1230.82
225.657 65.8052 3.70546 3.33629 44.3822 1126.01
214.843 62.3987 3.66941 3.39945 24.1522 1122.63
213.052 64.4091 3.72126 3.39107 24.6198 1325.62
199.305 63.8864 3.71088 3.33316 22.4466 1906.7
205.522 64.7962 3.70498 3.31377 24.6029 1656.15
218.385 65.6035 3.72241 3.38804 43.5886 1246.34
221.694 65.3609 3.74352 3.3185 37.0864 1143.59
223.623 65.2225 3.71834 3.32044 49.582 1092.61
196.446 62.7492 3.76667 3.40897 40.7259 2025.87
204.379 63.994 3.71281 3.34453 38.598 1672.26
205.853 64.1767 3.70753 3.357 54.5979 1613.2
214.63 64.613 3.73254 3.42016 37.974 1281.83
216.436 64.5012 3.7508 3.39151 36.2439 1210.73
221.784 64.453 3.69436 3.38173 21.7231 1052.23
223.67 64.5753 3.72283 3.31793 46.7719 1024.89
195.344 61.9331 3.76305 3.40993 30.9612 2075.08
198.469 62.2938 3.76216 3.39468 42.6798 1916.28
201.699 62.7161 3.76334 3.4407 40.0633 1760.45
205.93 63.3569 3.70305 3.34049 21.4649 1575.4
214.222 63.8036 3.73253 3.36832 35.9688 1239.22
217.924 64.0292 3.76842 3.39306 33.2685 1123.04
222.48 63.8433 3.73431 3.3878 53.5123 976.367
200.525 61.7105 3.74586 3.34556 43.0986 1800.98
201.703 62.1344 3.75746 3.41031 41.3666 1747.33
203.311 62.2195 3.7592 3.39369 61.4706 1667.16
205.146 62.1816 3.75133 3.40552 59.2275 1573.45
206.12 62.4787 3.763 3.38811 45.6764 1534.25
216.652 63.0254 3.7226 3.44847 44.3683 1090.31
218.173 63.0618 3.74221 3.373 34.1183 1036.43
221.871 63.109 3.72804 3.30373 35.8619 921.842
204.176 61.4907 3.73845 3.32293 26.4235 1605.83
205.609 61.9037 3.7487 3.44168 51.449 1542.13
206.868 61.8823 3.75209 3.43679 74.2501 1477.64
209.88 61.7531 3.75641 3.47385 50.5409 1322.43
213.825 62.1067 3.69361 3.20536 31.933 1150.93
217.004 62.4013 3.70351 3.47936 58.8967 1032.19
218.122 62.3579 3.70213 3.51801 44.8374 984.716
221.538 62.4435 3.7499 3.36624 62.4539 871.115
223.206 62.5763 3.74597 3.30908 28.0252 835.476
225.609 62.2024 3.69979 3.35176 68.3139 743.366
198.315 59.9237 3.81798 3.5841 54.4129 1908.71
207.791 61.2001 3.74743 3.32665 27.4605 1410.02
222.911 61.4593 3.74377 3.41498 54.4233 740.119
224.22 61.4862 3.7322 3.32264 41.6154 703.887
226.918 61.1512 3.67985 3.36955 51.5394 609.596
198.736 59.2533 3.81125 3.59787 52.4917 1886.72
200.175 59.1767 3.81878 3.60086 44.3255 1804.84
201.907 59.5938 3.83026 3.61652 62.7812 1706.5
202.905 59.7733 3.83493 3.62213 57.0523 1651.12
204.792 59.8542 3.82768 3.64574 51.4483 1546.22
210.276 60.4814 3.80982 3.58874 28.5061 1258.84
219.809 60.7718 3.73715 3.35823 17.7118 802.764
221.424 60.3024 3.75757 3.32706 30.9765 700.984
223.909 60.7704 3.75056 3.58529 73.2599 646.404
190.452 56.6011 3.80869 3.57147 58.1277 2416.62
202.009 59.0314 3.82789 3.58616 50.0811 1700.02
203.561 59.1953 3.83083 3.62266 57.9614 1611.35
204.771 59.3922 3.8346 3.64028 56.2667 1543.42
206.768 59.6524 3.83791 3.64183 72.5276 1433.39
222.262 59.6304 3.77338 3.38681 44.8577 617.218
223.04 60.1218 3.76115 3.41468 36.2044 621.804
226.285 59.5898 3.69312 3.50862 79.8078 464.283
227.183 60.2114 3.68539 3.24193 70.2405 505.95
212.566 65.1171 3.74713 3.42414 25.2851 1392.73
203.344 58.6774 3.83596 3.63753 63.1381 1623.31
204.113 58.2637 3.83509 3.62836 66.642 1579.33
204.991 58.6484 3.84152 3.62766 64.4002 1527.73
206.355 58.9287 3.85256 3.67087 72.6828 1449.93
207.606 58.6097 3.86205 3.70051 97.1274 1375.8
213.66 59.4296 3.86493 3.80771 59.8216 1045.84
227.731 58.9601 3.64773 3.43373 73.1578 364.816
202.426 57.5673 3.83495 3.61048 106.314 1683.98
203.613 57.6397 3.84309 3.6532 56.9553 1612.59
205.548 57.5665 3.85501 3.70045 68.9731 1497.73
224.26 58.4133 3.83504 3.40478 44.9524 443.488
225.482 58.2747 3.81961 3.21616 54.3717 378.251
229.033 59.3946 3.65004 3.36505 87.5037 391.529
197.939 55.703 3.84449 3.65583 74.4947 1990.71
200.447 56.2848 3.85912 3.66561 59.5685 1823.89
223.768 57.9616 3.79364 3.58082 120.497 440.939
225.424 57.4688 3.79918 3.568 155.265 328.026
209.931 62.7622 4.21809 4.17824 36.0789 1363.21
211.063 63.7323 3.6966 3.33749 45.8276 1363.44
211.14 63.4057 3.68191 3.36224 45.018 1341.77
218.547 60.1369 3.46277 2.74964 40.3714 821.056
217.908 60.4896 3.75063 3.38811 46.6323 871.318
217.507 60.403 3.75573 3.40156 34.2211 885.761
216.296 60.3923 3.76532 3.40617 44.6734 944.518
216.716 60.1205 3.77868 3.47224 43.2752 910.517
215.271 60.5805 3.76037 3.36363 40.4281 1004.45
216.679 60.2805 3.76545 3.44148 51.1664 920.057
218.244 60.7315 3.75757 3.38282 27.5721 869.809
216.749 60.4427 3.75572 3.41219 61.9999 924.698
217.639 60.9231 3.78192 3.36232 24.6941 909.035
218.995 60.8241 3.77536 3.49851 30.3952 841.785
216.031 60.2361 3.76828 3.48 39.9779 950.443
218.652 60.2994 3.73775 3.62397 16.9089 825.249
219.217 60.1294 3.76472 3.42862 61.7338 788.646
216.221 60.072 3.77591 3.48585 30.4398 933.362
