# evlo=231.195404 evla=60.119701
217.507 60.403 3.71036 3.31877 49.2942 757.077
216.3 60.3932 3.71637 3.37776 59.0174 823.547
216.679 60.2805 3.70454 3.3532 59.2916 803.693
216.749 60.4427 3.70307 3.34607 67.3054 798.461
216.031 60.2361 3.7044 3.36689 62.7283 839.885
216.221 60.072 3.70205 3.34576 43.9488 831.387
237.284 58.3883 3.77255 3.282 19.38 397.094
237.286 58.0965 3.7746 3.35528 42.5072 415.175
237.012 57.7103 3.81086 3.37761 71.7129 429.098
237.146 57.39 3.83513 3.35872 70.2212 459.141
237.423 57.0779 3.83625 3.35135 65.4989 495.513
209.736 66.2066 3.77654 3.41659 26.6063 1266.79
209.329 66.7192 3.77559 3.33096 27.573 1305.85
198.722 65.4015 3.55795 3.26067 15.5714 1736.93
211.164 69.0223 3.76337 3.22649 17.1026 1368.53
211.489 65.5114 3.80231 3.3713 26.4123 1163.57
211.306 69.424 3.74062 3.35215 24.7972 1391.28
209.89 67.3812 3.76438 3.32075 17.8305 1315.91
210.457 65.825 3.78215 3.36262 21.4006 1220.58
231.6 54.636 3.69994 3.32179 20.7632 611.181
231.677 54.722 3.7061 3.26054 17.3626 601.818
231.696 54.801 3.68698 3.28405 16.4496 593.089
231.681 55.018 3.63359 3.35957 16.5791 568.913
231.846 55.084 3.63332 3.37043 23.5306 562.167
232.267 55.179 3.63083 3.44648 27.016 553.94
232.385 55.267 3.63843 3.44095 24.4497 545.068
232.359 55.411 3.61747 3.38738 22.1402 528.955
234.917 52.3782 3.72048 3.27401 19.837 891.964
217.507 60.403 3.71036 3.31877 49.2942 757.077
216.296 60.3923 3.71725 3.37856 59.0174 823.742
216.679 60.2805 3.70454 3.3532 59.2916 803.693
216.749 60.4427 3.70307 3.34607 67.3054 798.461
216.031 60.2361 3.7044 3.36689 62.7283 839.885
216.221 60.072 3.70205 3.34576 43.9488 831.387
