# evlo=210.818604 evla=64.885696
194.627 64.5646 3.74876 3.50766 129.458 770.413
217.908 60.4896 3.65798 3.24652 100.854 609.087
217.654 61.036 3.65528 3.22627 67.147 551.112
217.507 60.403 3.64829 3.18386 49.8381 605.354
218.338 61.0595 3.66301 3.29229 79.4168 571.386
220.363 59.9534 3.6665 3.19803 56.5955 737.028
216.3 60.3932 3.67678 3.33162 64.6488 573.778
225.144 58.5792 3.73253 3.41124 29.4939 1028.78
216.716 60.1205 3.67826 3.28668 48.4258 611.32
215.395 60.9677 3.65674 3.05052 44.2159 494.435
209.094 59.7511 3.68575 3.11264 113.383 579.144
209.259 59.7417 3.6895 3.12229 121.099 578.934
208.846 60.7683 3.70201 3.19137 80.2688 469.746
204.378 55.8218 3.68278 3.15696 47.0528 1069.33
200.411 54.831 3.73994 3.38465 68.6986 1259.22
208.763 59.5251 3.67668 3.11515 103.768 606.854
216.907 60.7523 3.66625 3.18845 60.6531 555.007
218.66 60.9649 3.66923 3.2142 94.1525 590.506
217.513 60.0823 3.64419 3.21835 49.6019 636.246
214.225 61.1292 3.70141 3.30818 130.382 452.718
214.25 60.5487 3.70245 3.30528 137.461 514.098
215.271 60.5805 3.69052 3.07133 38.0812 530.811
216.679 60.2805 3.6823 3.32198 54.7536 594.563
218.244 60.7315 3.65486 3.17448 56.6277 597.405
217.659 60.6024 3.63358 3.20957 77.6331 591.076
216.749 60.4427 3.69067 3.28751 102.552 580.499
217.639 60.9231 3.6312 3.17624 72.4315 560.899
218.995 60.824 3.67862 3.2079 67.6568 614.16
216.976 61.3836 3.63455 3.14941 111.896 498.377
218.049 60.1785 3.66386 3.23017 46.6708 642.442
216.031 60.2361 3.64439 3.27357 88.791 583.006
217.533 61.1871 3.65955 3.17749 95.9474 533.675
218.652 60.2994 3.6542 3.20215 28.6534 649.633
219.217 60.1294 3.64252 3.23006 67.0003 683.159
216.221 60.072 3.65826 3.3624 67.7691 604.043
218.856 60.4399 3.65467 3.1728 58.371 643.408
216.546 61.2275 3.64489 3.27247 81.7442 499.735
198.929 70.2043 3.68381 3.13025 37.7429 777.625
234.753 71.9871 3.74398 3.30432 85.6968 1247.02
198.198 69.3641 3.65668 3.25789 37.5207 738.67
202.84 70.0079 3.68741 3.21666 44.8838 664.425
205.387 69.6211 3.7152 3.09918 48.388 577.297
194.656 68.2746 3.76885 3.21496 46.2748 807.274
196.822 68.4753 3.74546 3.31019 30.489 734.206
198.806 68.6483 3.69616 3.28091 34.2921 673.288
200.413 69.1049 3.6692 3.2446 47.5914 652.22
205.217 69.1565 3.72291 3.15175 52.5077 534.721
209.387 69.836 3.63478 3.13153 53.8507 555.466
211.299 69.72 3.70773 3.27413 85.0592 539.542
215.088 69.9175 3.71943 3.2169 100.89 589.965
216.289 69.626 3.7073 3.28306 95.1394 578.456
235.93 69.3475 3.83309 3.44077 88.4831 1187.1
196.917 67.6988 3.76246 3.29527 32.929 696.313
201.885 68.4946 3.67154 3.23158 29.4139 562.638
203.387 68.7132 3.68466 3.29145 58.1315 536.845
207.318 68.8799 3.75768 3.37886 54.6394 470.935
209.319 68.9656 3.65896 3.15544 63.4492 459.662
211.177 69.1532 3.67484 3.2312 64.0388 476.173
213.625 69.322 3.71504 3.222 99.5842 509.41
219.035 69.243 3.74734 3.35748 58.0802 602.189
221.263 69.3286 3.79711 3.41197 52.6286 670.023
198.174 67.082 3.80356 3.35722 33.5951 623.103
199.397 67.4213 3.75714 3.29617 41.8483 586.687
202.768 67.4572 3.71482 3.12229 27.1073 462.054
203.811 68.2575 3.6577 3.33796 53.4522 487.38
206.028 68.4414 3.73196 3.19121 35.4201 449.268
208.187 68.1343 3.70149 3.3433 85.8356 380.64
210.384 68.0584 3.71699 3.21359 81.1585 354.33
211.513 68.0748 3.72414 3.28893 131.476 356.968
214.432 68.1207 3.71938 3.3227 91.0521 394.819
218.405 68.1861 3.77463 3.53573 154.49 498.493
220.465 68.6043 3.77521 3.44297 92.8842 592.701
222.103 68.3889 3.77215 3.4381 91.5498 632.586
223.281 66.3701 3.79484 3.39945 198.42 596.32
193.671 65.4742 3.75306 3.37887 46.5722 803.65
195.352 65.7077 3.76411 3.34941 55.5195 725.466
198.75 66.442 3.78227 3.31958 64.5871 580.603
200.349 66.6001 3.82747 3.33051 49.6955 516.043
202.227 66.8332 3.79086 3.54708 58.9652 447.806
204.275 67.0486 3.73162 3.12135 47.0945 382.652
206.517 67.2221 3.70204 3.31418 58.5839 325.209
207.821 67.5076 3.71113 3.65433 125.38 321.969
214.357 67.5933 3.73892 3.47237 144.165 341.181
215.855 67.6946 3.75394 3.52229 180.609 386.022
220.128 67.6136 3.78178 3.46473 108.087 516.588
224.214 67.6106 3.78848 3.38254 118.136 672.731
226.258 67.441 3.8156 3.39629 128.531 750.057
218.842 64.7774 3.77598 3.53707 227.181 380.821
218.547 60.1369 3.80551 3.83571 37.9658 661.335
217.908 60.4896 3.65798 3.24652 100.854 609.087
217.507 60.403 3.64829 3.18386 49.8381 605.354
218.338 61.0595 3.66303 3.29231 79.4168 571.39
216.296 60.3923 3.67681 3.33165 64.6488 573.783
216.716 60.1205 3.67826 3.28668 48.4258 611.32
215.271 60.5805 3.69052 3.07133 38.0812 530.811
216.679 60.2805 3.6823 3.32198 54.7536 594.563
218.244 60.7315 3.65486 3.17448 56.6277 597.405
217.659 60.602 3.63371 3.20969 77.6331 591.098
216.749 60.4427 3.69067 3.28751 102.552 580.499
217.639 60.9231 3.63115 3.1762 72.4315 560.893
218.995 60.8241 3.67857 3.20785 67.6568 614.151
216.976 61.3836 3.63455 3.14941 111.896 498.377
218.049 60.1785 3.66386 3.23017 46.6708 642.442
216.031 60.2361 3.64439 3.27357 88.791 583.006
217.533 61.187 3.65966 3.17758 95.9474 533.69
218.652 60.2994 3.6542 3.20215 28.6534 649.633
219.217 60.1294 3.64252 3.23006 67.0003 683.159
216.221 60.072 3.65826 3.3624 67.7691 604.043
218.856 60.4399 3.65467 3.1728 58.371 643.408
216.546 61.2275 3.64489 3.27247 81.7442 499.735
209.518 60.7352 3.7064 3.21083 63.9833 467.315
209.518 60.7351 3.70646 3.21089 63.9833 467.324
