# evlo=210.900803 evla=64.612999
194.627 64.5646 3.75528 3.47165 159.509 777.395
217.908 60.4896 3.64844 3.18065 91.9202 583.425
217.654 61.036 3.65284 3.21307 104.026 526.186
217.507 60.403 3.63733 3.1349 46.2685 579.04
218.338 61.0595 3.64684 3.28179 126.649 547.497
220.363 59.9534 3.68021 3.17031 103.475 713.409
216.3 60.3932 3.66142 3.32454 105.479 546.01
225.144 58.5792 3.71824 3.33806 55.168 1007.82
216.716 60.1205 3.67927 3.3213 60.9472 583.694
215.395 60.9677 3.64301 3.09516 94.5841 466.308
209.094 59.7511 3.67203 3.15302 188.492 549.906
209.259 59.7417 3.67745 3.16314 193.226 549.548
208.846 60.7683 3.6904 3.1964 113.526 441.186
204.378 55.8218 3.67098 3.14513 73.6366 1042.79
200.411 54.831 3.73935 3.39933 98.7196 1235.71
208.763 59.5251 3.66714 3.08104 124.583 577.856
216.907 60.7523 3.64915 3.06511 58.1535 528.499
218.66 60.9649 3.65624 3.26016 126.814 566.844
217.513 60.0823 3.62117 3.18735 67.3851 609.468
214.225 61.1292 3.66547 3.36394 135.737 423.425
214.25 60.5487 3.68416 3.24621 116.235 484.428
196.582 54.8564 3.73294 3.33016 45.3351 1346.16
213.401 60.7277 3.64983 3.02344 74.3577 451.512
209.784 61.1426 3.67543 3.26294 147.569 390.948
215.271 60.5805 3.68263 3.08178 55.6706 502.116
216.679 60.2805 3.68434 3.3202 103.238 567.089
218.244 60.7315 3.66112 3.15317 74.9937 572.648
217.659 60.6024 3.64136 3.15793 80.6831 565.292
216.749 60.4427 3.66327 3.22141 97.2069 553.319
217.639 60.9231 3.65583 3.16764 115.306 535.709
217.277 60.2474 3.63992 3.17282 43.1069 586.938
218.995 60.824 3.66678 3.23711 158.191 590.627
216.976 61.3836 3.63568 3.2135 161.169 473.246
218.049 60.1785 3.65627 3.21439 78.2162 616.437
216.031 60.2361 3.64676 3.29547 85.82 554.771
217.533 61.1871 3.64747 3.2349 110.582 508.918
218.652 60.2994 3.65251 3.117 65.3534 624.571
219.217 60.1294 3.66186 3.1582 80.8894 658.489
216.221 60.072 3.64894 3.31472 93.1032 575.84
218.856 60.4399 3.65716 3.13496 81.1018 618.868
216.546 61.2275 3.64908 3.23675 114.624 473.605
198.929 70.2043 3.7006 3.13576 40.6334 804.878
234.753 71.9871 3.74591 3.30554 59.6 1267.84
198.198 69.3641 3.68408 3.27969 55.6916 764.11
202.84 70.0079 3.7122 3.17524 47.5306 693.333
205.387 69.6211 3.70728 3.16628 39.9883 607.075
194.656 68.2746 3.74252 3.17774 32.2996 828.262
196.822 68.4753 3.72354 3.29678 43.6808 756.765
198.806 68.6483 3.67809 3.31023 49.9829 697.445
200.413 69.1049 3.6879 3.18631 52.5789 678.438
205.217 69.1565 3.72343 3.13407 59.1924 564.075
209.387 69.836 3.64565 3.15011 68.636 586.107
211.299 69.72 3.70729 3.22745 75.3193 569.81
215.088 69.9175 3.71143 3.20478 118.42 618.199
216.289 69.626 3.71131 3.27782 103.092 605.464
235.93 69.3475 3.83379 3.42043 99.0313 1201.98
196.917 67.6988 3.7518 3.28319 24.2438 716.527
201.885 68.4946 3.67105 3.26411 54.4538 588.576
203.387 68.7132 3.69325 3.29988 70.9786 564.399
207.318 68.8799 3.7372 3.32319 52.2655 501.148
209.319 68.9656 3.6606 3.1609 108.583 490.316
211.177 69.1532 3.69061 3.28173 83.2728 506.465
213.625 69.322 3.70158 3.23465 80.3057 538.33
219.035 69.243 3.74033 3.39204 78.0302 625.988
221.263 69.3286 3.7695 3.37135 50.7327 691.994
199.397 67.4213 3.75389 3.32653 46.1175 607.34
202.768 67.4572 3.66218 3.3872 46.1388 485.708
203.811 68.2575 3.6745 3.35648 72.1496 514.394
206.028 68.4414 3.7336 3.19546 53.5747 478.427
208.187 68.1343 3.71227 3.28593 78.1323 410.917
210.384 68.0584 3.72238 3.18806 70.98 384.899
211.513 68.0748 3.72558 3.27103 118.136 387.001
214.432 68.1207 3.71454 3.4055 147.015 421.706
218.405 68.1861 3.79615 3.53921 150.281 520.093
220.465 68.6043 3.78658 3.39132 84.0775 613.353
222.103 68.3889 3.76722 3.46287 77.6933 650.967
223.281 66.3701 3.79371 3.39562 208.434 604.634
193.671 65.4742 3.76166 3.36331 50.3432 814.541
195.352 65.7077 3.76613 3.36638 55.3633 737.3
198.75 66.442 3.77616 3.32862 48.4213 596.597
200.349 66.6001 3.81663 3.33562 37.7294 533.703
202.227 66.8332 3.78696 3.45168 56.5783 468.184
204.275 67.0486 3.74887 3.10204 45.2573 406.403
206.517 67.2221 3.69703 3.32082 79.5178 352.689
207.821 67.5076 3.75104 3.59643 108.542 351.529
212.113 67.5187 3.72289 3.37374 121.351 328.611
214.357 67.5933 3.75048 3.41834 134.728 367.117
215.855 67.6946 3.76709 3.53643 134.227 409.681
220.128 67.6136 3.75199 3.44176 95.54 533.829
224.214 67.6106 3.78294 3.34728 93.2812 686.45
226.258 67.441 3.81837 3.38181 143.203 761.981
218.842 64.7774 3.77909 3.52541 310.499 379.083
218.547 60.1369 3.82122 3.91433 55.1389 635.864
217.908 60.4896 3.64844 3.18065 91.9202 583.425
217.507 60.403 3.63733 3.1349 46.2685 579.04
218.338 61.0595 3.64687 3.28186 126.618 547.501
216.296 60.3923 3.66141 3.32454 105.479 546.009
216.716 60.1205 3.67927 3.3213 60.9472 583.694
215.271 60.5805 3.68263 3.08178 55.6706 502.116
216.679 60.2805 3.68434 3.3202 103.238 567.089
218.244 60.7315 3.66112 3.15317 74.9937 572.648
217.659 60.602 3.6415 3.15805 80.6831 565.313
216.749 60.4427 3.66327 3.22141 97.2069 553.319
217.639 60.9231 3.65579 3.1676 115.306 535.703
217.277 60.2474 3.63992 3.17282 43.1069 586.938
218.995 60.8241 3.66673 3.23707 158.191 590.618
216.976 61.3836 3.63568 3.2135 161.169 473.246
218.049 60.1785 3.65627 3.21439 78.2162 616.437
216.031 60.2361 3.64676 3.29547 85.82 554.771
217.533 61.187 3.64758 3.235 110.582 508.934
218.652 60.2994 3.65251 3.117 65.3534 624.571
219.217 60.1294 3.66186 3.1582 80.8894 658.489
216.221 60.072 3.64894 3.31472 93.1032 575.84
218.856 60.4399 3.65716 3.13496 81.1018 618.868
216.546 61.2275 3.64908 3.23675 114.624 473.605
209.518 60.7352 3.67468 3.17251 91.4048 437.949
209.518 60.7351 3.67475 3.17256 91.4048 437.957
