# evlo=217.639297 evla=60.9231
194.627 64.5646 3.67237 3.28928 79.805 1236.15
225.144 58.5792 3.7347 3.1182 108.221 495.744
209.013 64.0997 3.62658 3.22298 151.449 567.411
209.094 59.7511 3.70778 3.22713 261.438 489.316
209.259 59.7417 3.71362 3.21401 291.271 480.912
210.701 64.1732 3.63016 3.2134 119.595 508.071
208.846 60.7683 3.63737 3.1397 204.909 478.036
207.916 63.4188 3.69541 3.06259 106.412 577.144
212.195 64.6453 3.64647 3.21743 132.766 498.977
204.378 55.8218 3.74187 3.36777 114.339 958.964
200.411 54.831 3.71194 3.23127 150.723 1221.19
207.685 63.8827 3.65084 3.10342 80.1196 610.318
208.763 59.5251 3.71893 3.2093 215.92 515.558
209.796 67.2269 3.67514 3.27853 109.42 798.823
209.738 62.4058 3.66539 3.10772 198.122 449.656
212.624 63.0753 3.60108 3.03615 96.5361 355.614
215.93 63.6482 3.57644 3.2206 172.029 316.374
196.582 54.8564 3.7133 3.23348 57.7604 1411.16
209.784 61.1426 3.63693 3.1415 191.475 425.06
214.766 66.5657 3.71391 3.35875 89.1591 644.63
188.296 63.7758 3.68938 3.3146 71.3082 1538.15
203.121 64.7461 3.66591 3.27311 87.1588 850.952
211.074 61.771 3.60221 3.14003 216.412 363.655
213.052 64.4091 3.61492 3.19088 139.108 453.879
208.348 59.6572 3.70185 3.21118 273.185 532.372
225.615 58.2758 3.76218 3.24612 79.0759 537.836
211.542 61.4131 3.61427 3.23829 368.111 332.574
197.4 66.8951 3.70703 3.31645 34.5579 1187.46
209.077 63.5527 3.68356 3.0769 118.427 532.313
211.063 63.7318 3.59709 3.22926 188.008 462.41
211.768 64.9602 3.65526 3.18715 125.297 539.28
209.256 65.0304 3.64709 3.2079 148.321 623.79
210.931 64.5928 3.64758 3.16734 146.565 533.082
214.475 65.5174 3.7031 3.31134 96.071 536.086
207.811 62.8962 3.67597 3.0729 147.212 560.663
211.667 60.8584 3.62854 3.21948 258.138 324.245
210.261 61.0889 3.64226 3.19335 335.644 399.361
197.092 68.0541 3.70128 3.18763 69.3288 1257.59
215.154 63.7399 3.68357 3.33079 186.165 339.275
211.14 63.4056 3.63509 3.0879 140.474 437.006
211.668 61.807 3.6095 3.14553 221.112 334.061
216.01 63.9761 3.59077 3.30037 231.557 350.484
205.816 56.5593 3.74951 3.33837 148.265 837.699
208.468 61.98 3.63031 3.10105 281.268 502.672
209.777 60.5117 3.66141 3.19867 219.184 431.365
189.752 57.1766 3.72474 3.33507 112.464 1640.15
209.253 61.4636 3.62292 3.16116 189.862 454.664
210.547 60.1043 3.70476 3.2572 343.14 399.9
192.073 65.5598 3.70266 3.27013 51.9403 1372.79
209.711 63.4502 3.67446 3.06213 118.651 499.27
193.495 53.8452 3.71292 3.28069 107.085 1638.77
211.449 62.8295 3.70638 3.15353 142.565 388.594
211.415 62.9628 3.67035 3.08142 54.6677 397.798
211.462 62.6812 3.67846 3.11877 71.2058 379.911
212.058 62.8349 3.67255 3.08272 81.5332 362.571
211.771 63.0624 3.64866 2.95976 71.927 388.885
212.26 62.5808 3.66914 3.06359 150.967 338.764
211.152 62.8331 3.70668 3.1353 136.975 401.927
211.908 64.4716 3.63691 3.09927 119.103 492.057
231.887 52.1847 3.80312 3.53793 37.5923 1303.84
226.475 68.3065 3.7431 3.21822 88.4212 923.305
207.417 57.7828 3.69542 3.29769 270.872 677.564
212.138 64.8736 3.64568 3.30812 212.243 521.238
203.383 71.3221 3.69664 3.24182 74.7127 1318.8
234.753 71.9871 3.79886 3.33371 100.248 1438.96
198.198 69.3641 3.68151 3.25098 61.1307 1299.54
194.656 68.2746 3.70537 3.16385 50.5578 1358.64
196.822 68.4753 3.69449 3.19145 75.6914 1290.65
200.413 69.1049 3.67255 3.23417 63.685 1212.94
205.217 69.1565 3.67583 3.18498 67.6348 1084.08
211.299 69.72 3.70742 3.34857 89.4988 1023.05
215.088 69.9175 3.67288 3.15922 33.9284 1009.61
216.289 69.626 3.69253 3.25712 72.3036 972.32
235.93 69.3475 3.79552 3.3422 179.122 1262.64
196.917 67.6988 3.71563 3.24926 42.3714 1245.31
201.885 68.4946 3.67614 3.25737 58.7409 1123.5
203.387 68.7132 3.68132 3.23729 82.323 1095.6
209.319 68.9656 3.68584 3.18082 43.3324 977.105
213.625 69.322 3.6351 3.19112 73.1591 954.701
219.035 69.243 3.72675 3.2934 43.9489 929.866
221.263 69.3286 3.75648 3.27187 60.8873 952.066
198.174 67.082 3.70303 3.30584 51.2521 1166
199.397 67.4213 3.69122 3.25093 64.4132 1137.88
202.768 67.4572 3.67872 3.23428 57.3541 1021.13
203.811 68.2575 3.66718 3.23483 76.8457 1047.36
208.187 68.1343 3.68611 3.29051 54.7427 920.854
214.432 68.1207 3.66776 3.18344 51.7644 816.79
218.405 68.1861 3.69988 3.27057 55.8629 810.531
220.465 68.6043 3.74613 3.26766 69.1959 866.628
222.103 68.3889 3.77649 3.33773 66.6767 858.678
223.281 66.3701 3.70955 3.25452 197.172 667.819
193.671 65.4742 3.69604 3.31739 39.7857 1298.4
195.352 65.7077 3.70125 3.25731 40.9176 1229.1
198.75 66.442 3.68298 3.24945 55.969 1112.2
200.349 66.6001 3.68724 3.24843 46.7628 1056.49
202.227 66.8332 3.70015 3.29022 65.634 999.056
204.275 67.0486 3.68151 3.24366 67.0507 941.94
206.517 67.2221 3.66445 3.28534 101.991 884.831
207.821 67.5076 3.67526 3.27824 87.9383 873.019
212.113 67.5187 3.69874 3.42424 99.0193 781.958
214.357 67.5933 3.67298 3.1954 53.4008 760.167
215.855 67.6946 3.67171 3.29129 89.9781 759.74
220.128 67.6136 3.74588 3.31308 56.8121 755.399
224.214 67.6106 3.73212 3.28696 84.3439 809.714
226.258 67.441 3.73856 3.27663 164.034 837.033
195.961 64.9941 3.69038 3.27315 60.4741 1182.45
197.645 65.3936 3.69352 3.28938 50.965 1117.57
199.349 65.5011 3.68169 3.29884 59.8792 1046.68
201.346 65.895 3.68062 3.23304 40.8166 980.244
202.913 66.1434 3.68502 3.30721 58.9306 931.699
206.494 66.5156 3.68202 3.24645 91.4133 829.494
208.493 66.9214 3.66839 3.37064 99.0715 803.554
209.976 66.7108 3.66624 3.28597 91.9994 746.262
212.525 66.7004 3.69601 3.34016 98.262 691.002
213.899 66.7653 3.70029 3.25962 53.7664 676.464
216.215 66.9498 3.63958 3.20705 67.8724 675.406
218.345 66.8088 3.6762 3.15232 86.9973 657.013
221.978 66.9116 3.73602 3.29014 74.345 700.29
223.778 66.9808 3.74485 3.26407 114.9 738.476
225.729 66.9227 3.71078 3.27415 225.327 776.343
197.761 64.6379 3.66464 3.25515 54.3494 1090.3
200.087 64.937 3.67143 3.2925 60.7951 992.983
201.637 65.1527 3.67425 3.26544 49.1137 933.262
203.551 65.5276 3.70919 3.21416 46.3553 871.66
205.119 65.4924 3.68231 3.19253 81.4541 807.624
207.195 65.6571 3.66497 3.27083 130.233 741.883
208.623 65.8937 3.66856 3.25654 102.495 712.706
210.457 65.8251 3.66534 3.23702 111.262 653.072
212.122 65.8371 3.68963 3.36231 127.364 612.798
214.18 66.267 3.74417 3.15901 19.381 619.706
214.181 66.267 3.68043 3.35238 54.6823 619.692
218.473 66.2305 3.70062 3.23229 50.2454 593.053
221.631 66.2191 3.73851 3.24924 129.106 622.46
225.657 65.8052 3.68484 3.28118 166.145 675.027
213.052 64.4091 3.61492 3.19088 139.108 453.879
199.305 63.8864 3.68514 3.19381 27.0824 999.605
205.522 64.7962 3.68138 3.31526 64.0633 751.066
208.018 65.18 3.65909 3.21204 148.771 678.368
210.64 65.1479 3.6309 3.25966 156.208 588.566
216.846 65.3064 3.62111 3.1267 89.9044 490.204
218.385 65.6035 3.70768 3.25132 73.0143 523.034
220.064 65.4483 3.72252 3.26115 110.615 518.872
221.694 65.3609 3.68234 3.25783 155.166 534.978
223.623 65.2225 3.64873 3.28048 142.137 566.157
196.446 62.7492 3.69269 3.24618 116.533 1129.44
199.398 63.2842 3.70111 3.2438 60.8726 984.452
200.922 63.3965 3.70762 3.25374 38.257 910.848
203.285 63.465 3.70945 3.20123 65.5934 797.155
205.853 64.1767 3.6583 3.17867 76.7552 704.989
214.63 64.613 3.68246 3.33138 139.976 438.924
216.201 64.5654 3.59617 3.42561 21.7425 412.537
216.436 64.5012 3.61006 3.13408 110.503 403.507
221.784 64.453 3.64567 3.17338 121.562 446.829
221.784 64.4525 3.6183 3.2359 113.091 446.766
223.67 64.5753 3.63552 3.23973 237.795 510.116
195.344 61.9331 3.69462 3.24177 94.8582 1189.41
198.469 62.2938 3.67874 3.23555 135.034 1024.84
201.699 62.7161 3.67944 3.17946 84.2928 861.201
205.93 63.3569 3.68902 3.10831 89.8541 667.001
214.222 63.8036 3.64716 3.13646 107.523 366.452
217.924 64.0292 3.7171 3.191 98.0968 346.495
222.48 63.8433 3.62888 3.24195 366.939 410.435
197.317 61.3416 3.67425 3.25254 192.147 1091.57
198.513 61.678 3.67385 3.24151 99.4808 1024.79
200.525 61.7105 3.66017 3.22416 182.89 918.255
201.703 62.1344 3.66275 3.22584 177.816 856.328
203.311 62.2195 3.65756 3.1948 143.507 773.183
205.146 62.1816 3.64736 3.18086 246.927 677.729
206.12 62.4787 3.66036 3.19955 200.313 632.694
221.871 63.109 3.58834 3.25653 274.082 329.201
193.799 60.3849 3.67284 3.27801 113.444 1298.12
196.65 60.4135 3.66723 3.23211 210.872 1143.99
198.04 60.7515 3.66178 3.23123 161.016 1062.09
199.312 60.6947 3.65653 3.2091 138.831 994.69
201.041 61.0224 3.64472 3.1999 171.18 896.539
202.562 61.4009 3.64129 3.14709 158.449 811.534
204.176 61.4907 3.63894 3.12638 183.881 725.184
205.609 61.9037 3.63164 3.14672 222.979 650.722
206.868 61.8823 3.61551 3.0968 220.934 584.533
209.88 61.7531 3.62588 3.15093 263.262 425.288
223.206 62.5763 3.63516 3.22766 378.506 346.868
225.609 62.2024 3.67751 3.12218 272.579 446.595
198.315 59.9237 3.6719 3.24414 141.342 1066.37
199.908 60.1686 3.66425 3.24706 114.572 973.683
201.231 60.4742 3.65611 3.2281 205.581 895.252
202.813 60.5269 3.65627 3.22957 149.926 808.593
204.11 60.6801 3.65041 3.21159 199.644 735.768
205.516 60.8132 3.64307 3.20159 210.69 657.842
207.791 61.2001 3.62251 3.16189 203.805 532.217
224.22 61.4862 3.65504 3.19588 329.421 359.152
226.918 61.1512 3.65576 3.22287 252.632 501.693
198.736 59.2533 3.68715 3.28529 143.582 1064.4
200.175 59.1767 3.69504 3.25074 126.976 989.133
201.907 59.5938 3.68067 3.24076 188.292 881.287
202.905 59.7733 3.67454 3.24361 194.728 821.71
204.792 59.8542 3.67951 3.20651 168.704 717.183
205.68 60.1952 3.65633 3.1865 165.716 660.093
207.376 60.0815 3.65729 3.17677 160.521 571.115
210.276 60.4814 3.65518 3.19215 234.976 404.92
223.909 60.7704 3.58053 3.21452 235.501 341.186
190.452 56.6011 3.73703 3.33235 51.1908 1631.77
202.009 59.0314 3.69183 3.2372 152.993 895.475
203.561 59.1953 3.69947 3.21409 147.353 805.739
204.771 59.3922 3.70955 3.23009 256.741 733.406
206.768 59.6524 3.68781 3.21277 316.128 616.994
226.285 59.5898 3.64977 3.20264 188.349 500.795
227.183 60.2114 3.65412 3.28335 245.59 528.859
212.566 65.1171 3.65852 3.34447 234.536 533.019
203.344 58.6774 3.71967 3.22909 143.095 838.587
204.113 58.2637 3.7148 3.15929 113.524 817.564
204.991 58.6484 3.72291 3.1617 130.279 752.717
206.355 58.9287 3.70826 3.12978 143.723 668.006
207.606 58.6097 3.70783 3.15158 167.624 619.094
227.731 58.9601 3.68391 3.22102 137.453 604.249
202.426 57.5673 3.70581 3.23033 82.5468 942.429
203.613 57.6397 3.69238 3.20841 71.7901 876.99
205.548 57.5665 3.67994 3.21094 100.072 783.18
224.26 58.4133 3.78588 3.25535 66.9576 465.919
225.482 58.2747 3.77761 3.25868 47.6753 531.647
229.033 59.3946 3.6715 3.28873 164.45 654.278
197.939 55.703 3.69564 3.24351 89.1834 1286.01
200.447 56.2848 3.69354 3.24173 98.4178 1120.48
223.768 57.9616 3.77207 3.39939 99.0843 478.969
225.424 57.4688 3.79604 3.461 52.8237 587.528
228.869 57.9128 3.70216 3.24856 84.4787 719.104
227.048 56.8144 3.78875 3.44484 34.0355 708.839
229.75 56.9811 3.71998 3.29404 65.2681 821.951
212.138 64.8735 3.65435 3.30767 150.825 521.235
210.428 68.6408 3.70071 3.2447 85.854 924.808
226.879 56.1146 3.79897 3.41202 50.1243 758.157
229.974 55.9154 3.78192 3.36232 24.6941 909.035
228.385 55.3279 3.79396 3.54268 65.707 886.379
218.842 64.7774 3.72859 3.28154 213.566 433.92
227.653 56.4191 3.79877 3.49362 87.6142 766.225
209.768 62.6893 3.66827 3.17141 101.87 458.955
211.063 63.7323 3.59721 3.22936 188.008 462.425
211.14 63.4057 3.63509 3.08791 140.474 437.007
210.176 67.8516 3.673 3.22861 29.5856 850.833
209.736 66.2066 3.64539 3.29202 40.2953 706.714
210.418 68.0789 3.69129 3.24291 22.2978 868.603
211.301 69.7162 3.6817 3.2849 24.228 1022.62
209.329 66.7192 3.66769 3.28379 36.1652 763.402
198.722 65.4015 3.63775 3.21 35.2595 1070.26
211.489 65.5114 3.65039 3.12893 42.7915 597.105
194.662 64.5695 3.67707 3.33869 29.5974 1234.58
211.554 70.2036 3.68877 3.29424 22.7436 1070.96
210.41 68.6274 3.71085 3.27883 24.9089 923.758
209.89 67.3812 3.68424 3.22974 36.065 811.348
210.457 65.825 3.62517 3.23601 46.8245 653.054
210.84 64.6544 3.66289 3.16942 59.8755 541.047
210.867 64.709 3.65366 3.16608 88.0929 544.659
210.853 64.7716 3.65736 3.17571 85.4656 550.276
210.847 64.8338 3.63687 3.17465 77.4243 555.656
210.819 64.8857 3.63115 3.1762 72.4315 560.893
210.44 64.87 3.63893 3.22451 122.506 571.622
210.174 64.8537 3.64649 3.20105 102.794 579.007
210.069 64.7653 3.64684 3.18211 133.394 575.541
210.917 64.5498 3.65774 3.17678 91.542 530.037
210.782 64.5716 3.66008 3.18251 77.3162 536.253
210.554 64.5756 3.65808 3.18825 121.724 544.203
210.901 64.613 3.65579 3.1676 115.306 535.703
211.172 64.6917 3.65247 3.16833 101.161 533.546
232.425 52.1577 3.80447 3.56851 19.5458 1328.19
232.644 52.2602 3.81068 3.45132 18.6559 1328.18
232.744 52.294 3.81259 3.452 17.4034 1329.41
232.847 52.3171 3.81386 3.44744 16.8389 1331.69
212.567 65.1173 3.66499 3.33317 48.0081 533.03
212.57 65.1176 3.66631 3.33045 49.3807 532.991
209.768 62.6892 3.66832 3.17145 101.87 458.962
210.331 61.4859 3.64177 3.17061 126.24 397.633
209.538 60.4832 3.67359 3.19871 192.38 444.826
210.519 60.6717 3.65256 3.19562 253.041 388.53
211.909 60.5183 3.64822 3.28218 160.632 315.923
210.455 61.3427 3.62147 3.1603 154.75 389.731
210.626 60.4754 3.69046 3.21269 172.297 386.093
209.518 60.7352 3.64293 3.16571 173.156 442.009
209.971 61.6954 3.62481 3.12274 192.551 419.545
208.723 60.6622 3.63899 3.09646 142.679 486.072
211.068 60.8049 3.64839 3.18058 161.424 357.146
209.968 60.4881 3.66609 3.20867 225.856 421.437
210.253 60.4731 3.68508 3.21411 113.916 406.312
208.919 60.4641 3.65939 3.20678 159.41 478.775
210.813 60.8045 3.64752 3.2254 253.465 371.012
209.81 60.4601 3.67677 3.1873 172.202 430.561
211.376 60.7866 3.65364 3.19843 181.742 340.635
209.518 60.7351 3.64276 3.16556 173.156 441.989
