# evlo=212.569595 evla=65.117599
194.627 64.5646 3.73404 3.49621 57.527 850.822
217.654 61.036 3.6731 3.29558 52.4503 522.124
218.338 61.0595 3.64365 3.19666 46.3938 537.597
216.716 60.1205 3.68549 3.22251 17.4129 595.928
209.094 59.7511 3.65363 3.09492 81.4227 624.239
209.259 59.7417 3.65637 3.08965 84.6113 622.879
208.846 60.7683 3.64695 3.18836 42.7199 520.116
204.378 55.8218 3.6737 3.19311 34.2839 1127.35
200.411 54.831 3.76768 3.40261 47.1286 1326.94
208.763 59.5251 3.6646 3.09195 52.2971 653.498
216.907 60.7523 3.62631 3.11332 24.2811 533.814
218.66 60.9649 3.6574 3.24359 35.5519 555.54
209.738 62.4058 3.71233 3.29752 71.4007 332.959
217.513 60.0823 3.65143 3.19284 21.9387 615.538
214.25 60.5487 3.63453 3.06741 19.0913 516.347
196.582 54.8564 3.75774 3.43071 19.6138 1441.6
213.401 60.7277 3.71337 3.22158 22.8864 491.109
209.784 61.1426 3.67105 3.17759 54.9224 464.712
188.296 63.7758 3.7728 3.6033 30.355 1170.83
211.074 61.771 3.68887 3.28467 59.8659 380.405
216.188 61.4417 3.72486 3.44476 63.3545 447.999
212.904 60.8792 3.72596 3.12052 42.2553 472.72
215.271 60.5805 3.68234 3.31224 53.9997 523.962
216.679 60.2805 3.69533 3.15601 29.6799 578.427
213.497 60.396 3.73889 3.39457 31.8187 528.369
215.738 60.3351 3.72653 3.33565 33.3169 556.954
208.348 59.6572 3.64128 3.18942 50.4006 646.212
217.659 60.6024 3.62109 3.43192 42.3838 565.651
216.749 60.4427 3.71517 3.05687 21.1545 562.759
217.639 60.9231 3.66635 3.33048 49.3807 532.996
214.077 61.4924 3.74804 3.36646 30.752 411.068
211.542 61.4131 3.71113 3.16913 46.2196 416.124
217.277 60.2474 3.64879 3.23697 36.1116 593.568
218.995 60.824 3.66734 3.2159 25.5398 578.399
216.976 61.3836 3.61151 3.09046 31.6089 471.163
218.049 60.1785 3.69939 3.28661 33.7307 617.549
191.145 52.9721 3.75592 3.4536 32.2336 1810.25
207.417 57.7828 3.67257 3.11603 110.372 861.647
234.753 71.9871 3.75037 3.20932 73.4844 1174.06
235.93 69.3475 3.8373 3.41756 108.986 1104.91
223.281 66.3701 3.79912 3.33871 149.021 509.964
210.276 60.4814 3.67475 3.09734 45.5438 529.739
218.547 60.1369 4.45245 4.01164 53.9435 633.614
218.338 61.0595 3.64367 3.19668 46.3938 537.6
216.716 60.1205 3.68549 3.22251 17.4129 595.928
215.271 60.5805 3.68234 3.31224 53.9997 523.962
216.679 60.2805 3.69533 3.15601 29.6799 578.427
217.659 60.602 3.62127 3.4321 42.3838 565.681
216.749 60.4427 3.71517 3.05687 21.1545 562.759
217.639 60.9231 3.66631 3.33045 49.3807 532.991
217.277 60.2474 3.64879 3.23697 36.1116 593.568
218.995 60.8241 3.66728 3.21585 25.5398 578.389
216.976 61.3836 3.61151 3.09046 31.6089 471.163
218.049 60.1785 3.69939 3.28661 33.7307 617.549
