# evlo=211.9086 evla=60.518299
217.908 60.4896 3.68657 3.19968 98.1349 329.591
218.338 61.0595 3.64919 3.25464 159.215 355.177
218.244 60.7315 3.67342 3.23074 97.4118 347.515
217.659 60.6024 3.68116 3.25389 160.695 315.491
217.639 60.9231 3.64835 3.28229 160.632 315.933
218.995 60.824 3.67262 3.20554 122.119 388.698
226.475 68.3065 3.73092 3.28608 31.7938 1110.91
207.417 57.7828 3.74345 3.17939 150.143 398.49
212.138 64.8736 3.73714 3.06665 39.7754 485.568
218.842 64.7774 3.66896 3.23823 92.0367 592.391
210.176 67.8516 3.62696 3.45879 17.4202 821.754
209.736 66.2066 3.58368 3.46687 15.8369 643.208
211.301 69.7162 3.64836 3.33795 20.7551 1025.88
209.329 66.7192 3.63809 3.47555 26.4072 702.808
211.489 65.5114 3.80497 3.2558 30.4396 556.941
217.908 60.4896 3.68657 3.19968 98.1349 329.591
218.338 61.0595 3.64925 3.25469 159.215 355.183
218.244 60.7315 3.67342 3.23074 97.4118 347.515
217.659 60.602 3.68086 3.25363 160.695 315.465
217.639 60.9231 3.64822 3.28218 160.632 315.923
218.995 60.8241 3.67262 3.20555 122.119 388.698
