# evlo=209.258606 evla=59.741699
194.627 64.5646 3.61662 3.14841 79.1103 929.685
217.908 60.4896 3.57933 2.96478 162.261 487.77
217.654 61.036 3.63022 3.02217 274.476 484.489
217.507 60.403 3.58757 3.027 137.514 464.802
218.338 61.0595 3.60498 3.04337 236.395 521.086
220.363 59.9534 3.62148 3.14438 265.644 622.194
216.716 60.1205 3.60283 3.06933 164.292 418.885
215.395 60.9677 3.63333 2.98696 250.988 365.064
209.013 64.0997 3.61221 3.0885 232.19 485.844
210.701 64.1732 3.56895 3.02165 191.784 499.598
207.916 63.4188 3.52264 2.92938 118.151 415.91
212.195 64.6453 3.56257 3.04752 234.78 567.325
204.378 55.8218 3.58091 2.92695 194.515 524.026
207.685 63.8827 3.5137 2.98696 92.0473 468.845
209.796 67.2269 3.62007 3.08566 103.138 834.785
216.907 60.7523 3.62677 3.01871 187.289 438.042
218.66 60.9649 3.59935 3.02898 251.342 536.061
209.738 62.4058 3.51325 3.01297 424.729 297.983
217.513 60.0823 3.61254 3.06709 247.304 463.058
212.624 63.0753 3.54995 3.13814 233.662 412.556
214.225 61.1292 3.62837 3.0404 351.11 314.035
215.93 63.6482 3.60646 3.12134 170.774 559.935
214.25 60.5487 3.63473 3.0515 365.402 291.426
196.582 54.8564 3.63874 3.17209 128.946 935.592
214.766 66.5657 3.60733 3.13188 179.511 808.952
188.296 63.7758 3.66853 3.20296 90.5988 1188
203.121 64.7461 3.60962 3.1545 102.059 641.881
216.188 61.4417 3.61076 2.95385 307.14 424.053
215.271 60.5805 3.62143 3.02849 303.339 346.542
216.679 60.2805 3.60214 3.11417 198.405 418.02
218.244 60.7315 3.59236 3.01896 169.096 509.444
213.052 64.4091 3.56976 3.12962 179.554 556.432
215.738 60.3351 3.62866 3.07748 279.626 366.958
217.659 60.6024 3.58675 2.98963 184.826 475.734
215.581 59.9268 3.62554 3.08854 237.829 355.028
216.749 60.4427 3.60283 3.09118 205.975 423.809
217.639 60.9231 3.61654 3.03387 359.083 480.923
214.077 61.4924 3.58092 3.04003 290.811 328.003
197.4 66.8951 3.6217 3.14227 44.1262 991.022
209.077 63.5527 3.58166 3.0031 246.045 424.805
217.277 60.2474 3.58569 3.04261 152.284 450.724
218.995 60.824 3.5928 3.01677 194.971 551.433
216.976 61.3836 3.6107 2.97196 264.437 460.777
211.063 63.7318 3.55323 2.99973 276.984 454.722
211.768 64.9602 3.57693 3.05916 210.464 595.834
218.049 60.1785 3.60633 3.04592 275.863 493.156
209.256 65.0304 3.61559 3.07905 135.251 589.433
210.931 64.5928 3.58516 3.03943 272.803 547.571
216.031 60.2361 3.62341 3.08383 216.755 381.833
191.145 52.9721 3.6553 3.17414 136.671 1342.9
214.53 62.9699 3.60302 3.12496 229.632 456.809
219.747 60.0959 3.60281 3.10145 165.432 587.418
220.599 59.667 3.66406 3.24175 236.403 637.686
214.475 65.5174 3.59124 3.15896 178.932 696.614
207.811 62.8962 3.53401 2.83546 82.3833 359.951
217.533 61.1871 3.62194 2.98377 231.052 482.462
215.323 60.3863 3.62627 3.06625 242.932 345.141
197.092 68.0541 3.61102 3.08055 56.2617 1098.23
215.154 63.7399 3.6 3.14312 150.847 543.19
218.652 60.2994 3.59919 2.99406 171.916 527.052
211.14 63.4056 3.5397 3.0015 219.531 420.308
212.671 61.832 3.59546 3.20636 337.661 297.907
216.01 63.9761 3.60108 3.10859 180.242 590.083
214.792 60.5341 3.62609 3.03011 236.364 319.78
205.816 56.5593 3.58361 2.93196 292.754 408.211
189.752 57.1766 3.67722 3.26029 142.207 1169.25
217.161 60.1791 3.60394 3.06562 218.618 443.901
216.221 60.072 3.61674 3.08928 252.7 391.143
218.856 60.4399 3.58726 2.97532 200.34 539.188
217.171 60.7541 3.61825 3.01005 178.108 452.168
192.073 65.5598 3.63991 3.16899 85.8409 1088.26
209.711 63.4502 3.56631 2.97481 332.348 413.964
193.495 53.8452 3.63689 3.18972 172.529 1161.19
216.546 61.2275 3.6299 2.98084 288.795 433.206
211.449 62.8295 3.51526 3.0204 264.109 363.528
211.415 62.9628 3.49472 3.05976 150.019 376.971
211.462 62.6812 3.49408 3.02286 154.948 348.262
212.058 62.8349 3.51779 3.06615 162.451 375.862
211.771 63.0624 3.5035 3.0563 187.948 393.567
212.26 62.5808 3.56562 3.2065 265.395 355.148
211.152 62.8331 3.52031 2.99803 293.473 359.101
217.147 60.448 3.59946 3.03383 185.971 445.631
211.908 64.4716 3.55545 3.01576 233.401 544.867
218.249 60.3583 3.58934 2.9846 209.874 505.189
212.138 64.8736 3.57149 3.04345 216.942 590.981
198.806 68.6483 3.60266 3.10831 52.332 1111.78
200.413 69.1049 3.56914 3.08647 74.8899 1124.86
205.217 69.1565 3.59483 3.00668 90.6726 1066.9
209.387 69.836 3.57176 3.04804 106.232 1125.41
211.299 69.72 3.59877 3.01552 66.4205 1116.53
215.088 69.9175 3.6079 3.07888 161.067 1166.46
216.289 69.626 3.61251 3.10833 148.472 1150.12
201.885 68.4946 3.571 3.04945 60.9648 1038.07
203.387 68.7132 3.59836 3.0494 65.0128 1038.81
207.318 68.8799 3.5987 3.09415 142.769 1022.92
209.319 68.9656 3.5777 3.07035 111.121 1028.3
211.177 69.1532 3.60652 3.04448 98.5806 1053.15
213.625 69.322 3.60817 3.09731 119.349 1087.74
219.035 69.243 3.61599 3.1071 69.5328 1155.51
221.263 69.3286 3.6352 3.15367 65.4144 1209.23
202.768 67.4572 3.58076 3.11607 49.6925 917.214
203.811 68.2575 3.6072 3.04337 66.6458 985.09
206.028 68.4414 3.60641 3.05278 70.4962 982.2
208.187 68.1343 3.58336 3.12679 121.23 937.006
210.384 68.0584 3.60767 3.071 74.4394 928.707
211.513 68.0748 3.62343 3.12992 100.118 935.344
214.432 68.1207 3.61562 3.15024 178.257 967.085
218.405 68.1861 3.62578 3.15435 147.461 1040.03
220.465 68.6043 3.63648 3.17602 76.9169 1124.35
222.103 68.3889 3.61886 3.12278 84.5194 1144.93
223.281 66.3701 3.63897 3.16206 148.187 1019.67
193.671 65.4742 3.64123 3.12769 42.0001 1019.46
195.352 65.7077 3.62632 3.12084 48.6217 969.834
198.75 66.442 3.6299 3.1235 67.9635 913.703
202.227 66.8332 3.58184 3.16173 66.485 864.359
204.275 67.0486 3.60263 3.06767 68.7617 851.065
206.517 67.2221 3.60651 3.14338 107.34 844.741
207.821 67.5076 3.58292 3.13388 145.507 868.539
212.113 67.5187 3.61803 3.13775 167.218 878.147
214.357 67.5933 3.60992 3.14188 149.094 910.158
215.855 67.6946 3.62078 3.15416 172.124 943.309
220.128 67.6136 3.62445 3.14835 97.8419 1026.01
224.214 67.6106 3.63582 3.15022 74.4531 1141.69
226.258 67.441 3.65864 3.14027 82.6684 1196.05
195.961 64.9941 3.6251 3.10942 64.4183 900.473
197.645 65.3936 3.60909 3.11875 57.6038 865.417
199.349 65.5011 3.6057 3.12751 66.6089 817.083
201.346 65.895 3.62477 3.20433 75.2118 794.351
202.913 66.1434 3.57685 3.13809 51.9376 781.982
206.494 66.5156 3.61037 3.15299 123.87 767.622
208.493 66.9214 3.57868 3.10435 116.459 801.197
209.976 66.7108 3.6235 3.12062 117.926 777.631
212.525 66.7004 3.61378 3.10246 157.439 792.574
213.899 66.7653 3.60702 3.12479 171.585 816.296
216.215 66.9498 3.61313 3.14657 126.257 874.469
218.345 66.8088 3.60348 3.15469 146.187 908.194
221.978 66.9116 3.63152 3.12939 79.2322 1018.19
223.778 66.9808 3.64159 3.11709 102.86 1080.65
225.729 66.9227 3.65357 3.17529 70.4978 1142.94
197.761 64.6379 3.61678 3.11124 66.5785 807.895
200.087 64.937 3.60647 3.05222 59.4516 747.567
201.637 65.1527 3.6217 3.17256 96.0361 719.011
205.119 65.4924 3.57734 3.01326 87.0824 674.898
207.195 65.6571 3.58175 3.12846 139.021 667.626
208.623 65.8937 3.57327 3.05152 87.6202 686.448
210.457 65.8251 3.61497 3.12794 181.151 680.763
212.122 65.8371 3.60043 3.07098 206.091 694.736
214.18 66.267 3.59973 3.1237 73.7319 768.305
214.181 66.267 3.60816 3.11763 144.91 768.322
218.473 66.2305 3.61225 3.17243 130.48 859.086
221.631 66.2191 3.63165 3.14315 79.7315 953.086
225.657 65.8052 3.61444 3.11402 90.5472 1070.58
214.843 62.3987 3.56116 3.00688 229.449 422.29
213.052 64.4091 3.56976 3.12962 179.554 556.432
199.305 63.8864 3.62431 3.10065 63.7133 697.691
208.018 65.18 3.56321 3.0499 96.9538 609.455
210.64 65.1479 3.60182 3.07686 239.667 606.701
216.846 65.3064 3.60629 3.14225 138.297 731.905
218.385 65.6035 3.61508 3.15725 148.041 801.753
220.064 65.4483 3.6062 3.12343 86.9046 841.956
221.694 65.3609 3.61721 3.15271 97.5303 892.356
223.623 65.2225 3.61999 3.14695 82.8156 956.334
196.446 62.7492 3.61845 3.16708 77.3367 763.426
199.398 63.2842 3.62351 3.0992 76.1909 655.642
200.922 63.3965 3.60308 3.08196 52.621 600.902
203.285 63.465 3.5877 3.12356 92.6247 521.761
204.379 63.994 3.58944 3.09517 78.8405 538.65
205.853 64.1767 3.60296 3.08575 102.318 525.377
214.63 64.613 3.59633 3.17481 228.314 610.279
216.201 64.5654 3.59836 3.06384 26.8282 647.276
216.436 64.5012 3.59123 3.16833 159.664 648.536
221.784 64.453 3.59191 3.15341 118.337 836.389
221.784 64.4525 3.59835 3.13099 98.7415 836.334
223.67 64.5753 3.59678 3.1242 157.951 920.987
195.344 61.9331 3.6355 3.15207 58.258 793.307
198.469 62.2938 3.61325 3.18432 92.5904 648.015
201.699 62.7161 3.61296 3.08621 82.4359 523.631
205.93 63.3569 3.61269 3.13398 171.733 439.892
214.222 63.8036 3.56906 3.15854 164.52 522.668
217.924 64.0292 3.60823 3.13699 163.801 659.245
222.48 63.8433 3.58928 3.12263 171.29 831.482
197.317 61.3416 3.67194 3.13878 95.9904 678.142
198.513 61.678 3.64993 3.10903 77.0423 624.229
200.525 61.7105 3.61856 3.06652 78.6982 524.12
201.703 62.1344 3.61354 3.1122 82.7604 488.288
203.311 62.2195 3.60104 3.10933 100.841 423.862
205.146 62.1816 3.54831 3.05411 122.91 351.371
206.12 62.4787 3.60915 3.10468 149.681 348.695
216.652 63.0254 3.56474 3.06532 226.513 538.008
218.173 63.0618 3.57077 3.10293 240.092 602.161
221.871 63.109 3.5933 3.09057 145.372 768.928
193.799 60.3849 3.6378 3.14843 119.541 861.978
196.65 60.4135 3.64104 3.18899 121.833 704.793
198.04 60.7515 3.65169 3.16169 125.647 630.621
199.312 60.6947 3.63419 3.1702 140.387 560.938
201.041 61.0224 3.64606 3.15989 126.15 474.82
202.562 61.4009 3.65982 3.01329 112.532 410.835
204.176 61.4907 3.62927 2.76798 42.4039 339.623
205.609 61.9037 3.55286 2.95763 132.799 312.115
212.274 61.7929 3.58346 3.21587 238.909 281.441
213.825 62.1067 3.57341 3.06549 280.721 361.477
217.004 62.4013 3.54956 3.05469 208.257 511.97
218.122 62.3579 3.55476 3.04126 259.73 559.891
221.538 62.4435 3.58342 3.05628 146.045 726.162
223.206 62.5763 3.59257 3.10681 182.743 812.557
225.609 62.2024 3.59239 3.06979 142.849 924.063
198.315 59.9237 3.61311 3.19218 169.362 613.38
199.908 60.1686 3.61124 3.18898 153.389 524.191
201.231 60.4742 3.6267 3.15319 197.036 453.577
202.813 60.5269 3.62763 3.1681 165.404 368.553
204.11 60.6801 3.66069 3.12554 196.506 303.892
215.402 61.6061 3.59958 3.02942 332.986 394.622
222.911 61.4593 3.58036 3.00508 117.292 770.492
224.22 61.4862 3.58071 3.00109 118.271 840.048
226.918 61.1512 3.60252 3.03022 140.885 981.574
198.736 59.2533 3.62262 3.22128 159.958 597.872
200.175 59.1767 3.61737 3.22633 140.655 518.506
201.907 59.5938 3.61021 3.26279 273.715 414.452
202.905 59.7733 3.61593 3.21919 246.805 356.981
219.809 60.7718 3.58609 2.98138 174.101 594.645
221.424 60.3024 3.5985 3.03749 186.191 680.295
223.909 60.7704 3.58689 3.00476 185.498 817.484
190.452 56.6011 3.68209 3.26136 63.7335 1156.17
202.009 59.0314 3.60886 3.22429 234.848 419.277
203.561 59.1953 3.61608 3.26473 259.019 328.611
222.262 59.6304 3.65127 3.2051 141.175 731.379
223.04 60.1218 3.61382 3.10619 196.908 770.355
226.285 59.5898 3.64966 3.19546 140.926 957.169
227.183 60.2114 3.62698 3.09779 186.89 999.146
212.566 65.1171 3.5737 3.04906 257.714 622.782
203.344 58.6774 3.6367 3.1992 221.512 357.904
204.113 58.2637 3.61661 3.09085 267.996 338.31
227.731 58.9601 3.69393 3.3059 96.4218 1051.04
202.426 57.5673 3.61033 3.10664 222.094 464.416
203.613 57.6397 3.58604 3.1072 184.604 402.293
205.548 57.5665 3.49952 3.00169 150.65 324.117
229.033 59.3946 3.65538 3.22966 97.2992 1114.27
197.939 55.703 3.62202 3.14834 157.572 809.106
200.447 56.2848 3.60057 3.14537 100.815 646.879
223.768 57.9616 3.8032 3.51227 73.4736 858.771
212.138 64.8735 3.56749 3.03802 224.371 590.968
210.428 68.6408 3.6095 3.01453 68.8928 993.642
226.879 56.1146 3.87784 3.70086 55.269 1115.3
229.974 55.9154 3.81599 3.60026 42.734 1296.11
218.842 64.7774 3.6044 3.12239 197.025 748.669
227.653 56.4191 3.83777 3.63439 107.284 1142.21
209.931 62.7622 4.84429 4.17207 344.636 338.507
211.063 63.7323 3.55369 3.00012 276.984 454.78
211.14 63.4057 3.53975 3.00154 219.531 420.314
218.547 60.1369 3.52335 4.51932 222.978 520.67
210.84 64.6544 3.58845 3.049 142.952 553.627
210.867 64.709 3.59159 3.06245 181.368 559.84
210.853 64.7716 3.5932 3.06302 151.245 566.624
210.847 64.8338 3.59622 3.05945 139.693 573.425
210.819 64.8857 3.59366 3.05368 158.381 578.934
210.44 64.87 3.59974 3.07805 228.967 574.801
210.174 64.8537 3.60019 3.07819 165.759 571.695
210.069 64.7653 3.59244 3.07414 189.871 561.447
210.917 64.5498 3.5841 3.05591 156.388 542.736
210.782 64.5716 3.58357 3.05638 127.664 544.069
210.554 64.5756 3.58614 3.06594 252.631 542.916
210.901 64.613 3.5877 3.06137 210.131 549.548
211.172 64.6917 3.58166 3.04828 177.436 560.516
217.908 60.4896 3.57933 2.96478 162.261 487.77
217.507 60.403 3.58757 3.027 137.514 464.802
218.338 61.0595 3.60501 3.0434 236.395 521.091
216.716 60.1205 3.60283 3.06933 164.292 418.885
215.271 60.5805 3.62143 3.02849 303.339 346.542
216.679 60.2805 3.60214 3.11417 198.405 418.02
218.244 60.7315 3.59236 3.01896 169.096 509.444
217.659 60.602 3.58651 2.98942 184.826 475.701
216.749 60.4427 3.60283 3.09118 205.975 423.809
217.639 60.9231 3.61647 3.0338 359.083 480.912
217.277 60.2474 3.58569 3.04261 152.284 450.724
218.995 60.8241 3.59281 3.01678 194.971 551.434
216.976 61.3836 3.6107 2.97196 264.437 460.777
218.049 60.1785 3.60633 3.04592 275.863 493.156
216.031 60.2361 3.62341 3.08383 216.755 381.833
217.533 61.187 3.622 2.98381 231.052 482.469
218.652 60.2994 3.59919 2.99406 171.916 527.052
216.221 60.072 3.61674 3.08928 252.7 391.143
218.856 60.4399 3.58726 2.97532 200.34 539.188
216.546 61.2275 3.6299 2.98084 288.795 433.206
212.567 65.1173 3.56381 3.037 94.8088 622.808
212.57 65.1176 3.56267 3.0459 96.4966 622.879
