# evlo=208.8461 evla=60.768299
194.627 64.5646 3.62481 3.17817 74.5624 839.983
217.908 60.4896 3.56036 3.01432 128.92 496.626
217.654 61.036 3.53463 2.97657 189.331 478.594
217.507 60.403 3.54831 2.9788 91.3207 476.097
218.338 61.0595 3.52137 2.98015 253.352 515.528
220.363 59.9534 3.55621 2.96275 138.064 641.234
216.3 60.3932 3.57574 3.07159 106.427 410.502
225.144 58.5792 3.66367 3.13059 114.608 947.438
216.716 60.1205 3.58941 2.99294 147.597 438.925
215.395 60.9677 3.51881 2.92798 203.67 356.352
209.013 64.0997 3.62974 3.12004 209.872 371.392
210.701 64.1732 3.57581 3.04189 165.443 391.322
207.916 63.4188 3.59697 2.92811 76.6067 299.354
212.195 64.6453 3.57096 3.13187 163.926 464.708
204.378 55.8218 3.55689 2.97355 154.022 609.773
200.411 54.831 3.58778 3.0776 57.3513 828.621
207.685 63.8827 3.50614 2.83245 72.9248 352.269
209.796 67.2269 3.65244 3.06469 69.6111 721.461
216.907 60.7523 3.55332 2.95908 148.697 439.187
218.66 60.9649 3.53282 3.00004 249.733 533.175
217.513 60.0823 3.56683 2.98162 114.44 483.093
212.624 63.0753 3.58352 3.09648 209.293 324.682
214.225 61.1292 3.50279 2.92452 253.69 294.187
215.93 63.6482 3.56045 3.12214 180.465 488.319
214.25 60.5487 3.56806 3.04435 344.293 296.452
196.582 54.8564 3.63596 3.15796 180.388 979.512
214.766 66.5657 3.62735 3.16698 137.467 708.878
188.296 63.7758 3.65396 3.18889 84.742 1112.89
203.121 64.7461 3.62112 3.221 79.4765 530.711
216.188 61.4417 3.52396 3.0076 199.052 402.743
215.271 60.5805 3.57551 3.04437 184.382 351.658
216.679 60.2805 3.58193 3.03766 124.02 433.295
218.244 60.7315 3.54237 3.03337 137.288 512.08
213.052 64.4091 3.61939 3.18528 164.866 459.518
215.738 60.3351 3.59341 3.06089 158.494 381.018
217.659 60.6024 3.5471 3.00168 154.758 481.567
225.615 58.2758 3.67821 3.16336 111.553 985.849
215.581 59.9268 3.5906 3.02132 140.074 383.317
216.749 60.4427 3.56566 3.01435 145.308 434.15
217.639 60.9231 3.54212 2.97882 222.825 478.046
214.077 61.4924 3.53764 3.00429 346.719 293.115
197.4 66.8951 3.6161 3.16782 47.5693 882.621
209.077 63.5527 3.58584 3.08991 230.788 310.548
217.277 60.2474 3.57195 2.90698 76.7743 466.485
218.995 60.824 3.54653 3.04115 233.825 552.141
216.976 61.3836 3.51601 2.99397 262.789 443.86
211.063 63.7318 3.56455 3.06408 189.804 349.74
211.768 64.9602 3.59324 3.12211 198.457 490.205
218.049 60.1785 3.5396 2.87391 117.869 510.011
209.256 65.0304 3.6422 3.11748 114.777 475.507
210.931 64.5928 3.5951 3.08953 207.178 439.375
216.031 60.2361 3.59116 3.08642 181.839 399.035
191.145 52.9721 3.65482 3.22434 177.932 1377.69
214.53 62.9699 3.55556 3.14489 266.918 386.628
219.747 60.0959 3.54284 2.9483 160.138 604.289
220.599 59.667 3.58001 3.0353 171.27 661.986
214.475 65.5174 3.60499 3.09676 126.448 600.126
217.533 61.1871 3.53217 2.98239 224.506 472.301
215.323 60.3863 3.60527 3.05454 126.778 357.472
197.092 68.0541 3.62072 3.10998 48.0137 986.84
215.154 63.7399 3.56512 3.09961 204.104 465.549
218.652 60.2994 3.55114 2.96692 92.7695 540.359
211.14 63.4056 3.58754 3.09954 200.197 317.364
219.217 60.1294 3.54642 2.95601 156.219 574.656
216.01 63.9761 3.573 3.14327 163.692 514.501
214.792 60.5341 3.57431 3.08409 223.994 326.16
205.816 56.5593 3.53548 2.93267 205.202 500.603
189.752 57.1766 3.67701 3.24043 91.5379 1163.82
217.161 60.1791 3.56938 2.88233 89.8818 461.7
216.221 60.072 3.5924 3.04817 141.577 413.397
218.856 60.4399 3.55987 2.98038 96.919 549.005
217.171 60.7541 3.55044 2.99425 192.737 453.505
192.073 65.5598 3.64172 3.17388 80.1076 995.079
209.711 63.4502 3.55214 3.0357 281.489 302.273
193.495 53.8452 3.63942 3.19421 141.266 1199.24
216.546 61.2275 3.52325 2.97601 206.671 419.503
211.415 62.9628 3.57653 3.19208 165.87 279.382
212.058 62.8349 3.59238 3.22637 219.598 285.817
211.771 63.0624 3.58799 3.22984 199.004 298.243
217.147 60.448 3.55814 3.00103 139.292 455.759
211.908 64.4716 3.56492 3.0903 214.109 441.544
218.249 60.3583 3.56131 2.95969 103.526 517.307
207.417 57.7828 3.50175 2.85786 279.368 342.405
212.138 64.8736 3.58924 3.13043 162.165 487.226
201.885 68.4946 3.57381 2.98697 31.8862 922.103
203.387 68.7132 3.5938 3.08702 47.8651 922.266
207.318 68.8799 3.606 3.1268 89.5441 907.188
209.319 68.9656 3.59111 3.02915 69.9063 914.18
211.177 69.1532 3.62259 3.07333 68.1833 941.13
213.625 69.322 3.62422 3.13551 106.966 979.138
219.035 69.243 3.63153 3.10647 63.1754 1056.87
221.263 69.3286 3.63547 3.13025 72.6184 1114.56
198.174 67.082 3.6268 3.18034 52.6402 874.724
202.768 67.4572 3.58243 3.01212 30.6555 801.444
208.187 68.1343 3.58668 3.10527 92.6041 821.787
210.384 68.0584 3.62919 3.09125 50.1273 816.03
211.513 68.0748 3.6453 3.14311 101.949 824.436
214.432 68.1207 3.63039 3.19631 97.5897 861.832
218.405 68.1861 3.63427 3.13482 98.1458 943.739
220.465 68.6043 3.63989 3.13746 63.6788 1031
222.103 68.3889 3.63131 3.12899 77.8805 1056.11
223.281 66.3701 3.64915 3.15045 113.715 946.942
193.671 65.4742 3.63551 3.13958 58.9392 924.464
195.352 65.7077 3.64277 3.09888 59.3765 870.507
198.75 66.442 3.60835 3.19645 60.0674 804.835
202.227 66.8332 3.5953 3.13712 39.9429 749.696
206.517 67.2221 3.62055 3.26061 102.813 728.292
207.821 67.5076 3.58644 3.14166 108.685 752.918
212.113 67.5187 3.63681 3.18015 107.727 768.88
214.357 67.5933 3.64062 3.21563 123.214 805.882
215.855 67.6946 3.63722 3.17987 139.875 842.495
220.128 67.6136 3.62356 3.11806 93.4521 936.603
224.214 67.6106 3.64585 3.16528 70.8764 1061.97
226.258 67.441 3.67077 3.15557 86.7328 1121.68
195.961 64.9941 3.63144 3.15199 51.5544 804.826
197.645 65.3936 3.61715 3.10328 53.1779 763.637
199.349 65.5011 3.60426 3.16771 63.4023 711.128
206.494 66.5156 3.61973 3.25365 94.914 651.058
208.493 66.9214 3.57747 3.09093 80.6201 686.13
209.976 66.7108 3.64871 3.16542 135.525 664.745
212.525 66.7004 3.63482 3.19859 134.32 685.483
213.899 66.7653 3.62717 3.19253 80.4651 712.918
216.215 66.9498 3.62873 3.10137 99.8349 777.368
218.345 66.8088 3.59892 3.10574 118.969 818.291
221.978 66.9116 3.63929 3.18198 63.9116 937.946
223.778 66.9808 3.65541 3.15504 90.4478 1004.35
225.729 66.9227 3.65873 3.15141 69.998 1071.35
197.761 64.6379 3.61213 3.09904 53.449 711.108
200.087 64.937 3.60019 3.12591 71.2868 643.013
201.637 65.1527 3.62788 3.14144 40.1543 609.654
203.551 65.5276 3.62761 3.1896 50.0526 593.41
207.195 65.6571 3.56915 3.15392 133.592 551.172
208.623 65.8937 3.61997 3.01892 48.3036 571.419
210.457 65.8251 3.63436 3.16628 168.806 569.374
212.122 65.8371 3.62964 3.14452 149.44 588.198
214.18 66.267 3.63255 3.22163 61.5508 667.407
214.181 66.267 3.62544 3.1296 89.2906 667.427
218.473 66.2305 3.61603 3.14494 91.0133 773.255
221.631 66.2191 3.63685 3.16486 67.4747 877.187
225.657 65.8052 3.63621 3.17337 94.9184 1008.36
214.843 62.3987 3.5078 2.91096 259.755 366.493
213.052 64.4091 3.61939 3.18528 164.866 459.518
199.305 63.8864 3.61961 3.09827 69.0918 603.489
208.018 65.18 3.55277 2.98763 56.5699 493.512
210.64 65.1479 3.6217 3.13201 160.177 496.515
216.846 65.3064 3.61375 3.13248 97.0627 646.896
218.385 65.6035 3.61743 3.14642 120.23 720.39
220.064 65.4483 3.61634 3.14946 123.748 767.989
221.694 65.3609 3.61765 3.14055 153.036 824.47
223.623 65.2225 3.6181 3.16242 98.8592 895.187
196.446 62.7492 3.59596 3.09458 72.5061 689.789
199.398 63.2842 3.60525 3.20077 87.7314 567.801
200.922 63.3965 3.62069 3.1476 81.0955 506.639
204.379 63.994 3.59558 3.15804 81.8695 427.19
205.853 64.1767 3.63905 3.23656 103.776 409.94
214.63 64.613 3.60998 3.10894 145.213 520.478
216.201 64.5654 3.60954 3.08424 18.4052 566.035
216.436 64.5012 3.59112 3.11206 160.518 569.138
221.784 64.453 3.59154 3.15969 112.996 778.883
221.784 64.4525 3.59319 3.17192 56.4788 778.833
223.67 64.5753 3.58873 3.13288 98.8987 867.096
195.344 61.9331 3.6507 3.15536 78.3298 732.634
198.469 62.2938 3.64174 3.06658 86.3005 576.919
201.699 62.7161 3.58904 3.09476 96.3518 435.267
205.93 63.3569 3.63172 3.21648 151.554 326.234
214.222 63.8036 3.56201 3.0636 208.11 438.212
217.924 64.0292 3.57854 3.15376 153.367 592.782
222.48 63.8433 3.59415 3.10558 120.667 783.792
197.317 61.3416 3.64014 3.22262 80.4951 625.167
198.513 61.678 3.6376 3.19079 115.273 563.713
200.525 61.7105 3.64067 3.20508 128.028 458.647
201.703 62.1344 3.62047 3.04019 104.591 410.026
203.311 62.2195 3.60199 2.87812 96.5616 336.095
216.652 63.0254 3.53809 3.09895 249.805 480.888
218.173 63.0618 3.55658 3.12543 231.698 551.99
221.871 63.109 3.56913 3.1197 159.89 730.332
193.799 60.3849 3.62731 3.20719 88.9046 824.271
196.65 60.4135 3.63087 3.18989 139.057 668.571
198.04 60.7515 3.62328 3.22741 123.543 588.437
199.312 60.6947 3.6139 3.21563 150.172 519.844
201.041 61.0224 3.60421 3.17891 122.733 424.411
202.562 61.4009 3.61932 3.20222 145.901 346.189
213.825 62.1067 3.50611 2.9113 285.786 304.568
217.004 62.4013 3.50758 2.92178 198.277 469.503
218.122 62.3579 3.50896 2.9322 228.79 523.287
221.538 62.4435 3.53758 3.02834 161.514 697.689
223.206 62.5763 3.55736 3.07615 178.765 784.928
225.609 62.2024 3.55841 3.03073 160.175 904.653
198.315 59.9237 3.62068 3.18227 149.691 588.401
199.908 60.1686 3.61511 3.17301 179.298 495.806
201.231 60.4742 3.60753 3.22215 204.778 417.979
202.813 60.5269 3.60881 3.21711 185.17 331.006
215.402 61.6061 3.53705 3.0113 316.622 364.596
222.911 61.4593 3.53708 3.01294 136.562 760.715
224.22 61.4862 3.54695 3.02323 121.943 830.43
226.918 61.1512 3.57152 3.05478 111.299 976.879
198.736 59.2533 3.63919 3.22305 141.289 587.982
200.175 59.1767 3.63643 3.24572 179.39 515.202
201.907 59.5938 3.63357 3.19837 265.444 406.489
202.905 59.7733 3.63308 3.15431 233.242 346.82
219.809 60.7718 3.54841 3.05897 167.783 596.786
221.424 60.3024 3.53671 2.93249 120.131 691.384
223.909 60.7704 3.54624 3.03373 146.525 819.138
190.452 56.6011 3.67513 3.17923 54.3611 1158.45
202.009 59.0314 3.65912 3.20741 193.729 428.507
203.561 59.1953 3.61832 3.16993 223.407 343.063
204.771 59.3922 3.61423 3.02784 183.343 273.726
222.262 59.6304 3.58986 3.0512 122.121 753.431
223.04 60.1218 3.53512 2.96574 96.0472 783.133
226.285 59.5898 3.57477 3.05969 136.26 973.748
227.183 60.2114 3.56863 3.06365 134.993 1006.62
212.566 65.1171 3.59291 3.15264 164.503 520.009
203.344 58.6774 3.6021 3.11915 224.166 387.207
204.113 58.2637 3.61694 3.19573 160.61 386.649
204.991 58.6484 3.58667 3.24008 218.022 320.614
213.66 59.4296 3.70333 3.04697 278.714 306.444
227.731 58.9601 3.61796 3.07734 83.285 1073.14
202.426 57.5673 3.60194 3.12691 153.681 511.432
203.613 57.6397 3.60537 3.0906 131.099 458.928
205.548 57.5665 3.56973 3.08064 95.216 403.378
224.26 58.4133 3.69486 3.18847 50.0078 906.932
225.482 58.2747 3.6796 3.16934 99.6864 978.723
229.033 59.3946 3.59232 3.11151 149.783 1129.42
197.939 55.703 3.61807 3.15455 129.912 851.805
200.447 56.2848 3.60249 3.15754 114.492 698.187
225.424 57.4688 3.74278 3.36729 45.0072 1014.75
228.869 57.9128 3.68349 3.17394 62.4499 1177.77
227.048 56.8144 3.75324 3.36655 33.2127 1136.14
229.75 56.9811 3.70409 3.24419 55.9889 1270.96
212.138 64.8735 3.58473 3.15018 159.339 487.212
210.428 68.6408 3.64426 2.99779 44.3431 880.844
226.879 56.1146 3.74982 3.46781 37.3365 1168.67
229.974 55.9154 3.75663 3.40404 17.5341 1342.67
228.385 55.3279 3.77105 3.5251 47.3036 1296.35
218.842 64.7774 3.6015 3.15837 184.683 677.048
227.653 56.4191 3.76168 3.4246 49.396 1190.7
211.063 63.7323 3.56516 3.06461 189.804 349.8
211.14 63.4057 3.58762 3.0996 200.197 317.37
218.547 60.1369 3.57501 4.60059 129.758 538.008
210.84 64.6544 3.61217 3.05248 79.2318 444.938
210.867 64.709 3.61496 3.0552 113.236 451.153
210.853 64.7716 3.61089 3.07708 112.104 457.766
210.847 64.8338 3.61398 3.09223 79.6762 464.432
210.819 64.8857 3.61258 3.09281 98.2551 469.746
210.44 64.87 3.61861 3.10662 130.562 464.3
210.174 64.8537 3.62865 3.09971 96.6243 460.337
210.069 64.7653 3.627 3.11432 144.129 449.834
210.917 64.5498 3.60018 3.0669 154.197 434.575
210.782 64.5716 3.60341 3.06176 116.243 435.305
210.554 64.5756 3.60993 3.07157 155.165 433.241
210.901 64.613 3.60168 3.07546 134.763 441.186
211.172 64.6917 3.60291 3.11641 104.821 453.105
217.908 60.4896 3.56036 3.01432 128.92 496.626
217.507 60.403 3.54831 2.9788 91.3207 476.097
218.338 61.0595 3.52141 2.98018 253.352 515.534
216.296 60.3923 3.57426 3.07033 106.427 410.332
216.716 60.1205 3.58941 2.99294 147.597 438.925
215.271 60.5805 3.57551 3.04437 184.382 351.658
216.679 60.2805 3.58193 3.03766 124.02 433.295
218.244 60.7315 3.54237 3.03337 137.288 512.08
217.659 60.602 3.54694 3.00154 154.758 481.545
216.749 60.4427 3.56566 3.01435 145.308 434.15
217.639 60.9231 3.54204 2.97875 222.825 478.036
217.277 60.2474 3.57195 2.90698 76.7743 466.485
218.995 60.8241 3.54653 3.04114 233.825 552.141
216.976 61.3836 3.51601 2.99397 262.789 443.86
218.049 60.1785 3.5396 2.87391 117.869 510.011
216.031 60.2361 3.59116 3.08642 181.839 399.035
217.533 61.187 3.53225 2.98246 224.506 472.311
218.652 60.2994 3.55114 2.96692 92.7695 540.359
219.217 60.1294 3.54642 2.95601 156.219 574.656
216.221 60.072 3.5924 3.04817 141.577 413.397
218.856 60.4399 3.55987 2.98038 96.919 549.005
216.546 61.2275 3.52325 2.97601 206.671 419.503
212.567 65.1173 3.5781 3.17559 54.2163 520.035
212.57 65.1176 3.57695 3.17042 53.3521 520.116
