# evlo=214.765793 evla=66.565697
194.627 64.5646 3.69735 3.27446 188.69 951.767
217.654 61.036 3.65012 3.14573 81.2697 632.463
217.507 60.403 3.61442 3.18723 63.0239 700.226
216.3 60.3932 3.58935 3.091 91.6799 692.22
225.144 58.5792 3.66318 3.28698 83.7105 1034.8
216.716 60.1205 3.61081 3.1082 90.1156 724.94
215.395 60.9677 3.6138 3.13303 42.6484 624.79
209.013 64.0997 3.73094 3.3039 261.586 383.689
209.094 59.7511 3.60642 3.13799 150.404 810.8
209.259 59.7417 3.60733 3.13188 179.511 808.952
210.701 64.1732 3.72772 3.34098 214.195 326.85
208.846 60.7683 3.62735 3.16698 137.467 708.878
207.916 63.4188 3.741 3.34436 205.659 476.552
204.378 55.8218 3.6172 3.0881 126.469 1317.09
200.411 54.831 3.69603 3.27122 101.055 1516.33
207.685 63.8827 3.73447 3.29184 229.69 445.863
208.763 59.5251 3.60629 3.12982 189.058 840.569
216.907 60.7523 3.6106 3.1192 106.385 656.553
218.66 60.9649 3.60842 3.18232 62.5407 652.926
209.738 62.4058 3.68079 3.24934 167.683 522.62
217.513 60.0823 3.63921 3.16579 62.9134 735.493
212.624 63.0753 3.64044 3.17632 159.876 402.157
214.225 61.1292 3.6388 3.13611 126.185 606.608
215.93 63.6482 3.75848 3.20947 104.395 329.839
214.25 60.5487 3.653 3.08595 138.768 671.198
213.401 60.7277 3.62855 3.09771 114.963 654.231
209.784 61.1426 3.62064 3.1688 178.311 651.831
188.296 63.7758 3.71603 3.29822 176.772 1268.52
203.121 64.7461 3.71275 3.30141 158.289 571.93
211.074 61.771 3.63289 3.18515 152.799 563.625
216.188 61.4417 3.55771 3.13954 88.5419 575.39
212.904 60.8792 3.61645 3.11918 133.554 640.456
215.271 60.5805 3.64277 3.17103 20.8387 667.636
216.679 60.2805 3.60863 3.16072 131.398 706.996
218.244 60.7315 3.58898 3.05621 47.4044 672.535
213.497 60.396 3.63581 3.08584 118.589 690.594
215.738 60.3351 3.57526 3.05051 39.4942 696.182
208.348 59.6572 3.60885 3.14148 165.186 834.385
217.659 60.6024 3.63433 3.15105 78.2957 679.9
225.615 58.2758 3.66764 3.28866 56.3271 1077.32
216.749 60.4427 3.60226 3.12871 150.04 689.543
217.639 60.9231 3.64051 3.15974 89.3787 644.632
214.077 61.4924 3.62627 3.12394 170.506 566.549
211.542 61.4131 3.62872 3.16059 179.753 595.487
197.4 66.8951 3.66532 3.20101 67.4947 764.264
209.077 63.5527 3.74991 3.33844 244.505 429.263
217.277 60.2474 3.64916 3.16947 78.3987 715.225
218.995 60.824 3.62637 3.24123 90.9398 672.988
216.976 61.3836 3.59874 3.12954 161.597 587.643
211.063 63.7318 3.68545 3.25979 260.914 360.434
218.049 60.1785 3.59046 3.05997 51.7972 730.415
209.256 65.0304 3.7213 3.2831 315.673 304.612
210.931 64.5928 3.72782 3.33743 378.231 282.246
216.031 60.2361 3.57764 3.05317 55.2429 708.333
214.53 62.9699 3.68892 3.1028 151.938 401.048
219.747 60.0959 3.63701 3.18571 48.3884 762.548
207.811 62.8962 3.72203 3.31913 196.453 525.878
217.533 61.1871 3.63823 3.15855 115.214 614.656
211.667 60.8584 3.62738 3.14345 137.911 654.192
215.323 60.3863 3.56064 3.0748 20.3853 689.36
210.261 61.0889 3.62467 3.15614 189.889 649.154
197.092 68.0541 3.5865 2.98237 147.332 776.106
215.154 63.7399 3.70991 3.03574 142.358 315.585
218.652 60.2994 3.59162 3.12157 55.3906 724.59
211.14 63.4056 3.66626 3.22857 222.67 391.546
211.668 61.807 3.63339 3.20717 193.197 551.28
212.671 61.832 3.62181 3.12061 147.389 537.36
216.01 63.9761 3.77951 3.32641 146.646 294.499
214.792 60.5341 3.70311 3.0532 25.575 672.342
205.816 56.5593 3.61221 3.08597 154.09 1209.48
208.468 61.98 3.6925 3.24711 179.795 594.715
209.777 60.5117 3.60519 3.14376 174.502 718.464
189.752 57.1766 3.70563 3.28695 81.1486 1661.78
209.253 61.4636 3.65558 3.22547 158.787 628.869
217.161 60.1791 3.63233 3.18538 90.8293 721.775
216.221 60.072 3.57681 3.04478 70.6313 727.441
210.547 60.1043 3.62389 3.14599 166.369 750.167
217.171 60.7541 3.6216 3.14138 123.535 658.562
192.073 65.5598 3.70111 3.29875 104.742 1028.12
209.711 63.4502 3.72223 3.31852 230.182 421.017
216.546 61.2275 3.57854 3.14676 129.109 601.399
211.449 62.8295 3.64143 3.16506 207.183 445.432
211.415 62.9628 3.64231 3.22845 118.629 432.04
211.462 62.6812 3.61376 3.18336 114.075 460.849
212.058 62.8349 3.62069 3.16835 119.275 435.435
211.771 63.0624 3.63768 3.25219 128.031 415.561
212.26 62.5808 3.62897 3.20929 204.23 460.114
211.152 62.8331 3.65365 3.21179 189.044 450.251
217.147 60.448 3.61394 3.17175 89.1988 692.037
218.249 60.3583 3.57896 3.01875 43.1365 713.124
207.417 57.7828 3.60228 3.07434 185.294 1049.37
195.961 64.9941 3.69073 3.30545 126.155 875.24
197.645 65.3936 3.68788 3.30568 130.105 786.275
199.349 65.5011 3.69028 3.28091 120.158 707.208
201.346 65.895 3.70267 3.2909 154.384 607.232
202.913 66.1434 3.69644 3.2904 175.741 531.965
206.494 66.5156 3.69701 3.31358 262.506 367.375
208.493 66.9214 3.67284 3.48147 182.442 279.219
221.978 66.9116 3.68836 3.19004 289.334 320.104
223.778 66.9808 3.72464 3.15351 254.139 399.12
225.729 66.9227 3.72529 3.17998 159.39 484.246
197.761 64.6379 3.70569 3.25693 119.183 810.188
200.087 64.937 3.69738 3.27389 177.403 695.202
201.637 65.1527 3.70175 3.26393 151.589 618.478
203.551 65.5276 3.70524 3.28727 215.155 520.536
205.119 65.4924 3.69665 3.28844 216.945 453.061
207.195 65.6571 3.69 3.22233 276.687 356.675
208.623 65.8937 3.68703 3.31904 298.447 286.26
221.631 66.2191 3.6968 3.24798 240.741 309.184
225.657 65.8052 3.71896 3.20783 168.277 497.539
214.843 62.3987 3.68043 3.18407 96.0347 464.57
199.305 63.8864 3.70402 3.31256 131.052 779.88
205.522 64.7962 3.71869 3.34632 168.066 467.944
208.018 65.18 3.69963 3.27156 233.528 344.269
221.694 65.3609 3.71345 3.18343 218.698 342.229
223.623 65.2225 3.71934 3.23925 129.588 430.266
196.446 62.7492 3.70359 3.25437 147.058 968.404
199.398 63.2842 3.71589 3.2998 114.19 810.985
200.922 63.3965 3.72371 3.26786 87.4833 740.707
203.285 63.465 3.72673 3.30915 130.747 640.84
204.379 63.994 3.73397 3.36691 203.685 562.322
205.853 64.1767 3.71494 3.28007 212.577 492.124
221.784 64.453 3.68885 3.02 116.162 400.847
221.784 64.4525 3.69467 3.08675 88.83 400.861
223.67 64.5753 3.69877 3.16871 90.4601 466.562
195.344 61.9331 3.69928 3.26157 88.3819 1067.81
198.469 62.2938 3.69408 3.28174 95.5928 914.263
201.699 62.7161 3.72528 3.29924 123.159 755.632
205.93 63.3569 3.72739 3.30843 217.66 548.896
214.222 63.8036 3.6706 3.23358 139.271 309.011
217.924 64.0292 3.69287 3.27856 142.055 318.8
222.48 63.8433 3.67412 3.11752 101.092 471.189
197.317 61.3416 3.70875 3.31221 91.0641 1029.14
198.513 61.678 3.71197 3.30382 118.23 956.678
200.525 61.7105 3.7385 3.33128 91.3224 876.22
201.703 62.1344 3.73398 3.40227 147.255 798.914
203.311 62.2195 3.70888 3.27201 75.2951 732.977
205.146 62.1816 3.73274 3.31665 135.795 672.819
206.12 62.4787 3.72477 3.30583 145.363 615.334
216.652 63.0254 3.64884 3.22391 66.6388 404.717
218.173 63.0618 3.72486 3.33637 151.652 422.694
221.871 63.109 3.74037 3.25292 66.9858 511.491
193.799 60.3849 3.70186 3.30314 93.6967 1242.37
196.65 60.4135 3.70868 3.27262 75.7677 1126.64
198.04 60.7515 3.71916 3.27304 57.9215 1046.23
199.312 60.6947 3.73654 3.32042 128.735 1002.85
201.041 61.0224 3.71234 3.34745 116.835 912.689
202.562 61.4009 3.69971 3.27882 79.6916 827.108
204.176 61.4907 3.73774 3.31064 81.2584 764.879
205.609 61.9037 3.7152 3.29713 175.83 682.406
206.868 61.8823 3.69058 3.22312 139.55 646.704
209.88 61.7531 3.64655 3.22172 170.96 586.402
212.274 61.7929 3.63638 3.17265 132.712 545.58
213.825 62.1067 3.63069 3.07679 136.231 499.16
217.004 62.4013 3.60072 3.16484 124.455 476.496
218.122 62.3579 3.71676 3.36014 118.51 495.954
221.538 62.4435 3.67121 3.32791 63.0959 562.417
223.206 62.5763 3.7532 3.20196 52.3773 600.253
225.609 62.2024 3.70857 3.13304 82.5562 712.699
198.315 59.9237 3.73617 3.30633 73.9169 1103.59
199.908 60.1686 3.71223 3.36263 124.578 1025.3
201.231 60.4742 3.68719 3.30284 103.969 952.651
202.813 60.5269 3.72632 3.25501 64.5072 894.999
204.11 60.6801 3.72138 3.27915 99.1309 840.094
205.516 60.8132 3.68142 3.20132 152.914 786.067
207.791 61.2001 3.66965 3.2367 122.915 688.43
215.402 61.6061 3.70199 3.36649 79.7018 553.75
222.911 61.4593 3.68871 3.304 77.3098 693.628
224.22 61.4862 3.6771 3.34441 48.6215 729.361
226.918 61.1512 3.71942 3.14217 43.8887 846.66
198.736 59.2533 3.71346 3.31267 75.7873 1146.08
200.175 59.1767 3.68931 3.28554 61.2201 1103.57
202.905 59.7733 3.72017 3.27694 89.3744 961.193
204.792 59.8542 3.67957 3.26688 118.999 898.458
205.68 60.1952 3.67735 3.23933 140.068 841.205
207.376 60.0815 3.64316 3.1843 113.36 810.853
210.276 60.4814 3.61419 3.15576 126.819 713.623
219.809 60.7718 3.6444 3.14449 80.8553 691.915
221.424 60.3024 3.64685 3.24469 76.6282 772.255
223.909 60.7704 3.6988 3.25895 72.4342 787.155
190.452 56.6011 3.70516 3.32735 42.969 1683.55
202.009 59.0314 3.72265 3.28786 62.5544 1058.24
203.561 59.1953 3.69833 3.25716 129.287 996.741
204.771 59.3922 3.67416 3.25783 190.336 944.17
206.768 59.6524 3.63533 3.19029 97.9703 868.379
212.597 59.9979 3.61641 3.1168 101.081 740.016
222.262 59.6304 3.64715 3.185 62.7326 859.364
226.285 59.5898 3.70741 3.26688 65.1017 968.146
227.183 60.2114 3.68139 3.38342 49.8435 938.497
203.344 58.6774 3.69887 3.26179 161.216 1053.15
204.113 58.2637 3.6734 3.29988 127.713 1073.4
204.991 58.6484 3.66385 3.26628 88.3634 1012.54
206.355 58.9287 3.63131 3.17879 105.323 951.671
207.606 58.6097 3.60408 3.08321 152.025 958.576
213.66 59.4296 3.6475 3.07702 96.9814 797.334
202.426 57.5673 3.69188 3.28367 119.43 1187.72
203.613 57.6397 3.67513 3.26896 85.913 1148.87
205.548 57.5665 3.61131 3.20996 71.1049 1110.03
224.26 58.4133 3.66941 3.23422 41.4681 1029.49
225.482 58.2747 3.66721 3.28321 48.5095 1073.95
229.033 59.3946 3.6771 3.26466 36.2803 1073.09
200.447 56.2848 3.69543 3.29082 46.2327 1370.04
223.768 57.9616 3.65345 3.21229 67.1902 1064.4
225.424 57.4688 3.68276 3.2354 42.8943 1153.69
227.048 56.8144 3.7019 3.27962 29.5802 1261.2
210.428 68.6408 3.57428 2.89401 108.7 295.857
226.879 56.1146 3.68338 3.2615 46.7651 1327.63
229.974 55.9154 3.66647 3.28186 27.9005 1432.24
227.653 56.4191 3.70218 3.29252 60.0155 1316.98
209.931 62.7622 3.1273 2.28469 114.962 482.538
211.063 63.7323 3.68484 3.25924 260.914 360.374
211.14 63.4057 3.6662 3.22852 222.67 391.539
218.547 60.1369 4.04324 3.51643 20.6343 740.841
217.507 60.403 3.61442 3.18723 63.0239 700.226
216.296 60.3923 3.58977 3.09137 91.6799 692.301
216.716 60.1205 3.61081 3.1082 90.1156 724.94
215.271 60.5805 3.64277 3.17103 20.8387 667.636
216.679 60.2805 3.60863 3.16072 131.398 706.996
218.244 60.7315 3.58898 3.05621 47.4044 672.535
217.659 60.602 3.63453 3.15123 78.2957 679.939
216.749 60.4427 3.60226 3.12871 150.04 689.543
217.639 60.9231 3.6405 3.15973 89.3787 644.63
217.277 60.2474 3.64916 3.16947 78.3987 715.225
218.995 60.8241 3.62632 3.24118 90.9398 672.978
216.976 61.3836 3.59874 3.12954 161.597 587.643
218.049 60.1785 3.59046 3.05997 51.7972 730.415
216.031 60.2361 3.57764 3.05317 55.2429 708.333
217.533 61.187 3.63831 3.15862 115.214 614.669
218.652 60.2994 3.59162 3.12157 55.3906 724.59
216.221 60.072 3.57681 3.04478 70.6313 727.441
216.546 61.2275 3.57854 3.14676 129.109 601.399
209.518 60.7352 3.59327 3.13927 100.684 699.431
209.518 60.7351 3.59329 3.13929 100.684 699.434
