# evlo=216.187698 evla=61.4417
194.627 64.5646 3.61089 3.22552 75.1816 1140.05
220.363 59.9534 3.64538 3.13143 186.884 281.897
225.144 58.5792 3.57874 3.00974 84.5423 591.961
209.013 64.0997 3.56251 3.18496 208.017 470.744
209.094 59.7511 3.6088 2.95069 328.583 431.635
209.259 59.7417 3.61076 2.95385 307.14 424.053
210.701 64.1732 3.55041 3.05179 108.328 413.256
208.846 60.7683 3.52396 3.0076 199.052 402.743
207.916 63.4188 3.62957 3.06299 116.388 480.302
212.195 64.6453 3.53524 3.01497 119.614 410.094
204.378 55.8218 3.60762 2.95965 89.3965 926.207
200.411 54.831 3.59599 2.975 133.102 1180.5
207.685 63.8827 3.59548 3.12656 107.912 513.173
208.763 59.5251 3.61031 2.98647 281.859 460.367
209.796 67.2269 3.63304 3.15802 84.6737 714.298
209.738 62.4058 3.57109 3.17114 260.276 355.274
196.582 54.8564 3.62057 3.07916 89.0764 1359.64
209.784 61.1426 3.54171 3.0979 228.102 344.796
214.766 66.5657 3.55771 3.13954 88.5419 575.39
188.296 63.7758 3.62861 3.26664 86.4838 1443.47
203.121 64.7461 3.60194 3.2268 118.006 753.819
211.074 61.771 3.51571 3.30482 205.868 273.796
213.052 64.4091 3.59383 3.2014 136.152 367.012
208.348 59.6572 3.5989 2.94717 205.464 473.489
225.615 58.2758 3.60105 3.11222 47.4765 634.293
197.4 66.8951 3.63658 3.16206 64.3179 1090.81
209.077 63.5527 3.62681 3.04073 139.213 435.169
211.063 63.7318 3.51446 3.1061 197.965 366.551
211.768 64.9602 3.54847 3.09387 162.301 450.623
209.256 65.0304 3.56203 3.09969 138.569 529.889
210.931 64.5928 3.57451 3.11142 179.738 440.428
191.145 52.9721 3.64836 3.13184 107.773 1766.4
220.599 59.667 3.62524 2.9251 132.702 312.4
214.475 65.5174 3.54868 3.10547 108.066 462.216
207.811 62.8962 3.5988 3.12539 180.523 465.225
210.261 61.0889 3.55035 3.12364 317.456 320.308
197.092 68.0541 3.60949 3.07746 58.4289 1162.26
211.14 63.4056 3.56263 3.05551 137.806 340.326
216.01 63.9761 3.62705 3.05698 225.105 282.623
208.468 61.98 3.53993 3.13632 178.703 412.44
209.777 60.5117 3.58291 3.0689 322.35 362.092
189.752 57.1766 3.64355 3.15483 107.405 1566.32
209.253 61.4636 3.52871 3.09607 271.958 369.686
210.547 60.1043 3.61214 2.95415 259.714 341.427
192.073 65.5598 3.64143 3.18173 82.4399 1275.91
209.711 63.4502 3.61373 3.05237 211.563 402.132
193.495 53.8452 3.62489 3.11894 129.416 1585.05
211.449 62.8295 3.60649 3.09035 190.261 291.483
211.415 62.9628 3.60218 3.01161 116.193 300.656
211.462 62.6812 3.57923 3.12128 104.4 282.997
211.771 63.0624 3.5839 3.09409 133.18 291.943
211.152 62.8331 3.59382 3.09006 193.392 304.889
211.908 64.4716 3.51461 2.97959 122.836 401.325
207.417 57.7828 3.6138 3.04391 156.469 640.438
197.761 64.6379 3.60779 3.21744 53.484 993.792
200.087 64.937 3.60783 3.21169 70.4678 895.97
201.637 65.1527 3.61758 3.23629 77.8531 836.117
203.551 65.5276 3.62198 3.13454 60.2717 774.922
205.119 65.4924 3.61937 3.13488 68.4114 711.372
207.195 65.6571 3.58536 3.14891 138.077 647.444
208.623 65.8937 3.58709 3.15242 149.281 620.871
210.457 65.8251 3.62477 3.18339 132.098 564.7
214.18 66.267 3.56227 3.09139 61.41 546.814
214.181 66.267 3.56721 3.06965 55.1988 546.805
218.473 66.2305 3.60773 3.13134 180.008 545.462
221.631 66.2191 3.6033 3.11987 176.549 595.669
225.657 65.8052 3.61497 3.12195 239.135 674.758
213.052 64.4091 3.59383 3.2014 136.152 367.012
199.305 63.8864 3.63032 3.13426 44.4947 904.073
205.522 64.7962 3.61939 3.18953 87.0401 654.088
208.018 65.18 3.58078 3.08599 144.707 583.438
210.64 65.1479 3.58904 3.19066 206.145 497.712
216.846 65.3064 3.61366 3.11397 159.403 432.038
218.385 65.6035 3.59677 3.09278 172.441 476.55
220.064 65.4483 3.56783 3.08015 220.112 486.491
221.694 65.3609 3.57603 3.09201 262.26 515.886
223.623 65.2225 3.59125 3.11478 265.597 561.743
196.446 62.7492 3.62909 3.18913 99.9957 1037.23
199.398 63.2842 3.63825 3.16763 77.3492 890.385
200.922 63.3965 3.63843 3.14008 49.9979 816.192
203.285 63.465 3.64173 3.14728 88.1455 701.728
205.853 64.1767 3.58624 3.1673 85.3374 607.865
214.63 64.613 3.5365 3.0119 120.671 362.138
216.436 64.5012 3.61034 3.09443 171.117 341.247
221.784 64.453 3.55895 3.14382 240.151 439.415
221.784 64.4525 3.5645 3.15861 223.874 439.354
223.67 64.5753 3.58999 3.14275 215.25 514.818
195.344 61.9331 3.61261 3.17548 87.3099 1099.92
198.469 62.2938 3.60456 3.17181 120.579 934.287
201.699 62.7161 3.61184 3.1903 114.586 768.715
205.93 63.3569 3.61534 3.09777 135.17 570.984
214.222 63.8036 3.51227 3.13445 154.422 281.893
217.924 64.0292 3.52458 3.03237 243.401 301.726
222.48 63.8433 3.59602 3.16859 223.455 418.973
197.317 61.3416 3.59249 3.16009 164.208 1004.99
198.513 61.678 3.58834 3.16635 128.888 936.929
200.525 61.7105 3.57313 3.1341 133.758 830.588
201.703 62.1344 3.57821 3.17228 115.709 766.513
203.311 62.2195 3.57215 3.15623 120.052 682.793
205.146 62.1816 3.56889 3.15912 177.027 587.221
206.12 62.4787 3.57689 3.18265 181.375 540.104
221.871 63.109 3.59495 3.22314 312.749 348.55
193.799 60.3849 3.59856 3.16287 107.79 1214.33
196.65 60.4135 3.59045 3.12159 96.2162 1061.66
198.04 60.7515 3.58657 3.13329 132.232 978.765
199.312 60.6947 3.58334 3.11267 212.04 912.374
201.041 61.0224 3.56873 3.11259 135.45 813.082
202.562 61.4009 3.55287 3.08748 144.532 726.132
204.176 61.4907 3.55128 3.07639 148.829 639.504
205.609 61.9037 3.5483 3.1188 249.589 561.998
206.868 61.8823 3.5326 3.09273 232.167 495.729
209.88 61.7531 3.53892 3.25356 239.826 336.55
221.538 62.4435 3.57127 2.94485 304.704 302.118
223.206 62.5763 3.59249 3.05938 265.997 388.565
225.609 62.2024 3.603 3.08997 199.989 503.273
198.315 59.9237 3.59106 3.14251 128.836 987.96
199.908 60.1686 3.58306 3.13078 138.21 895.094
201.231 60.4742 3.57892 3.14331 232.548 815.631
202.813 60.5269 3.5675 3.11545 129.919 729.825
204.11 60.6801 3.56601 3.1179 221.898 656.755
205.516 60.8132 3.5475 3.10575 292.335 578.677
207.791 61.2001 3.53275 3.08343 208.691 450.22
222.911 61.4593 3.51834 3.0897 267.006 358.491
224.22 61.4862 3.55074 3.10153 284.549 428.034
226.918 61.1512 3.5812 3.14812 240.535 575.439
198.736 59.2533 3.60215 3.15691 132.419 990.621
200.175 59.1767 3.59571 3.13211 117.372 917.748
201.907 59.5938 3.59837 3.14217 160.98 809.131
202.905 59.7733 3.58676 3.1123 183.399 749.438
204.792 59.8542 3.58278 3.06949 212.529 647.06
205.68 60.1952 3.57032 3.07258 276.359 587.709
207.376 60.0815 3.55367 2.98439 250.186 503.233
210.276 60.4814 3.57822 3.05016 302.349 337.521
221.424 60.3024 3.4797 2.87893 132.951 311.414
223.909 60.7704 3.52252 3.09898 319.415 422.81
190.452 56.6011 3.63151 3.19923 57.6463 1561.09
202.009 59.0314 3.59816 3.07462 152.747 828.143
203.561 59.1953 3.59795 3.04784 141.522 739.903
204.771 59.3922 3.58119 3.00361 143.805 668.131
206.768 59.6524 3.5708 2.96855 181.756 553.41
222.262 59.6304 3.66123 3.31275 83.2729 389.537
223.04 60.1218 3.50797 3.02079 192.573 401
226.285 59.5898 3.58055 3.08861 163.082 591.045
227.183 60.2114 3.57071 3.13939 193.696 612.854
212.566 65.1171 3.66505 3.2617 145.362 448.012
203.344 58.6774 3.5987 3.04839 126.557 777.172
204.113 58.2637 3.59393 3.07545 134.056 762.167
204.991 58.6484 3.60425 3.01435 134.693 695.992
206.355 58.9287 3.58807 3.04141 204.311 612.38
207.606 58.6097 3.58797 3.04998 175.974 572.473
227.731 58.9601 3.59629 3.09983 166.371 696.139
202.426 57.5673 3.60329 3.11954 114.29 888.433
203.613 57.6397 3.60431 3.0779 112.054 825.931
205.548 57.5665 3.5825 3.01264 105.492 739.842
229.033 59.3946 3.60285 3.14142 196.368 742.098
197.939 55.703 3.61106 3.11865 73.035 1233.14
200.447 56.2848 3.61036 3.07133 68.369 1070.54
223.768 57.9616 3.66755 3.23224 60.3024 575.947
225.424 57.4688 3.69077 3.27568 43.1738 684.671
228.869 57.9128 3.60779 3.10545 104.692 813.587
229.75 56.9811 3.60283 3.15481 80.2303 917.714
212.138 64.8735 3.56345 3.0522 87.1933 433.364
210.428 68.6408 3.60936 3.13219 97.3304 846.38
228.385 55.3279 3.69553 3.4306 43.4254 983.423
211.063 63.7323 3.51463 3.10624 197.965 366.569
211.14 63.4057 3.56264 3.05552 137.806 340.328
212.567 65.1173 3.6713 3.26212 53.0019 448.026
212.57 65.1176 3.6669 3.26327 53.4406 447.999
209.518 60.7352 3.52467 3.06257 167.381 368.226
209.518 60.7351 3.52449 3.06242 167.381 368.208
