# evlo=215.737701 evla=60.335098
194.627 64.5646 3.62647 3.13824 75.4496 1180.22
225.144 58.5792 3.63707 3.08901 122.792 567.58
209.094 59.7511 3.62633 3.08498 225.997 375.757
209.259 59.7417 3.62866 3.07748 279.626 366.958
210.701 64.1732 3.56358 3.2617 115.219 501.131
208.846 60.7683 3.59341 3.06089 158.494 381.018
207.916 63.4188 3.59545 3.12463 108.277 535.511
212.195 64.6453 3.65278 3.22469 110.818 513.747
204.378 55.8218 3.66957 3.2759 108.297 835.999
200.411 54.831 3.6184 3.04913 192.825 1098.79
207.685 63.8827 3.61229 3.08587 94.6425 576.375
208.763 59.5251 3.64396 3.07778 263.139 400.123
209.796 67.2269 3.61905 3.19398 84.6393 821.347
209.738 62.4058 3.60054 2.91979 158.775 394.974
212.624 63.0753 3.6101 3.0848 121.822 346.871
215.93 63.6482 3.66645 2.98729 105.176 369.367
196.582 54.8564 3.64023 3.12379 76.5923 1291.2
209.784 61.1426 3.57549 2.98674 131.692 336.9
214.766 66.5657 3.57526 3.05051 39.4942 696.182
188.296 63.7758 3.6395 3.1407 85.8796 1472.81
203.121 64.7461 3.61913 3.06148 55.645 812.097
211.074 61.771 3.61035 2.89055 155.174 298.331
213.052 64.4091 3.60564 3.18711 141.678 474.752
208.348 59.6572 3.60966 3.0872 153.86 418.99
225.615 58.2758 3.65167 3.10455 122.341 606.9
197.4 66.8951 3.63295 3.16626 43.3345 1159.56
209.077 63.5527 3.59848 3.13416 80.0076 500.37
211.063 63.7318 3.55762 3.07827 129.086 450.493
211.768 64.9602 3.6674 3.31825 72.7289 553.974
209.256 65.0304 3.62381 3.05834 48.7794 619.072
210.931 64.5928 3.56683 3.09613 107.658 535.105
214.53 62.9699 3.54248 2.90874 54.6169 300.501
220.599 59.667 3.63886 3.2875 200.5 281.184
214.475 65.5174 3.57553 3.10941 58.1558 581.138
207.811 62.8962 3.58422 2.96311 89.5806 507.742
210.261 61.0889 3.58709 2.95254 163.115 310.477
197.092 68.0541 3.61125 3.16903 56.4285 1240.31
211.14 63.4056 3.56783 3.08854 145.94 418.86
211.668 61.807 3.60269 2.84055 188.67 274.079
216.01 63.9761 3.64915 3.07337 112.19 406.028
208.468 61.98 3.60915 2.89786 134.78 431.859
209.777 60.5117 3.63594 3.17295 202.518 328.829
189.752 57.1766 3.66664 3.212 63.1888 1533.78
209.253 61.4636 3.57352 2.93021 198.089 373.56
210.547 60.1043 3.64113 3.13027 183.228 288.768
192.073 65.5598 3.62076 3.16051 46.3698 1324.22
209.711 63.4502 3.58579 3.07237 105.767 469.677
193.495 53.8452 3.63923 3.2118 95.8146 1519.43
211.449 62.8295 3.55575 3.23455 117.014 359.227
211.415 62.9628 3.53695 3.25056 69.0728 371.654
211.462 62.6812 3.55381 3.25388 83.554 346.507
212.058 62.8349 3.58529 3.25629 53.1995 340.175
211.771 63.0624 3.50457 3.06436 65.6379 369.208
212.26 62.5808 3.55168 3.03658 114.911 311.389
211.152 62.8331 3.57911 3.27798 171.448 369.687
211.908 64.4716 3.63684 3.1979 110.797 501.527
207.417 57.7828 3.64443 3.16705 146.711 555.106
213.052 64.4091 3.60564 3.18711 141.678 474.752
199.305 63.8864 3.59672 3.11521 46.2943 941.262
205.522 64.7962 3.61021 3.06689 40.2969 721.763
208.018 65.18 3.60579 3.18572 72.354 667.717
210.64 65.1479 3.5792 3.20325 127.571 595.936
216.846 65.3064 3.64356 3.13996 112.202 556.944
218.385 65.6035 3.60934 3.11433 120.258 602.241
220.064 65.4483 3.57419 3.05402 125.614 610.583
221.694 65.3609 3.57655 3.07309 171.194 636.418
223.623 65.2225 3.58577 3.07808 107.327 676.326
196.446 62.7492 3.61265 3.04793 46.8004 1056.22
199.398 63.2842 3.59339 3.06638 57.7424 918.936
200.922 63.3965 3.58539 3.13853 47.3141 848.563
203.285 63.465 3.57215 3.12556 77.3076 740.07
204.379 63.994 3.61205 3.09835 61.8955 717.238
205.853 64.1767 3.61612 3.03815 86.0547 667.372
214.63 64.613 3.52351 2.9153 47.3449 480.175
216.436 64.5012 3.63652 3.07458 108.994 465.715
221.784 64.453 3.54741 3.08589 116.977 554.847
221.784 64.4525 3.56734 3.09511 112.398 554.784
223.67 64.5753 3.58413 3.09523 141.661 624.351
195.344 61.9331 3.62796 3.10877 66.7465 1108.33
198.469 62.2938 3.62138 3.04112 75.1019 947.396
201.699 62.7161 3.61001 3.0174 88.789 790.829
205.93 63.3569 3.57196 3.08803 75.9745 615.598
214.222 63.8036 3.5322 2.88541 65.097 394.566
217.924 64.0292 3.55923 3.03082 175.451 427.099
222.48 63.8433 3.58501 3.11909 207.74 525.715
197.317 61.3416 3.61016 3.08747 92.1993 1004.6
198.513 61.678 3.60363 3.05293 98.1739 940.846
200.525 61.7105 3.59564 3.04052 70.1541 834.643
201.703 62.1344 3.60103 3.01163 87.9701 778.264
203.311 62.2195 3.59421 2.99169 105.709 697.51
205.146 62.1816 3.57761 2.9492 149.977 603.7
206.12 62.4787 3.59411 2.95694 102.211 565.808
216.652 63.0254 3.55891 2.9199 151.126 303.684
218.173 63.0618 3.52415 2.91205 226.505 329.993
221.871 63.109 3.5675 3.10739 175.511 447.679
193.799 60.3849 3.61831 3.12401 65.5896 1205.27
196.65 60.4135 3.61262 3.12121 86.514 1049.39
198.04 60.7515 3.61556 3.12247 78.1743 969.453
199.312 60.6947 3.60431 3.10492 79.0181 900.828
201.041 61.0224 3.60203 3.10523 97.4663 805.16
202.562 61.4009 3.59581 3.06548 94.3465 724.321
204.176 61.4907 3.58867 3.02005 117.997 639.469
205.609 61.9037 3.5799 2.96385 140.896 572.606
206.868 61.8823 3.57747 2.94912 137.981 507.899
209.88 61.7531 3.60075 2.86986 160.573 353.606
221.538 62.4435 3.56765 3.06536 215.088 388.716
223.206 62.5763 3.5735 3.07923 191.365 469.715
225.609 62.2024 3.57878 3.03364 181.429 568.316
198.315 59.9237 3.59922 3.11618 83.4558 966.655
199.908 60.1686 3.59366 3.10005 76.4933 874.67
201.231 60.4742 3.58774 3.08584 92.9538 798.1
202.813 60.5269 3.59247 3.08586 79.8272 710.956
204.11 60.6801 3.59126 3.05693 111.298 639.16
205.516 60.8132 3.57563 3.04869 143.002 562.395
207.791 61.2001 3.55048 2.97189 135.992 443.402
222.911 61.4593 3.55123 2.89702 204.471 408.814
224.22 61.4862 3.55563 2.94568 169.856 477.415
226.918 61.1512 3.57113 3.01457 152.277 615.787
198.736 59.2533 3.63654 3.16644 97.0782 959.41
200.175 59.1767 3.64108 3.17346 70.4193 882.102
201.907 59.5938 3.629 3.18783 114.176 775.541
202.905 59.7733 3.61726 3.14311 154.57 716.459
204.792 59.8542 3.61426 3.13366 177.046 610.665
205.68 60.1952 3.60502 3.10465 120.195 556.406
207.376 60.0815 3.6024 3.0667 186.909 464.193
210.276 60.4814 3.6207 3.13451 198.377 301.36
221.424 60.3024 3.54002 3.02578 173.583 314.19
223.909 60.7704 3.53909 3.05101 142.151 450.671
190.452 56.6011 3.69208 3.2566 43.6842 1522.51
202.009 59.0314 3.63379 3.14805 128.598 785.354
203.561 59.1953 3.63386 3.12545 152.959 694.919
204.771 59.3922 3.63673 3.13185 145.821 622.625
206.768 59.6524 3.60946 3.05849 179.14 505.935
222.262 59.6304 3.60522 3.17607 154.422 372.439
223.04 60.1218 3.56295 3.09813 188.085 405.156
226.285 59.5898 3.61651 3.13974 91.499 594.386
227.183 60.2114 3.60466 3.16404 183.466 632.706
212.566 65.1171 3.64315 3.17818 112.116 556.948
203.344 58.6774 3.64899 3.14064 144.697 724.503
204.113 58.2637 3.63535 3.04319 109.868 700.226
204.991 58.6484 3.64235 3.06877 112.963 636.319
206.355 58.9287 3.62598 3.05006 197.816 551.493
207.606 58.6097 3.64734 3.03805 160.179 499.015
227.731 58.9601 3.63279 3.09858 77.8448 692.404
202.426 57.5673 3.63877 3.07688 132.038 824.079
203.613 57.6397 3.62699 3.06091 79.7705 757.619
205.548 57.5665 3.60784 3.08734 56.8591 661.684
224.26 58.4133 3.67545 3.16085 53.2817 529.199
225.482 58.2747 3.6445 3.0952 94.5784 599.954
229.033 59.3946 3.61811 3.1634 98.6344 750.897
197.939 55.703 3.62163 3.10323 61.0363 1166.66
200.447 56.2848 3.61231 3.10809 67.9774 1000.29
223.768 57.9616 3.70084 3.17861 79.2465 529.681
225.424 57.4688 3.70834 3.28781 105.5 642.249
228.869 57.9128 3.65457 3.13559 104.996 797.309
227.048 56.8144 3.72889 3.28541 55.7011 764.558
229.75 56.9811 3.66874 3.18459 73.7202 892.748
212.138 64.8735 3.66767 3.22153 85.8318 538.338
210.428 68.6408 3.59789 3.10844 67.9515 959.634
226.879 56.1146 3.75281 3.44684 69.3128 804.302
229.974 55.9154 3.71598 3.38062 33.5158 969.756
227.653 56.4191 3.7292 3.35719 104.415 820.588
211.063 63.7323 3.55785 3.07847 129.086 450.523
211.14 63.4057 3.56786 3.08856 145.94 418.863
212.567 65.1173 3.65089 3.20235 39.7111 556.964
212.57 65.1176 3.65526 3.211 37.4912 556.954
209.518 60.7352 3.61534 3.15497 92.5984 344.22
209.518 60.7351 3.6151 3.15476 92.5984 344.198
