# evlo=211.062698 evla=63.7318
194.627 64.5646 3.69639 3.1415 111.16 803.04
217.908 60.4896 3.56203 3.05098 116.751 507.723
217.654 61.036 3.53306 3.1321 167.742 454.093
217.507 60.403 3.57993 3.05624 112.064 500.676
218.338 61.0595 3.51344 3.09091 120.186 479.387
220.363 59.9534 3.54918 3.07912 87.2616 644.855
216.3 60.3932 3.6052 3.13142 155.849 461.672
225.144 58.5792 3.60484 3.05161 117.174 947.663
216.716 60.1205 3.57477 3.04061 89.7999 499.75
215.395 60.9677 3.54857 3.05075 165.069 380.945
209.094 59.7511 3.55211 3.01695 265.214 455.596
209.259 59.7417 3.55323 2.99973 276.984 454.722
208.846 60.7683 3.56455 3.06408 189.804 349.74
204.378 55.8218 3.57485 3.05951 145.468 956.702
208.763 59.5251 3.55163 3.04003 232.928 484.322
209.796 67.2269 3.64248 3.11566 105.692 394.073
216.907 60.7523 3.54231 3.03865 169.159 449.737
218.66 60.9649 3.50837 3.08414 133.054 499.421
217.513 60.0823 3.58304 3.0821 125.735 528.959
214.225 61.1292 3.60339 3.17315 157.973 332.813
214.25 60.5487 3.59634 3.15392 183.407 391.655
196.582 54.8564 3.66529 3.23354 105.987 1281.72
213.401 60.7277 3.60747 3.14427 111.297 356.15
209.784 61.1426 3.55359 3.15952 244.939 296.022
214.766 66.5657 3.68545 3.25979 260.914 360.434
188.296 63.7758 3.71035 3.21393 74.3618 1117.84
203.121 64.7461 3.7048 3.19538 189.914 401.232
216.188 61.4417 3.51446 3.1061 197.965 366.551
212.904 60.8792 3.679 3.28631 109.854 331.928
215.271 60.5805 3.54818 2.9596 103.305 413.894
218.244 60.7315 3.52925 3.11926 117.897 500.746
213.497 60.396 3.60016 3.13346 83.2038 392.871
215.738 60.3351 3.55762 3.07827 129.086 450.493
208.348 59.6572 3.54996 3.08011 208.601 476.146
217.659 60.6024 3.55427 3.04372 134.584 489.245
225.615 58.2758 3.60253 3.09702 117.801 990.895
215.581 59.9268 3.5605 3.04016 95.003 486.037
216.749 60.4427 3.57566 3.02264 154.658 471.481
217.639 60.9231 3.53866 3.15138 180.873 462.418
214.077 61.4924 3.58033 3.20178 199.081 293.62
197.4 66.8951 3.66568 3.33241 23.9705 725.943
217.277 60.2474 3.57583 3.0815 90.4326 506.377
218.995 60.824 3.52171 3.08501 150.427 523.456
216.976 61.3836 3.51027 3.14419 132.855 400.989
216.031 60.2361 3.58794 3.18144 156.669 468.329
191.145 52.9721 3.67552 3.2518 139.582 1658.57
219.747 60.0959 3.53988 3.09763 97.3428 609.366
220.599 59.667 3.55353 3.07793 90.124 676.851
217.533 61.1871 3.52878 3.1315 161.915 437.74
211.667 60.8584 3.65564 2.94441 267.352 321.767
215.323 60.3863 3.55407 2.96009 77.2784 434.123
210.261 61.0889 3.55965 3.09742 218.579 297.451
197.092 68.0541 3.64239 3.16363 96.005 795.804
218.652 60.2994 3.54496 3.04904 96.7779 550.982
219.217 60.1294 3.56053 3.09884 157.351 586.206
214.792 60.5341 3.64744 3.17144 61.2933 405.865
205.816 56.5593 3.56854 3.0059 183.111 849.933
209.777 60.5117 3.55705 3.09257 273.338 365.072
189.752 57.1766 3.67886 3.26441 148.642 1371.65
217.161 60.1791 3.55972 3.06739 172.952 508.641
216.221 60.072 3.59739 3.19933 110.913 489.437
210.547 60.1043 3.5864 3.07431 216.584 405.165
218.856 60.4399 3.53608 3.10201 137.133 547.417
217.171 60.7541 3.54713 3.10001 166.664 458.909
192.073 65.5598 3.68558 3.32034 167.327 926.426
193.495 53.8452 3.6621 3.22473 162.203 1488.42
216.546 61.2275 3.52249 3.06688 142.638 397.06
217.147 60.448 3.56531 3.0702 151.005 484.333
218.249 60.3583 3.55307 3.08127 103.185 531.13
226.475 68.3065 3.71388 3.14598 73.1384 861.694
207.417 57.7828 3.55767 3.00853 219.893 691.752
234.753 71.9871 3.6539 3.10445 92.8646 1340.36
198.198 69.3641 3.58823 3.05022 44.7446 845.898
202.84 70.0079 3.59178 3.12331 82.0259 785.768
205.387 69.6211 3.63184 3.10772 45.6479 702.323
206.58 70.34 3.63858 2.98894 57.0846 761.874
194.656 68.2746 3.63928 3.15663 52.2335 896.4
196.822 68.4753 3.62089 3.09843 72.4135 829.954
198.806 68.6483 3.61331 3.10432 75.092 775.659
200.413 69.1049 3.59543 3.02336 66.6836 762.828
205.217 69.1565 3.61166 3.28638 33.2297 658.069
209.387 69.836 3.59278 3.10641 150.563 684.643
211.299 69.72 3.61129 3.05665 82.7184 667.868
215.088 69.9175 3.62674 3.09196 172.302 711.748
216.289 69.626 3.62648 3.15627 121.296 696.094
235.93 69.3475 3.76694 3.20254 103.902 1257.41
196.917 67.6988 3.64577 3.22626 40.6187 782.945
201.885 68.4946 3.61007 3.03622 70.7124 672.497
203.387 68.7132 3.61876 3.14037 80.323 653.09
207.318 68.8799 3.65666 3.08401 85.5998 597.876
209.319 68.9656 3.6026 3.13121 140.893 588.77
211.177 69.1532 3.62282 3.10694 98.8954 604.579
213.625 69.322 3.62641 3.1136 154.872 633.575
219.035 69.243 3.67635 3.22452 128.85 708.495
221.263 69.3286 3.67072 3.14667 90.6808 769.408
198.174 67.082 3.67469 3.21333 60.6189 703.743
199.397 67.4213 3.66071 3.27675 83.7654 675.84
202.768 67.4572 3.60887 3.10529 82.205 563.818
203.811 68.2575 3.621 3.16658 77.6171 601.732
206.028 68.4414 3.65006 3.13688 55.6977 572.009
208.187 68.1343 3.65865 3.25633 117.439 507.927
210.384 68.0584 3.62426 3.08714 113.684 483.425
211.513 68.0748 3.66344 3.19222 155.458 484.701
214.432 68.1207 3.64536 3.20683 194.956 512.689
218.405 68.1861 3.69941 3.28852 158.969 597.626
220.465 68.6043 3.67902 3.22529 103.894 687.719
222.103 68.3889 3.66722 3.2175 84.73 718.957
223.281 66.3701 3.7061 3.20313 164.515 644.67
193.671 65.4742 3.67263 3.28902 82.795 851.981
195.352 65.7077 3.67284 3.30669 74.777 778.301
200.349 66.6001 3.69829 3.06562 29.4983 594.296
202.227 66.8332 3.62738 3.40513 89.5183 537.355
204.275 67.0486 3.64363 3.17639 93.2474 485.601
206.517 67.2221 3.64702 3.16964 147.54 442.242
207.821 67.5076 3.69143 3.36509 153.077 446.576
212.113 67.5187 3.64924 3.22153 310.89 424.993
214.357 67.5933 3.66404 3.25652 231.294 456.303
215.855 67.6946 3.6821 3.2945 229.977 493.276
220.128 67.6136 3.66984 3.17066 143.835 599.83
224.214 67.6106 3.68147 3.13192 143.281 741.155
226.258 67.441 3.7213 3.2033 122.783 810.882
195.961 64.9941 3.68299 3.18117 71.77 740.897
197.645 65.3936 3.65235 3.16543 78.1447 667.987
199.349 65.5011 3.65504 3.17947 76.014 593.171
201.346 65.895 3.69065 3.23897 115.033 520.038
202.913 66.1434 3.69922 3.30154 96.1818 469.329
206.494 66.5156 3.63509 3.31485 189.043 377.094
208.493 66.9214 3.67107 3.33438 180.851 375.177
209.976 66.7108 3.68782 3.21819 129.002 336.001
212.525 66.7004 3.65378 3.20759 192.011 337.958
213.899 66.7653 3.67626 3.25454 174.148 363.178
216.215 66.9498 3.68273 3.25645 196.329 431.346
218.345 66.8088 3.66216 3.18917 241.582 482.496
221.978 66.9116 3.69895 3.23721 119.964 618.74
223.778 66.9808 3.69589 3.22646 193.713 692.04
225.729 66.9227 3.72436 3.24566 115.963 767.925
197.761 64.6379 3.69916 3.19531 96.6184 653.16
200.087 64.937 3.68724 3.16203 104.671 546.588
201.637 65.1527 3.70727 3.17352 99.8697 480.224
203.551 65.5276 3.68615 3.26841 102.886 410.934
205.119 65.4924 3.65501 3.21417 110.969 345.379
207.195 65.6571 3.60581 3.24812 200.801 282.971
214.18 66.267 3.65103 3.26807 94.1165 318.543
214.181 66.267 3.68543 3.28256 164.432 318.564
218.473 66.2305 3.66574 3.20861 165.35 446.745
221.631 66.2191 3.70209 3.16783 111.075 569.891
225.657 65.8052 3.74155 3.18422 107.832 729.947
199.305 63.8864 3.6789 3.21283 121.548 578.682
205.522 64.7962 3.7486 3.23266 106.146 293.489
216.846 65.3064 3.72214 3.21612 281.036 328.363
218.385 65.6035 3.70895 3.18598 235.457 406.872
220.064 65.4483 3.70922 3.20923 271.095 471.181
221.694 65.3609 3.71863 3.21522 227.677 540.593
223.623 65.2225 3.71535 3.23824 155.203 625.37
196.446 62.7492 3.66113 3.30913 137.449 741.004
199.398 63.2842 3.66837 3.27455 164.428 582.112
200.922 63.3965 3.67791 3.26547 132.605 504.75
203.285 63.465 3.67149 3.24948 218.543 386.951
204.379 63.994 3.6868 3.22423 175.709 329.81
216.436 64.5012 3.69065 3.27434 389.604 275.44
221.784 64.453 3.67514 3.21507 158.314 528.376
221.784 64.4525 3.66103 3.21629 139.83 528.344
223.67 64.5753 3.6659 3.22 254.575 619.588
195.344 61.9331 3.67154 3.24784 127.256 823.428
198.469 62.2938 3.67993 3.28402 185.617 656.505
201.699 62.7161 3.67163 3.31825 194.752 483.804
217.924 64.0292 3.67669 3.22703 350.736 338.637
222.48 63.8433 3.68962 3.21019 235.962 562.288
197.317 61.3416 3.69348 3.25819 291.824 754.201
198.513 61.678 3.68427 3.2592 228.892 680.55
200.525 61.7105 3.68267 3.22902 271.974 583.36
201.703 62.1344 3.68228 3.26158 242.99 507.053
203.311 62.2195 3.68326 3.22632 270.688 427.372
205.146 62.1816 3.66556 3.14636 419.686 346.248
206.12 62.4787 3.65001 3.09987 410.193 285.869
216.652 63.0254 3.63352 3.09001 312.178 290.332
218.173 63.0618 3.64604 3.18571 316.53 362.934
221.871 63.109 3.65664 3.27772 247.005 543.573
193.799 60.3849 3.70122 3.28183 151.472 973.027
196.65 60.4135 3.67582 3.22071 105.127 836.773
198.04 60.7515 3.67516 3.21671 139.661 752.216
199.312 60.6947 3.66743 3.1761 127.662 697.393
201.041 61.0224 3.66001 3.15892 160.34 599.189
202.562 61.4009 3.66994 3.16778 137.458 507.894
204.176 61.4907 3.6352 3.09033 256.222 432.573
205.609 61.9037 3.63869 2.98496 300.554 344.572
206.868 61.8823 3.62512 3.05486 310.843 296.991
217.004 62.4013 3.64333 3.03789 191.875 334.806
218.122 62.3579 3.64181 3.07692 255.326 388.347
221.538 62.4435 3.66332 3.2468 162.095 547.635
223.206 62.5763 3.669 3.27842 205.454 624.497
225.609 62.2024 3.67906 3.25425 173.841 755.585
198.315 59.9237 3.65936 3.21747 148.098 792.453
199.908 60.1686 3.66375 3.18949 204.6 705.914
201.231 60.4742 3.66589 3.23569 221.41 627.752
202.813 60.5269 3.65066 3.20696 221.936 558.589
204.11 60.6801 3.64428 3.11065 245.118 496.089
205.516 60.8132 3.63084 3.0773 231.343 434.168
207.791 61.2001 3.63635 3.13872 208.182 328.709
215.402 61.6061 3.49314 3.17078 211.34 324.79
222.911 61.4593 3.66622 3.20189 218.062 658.058
224.22 61.4862 3.66124 3.20913 231.287 718.915
226.918 61.1512 3.67418 3.22437 151.114 865.078
198.736 59.2533 3.66637 3.20481 168.377 822.475
200.175 59.1767 3.66848 3.25611 175.28 769.454
201.907 59.5938 3.6407 3.18334 205.874 668.112
202.905 59.7733 3.63746 3.13887 222.428 615.781
204.792 59.8542 3.63075 3.18859 262.374 543.691
205.68 60.1952 3.6277 3.16291 242.882 484.506
207.376 60.0815 3.59862 3.09083 172.742 450.42
210.276 60.4814 3.56832 3.08987 219.052 364.563
219.809 60.7718 3.50309 2.99826 150.416 560.859
221.424 60.3024 3.52571 2.97871 142.161 662.478
223.909 60.7704 3.66829 3.16283 91.8515 742.955
190.452 56.6011 3.68123 3.23803 82.5146 1383.1
202.009 59.0314 3.64472 3.13113 185.657 711.86
203.561 59.1953 3.65144 3.1928 208.914 643.775
204.771 59.3922 3.63545 3.22685 226.898 587.373
206.768 59.6524 3.60248 3.12683 141.08 508.003
212.597 59.9979 3.67694 3.12721 108.89 423.848
222.262 59.6304 3.55054 3.05817 81.9842 746.939
223.04 60.1218 3.55888 3.01228 31.7894 744.981
226.285 59.5898 3.66886 3.15081 34.1649 925.918
227.183 60.2114 3.69285 3.22876 167.853 928.667
203.344 58.6774 3.65416 3.20536 177.599 698.544
204.113 58.2637 3.63458 3.24219 116.721 715.094
204.991 58.6484 3.62381 3.23278 96.3967 653.188
206.355 58.9287 3.59079 3.13722 176.906 591.238
207.606 58.6097 3.55877 3.0313 185.146 600.102
213.66 59.4296 3.5807 3.02902 101.769 498.783
227.731 58.9601 3.63002 3.30076 30.1089 1033.97
202.426 57.5673 3.65679 3.23054 123.118 832.118
203.613 57.6397 3.63925 3.21989 87.9169 790.353
205.548 57.5665 3.58204 3.1241 55.5106 749.632
224.26 58.4133 3.58401 3.08489 56.4252 923.662
225.482 58.2747 3.60112 3.10371 107.296 985.353
229.033 59.3946 3.70221 3.21397 85.5142 1065.4
197.939 55.703 3.64926 3.3144 109.572 1155.41
200.447 56.2848 3.62058 3.10123 65.3733 1016.56
223.768 57.9616 3.5785 2.98189 79.7809 940.615
225.424 57.4688 3.60471 3.05475 68.8251 1047.43
228.869 57.9128 3.61648 3.11523 63.9203 1159.62
227.048 56.8144 3.61957 3.11179 80.9864 1167.47
229.75 56.9811 3.61385 3.1346 73.5528 1268.88
210.428 68.6408 3.60816 3.04172 105.919 548.142
226.879 56.1146 3.63716 3.13431 100.768 1219.64
229.974 55.9154 3.62565 3.15489 57.7455 1363.43
228.385 55.3279 3.6458 3.19539 113.81 1347.35
218.842 64.7774 3.69371 3.26255 355.272 394.489
227.653 56.4191 3.62664 3.15217 142.854 1225.07
218.547 60.1369 3.92451 4.01674 89.4848 560.538
217.908 60.4896 3.56203 3.05098 116.751 507.723
217.507 60.403 3.57993 3.05624 112.064 500.676
218.338 61.0595 3.51347 3.09093 120.186 479.391
216.296 60.3923 3.60503 3.13127 155.849 461.65
216.716 60.1205 3.57477 3.04061 89.7999 499.75
215.271 60.5805 3.54818 2.9596 103.305 413.894
218.244 60.7315 3.52925 3.11926 117.897 500.746
217.659 60.602 3.55438 3.04382 134.584 489.261
216.749 60.4427 3.57566 3.02264 154.658 471.481
217.639 60.9231 3.5386 3.15133 180.873 462.41
217.277 60.2474 3.57583 3.0815 90.4326 506.377
218.995 60.8241 3.52166 3.08497 150.427 523.449
216.976 61.3836 3.51027 3.14419 132.855 400.989
216.031 60.2361 3.58794 3.18144 156.669 468.329
217.533 61.187 3.5289 3.13161 161.915 437.756
218.652 60.2994 3.54496 3.04904 96.7779 550.982
219.217 60.1294 3.56053 3.09884 157.351 586.206
216.221 60.072 3.59739 3.19933 110.913 489.437
218.856 60.4399 3.53608 3.10201 137.133 547.417
216.546 61.2275 3.52249 3.06688 142.638 397.06
209.518 60.7352 3.53572 3.0363 130.698 343.469
209.518 60.7351 3.53578 3.03635 130.698 343.475
