# evlo=214.475403 evla=65.517403
225.449 60.24 3.69665 3.25057 42.4261 808.878
194.627 64.5646 3.69639 3.30444 192.349 936.969
217.908 60.4896 3.60095 3.04105 56.4753 586.565
217.654 61.036 3.63867 3.13665 89.1266 524.215
217.507 60.403 3.60682 3.08992 79.2519 590.273
218.338 61.0595 3.60536 3.17216 106.854 533.114
220.363 59.9534 3.6124 3.1593 81.0434 688.672
216.3 60.3932 3.59495 3.20284 101.803 578.538
225.144 58.5792 3.66861 3.22947 108.064 950.927
216.716 60.1205 3.61089 3.13174 87.2253 612.182
215.395 60.9677 3.62359 3.06646 47.9849 509.22
209.013 64.0997 3.7388 3.35848 302.686 303.738
209.094 59.7511 3.59045 3.14697 197.185 698.893
209.259 59.7417 3.59124 3.15896 178.932 696.614
208.846 60.7683 3.60499 3.09676 126.448 600.126
207.916 63.4188 3.75395 3.31941 186.762 392.551
204.378 55.8218 3.60185 3.04871 109.368 1209.77
207.685 63.8827 3.74444 3.3406 241.775 371.413
208.763 59.5251 3.59501 3.12781 220.824 729.101
209.796 67.2269 3.66066 3.13745 194.203 283.012
216.907 60.7523 3.60932 3.14118 91.7849 545.013
218.66 60.9649 3.60436 3.17655 110.447 549.007
209.738 62.4058 3.69362 3.23877 226.907 417.144
217.513 60.0823 3.62394 3.07916 78.7374 625.111
221.785 59.0906 3.63616 3.21951 15.0526 809.233
212.624 63.0753 3.60715 3.18738 200.321 286.593
214.225 61.1292 3.61872 3.12266 134.358 489.297
214.25 60.5487 3.63887 3.12372 111.128 553.937
196.582 54.8564 3.68453 3.2721 74.9073 1536.76
213.401 60.7277 3.60624 3.13648 158.247 536.6
209.784 61.1426 3.60266 3.17348 140.237 540.998
188.296 63.7758 3.71132 3.31069 124.79 1256.8
203.121 64.7461 3.71836 3.33004 256.779 539.144
211.074 61.771 3.61506 3.16772 175.291 450.192
216.188 61.4417 3.54868 3.10547 108.066 462.216
212.904 60.8792 3.60712 3.13091 128.269 522.966
215.271 60.5805 3.6299 3.0607 44.7213 551.735
216.679 60.2805 3.60737 3.11738 93.3654 594.268
218.244 60.7315 3.60632 3.17509 92.3369 566.088
213.497 60.396 3.62187 3.1318 128.199 572.974
215.738 60.3351 3.57553 3.10941 58.1558 581.138
208.348 59.6572 3.5924 3.09683 192.308 724.292
217.659 60.6024 3.62977 3.09324 83.5094 570.827
225.615 58.2758 3.6785 3.2345 110.438 994.089
215.581 59.9268 3.57808 3.05284 25.51 625.648
216.749 60.4427 3.60876 3.14372 119.809 577.165
217.639 60.9231 3.62637 3.13615 96.0371 536.089
214.077 61.4924 3.61309 3.1616 150.713 449.1
211.542 61.4131 3.60552 3.19022 217.832 480.195
197.4 66.8951 3.67907 3.23849 95.6671 781.597
209.077 63.5527 3.74523 3.2645 243.314 339.084
217.277 60.2474 3.6511 3.12217 61.9713 604.283
218.995 60.824 3.59886 3.14531 113.693 570.205
216.976 61.3836 3.61264 3.177 128.974 477.284
218.049 60.1785 3.60577 3.06995 87.385 622.046
216.031 60.2361 3.58569 3.14403 84.8921 593.901
191.145 52.9721 3.69112 3.26472 67.2389 1908.04
214.53 62.9699 3.70284 3.21227 208.762 284.011
219.747 60.0959 3.60534 3.13578 74.2415 660.871
220.599 59.667 3.60525 3.205 75.3522 723.206
207.811 62.8962 3.71638 3.27649 256.463 435.691
217.533 61.1871 3.62903 3.15027 137.661 506.225
211.667 60.8584 3.61501 3.13475 139.166 538.089
215.323 60.3863 3.57932 3.0263 37.8534 573.516
210.261 61.0889 3.60496 3.18195 195.985 536.684
197.092 68.0541 3.59894 2.98853 86.3466 812.225
218.652 60.2994 3.60436 3.09656 54.9654 618.811
211.14 63.4056 3.69243 3.29019 267.851 284.865
219.217 60.1294 3.60838 3.12804 78.3795 646.931
211.668 61.807 3.6214 3.18777 206.396 436.234
212.671 61.832 3.62287 3.18357 226.953 420.373
214.792 60.5341 3.66973 3.00104 41.8112 555.676
205.816 56.5593 3.60239 3.04439 162.739 1100.11
208.468 61.98 3.68196 3.16692 200.824 492.962
209.777 60.5117 3.60014 3.18769 191.332 606.177
189.752 57.1766 3.71122 3.32074 89.2323 1599.87
209.253 61.4636 3.64344 3.1979 156.022 521.029
217.161 60.1791 3.62962 3.12815 104.983 610.385
216.221 60.072 3.59771 3.14072 86.0381 613.374
210.547 60.1043 3.61642 3.159 149.238 635.423
218.856 60.4399 3.60584 3.1915 86.9901 607.623
217.171 60.7541 3.62063 3.09932 121.854 547.937
192.073 65.5598 3.69792 3.29787 175.107 1030.04
209.711 63.4502 3.72028 3.28344 246.012 324.803
193.495 53.8452 3.68197 3.26316 66.8735 1740.41
216.546 61.2275 3.58337 3.1594 132.244 489.202
211.449 62.8295 3.6622 3.25082 226.648 333.747
211.415 62.9628 3.68898 3.23142 80.9031 321.09
211.462 62.6812 3.62832 3.13857 78.3219 348.549
212.058 62.8349 3.61417 3.16825 79.7167 321.261
211.771 63.0624 3.66899 3.26777 94.9549 303.333
212.26 62.5808 3.60991 3.19397 227.137 344.736
211.152 62.8331 3.6704 3.26643 248.804 339.977
217.147 60.448 3.61335 3.10798 127.715 580.92
218.249 60.3583 3.59336 3.08936 58.5299 605.858
203.344 58.6774 3.67648 3.23308 148.341 955.808
204.113 58.2637 3.65918 3.23355 115.047 972.202
204.991 58.6484 3.6424 3.19701 108.227 909.814
206.355 58.9287 3.60121 3.10937 154.745 845.593
207.606 58.6097 3.58354 3.05222 181.141 848.367
213.66 59.4296 3.64115 3.08019 85.0753 679.789
227.731 58.9601 3.70083 3.31699 45.5993 1000.59
202.426 57.5673 3.67918 3.23318 96.9985 1089.49
203.613 57.6397 3.6501 3.21252 68.733 1047.35
205.548 57.5665 3.58963 3.11369 70.1784 1003.03
224.26 58.4133 3.64608 3.21896 48.1885 941.201
225.482 58.2747 3.67126 3.23663 86.2332 990.164
229.033 59.3946 3.71802 3.30995 56.3263 1010.62
197.939 55.703 3.66852 3.31371 77.0384 1410.95
200.447 56.2848 3.66673 3.27425 71.0109 1273.76
223.768 57.9616 3.65303 3.25919 66.8889 972.5
225.424 57.4688 3.66834 3.28542 70.6633 1066.53
228.869 57.9128 3.68293 3.26837 49.4407 1133.85
227.048 56.8144 3.67921 3.31664 49.6696 1177.87
229.75 56.9811 3.67292 3.27486 56.638 1249.21
210.428 68.6408 3.61616 3.06255 116.41 390.076
226.879 56.1146 3.67851 3.32638 60.9312 1241.41
229.974 55.9154 3.68195 3.25882 26.9711 1356.29
228.385 55.3279 3.68814 3.30872 62.1643 1363.03
227.653 56.4191 3.68698 3.27098 71.1875 1234.5
209.931 62.7622 3.07767 2.21293 152.515 378.346
211.14 63.4057 3.69234 3.29011 267.851 284.858
218.547 60.1369 4.17305 3.51874 44.7524 634.277
217.908 60.4896 3.60095 3.04105 56.4753 586.565
217.507 60.403 3.60682 3.08992 79.2519 590.273
218.338 61.0595 3.60537 3.17217 106.854 533.116
216.296 60.3923 3.5954 3.20324 101.803 578.61
216.716 60.1205 3.61089 3.13174 87.2253 612.182
215.271 60.5805 3.6299 3.0607 44.7213 551.735
216.679 60.2805 3.60737 3.11738 93.3654 594.268
218.244 60.7315 3.60632 3.17509 92.3369 566.088
217.659 60.602 3.63 3.09343 83.5094 570.863
216.749 60.4427 3.60876 3.14372 119.809 577.165
217.639 60.9231 3.62635 3.13613 96.0371 536.086
217.277 60.2474 3.6511 3.12217 61.9713 604.283
218.995 60.8241 3.59879 3.14525 113.693 570.195
216.976 61.3836 3.61264 3.177 128.974 477.284
218.049 60.1785 3.60577 3.06995 87.385 622.046
216.031 60.2361 3.58569 3.14403 84.8921 593.901
217.533 61.187 3.62913 3.15035 137.661 506.238
218.652 60.2994 3.60436 3.09656 54.9654 618.811
219.217 60.1294 3.60838 3.12804 78.3795 646.931
216.221 60.072 3.59771 3.14072 86.0381 613.374
218.856 60.4399 3.60584 3.1915 86.9901 607.623
216.546 61.2275 3.58337 3.1594 132.244 489.202
