# evlo=211.139801 evla=63.405602
225.449 60.24 3.65094 3.20636 59.4193 830.193
194.627 64.5646 3.6856 3.14958 94.3371 816.281
217.908 60.4896 3.56018 3.10458 111.531 481.039
217.654 61.036 3.54512 3.07493 140.245 429.269
217.507 60.403 3.58907 3.16362 82.7006 472.854
218.338 61.0595 3.54798 3.02318 101.24 456.158
220.363 59.9534 3.55305 3.1616 100.371 620.707
216.3 60.3932 3.62654 3.23749 127.808 431.334
225.144 58.5792 3.58391 3.08306 108.251 926.191
215.395 60.9677 3.55141 3.14225 181.66 350.457
209.094 59.7511 3.53806 3.01824 207.357 421.452
209.259 59.7417 3.5397 3.0015 219.531 420.308
208.846 60.7683 3.58754 3.09954 200.197 317.364
204.378 55.8218 3.57909 3.05159 170.015 925.919
208.763 59.5251 3.53933 3.02902 269.598 450.54
209.796 67.2269 3.6274 3.04074 98.671 430.617
216.907 60.7523 3.56103 3.1394 148.55 421.959
218.66 60.9649 3.53191 3.03902 125.543 476.373
217.513 60.0823 3.59973 3.1846 95.3428 500.098
214.225 61.1292 3.59275 3.26385 213.844 299.999
214.25 60.5487 3.58344 3.11619 163.287 357.632
196.582 54.8564 3.65246 3.18169 78.4656 1259.7
213.401 60.7277 3.58371 3.13134 138.583 320.964
214.766 66.5657 3.66626 3.22857 222.67 391.546
188.296 63.7758 3.70628 3.20553 65.1386 1128.78
203.121 64.7461 3.70919 3.06371 131.976 418.527
216.188 61.4417 3.56263 3.05551 137.806 340.326
212.904 60.8792 3.6512 3.25524 129.589 296.188
215.271 60.5805 3.55722 2.96709 116.377 381.937
216.679 60.2805 3.60492 3.07027 105.656 453.992
218.244 60.7315 3.54377 3.12526 102.124 475.751
213.497 60.396 3.61851 3.13429 81.5854 357.491
215.738 60.3351 3.56783 3.08854 145.94 418.86
208.348 59.6572 3.54158 3.08176 217.833 443.221
217.659 60.6024 3.56922 3.08065 130.121 462.491
225.615 58.2758 3.59931 3.11482 88.2122 969.231
215.581 59.9268 3.5582 2.98681 101.511 453.243
216.749 60.4427 3.58717 3.12853 132.495 442.23
217.639 60.9231 3.54951 3.07617 120.996 437.014
197.4 66.8951 3.6504 3.28091 46.9867 750.491
217.277 60.2474 3.60997 3.21413 107.56 477.568
218.995 60.824 3.54682 3.05132 113.063 500.388
216.976 61.3836 3.57344 3.05425 187.269 376.457
218.049 60.1785 3.58895 3.16214 120.263 511.553
216.031 60.2361 3.59697 3.17283 138.496 437.023
191.145 52.9721 3.67044 3.23627 106.205 1640.11
219.747 60.0959 3.55281 3.1545 113.317 584.674
220.599 59.667 3.56854 3.16634 117.618 652.129
214.475 65.5174 3.69243 3.29019 267.851 284.865
217.533 61.1871 3.55461 3.0764 126.03 413.427
211.667 60.8584 3.64952 2.93163 238.295 285.205
215.323 60.3863 3.54629 2.9277 86.5729 401.797
197.092 68.0541 3.63435 3.12646 75.7774 823.908
218.652 60.2994 3.55669 3.14262 111.531 525.039
219.217 60.1294 3.57154 3.18734 104.241 560.69
214.792 60.5341 3.64693 3.02875 75.6608 372.828
205.816 56.5593 3.5711 3.00589 177.368 817.953
209.777 60.5117 3.54862 3.07727 262.531 330.324
189.752 57.1766 3.67517 3.26253 127.422 1361.87
217.161 60.1791 3.58796 3.14418 119.338 479.392
216.221 60.072 3.61262 3.16384 124.069 458.092
210.547 60.1043 3.58557 3.06812 226.552 369.226
218.856 60.4399 3.54638 3.06607 129.414 522.405
217.171 60.7541 3.563 3.21794 193.518 431.723
192.073 65.5598 3.67814 3.24583 125.098 943.687
193.495 53.8452 3.64892 3.2126 88.7021 1468.58
216.546 61.2275 3.53088 3.05239 154.072 370.595
217.147 60.448 3.5815 3.15834 148.446 455.929
218.249 60.3583 3.5656 3.16372 129.511 504.627
226.475 68.3065 3.92016 3.12682 90.7205 884.15
207.417 57.7828 3.55066 2.989 166.454 658.613
203.383 71.3221 3.62356 3.06219 75.4814 941.923
234.753 71.9871 3.65897 3.10474 92.3968 1367.44
198.198 69.3641 3.59342 3.01628 52.5223 877.606
202.84 70.0079 3.58451 3.06237 81.1723 820.717
205.387 69.6211 3.62864 3.06414 56.1065 738.092
206.58 70.34 3.62507 2.99941 78.9668 798.196
194.656 68.2746 3.65125 3.13651 54.4668 923.721
196.822 68.4753 3.62247 3.06384 49.4122 858.989
198.806 68.6483 3.59953 3.0444 54.9973 806.342
200.413 69.1049 3.61201 2.99272 53.7865 795.411
205.217 69.1565 3.63124 3.15333 48.3223 693.51
209.387 69.836 3.59874 3.11458 136.488 721.204
211.299 69.72 3.60726 3.07645 75.0086 704.184
215.088 69.9175 3.63633 3.08035 128.753 746.494
216.289 69.626 3.63025 3.16405 113.266 729.883
235.93 69.3475 3.76379 3.21684 109.784 1278.49
196.917 67.6988 3.65467 3.18437 61.7698 809.908
201.885 68.4946 3.62373 3.03955 73.1978 705.041
203.387 68.7132 3.63028 3.12137 75.4951 687.044
207.318 68.8799 3.63682 3.04115 78.9504 634.055
209.319 68.9656 3.61553 3.13832 118.68 625.33
211.177 69.1532 3.62319 3.09782 85.8234 640.922
213.625 69.322 3.63493 3.11412 143.439 668.921
219.035 69.243 3.67307 3.1855 95.5379 739.607
221.263 69.3286 3.68576 3.1761 91.4363 798.743
198.174 67.082 3.66611 3.29963 74.5596 729.508
199.397 67.4213 3.65028 3.23268 78.2486 703.699
202.768 67.4572 3.61616 3.05473 76.9597 594.857
203.811 68.2575 3.61676 3.19017 96.2649 635.356
206.028 68.4414 3.64979 3.11362 61.5443 607.381
208.187 68.1343 3.66198 3.27412 90.6154 544.192
210.384 68.0584 3.63029 3.09569 96.2859 519.95
211.513 68.0748 3.66955 3.21734 160.604 520.91
214.432 68.1207 3.64837 3.22664 182.677 546.777
218.405 68.1861 3.69708 3.26034 131.922 627.34
220.465 68.6043 3.69325 3.19791 101.951 716.196
222.103 68.3889 3.66203 3.20563 147.859 745.252
223.281 66.3701 3.70815 3.22451 197.499 661.783
193.671 65.4742 3.66322 3.24999 90.1612 869.16
195.352 65.7077 3.66281 3.18807 76.2451 796.913
198.75 66.442 3.68303 3.10674 32.7072 675.218
200.349 66.6001 3.65716 3.15 50.6329 619.95
202.227 66.8332 3.63871 3.30807 99.1922 565.845
204.275 67.0486 3.658 3.06057 61.3603 517.168
206.517 67.2221 3.64534 3.18556 118.096 476.698
207.821 67.5076 3.68369 3.23156 82.8362 482.397
212.113 67.5187 3.65929 3.24213 184.069 460.806
214.357 67.5933 3.66243 3.22885 185.61 489.944
215.855 67.6946 3.68324 3.27087 167.351 525.153
220.128 67.6136 3.66758 3.15644 111.276 625.821
224.214 67.6106 3.68555 3.13857 124.9 762.913
226.258 67.441 3.72474 3.17598 120.368 830.443
195.961 64.9941 3.64875 3.16263 70.5472 756.344
197.645 65.3936 3.64672 3.18519 75.5761 685.969
199.349 65.5011 3.65325 3.21684 83.4632 612.626
201.346 65.895 3.69206 3.16644 77.7092 543.3
202.913 66.1434 3.64818 3.17294 84.991 495.684
206.494 66.5156 3.65769 3.25267 111.769 410.127
208.493 66.9214 3.68328 3.30997 153.635 411.082
209.976 66.7108 3.68045 3.19824 120.731 372.54
212.525 66.7004 3.67272 3.22477 181.008 373.065
213.899 66.7653 3.67427 3.24436 165.76 396.321
216.215 66.9498 3.68383 3.22378 172.046 460.89
218.345 66.8088 3.6791 3.16505 133.265 507.898
221.978 66.9116 3.68486 3.18596 126.839 639.749
223.778 66.9808 3.71361 3.18845 133.492 711.611
225.729 66.9227 3.72944 3.21935 109.511 785.746
197.761 64.6379 3.69584 3.15134 62.429 667.064
200.087 64.937 3.67236 3.10653 58.776 563.106
201.637 65.1527 3.66423 3.10924 74.0863 499.242
203.551 65.5276 3.66091 3.25969 110.254 434.654
205.119 65.4924 3.64281 3.19686 114.198 371.416
207.195 65.6571 3.62366 3.12675 124.894 314.297
208.623 65.8937 3.68979 3.34148 133.972 302.296
212.122 65.8371 3.6467 3.18359 258.707 275.113
214.18 66.267 3.64965 3.22201 71.7609 350.045
214.181 66.267 3.67492 3.25586 180.422 350.064
218.473 66.2305 3.66569 3.14314 143.018 469.07
221.631 66.2191 3.6909 3.19726 112.356 587.795
225.657 65.8052 3.71249 3.13816 88.2855 742.58
199.305 63.8864 3.6761 3.22872 130.016 588
205.522 64.7962 3.70919 3.12531 85.0328 314.58
216.846 65.3064 3.71388 3.17915 216.257 347.475
218.385 65.6035 3.68969 3.1708 228.249 425.29
220.064 65.4483 3.6821 3.15344 177.948 486.006
221.694 65.3609 3.70766 3.18148 206.298 553.163
223.623 65.2225 3.699 3.17561 155.154 635.779
196.446 62.7492 3.65226 3.24351 123.799 744.538
199.398 63.2842 3.66672 3.20844 156.655 587.297
200.922 63.3965 3.67052 3.18437 92.5345 510.094
203.285 63.465 3.66916 3.15743 156.465 391.916
204.379 63.994 3.68617 3.1241 190.506 340.582
205.853 64.1767 3.70382 3.14112 226.149 274.321
216.201 64.5654 3.75836 3.12241 52.423 279.376
216.436 64.5012 3.69926 3.19987 346.4 286.782
221.784 64.453 3.68194 3.20152 146.267 534.372
221.784 64.4525 3.65736 3.21657 151.84 534.336
223.67 64.5753 3.66343 3.17652 206.047 625.915
195.344 61.9331 3.65971 3.23562 100.102 823.651
198.469 62.2938 3.65949 3.22354 206.637 655.998
201.699 62.7161 3.65559 3.24763 200.483 483.103
217.924 64.0292 3.66966 3.19396 319.795 342.275
222.48 63.8433 3.67975 3.20938 265.969 563.687
197.317 61.3416 3.67405 3.22624 170.596 749.738
198.513 61.678 3.66724 3.2317 209.28 676.485
200.525 61.7105 3.66316 3.21805 196.437 576.935
201.703 62.1344 3.6456 3.24167 210.098 501.822
203.311 62.2195 3.64343 3.20458 257.33 420.231
205.146 62.1816 3.62823 3.17089 490.897 334.758
206.12 62.4787 3.60879 3.21963 538.551 274.913
216.652 63.0254 3.5936 3.12531 277.042 280.397
218.173 63.0618 3.63036 3.20918 242.037 355.403
221.871 63.109 3.656 3.24745 250.675 539.367
193.799 60.3849 3.68355 3.23369 125.395 968.229
196.65 60.4135 3.67153 3.22155 130.762 828.936
198.04 60.7515 3.67183 3.21605 168.205 744.077
199.312 60.6947 3.66482 3.17565 128.77 687.201
201.041 61.0224 3.66264 3.17314 190.228 587.899
202.562 61.4009 3.65592 3.13164 199.089 496.054
204.176 61.4907 3.64611 3.10857 245.534 417.781
205.609 61.9037 3.6152 3.04247 282.116 329.151
206.868 61.8823 3.61446 2.99718 232.429 277.078
217.004 62.4013 3.61338 3.14802 135.177 318.303
218.122 62.3579 3.60489 3.12386 193.405 373.715
221.538 62.4435 3.65658 3.24276 266.028 538.381
223.206 62.5763 3.66108 3.26327 272.145 617.634
225.609 62.2024 3.67497 3.25145 189.344 748.518
198.315 59.9237 3.64831 3.18507 127.331 780.399
199.908 60.1686 3.64066 3.16915 196.822 692.393
201.231 60.4742 3.63216 3.13758 189.57 613.313
202.813 60.5269 3.63052 3.2065 294.333 541.268
204.11 60.6801 3.59889 3.12924 307.371 476.572
205.516 60.8132 3.60416 3.08297 273.796 411.646
207.791 61.2001 3.64771 3.21458 192.09 300.911
215.402 61.6061 3.54573 3.15478 192.702 297.301
222.911 61.4593 3.64868 3.20758 141.193 644.467
224.22 61.4862 3.64875 3.2107 188.26 706.971
226.918 61.1512 3.6638 3.23151 139.201 854.33
198.736 59.2533 3.65322 3.18258 177.667 807.317
200.175 59.1767 3.65229 3.18229 147.455 751.707
201.907 59.5938 3.63299 3.20778 189.26 648.699
202.905 59.7733 3.62026 3.14681 175.856 595.037
204.792 59.8542 3.61744 3.18702 160.174 519.094
205.68 60.1952 3.62233 3.18625 158.064 458.94
207.376 60.0815 3.6103 3.17042 148.753 420.285
210.276 60.4814 3.56596 3.08184 187.304 329.019
219.809 60.7718 3.49507 3.11039 71.7392 539.069
221.424 60.3024 3.514 2.94131 109.676 641.375
223.909 60.7704 3.64514 3.18813 82.5817 727.335
190.452 56.6011 3.67161 3.2455 73.8596 1371.36
202.009 59.0314 3.62334 3.15378 162.635 690.383
203.561 59.1953 3.62794 3.17556 139.917 619.779
204.771 59.3922 3.637 3.27191 192.187 561.42
212.597 59.9979 3.67099 3.15125 109.532 387.477
222.262 59.6304 3.53569 3.04238 114.516 724.666
223.04 60.1218 3.54532 2.97597 68.9629 725.572
226.285 59.5898 3.59435 2.99836 39.7122 908.768
227.183 60.2114 3.66974 3.24349 97.0423 914.599
203.344 58.6774 3.63622 3.21025 132.84 673.593
204.113 58.2637 3.64876 3.3055 120.061 687.836
204.991 58.6484 3.63151 3.25774 181.359 625.072
206.355 58.9287 3.59088 3.14286 142.965 561.056
207.606 58.6097 3.55559 3.04302 167.537 567.356
213.66 59.4296 3.60666 3.07797 74.3819 462.965
227.731 58.9601 3.59593 3.08213 55.5732 1016.56
202.426 57.5673 3.65343 3.26898 86.2752 806.401
203.613 57.6397 3.63512 3.24484 107.418 762.832
205.548 57.5665 3.58054 3.11635 62.8841 718.953
224.26 58.4133 3.58972 3.1402 44.3237 900.652
225.482 58.2747 3.59719 3.11731 53.6121 963.525
229.033 59.3946 3.67542 3.24549 70.0941 1050.59
197.939 55.703 3.64469 3.28824 99.1195 1132.97
200.447 56.2848 3.61301 3.12444 68.8666 991.638
223.768 57.9616 3.60864 3.21151 62.8079 915.92
225.424 57.4688 3.59989 3.08393 62.2357 1023.72
228.869 57.9128 3.60814 3.10091 76.4162 1140.76
227.048 56.8144 3.60846 3.17992 34.2669 1144.34
229.75 56.9811 3.60737 3.15836 78.2425 1248.94
210.428 68.6408 3.60092 3.06028 100.642 584.646
226.879 56.1146 3.65312 3.20717 55.7755 1195.1
229.974 55.9154 3.61858 3.19012 53.6049 1341.77
228.385 55.3279 3.66174 3.28399 47.6638 1323.17
218.842 64.7774 3.69154 3.20095 285.677 405.254
218.547 60.1369 3.99817 4.10715 85.9164 533.815
217.908 60.4896 3.56018 3.10458 111.531 481.039
217.507 60.403 3.58907 3.16362 82.7006 472.854
218.338 61.0595 3.54802 3.02321 101.24 456.163
216.296 60.3923 3.62627 3.23725 127.808 431.302
215.271 60.5805 3.55722 2.96709 116.377 381.937
216.679 60.2805 3.60492 3.07027 105.656 453.992
218.244 60.7315 3.54377 3.12526 102.124 475.751
217.659 60.602 3.56934 3.08085 130.092 462.504
216.749 60.4427 3.58717 3.12853 132.495 442.23
217.639 60.9231 3.54945 3.07611 120.996 437.006
217.277 60.2474 3.60997 3.21413 107.56 477.568
218.995 60.8241 3.54677 3.05128 113.063 500.381
216.976 61.3836 3.57344 3.05425 187.269 376.457
218.049 60.1785 3.58895 3.16214 120.263 511.553
216.031 60.2361 3.59697 3.17283 138.496 437.023
217.533 61.187 3.55474 3.07652 126.03 413.442
218.652 60.2994 3.55669 3.14262 111.531 525.039
219.217 60.1294 3.57154 3.18734 104.241 560.69
216.221 60.072 3.61262 3.16384 124.069 458.092
218.856 60.4399 3.54638 3.06607 129.414 522.405
216.546 61.2275 3.53088 3.05239 154.072 370.595
