# evlo=197.091995 evla=68.0541
194.627 64.5646 3.65276 3.16669 197.282 404.446
217.908 60.4896 3.61698 2.97827 22.4752 1303.47
217.654 61.036 3.60777 3.0666 58.6565 1248.82
217.507 60.403 3.6203 3.07068 29.8072 1296.37
218.338 61.0595 3.60931 3.05723 76.8581 1272.08
220.363 59.9534 3.61601 3.05324 65.4707 1438.11
216.3 60.3932 3.60873 3.13927 41.3733 1254.65
225.144 58.5792 3.64318 3.10746 32.5054 1733.04
215.395 60.9677 3.61459 3.13793 60.5957 1173.81
209.013 64.0997 3.61841 3.116 96.6359 694.895
209.094 59.7511 3.61914 3.08317 56.7738 1093.04
209.259 59.7417 3.61102 3.08055 56.2617 1098.23
210.701 64.1732 3.65101 3.2015 55.8457 749.57
208.846 60.7683 3.62072 3.10998 48.0137 986.84
207.916 63.4188 3.61662 3.18402 96.8934 714.793
212.195 64.6453 3.6556 3.11197 98.7085 772.954
204.378 55.8218 3.64294 3.14435 34.505 1413.51
200.411 54.831 3.63744 3.20649 22.2227 1483.57
207.685 63.8827 3.62324 3.12006 79.2225 667.873
209.796 67.2269 3.53096 2.8911 223.471 546.355
216.907 60.7523 3.61039 3.08637 56.333 1245.43
218.66 60.9649 3.61437 3.05318 62.3966 1291.69
209.738 62.4058 3.61404 3.16252 101.242 860.779
217.513 60.0823 3.59769 3.14775 41.8991 1324
212.624 63.0753 3.63915 3.09548 74.0783 902.76
214.225 61.1292 3.62035 3.20751 65.9137 1119.64
215.93 63.6482 3.67585 3.09585 61.4142 984.986
214.25 60.5487 3.61686 3.12969 78.176 1171.29
196.582 54.8564 3.68808 3.23786 39.6141 1470.91
213.401 60.7277 3.60831 3.10359 84.8768 1127.41
209.784 61.1426 3.60936 3.08344 66.6873 977.444
214.766 66.5657 3.5865 2.98237 147.332 776.106
188.296 63.7758 3.70262 3.2382 184.273 621.834
203.121 64.7461 3.61135 3.01597 104.727 456.378
211.074 61.771 3.61093 3.08388 57.3179 959.386
216.188 61.4417 3.60949 3.07746 58.4289 1162.26
212.904 60.8792 3.60673 3.1176 75.3856 1097.7
215.271 60.5805 3.6089 3.12694 44.0009 1202.91
216.679 60.2805 3.60046 3.1823 47.4943 1277.62
218.244 60.7315 3.60517 3.03995 70.049 1295.5
213.052 64.4091 3.66738 3.08657 106.785 821.7
213.497 60.396 3.61754 3.097 69.2486 1160.29
215.738 60.3351 3.61125 3.16903 56.4285 1240.31
217.659 60.6024 3.61376 3.02816 53.3225 1285.01
225.615 58.2758 3.64408 3.12067 30.0516 1776.61
215.581 59.9268 3.62025 3.09333 39.6996 1271.04
216.749 60.4427 3.61112 3.17718 49.3786 1266.12
217.639 60.9231 3.60781 3.058 62.6264 1257.6
214.077 61.4924 3.61753 3.18899 87.7264 1083.47
211.542 61.4131 3.60822 3.12018 62.5552 1006.19
209.077 63.5527 3.61686 3.0942 85.3467 741.116
217.277 60.2474 3.6042 3.12623 34.2895 1301.47
218.995 60.824 3.61518 3.06394 59.111 1315.59
216.976 61.3836 3.61139 3.05127 42.4405 1195.65
211.063 63.7318 3.64239 3.16363 96.005 795.804
211.768 64.9602 3.64238 3.07663 86.5789 736.123
218.049 60.1785 3.609 3.06687 20.5292 1334.86
209.256 65.0304 3.64264 3.0969 108.26 635.462
210.931 64.5928 3.66787 3.08751 71.7571 728.237
216.031 60.2361 3.6148 3.13706 49.9355 1259.01
191.145 52.9721 3.68332 3.32483 58.8975 1709.96
214.53 62.9699 3.63656 3.1578 81.5229 980.646
219.747 60.0959 3.61041 3.04966 45.5199 1403.49
220.599 59.667 3.61884 3.04807 56.0425 1470.83
214.475 65.5174 3.59894 2.98853 86.3466 812.225
207.811 62.8962 3.61827 3.17593 123.186 757.791
217.533 61.1871 3.60881 3.06892 78.629 1232.04
211.667 60.8584 3.611 3.10381 70.7154 1060.35
215.323 60.3863 3.60503 3.10507 35.7774 1221.66
210.261 61.0889 3.60855 3.13409 60.3814 996.469
215.154 63.7399 3.68628 3.08537 44.3188 948.486
218.652 60.2994 3.61196 3.03578 39.0301 1346.38
211.14 63.4056 3.63435 3.12646 75.7774 823.908
219.217 60.1294 3.6098 3.05029 38.0535 1381.24
211.668 61.807 3.61417 3.1724 81.1794 975.401
212.671 61.832 3.61849 3.1874 91.4664 1006.53
216.01 63.9761 3.67649 3.09796 108.537 965.975
214.792 60.5341 3.61182 3.11105 39.1225 1190.71
208.468 61.98 3.63396 3.15439 92.6316 861.112
209.777 60.5117 3.59606 3.13579 79.8668 1037.14
189.752 57.1766 3.69954 3.34016 165.488 1267.43
217.161 60.1791 3.60112 3.13886 52.0278 1303.27
216.221 60.072 3.60333 3.14171 38.8495 1279.91
210.547 60.1043 3.60664 3.13857 59.4658 1097.89
218.856 60.4399 3.61014 3.03995 47.9207 1342.06
217.171 60.7541 3.60686 3.05612 58.8725 1254.71
192.073 65.5598 3.67226 3.15259 285.888 354.825
209.711 63.4502 3.62314 3.10852 83.7302 770.865
193.495 53.8452 3.6604 3.26708 96.5899 1594.52
216.546 61.2275 3.60939 3.07994 55.4363 1192.81
212.058 62.8349 3.625 3.14364 45.4641 901.822
211.771 63.0624 3.63708 3.09203 30.7293 873.445
212.26 62.5808 3.6243 3.1154 56.391 929.604
211.152 62.8331 3.63491 3.09956 79.3339 870.676
217.147 60.448 3.61018 3.12957 24.5573 1279.74
211.908 64.4716 3.65644 3.11803 96.11 773.58
218.249 60.3583 3.61087 3.08813 33.9356 1326.81
213.052 64.4091 3.66738 3.08657 106.785 821.7
197.939 55.703 3.69316 3.2442 94.0742 1377.11
200.447 56.2848 3.64207 3.18287 34.2074 1322.76
223.768 57.9616 3.63035 3.15445 30.2914 1733.96
229.75 56.9811 3.65008 3.18737 26.3231 2046.29
212.138 64.8735 3.64545 3.06173 82.6722 756.03
210.428 68.6408 3.54263 2.88303 211.368 552.115
226.879 56.1146 3.63963 3.24049 22.9408 2012.2
228.385 55.3279 3.6523 3.25597 24.3127 2138.93
209.931 62.7622 2.91848 2.30113 84.7908 835.922
211.063 63.7323 3.64231 3.16355 96.005 795.785
211.14 63.4057 3.63435 3.12645 75.7774 823.906
218.547 60.1369 3.77456 3.5256 44.0099 1356.28
217.908 60.4896 3.61698 2.97827 22.4752 1303.47
217.507 60.403 3.6203 3.07068 29.8072 1296.37
218.338 61.0595 3.60932 3.05724 76.8581 1272.08
216.296 60.3923 3.60861 3.13917 41.3733 1254.61
215.271 60.5805 3.6089 3.12694 44.0009 1202.91
216.679 60.2805 3.60046 3.1823 47.4943 1277.62
218.244 60.7315 3.60517 3.03995 70.049 1295.5
217.659 60.602 3.6138 3.0282 53.3225 1285.03
216.749 60.4427 3.61112 3.17718 49.3786 1266.12
217.639 60.9231 3.60779 3.05798 62.6264 1257.59
217.277 60.2474 3.6042 3.12623 34.2895 1301.47
218.995 60.8241 3.61515 3.06393 59.111 1315.59
216.976 61.3836 3.61139 3.05127 42.4405 1195.65
218.049 60.1785 3.609 3.06687 20.5292 1334.86
216.031 60.2361 3.6148 3.13706 49.9355 1259.01
217.533 61.187 3.60885 3.06895 78.629 1232.05
218.652 60.2994 3.61196 3.03578 39.0301 1346.38
219.217 60.1294 3.6098 3.05029 38.0535 1381.24
216.221 60.072 3.60333 3.14171 38.8495 1279.91
218.856 60.4399 3.61014 3.03995 47.9207 1342.06
216.546 61.2275 3.60939 3.07994 55.4363 1192.81
