# evlo=209.253296 evla=61.4636
225.449 60.24 3.5396 3.05618 150.848 888.5
194.627 64.5646 3.63974 3.18565 104.26 814.997
217.908 60.4896 3.54899 3.00941 165.729 480.667
217.654 61.036 3.53557 3.06262 247.745 453.146
217.507 60.403 3.55083 2.96911 150.237 462.507
218.338 61.0595 3.53376 3.048 189.735 489.166
220.363 59.9534 3.58088 3.03316 204.699 628.655
216.3 60.3932 3.55854 2.95434 223.921 400.066
225.144 58.5792 3.63338 3.05006 89.825 939.718
216.716 60.1205 3.57045 2.95591 135.173 432.8
215.395 60.9677 3.53674 2.98771 224.32 334.514
209.013 64.0997 3.64927 3.06758 177.624 294.071
210.701 64.1732 3.60395 3.11636 188.523 310.877
212.195 64.6453 3.62463 3.15803 211.874 384.483
204.378 55.8218 3.54905 2.96906 173.303 688.816
207.685 63.8827 3.58137 2.97027 145.315 281.326
209.796 67.2269 3.64905 3.13833 124.878 643.034
216.907 60.7523 3.54241 2.95224 183.734 420.02
218.66 60.9649 3.52647 2.99331 156.411 508.13
217.513 60.0823 3.57966 2.99027 183.883 475.286
215.93 63.6482 3.58857 3.23144 263.102 420.688
214.25 60.5487 3.56681 2.91329 248.415 288.802
196.582 54.8564 3.62508 3.15787 121.398 1044.47
214.766 66.5657 3.65558 3.22547 158.787 628.869
188.296 63.7758 3.64623 3.24281 117.664 1100.7
203.121 64.7461 3.61035 3.21637 116.352 478.89
216.188 61.4417 3.52871 3.09607 271.958 369.686
215.271 60.5805 3.53458 2.88938 228.611 339.778
216.679 60.2805 3.56124 2.95005 202.377 424.118
218.244 60.7315 3.5405 2.9997 210.009 491.384
213.052 64.4091 3.66865 3.35944 218.116 380.635
215.738 60.3351 3.57352 2.93021 198.089 373.56
217.659 60.6024 3.54796 2.99041 195.427 464.034
225.615 58.2758 3.64652 3.08153 106.136 979.716
215.581 59.9268 3.61622 2.9333 100.891 385.535
216.749 60.4427 3.56087 2.97585 269.779 421.531
217.639 60.9231 3.54204 3.0697 198.682 454.675
197.4 66.8951 3.61902 3.21038 44.1317 833.271
217.277 60.2474 3.55322 2.99013 120.523 456.319
218.995 60.824 3.52382 3.01785 161.049 529.033
216.976 61.3836 3.52603 3.1196 223.731 412.135
211.768 64.9602 3.62213 3.15328 210.566 409.685
218.049 60.1785 3.56954 2.98732 201.84 499.131
209.256 65.0304 3.63405 3.1344 149.955 397.575
210.931 64.5928 3.61315 3.1382 276.544 358.941
216.031 60.2361 3.57531 2.91934 210.606 392.788
191.145 52.9721 3.66023 3.27837 116.029 1437.39
214.53 62.9699 3.59668 3.10452 395.141 321.645
219.747 60.0959 3.57204 3.01386 204.848 590.977
220.599 59.667 3.58223 2.96558 194.107 652.657
214.475 65.5174 3.64344 3.1979 156.022 521.029
217.533 61.1871 3.51707 3.09587 193.181 444.162
215.323 60.3863 3.56946 2.92794 156.174 350.22
215.154 63.7399 3.59793 3.21183 190.664 394.97
218.652 60.2994 3.56293 2.99144 155.427 526.156
219.217 60.1294 3.5731 2.99536 290.619 561.937
216.01 63.9761 3.61159 3.19401 256.185 444.452
214.792 60.5341 3.5401 2.90131 176.745 316.96
205.816 56.5593 3.53641 2.91566 203.227 580.721
189.752 57.1766 3.675 3.17434 91.0202 1202.83
217.161 60.1791 3.563 2.94897 228.249 453.12
216.221 60.072 3.57814 2.91482 174.545 409.934
218.856 60.4399 3.55644 3.0181 221.819 532.179
217.171 60.7541 3.54194 2.97086 203.56 433.903
192.073 65.5598 3.62468 3.22285 62.5225 965.167
193.495 53.8452 3.64271 3.26005 126.226 1260.91
216.546 61.2275 3.53174 3.12911 228.777 390.95
217.147 60.448 3.5531 2.96998 184.424 442.117
211.908 64.4716 3.6101 3.11866 246.47 361.239
218.249 60.3583 3.55 2.98129 154.865 502.945
213.052 64.4091 3.66865 3.35944 218.116 380.635
227.048 56.8144 3.68266 3.16461 81.0594 1137.68
229.75 56.9811 3.65334 3.16659 101.824 1265.69
212.138 64.8735 3.6142 3.16343 182.093 406.821
210.428 68.6408 3.63994 3.05196 92.5987 802.074
229.974 55.9154 3.68532 3.19144 40.0973 1343.19
218.547 60.1369 3.55421 4.47157 186.682 526.644
217.908 60.4896 3.54899 3.00941 165.729 480.667
217.507 60.403 3.55083 2.96911 150.237 462.507
218.338 61.0595 3.53381 3.04803 189.735 489.172
216.296 60.3923 3.55729 2.9533 223.921 399.925
216.716 60.1205 3.57045 2.95591 135.173 432.8
215.271 60.5805 3.53458 2.88938 228.611 339.778
216.679 60.2805 3.56124 2.95005 202.377 424.118
218.244 60.7315 3.5405 2.9997 210.009 491.384
217.659 60.602 3.54786 2.99033 195.427 464.02
216.749 60.4427 3.56087 2.97585 269.779 421.531
217.639 60.9231 3.54196 3.06963 198.682 454.664
217.277 60.2474 3.55322 2.99013 120.523 456.319
218.995 60.8241 3.52381 3.01783 161.049 529.031
216.976 61.3836 3.52603 3.1196 223.731 412.135
218.049 60.1785 3.56954 2.98732 201.84 499.131
216.031 60.2361 3.57531 2.91934 210.606 392.788
217.533 61.187 3.51717 3.09595 193.181 444.174
218.652 60.2994 3.56293 2.99144 155.427 526.156
219.217 60.1294 3.5731 2.99536 290.619 561.937
216.221 60.072 3.57814 2.91482 174.545 409.934
218.856 60.4399 3.55644 3.0181 221.819 532.179
216.546 61.2275 3.53174 3.12911 228.777 390.95
