# evlo=198.749802 evla=66.442001
194.627 64.5646 3.6992 3.30811 212.777 283.152
217.908 60.4896 3.62147 3.16291 27.4718 1155.61
217.654 61.036 3.60411 3.17939 32.4316 1104.48
217.507 60.403 3.64656 3.20548 24.3852 1146.21
218.338 61.0595 3.61112 3.16808 27.8136 1130.77
220.363 59.9534 3.62322 3.1079 37.2442 1295.83
216.3 60.3932 3.64085 3.15039 36.362 1099.52
225.144 58.5792 3.6428 3.21314 18.7451 1598.93
216.716 60.1205 3.62927 3.14167 29.5622 1137.35
215.395 60.9677 3.6417 3.15725 45.0048 1019.38
209.013 64.0997 3.72828 3.17186 65.8411 544.879
209.094 59.7511 3.63242 3.11621 58.1518 908.077
209.259 59.7417 3.6299 3.1235 67.9635 913.703
210.701 64.1732 3.72982 3.32876 55.6635 610.768
208.846 60.7683 3.60835 3.19645 60.0674 804.835
207.916 63.4188 3.63139 3.28019 90.8499 548.256
212.195 64.6453 3.70057 3.23064 97.0166 651.347
200.411 54.831 3.68896 3.21719 53.2165 1296.78
207.685 63.8827 3.64522 3.16113 76.7084 506.177
209.796 67.2269 3.64175 3.15677 164.758 492.261
216.907 60.7523 3.64036 3.16645 47.7935 1095.58
218.66 60.9649 3.60769 3.16947 39.4868 1150.87
209.738 62.4058 3.64106 3.19406 90.347 693.179
214.225 61.1292 3.6435 3.20123 56.9911 961.532
214.25 60.5487 3.62947 3.13685 55.8459 1008.92
213.401 60.7277 3.63176 3.10457 63.3235 962.796
215.271 60.5805 3.63604 3.12864 45.0897 1044.96
216.679 60.2805 3.64283 3.13441 27.2324 1123.19
218.244 60.7315 3.61282 3.13394 38.3117 1150.97
213.052 64.4091 3.69861 3.30452 62.6006 699.721
217.659 60.6024 3.61912 3.13158 30.2498 1137.04
216.749 60.4427 3.64837 3.14875 41.3673 1113.18
217.639 60.9231 3.60717 3.14599 53.5094 1112.21
218.995 60.824 3.61081 3.15504 38.9903 1174.91
216.976 61.3836 3.60279 3.16638 39.5995 1051.6
218.049 60.1785 3.61594 3.12794 25.2432 1185.17
216.031 60.2361 3.6345 3.17177 49.5613 1101.66
217.533 61.1871 3.59993 3.17853 43.1182 1088.53
218.652 60.2994 3.60068 3.14167 32.7177 1200.02
211.14 63.4056 3.68303 3.10674 32.7072 675.218
219.217 60.1294 3.62016 3.1795 39.8778 1235.81
216.221 60.072 3.629 3.16554 43.6779 1122.18
218.856 60.4399 3.6161 3.13101 32.3827 1197.62
216.546 61.2275 3.6142 3.20026 52.3315 1045.5
212.138 64.8736 3.70556 3.24746 82.6676 638.972
198.929 70.2043 3.53863 2.79921 132.78 419.71
203.383 71.3221 3.60271 2.8987 110.989 574.973
205.026 71.0033 3.6007 2.93564 133.893 568.113
234.753 71.9871 3.58768 2.92512 63.7856 1524.92
198.198 69.3641 3.54376 2.84178 141.768 326.732
202.84 70.0079 3.57141 2.87549 176.389 432.083
205.387 69.6211 3.57764 2.92786 125.651 449.574
206.58 70.34 3.57529 2.8688 112.912 540.137
200.413 69.1049 3.56439 2.90854 184.605 305.16
205.217 69.1565 3.57514 2.87709 235.779 407.12
209.387 69.836 3.59923 2.94738 150.444 580.733
211.299 69.72 3.57643 2.88489 149.877 636.243
215.088 69.9175 3.59773 2.9507 166.832 777.48
216.289 69.626 3.59038 2.96606 71.1757 810.118
235.93 69.3475 3.63376 3.07976 61.7486 1569.07
203.387 68.7132 3.62026 2.96105 202.86 320.998
207.318 68.8799 3.59407 2.9617 204.212 453.351
209.319 68.9656 3.57677 2.95684 206.43 527.768
211.177 69.1532 3.57663 2.95973 157.208 603.638
213.625 69.322 3.59309 3.01474 122.822 700.487
219.035 69.243 3.59152 2.99915 130.544 904.353
221.263 69.3286 3.5905 2.94627 101.238 992.723
203.811 68.2575 3.58705 2.96618 178.038 297.076
206.028 68.4414 3.60116 3.07547 164.365 382.868
208.187 68.1343 3.59461 3.10827 218.622 447.818
210.384 68.0584 3.60432 3.10651 211.838 532.647
211.513 68.0748 3.601 3.07087 208.3 578.903
214.432 68.1207 3.60256 3.0567 169.44 699.43
218.405 68.1861 3.60515 3.07969 145.024 864.325
220.465 68.6043 3.6012 3.06245 153.031 952.116
222.103 68.3889 3.61916 3.09442 170.551 1017.89
223.281 66.3701 3.68911 3.23826 93.2257 1089.08
206.517 67.2221 3.66391 3.28592 191.205 351.8
207.821 67.5076 3.63459 3.11275 261.469 413.105
212.113 67.5187 3.62108 3.11093 183.715 594.351
214.357 67.5933 3.62136 3.13413 132.142 690.35
215.855 67.6946 3.61236 3.12656 125.795 754.45
220.128 67.6136 3.64587 3.18789 95.9441 935.759
224.214 67.6106 3.64042 3.1597 99.616 1109.13
226.258 67.441 3.66435 3.16657 73.3454 1197.92
206.494 66.5156 3.66747 3.29388 217.163 344.904
208.493 66.9214 3.65961 3.23158 189.043 433.385
209.976 66.7108 3.67443 3.2941 194.597 498.42
212.525 66.7004 3.68457 3.30467 135.679 610.852
213.899 66.7653 3.68704 3.29224 138.583 670.841
216.215 66.9498 3.68233 3.25369 82.4756 770.863
218.345 66.8088 3.67347 3.22403 95.4649 865.253
221.978 66.9116 3.6723 3.23235 73.8102 1021.99
223.778 66.9808 3.67423 3.21099 76.5126 1098.83
225.729 66.9227 3.67748 3.20944 78.583 1184.03
205.119 65.4924 3.7435 3.14143 140.878 308.158
207.195 65.6571 3.70608 3.12529 108.12 392.259
208.623 65.8937 3.70022 3.24878 173.02 449.021
210.457 65.8251 3.70753 3.27127 124.554 532.423
212.122 65.8371 3.68857 3.24921 121.396 606.408
214.181 66.267 3.69287 3.28603 117.694 689.442
218.473 66.2305 3.69945 3.28608 125.809 880.387
221.631 66.2191 3.69566 3.23877 80.2414 1020.03
225.657 65.8052 3.70294 3.23171 62.3521 1208.45
213.052 64.4091 3.69861 3.30452 62.6006 699.721
199.305 63.8864 3.66988 3.26171 151.858 286.12
205.522 64.7962 3.69173 3.12849 89.9618 361.74
208.018 65.18 3.74199 3.22451 90.8307 446.174
210.64 65.1479 3.69619 3.16111 119.507 562.032
216.846 65.3064 3.70473 3.24161 103.155 832.307
218.385 65.6035 3.7024 3.28532 110.525 891.868
220.064 65.4483 3.69971 3.23478 109.183 971.344
221.694 65.3609 3.707 3.24498 89.726 1046.67
223.623 65.2225 3.70966 3.18949 79.6509 1137.17
196.446 62.7492 3.68895 3.23814 155.35 426.15
199.398 63.2842 3.64519 3.23736 156.198 353.398
200.922 63.3965 3.64735 3.19696 84.4115 354.714
203.285 63.465 3.69796 3.25532 109.023 394.866
204.379 63.994 3.61369 3.33647 124.82 379.023
205.853 64.1767 3.65232 3.1158 51.32 416.143
214.63 64.613 3.70065 3.29949 80.9625 759.814
216.436 64.5012 3.69583 3.26147 104.653 844.533
221.784 64.453 3.68073 3.26565 30.7961 1084.58
221.784 64.4525 3.69214 3.24206 49.2943 1084.57
223.67 64.5753 3.70317 3.21568 98.7176 1163.65
195.344 61.9331 3.68252 3.2444 95.4155 529.008
198.469 62.2938 3.66365 3.22071 163.245 462.65
201.699 62.7161 3.65397 3.1256 92.7502 438.641
205.93 63.3569 3.65538 3.27851 112.964 483.091
214.222 63.8036 3.72234 3.2657 49.1 781.257
217.924 64.0292 3.6917 3.31269 94.9577 931.813
222.48 63.8433 3.69563 3.27194 82.2704 1142.86
197.317 61.3416 3.69738 3.24548 163.731 572.869
198.513 61.678 3.65843 3.27371 132.2 531.205
200.525 61.7105 3.67343 3.30884 128.104 534.472
201.703 62.1344 3.6442 3.14323 89.6324 500.921
203.311 62.2195 3.69274 3.32407 111.297 519.528
205.146 62.1816 3.61996 3.20838 81.1296 566.268
206.12 62.4787 3.64379 3.27956 96.5628 565.853
216.652 63.0254 3.72377 3.263 44.3754 929.882
218.173 63.0618 3.73137 3.31144 70.0522 993.45
221.871 63.109 3.70692 3.35957 81.5174 1153.05
193.799 60.3849 3.69866 3.37168 139.113 718.507
196.65 60.4135 3.7062 3.21965 118.478 680.015
198.04 60.7515 3.67209 3.26102 137.423 635.29
199.312 60.6947 3.65766 3.27408 120.52 641.253
201.041 61.0224 3.68381 3.23905 82.523 614.541
202.562 61.4009 3.63963 3.2067 105.789 592.017
205.609 61.9037 3.62362 3.20306 72.7157 605.224
209.88 61.7531 3.62922 3.09092 77.4399 751.494
212.274 61.7929 3.64837 3.17506 65.8739 835.437
213.825 62.1067 3.64222 3.23728 51.2352 872.385
217.004 62.4013 3.68774 3.13225 42.2116 983.357
218.122 62.3579 3.70064 3.1682 33.3754 1033.62
221.538 62.4435 3.71273 3.29544 49.5857 1176.08
223.206 62.5763 3.71462 3.35704 61.9653 1241.64
225.609 62.2024 3.71603 3.35638 52.3266 1369.46
198.315 59.9237 3.67403 3.24578 106.753 726.881
199.908 60.1686 3.67683 3.33954 134.197 701.646
201.231 60.4742 3.68993 3.23411 72.7578 676.499
202.813 60.5269 3.6508 3.24325 100.532 689.386
207.791 61.2001 3.62963 3.16064 60.6946 733.141
215.402 61.6061 3.63938 3.21266 62.9902 971.74
222.911 61.4593 3.69778 3.19933 30.0808 1297.14
224.22 61.4862 3.71368 3.28205 57.6819 1352.32
226.918 61.1512 3.72503 3.31878 38.3897 1491.98
198.736 59.2533 3.671 3.28929 140.959 801.241
200.175 59.1767 3.68878 3.32252 106.808 812.978
201.907 59.5938 3.63624 3.17688 69.9808 779.623
202.905 59.7733 3.65094 3.27049 137.03 771.933
210.276 60.4814 3.60985 3.13268 61.5352 875.838
219.809 60.7718 3.61551 3.16551 33.3769 1212.37
221.424 60.3024 3.6139 3.20186 33.7471 1313.71
223.909 60.7704 3.69586 3.24613 33.2534 1386.18
202.009 59.0314 3.63095 3.17452 54.5211 842.32
203.561 59.1953 3.68186 3.29183 85.4517 843.52
204.771 59.3922 3.68888 3.14772 23.4109 842.319
206.768 59.6524 3.636 3.29648 25.3259 857.104
212.597 59.9979 3.63115 3.13238 51.3437 996.236
222.262 59.6304 3.62645 3.18243 48.3466 1398.49
227.183 60.2114 3.71023 3.22472 30.3899 1566.28
212.566 65.1171 3.6941 3.24346 96.2579 648.311
203.344 58.6774 3.67787 3.33448 99.5464 896.488
204.113 58.2637 3.68784 3.22822 65.5736 952.02
204.991 58.6484 3.67556 3.17463 55.373 925.018
207.606 58.6097 3.63043 3.22635 64.9 982.711
213.66 59.4296 3.60791 3.1529 50.7312 1082.94
227.731 58.9601 3.71793 3.25991 17.0334 1679.69
202.426 57.5673 3.63617 3.2487 52.3416 1007.18
205.548 57.5665 3.67967 3.17431 43.224 1049.83
224.26 58.4133 3.63992 3.22399 24.4052 1575.19
225.482 58.2747 3.64594 3.2379 21.382 1636.76
229.033 59.3946 3.71703 3.2225 35.1817 1704.26
197.939 55.703 3.69587 3.27419 85.7968 1197.41
200.447 56.2848 3.68719 3.24355 37.8657 1135.38
223.768 57.9616 3.63271 3.12807 44.6169 1591.14
225.424 57.4688 3.65119 3.18493 33.0261 1698.72
227.048 56.8144 3.64399 3.22009 23.71 1818.99
229.75 56.9811 3.66571 3.22938 18.4621 1918.54
212.138 64.8735 3.6949 3.26759 30.3776 638.968
210.428 68.6408 3.59963 3.055 158.361 553.966
226.879 56.1146 3.66942 3.18596 42.0227 1870.31
229.974 55.9154 3.64915 3.19708 16.1686 2014.68
228.385 55.3279 3.6805 3.27222 45.4878 1998.35
227.653 56.4191 3.66794 3.21585 39.6798 1876.58
209.931 62.7622 2.81404 2.16986 63.3507 672.834
211.14 63.4057 3.68303 3.10673 32.7072 675.217
218.547 60.1369 3.85546 3.61738 45.0104 1208.25
210.84 64.6544 3.70196 3.3132 43.0662 592.02
210.867 64.709 3.70044 3.31165 63.2057 590.629
210.853 64.7716 3.69241 3.26219 55.7464 587.167
210.847 64.8338 3.68911 3.23614 63.724 584.112
210.819 64.8857 3.70281 3.22638 64.2245 580.603
210.44 64.87 3.69506 3.2268 83.8612 564.788
210.174 64.8537 3.70389 3.22505 70.4307 553.958
210.069 64.7653 3.71879 3.26014 107.192 553.461
210.917 64.5498 3.70552 3.31705 62.1962 600.348
210.782 64.5716 3.70912 3.30525 54.0095 593.477
210.554 64.5756 3.71427 3.29107 63.7955 583.473
210.901 64.613 3.7073 3.30501 63.7013 596.597
211.172 64.6917 3.71228 3.31323 61.1182 604.664
217.908 60.4896 3.62147 3.16291 27.4718 1155.61
217.507 60.403 3.64656 3.20548 24.3852 1146.21
218.338 61.0595 3.61113 3.16809 27.8136 1130.78
216.296 60.3923 3.64065 3.15021 36.362 1099.46
216.716 60.1205 3.62927 3.14167 29.5622 1137.35
215.271 60.5805 3.63604 3.12864 45.0897 1044.96
216.679 60.2805 3.64283 3.13441 27.2324 1123.19
218.244 60.7315 3.61282 3.13394 38.3117 1150.97
217.659 60.602 3.61915 3.13161 30.2498 1137.05
216.749 60.4427 3.64837 3.14875 41.3673 1113.18
217.639 60.9231 3.60715 3.14597 53.5094 1112.2
218.995 60.8241 3.61079 3.15502 38.9903 1174.9
216.976 61.3836 3.60279 3.16638 39.5995 1051.6
218.049 60.1785 3.61594 3.12794 25.2432 1185.17
216.031 60.2361 3.6345 3.17177 49.5613 1101.66
217.533 61.187 3.59998 3.17858 43.1182 1088.55
218.652 60.2994 3.60068 3.14167 32.7177 1200.02
219.217 60.1294 3.62016 3.1795 39.8778 1235.81
216.221 60.072 3.629 3.16554 43.6779 1122.18
218.856 60.4399 3.6161 3.13101 32.3827 1197.62
216.546 61.2275 3.6142 3.20026 52.3315 1045.5
