# evlo=216.436401 evla=64.501198
194.627 64.5646 3.70416 3.30157 158.504 1041.68
217.908 60.4896 3.57387 3.08646 144.907 453.467
217.654 61.036 3.52754 3.0363 131.101 391.177
217.507 60.403 3.54681 3.03661 75.6838 460.068
218.338 61.0595 3.62275 3.24925 166.192 395.651
220.363 59.9534 3.62272 3.17756 99.5249 546.193
216.3 60.3932 3.63915 2.93725 47.7754 457.901
225.144 58.5792 3.63887 3.24164 85.5415 804.698
216.716 60.1205 3.56552 2.89105 60.9263 488.444
215.395 60.9677 3.58543 3.04931 143.723 397.404
209.013 64.0997 3.73239 3.34986 445.028 361.913
209.094 59.7511 3.58161 3.12473 148.807 652.619
209.259 59.7417 3.59123 3.16833 159.664 648.536
210.701 64.1732 3.70786 3.38849 330.736 279.563
208.846 60.7683 3.59112 3.11206 160.518 569.138
207.916 63.4188 3.71673 3.26658 316.497 434.239
204.378 55.8218 3.58844 3.02866 83.9458 1171.98
200.411 54.831 3.56063 2.89051 73.9775 1397.7
207.685 63.8827 3.73205 3.32816 294.963 430.485
208.763 59.5251 3.56235 3.04341 153.954 683.891
209.796 67.2269 3.67324 3.18705 145.289 428.814
216.907 60.7523 3.54768 2.95962 43.1242 418.531
218.66 60.9649 3.64771 3.25424 133.089 410.154
209.738 62.4058 3.65382 3.19837 208.992 407.388
217.513 60.0823 3.55682 3.03858 114.097 495.626
214.225 61.1292 3.58794 3.15809 223.459 392.329
214.25 60.5487 3.58393 3.08129 199.809 454.613
196.582 54.8564 3.6386 3.16927 79.646 1538.69
213.401 60.7277 3.59009 3.11018 183.761 448.39
209.784 61.1426 3.59938 3.09702 161.41 504.637
188.296 63.7758 3.7226 3.34692 131.901 1361.22
203.121 64.7461 3.71581 3.33862 189.742 636.403
211.074 61.771 3.63602 3.2055 167.204 406.867
216.188 61.4417 3.61034 3.09443 171.117 341.247
212.904 60.8792 3.58452 3.11577 201.237 442.208
215.271 60.5805 3.60534 3.07659 122.831 441.057
216.679 60.2805 3.55837 2.89139 81.5474 470.57
218.244 60.7315 3.60761 3.12273 96.0431 430.236
213.497 60.396 3.59399 3.09333 126.914 481.925
215.738 60.3351 3.63652 3.07458 108.994 465.715
208.348 59.6572 3.56089 3.02274 96.2813 684.563
217.659 60.6024 3.54983 3.0625 139.266 439.048
216.749 60.4427 3.54943 2.92857 83.5426 452.618
217.639 60.9231 3.52788 3.04726 127.987 403.509
217.277 60.2474 3.47788 3.03471 23.2277 476.071
218.995 60.824 3.61782 3.20601 97.324 430.233
216.976 61.3836 3.59661 2.93395 68.9666 348.565
211.063 63.7318 3.69065 3.27434 389.604 275.44
218.049 60.1785 3.58527 3.12898 108.91 488.923
216.031 60.2361 3.64142 3.05435 98.1309 475.812
217.533 61.1871 3.51954 2.95903 113.6 373.57
218.652 60.2994 3.64005 3.28313 43.9761 482.036
211.14 63.4056 3.69926 3.19987 346.4 286.782
219.217 60.1294 3.58983 3.10796 109.984 508.008
216.221 60.072 3.62125 2.98909 78.9249 493.76
218.856 60.4399 3.63571 3.21984 76.3961 469.449
216.546 61.2275 3.62239 3.06314 122.947 364.926
198.929 70.2043 3.62402 3.01052 51.7047 979.144
203.383 71.3221 3.61919 3.01116 84.6929 933.356
205.026 71.0033 3.61788 3.09596 55.4173 867.835
234.753 71.9871 3.72228 3.14941 128.766 1118.61
198.198 69.3641 3.62527 2.96791 54.943 958.79
202.84 70.0079 3.61194 3.03946 66.1433 845.82
205.387 69.6211 3.61185 3.04391 47.658 744.184
206.58 70.34 3.59616 3.03713 67.9103 774.157
194.656 68.2746 3.65247 3.05652 82.4349 1053.67
196.822 68.4753 3.65341 3.06357 67.349 973.671
198.806 68.6483 3.64393 3.02145 74.0833 904.177
200.413 69.1049 3.63309 3.03354 49.376 867.583
205.217 69.1565 3.61551 3.06848 66.8938 713.749
211.299 69.72 3.59061 3.10897 59.7743 622.784
215.088 69.9175 3.56071 2.93178 58.2687 606.82
216.289 69.626 3.64324 3.1272 63.4879 571.565
235.93 69.3475 3.80802 3.1871 118.923 1003.05
196.917 67.6988 3.65043 3.18082 34.8856 947.056
201.885 68.4946 3.64824 3.02456 72.9106 783.073
203.387 68.7132 3.63672 3.03596 42.2408 742.551
207.318 68.8799 3.61592 3.1472 59.8376 631.695
209.319 68.9656 3.59947 3.06541 91.4109 587.704
211.177 69.1532 3.58054 3.07743 90.0574 567.436
213.625 69.322 3.59994 3.11839 141.904 551.381
219.035 69.243 3.63258 3.15661 116.066 540.821
221.263 69.3286 3.65055 3.1497 108.247 577.909
198.174 67.082 3.71893 3.2458 68.3596 880.271
199.397 67.4213 3.68525 3.14016 31.3878 837.028
202.768 67.4572 3.65523 3.1673 59.7621 701.076
203.811 68.2575 3.65945 3.06076 75.5977 700.971
208.187 68.1343 3.64264 3.0925 58.0133 547.726
210.384 68.0584 3.61742 3.23758 84.339 480.39
211.513 68.0748 3.57833 3.13184 113.456 455.367
214.432 68.1207 3.59336 3.08776 113.455 413.452
218.405 68.1861 3.67119 3.22901 145.217 420.211
220.465 68.6043 3.65684 3.19248 147.421 491.061
222.103 68.3889 3.64196 3.13819 196.426 501.402
223.281 66.3701 3.74497 3.1055 261.936 379.567
193.671 65.4742 3.68991 3.23715 78.6097 1073.95
195.352 65.7077 3.68878 3.22268 88.5153 995.053
198.75 66.442 3.69583 3.26147 104.653 844.533
200.349 66.6001 3.70487 3.25677 68.011 776.718
204.275 67.0486 3.7043 3.22329 74.0119 623.87
206.517 67.2221 3.67997 3.13441 92.3539 544.114
207.821 67.5076 3.67275 3.14561 89.1157 514.34
212.113 67.5187 3.61253 3.06233 53.009 389.31
214.357 67.5933 3.60568 3.17477 144.615 357.391
215.855 67.6946 3.72154 3.2302 117.374 357.06
220.128 67.6136 3.62858 3.13021 203.593 385.101
224.214 67.6106 3.72613 3.13518 158.105 493.677
226.258 67.441 3.75595 3.16547 178.392 552.871
195.961 64.9941 3.70202 3.26277 110.45 972.285
197.645 65.3936 3.69899 3.24206 107.916 890.398
199.349 65.5011 3.70401 3.25911 95.4217 811.182
201.346 65.895 3.70843 3.23703 106.517 721.608
202.913 66.1434 3.71762 3.18555 79.663 654.859
206.494 66.5156 3.71976 3.23088 135.379 511.233
208.493 66.9214 3.69392 3.17715 100.699 453.191
209.976 66.7108 3.69391 3.19675 129.576 386.217
212.525 66.7004 3.65411 3.10709 118.554 304.297
213.899 66.7653 3.59452 3.2202 98.5742 278.14
216.215 66.9498 3.68989 3.23859 166.445 273.215
221.978 66.9116 3.70573 3.22234 196.084 369.877
223.778 66.9808 3.74366 3.13834 200.599 435.234
225.729 66.9227 3.77976 3.14628 142.98 504.192
197.761 64.6379 3.70415 3.29049 142.575 892.066
200.087 64.937 3.70002 3.28893 146.247 778.689
201.637 65.1527 3.70562 3.31532 135.078 704.794
203.551 65.5276 3.71607 3.28587 142.227 617.098
205.119 65.4924 3.70813 3.27186 146.227 544.48
207.195 65.6571 3.71645 3.23885 208.296 452.903
208.623 65.8937 3.73643 3.24696 193.026 397.13
210.457 65.8251 3.73577 3.15993 207.319 316.676
221.631 66.2191 3.74343 3.16031 238.185 308.279
225.657 65.8052 3.74678 3.19175 147.665 455.798
199.305 63.8864 3.71479 3.36431 167.481 832.714
205.522 64.7962 3.7177 3.34965 117.983 522.044
208.018 65.18 3.70709 3.2895 217.096 406.299
210.64 65.1479 3.75166 3.4732 259.983 284.428
223.623 65.2225 3.71696 3.23375 239.948 349.946
196.446 62.7492 3.70246 3.29793 138.461 1005.84
199.398 63.2842 3.70971 3.30233 141.909 845.178
200.922 63.3965 3.7216 3.34336 108.536 768.415
203.285 63.465 3.72135 3.34981 178.392 652.966
204.379 63.994 3.73342 3.34066 202.477 586.612
205.853 64.1767 3.73254 3.37588 300.435 512.246
223.67 64.5753 3.64987 3.2091 258.118 347.019
195.344 61.9331 3.71772 3.28285 120.635 1093.07
198.469 62.2938 3.73074 3.36418 159.195 927.612
201.699 62.7161 3.72281 3.29411 184.22 755.87
205.93 63.3569 3.71138 3.29777 199.807 530.273
222.48 63.8433 3.69318 3.34309 267.504 302.782
197.317 61.3416 3.71201 3.27561 121.788 1028.49
198.513 61.678 3.71519 3.27302 143.286 954.695
200.525 61.7105 3.68721 3.19456 103.182 858.606
201.703 62.1344 3.70342 3.22355 128.379 782.008
203.311 62.2195 3.69469 3.1987 127.595 702.795
205.146 62.1816 3.67377 3.17374 256.104 620.633
206.12 62.4787 3.67802 3.14839 237.108 560.413
221.871 63.109 3.74025 3.18606 242.572 309.351
193.799 60.3849 3.69839 3.23108 82.4955 1247.33
196.65 60.4135 3.68135 3.25452 90.801 1112.19
198.04 60.7515 3.67919 3.22412 122.447 1027.65
199.312 60.6947 3.67124 3.24409 114.496 972.537
201.041 61.0224 3.6722 3.25515 129.276 873.863
202.562 61.4009 3.67197 3.22235 157.558 782.232
204.176 61.4907 3.66318 3.20095 212.314 704.563
205.609 61.9037 3.6442 3.16994 294.26 615.927
206.868 61.8823 3.62692 3.15961 245.942 562.38
209.88 61.7531 3.63385 3.12064 252.74 450.446
212.274 61.7929 3.5934 3.26037 266.49 367.499
213.825 62.1067 3.58053 3.17431 199.657 297.241
221.538 62.4435 3.7287 3.18982 171.846 342.283
223.206 62.5763 3.72291 3.18784 185.075 398.969
225.609 62.2024 3.72264 3.31318 153.301 525.183
198.315 59.9237 3.67003 3.22826 119.016 1066.77
199.908 60.1686 3.66716 3.21774 147.895 979.125
201.231 60.4742 3.66826 3.21662 156.344 900.095
202.813 60.5269 3.65861 3.18168 184.459 827.332
204.11 60.6801 3.63988 3.15655 249.587 761.218
205.516 60.8132 3.62448 3.13823 213.169 693.042
207.791 61.2001 3.62844 3.15516 156.015 572.976
215.402 61.6061 3.60109 3.1079 203.121 326.899
222.911 61.4593 3.67026 3.26995 104.621 471.541
224.22 61.4862 3.7162 3.13759 122.657 517.63
226.918 61.1512 3.71832 3.22113 97.3972 650.58
198.736 59.2533 3.67315 3.20282 129.319 1094
200.175 59.1767 3.66343 3.19935 130.58 1037.25
201.907 59.5938 3.65484 3.20224 195.012 932.95
202.905 59.7733 3.64016 3.1977 163.549 877.884
204.792 59.8542 3.60511 3.17395 115.534 795.491
205.68 60.1952 3.61402 3.17141 108.106 733.69
207.376 60.0815 3.60076 3.12339 192.744 679.752
210.276 60.4814 3.62149 3.17038 174.334 548.643
219.809 60.7718 3.58569 3.23234 179.003 450.092
221.424 60.3024 3.59086 3.16896 129.517 533.968
223.909 60.7704 3.64698 3.30002 117.489 564.883
190.452 56.6011 3.68508 3.23755 62.0484 1657.68
202.009 59.0314 3.63273 3.18499 156.274 971.804
203.561 59.1953 3.61132 3.18459 122.006 896.706
204.771 59.3922 3.61568 3.18137 157.973 833.811
206.768 59.6524 3.60624 3.12708 224.806 738.318
212.597 59.9979 3.60483 3.14711 140.985 539.864
222.262 59.6304 3.59985 3.15906 89.885 621.872
226.285 59.5898 3.68378 3.31867 129.218 750.147
227.183 60.2114 3.72353 3.15589 57.4881 732.004
203.344 58.6774 3.61464 3.18494 144.806 947.739
204.113 58.2637 3.62894 3.19713 105.629 954.473
204.991 58.6484 3.62278 3.18214 114.654 889.125
206.355 58.9287 3.60153 3.11621 142.318 816.568
207.606 58.6097 3.56592 3.01025 195.844 805.537
213.66 59.4296 3.58676 3.04552 123.116 583.524
227.731 58.9601 3.69236 3.25342 101.311 856.563
202.426 57.5673 3.63243 3.20347 74.0472 1077.35
203.613 57.6397 3.62159 3.15553 87.5062 1027.69
205.548 57.5665 3.57168 3.05538 107.71 968.565
224.26 58.4133 3.64065 3.21159 64.2489 795.164
225.482 58.2747 3.64291 3.25958 62.0343 843.934
229.033 59.3946 3.65942 3.22788 43.6294 869.644
197.939 55.703 3.63897 3.196 75.9687 1411.31
200.447 56.2848 3.62209 3.14557 70.0095 1264.04
223.768 57.9616 3.63437 3.2597 95.2807 827.109
225.424 57.4688 3.65345 3.27565 54.1275 920.414
228.869 57.9128 3.69624 3.26388 70.4405 989.39
227.048 56.8144 3.67169 3.29182 48.5529 1031.64
229.75 56.9811 3.66894 3.26564 56.7273 1104.42
210.428 68.6408 3.60708 3.16819 131.102 532.595
226.879 56.1146 3.66967 3.33867 65.3922 1095.25
229.974 55.9154 3.68318 3.24123 31.4696 1210.73
228.385 55.3279 3.67513 3.31063 81.0591 1216.79
227.653 56.4191 3.67491 3.26359 78.8281 1088.29
209.931 62.7622 3.01072 2.60804 183.833 376.026
211.063 63.7323 3.69008 3.27383 389.604 275.397
211.14 63.4057 3.69919 3.19981 346.4 286.776
218.547 60.1369 4.07487 3.47937 123.107 498.491
217.908 60.4896 3.57387 3.08646 144.907 453.467
217.507 60.403 3.54681 3.03661 75.6838 460.068
218.338 61.0595 3.62276 3.24926 166.192 395.652
216.296 60.3923 3.63997 2.93792 47.7754 458.004
216.716 60.1205 3.56552 2.89105 60.9263 488.444
215.271 60.5805 3.60534 3.07659 122.831 441.057
216.679 60.2805 3.55837 2.89139 81.5474 470.57
218.244 60.7315 3.60761 3.12273 96.0431 430.236
217.659 60.602 3.55016 3.06279 139.266 439.089
216.749 60.4427 3.54943 2.92857 83.5426 452.618
217.639 60.9231 3.52786 3.04725 127.987 403.507
217.277 60.2474 3.47788 3.03471 23.2277 476.071
218.995 60.8241 3.61773 3.20593 97.324 430.223
216.976 61.3836 3.59661 2.93395 68.9666 348.565
218.049 60.1785 3.58527 3.12898 108.91 488.923
216.031 60.2361 3.64142 3.05435 98.1309 475.812
217.533 61.187 3.51966 2.95913 113.6 373.583
218.652 60.2994 3.64005 3.28313 43.9761 482.036
219.217 60.1294 3.58983 3.10796 109.984 508.008
216.221 60.072 3.62125 2.98909 78.9249 493.76
218.856 60.4399 3.63571 3.21984 76.3961 469.449
216.546 61.2275 3.62239 3.06314 122.947 364.926
209.518 60.7352 3.59075 3.08477 110.879 549.224
209.518 60.7351 3.59072 3.08474 110.879 549.22
