# evlo=218.172501 evla=63.061798
194.627 64.5646 3.70542 3.21455 88.5934 1164.9
217.908 60.4896 3.62901 3.05367 134.376 286.988
217.507 60.403 3.60816 3.11502 106.293 298.377
220.363 59.9534 3.57289 3.15756 147.135 365.447
216.3 60.3932 3.5347 2.97092 200.177 313.407
225.144 58.5792 3.6493 3.25058 99.1036 626.468
216.716 60.1205 3.57749 3.03994 158.807 336.754
215.395 60.9677 3.48222 2.96418 354.214 274.948
209.013 64.0997 3.67691 3.26076 222.788 468.934
209.094 59.7511 3.57048 3.11587 214.677 608.418
209.259 59.7417 3.57077 3.10293 240.092 602.161
210.701 64.1732 3.71294 3.23035 222.621 390.476
208.846 60.7683 3.55658 3.12543 231.698 551.99
207.916 63.4188 3.64466 3.18263 220.522 516.445
212.195 64.6453 3.81824 3.22025 245.088 342.751
204.378 55.8218 3.56069 2.99377 54.5488 1119.42
207.685 63.8827 3.67703 3.26283 201.067 530.152
208.763 59.5251 3.56617 3.10721 168.041 639.1
209.796 67.2269 3.6619 3.25741 105.488 607.351
209.738 62.4058 3.63629 3.31663 258.219 437.134
217.513 60.0823 3.60811 2.99028 115.175 333.871
212.624 63.0753 3.61151 3.3385 379.894 280.411
214.225 61.1292 3.50975 3.09737 409.942 298.066
214.25 60.5487 3.50594 2.97902 338.673 348.036
196.582 54.8564 3.6173 3.16252 84.2268 1530.07
213.401 60.7277 3.53898 3.06686 314.247 361.202
209.784 61.1426 3.56458 3.12341 202.535 487.026
214.766 66.5657 3.72486 3.33637 151.652 422.694
188.296 63.7758 3.7281 3.26849 79.4582 1480.64
203.121 64.7461 3.71638 3.27715 145.442 760.501
211.074 61.771 3.61947 3.16478 247.292 393.803
212.904 60.8792 3.55884 3.07162 368.737 367.927
215.271 60.5805 3.49558 2.91671 311.866 315.923
216.679 60.2805 3.56622 3.02553 203.4 319.86
213.052 64.4091 3.77941 3.24565 214.881 294.036
213.497 60.396 3.53158 3.03041 299.239 386.272
215.738 60.3351 3.52415 2.91205 226.505 329.993
208.348 59.6572 3.56338 3.13549 140.831 647.073
217.659 60.6024 3.61372 3.05684 209.167 275.409
225.615 58.2758 3.65941 3.27657 134.356 669.888
215.581 59.9268 3.53268 3.00689 178.17 375.558
216.749 60.4427 3.56034 2.99309 236.483 301.387
214.077 61.4924 3.54197 3.20083 394.008 275.238
211.542 61.4131 3.57038 3.12677 322.649 390.399
197.4 66.8951 3.80794 3.56097 16.0868 1063.3
209.077 63.5527 3.648 3.20749 233.889 458.932
217.277 60.2474 3.65842 2.93533 40.8831 317.201
211.063 63.7318 3.64604 3.18571 316.53 362.934
218.049 60.1785 3.61829 3.03969 90.1519 321.379
216.031 60.2361 3.54254 2.9724 226.852 334.683
218.652 60.2994 3.53733 2.93988 81.3272 308.886
211.14 63.4056 3.63036 3.20918 242.037 355.403
219.217 60.1294 3.53235 3.06681 111.033 331.445
216.221 60.072 3.55708 3.00401 208.227 348.904
218.856 60.4399 3.53201 2.94976 87.7844 294.404
207.417 57.7828 3.59089 3.03251 160.811 832.883
212.138 64.8736 3.81258 3.19313 137.691 357.783
198.929 70.2043 3.62912 3.07208 41.0222 1157.01
203.383 71.3221 3.63672 3.06883 92.2726 1115.19
234.753 71.9871 3.74547 3.23969 97.4423 1212.39
198.198 69.3641 3.62691 3.03997 52.8603 1132.49
202.84 70.0079 3.63183 3.09624 48.8452 1025.95
205.387 69.6211 3.64798 3.14893 75.487 925.17
206.58 70.34 3.63438 2.95806 31.4615 956.006
196.822 68.4753 3.66607 3.10449 15.599 1140.53
198.806 68.6483 3.64307 3.07708 61.5934 1074.27
200.413 69.1049 3.64369 3.07807 40.2415 1042.15
205.217 69.1565 3.64857 3.16244 64.2967 893.574
209.387 69.836 3.60849 3.0598 65.4453 849.084
211.299 69.72 3.65172 3.12092 79.5866 802.387
215.088 69.9175 3.68115 3.17932 51.7856 776.501
216.289 69.626 3.63814 3.12259 116.934 736.744
235.93 69.3475 3.76885 3.29483 209.728 1056.49
201.885 68.4946 3.63762 3.10071 65.0264 955.886
203.387 68.7132 3.63819 3.14107 69.0615 918.587
207.318 68.8799 3.63919 3.12594 88.037 812.629
209.319 68.9656 3.61944 3.0954 85.8726 769.555
211.177 69.1532 3.641 3.06386 70.0222 748.183
213.625 69.322 3.60767 3.13851 87.0082 727.046
219.035 69.243 3.69868 3.1083 60.8447 690.34
221.263 69.3286 3.7039 3.18451 90.6623 712.324
198.174 67.082 3.75509 3.17662 21.3192 1036.08
202.768 67.4572 3.69881 3.15892 56.8214 866.975
203.811 68.2575 3.63467 3.14487 73.0174 874.999
206.028 68.4414 3.66325 3.18261 68.6791 815.635
208.187 68.1343 3.65072 3.21485 59.6798 727.578
210.384 68.0584 3.65053 3.2156 98.053 662.083
211.513 68.0748 3.64682 3.09887 120.507 637.132
214.432 68.1207 3.67103 3.20818 89.8981 589.61
218.405 68.1861 3.67814 3.09218 112.061 571.466
220.465 68.6043 3.69023 3.17107 110.205 626.722
222.103 68.3889 3.70187 3.17039 95.216 620.467
223.281 66.3701 3.67233 3.15331 180.062 441.685
193.671 65.4742 3.67482 3.29344 53.2097 1209.11
195.352 65.7077 3.67706 3.32523 54.987 1133.05
198.75 66.442 3.73137 3.31144 70.0522 993.45
200.349 66.6001 3.74237 3.41375 36.1659 929.288
202.227 66.8332 3.75825 3.23591 62.3164 859.566
204.275 67.0486 3.71607 3.10271 75.3356 788.269
206.517 67.2221 3.68762 3.2035 71.645 715.178
207.821 67.5076 3.64899 3.23111 93.6708 690.529
212.113 67.5187 3.68154 3.19391 83.2496 571.155
214.357 67.5933 3.67581 3.18227 78.8878 535.375
215.855 67.6946 3.64691 3.33647 146.677 527.584
220.128 67.6136 3.714 3.27786 126.83 515.56
224.214 67.6106 3.69106 3.17394 129.784 579.42
226.258 67.441 3.71544 3.23261 173.298 616.381
197.645 65.3936 3.68723 3.21509 29.4013 1024.5
199.349 65.5011 3.68078 3.22056 43.1589 947.387
201.346 65.895 3.68417 3.28393 49.9489 865.407
202.913 66.1434 3.72366 3.40469 72.6766 804.568
206.494 66.5156 3.73953 3.16954 103.865 674.075
208.493 66.9214 3.68652 3.20369 66.3351 626.305
209.976 66.7108 3.67544 3.23061 103.87 561.55
212.525 66.7004 3.66157 3.29746 102.629 485.584
213.899 66.7653 3.66692 3.17857 90.5867 459.544
216.215 66.9498 3.63844 3.29525 103.7 443.148
218.345 66.8088 3.72514 3.21897 79.1788 417.838
221.978 66.9116 3.68963 3.13562 120.058 465.08
223.778 66.9808 3.7061 3.22605 231.346 510.191
225.729 66.9227 3.70002 3.24321 170.826 558.205
197.761 64.6379 3.71131 3.23479 86.9052 1014.74
200.087 64.937 3.7123 3.22884 67.4958 905.896
201.637 65.1527 3.71654 3.22018 56.0018 836.284
203.551 65.5276 3.73147 3.13688 34.1459 757.263
205.119 65.4924 3.76196 3.1894 43.3841 686.368
207.195 65.6571 3.75277 3.24126 106.361 602.903
208.623 65.8937 3.74373 3.2559 104.421 556.435
210.457 65.8251 3.74085 3.27176 106.636 482.083
212.122 65.8371 3.70312 3.20772 154.355 424.603
214.18 66.267 3.65309 3.2054 60.0929 404.854
214.181 66.267 3.70131 3.31184 63.7747 404.832
218.473 66.2305 3.73411 3.26394 178.122 353.561
221.631 66.2191 3.68613 3.20844 166.513 388.764
225.657 65.8052 3.67864 3.20213 168.354 472.278
213.052 64.4091 3.77941 3.24565 214.881 294.036
199.305 63.8864 3.68106 3.21592 126.167 941.518
205.522 64.7962 3.72444 3.23558 78.9299 648.739
208.018 65.18 3.78933 3.29739 115.183 547.38
210.64 65.1479 3.78221 3.14447 117.924 434.241
218.385 65.6035 3.75926 3.28994 180.427 283.54
220.064 65.4483 3.66907 3.24931 190.857 281.39
221.694 65.3609 3.6392 3.20422 237.588 308.01
223.623 65.2225 3.66582 3.23853 299.635 358.161
196.446 62.7492 3.66099 3.24533 138.685 1099.78
199.398 63.2842 3.66689 3.22987 152.208 942.673
200.922 63.3965 3.67872 3.2327 116.777 865.433
203.285 63.465 3.66429 3.22985 165.657 747.261
204.379 63.994 3.68407 3.23317 156.619 692.734
205.853 64.1767 3.69256 3.25603 163.191 622.45
223.67 64.5753 3.66235 3.1468 245.651 318.834
195.344 61.9331 3.66151 3.23858 104.446 1176.98
198.469 62.2938 3.65622 3.24892 213.136 1009.02
201.699 62.7161 3.64964 3.25224 149.447 836.532
205.93 63.3569 3.64594 3.21588 219.603 615.852
197.317 61.3416 3.65715 3.20926 168.82 1097.26
198.513 61.678 3.6535 3.2169 173.344 1025.06
200.525 61.7105 3.64512 3.19418 153.794 922.248
201.703 62.1344 3.64256 3.20997 153.941 849.917
203.311 62.2195 3.63283 3.19054 182.605 766.297
205.146 62.1816 3.62023 3.16136 248.065 674.587
206.12 62.4787 3.6137 3.17948 302.994 618.015
193.799 60.3849 3.65952 3.22741 121.918 1314.12
196.65 60.4135 3.65315 3.19189 91.385 1168.95
198.04 60.7515 3.65468 3.21037 141.58 1084.08
199.312 60.6947 3.64599 3.20687 92.5945 1022.53
201.041 61.0224 3.64349 3.18973 134.544 921.739
202.562 61.4009 3.64496 3.18711 137.952 830.32
204.176 61.4907 3.63373 3.21522 126.915 745.909
205.609 61.9037 3.62672 3.17057 233.946 659.491
206.868 61.8823 3.64155 3.24922 208.797 596.928
209.88 61.7531 3.62826 3.1922 246.43 452.472
212.274 61.7929 3.59656 3.13423 265.996 335.796
225.609 62.2024 3.67802 3.33455 270.588 393.175
198.315 59.9237 3.62485 3.1988 102.806 1108.78
199.908 60.1686 3.61626 3.19378 68.9464 1017.19
201.231 60.4742 3.61851 3.19305 86.4386 936.548
202.813 60.5269 3.59784 3.21633 97.267 855.557
204.11 60.6801 3.59713 3.23607 133.677 784.177
205.516 60.8132 3.58886 3.16896 221.025 708.759
207.791 61.2001 3.57067 3.14853 122.305 579.209
222.911 61.4593 3.71958 3.26883 201.22 304.029
224.22 61.4862 3.67591 3.25382 225.36 359.607
226.918 61.1512 3.66795 3.27449 211.691 503.323
200.175 59.1767 3.60426 3.20863 140.462 1057.7
201.907 59.5938 3.60564 3.21057 165.88 949.494
202.905 59.7733 3.605 3.21059 169.634 890.947
204.792 59.8542 3.58537 3.14778 192.239 796.013
205.68 60.1952 3.58145 3.14743 167.459 733.92
207.376 60.0815 3.5658 3.11224 218.908 661.653
210.276 60.4814 3.57544 3.1157 214.553 505.884
221.424 60.3024 3.59022 3.24662 130.637 352.325
223.909 60.7704 3.73196 3.21363 140.951 394.805
190.452 56.6011 3.64612 3.19365 62.3152 1695.52
202.009 59.0314 3.61477 3.2134 169.473 978.276
203.561 59.1953 3.59911 3.1701 194.652 894.72
204.771 59.3922 3.59177 3.16446 213.509 825.704
206.768 59.6524 3.57203 3.12265 178.981 717.241
212.597 59.9979 3.56111 3.03052 298.676 451.98
222.262 59.6304 3.62507 3.09466 128.927 440.381
223.04 60.1218 3.57181 3.34588 110.959 417.072
226.285 59.5898 3.69851 3.09885 71.4787 581.005
227.183 60.2114 3.71575 3.2459 180.8 572.911
212.566 65.1171 3.74762 3.10706 152.789 356.518
203.344 58.6774 3.59723 3.16301 151.316 938.895
204.113 58.2637 3.58742 3.12117 163.028 933.229
204.991 58.6484 3.58036 3.11457 158.144 866.429
206.355 58.9287 3.56035 3.0585 202.912 786.151
207.606 58.6097 3.56253 3.04507 209.633 757.548
213.66 59.4296 3.51206 2.97069 231.251 471.459
227.731 58.9601 3.70588 3.14578 56.1525 688.826
202.426 57.5673 3.58857 3.14734 155.908 1059.57
203.613 57.6397 3.57857 3.10409 151.97 1001.75
205.548 57.5665 3.56273 2.99917 102.599 925.455
224.26 58.4133 3.63148 3.17322 59.2087 614.698
225.482 58.2747 3.65483 3.25693 85.656 665.625
229.033 59.3946 3.73921 3.2873 139.822 710.837
197.939 55.703 3.61033 3.15168 83.0519 1402.51
200.447 56.2848 3.587 3.13002 75.6029 1245.16
223.768 57.9616 3.63264 3.21931 110.093 645.533
225.424 57.4688 3.65329 3.22107 76.7443 740.236
228.869 57.9128 3.67587 3.30862 55.6196 819.615
227.048 56.8144 3.66762 3.27015 53.5532 853.126
229.75 56.9811 3.64435 3.25535 64.5307 933.171
212.138 64.8735 3.81727 3.19747 130.54 357.785
210.428 68.6408 3.63962 3.11528 127.575 714.395
226.879 56.1146 3.67035 3.35401 90.3076 915.251
229.974 55.9154 3.67133 3.21833 40.9422 1036.43
228.385 55.3279 3.69337 3.29146 53.8159 1037.95
227.653 56.4191 3.67713 3.23664 85.3136 910.124
209.931 62.7622 4.11378 3.56788 313.56 419.921
211.063 63.7323 3.64587 3.18556 316.53 362.917
211.14 63.4057 3.63033 3.20916 242.037 355.401
218.547 60.1369 3.61318 3.01481 311.862 326.551
217.908 60.4896 3.62901 3.05367 134.376 286.988
217.507 60.403 3.60816 3.11502 106.293 298.377
216.296 60.3923 3.53642 2.97237 200.177 313.559
216.716 60.1205 3.57749 3.03994 158.807 336.754
215.271 60.5805 3.49558 2.91671 311.866 315.923
216.679 60.2805 3.56622 3.02553 203.4 319.86
217.659 60.602 3.61433 3.05736 209.167 275.456
216.749 60.4427 3.56034 2.99309 236.483 301.387
217.277 60.2474 3.65842 2.93533 40.8831 317.201
218.049 60.1785 3.61829 3.03969 90.1519 321.379
216.031 60.2361 3.54254 2.9724 226.852 334.683
218.652 60.2994 3.53733 2.93988 81.3272 308.886
219.217 60.1294 3.53235 3.06681 111.033 331.445
216.221 60.072 3.55708 3.00401 208.227 348.904
218.856 60.4399 3.53201 2.94976 87.7844 294.404
209.518 60.7352 3.57223 3.13689 158.354 523.09
209.518 60.7351 3.57215 3.13682 158.354 523.078
