# evlo=212.273804 evla=61.7929
194.627 64.5646 3.6263 3.22519 115.978 937.231
217.908 60.4896 3.59844 3.07193 161.04 336.33
217.654 61.036 3.54288 3.21615 162.066 299.322
217.507 60.403 3.63587 2.96664 132.194 321.842
218.338 61.0595 3.52634 3.21152 166.145 333.723
220.363 59.9534 3.60661 3.08824 158.249 484.453
216.716 60.1205 3.62019 2.87516 106.075 304.281
209.013 64.0997 3.65135 3.33148 184.157 305.721
209.094 59.7511 3.58122 3.23281 243.914 285.925
209.259 59.7417 3.58346 3.21587 238.909 281.441
210.701 64.1732 3.72458 3.30861 102.247 277.017
207.916 63.4188 3.57 3.13932 198.72 287.875
212.195 64.6453 3.61143 3.0391 162.605 317.968
204.378 55.8218 3.57062 2.98993 95.2163 805.419
200.411 54.831 3.55232 2.80069 89.718 1038.43
207.685 63.8827 3.58605 3.37049 144.201 329.897
208.763 59.5251 3.57472 3.10359 209.372 317.268
209.796 67.2269 3.60235 3.1893 84.5482 617.264
216.907 60.7523 3.58621 3.01856 144.412 274.197
218.66 60.9649 3.52566 3.18395 134.489 353.497
217.513 60.0823 3.6162 2.88035 94.3882 341.899
215.93 63.6482 3.58322 3.33192 212.829 278.752
196.582 54.8564 3.60622 3.14809 90.5068 1195.55
214.766 66.5657 3.63638 3.17265 132.712 545.58
188.296 63.7758 3.63623 3.19585 79.2826 1236.05
203.121 64.7461 3.65042 3.21517 130.184 564.418
216.679 60.2805 3.62862 2.89878 146.562 291.592
218.244 60.7315 3.54441 3.05353 139.308 341.36
213.052 64.4091 3.58058 3.09034 173.509 294.239
208.348 59.6572 3.52899 3.00269 160.033 320.079
217.659 60.6024 3.57923 3.02243 177.475 318.402
215.581 59.9268 3.56801 2.85988 78.0858 274.785
216.749 60.4427 3.62844 3.02483 157.713 284.224
217.639 60.9231 3.54644 3.15405 177.287 302.868
197.4 66.8951 3.66014 3.17476 41.5503 912.766
218.995 60.824 3.52228 3.12137 149.49 375.784
218.049 60.1785 3.6201 2.95696 134.994 360.523
217.533 61.1871 3.50795 3.18663 162.064 288.089
218.652 60.2994 3.601 3.01335 94.8984 382.48
219.217 60.1294 3.62157 3.02999 121.046 419.055
216.221 60.072 3.62814 2.93367 104.937 287.275
218.856 60.4399 3.58501 3.1041 159.927 385.308
207.417 57.7828 3.58456 3.01118 147.756 523.13
212.138 64.8736 3.60746 3.04435 125.666 343.462
198.929 70.2043 3.59922 3.07158 17.1792 1111.25
234.753 71.9871 3.699 3.12462 39.2061 1485.79
198.198 69.3641 3.61768 3.05476 30.4714 1059.89
202.84 70.0079 3.61425 3.12003 51.1542 1009.24
205.387 69.6211 3.62121 3.11322 38.378 927.016
206.58 70.34 3.61644 3.0524 39.545 986.283
194.656 68.2746 3.63067 3.16694 66.3479 1093.58
196.822 68.4753 3.61959 3.17213 58.5218 1034.21
198.806 68.6483 3.61122 3.1227 38.0667 986.22
200.413 69.1049 3.61554 3.10516 42.2365 979.863
209.387 69.836 3.62539 3.12164 78.3636 906.244
211.299 69.72 3.60037 3.1437 59.5784 884.993
215.088 69.9175 3.62955 3.07596 129.737 914.75
216.289 69.626 3.63082 3.07669 87.6928 892.178
196.917 67.6988 3.62658 3.15341 47.6827 979.257
201.885 68.4946 3.60239 3.04122 38.8498 889.57
207.318 68.8799 3.63675 2.9961 43.4089 822.562
209.319 68.9656 3.62782 3.18181 90.3319 811.219
211.177 69.1532 3.5993 3.1182 79.4746 822.203
213.625 69.322 3.63217 3.11985 136.156 841.758
219.035 69.243 3.62103 3.17551 65.3264 886.36
221.263 69.3286 3.64015 3.19175 88.5122 934.987
198.174 67.082 3.64348 3.1672 52.1253 895.765
199.397 67.4213 3.61995 3.25689 76.7409 876.341
202.768 67.4572 3.62877 3.16935 43.0223 776.357
203.811 68.2575 3.64215 3.1985 58.412 822.079
206.028 68.4414 3.61156 3.17006 42.4567 796.254
210.384 68.0584 3.60328 3.17741 93.5272 704.161
211.513 68.0748 3.65534 3.2275 69.5732 701.284
214.432 68.1207 3.63166 3.1366 147.956 712.716
218.405 68.1861 3.63186 3.24426 105.35 768.401
220.465 68.6043 3.64954 3.23059 130.426 849.142
222.103 68.3889 3.64606 3.16731 138.949 866.278
223.281 66.3701 3.66867 3.17301 121.126 738.88
193.671 65.4742 3.65452 3.14262 34.2604 1004.46
195.352 65.7077 3.65021 3.14815 52.276 938.436
198.75 66.442 3.64837 3.17506 65.8739 835.437
200.349 66.6001 3.63863 3.22446 54.9603 786.904
202.227 66.8332 3.63334 3.21699 59.0235 741.213
206.517 67.2221 3.63601 3.21996 99.6387 664.816
212.113 67.5187 3.65499 3.17516 122.502 638.397
214.357 67.5933 3.63584 3.16175 138.783 654.173
215.855 67.6946 3.6339 3.15911 112.544 679.431
220.128 67.6136 3.64105 3.18041 154.747 748.033
224.214 67.6106 3.6704 3.15409 87.0211 860.282
226.258 67.441 3.69669 3.15547 95.8569 915.017
195.961 64.9941 3.65237 3.18995 58.3776 886.827
197.645 65.3936 3.65557 3.17546 58.7454 826.963
199.349 65.5011 3.63543 3.12263 71.7654 760.076
201.346 65.895 3.62472 3.22873 69.6364 704.172
202.913 66.1434 3.63841 3.21016 77.2206 666.134
206.494 66.5156 3.65412 3.30626 102.922 596.332
208.493 66.9214 3.67812 3.21551 74.1129 599.935
209.976 66.7108 3.60992 3.17487 70.4257 559.362
212.525 66.7004 3.65864 3.18171 118.441 547.226
213.899 66.7653 3.6254 3.13338 112.378 559.841
216.215 66.9498 3.63988 3.20375 117.142 605.287
218.345 66.8088 3.61159 3.1919 187.255 631.041
221.978 66.9116 3.65562 3.15583 103.81 736.866
223.778 66.9808 3.68245 3.15521 122.731 799.304
225.729 66.9227 3.69666 3.15163 70.7128 862.539
197.761 64.6379 3.62541 3.16919 69.3257 793.581
200.087 64.937 3.64998 3.19223 89.7207 701.679
201.637 65.1527 3.64765 3.15738 70.3784 647.886
203.551 65.5276 3.61454 3.2517 111.941 598.992
205.119 65.4924 3.62861 3.21956 87.2135 543.197
207.195 65.6571 3.64129 3.22366 87.5653 498.171
208.623 65.8937 3.68506 3.316 126.968 490.973
210.457 65.8251 3.67009 3.17004 76.3049 458.264
212.122 65.8371 3.64358 3.14807 134.822 450.885
214.18 66.267 3.62123 3.06123 49.068 507.332
214.181 66.267 3.61795 3.16943 115.302 507.341
218.473 66.2305 3.61202 3.20795 238.948 579.63
221.631 66.2191 3.66075 3.17397 124.927 671.73
225.657 65.8052 3.6513 3.22228 94.4997 794.434
213.052 64.4091 3.58058 3.09034 173.509 294.239
199.305 63.8864 3.61946 3.00088 17.2549 699.275
205.522 64.7962 3.63206 3.10607 70.1412 475.752
208.018 65.18 3.66099 3.19624 63.2318 432.821
210.64 65.1479 3.73573 3.2694 125.531 382.717
216.846 65.3064 3.60415 3.20541 208.408 452.578
218.385 65.6035 3.62662 3.23211 230.115 520.832
220.064 65.4483 3.64917 3.18383 117.415 560.771
221.694 65.3609 3.65541 3.17105 154.636 613.01
223.623 65.2225 3.63872 3.20814 121.671 680.74
196.446 62.7492 3.63046 3.16309 103.997 826.708
199.398 63.2842 3.63936 3.1079 84.0753 681.975
200.922 63.3965 3.63052 3.05874 72.793 609.006
203.285 63.465 3.63611 3.03867 103.488 496.973
204.379 63.994 3.61637 3.15944 93.4264 470.07
205.853 64.1767 3.60163 3.27711 109.3 419.853
214.63 64.613 3.59907 3.18713 236.293 335.908
216.436 64.5012 3.5934 3.26037 266.49 367.499
221.784 64.453 3.61592 3.19725 102.194 563.262
221.784 64.4525 3.62366 3.20015 126.215 563.211
223.67 64.5753 3.62378 3.19634 119.302 650.972
195.344 61.9331 3.62492 3.20626 102.457 888.658
198.469 62.2938 3.61805 3.17253 127.135 723.077
201.699 62.7161 3.61871 3.17415 137.919 558.375
205.93 63.3569 3.65233 3.06622 156.082 369.563
217.924 64.0292 3.65315 3.20037 223.872 380.033
222.48 63.8433 3.62343 3.2316 204.247 567.545
197.317 61.3416 3.61538 3.1942 179.748 794.622
198.513 61.678 3.60985 3.18357 146.815 726.035
200.525 61.7105 3.59544 3.17499 162.51 619.828
201.703 62.1344 3.59935 3.16721 150.301 555.245
203.311 62.2195 3.58663 3.14843 151.562 471.536
205.146 62.1816 3.58086 3.10741 262.939 375.964
206.12 62.4787 3.57331 3.0878 248.866 329.837
218.173 63.0618 3.59656 3.13423 265.996 335.796
221.871 63.109 3.60509 3.14902 158.275 516.124
193.799 60.3849 3.62282 3.21593 134.77 1005.56
196.65 60.4135 3.61242 3.19493 135.233 854.338
198.04 60.7515 3.60488 3.16711 148.095 770.717
199.312 60.6947 3.60617 3.17153 191.464 705.408
201.041 61.0224 3.59326 3.18769 197.139 605.32
202.562 61.4009 3.57617 3.12656 191.241 516.926
204.176 61.4907 3.57393 3.12047 210.262 430.332
205.609 61.9037 3.55784 3.12909 286.978 351.048
206.868 61.8823 3.54843 3.2352 294.003 284.843
218.122 62.3579 3.50622 3.08504 324.097 311.98
221.538 62.4435 3.56551 3.13959 201.13 488.494
223.206 62.5763 3.60457 3.16013 191.204 575.32
225.609 62.2024 3.60662 3.14272 222.416 699.059
198.315 59.9237 3.61473 3.19844 140.234 784.992
199.908 60.1686 3.60834 3.17156 187.202 692.334
201.231 60.4742 3.60359 3.20248 173.571 612.04
202.813 60.5269 3.59045 3.21364 193.67 527.949
204.11 60.6801 3.58544 3.17912 267.486 455.271
205.516 60.8132 3.56176 3.12232 316.089 378.044
222.911 61.4593 3.5394 3.15759 205.501 564.804
224.22 61.4862 3.55125 3.17414 229.987 633.389
226.918 61.1512 3.57335 3.14268 195.117 782.174
198.736 59.2533 3.61124 3.16208 130.203 793.654
200.175 59.1767 3.5998 3.15071 169.554 724.85
201.907 59.5938 3.59901 3.13484 208.064 616.192
202.905 59.7733 3.58904 3.09109 262.866 557.112
204.792 59.8542 3.56278 3.05315 228.728 460.456
205.68 60.1952 3.55671 3.03415 244.179 398.544
207.376 60.0815 3.52446 2.96825 295.09 326.777
219.809 60.7718 3.493 3.00241 135.749 419.549
221.424 60.3024 3.52972 3.08809 141.148 521.008
223.909 60.7704 3.51863 3.0833 209.096 633.407
190.452 56.6011 3.65302 3.20895 54.0835 1365.94
202.009 59.0314 3.5991 3.11542 186.643 642.887
203.561 59.1953 3.57847 3.1252 218.328 558.926
204.771 59.3922 3.56603 3.09291 216.445 490.062
206.768 59.6524 3.53193 3.04543 250.087 383.428
222.262 59.6304 3.6194 3.15181 84.9133 595.392
223.04 60.1218 3.52569 3.01566 113.334 611.487
226.285 59.5898 3.57065 3.07236 165.347 802.014
227.183 60.2114 3.5611 3.11635 175.812 823.677
212.566 65.1171 3.60835 3.08889 167.24 370.831
203.344 58.6774 3.58709 3.17755 220.742 603.532
204.113 58.2637 3.58475 3.11626 172.524 600.559
204.991 58.6484 3.56926 3.11428 190.592 533.943
206.355 58.9287 3.5496 3.05382 237.574 456.33
207.606 58.6097 3.52852 2.90688 205.473 438.866
213.66 59.4296 3.71462 3.22777 83.4076 274.036
227.731 58.9601 3.59067 3.09849 100.843 906.556
202.426 57.5673 3.59937 3.15563 134.374 726.296
203.613 57.6397 3.56912 3.07652 113.47 671.048
205.548 57.5665 3.54001 2.97797 139.588 603.769
224.26 58.4133 3.60936 3.20445 49.9967 764.086
225.482 58.2747 3.60186 3.23484 41.3548 831.993
229.033 59.3946 3.58797 3.10545 222.475 953.368
197.939 55.703 3.61099 3.16656 101.602 1067.88
200.447 56.2848 3.59615 3.12915 92.3048 912.684
223.768 57.9616 3.66528 3.09536 92.1051 770.741
225.424 57.4688 3.67724 3.1754 88.6412 882.141
228.869 57.9128 3.55671 2.96669 59.3192 1021.85
227.048 56.8144 3.69963 3.22728 62.8647 1004.39
229.75 56.9811 3.60225 3.16387 44.7541 1123.63
212.138 64.8735 3.62333 3.00807 81.5331 343.451
210.428 68.6408 3.59372 3.14799 87.1778 768.291
226.879 56.1146 3.72012 3.18844 63.2884 1048.08
228.385 55.3279 3.72286 3.26272 58.6873 1177.01
227.653 56.4191 3.70165 3.26245 58.5918 1061.2
217.908 60.4896 3.59844 3.07193 161.04 336.33
217.507 60.403 3.63587 2.96664 132.194 321.842
218.338 61.0595 3.5264 3.21157 166.145 333.729
216.716 60.1205 3.62019 2.87516 106.075 304.281
216.679 60.2805 3.62862 2.89878 146.562 291.592
218.244 60.7315 3.54441 3.05353 139.308 341.36
217.659 60.602 3.57919 3.0224 177.475 318.398
216.749 60.4427 3.62844 3.02483 157.713 284.224
217.639 60.9231 3.54632 3.15394 177.287 302.858
218.995 60.8241 3.52224 3.12134 149.49 375.78
218.049 60.1785 3.6201 2.95696 134.994 360.523
217.533 61.187 3.50811 3.18678 162.064 288.102
218.652 60.2994 3.601 3.01335 94.8984 382.48
219.217 60.1294 3.62157 3.02999 121.046 419.055
216.221 60.072 3.62814 2.93367 104.937 287.275
218.856 60.4399 3.58501 3.1041 159.927 385.308
