# evlo=198.039993 evla=60.751499
194.627 64.5646 3.63591 3.1647 99.6733 459.445
217.908 60.4896 3.58938 3.09035 121.595 1084.07
217.654 61.036 3.57634 3.10633 126.957 1061.28
217.507 60.403 3.59339 3.08856 88.6562 1064.06
218.338 61.0595 3.5709 3.09094 104.905 1097.64
220.363 59.9534 3.60273 3.07913 104.013 1229.57
216.3 60.3932 3.60601 3.11336 82.257 998.798
225.144 58.5792 3.67426 3.18839 57.1337 1535.31
216.716 60.1205 3.61929 3.09006 63.6787 1027.28
215.395 60.9677 3.57862 3.07121 124.436 940.72
209.013 64.0997 3.69803 3.23037 142.044 677.329
209.094 59.7511 3.64965 3.17331 120.688 621.396
209.259 59.7417 3.65169 3.16169 125.647 630.621
210.701 64.1732 3.69223 3.26753 111.272 754.579
208.846 60.7683 3.62328 3.22741 123.543 588.437
207.916 63.4188 3.69921 3.23085 196.148 594.613
212.195 64.6453 3.69962 3.30552 105.026 841.951
200.411 54.831 3.6978 3.18991 51.9514 674.178
207.685 63.8827 3.70133 3.1895 136.642 608.843
208.763 59.5251 3.65896 3.16542 142.257 610.545
209.796 67.2269 3.70659 3.22022 82.5677 920.061
216.907 60.7523 3.58485 3.08451 121.737 1025.28
218.66 60.9649 3.57341 3.10623 128.2 1116.29
209.738 62.4058 3.65198 3.23788 173.685 647.114
217.513 60.0823 3.59881 3.05881 62.8617 1071.51
212.624 63.0753 3.6624 3.22005 175.107 806.824
214.225 61.1292 3.57824 3.09032 137.64 876.14
215.93 63.6482 3.67127 3.19728 85.5787 981.739
214.25 60.5487 3.60362 3.1174 119.968 884.748
196.582 54.8564 3.69696 3.18338 73.799 662.211
213.401 60.7277 3.58802 3.10595 106.674 836.049
209.784 61.1426 3.59318 3.16123 149.378 637.101
214.766 66.5657 3.71916 3.27304 57.9215 1046.23
188.296 63.7758 3.70356 3.32342 103.614 607.113
203.121 64.7461 3.7237 3.36182 142.143 515.058
211.074 61.771 3.6161 3.1632 138.478 707.359
216.188 61.4417 3.58657 3.13329 132.232 978.765
212.904 60.8792 3.58636 3.09586 143.228 807.317
215.271 60.5805 3.59393 3.09741 120.545 939.576
216.679 60.2805 3.61295 3.1299 69.4876 1021.71
218.244 60.7315 3.58765 3.12392 121.17 1097.72
213.052 64.4091 3.68348 3.25037 103.422 869.714
213.497 60.396 3.61732 3.16022 119.807 846.457
215.738 60.3351 3.61556 3.12247 78.1743 969.453
208.348 59.6572 3.66471 3.17476 129.946 583.866
217.659 60.6024 3.59021 3.08869 107.458 1068.46
215.581 59.9268 3.63252 3.17465 85.2499 970.179
216.749 60.4427 3.59678 3.11361 84.0184 1022.2
217.639 60.9231 3.58348 3.103 157.596 1062.1
214.077 61.4924 3.58931 3.11867 163.806 866.122
211.542 61.4131 3.57984 3.11925 161.513 731.032
197.4 66.8951 3.66561 3.32334 66.9917 685.567
209.077 63.5527 3.69559 3.24602 140.297 653.448
218.995 60.824 3.57982 3.10622 133.621 1136.56
216.976 61.3836 3.57512 3.11204 116.765 1021.21
211.063 63.7318 3.67516 3.21671 139.661 752.216
218.049 60.1785 3.59037 3.03759 77.4683 1098.39
216.031 60.2361 3.61896 3.10816 71.1894 987.445
217.533 61.1871 3.57361 3.11473 147.498 1052.92
218.652 60.2994 3.59082 3.08408 74.3251 1128.33
211.14 63.4056 3.67183 3.21605 168.205 744.077
219.217 60.1294 3.5971 3.06734 138.641 1162.92
216.221 60.072 3.62707 3.1056 59.1247 1001.49
218.856 60.4399 3.59207 3.0975 91.6118 1136.32
216.546 61.2275 3.57916 3.10279 174.726 999.66
207.417 57.7828 3.61701 3.09364 133.8 627.882
212.138 64.8736 3.70974 3.32743 143.524 850.415
198.929 70.2043 3.63309 3.10889 114.263 1054.75
203.383 71.3221 3.63114 3.0282 78.1 1202.18
205.026 71.0033 3.6612 3.06021 54.9197 1184.84
198.198 69.3641 3.64831 3.15738 118.326 960.265
202.84 70.0079 3.6419 3.06352 63.029 1055.13
205.387 69.6211 3.63855 3.13726 101.751 1045.33
206.58 70.34 3.6369 3.17645 132.822 1137.04
194.656 68.2746 3.65069 3.25335 42.2706 853.988
196.822 68.4753 3.66475 3.24 110.154 863.02
198.806 68.6483 3.64532 3.16413 107.848 881.13
200.413 69.1049 3.64283 3.07671 90.8568 937.884
205.217 69.1565 3.64413 3.14129 96.0758 994.972
209.387 69.836 3.66082 3.16969 129.5 1138.66
211.299 69.72 3.65281 3.12602 76.9108 1170.9
216.289 69.626 3.66579 3.21078 67.3668 1297.2
235.93 69.3475 3.75159 3.28361 53.2529 1979.89
196.917 67.6988 3.66505 3.29546 100.51 776.368
201.885 68.4946 3.66311 3.11981 78.5124 882.2
203.387 68.7132 3.6555 3.11596 94.0986 922.625
207.318 68.8799 3.66834 3.2389 115.834 1005.17
209.319 68.9656 3.65923 3.12763 94.658 1056.82
211.177 69.1532 3.65276 3.11282 61.6764 1118.62
221.263 69.3286 3.69913 3.19644 44.1073 1436.92
198.174 67.082 3.65864 3.27376 134.473 705.725
199.397 67.4213 3.68002 3.22444 84.8452 746.432
202.768 67.4572 3.66594 3.23432 119.448 781.722
203.811 68.2575 3.65837 3.20947 103.941 880.634
206.028 68.4414 3.66203 3.30666 127.943 936.994
208.187 68.1343 3.68026 3.18879 79.4958 954.466
210.384 68.0584 3.67094 3.20117 88.239 1004.99
211.513 68.0748 3.68679 3.23068 57.7675 1038.63
218.405 68.1861 3.70963 3.24711 81.836 1272.68
220.465 68.6043 3.72122 3.22168 52.3277 1369.35
222.103 68.3889 3.71485 3.26761 82.9673 1418.26
223.281 66.3701 3.71648 3.25172 75.4328 1388.9
193.671 65.4742 3.6494 3.30504 124.679 570.409
195.352 65.7077 3.69839 3.27784 68.9674 568.604
198.75 66.442 3.67209 3.26102 137.423 635.29
200.349 66.6001 3.70516 3.18281 124.475 661.777
202.227 66.8332 3.6774 3.24737 143.12 708.284
204.275 67.0486 3.66955 3.3516 160.339 764.954
206.517 67.2221 3.69057 3.2586 92.3491 830.526
207.821 67.5076 3.69729 3.19753 74.9694 888.891
212.113 67.5187 3.7062 3.30487 88.6406 1014.55
214.357 67.5933 3.71465 3.29607 127.501 1094.36
215.855 67.6946 3.71652 3.24847 99.129 1152.97
220.128 67.6136 3.71872 3.32071 93.7027 1306.78
224.214 67.6106 3.72019 3.289 86.576 1467.83
226.258 67.441 3.72965 3.28115 71.1686 1545.77
195.961 64.9941 3.68425 3.37258 106.684 484.499
197.645 65.3936 3.66375 3.27746 147.972 517.802
199.349 65.5011 3.68517 3.23825 137.259 533.477
201.346 65.895 3.68089 3.25904 145.846 596.579
202.913 66.1434 3.66932 3.32003 179.537 647.883
206.494 66.5156 3.71993 3.24287 86.8363 765.68
208.493 66.9214 3.70506 3.22978 79.2976 856.555
209.976 66.7108 3.72 3.29281 92.7661 885.329
212.525 66.7004 3.71684 3.26701 82.8633 971.42
213.899 66.7653 3.72415 3.26146 106.637 1025.36
216.215 66.9498 3.71978 3.26898 106.21 1122.93
218.345 66.8088 3.71822 3.31793 81.4765 1199.08
221.978 66.9116 3.71907 3.27431 77.873 1351.3
223.778 66.9808 3.72038 3.26174 96.5262 1428.58
225.729 66.9227 3.7242 3.25267 80.969 1509.12
197.761 64.6379 3.65276 3.24841 163.968 433.399
200.087 64.937 3.67883 3.23245 169.751 477.964
201.637 65.1527 3.68061 3.23416 138.844 523.222
203.551 65.5276 3.70841 3.33772 163.285 600.019
205.119 65.4924 3.72666 3.30574 121.718 637.026
207.195 65.6571 3.71401 3.27317 131.019 713.574
208.623 65.8937 3.70992 3.32445 125.526 778.92
210.457 65.8251 3.7242 3.32343 77.1009 838.729
212.122 65.8371 3.73226 3.27721 166.389 902.276
214.181 66.267 3.72253 3.26481 80.4805 1006.93
218.473 66.2305 3.71783 3.30542 101.388 1179.09
221.631 66.2191 3.71469 3.275 86.2614 1313.06
225.657 65.8052 3.70483 3.24268 66.1769 1480.93
214.843 62.3987 3.63436 3.21821 123.815 908.608
213.052 64.4091 3.68348 3.25037 103.422 869.714
199.305 63.8864 3.66987 3.27426 217.795 355.471
205.522 64.7962 3.73129 3.28051 113.438 590.155
208.018 65.18 3.73142 3.32735 121.393 705.527
210.64 65.1479 3.72346 3.2603 153.197 803.336
216.846 65.3064 3.70938 3.2857 106.055 1073.14
218.385 65.6035 3.70753 3.27988 92.4317 1151.38
220.064 65.4483 3.69899 3.2567 76.4993 1220.78
221.694 65.3609 3.69581 3.25027 82.8072 1292.01
223.623 65.2225 3.68839 3.24318 121.49 1377.56
199.398 63.2842 3.66315 3.25517 229.717 291.062
200.922 63.3965 3.73672 3.29977 145.541 330.97
203.285 63.465 3.72173 3.25119 182.353 407.716
204.379 63.994 3.72457 3.34607 172.779 487.642
205.853 64.1767 3.70803 3.39801 197.982 554.518
214.63 64.613 3.68704 3.26675 131.646 948.724
216.436 64.5012 3.67919 3.22412 122.447 1027.65
221.784 64.453 3.68269 3.22243 55.8167 1278.45
221.784 64.4525 3.67438 3.23551 70.7344 1278.41
223.67 64.5753 3.67389 3.21521 95.4421 1369.99
201.699 62.7161 3.72378 3.2343 177.128 292.02
205.93 63.3569 3.69279 3.21288 188.963 504.053
214.222 63.8036 3.67297 3.18368 125.968 903.29
217.924 64.0292 3.66887 3.21753 113.799 1086.08
222.48 63.8433 3.67666 3.22386 112.808 1305.04
203.311 62.2195 3.68822 3.24844 263.409 324.888
205.146 62.1816 3.67008 3.28133 262.578 410.703
206.12 62.4787 3.68513 3.31039 206.189 469.527
216.652 63.0254 3.65061 3.21593 157.936 1007.12
218.173 63.0618 3.65468 3.21037 141.58 1084.08
221.871 63.109 3.66153 3.24509 91.8457 1270.95
204.176 61.4907 3.65527 3.32493 246.265 340.69
205.609 61.9037 3.65329 3.28367 218.819 424.852
206.868 61.8823 3.64512 3.26184 191.985 488.976
209.88 61.7531 3.61002 3.13791 199.934 644.301
212.274 61.7929 3.60488 3.16711 148.095 770.717
213.825 62.1067 3.62264 3.2032 184.046 853.729
217.004 62.4013 3.60987 3.21736 138.545 1020.18
218.122 62.3579 3.60957 3.20938 130.81 1077.93
221.538 62.4435 3.63064 3.19952 89.0722 1254.41
223.206 62.5763 3.6441 3.22698 79.6286 1339.75
225.609 62.2024 3.63972 3.22381 72.3745 1466.82
204.11 60.6801 3.62827 3.1602 169.706 331.357
205.516 60.8132 3.62723 3.20246 177.168 407.122
207.791 61.2001 3.62006 3.19628 135.047 529.871
215.402 61.6061 3.59466 3.13623 164.989 936.134
222.911 61.4593 3.5848 3.12721 116.642 1335.42
224.22 61.4862 3.59536 3.14562 127.443 1404.1
226.918 61.1512 3.60138 3.13369 96.0082 1552.82
202.905 59.7733 3.67938 3.09969 173.803 290.465
204.792 59.8542 3.68954 3.19583 159.428 386.273
205.68 60.1952 3.65615 3.19121 161.831 424.499
207.376 60.0815 3.65506 3.21364 142.926 519.32
210.276 60.4814 3.61373 3.1572 147.179 669.724
219.809 60.7718 3.57116 3.09995 152.747 1181.26
221.424 60.3024 3.57843 3.08262 94.9481 1278.22
223.909 60.7704 3.57843 3.1152 153.995 1401.09
190.452 56.6011 3.67645 3.22771 132.185 637.617
202.009 59.0314 3.57382 3.14847 141.71 293.35
203.561 59.1953 3.59843 3.12343 109.431 353.544
204.771 59.3922 3.67214 3.14785 103.583 403.975
206.768 59.6524 3.69626 3.23032 121.737 498.891
212.597 59.9979 3.63964 3.14634 123.825 805.766
222.262 59.6304 3.61694 3.11934 124.079 1341.84
223.04 60.1218 3.57299 3.06623 114.825 1370.03
226.285 59.5898 3.59755 3.10006 113.999 1561.07
227.183 60.2114 3.59598 3.12061 140.197 1590.42
212.566 65.1171 3.71491 3.3044 123.193 880.6
203.344 58.6774 3.63683 3.27424 118.105 377.323
204.113 58.2637 3.64141 3.19392 98.1235 441.401
204.991 58.6484 3.61612 3.29855 109.856 455.827
206.355 58.9287 3.6503 3.17435 109.765 508.085
207.606 58.6097 3.62123 3.21106 102.48 588.664
213.66 59.4296 3.64909 3.13998 95.4123 879.42
227.731 58.9601 3.61378 3.08606 42.7521 1661.34
205.548 57.5665 3.648 3.11348 76.6434 556.527
229.033 59.3946 3.60693 3.13484 153.446 1715.97
197.939 55.703 3.68339 3.26663 136.323 562.34
200.447 56.2848 3.67119 3.07 54.8234 516.833
225.424 57.4688 3.74091 3.40674 50.2259 1598.2
228.869 57.9128 3.69499 3.26096 37.6868 1765.9
227.048 56.8144 3.75329 3.45725 32.229 1718.42
212.138 64.8735 3.70429 3.32082 58.632 850.402
210.428 68.6408 3.66568 3.12936 76.9502 1055.39
209.931 62.7622 3.2154 2.47281 106.68 665.628
211.063 63.7323 3.67537 3.21689 139.661 752.259
211.14 63.4057 3.67186 3.21607 168.205 744.082
218.547 60.1369 3.91873 3.71336 120.572 1126.38
217.908 60.4896 3.58938 3.09035 121.595 1084.07
217.507 60.403 3.59339 3.08856 88.6562 1064.06
218.338 61.0595 3.57092 3.09096 104.905 1097.65
216.296 60.3923 3.60541 3.11284 82.257 998.631
216.716 60.1205 3.61929 3.09006 63.6787 1027.28
215.271 60.5805 3.59393 3.09741 120.545 939.576
216.679 60.2805 3.61295 3.1299 69.4876 1021.71
218.244 60.7315 3.58765 3.12392 121.17 1097.72
217.659 60.602 3.59015 3.08864 107.458 1068.44
216.749 60.4427 3.59678 3.11361 84.0184 1022.2
217.639 60.9231 3.58344 3.10297 157.596 1062.09
218.995 60.8241 3.57982 3.10622 133.621 1136.56
216.976 61.3836 3.57512 3.11204 116.765 1021.21
218.049 60.1785 3.59037 3.03759 77.4683 1098.39
216.031 60.2361 3.61896 3.10816 71.1894 987.445
217.533 61.187 3.57365 3.11477 147.498 1052.93
218.652 60.2994 3.59082 3.08408 74.3251 1128.33
219.217 60.1294 3.5971 3.06734 138.641 1162.92
216.221 60.072 3.62707 3.1056 59.1247 1001.49
218.856 60.4399 3.59207 3.0975 91.6118 1136.32
216.546 61.2275 3.57916 3.10279 174.726 999.66
209.518 60.7352 3.6128 3.11419 32.3793 625.239
209.518 60.7351 3.61293 3.1143 32.3793 625.262
