# evlo=223.206497 evla=62.576302
194.627 64.5646 3.70863 3.24607 78.4626 1424.46
217.908 60.4896 3.55506 3.10247 273.561 365.197
217.654 61.036 3.56731 3.13172 282.568 339.242
217.507 60.403 3.55085 3.08146 182.937 388.156
218.338 61.0595 3.56168 3.17827 314.712 307.178
220.363 59.9534 3.58389 3.0108 208.028 329.629
216.3 60.3932 3.56986 3.06519 194.951 440.798
225.144 58.5792 3.66238 3.20885 167.406 457.805
216.716 60.1205 3.55621 3.05989 215.49 441.849
215.395 60.9677 3.57091 3.10095 198.846 449.28
209.013 64.0997 3.67831 3.2672 155.788 729.235
209.094 59.7511 3.59466 3.09801 172.436 820.186
209.259 59.7417 3.59257 3.10681 182.743 812.557
210.701 64.1732 3.68711 3.26343 170.206 649.183
208.846 60.7683 3.55736 3.07615 178.765 784.928
207.916 63.4188 3.66838 3.25285 212.372 778.666
212.195 64.6453 3.7278 3.33385 150.592 592.014
204.378 55.8218 3.64998 3.2061 73.4644 1305.19
200.411 54.831 3.60361 3.07087 122.612 1565.11
207.685 63.8827 3.67859 3.27452 165.572 791.734
208.763 59.5251 3.59367 3.10624 128.92 848.764
209.796 67.2269 3.70284 3.17238 61.0116 816.865
216.907 60.7523 3.56708 3.11047 223.277 390.476
218.66 60.9649 3.55499 3.18724 310.83 299.654
209.738 62.4058 3.63282 3.31979 175.559 693.365
217.513 60.0823 3.5574 3.0682 230.778 412.271
212.624 63.0753 3.6533 3.34527 215.039 541.668
214.225 61.1292 3.57146 3.06193 168.09 499.129
215.93 63.6482 3.67403 3.35843 173.822 385.982
214.25 60.5487 3.58592 3.08227 274.965 526.334
196.582 54.8564 3.59618 3.08207 71.3505 1748.06
213.401 60.7277 3.56653 3.07124 155.944 558.278
209.784 61.1426 3.5734 3.09426 200.105 722.981
214.766 66.5657 3.7532 3.20196 52.3773 600.253
188.296 63.7758 3.71692 3.27108 42.0003 1741.32
203.121 64.7461 3.69686 3.28049 107.5 1018.95
211.074 61.771 3.61194 3.16922 195.727 637.464
216.188 61.4417 3.59249 3.05938 265.997 388.565
212.904 60.8792 3.56082 3.10606 195.006 575.79
215.271 60.5805 3.58268 3.10685 163.541 476.182
216.679 60.2805 3.56378 3.04741 236.932 431.933
218.244 60.7315 3.54869 3.15273 270.235 333.635
213.052 64.4091 3.70972 3.31039 150.048 544.819
213.497 60.396 3.57631 3.08116 174.479 570.8
215.738 60.3351 3.5735 3.07923 191.365 469.715
208.348 59.6572 3.58504 3.10428 126.696 862.038
217.659 60.6024 3.56323 3.09915 268.798 367.43
225.615 58.2758 3.66951 3.29794 116.449 497.1
215.581 59.9268 3.55513 3.09116 171.192 504.175
216.749 60.4427 3.56595 3.02943 278.089 417.699
217.639 60.9231 3.56552 3.14183 352.453 346.859
214.077 61.4924 3.58264 3.09064 221.73 492.385
211.542 61.4131 3.58686 3.10399 301.969 624
197.4 66.8951 3.72117 3.30131 30.1983 1308.54
209.077 63.5527 3.66939 3.25571 192.983 721.127
218.995 60.824 3.53724 3.13703 364.56 296.185
216.976 61.3836 3.59509 3.05712 291.339 352.509
211.063 63.7318 3.669 3.27842 205.454 624.497
218.049 60.1785 3.5481 3.08193 225.697 383.734
216.031 60.2361 3.56032 3.07253 231.23 463.189
217.533 61.1871 3.58242 3.08017 321.503 336.051
218.652 60.2994 3.54838 3.09415 164.525 351.181
211.14 63.4056 3.66108 3.26327 272.145 617.634
219.217 60.1294 3.54745 3.04139 322.545 346.151
216.221 60.072 3.55475 3.06178 257.119 466.323
218.856 60.4399 3.53772 3.08318 243.371 332.036
216.546 61.2275 3.58715 3.08215 328.022 380.821
207.417 57.7828 3.59571 3.06971 108.633 1022.23
212.138 64.8736 3.73424 3.28673 143.922 602.825
203.383 71.3221 3.65462 3.0294 58.8612 1292.4
205.026 71.0033 3.64579 3.06658 38.4668 1224.14
234.753 71.9871 3.80685 3.26277 68.1415 1156.94
206.58 70.34 3.64118 3.07621 39.2586 1132.15
194.656 68.2746 3.68189 3.1564 53.0026 1452.05
198.806 68.6483 3.65412 3.0852 39.3209 1299.69
205.217 69.1565 3.66284 3.0923 33.7817 1093.69
209.387 69.836 3.63665 3.10209 54.619 1016.18
211.299 69.72 3.63635 3.10833 66.1238 957.33
215.088 69.9175 3.65493 3.13116 64.5859 894.543
216.289 69.626 3.65557 3.1216 72.83 844.819
235.93 69.3475 3.75597 3.20593 159.744 947.307
196.917 67.6988 3.66589 3.20352 25.473 1345.95
201.885 68.4946 3.65711 3.14435 35.1978 1176.62
207.318 68.8799 3.68513 3.23057 37.5297 1007.14
209.319 68.9656 3.63906 3.12951 39.4835 950.803
211.177 69.1532 3.63363 3.10976 57.2567 912.756
213.625 69.322 3.64444 3.10848 92.4101 867.126
219.035 69.243 3.65789 3.13988 60.5359 766.851
221.263 69.3286 3.65555 3.08562 62.6536 757.995
198.174 67.082 3.73892 3.2954 39.4617 1279.03
199.397 67.4213 3.69322 3.22225 40.4073 1235.96
202.768 67.4572 3.68503 3.1862 57.1947 1099.21
203.811 68.2575 3.67046 3.18259 41.3152 1093.59
208.187 68.1343 3.68351 3.16103 26.8533 929.881
211.513 68.0748 3.67417 3.18635 49.9019 817.598
214.432 68.1207 3.65025 3.17704 70.9626 739.461
218.405 68.1861 3.67962 3.12991 91.1856 663.661
220.465 68.6043 3.66611 3.23996 72.2809 683.751
222.103 68.3889 3.65988 3.09904 72.0251 650.086
223.281 66.3701 3.65743 3.05645 87.6334 422.964
193.671 65.4742 3.68275 3.2638 60.9777 1464.93
195.352 65.7077 3.68363 3.33091 55.4527 1387.54
198.75 66.442 3.71462 3.35704 61.9653 1241.64
200.349 66.6001 3.7169 3.37757 65.6186 1174.78
202.227 66.8332 3.73245 3.33152 93.4423 1100.33
204.275 67.0486 3.69585 3.16986 52.2057 1022.5
206.517 67.2221 3.68261 3.18525 84.1893 940.34
207.821 67.5076 3.68705 3.18247 55.184 905.567
212.113 67.5187 3.69918 3.23385 46.1162 757.201
214.357 67.5933 3.67399 3.21566 86.3636 695.801
215.855 67.6946 3.6556 3.18453 85.9014 665.891
220.128 67.6136 3.68057 3.22394 79.487 579.79
224.214 67.6106 3.70735 3.08771 71.2502 563.267
226.258 67.441 3.75186 3.18924 95.2093 560.976
195.961 64.9941 3.70142 3.20737 41.463 1358.83
197.645 65.3936 3.68807 3.23494 36.7331 1280.43
201.346 65.895 3.68765 3.28361 48.6605 1116.46
202.913 66.1434 3.7076 3.31466 74.4356 1051.89
206.494 66.5156 3.71865 3.32251 82.5718 910.164
208.493 66.9214 3.69535 3.18398 71.0771 848.506
212.525 66.7004 3.74177 3.2033 52.1547 685.573
213.899 66.7653 3.71196 3.23115 50.6811 643.478
218.345 66.8088 3.66455 3.14975 134.845 525.446
221.978 66.9116 3.70775 3.14973 52.6259 486.841
223.778 66.9808 3.6926 3.1387 100.662 491.8
225.729 66.9227 3.73703 3.12991 95.3032 499.138
197.761 64.6379 3.70692 3.23761 60.6204 1274.2
200.087 64.937 3.70222 3.2324 64.3278 1163.91
201.637 65.1527 3.71776 3.30327 50.0327 1092.72
203.551 65.5276 3.72549 3.24877 44.9554 1009.85
205.119 65.4924 3.72456 3.24442 55.0165 937.828
207.195 65.6571 3.73612 3.29505 98.0932 849.384
208.623 65.8937 3.71224 3.28678 92.3779 795.837
210.457 65.8251 3.70779 3.26656 86.8146 715.617
212.122 65.8371 3.70804 3.25255 86.7475 648.212
214.181 66.267 3.71316 3.17253 37.4073 597.692
218.473 66.2305 3.67616 3.10096 88.1321 466.674
221.631 66.2191 3.67314 3.08984 85.0701 413.126
225.657 65.8052 3.72697 3.13933 160.112 379.081
214.843 62.3987 3.6355 3.25548 263.005 431.355
213.052 64.4091 3.70972 3.31039 150.048 544.819
199.305 63.8864 3.68304 3.26006 82.9978 1203.17
205.522 64.7962 3.71312 3.32695 66.1991 905.969
210.64 65.1479 3.72944 3.30417 119.387 679.661
216.846 65.3064 3.73807 3.33368 68.1831 435.393
218.385 65.6035 3.70701 3.12405 119.209 411.085
220.064 65.4483 3.65674 3.15378 99.8688 355.033
221.694 65.3609 3.62485 3.21253 160.809 319.118
223.623 65.2225 3.70685 3.12442 157.679 295.695
196.446 62.7492 3.66614 3.25953 74.1457 1361.92
199.398 63.2842 3.6739 3.26608 78.0189 1204.9
200.922 63.3965 3.6724 3.27743 78.7301 1127.66
203.285 63.465 3.67569 3.263 78.1347 1009.49
204.379 63.994 3.68418 3.24451 118.222 954.216
205.853 64.1767 3.68813 3.24105 139.804 883.177
214.63 64.613 3.70911 3.30738 145.199 481.929
216.436 64.5012 3.72291 3.18784 185.075 398.969
195.344 61.9331 3.6654 3.24908 54.4389 1438.21
198.469 62.2938 3.66499 3.26078 120.782 1270.23
201.699 62.7161 3.66221 3.27151 113.581 1098.03
205.93 63.3569 3.66816 3.27703 164.093 878.049
214.222 63.8036 3.68634 3.31829 222.301 472.104
217.924 64.0292 3.72571 3.3087 183.29 310.335
197.317 61.3416 3.65769 3.25482 120.819 1356.06
198.513 61.678 3.65871 3.25184 113.245 1284.44
200.525 61.7105 3.6504 3.24299 122.122 1180.63
201.703 62.1344 3.64939 3.24613 124.561 1109.53
203.311 62.2195 3.64328 3.2454 112.553 1025.53
205.146 62.1816 3.62863 3.22752 206.67 932.554
206.12 62.4787 3.62725 3.23547 185.295 877.272
216.652 63.0254 3.6719 3.36473 278.557 337.958
193.799 60.3849 3.65836 3.26138 90.807 1571.77
196.65 60.4135 3.64638 3.20609 57.7116 1424.29
198.04 60.7515 3.6441 3.22698 79.6286 1339.75
199.312 60.6947 3.6376 3.23558 75.2541 1276.55
201.041 61.0224 3.63251 3.21229 88.3962 1175.82
202.562 61.4009 3.63163 3.20659 83.8941 1085.26
204.176 61.4907 3.62668 3.20423 85.5192 999.678
205.609 61.9037 3.62175 3.21387 143.887 915.037
206.868 61.8823 3.63311 3.26308 148.723 850.863
209.88 61.7531 3.62064 3.19975 229.998 699.288
212.274 61.7929 3.60457 3.16013 191.204 575.32
213.825 62.1067 3.61285 3.19598 279.206 488.433
217.004 62.4013 3.65559 3.30833 315.018 320.267
198.315 59.9237 3.61602 3.17289 57.8003 1359.35
199.908 60.1686 3.60822 3.17315 84.4834 1266.94
201.231 60.4742 3.6051 3.17405 90.9688 1186.43
202.813 60.5269 3.5937 3.14056 68.3864 1103.06
204.11 60.6801 3.59947 3.16942 98.6081 1030.52
205.516 60.8132 3.58685 3.14695 184.932 953.362
207.791 61.2001 3.5843 3.13018 162.252 822.986
215.402 61.6061 3.58444 3.05983 274.594 421.53
198.736 59.2533 3.60916 3.17471 135.492 1368.89
200.175 59.1767 3.60473 3.16855 124.215 1299.05
201.907 59.5938 3.59912 3.16928 150.392 1190.24
202.905 59.7733 3.59425 3.1574 147.668 1130.81
204.792 59.8542 3.58286 3.1129 180.667 1030.95
205.68 60.1952 3.57742 3.12125 171.549 970.221
207.376 60.0815 3.55853 3.06212 188.358 889.425
210.276 60.4814 3.57838 3.07392 207.157 725.034
190.452 56.6011 3.63445 3.1936 63.1519 1941.09
202.009 59.0314 3.59922 3.15184 144.397 1213.12
203.561 59.1953 3.59232 3.12615 177.61 1126.05
204.771 59.3922 3.58679 3.10672 141.655 1054.79
206.768 59.6524 3.56919 3.08189 136.926 941.064
212.597 59.9979 3.58399 3.11014 173.543 636.282
222.262 59.6304 3.69944 3.25585 165.796 332.184
223.04 60.1218 3.69945 3.33656 163.048 273.662
226.285 59.5898 3.68707 3.38389 120.971 371.861
227.183 60.2114 3.82301 3.13083 124.15 338.39
212.566 65.1171 3.72983 3.30275 137.457 594.155
203.344 58.6774 3.59591 3.1514 135.583 1164.96
204.113 58.2637 3.58741 3.0899 126.608 1150.73
204.991 58.6484 3.58759 3.09026 88.9778 1084.55
206.355 58.9287 3.57944 3.11578 113.671 1000.92
207.606 58.6097 3.58808 3.06776 143.097 959.013
213.66 59.4296 3.57951 3.08381 204.002 623.302
227.731 58.9601 3.69202 3.32639 80.5639 472.148
202.426 57.5673 3.5991 3.12899 99.9772 1276.97
203.613 57.6397 3.58995 3.11625 82.8332 1214.09
205.548 57.5665 3.57721 3.06358 74.863 1125.34
224.26 58.4133 3.66432 3.22196 79.2504 467.429
225.482 58.2747 3.67481 3.29204 88.9202 495.319
229.033 59.3946 3.7818 3.04431 40.3267 474.153
197.939 55.703 3.59331 3.13355 61.3396 1621.66
200.447 56.2848 3.59128 3.08393 55.492 1458.62
223.768 57.9616 3.65967 3.24224 111.57 515.087
225.424 57.4688 3.68479 3.30072 106.163 582.227
228.869 57.9128 3.72296 3.26451 89.6818 606.398
227.048 56.8144 3.69279 3.28979 76.7754 677.082
229.75 56.9811 3.69339 3.25533 57.9035 722.854
212.138 64.8735 3.73872 3.3026 108.873 602.83
210.428 68.6408 3.66883 3.19378 67.6862 893.334
226.879 56.1146 3.69983 3.29857 64.6021 749.25
229.974 55.9154 3.66659 3.18677 25.1308 835.476
228.385 55.3279 3.69844 3.33927 69.2696 860.014
227.653 56.4191 3.68155 3.29802 103.47 730.299
209.931 62.7622 3.72242 3.73672 155.555 679.424
211.063 63.7323 3.66889 3.27832 205.454 624.478
211.14 63.4057 3.66106 3.26326 272.145 617.631
218.547 60.1369 2.77367 2.40513 163.825 368.654
217.908 60.4896 3.55506 3.10247 273.561 365.197
217.507 60.403 3.55085 3.08146 182.937 388.156
218.338 61.0595 3.56163 3.17822 314.712 307.174
216.296 60.3923 3.57156 3.06666 194.951 441.009
216.716 60.1205 3.55621 3.05989 215.49 441.849
215.271 60.5805 3.58268 3.10685 163.541 476.182
216.679 60.2805 3.56378 3.04741 236.932 431.933
218.244 60.7315 3.54869 3.15273 270.235 333.635
217.659 60.602 3.56371 3.09956 268.798 367.479
216.749 60.4427 3.56595 3.02943 278.089 417.699
217.639 60.9231 3.56561 3.14191 352.453 346.868
218.995 60.8241 3.53715 3.13695 364.56 296.177
216.976 61.3836 3.59509 3.05712 291.339 352.509
218.049 60.1785 3.5481 3.08193 225.697 383.734
216.031 60.2361 3.56032 3.07253 231.23 463.189
217.533 61.187 3.58238 3.08013 321.503 336.047
218.652 60.2994 3.54838 3.09415 164.525 351.181
219.217 60.1294 3.54745 3.04139 322.545 346.151
216.221 60.072 3.55475 3.06178 257.119 466.323
218.856 60.4399 3.53772 3.08318 243.371 332.036
216.546 61.2275 3.58715 3.08215 328.022 380.821
209.518 60.7352 3.56359 3.09157 109.27 752.182
209.518 60.7351 3.56351 3.0915 109.27 752.166
