# evlo=226.918198 evla=61.151199
194.627 64.5646 3.70174 3.1943 69.6628 1667.92
217.908 60.4896 3.60205 3.03276 170.886 495.345
217.654 61.036 3.57319 3.11155 219.573 499.545
217.507 60.403 3.5931 3.00254 102.331 519.047
218.338 61.0595 3.58516 3.11228 210.116 462.506
220.363 59.9534 3.61255 3.08987 239.585 383.421
216.3 60.3932 3.57582 3.00924 116.667 584.118
225.144 58.5792 3.73234 3.27374 215.236 303.268
216.716 60.1205 3.57603 2.99138 138.035 569.391
215.395 60.9677 3.58445 3.08536 170.525 621.861
209.013 64.0997 3.68769 3.23185 135.267 971.979
209.094 59.7511 3.60265 3.03217 146.249 990.149
209.259 59.7417 3.60252 3.03022 140.885 981.574
210.701 64.1732 3.69002 3.21043 80.4323 893.781
208.846 60.7683 3.57152 3.05478 111.299 976.879
207.916 63.4188 3.66209 3.22926 139.321 1014.07
212.195 64.6453 3.72632 3.23863 84.1576 841.182
207.685 63.8827 3.68513 3.23475 109.962 1031.81
208.763 59.5251 3.60624 3.03335 141.869 1015.5
216.907 60.7523 3.57765 3.07324 154.233 543.761
218.66 60.9649 3.5906 3.08875 227.496 446.205
209.738 62.4058 3.59347 3.18279 96.2391 914.669
217.513 60.0823 3.58992 3.01091 162.199 528.11
212.624 63.0753 3.65288 3.23973 123.023 774.555
214.225 61.1292 3.59037 3.13127 183.725 682.694
215.93 63.6482 3.69188 3.25308 122.133 631.585
214.25 60.5487 3.58045 3.01416 213.319 690.84
213.401 60.7277 3.59321 3.0473 163.676 732.96
209.784 61.1426 3.57371 3.06601 134.469 920.185
214.766 66.5657 3.71942 3.14217 43.8887 846.66
188.296 63.7758 3.71366 3.25661 37.6071 1982.7
203.121 64.7461 3.70156 3.23797 86.4236 1263.82
211.074 61.771 3.57925 3.14943 143.98 845.535
216.188 61.4417 3.5812 3.14812 240.535 575.439
212.904 60.8792 3.59016 3.08679 175.844 757.058
215.271 60.5805 3.57766 3.0291 186.382 635.199
216.679 60.2805 3.58086 3.00771 143.977 566.703
218.244 60.7315 3.59432 3.08316 161.959 472.16
213.052 64.4091 3.72703 3.24039 94.7762 793.36
213.497 60.396 3.57641 2.99888 146.844 734.88
215.738 60.3351 3.57113 3.01457 152.277 615.787
208.348 59.6572 3.6015 3.02995 141.951 1033.33
217.659 60.6024 3.59606 3.0386 175.49 506.179
225.615 58.2758 3.75891 3.14938 117.04 328.61
215.581 59.9268 3.58851 3.04234 148.526 636.192
216.749 60.4427 3.57933 3.01801 138.243 558.752
217.639 60.9231 3.57802 3.11044 248.38 501.682
214.077 61.4924 3.5808 3.15047 196.669 687.681
211.542 61.4131 3.58055 3.11539 154.61 823.209
209.077 63.5527 3.66828 3.22217 128.374 958.45
218.995 60.824 3.59605 3.06845 201.468 430.141
216.976 61.3836 3.58952 3.13369 206.821 533.529
211.063 63.7318 3.67418 3.22437 151.114 865.078
211.768 64.9602 3.73511 3.24306 65.2405 872.885
218.049 60.1785 3.5917 3.01518 160.564 496.456
209.256 65.0304 3.73354 3.31767 69.0729 987.004
216.031 60.2361 3.57163 3.01019 123.507 602.694
217.533 61.1871 3.57807 3.11969 229.09 504.7
218.652 60.2994 3.6166 3.01005 115.252 460.651
211.14 63.4056 3.6638 3.23151 139.201 854.33
219.217 60.1294 3.61224 3.04498 216.36 436.206
216.221 60.072 3.57818 3.01909 128.635 597.344
218.856 60.4399 3.60583 3.03108 211.709 445.838
216.546 61.2275 3.58348 3.12515 232.812 557.376
207.417 57.7828 3.64702 3.2437 86.128 1162.39
212.138 64.8736 3.73554 3.23899 73.7696 853.014
203.383 71.3221 3.67164 3.05166 35.5693 1531.6
205.026 71.0033 3.66796 3.10113 38.0812 1462.84
234.753 71.9871 3.74802 3.18261 54.7993 1254.9
198.198 69.3641 3.65215 3.09364 25.1639 1600.57
202.84 70.0079 3.6496 3.07608 18.4134 1468.68
194.656 68.2746 3.68373 3.12273 33.1833 1703.73
196.822 68.4753 3.67646 3.13967 38.6504 1622.46
198.806 68.6483 3.6689 3.12597 35.5441 1550.79
200.413 69.1049 3.65104 3.06622 20.3493 1508.46
209.387 69.836 3.64674 3.05683 46.7136 1254.16
211.299 69.72 3.66093 3.07684 78.8865 1191.83
215.088 69.9175 3.66427 3.09574 57.446 1115.61
216.289 69.626 3.66871 3.10043 50.1698 1062.86
235.93 69.3475 3.7413 3.14189 42.9307 1003.8
201.885 68.4946 3.6568 3.12832 23.0891 1427.27
209.319 68.9656 3.67326 3.08955 37.9756 1193.8
211.177 69.1532 3.66549 3.11413 61.6441 1151.13
213.625 69.322 3.65829 3.09229 73.7849 1097.71
219.035 69.243 3.68811 3.12232 51.0198 972.945
221.263 69.3286 3.66925 3.11804 55.4692 948.325
198.174 67.082 3.72738 3.32933 20.0771 1530.33
199.397 67.4213 3.70106 3.20641 29.8337 1487.6
202.768 67.4572 3.68636 3.19725 36.1916 1350.88
203.811 68.2575 3.66184 3.13033 33.6587 1344.08
210.384 68.0584 3.69811 3.12558 20.7586 1097.78
211.513 68.0748 3.69116 3.08299 32.3597 1061.69
214.432 68.1207 3.66164 3.17753 44.61 976.086
218.405 68.1861 3.6794 3.13461 71.4996 881.587
220.465 68.6043 3.69128 3.12399 54.5687 884.295
222.103 68.3889 3.67451 3.10807 65.4516 838.192
223.281 66.3701 3.66155 3.10369 104.096 608.578
193.671 65.4742 3.69 3.22984 56.6969 1712.08
195.352 65.7077 3.69108 3.22775 60.9307 1635.51
198.75 66.442 3.72503 3.31878 38.3897 1491.98
200.349 66.6001 3.73977 3.29999 36.4198 1425.66
202.227 66.8332 3.73657 3.31461 39.2856 1351.79
204.275 67.0486 3.70141 3.19733 38.3072 1274.2
206.517 67.2221 3.683 3.17863 72.4036 1191.74
214.357 67.5933 3.67732 3.13669 45.1559 936.448
215.855 67.6946 3.67515 3.1713 45.8798 900.741
220.128 67.6136 3.68125 3.12496 67.2385 790.393
224.214 67.6106 3.67681 3.16982 44.7396 731.67
226.258 67.441 3.67561 3.19374 92.2284 701.913
195.961 64.9941 3.69191 3.1932 59.4937 1604.14
197.645 65.3936 3.68935 3.20257 44.6823 1527.46
199.349 65.5011 3.68857 3.21459 50.3775 1449.96
201.346 65.895 3.69261 3.25968 52.1483 1365.85
202.913 66.1434 3.71385 3.32346 60.2805 1302.31
206.494 66.5156 3.72452 3.29927 72.1763 1161.81
209.976 66.7108 3.69684 3.16876 47.1618 1031.2
212.525 66.7004 3.70296 3.1743 41.8724 934.86
213.899 66.7653 3.69879 3.13725 37.6957 890.456
216.215 66.9498 3.68344 3.0844 37.7622 829.041
218.345 66.8088 3.67588 3.13144 58.1566 756.165
221.978 66.9116 3.67852 3.11274 91.0246 685.544
223.778 66.9808 3.69425 3.16902 80.3327 667.489
225.729 66.9227 3.65872 3.21866 49.7469 645.979
197.761 64.6379 3.70358 3.20083 64.062 1517.84
200.087 64.937 3.69605 3.18749 49.7078 1409.22
201.637 65.1527 3.6996 3.19764 57.6578 1339.33
203.551 65.5276 3.70112 3.19465 49.8588 1258.56
205.119 65.4924 3.7036 3.19886 46.8406 1186.92
207.195 65.6571 3.72456 3.22094 61.8777 1099.78
208.623 65.8937 3.72906 3.26969 71.7648 1047.2
210.457 65.8251 3.71273 3.28252 79.7207 967.254
212.122 65.8371 3.71018 3.27375 78.0577 899.854
218.473 66.2305 3.68918 3.08355 69.092 702.386
221.631 66.2191 3.65416 3.13226 77.3785 622.057
225.657 65.8052 3.67222 3.1576 54.1691 522.541
214.843 62.3987 3.6278 3.22508 181.524 651.321
213.052 64.4091 3.72703 3.24039 94.7762 793.36
199.305 63.8864 3.6827 3.26676 74.9047 1442.31
205.522 64.7962 3.70341 3.25052 49.047 1151.92
210.64 65.1479 3.73207 3.2473 79.8438 929.983
216.846 65.3064 3.74561 3.21555 57.499 684.826
218.385 65.6035 3.68628 3.10627 60.951 653.47
220.064 65.4483 3.69228 3.10339 59.1644 588.854
221.694 65.3609 3.6855 3.11392 71.7106 537.225
223.623 65.2225 3.64128 3.15881 68.6214 483.018
196.446 62.7492 3.64184 3.25255 55.0337 1593.95
199.398 63.2842 3.66281 3.25685 53.0097 1439.7
200.922 63.3965 3.67233 3.25355 46.8098 1362.95
203.285 63.465 3.67225 3.25058 63.3569 1245.02
204.379 63.994 3.68354 3.23351 77.0496 1194.27
205.853 64.1767 3.68628 3.22841 114.947 1125.05
214.63 64.613 3.71642 3.21831 117.994 732.842
216.436 64.5012 3.71832 3.22113 97.3972 650.58
221.784 64.453 3.68617 3.13913 59.5406 451.4
221.784 64.4525 3.71093 3.10291 55.5856 451.373
223.67 64.5753 3.64641 3.10081 92.4232 415.813
195.344 61.9331 3.63491 3.22077 57.3599 1664.83
198.469 62.2938 3.63586 3.22305 82.039 1497.34
201.699 62.7161 3.63861 3.22954 87.093 1327.03
205.93 63.3569 3.66067 3.25397 111.119 1112.5
214.222 63.8036 3.693 3.25921 119.307 716.877
217.924 64.0292 3.73578 3.21454 121.471 561.75
222.48 63.8433 3.78119 3.1174 119.982 377.121
197.317 61.3416 3.61818 3.17228 128.311 1575.72
198.513 61.678 3.61505 3.18435 131.121 1505.92
200.525 61.7105 3.60472 3.15944 102.867 1400.36
201.703 62.1344 3.6068 3.19104 100.848 1332.64
203.311 62.2195 3.59869 3.1745 90.9697 1248.31
205.146 62.1816 3.59203 3.15138 118.227 1153.46
206.12 62.4787 3.59408 3.16578 103.825 1101.4
216.652 63.0254 3.67253 3.266 154.593 574.815
218.173 63.0618 3.66795 3.27449 211.691 503.323
221.871 63.109 3.74739 3.21247 149.095 341.818
193.799 60.3849 3.61918 3.17309 105.751 1787.72
196.65 60.4135 3.60648 3.13959 86.5435 1636.21
198.04 60.7515 3.60138 3.13369 96.0082 1552.82
199.312 60.6947 3.59905 3.13933 89.3216 1487.07
201.041 61.0224 3.59789 3.13678 94.4701 1387.3
202.562 61.4009 3.58925 3.12137 132.705 1299.08
204.176 61.4907 3.59667 3.15497 113.915 1212.5
205.609 61.9037 3.5855 3.1611 127.138 1131.81
206.868 61.8823 3.59325 3.1765 152.916 1066.01
209.88 61.7531 3.58146 3.16362 249.05 908.633
212.274 61.7929 3.57335 3.14268 195.117 782.174
213.825 62.1067 3.58052 3.138 168.789 701.26
217.004 62.4013 3.65493 3.25855 188.876 540.93
218.122 62.3579 3.66 3.25682 193.514 483.245
221.538 62.4435 3.67667 3.23078 182.647 318.121
198.315 59.9237 3.60174 3.11883 90.2673 1563.39
199.908 60.1686 3.59882 3.13085 107.907 1470.52
201.231 60.4742 3.59693 3.13892 141.204 1391.06
202.813 60.5269 3.59136 3.12854 121.125 1305.25
204.11 60.6801 3.59021 3.10785 174.353 1232.18
205.516 60.8132 3.5785 3.09755 164.177 1154.09
207.791 61.2001 3.57534 3.0878 166.841 1025.54
215.402 61.6061 3.58005 3.15004 183.891 616.962
198.736 59.2533 3.60361 3.1131 146.242 1564.67
200.175 59.1767 3.59994 3.0927 109.948 1490.27
201.907 59.5938 3.59345 3.08306 127.835 1382.11
202.905 59.7733 3.58999 3.07117 141.446 1322.45
204.792 59.8542 3.58383 3.04973 88.5602 1218.46
205.68 60.1952 3.57268 3.0404 119.513 1160.63
207.376 60.0815 3.57927 3.03444 119.292 1072.64
210.276 60.4814 3.58668 3.08395 128.374 906.262
219.809 60.7718 3.60755 3.08778 242.013 387.223
221.424 60.3024 3.6282 3.10159 234.191 314.253
190.452 56.6011 3.64373 3.14832 26.0245 2133.24
202.009 59.0314 3.59879 3.07746 104.135 1397.16
203.561 59.1953 3.60529 3.07733 83.005 1307.41
204.771 59.3922 3.60678 3.05975 114.723 1235.07
206.768 59.6524 3.59452 3.04874 115.143 1118.59
212.597 59.9979 3.57695 2.98558 163.143 794.009
222.262 59.6304 3.63095 3.24508 281.903 307.515
212.566 65.1171 3.73628 3.24418 115.108 845.349
203.344 58.6774 3.62489 3.07056 97.2888 1339.48
204.113 58.2637 3.61568 3.08288 90.5355 1315.98
204.991 58.6484 3.61559 3.06659 76.635 1252.07
206.355 58.9287 3.60675 3.03465 95.6498 1167.24
207.606 58.6097 3.62206 3.0738 143.464 1113.41
213.66 59.4296 3.61552 3.11255 105.818 756.513
202.426 57.5673 3.61707 3.11363 110.082 1439.45
203.613 57.6397 3.60901 3.06818 85.442 1372.27
205.548 57.5665 3.62856 3.1728 56.1747 1272.63
224.26 58.4133 3.66002 3.26416 124.157 339.534
225.482 58.2747 3.75535 3.18271 110.606 330.481
197.939 55.703 3.63168 3.11726 110.886 1780.88
200.447 56.2848 3.6357 3.12707 69.8156 1613.44
223.768 57.9616 3.67541 3.26804 160.452 397.376
225.424 57.4688 3.70903 3.20327 85.53 418.93
228.869 57.9128 3.65171 3.14846 68.7859 377.236
227.048 56.8144 3.70039 3.3007 61.9334 483.153
229.75 56.9811 3.61472 3.17381 99.5993 492.01
212.138 64.8735 3.73874 3.23514 62.1964 853.019
226.879 56.1146 3.69617 3.34417 83.977 561.023
229.974 55.9154 3.62019 3.22422 56.11 609.596
228.385 55.3279 3.68596 3.29674 85.0687 654.261
227.653 56.4191 3.688 3.27852 89.3303 528.817
209.931 62.7622 3.94135 3.76953 163.654 906.442
211.063 63.7323 3.67412 3.22432 151.114 865.064
211.14 63.4057 3.66379 3.2315 139.201 854.328
218.547 60.1369 3.11057 2.24771 186.562 471.38
217.908 60.4896 3.60205 3.03276 170.886 495.345
217.507 60.403 3.5931 3.00254 102.331 519.047
218.338 61.0595 3.58512 3.11224 210.116 462.5
216.296 60.3923 3.57707 3.01029 116.667 584.323
216.716 60.1205 3.57603 2.99138 138.035 569.391
215.271 60.5805 3.57766 3.0291 186.382 635.199
216.679 60.2805 3.58086 3.00771 143.977 566.703
218.244 60.7315 3.59432 3.08316 161.959 472.16
217.659 60.602 3.59631 3.03881 175.49 506.214
216.749 60.4427 3.57933 3.01801 138.243 558.752
217.639 60.9231 3.5781 3.1105 248.38 501.693
218.995 60.8241 3.59603 3.06844 201.468 430.14
216.976 61.3836 3.58952 3.13369 206.821 533.529
218.049 60.1785 3.5917 3.01518 160.564 496.456
216.031 60.2361 3.57163 3.01019 123.507 602.694
217.533 61.187 3.578 3.11963 229.09 504.69
218.652 60.2994 3.6166 3.01005 115.252 460.651
219.217 60.1294 3.61224 3.04498 216.36 436.206
216.221 60.072 3.57818 3.01909 128.635 597.344
218.856 60.4399 3.60583 3.03108 211.709 445.838
216.546 61.2275 3.58348 3.12515 232.812 557.376
