# evlo=204.792007 evla=59.854198
225.449 60.24 3.60264 3.07567 80.8595 1147.12
194.627 64.5646 3.63898 3.21708 74.8082 743.624
217.908 60.4896 3.59497 3.08157 222.045 730.304
217.654 61.036 3.59172 3.06883 121.207 718.931
217.507 60.403 3.60273 3.10854 83.2864 708.261
218.338 61.0595 3.58167 3.05717 169.415 755.977
220.363 59.9534 3.61371 3.10733 149.106 869.448
216.3 60.3932 3.61351 3.12253 155.306 641.709
225.144 58.5792 3.70625 3.32387 87.5811 1166.32
216.716 60.1205 3.62455 3.10316 124.784 665.362
215.395 60.9677 3.59722 3.05303 175.681 596.605
209.013 64.0997 3.63618 3.19346 170.47 522.08
210.701 64.1732 3.63873 3.1697 225.862 571.72
207.916 63.4188 3.63544 3.18252 196.31 430.257
212.195 64.6453 3.65457 3.2017 239.991 657.219
204.378 55.8218 3.63715 3.10923 143.574 449.779
200.411 54.831 3.66359 3.22692 133.845 618.182
207.685 63.8827 3.65389 3.24999 137.477 473.937
209.796 67.2269 3.66976 3.26825 107.66 858.014
216.907 60.7523 3.59914 3.06214 156.388 676.274
218.66 60.9649 3.58623 3.04331 190.853 772.683
209.738 62.4058 3.63491 3.23625 224.368 389.487
217.513 60.0823 3.61946 3.10263 161.644 709.856
212.624 63.0753 3.61167 3.20928 172.637 549.988
214.225 61.1292 3.58477 3.04883 219.483 537.109
215.93 63.6482 3.60624 3.16377 157.953 722.961
214.25 60.5487 3.59925 3.10207 202.738 529.745
196.582 54.8564 3.64653 3.25102 152.615 743.228
213.401 60.7277 3.5998 3.09834 194.615 485.641
209.784 61.1426 3.56758 3.09804 368.394 309.51
214.766 66.5657 3.67957 3.26688 118.999 898.458
188.296 63.7758 3.67139 3.28637 71.6594 969.399
203.121 64.7461 3.6707 3.17124 104.947 552.005
211.074 61.771 3.55412 3.08041 254.489 402.877
216.188 61.4417 3.58278 3.06949 212.529 647.06
212.904 60.8792 3.59668 3.10066 245.724 461.641
215.271 60.5805 3.60586 3.09734 202.265 585.843
216.679 60.2805 3.62054 3.12125 167.186 662.742
218.244 60.7315 3.59285 3.06965 144.905 749.029
213.052 64.4091 3.62779 3.13989 194.646 664.825
213.497 60.396 3.6092 3.0985 180.044 487.262
215.738 60.3351 3.61426 3.13366 177.046 610.665
217.659 60.6024 3.5958 3.07121 173.601 716.73
215.581 59.9268 3.63394 3.17199 179.955 603.411
216.749 60.4427 3.60633 3.10978 182.074 666.505
217.639 60.9231 3.59179 3.06498 155.386 717.194
214.077 61.4924 3.5872 3.06568 201.828 538.812
211.542 61.4131 3.57372 3.05654 317.467 407.942
197.4 66.8951 3.66799 3.30304 30.8329 866.198
209.077 63.5527 3.60366 3.14241 243.206 470.154
217.277 60.2474 3.6148 3.09905 57.8969 695.904
218.995 60.824 3.58989 3.05896 165.574 790.222
216.976 61.3836 3.58225 3.05247 261.41 687.423
211.063 63.7318 3.63075 3.18859 262.374 543.691
211.768 64.9602 3.64734 3.23206 249.884 672.868
218.049 60.1785 3.60613 3.10129 158.121 739.038
209.256 65.0304 3.66023 3.22305 128.96 620.876
210.931 64.5928 3.64196 3.18485 259.029 616.511
216.031 60.2361 3.62328 3.13275 192.894 626.95
191.145 52.9721 3.67579 3.26663 111.96 1134.83
217.533 61.1871 3.58878 3.04844 158.692 714.093
218.652 60.2994 3.60157 3.06696 98.5837 771.767
211.14 63.4056 3.61744 3.18702 160.174 519.094
219.217 60.1294 3.60799 3.08896 154.058 804.106
216.221 60.072 3.63395 3.14084 161.591 638.111
218.856 60.4399 3.59596 3.05864 150.671 782.483
216.546 61.2275 3.58954 3.05025 200.12 662.018
207.417 57.7828 3.64785 3.2944 196.603 276.057
212.138 64.8736 3.65272 3.21843 252.124 675.532
198.929 70.2043 3.65162 3.12756 75.0097 1185.24
203.383 71.3221 3.59705 3.08398 23.6724 1280.22
234.753 71.9871 3.66167 3.14213 86.5285 1883.31
202.84 70.0079 3.60032 3.10243 49.1159 1135.65
205.387 69.6211 3.68375 3.23671 59.6153 1089.24
206.58 70.34 3.67284 3.21115 69.8029 1171.98
194.656 68.2746 3.64771 3.12839 46.1353 1058.02
196.822 68.4753 3.66687 3.16115 66.6302 1034.32
200.413 69.1049 3.64194 3.19182 79.0253 1051.92
205.217 69.1565 3.67338 3.23375 56.6915 1037.25
209.387 69.836 3.65338 3.15702 130.516 1133.23
211.299 69.72 3.653 3.1566 95.0784 1141.06
215.088 69.9175 3.62606 3.14625 98.4037 1219.51
216.289 69.626 3.62859 3.18687 88.0431 1214.66
235.93 69.3475 3.70834 3.20603 70.4639 1796.2
196.917 67.6988 3.67879 3.19357 56.8288 955.093
201.885 68.4946 3.62893 3.2147 76.8012 973.268
203.387 68.7132 3.62279 3.1034 44.5099 989.882
207.318 68.8799 3.66063 3.20427 73.1233 1013.35
209.319 68.9656 3.66637 3.18003 101.387 1038.25
211.177 69.1532 3.64983 3.15071 106.122 1079.73
213.625 69.322 3.62769 3.14225 104.43 1134.46
219.035 69.243 3.67274 3.20919 71.6394 1243.21
198.174 67.082 3.68444 3.16078 74.2932 869.488
202.768 67.4572 3.62269 3.12877 54.2576 853.306
206.028 68.4414 3.66574 3.26603 72.9204 959.126
208.187 68.1343 3.67486 3.20778 79.0931 937.514
210.384 68.0584 3.66905 3.23295 81.1264 953.802
211.513 68.0748 3.63483 3.18947 83.5289 972.414
214.432 68.1207 3.64637 3.21807 141.945 1032.57
218.405 68.1861 3.69249 3.25113 127.211 1137.29
220.465 68.6043 3.67764 3.22726 93.2322 1229.46
222.103 68.3889 3.67001 3.27279 88.1627 1262.57
223.281 66.3701 3.64753 3.17607 98.1817 1175.01
193.671 65.4742 3.64743 3.21014 59.6325 844.54
200.349 66.6001 3.69752 3.28854 97.3497 783.932
202.227 66.8332 3.6394 3.20413 84.3653 788.286
204.275 67.0486 3.69455 3.34641 58.1584 802.353
206.517 67.2221 3.69123 3.27169 98.8358 825.683
207.821 67.5076 3.68034 3.23366 139.447 865.946
212.113 67.5187 3.63752 3.18658 91.0632 926.511
214.357 67.5933 3.66637 3.24102 142.213 981.169
215.855 67.6946 3.67968 3.24212 132.173 1026.97
220.128 67.6136 3.66635 3.25654 107.152 1143.51
224.214 67.6106 3.65549 3.15643 105.373 1281.53
226.258 67.441 3.66798 3.1651 96.9389 1346.87
201.346 65.895 3.67211 3.27014 126.099 695.505
202.913 66.1434 3.6308 3.12162 59.6461 707.357
206.494 66.5156 3.6969 3.28069 106.576 747.365
208.493 66.9214 3.68122 3.28122 100.523 808.845
209.976 66.7108 3.6608 3.2453 90.2525 806.67
212.525 66.7004 3.64961 3.21952 159.251 854.685
213.899 66.7653 3.67292 3.25422 161.47 893.469
216.215 66.9498 3.67916 3.22664 141.072 972.211
218.345 66.8088 3.65972 3.1959 118.168 1026.13
221.978 66.9116 3.65467 3.18266 82.8328 1158
223.778 66.9808 3.65634 3.17679 103 1228.33
225.729 66.9227 3.66455 3.17366 80.9069 1299.61
197.761 64.6379 3.65237 3.27356 55.62 645.548
201.637 65.1527 3.66354 3.24295 111.346 612.321
203.551 65.5276 3.67866 3.20787 61.7031 635.492
205.119 65.4924 3.70497 3.35817 89.3581 628.633
207.195 65.6571 3.68725 3.251 141.279 658.204
208.623 65.8937 3.6732 3.26132 110.71 700.497
210.457 65.8251 3.63884 3.1915 118.704 724.718
212.122 65.8371 3.65535 3.24347 193.838 763.136
214.18 66.267 3.67997 3.27441 49.2619 856.111
214.181 66.267 3.6743 3.2546 118.266 856.139
218.473 66.2305 3.64397 3.18861 120.673 988.091
221.631 66.2191 3.64215 3.17369 76.1561 1102.74
225.657 65.8052 3.6393 3.15812 58.568 1244.38
214.843 62.3987 3.55991 3.09028 247.836 610.501
213.052 64.4091 3.62779 3.13989 194.646 664.825
199.305 63.8864 3.6477 3.22849 58.8936 533.709
205.522 64.7962 3.69632 3.31286 108.123 552.077
208.018 65.18 3.66417 3.2591 123.701 616.196
210.64 65.1479 3.6432 3.20477 176.285 661.875
216.846 65.3064 3.63207 3.19193 127.767 865.15
218.385 65.6035 3.6226 3.18254 114.332 941.861
220.064 65.4483 3.62224 3.17091 105.635 996.601
221.694 65.3609 3.62748 3.17429 92.9567 1057.66
223.623 65.2225 3.63235 3.18762 96.2392 1132.49
196.446 62.7492 3.63782 3.19782 80.3584 550.818
199.398 63.2842 3.6456 3.33534 92.1269 477.423
203.285 63.465 3.69428 3.26197 84.7636 410.207
204.379 63.994 3.71259 3.3284 104.37 461.864
205.853 64.1767 3.6938 3.26668 186.084 484.901
214.63 64.613 3.61535 3.16831 150.838 735.319
216.436 64.5012 3.60511 3.17395 115.534 795.491
221.784 64.453 3.61649 3.22701 81.5041 1018.84
221.784 64.4525 3.62205 3.20838 72.2938 1018.79
223.67 64.5753 3.61355 3.17684 99.6865 1108.28
195.344 61.9331 3.62363 3.2431 102.006 562.096
198.469 62.2938 3.6757 3.27666 107.694 436.022
201.699 62.7161 3.72419 3.42422 163.944 359.376
205.93 63.3569 3.68431 3.30113 207.652 394.966
214.222 63.8036 3.61109 3.19004 119.647 662.597
217.924 64.0292 3.6109 3.19072 169.807 829.297
222.48 63.8433 3.61345 3.16555 136.986 1027.51
197.317 61.3416 3.66909 3.14567 117.257 441.497
198.513 61.678 3.61554 3.19788 106.275 397.775
200.525 61.7105 3.59484 3.38879 119.451 311.032
201.703 62.1344 3.7373 3.33092 99.1903 304.074
203.311 62.2195 3.73811 3.38858 102.095 275.426
206.12 62.4787 3.67152 3.26433 212.307 301.047
216.652 63.0254 3.58355 3.13812 225.253 723.271
218.173 63.0618 3.58537 3.14778 192.239 796.013
221.871 63.109 3.58924 3.15079 156.727 976.004
193.799 60.3849 3.6644 3.16608 128.281 613.33
196.65 60.4135 3.67877 3.19023 145.127 456.457
198.04 60.7515 3.68954 3.19583 159.428 386.273
199.312 60.6947 3.66653 3.22388 231.771 317.29
209.88 61.7531 3.54358 3.03538 206.065 348.379
212.274 61.7929 3.56278 3.05315 228.728 460.456
213.825 62.1067 3.55885 3.07173 234.598 549.054
217.004 62.4013 3.54952 3.06295 198.72 715.266
218.122 62.3579 3.54754 3.04594 238.485 769.349
221.538 62.4435 3.56751 3.08966 182.351 943.707
223.206 62.5763 3.58286 3.1129 180.667 1030.95
225.609 62.2024 3.58326 3.0903 157.379 1149.94
198.315 59.9237 3.63471 3.15527 176.333 362.576
199.908 60.1686 3.63653 3.22995 229.328 274.617
215.402 61.6061 3.58687 3.0846 185.02 610.134
222.911 61.4593 3.56142 3.03566 146.845 1003.54
224.22 61.4862 3.5692 3.05347 118.924 1073.37
226.918 61.1512 3.58383 3.04973 88.5602 1218.46
198.736 59.2533 3.6172 3.27466 241.702 348.805
210.276 60.4814 3.59093 3.14085 367.354 312.266
219.809 60.7718 3.58124 3.06603 137.087 834.443
221.424 60.3024 3.59322 3.05367 141.567 924.779
223.909 60.7704 3.5832 3.05997 162.878 1057.8
190.452 56.6011 3.70492 3.28851 89.7149 914.824
212.597 59.9979 3.62445 3.1577 253.766 436.524
222.262 59.6304 3.62903 3.15296 120.851 979.859
223.04 60.1218 3.59608 3.08977 150.789 1015.81
226.285 59.5898 3.62835 3.17 110.924 1204.42
227.183 60.2114 3.61515 3.1125 141.983 1242.8
212.566 65.1171 3.66187 3.22682 211.038 709.366
213.66 59.4296 3.64349 3.23077 142.884 502.028
227.731 58.9601 3.67435 3.27171 89.6432 1300.05
202.426 57.5673 3.64669 3.27908 247.122 289.263
224.26 58.4133 3.73458 3.38855 85.3082 1121.9
229.033 59.3946 3.63645 3.17641 119.495 1361.25
197.939 55.703 3.63049 3.28389 159.233 615.822
200.447 56.2848 3.63996 3.34032 192.253 472.87
225.424 57.4688 3.77127 3.48212 77.3822 1221.17
228.869 57.9128 3.72063 3.38028 85.8985 1397.21
227.048 56.8144 3.7879 3.52341 58.8163 1339.92
212.138 64.8735 3.65658 3.21219 190.992 675.518
210.428 68.6408 3.65729 3.19257 112.732 1015.92
226.879 56.1146 3.83589 3.5714 65.9849 1363.94
229.974 55.9154 3.79353 3.54941 48.1209 1546.22
228.385 55.3279 3.84034 3.59638 53.634 1488.7
227.653 56.4191 3.80224 3.57475 73.8915 1392.08
209.931 62.7622 3.15017 2.71125 194.623 424.981
211.063 63.7323 3.63114 3.18893 262.374 543.75
211.14 63.4057 3.61748 3.18706 160.174 519.1
218.547 60.1369 4.06887 4.05651 202.007 766.887
217.908 60.4896 3.59497 3.08157 222.045 730.304
217.507 60.403 3.60273 3.10854 83.2864 708.261
218.338 61.0595 3.5817 3.05719 169.415 755.982
216.296 60.3923 3.61245 3.12162 155.306 641.521
216.716 60.1205 3.62455 3.10316 124.784 665.362
215.271 60.5805 3.60586 3.09734 202.265 585.843
216.679 60.2805 3.62054 3.12125 167.186 662.742
218.244 60.7315 3.59285 3.06965 144.905 749.029
217.659 60.602 3.59566 3.0711 173.601 716.703
216.749 60.4427 3.60633 3.10978 182.074 666.505
217.639 60.9231 3.59173 3.06493 155.386 717.183
217.277 60.2474 3.6148 3.09905 57.8969 695.904
218.995 60.8241 3.58989 3.05896 165.574 790.222
216.976 61.3836 3.58225 3.05247 261.41 687.423
218.049 60.1785 3.60613 3.10129 158.121 739.038
216.031 60.2361 3.62328 3.13275 192.894 626.95
217.533 61.187 3.58883 3.04848 158.692 714.102
218.652 60.2994 3.60157 3.06696 98.5837 771.767
219.217 60.1294 3.60799 3.08896 154.058 804.106
216.221 60.072 3.63395 3.14084 161.591 638.111
218.856 60.4399 3.59596 3.05864 150.671 782.483
216.546 61.2275 3.58954 3.05025 200.12 662.018
