# evlo=204.991394 evla=58.648399
194.627 64.5646 3.64458 3.22794 53.4965 856.495
217.908 60.4896 3.61923 2.97368 107.904 756.993
217.654 61.036 3.62242 3.02971 113.199 756.634
217.507 60.403 3.62985 3.03513 114.604 733.546
218.338 61.0595 3.61871 2.99415 112.318 793.074
220.363 59.9534 3.6442 3.15885 141.919 885.661
216.3 60.3932 3.64119 3.05107 92.0463 667.996
225.144 58.5792 3.7294 3.41034 108.264 1166.84
216.716 60.1205 3.63168 3.06586 122.951 685.219
215.395 60.9677 3.63372 3.00538 114.851 637.587
209.013 64.0997 3.63783 3.18672 125.186 644.085
210.701 64.1732 3.61824 3.23156 147.404 686.409
208.846 60.7683 3.58667 3.24008 218.022 320.614
207.916 63.4188 3.6231 3.21377 187.43 554.418
212.195 64.6453 3.63438 3.23721 141.549 768.59
204.378 55.8218 3.58232 2.93751 109.889 316.953
200.411 54.831 3.66587 3.30808 114.977 508.943
207.685 63.8827 3.64129 3.19381 108.953 600.775
209.796 67.2269 3.65088 3.2188 66.7708 986.075
216.907 60.7523 3.62073 2.98767 84.0377 709.481
218.66 60.9649 3.61114 2.99704 91.1916 807.618
209.738 62.4058 3.61365 3.24606 202.251 492.854
217.513 60.0823 3.63459 3.08025 149.007 728.533
212.624 63.0753 3.59533 3.13989 154.169 643.626
214.225 61.1292 3.61239 3.03046 139.389 585.491
215.93 63.6482 3.58382 3.1429 119.532 808.856
214.25 60.5487 3.63886 3.04033 159.584 563.5
196.582 54.8564 3.62962 3.14478 84.3395 664.702
213.401 60.7277 3.63522 3.01757 130.567 526.779
209.784 61.1426 3.56777 3.11349 159.593 386.044
214.766 66.5657 3.66385 3.26628 88.3634 1012.54
188.296 63.7758 3.69116 3.29038 51.871 1058.94
203.121 64.7461 3.62248 3.18178 68.5139 686.623
211.074 61.771 3.56425 3.05632 190.876 484.166
216.188 61.4417 3.60425 3.01435 134.693 695.992
212.904 60.8792 3.6021 3.03498 133.868 508.94
215.271 60.5805 3.64629 3.01213 99.2201 618.095
216.679 60.2805 3.63576 3.07513 99.831 686.14
218.244 60.7315 3.61514 2.9708 100.202 780.091
213.052 64.4091 3.61202 3.0821 69.4251 770.752
213.497 60.396 3.65192 3.03791 158.427 518.818
215.738 60.3351 3.64235 3.06877 112.963 636.319
217.659 60.6024 3.61517 2.95869 89.5518 745.9
225.615 58.2758 3.7464 3.44416 96.1677 1199.76
215.581 59.9268 3.63224 3.08354 139.877 619.409
216.749 60.4427 3.62786 3.03251 102.95 693.359
217.639 60.9231 3.61915 3.0151 140.284 752.727
214.077 61.4924 3.58429 3.09099 158.365 596.171
211.542 61.4131 3.57376 3.13208 194.378 477.335
209.077 63.5527 3.61262 3.20145 162.004 588.952
218.995 60.824 3.60921 2.97624 134.308 822.232
216.976 61.3836 3.60468 3.02595 129.07 733.195
211.063 63.7318 3.62381 3.23278 96.3967 653.188
211.768 64.9602 3.64064 3.25601 131.286 787.96
218.049 60.1785 3.63253 3.03538 144.392 759.476
209.256 65.0304 3.64279 3.2174 125.858 745.439
210.931 64.5928 3.63765 3.23396 117.77 732.813
216.031 60.2361 3.64168 3.07802 121.183 649.956
191.145 52.9721 3.65461 3.21038 118.573 1070.49
214.53 62.9699 3.5845 3.15153 174.969 706.834
219.747 60.0959 3.63501 3.11242 126.971 852.401
220.599 59.667 3.66044 3.23742 163.621 897.973
214.475 65.5174 3.6424 3.19701 108.227 909.814
207.811 62.8962 3.6004 3.16221 184.24 497.501
217.533 61.1871 3.61418 3.02445 130.378 754.914
211.667 60.8584 3.60476 3.0603 162.933 448.484
218.652 60.2994 3.62018 3.05071 81.917 794.311
211.14 63.4056 3.63151 3.25774 181.359 625.072
219.217 60.1294 3.63521 3.08758 160.524 823.338
216.221 60.072 3.63244 3.05157 135.701 657.179
218.856 60.4399 3.62015 3.01179 111.453 807.564
216.546 61.2275 3.62476 3.03297 116.316 705.709
212.138 64.8736 3.64115 3.26172 210.982 788.658
203.383 71.3221 3.60418 3.13699 61.5856 1414.9
234.753 71.9871 3.65887 3.11634 72.3473 1992.46
202.84 70.0079 3.62387 3.16856 50.9716 1270.43
206.58 70.34 3.69549 3.3501 31.1493 1305.53
194.656 68.2746 3.62146 3.17032 28.5589 1186.71
196.822 68.4753 3.68348 3.21169 44.1857 1165.83
198.806 68.6483 3.65465 3.11088 46.087 1154.65
200.413 69.1049 3.66212 3.24317 48.1685 1186.34
209.387 69.836 3.65665 3.20676 84.5796 1264.48
211.299 69.72 3.64384 3.15844 64.2043 1270.13
215.088 69.9175 3.63444 3.1338 78.6218 1343.91
216.289 69.626 3.63496 3.22534 86.9374 1336.64
235.93 69.3475 3.69762 3.20915 33.7285 1892.13
196.917 67.6988 3.69702 3.1857 28.3742 1085.57
201.885 68.4946 3.64568 3.28394 58.2178 1107.99
207.318 68.8799 3.67533 3.29192 45.6552 1146.08
209.319 68.9656 3.66569 3.24211 84.9526 1168.97
211.177 69.1532 3.64511 3.1596 72.0482 1208.28
213.625 69.322 3.63495 3.15537 80.2261 1259.79
219.035 69.243 3.65445 3.17832 65.6363 1359.65
221.263 69.3286 3.64611 3.14489 39.6085 1422.51
198.174 67.082 3.66726 3.19267 55.13 1000.61
202.768 67.4572 3.63242 3.2736 54.4369 988.097
203.811 68.2575 3.61847 3.15442 52.5843 1072.67
206.028 68.4414 3.70361 3.37265 37.9108 1092.79
208.187 68.1343 3.68543 3.25554 64.7316 1069
210.384 68.0584 3.65581 3.20723 75.3097 1082.07
211.513 68.0748 3.64678 3.16654 78.6286 1098.79
214.432 68.1207 3.65304 3.25296 107.546 1153.55
218.405 68.1861 3.66428 3.22372 78.0643 1250.61
220.465 68.6043 3.64622 3.1856 45.7988 1340.85
222.103 68.3889 3.63932 3.21442 65.7016 1370.06
223.281 66.3701 3.64442 3.16855 104.032 1267.46
193.671 65.4742 3.6492 3.18291 27.8264 960.922
195.352 65.7077 3.66091 3.27803 44.8039 931.074
198.75 66.442 3.67556 3.17463 55.373 925.018
200.349 66.6001 3.68919 3.2655 45.8518 917.107
202.227 66.8332 3.64227 3.35277 67.6953 922.9
204.275 67.0486 3.78107 3.6605 42.3616 936.965
206.517 67.2221 3.70513 3.34811 75.8881 958.682
207.821 67.5076 3.6834 3.29071 86.663 997.501
212.113 67.5187 3.65108 3.20879 73.7303 1050.52
214.357 67.5933 3.65493 3.26096 93.8876 1100.57
215.855 67.6946 3.65894 3.25471 110.269 1143.47
220.128 67.6136 3.63538 3.19054 68.9744 1250.54
224.214 67.6106 3.6441 3.15127 59.1113 1380.94
226.258 67.441 3.6611 3.18562 58.3012 1441.93
202.913 66.1434 3.63296 3.19896 63.3484 842.096
206.494 66.5156 3.71129 3.36817 74.4024 880.161
208.493 66.9214 3.67197 3.2594 81.8632 938.876
209.976 66.7108 3.64606 3.22561 82.891 933.452
212.525 66.7004 3.64766 3.22459 90.4957 975.294
213.899 66.7653 3.65886 3.25173 102.845 1010.77
216.215 66.9498 3.66112 3.23395 88.7887 1084.48
218.345 66.8088 3.62974 3.18487 102.374 1132.39
221.978 66.9116 3.64438 3.19728 45.3973 1256.93
223.778 66.9808 3.64913 3.15739 70.1541 1324.33
225.729 66.9227 3.65216 3.12773 48.079 1391.91
201.637 65.1527 3.67263 3.37578 118.173 745.742
203.551 65.5276 3.63707 3.16344 39.6459 770.296
205.119 65.4924 3.72882 3.44003 83.4577 762.765
207.195 65.6571 3.67853 3.27434 89.0644 789.381
208.623 65.8937 3.66958 3.27478 109.605 828.866
210.457 65.8251 3.63743 3.19635 104.38 848.044
212.122 65.8371 3.64231 3.23546 104.124 881.466
214.18 66.267 3.66207 3.34786 42.423 970.32
214.181 66.267 3.65291 3.25555 76.1698 970.345
218.473 66.2305 3.6201 3.15129 99.6944 1090.22
221.631 66.2191 3.63545 3.14494 52.3203 1197.36
225.657 65.8052 3.63694 3.15789 59.0645 1328.12
214.843 62.3987 3.56208 3.08185 195.365 682.408
213.052 64.4091 3.61202 3.0821 69.4251 770.752
205.522 64.7962 3.69853 3.38931 61.9352 685.681
208.018 65.18 3.669 3.26802 84.6919 744.857
210.64 65.1479 3.63677 3.20525 116.811 782.099
216.846 65.3064 3.61864 3.15772 94.4451 964.806
218.385 65.6035 3.6221 3.17921 99.8219 1039.47
220.064 65.4483 3.62819 3.15875 64.1065 1088.49
221.694 65.3609 3.63932 3.18063 124.316 1144.96
223.623 65.2225 3.62285 3.17237 105.788 1214.6
196.446 62.7492 3.65523 3.24087 52.2814 652.183
203.285 63.465 3.6603 3.19563 53.9634 544.522
204.379 63.994 3.7129 3.44648 69.8827 596.578
205.853 64.1767 3.714 3.3755 81.8289 617.751
214.63 64.613 3.6057 3.11968 84.3819 836.635
216.436 64.5012 3.62278 3.18214 114.654 889.125
221.784 64.453 3.59857 3.16581 94.0229 1097.06
221.784 64.4525 3.59552 3.1386 70.8476 1097.01
223.67 64.5753 3.59584 3.1359 97.3746 1184.07
195.344 61.9331 3.67365 3.22609 68.5674 646.007
198.469 62.2938 3.65876 3.33935 75.569 541.408
201.699 62.7161 3.68474 3.39311 94.8688 487.497
205.93 63.3569 3.69207 3.36875 135.304 527.099
214.222 63.8036 3.61127 3.16488 135.643 757.405
217.924 64.0292 3.59357 3.1597 122.767 912.878
222.48 63.8433 3.59331 3.11967 127.009 1097.65
197.317 61.3416 3.65284 3.25701 95.4693 522.42
198.513 61.678 3.67836 3.28358 71.129 492.864
200.525 61.7105 3.65909 3.11114 52.9401 421.491
201.703 62.1344 3.70756 3.40983 103.644 428.519
203.311 62.2195 3.64136 3.19652 79.8773 408.468
205.146 62.1816 3.70503 3.37845 143.831 393.758
206.12 62.4787 3.68163 3.36731 145.716 431.228
216.652 63.0254 3.57354 3.1275 121.661 798.058
218.173 63.0618 3.58036 3.11457 158.144 866.429
221.871 63.109 3.58429 3.08787 128.359 1038.46
193.799 60.3849 3.63529 3.18068 69.3099 661.562
196.65 60.4135 3.63548 3.12304 72.7116 510.892
198.04 60.7515 3.61612 3.29855 109.856 455.827
199.312 60.6947 3.62001 3.27926 94.9992 392.742
201.041 61.0224 3.6788 3.15747 90.374 344.892
202.562 61.4009 3.63773 3.36538 135.662 335.182
204.176 61.4907 3.7324 3.34829 128.831 319.904
205.609 61.9037 3.67388 3.36669 150.608 364.295
206.868 61.8823 3.6218 3.19878 176.325 374.948
209.88 61.7531 3.59334 3.15049 154.299 439.244
212.274 61.7929 3.56926 3.11428 190.592 533.943
213.825 62.1067 3.56962 3.06368 157.687 620.341
217.004 62.4013 3.55313 3.02797 146.663 779.2
218.122 62.3579 3.55757 2.98569 119.714 829.354
221.538 62.4435 3.57642 3.07969 131.755 997.917
223.206 62.5763 3.58759 3.09026 88.9778 1084.55
225.609 62.2024 3.59168 3.05765 79.1247 1196.58
198.315 59.9237 3.672 3.14717 125.732 405.986
199.908 60.1686 3.62706 3.06553 102.996 334.582
201.231 60.4742 3.61328 3.37602 140.904 294.148
207.791 61.2001 3.62575 3.28028 285.468 324.489
215.402 61.6061 3.58873 3.06376 134.91 664.833
222.911 61.4593 3.59442 3.01893 84.4353 1042.41
224.22 61.4862 3.59923 3.02473 87.1482 1111.82
226.918 61.1512 3.61559 3.06659 76.635 1252.07
198.736 59.2533 3.66377 3.23989 210.073 366.138
200.175 59.1767 3.6539 3.30937 182.046 283.606
210.276 60.4814 3.6203 3.08482 138.548 361.695
219.809 60.7718 3.60725 2.98925 116.638 864.848
221.424 60.3024 3.62056 3.0715 232.283 946.864
223.909 60.7704 3.60794 3.03697 146.599 1086.69
190.452 56.6011 3.69287 3.29229 106.679 896.189
212.597 59.9979 3.63209 3.06227 222.297 458.067
222.262 59.6304 3.66152 3.24891 134.636 991.788
223.04 60.1218 3.63319 3.142 162.224 1035.43
226.285 59.5898 3.67175 3.27555 130.186 1218.85
212.566 65.1171 3.64694 3.25486 139.808 822.388
213.66 59.4296 3.62048 3.09577 221.829 504.844
227.731 58.9601 3.70196 3.35231 126.284 1308.49
224.26 58.4133 3.74201 3.43588 100.579 1118.95
225.482 58.2747 3.74689 3.45265 102.424 1192.1
229.033 59.3946 3.67574 3.28013 112.247 1375.87
197.939 55.703 3.6253 3.16582 176.581 537.641
200.447 56.2848 3.62254 3.05785 83.394 378.879
223.768 57.9616 3.78217 3.48554 127.351 1099.89
225.424 57.4688 3.78816 3.48483 113.363 1208.61
228.869 57.9128 3.74009 3.41205 97.1689 1395.84
227.048 56.8144 3.79946 3.51022 85.013 1323.56
229.75 56.9811 3.75995 3.46497 92.1302 1474.69
212.138 64.8735 3.6455 3.25603 119.232 788.644
210.428 68.6408 3.6578 3.19328 76.6151 1144.88
226.879 56.1146 3.82299 3.53297 131.066 1339.98
229.974 55.9154 3.80159 3.52401 72.531 1527.73
228.385 55.3279 3.82403 3.54799 101.988 1461.11
227.653 56.4191 3.80945 3.52822 89.6542 1373.04
209.931 62.7622 3.66787 3.04461 130.576 531.508
211.063 63.7323 3.62414 3.23308 96.3967 653.248
211.14 63.4057 3.63155 3.25778 181.359 625.079
218.547 60.1369 4.02201 3.83275 99.1557 786.367
217.908 60.4896 3.61923 2.97368 107.904 756.993
217.507 60.403 3.62985 3.03513 114.604 733.546
218.338 61.0595 3.61874 2.99417 112.318 793.08
216.296 60.3923 3.64008 3.05014 92.0463 667.792
216.716 60.1205 3.63168 3.06586 122.951 685.219
215.271 60.5805 3.64629 3.01213 99.2201 618.095
216.679 60.2805 3.63576 3.07513 99.831 686.14
218.244 60.7315 3.61514 2.9708 100.202 780.091
217.659 60.602 3.615 2.95855 89.5518 745.865
216.749 60.4427 3.62786 3.03251 102.95 693.359
217.639 60.9231 3.6191 3.01506 140.284 752.717
218.995 60.8241 3.60922 2.97625 134.308 822.234
216.976 61.3836 3.60468 3.02595 129.07 733.195
218.049 60.1785 3.63253 3.03538 144.392 759.476
216.031 60.2361 3.64168 3.07802 121.183 649.956
217.533 61.187 3.61422 3.02448 130.378 754.921
218.652 60.2994 3.62018 3.05071 81.917 794.311
219.217 60.1294 3.63521 3.08758 160.524 823.338
216.221 60.072 3.63244 3.05157 135.701 657.179
218.856 60.4399 3.62015 3.01179 111.453 807.564
216.546 61.2275 3.62476 3.03297 116.316 705.709
