# evlo=197.938995 evla=55.702999
225.449 60.24 3.66478 3.25285 43.3349 1690.36
194.627 64.5646 3.66848 3.21453 49.3879 1003.97
217.908 60.4896 3.6091 3.08073 69.9242 1286.08
217.654 61.036 3.61472 3.09733 70.8688 1290.71
217.507 60.403 3.61031 3.10781 68.8718 1262.19
218.338 61.0595 3.60661 3.09128 84.9332 1326.66
220.363 59.9534 3.65489 3.19501 119.562 1405.72
216.3 60.3932 3.62057 3.13532 50.3825 1198.15
225.144 58.5792 3.74998 3.36933 77.7015 1665.75
216.716 60.1205 3.61966 3.11894 79.0072 1211.5
215.395 60.9677 3.62725 3.12049 72.6626 1173.49
209.094 59.7511 3.62501 3.1485 155.327 801.512
209.259 59.7417 3.62202 3.14834 157.572 809.106
210.701 64.1732 3.64444 3.26219 50.6926 1178.43
208.846 60.7683 3.61807 3.15455 129.912 851.805
212.195 64.6453 3.65499 3.29657 80.2614 1266.27
204.378 55.8218 3.62851 3.11356 152.124 404.248
207.685 63.8827 3.71017 3.24015 53.6749 1060.34
208.763 59.5251 3.61821 3.15309 108.469 772.971
209.796 67.2269 3.70049 3.27327 98.0487 1425.68
216.907 60.7523 3.6174 3.10487 53.1186 1242.25
218.66 60.9649 3.60433 3.08622 73.3536 1340.2
209.738 62.4058 3.63853 3.2969 129.871 1004.9
217.513 60.0823 3.62416 3.12963 99.4377 1253.23
212.624 63.0753 3.6294 3.22129 80.0453 1165.7
214.225 61.1292 3.62637 3.14747 63.5533 1122.87
215.93 63.6482 3.62312 3.20863 79.7272 1337.45
214.25 60.5487 3.6244 3.10143 112.194 1098.06
213.401 60.7277 3.62598 3.12351 67.7008 1063.44
209.784 61.1426 3.61165 3.16746 120.201 917.436
188.296 63.7758 3.68113 3.22304 42.1623 1047.68
203.121 64.7461 3.671 3.28792 62.7981 1046.81
211.074 61.771 3.61437 3.18152 97.226 1014.25
216.188 61.4417 3.61106 3.11865 73.035 1233.14
212.904 60.8792 3.62336 3.1617 92.3235 1046.43
215.271 60.5805 3.62356 3.10621 57.5205 1151.51
216.679 60.2805 3.61609 3.12774 78.9588 1214.48
218.244 60.7315 3.60932 3.07453 68.999 1311.16
213.052 64.4091 3.6585 3.27833 91.5682 1277.81
213.497 60.396 3.62702 3.11699 90.6371 1053.26
215.738 60.3351 3.62163 3.10323 61.0363 1166.66
208.348 59.6572 3.64006 3.16043 140.404 759.968
217.659 60.6024 3.60615 3.07356 72.1878 1276.43
225.615 58.2758 3.76272 3.40049 82.5813 1694.12
215.581 59.9268 3.6233 3.11955 93.8377 1144.73
216.749 60.4427 3.61297 3.10712 63.344 1223.42
217.639 60.9231 3.61302 3.09948 91.7637 1286.02
214.077 61.4924 3.61346 3.1358 85.739 1133.73
211.542 61.4131 3.61553 3.15819 89.6133 1012.26
197.4 66.8951 3.70232 3.27237 35.9843 1247.48
218.995 60.824 3.61024 3.09119 97.4002 1353.34
216.976 61.3836 3.61374 3.11014 75.9513 1269.68
211.063 63.7318 3.64926 3.3144 109.572 1155.41
218.049 60.1785 3.6258 3.11417 113.648 1284.77
216.031 60.2361 3.62474 3.12374 85.8791 1178.7
191.145 52.9721 3.67749 3.26798 148.8 535.989
214.53 62.9699 3.62304 3.1887 98.5267 1237.33
219.747 60.0959 3.63742 3.14176 99.7578 1374.86
220.599 59.667 3.6733 3.22898 88.8336 1413.77
214.475 65.5174 3.66852 3.31371 77.0384 1410.95
217.533 61.1871 3.61382 3.09734 65.8408 1290.04
211.667 60.8584 3.62467 3.14904 68.9347 986.034
215.323 60.3863 3.62322 3.10826 58.1904 1146.82
210.261 61.0889 3.62078 3.16667 102.257 935.013
197.092 68.0541 3.69316 3.2442 94.0742 1377.11
215.154 63.7399 3.62032 3.20388 91.3405 1311.35
218.652 60.2994 3.62264 3.10449 57.0822 1320.4
211.14 63.4056 3.64469 3.28824 99.1195 1132.97
219.217 60.1294 3.63461 3.13577 92.8523 1346.73
216.221 60.072 3.62792 3.1206 101.007 1183.54
218.856 60.4399 3.61717 3.08887 78.6908 1335.05
216.546 61.2275 3.61805 3.11147 59.372 1241.87
207.417 57.7828 3.58437 2.99802 148.95 623.803
212.138 64.8736 3.65203 3.28604 69.2717 1282.59
198.929 70.2043 3.67586 3.16049 87.7182 1617.01
205.026 71.0033 3.80732 3.35414 34.5876 1739.1
198.198 69.3641 3.67972 3.17519 84.569 1522.6
205.387 69.6211 3.85002 3.355 55.1244 1594.7
206.58 70.34 3.86179 3.29643 79.5257 1685.09
194.656 68.2746 3.67059 3.21352 45.7762 1411.05
196.822 68.4753 3.68483 3.22399 65.6252 1424.54
198.806 68.6483 3.68975 3.21915 74.6193 1443.37
200.413 69.1049 3.67883 3.11715 45.1484 1498.8
205.217 69.1565 3.86474 3.36413 40.0308 1543.22
209.387 69.836 3.6682 3.16957 65.0819 1673.54
211.299 69.72 3.66593 3.20435 85.2381 1696.36
215.088 69.9175 3.68312 3.25133 75.9455 1794.93
235.93 69.3475 3.71414 3.25604 32.9787 2411.31
196.917 67.6988 3.69391 3.25022 91.7249 1337.84
203.387 68.7132 3.8164 3.5071 15.1222 1475.99
207.318 68.8799 3.67191 3.23068 93.1351 1542.93
209.319 68.9656 3.67546 3.23525 97.5057 1585.28
211.177 69.1532 3.66789 3.1992 72.4596 1639.29
213.625 69.322 3.6843 3.26127 73.9633 1707.76
198.174 67.082 3.69405 3.27764 86.5176 1268.06
199.397 67.4213 3.68765 3.23326 59.3295 1308.05
206.028 68.4414 3.90966 3.31772 52.6371 1478.26
208.187 68.1343 3.68242 3.24922 58.8423 1481.67
210.384 68.0584 3.69097 3.25233 55.7151 1517.87
211.513 68.0748 3.69378 3.27163 76.4124 1544.6
223.281 66.3701 3.66248 3.22446 65.5798 1790.83
193.671 65.4742 3.65289 3.24305 81.305 1112.92
195.352 65.7077 3.68892 3.29179 55.0644 1123.43
198.75 66.442 3.69587 3.27419 85.7968 1197.41
200.349 66.6001 3.70884 3.19103 57.4603 1220.95
204.275 67.0486 3.65648 3.29389 39.3674 1307.25
206.517 67.2221 3.68259 3.30721 89.4366 1359.67
207.821 67.5076 3.68777 3.2629 70.2908 1412.1
212.113 67.5187 3.71409 3.34167 79.332 1508.17
215.855 67.6946 3.66657 3.23973 35.5926 1625.29
226.258 67.441 3.67738 3.1984 49.9854 1962.39
195.961 64.9941 3.69989 3.29998 81.7559 1040.8
197.645 65.3936 3.69583 3.28947 93.595 1079.85
199.349 65.5011 3.70136 3.23489 74.8523 1094.37
201.346 65.895 3.70637 3.16228 33.4601 1150.26
202.913 66.1434 3.66774 3.2458 42.4644 1193.29
206.494 66.5156 3.6991 3.32913 103.315 1287.35
208.493 66.9214 3.71053 3.27863 77.2558 1367.65
209.976 66.7108 3.7064 3.29639 107.229 1381.29
212.525 66.7004 3.74075 3.54661 45.424 1446.88
218.345 66.8088 3.66353 3.27932 61.7518 1637.12
223.778 66.9808 3.66746 3.22359 62.0315 1843.74
197.761 64.6379 3.68476 3.27847 80.0896 995.522
200.087 64.937 3.69918 3.19703 73.0306 1035.49
201.637 65.1527 3.68782 3.17766 39.552 1071.93
203.551 65.5276 3.66461 3.29884 77.1965 1135.89
205.119 65.4924 3.69028 3.33768 111.388 1157.75
207.195 65.6571 3.71118 3.31046 102.002 1216.06
208.623 65.8937 3.71096 3.31233 92.8383 1271.82
218.473 66.2305 3.66324 3.25988 73.555 1601.78
221.631 66.2191 3.66038 3.22755 45.4057 1718.44
225.657 65.8052 3.64792 3.24736 24.5551 1858.82
214.843 62.3987 3.60242 3.14577 104.528 1217.57
213.052 64.4091 3.6585 3.27833 91.5682 1277.81
199.305 63.8864 3.70043 3.23508 109.966 914.861
205.522 64.7962 3.70439 3.34819 68.8655 1094.89
208.018 65.18 3.71071 3.30606 113.293 1189.53
216.846 65.3064 3.65922 3.25006 76.5958 1480.07
218.385 65.6035 3.65301 3.23002 79.8249 1557.19
220.064 65.4483 3.65174 3.21628 38.4192 1612.41
221.694 65.3609 3.6468 3.19273 77.0972 1672.92
223.623 65.2225 3.63935 3.19705 41.8151 1746.24
196.446 62.7492 3.68804 3.30229 113.629 789.496
199.398 63.2842 3.70637 3.24173 85.2864 848.545
200.922 63.3965 3.70521 3.15603 51.1971 873.295
203.285 63.465 3.67273 3.33531 84.5503 915.179
204.379 63.994 3.68957 3.35287 112.364 990.529
205.853 64.1767 3.71028 3.32521 150.499 1040.76
214.63 64.613 3.65903 3.23339 88.8226 1350.03
216.436 64.5012 3.63897 3.196 75.9687 1411.31
221.784 64.453 3.62069 3.22939 52.7487 1630.65
221.784 64.4525 3.61864 3.20348 50.3366 1630.6
223.67 64.5753 3.61434 3.17156 69.0503 1718.84
195.344 61.9331 3.66112 3.18981 73.6169 709.84
198.469 62.2938 3.7002 3.26043 104.064 734.805
201.699 62.7161 3.67713 3.20253 66.0655 809.885
205.93 63.3569 3.71574 3.31775 94.4063 963.508
214.222 63.8036 3.62969 3.19672 94.539 1278.42
217.924 64.0292 3.62602 3.20569 74.3386 1443.2
222.48 63.8433 3.61837 3.17055 81.1994 1634.14
197.317 61.3416 3.67802 3.28067 154.489 629.1
198.513 61.678 3.69817 3.23555 146.411 666.377
200.525 61.7105 3.69529 3.17616 127.057 685.62
201.703 62.1344 3.67203 3.27068 76.2644 748.196
203.311 62.2195 3.6734 3.35968 109.782 788.339
205.146 62.1816 3.71057 3.25111 72.1284 831.316
216.652 63.0254 3.60993 3.15754 76.8018 1332.55
218.173 63.0618 3.61033 3.15168 83.0519 1402.51
221.871 63.109 3.60585 3.14111 103.572 1576.03
193.799 60.3849 3.64303 3.31928 127.373 575.674
196.65 60.4135 3.65965 3.2787 156.01 530.111
198.04 60.7515 3.68339 3.26663 136.323 562.34
199.312 60.6947 3.71303 3.21717 112.219 561.776
201.041 61.0224 3.66807 3.21714 80.9515 619.511
202.562 61.4009 3.66703 3.35754 118.716 688.984
204.176 61.4907 3.71777 3.30302 120.319 738.926
205.609 61.9037 3.69481 3.2399 122.813 819.527
206.868 61.8823 3.64049 3.25472 84.2692 858.819
209.88 61.7531 3.61092 3.17881 108.76 962.95
212.274 61.7929 3.61099 3.16656 101.602 1067.88
213.825 62.1067 3.60527 3.1475 99.6568 1155.47
217.004 62.4013 3.59016 3.12437 101.103 1316.42
218.122 62.3579 3.5842 3.09894 91.7421 1366.96
221.538 62.4435 3.58774 3.13632 72.0459 1535.22
223.206 62.5763 3.59331 3.13355 61.3396 1621.66
225.609 62.2024 3.59336 3.08755 72.7851 1731.8
198.315 59.9237 3.68815 3.23911 133.681 470.605
199.908 60.1686 3.69506 3.14911 121.344 510.795
201.231 60.4742 3.66753 3.25728 128.812 565.604
202.813 60.5269 3.70128 3.38779 171.105 608.897
204.11 60.6801 3.69553 3.19081 85.8472 661.995
205.516 60.8132 3.64736 3.24999 99.9781 721.441
207.791 61.2001 3.63404 3.30381 139.91 838.409
215.402 61.6061 3.61486 3.13604 62.4846 1202.47
222.911 61.4593 3.60573 3.07954 80.5867 1575.16
224.22 61.4862 3.61079 3.06732 115.348 1644.03
226.918 61.1512 3.63168 3.11726 110.886 1780.88
198.736 59.2533 3.67684 3.25033 227.573 398.265
200.175 59.1767 3.70677 3.12478 91.6209 409.449
201.907 59.5938 3.67738 3.42592 177.604 493.662
202.905 59.7733 3.68052 3.22553 185.817 540.976
204.792 59.8542 3.63049 3.28389 159.233 615.822
205.68 60.1952 3.63759 3.32476 89.7074 677.707
207.376 60.0815 3.64544 3.18626 126.256 741.124
210.276 60.4814 3.62998 3.16112 77.703 899.197
219.809 60.7718 3.61168 3.09391 96.7809 1394.71
221.424 60.3024 3.63555 3.11752 109.072 1470.52
223.909 60.7704 3.62408 3.11893 107.874 1613.62
202.009 59.0314 3.67821 3.31477 164.093 444.103
203.561 59.1953 3.63432 3.17775 109.741 514.606
204.771 59.3922 3.64185 3.33274 151.257 579.238
206.768 59.6524 3.64924 3.18975 155.632 685.298
212.597 59.9979 3.61646 3.09947 91.707 990.128
222.262 59.6304 3.68145 3.2831 59.6064 1506.3
223.04 60.1218 3.65709 3.19688 86.6477 1556.05
226.285 59.5898 3.70164 3.31274 81.1544 1732.51
227.183 60.2114 3.67626 3.27026 88.1358 1785.92
212.566 65.1171 3.65741 3.2927 66.5725 1316.15
203.344 58.6774 3.61537 3.21573 225.39 465.057
204.113 58.2637 3.62562 3.21442 235.773 471.124
204.991 58.6484 3.6253 3.16582 176.581 537.641
206.355 58.9287 3.63442 3.1509 159.191 620.765
207.606 58.6097 3.61148 3.14049 134.092 667.711
213.66 59.4296 3.62134 3.10859 108.936 1025.11
227.731 58.9601 3.73231 3.35845 65.5058 1814.6
202.426 57.5673 3.61433 3.15736 199.981 344.711
203.613 57.6397 3.63772 3.08096 187.028 409.076
205.548 57.5665 3.62463 3.07297 112.304 510.579
224.26 58.4133 3.75716 3.3862 68.7894 1614.42
225.482 58.2747 3.7624 3.40787 85.7518 1686.31
229.033 59.3946 3.70963 3.32341 59.9317 1887.96
223.768 57.9616 3.77274 3.44734 108.698 1586.59
225.424 57.4688 3.79222 3.51264 95.5378 1688.44
228.869 57.9128 3.7705 3.4499 72.0319 1888.35
227.048 56.8144 3.80605 3.56672 86.1694 1794.58
229.75 56.9811 3.78457 3.51228 88.0618 1954.48
212.138 64.8735 3.65715 3.27702 55.9723 1282.57
210.428 68.6408 3.68166 3.21655 58.1246 1574.75
226.879 56.1146 3.82399 3.57826 110.619 1797.18
229.974 55.9154 3.81292 3.59149 77.7577 1990.71
228.385 55.3279 3.83369 3.61782 106.503 1908.26
227.653 56.4191 3.8151 3.57403 105.837 1838.31
209.931 62.7622 3.54374 3.05217 67.8028 1039.31
211.063 63.7323 3.64944 3.31456 109.572 1155.47
211.14 63.4057 3.64471 3.28826 99.1195 1132.98
218.547 60.1369 3.81207 3.53176 57.5359 1310.55
217.908 60.4896 3.6091 3.08073 69.9242 1286.08
217.507 60.403 3.61031 3.10781 68.8718 1262.19
218.338 61.0595 3.60662 3.09129 84.9332 1326.66
216.296 60.3923 3.61993 3.13477 50.3825 1197.94
216.716 60.1205 3.61966 3.11894 79.0072 1211.5
215.271 60.5805 3.62356 3.10621 57.5205 1151.51
216.679 60.2805 3.61609 3.12774 78.9588 1214.48
218.244 60.7315 3.60932 3.07453 68.999 1311.16
217.659 60.602 3.60605 3.07347 72.1878 1276.39
216.749 60.4427 3.61297 3.10712 63.344 1223.42
217.639 60.9231 3.61299 3.09945 91.7637 1286.01
218.995 60.8241 3.61024 3.0912 97.4002 1353.34
216.976 61.3836 3.61374 3.11014 75.9513 1269.68
218.049 60.1785 3.6258 3.11417 113.648 1284.77
216.031 60.2361 3.62474 3.12374 85.8791 1178.7
217.533 61.187 3.61384 3.09736 65.8408 1290.04
218.652 60.2994 3.62264 3.10449 57.0822 1320.4
219.217 60.1294 3.63461 3.13577 92.8523 1346.73
216.221 60.072 3.62792 3.1206 101.007 1183.54
218.856 60.4399 3.61717 3.08887 78.6908 1335.05
216.546 61.2275 3.61805 3.11147 59.372 1241.87
