# evlo=218.614197 evla=60.172001
212.138 64.8736 3.57244 3.17137 98.9046 620.447
210.402 60.8738 3.59981 3.08687 59.2474 457.385
209.918 61.8636 3.57205 3.09393 58.32 506.129
210.519 60.6717 3.59031 3.02663 63.6242 449.118
209.518 60.7352 3.59867 3.07699 55.9634 504.122
208.723 60.6622 3.58621 2.95446 33.7517 547.17
212.047 60.7098 3.57187 3.04458 68.5858 366.355
209.968 60.4881 3.57346 3.0595 47.2018 478.571
208.919 60.4641 3.58248 2.991 46.9325 536.318
210.813 60.8045 3.59761 3.03137 56.1851 434.369
209.518 60.7351 3.59851 3.07685 55.9634 504.1
