# evlo=209.328995 evla=66.7192
217.908 60.4896 3.60736 3.14324 58.3903 812.919
217.507 60.403 3.61536 3.09643 48.3973 811.458
218.338 61.0595 3.59648 3.11389 69.2769 769.05
216.3 60.3932 3.61483 3.11894 32.4057 784.587
216.716 60.1205 3.60437 3.09983 47.8641 821.598
216.679 60.2805 3.60382 3.09745 51.8393 804.44
218.244 60.7315 3.61495 3.15402 59.6774 798.056
217.659 60.6024 3.61595 3.15213 43.5714 795.447
216.749 60.4427 3.61574 3.08469 65.7039 789.526
217.639 60.9231 3.59767 3.14678 38.8753 763.408
217.277 60.2474 3.62809 3.14983 32.0836 821.524
216.976 61.3836 3.60294 3.16769 32.3123 701.241
216.031 60.2361 3.62193 3.15401 62.1069 795.088
217.533 61.1871 3.59912 3.13336 72.1628 734.895
218.652 60.2994 3.61478 3.15966 72.5579 851.018
219.217 60.1294 3.60962 3.15445 67.513 882.837
216.221 60.072 3.6416 3.12946 39.2527 815.99
218.856 60.4399 3.6247 3.10494 35.3412 842.879
216.546 61.2275 3.63185 3.10897 41.7827 705.888
231.887 52.1847 3.68266 3.28863 18.9203 2039.28
218.842 64.7774 3.7166 3.19271 87.7828 486.298
234.769 58.8471 3.70254 3.21177 23.5967 1549.82
231.195 60.1197 3.69664 3.18889 19.4482 1305.85
229.393 60.087 3.69374 3.20586 17.0736 1236.58
228.256 59.933 3.70034 3.2907 20.0182 1204.79
225.753 60.434 4.08448 3.26273 25.5048 1069.55
237.286 58.0965 3.70251 3.22849 24.3706 1712.61
237.012 57.7103 3.69594 3.2577 25.375 1732.34
237.146 57.39 3.7022 3.20636 18.4039 1763.9
211.301 69.7162 3.55055 2.91313 172.116 344.08
198.722 65.4015 3.69403 3.21655 189.165 501.714
194.662 64.5695 3.68879 3.19822 122.35 714.482
211.554 70.2036 3.59371 3.08679 151.255 399.149
204.534 64.74 3.72587 3.2672 145.729 311.467
211.306 69.424 3.58223 2.90791 155.955 312.702
217.908 60.4896 3.60736 3.14324 58.3903 812.919
217.507 60.403 3.61536 3.09643 48.3973 811.458
218.338 61.0595 3.59649 3.11391 69.2769 769.053
216.296 60.3923 3.61492 3.11902 32.4057 784.605
216.716 60.1205 3.60437 3.09983 47.8641 821.598
216.679 60.2805 3.60382 3.09745 51.8393 804.44
218.244 60.7315 3.61495 3.15402 59.6774 798.056
217.659 60.602 3.61607 3.15223 43.5714 795.474
216.749 60.4427 3.61574 3.08469 65.7039 789.526
217.639 60.9231 3.59764 3.14676 38.8753 763.402
217.277 60.2474 3.62809 3.14983 32.0836 821.524
216.976 61.3836 3.60294 3.16769 32.3123 701.241
216.031 60.2361 3.62193 3.15401 62.1069 795.088
217.533 61.187 3.5992 3.13343 72.1628 734.91
218.652 60.2994 3.61478 3.15966 72.5579 851.018
219.217 60.1294 3.60962 3.15445 67.513 882.837
216.221 60.072 3.6416 3.12946 39.2527 815.99
218.856 60.4399 3.6247 3.10494 35.3412 842.879
216.546 61.2275 3.63185 3.10897 41.7827 705.888
210.574 60.776 3.63375 3.06127 22.1983 665.319
210.502 61.001 3.60295 3.27836 20.9566 640.01
211.909 60.5183 3.60053 3.31738 25.3358 702.808
210.455 61.3427 3.60768 3.25692 17.0893 601.852
209.971 61.6954 3.63276 3.14419 33.5212 560.912
212.047 60.7098 3.59493 3.26244 29.7349 683.054
211.068 60.8049 3.61514 3.13909 24.0203 664.783
209.81 60.4601 3.62386 3.16928 22.4317 698.107
211.376 60.7866 3.5994 3.28101 24.7244 668.909
