# evlo=231.664993 evla=54.851002
216.3 60.3932 3.70278 3.33202 37.7229 1102.19
216.716 60.1205 3.70826 3.3443 34.6041 1067.86
216.679 60.2805 3.69931 3.3166 38.0246 1077.81
216.749 60.4427 3.69388 3.30703 33.6057 1082.88
217.277 60.2474 3.71638 3.36922 32.0425 1046.88
216.031 60.2361 3.71894 3.3418 45.939 1107.66
216.221 60.072 3.72718 3.34125 31.4123 1090.22
231.887 52.1847 3.66667 3.43189 63.2445 297.112
236.736 59.4036 3.18775 3.33663 15.0233 592.363
235.766 58.6528 3.68625 2.98222 16.1688 491.905
234.769 58.8471 3.57067 3.10368 16.9978 483.487
229.393 60.087 3.58496 3.32885 17.2661 598.755
228.256 59.933 3.60855 3.17888 28.6288 601.754
225.753 60.434 3.62854 3.13169 29.4339 714.405
210.176 67.8516 3.66482 3.26604 38.5104 1829.28
232.425 52.1577 3.64426 3.31201 33.4525 303.957
232.528 52.1871 3.60454 3.30222 33.275 301.946
232.644 52.2602 3.64039 3.2694 66.2119 295.544
232.742 52.2882 3.64483 3.20024 20.3658 294.01
232.744 52.294 3.64309 3.27577 75.8439 293.42
232.847 52.3171 3.65474 3.27457 68.2588 292.666
233.021 52.3437 3.65067 3.30829 47.4137 293.128
233.165 52.3901 3.68148 3.2027 55.2567 291.306
233.315 52.3748 3.67375 3.24064 59.6209 296.428
233.445 52.404 3.67244 3.22354 52.2126 296.703
233.582 52.4315 3.67826 3.24259 57.8885 297.627
233.655 52.4415 3.63051 3.1824 15.5187 298.69
233.654 52.4412 3.68871 3.21061 52.3891 298.68
233.783 52.4386 3.68954 3.20518 54.926 302.787
233.869 52.4069 3.68689 3.21854 65.6731 308.602
233.933 52.3681 3.69076 3.18134 60.6554 314.436
234.034 52.3981 3.70038 3.21196 67.6868 314.741
234.15 52.4019 3.70702 3.20947 48.8233 318.265
234.223 52.362 3.70262 3.14949 55.9302 324.608
234.367 52.4126 3.68817 3.17075 61.5006 324.922
234.492 52.3773 3.67823 3.21633 99.1952 332.811
234.738 52.38 3.67832 3.22077 76.5155 341.963
234.917 52.3782 3.68933 3.23672 75.0484 349.297
216.296 60.3923 3.70319 3.33239 37.7229 1102.31
216.716 60.1205 3.70826 3.3443 34.6041 1067.86
216.679 60.2805 3.69931 3.3166 38.0246 1077.81
216.749 60.4427 3.69388 3.30703 33.6057 1082.88
217.277 60.2474 3.71638 3.36922 32.0425 1046.88
216.031 60.2361 3.71894 3.3418 45.939 1107.66
216.221 60.072 3.72718 3.34125 31.4123 1090.22
210.574 60.776 3.74674 3.45992 18.4391 1407.95
