# evlo=231.479004 evla=54.262001
217.507 60.403 3.7088 3.3194 30.0183 1080.63
216.3 60.3932 3.74275 3.39366 26.9892 1136.75
216.716 60.1205 3.73894 3.39076 41.9538 1101.6
216.679 60.2805 3.74363 3.33117 46.501 1112.32
216.749 60.4427 3.7334 3.32853 34.7427 1118.31
216.031 60.2361 3.74409 3.41381 38.7012 1141.06
216.221 60.072 3.74809 3.45842 31.256 1123.03
236.736 59.4036 3.54867 3.98295 16.6288 655.878
235.766 58.6528 3.64796 3.17014 18.6705 555.53
228.256 59.933 3.60985 3.20385 20.6886 660.864
226.693 60.4834 3.63076 3.1815 18.7072 749.821
225.753 60.434 3.62631 3.19436 18.871 768.294
234.223 52.362 3.6899 3.17604 73.1498 279.521
234.367 52.4126 3.71901 3.22411 89.3297 281.7
234.492 52.3773 3.7255 3.19065 69.8056 290.314
234.738 52.38 3.73154 3.22801 67.9516 301.651
234.917 52.3782 3.73378 3.24423 80.9877 310.489
217.507 60.403 3.7088 3.3194 30.0183 1080.63
216.296 60.3923 3.74312 3.39399 26.9892 1136.86
216.716 60.1205 3.73894 3.39076 41.9538 1101.6
216.679 60.2805 3.74363 3.33117 46.501 1112.32
216.749 60.4427 3.7334 3.32853 34.7427 1118.31
216.031 60.2361 3.74409 3.41381 38.7012 1141.06
216.221 60.072 3.74809 3.45842 31.256 1123.03
