# evlo=207.915604 evla=63.4188
194.627 64.5646 3.89101 3.75005 129.213 661.559
217.908 60.4896 3.95019 3.37764 49.1482 616.701
217.654 61.036 3.91908 3.3798 65.7651 571.053
217.507 60.403 3.87642 3.29801 32.1671 604.872
218.338 61.0595 3.88773 3.33727 66.6261 601.317
216.3 60.3932 3.81519 3.34068 50.8161 554.152
216.716 60.1205 3.77234 3.44495 63.213 591.564
215.395 60.9677 3.88224 3.35054 86.8137 475.213
204.378 55.8218 3.84276 3.51513 47.9312 869.248
200.411 54.831 3.81159 3.53858 62.8186 1047.12
208.763 59.5251 3.82839 3.33689 97.7952 436.234
209.796 67.2269 3.8391 3.72882 133.079 433.494
216.907 60.7523 3.88997 3.34308 39.6886 555.189
218.66 60.9649 3.87902 3.36504 53.1975 621.678
217.513 60.0823 3.80799 3.29919 46.6789 627.687
214.25 60.5487 3.75332 3.53085 93.6347 460.692
214.766 66.5657 3.84152 3.73976 113.959 476.552
188.296 63.7758 3.85832 3.74581 90.4613 970.768
216.188 61.4417 3.93426 3.53151 129.206 480.302
215.271 60.5805 3.80603 3.30114 60.3108 498.076
216.679 60.2805 3.79219 3.40324 49.4826 578.204
218.244 60.7315 3.92386 3.40673 43.1101 616.369
213.497 60.396 3.78494 3.59135 59.7845 446.357
215.738 60.3351 3.76211 3.40755 48.0777 535.511
217.659 60.6024 3.93679 3.3088 42.5962 598.253
215.581 59.9268 3.76985 3.44371 69.0501 561.672
216.749 60.4427 3.84409 3.37562 55.7057 569.492
217.639 60.9231 3.91678 3.39318 113.547 577.153
197.4 66.8951 3.7115 3.73736 42.8476 625.907
218.995 60.824 3.87133 3.2939 60.9717 645.372
216.976 61.3836 3.92119 3.43819 85.8773 519.906
218.049 60.1785 3.83089 3.2239 26.6628 643.924
216.031 60.2361 3.76003 3.49469 57.1744 554.879
191.145 52.9721 3.83702 3.65414 51.1102 1515.87
219.747 60.0959 3.83184 3.22681 27.5433 724.775
217.533 61.1871 3.91949 3.4399 80.9206 556.728
215.323 60.3863 3.77888 3.3668 43.3742 515.014
197.092 68.0541 3.81448 3.54668 51.7909 714.793
218.652 60.2994 3.85872 3.23831 24.7239 662.3
214.792 60.5341 3.77722 3.52244 50.5817 482.628
205.816 56.5593 3.84068 3.40989 64.8493 773.056
189.752 57.1766 3.81255 3.64091 111.027 1214.89
217.161 60.1791 3.80501 3.34732 52.6457 605.821
216.221 60.072 3.79191 3.42472 74.206 575.136
218.856 60.4399 3.92381 3.36013 44.9889 662.346
217.171 60.7541 3.90903 3.36128 48.4409 566.705
192.073 65.5598 3.83198 3.61375 87.2879 795.648
193.495 53.8452 3.81622 3.64382 118.884 1349.54
216.546 61.2275 3.9557 3.51939 101.083 509.136
217.147 60.448 3.86553 3.36057 51.5442 586.183
207.417 57.7828 3.85716 3.40676 121.913 628.564
196.917 67.6988 3.82533 3.6674 80.6876 695.193
207.318 68.8799 3.81384 3.48383 59.1124 609.552
209.319 68.9656 3.85779 3.58381 82.5612 621.706
211.177 69.1532 3.86072 3.55954 110.108 655.765
213.625 69.322 3.83718 3.57081 140.827 705.396
219.035 69.243 3.83945 3.59063 85.4675 816.049
198.174 67.082 3.77388 3.66062 72.284 610.416
199.397 67.4213 3.83426 3.74391 75.5813 595.309
202.768 67.4572 3.84869 3.50045 64.8184 509.312
206.028 68.4414 3.7835 3.54383 52.4828 566.538
208.187 68.1343 3.82128 3.58808 75.4377 525.941
210.384 68.0584 3.85956 3.64292 120.687 529.467
211.513 68.0748 3.83309 3.60279 143.914 544.515
214.432 68.1207 3.7963 3.60795 128.372 602.597
218.405 68.1861 3.87364 3.69856 109.606 714.336
220.465 68.6043 3.87664 3.71009 69.9246 808.746
222.103 68.3889 3.88323 3.70063 87.1873 848.093
223.281 66.3701 3.92108 3.62908 95.146 795.952
193.671 65.4742 3.80376 3.57684 81.8006 721.269
195.352 65.7077 3.76935 3.56977 59.6884 652.758
198.75 66.442 3.74915 3.50691 59.1274 548.256
200.349 66.6001 3.76737 3.71926 62.2979 502.506
202.227 66.8332 3.82615 3.635 82.4805 464.644
206.517 67.2221 3.83218 3.41862 59.2926 429.01
207.821 67.5076 3.86418 3.54286 60.8421 455.919
212.113 67.5187 3.82189 3.5761 113.331 496.541
214.357 67.5933 3.83896 3.60291 110.81 552.12
215.855 67.6946 3.86232 3.71165 136.722 600.519
220.128 67.6136 3.85268 3.72004 110.949 731.288
224.214 67.6106 3.86793 3.61402 98.6524 883.149
226.258 67.441 3.90131 3.62536 121.697 957.241
195.961 64.9941 3.88388 3.56322 67.1425 605.538
197.645 65.3936 3.83514 3.45744 72.8621 541.159
199.349 65.5011 3.81431 3.25724 34.6485 472.604
212.525 66.7004 3.84201 3.73932 150.613 425.111
213.899 66.7653 3.85901 3.74543 118.11 466.84
216.215 66.9498 3.86304 3.68695 143.946 552.493
218.345 66.8088 3.84199 3.57507 157.894 617.487
221.978 66.9116 3.88414 3.57313 128.421 763.219
223.778 66.9808 3.89431 3.59594 128.498 838.941
225.729 66.9227 3.93075 3.63657 104.581 917.59
197.761 64.6379 3.89412 3.7196 86.8783 514.017
214.18 66.267 3.83083 3.75971 37.8396 434.591
214.181 66.267 3.86793 3.71667 80.5319 434.624
218.473 66.2305 3.85786 3.57604 193.719 590.16
221.631 66.2191 3.89856 3.61381 96.6647 720.363
225.657 65.8052 3.92812 3.64017 85.6411 886.323
199.305 63.8864 3.85157 3.67212 147.955 429.393
216.846 65.3064 3.9056 3.58489 178.912 479.337
218.385 65.6035 3.88479 3.55251 189.67 557.867
220.064 65.4483 3.90409 3.60376 195.742 626.217
221.694 65.3609 3.92614 3.56211 184.914 697.482
223.623 65.2225 3.91271 3.5588 161.036 783.65
196.446 62.7492 3.77497 3.61078 158.97 583.508
199.398 63.2842 3.8315 3.679 175.187 426.367
216.201 64.5654 3.86846 3.87792 16.0751 424.84
216.436 64.5012 3.87889 3.71101 267.503 434.239
221.784 64.453 3.88505 3.6042 123.507 688.425
221.784 64.4525 3.86134 3.57669 102.58 688.393
223.67 64.5753 3.87704 3.57767 197.807 779.545
195.344 61.9331 3.79755 3.70332 114.338 663.808
198.469 62.2938 3.76739 3.6497 226.123 496.592
217.924 64.0292 3.83257 3.60899 217.314 498.69
222.48 63.8433 3.84582 3.63276 204.231 722.007
197.317 61.3416 3.81239 3.67991 205.382 594.376
198.513 61.678 3.79804 3.68336 161.099 520.644
200.525 61.7105 3.82664 3.66423 211.36 424.74
216.652 63.0254 3.80194 3.6244 135.781 441.176
218.173 63.0618 3.80067 3.64365 235.579 516.445
221.871 63.109 3.80964 3.63611 203.769 700.227
193.799 60.3849 3.82179 3.76271 154.84 813.226
196.65 60.4135 3.85494 3.62641 134.005 678.776
198.04 60.7515 3.86063 3.73535 143.187 594.613
199.312 60.6947 3.85252 3.58919 146.281 542.146
201.041 61.0224 3.86981 3.67114 173.151 445.966
217.004 62.4013 3.80814 3.47569 206.26 475.207
218.122 62.3579 3.80587 3.54779 161.648 531.837
221.538 62.4435 3.79223 3.66524 168.407 698.998
223.206 62.5763 3.79935 3.65683 163.102 778.666
225.609 62.2024 3.8145 3.66757 144.272 909.511
198.315 59.9237 3.84284 3.55406 98.9337 639.436
199.908 60.1686 3.82138 3.58458 120.527 555.756
201.231 60.4742 3.83858 3.66345 159.885 479.979
215.402 61.6061 3.91026 3.60466 129.04 435.01
222.911 61.4593 3.80798 3.56855 93.2917 802.523
224.22 61.4862 3.79795 3.59332 124.53 866.14
226.918 61.1512 3.81648 3.62461 110.339 1014.07
198.736 59.2533 3.83012 3.65254 166.41 674.821
200.175 59.1767 3.84308 3.83331 116.918 628.103
201.907 59.5938 3.81677 3.68464 201.427 532.491
202.905 59.7733 3.8024 3.67783 205.526 485.272
204.792 59.8542 3.837 3.53727 118.52 430.257
219.809 60.7718 3.86049 3.2832 76.308 686.376
221.424 60.3024 3.84895 3.30671 99.6663 789.3
223.909 60.7704 3.82531 3.5309 142.507 883.233
190.452 56.6011 3.80051 3.65607 45.9071 1228.54
202.009 59.0314 3.80008 3.57311 151.549 582.321
203.561 59.1953 3.80999 3.5686 155.037 525.041
204.771 59.3922 3.81183 3.54483 131.139 478.98
206.768 59.6524 3.79896 3.45135 147.784 424.117
222.262 59.6304 3.8129 3.18631 47.7312 869.651
223.04 60.1218 3.86298 3.39314 71.347 876.166
226.285 59.5898 3.86328 3.53906 56.4464 1062.32
227.183 60.2114 3.82004 3.55857 147.579 1071.79
203.344 58.6774 3.80179 3.59515 136.311 582.858
204.113 58.2637 3.80938 3.50778 105.243 610.226
204.991 58.6484 3.81638 3.42259 105.763 554.418
206.355 58.9287 3.82285 3.44017 123.369 507.296
207.606 58.6097 3.81361 3.44006 118.725 536.134
213.66 59.4296 3.86967 3.37132 92.0553 539.608
227.731 58.9601 3.85578 3.45517 69.651 1169.52
202.426 57.5673 3.80163 3.55826 96.9763 717.814
203.613 57.6397 3.8133 3.51567 69.9233 685.51
205.548 57.5665 3.81051 3.48963 88.3225 664.812
229.033 59.3946 3.82746 3.57893 110.212 1206.86
200.447 56.2848 3.77425 3.51447 76.1182 896.945
223.768 57.9616 3.80435 3.4162 40.0252 1053.67
225.424 57.4688 3.80159 3.39633 30.6441 1163.79
228.869 57.9128 3.82639 3.36753 40.3007 1291.18
229.75 56.9811 3.8167 3.42975 51.8717 1397.17
210.428 68.6408 3.85766 3.59093 126.301 593.207
226.879 56.1146 3.80131 3.52353 57.2709 1332.24
228.385 55.3279 3.80989 3.5729 52.9247 1461
218.842 64.7774 3.89558 3.63196 227.766 553.084
227.653 56.4191 3.79165 3.50169 47.6975 1342.77
218.547 60.1369 3.90152 4.5518 60.9154 668.533
217.908 60.4896 3.95019 3.37764 49.1482 616.701
217.507 60.403 3.87642 3.29801 32.1671 604.872
218.338 61.0595 3.88776 3.3373 66.6261 601.322
216.296 60.3923 3.81467 3.34022 50.8161 554.077
216.716 60.1205 3.77234 3.44495 63.213 591.564
215.271 60.5805 3.80603 3.30114 60.3108 498.076
216.679 60.2805 3.79219 3.40324 49.4826 578.204
218.244 60.7315 3.92386 3.40673 43.1101 616.369
217.659 60.602 3.93681 3.30882 42.5962 598.257
216.749 60.4427 3.84409 3.37562 55.7057 569.492
217.639 60.9231 3.91672 3.39313 113.547 577.144
218.995 60.8241 3.87129 3.29387 60.9717 645.366
216.976 61.3836 3.92119 3.43819 85.8773 519.906
218.049 60.1785 3.83089 3.2239 26.6628 643.924
216.031 60.2361 3.76003 3.49469 57.1744 554.879
217.533 61.187 3.9196 3.43999 80.9206 556.743
218.652 60.2994 3.85872 3.23831 24.7239 662.3
216.221 60.072 3.79191 3.42472 74.206 575.136
218.856 60.4399 3.92381 3.36013 44.9889 662.346
216.546 61.2275 3.9557 3.51939 101.083 509.136
