# evlo=214.25 evla=60.548698
194.627 64.5646 3.81638 3.53364 93.7729 1098.35
225.144 58.5792 3.8316 3.69475 204.904 652.862
209.013 64.0997 3.8161 3.45778 75.558 479.605
210.701 64.1732 3.81867 3.52117 82.095 443.628
207.916 63.4188 3.75332 3.53085 93.6347 460.692
212.195 64.6453 3.88354 3.45559 57.5333 468.572
200.411 54.831 3.86019 3.49674 62.1037 1039.07
207.685 63.8827 3.79907 3.64914 102.511 504.229
209.796 67.2269 3.8768 3.55875 78.5011 775.456
221.785 59.0906 3.88771 3.66816 35.8098 452.538
196.582 54.8564 3.86696 3.4928 48.624 1223.72
214.766 66.5657 3.83736 3.67447 65.1567 671.198
188.296 63.7758 3.80846 3.52875 85.0059 1388.89
203.121 64.7461 3.81325 3.66525 73.3545 736.218
213.052 64.4091 3.92161 3.53935 81.4741 434.649
225.615 58.2758 3.84993 3.68012 209.932 692.178
197.4 66.8951 3.81526 3.63664 49.0666 1086.47
209.077 63.5527 3.7635 3.61568 98.5511 430.212
211.768 64.9602 3.85825 3.3666 65.3917 507.688
209.256 65.0304 3.84611 3.4122 90.0049 560.401
210.931 64.5928 3.82521 3.46951 153.967 481.803
191.145 52.9721 3.85819 3.53805 65.7595 1633
214.475 65.5174 3.85658 3.45465 105.671 553.937
207.811 62.8962 3.86465 3.37067 107.434 429.052
197.092 68.0541 3.80138 3.46397 80.2198 1171.29
205.816 56.5593 3.87183 3.65897 192.71 661.332
189.752 57.1766 3.83266 3.59567 160.384 1453.21
192.073 65.5598 3.78329 3.51675 44.3711 1244.02
193.495 53.8452 3.84233 3.53316 101.23 1450.68
211.908 64.4716 3.85169 3.47783 82.2104 453.485
207.417 57.7828 3.8272 3.4712 288.611 497.292
193.671 65.4742 3.82697 3.53755 29.4258 1170.61
195.352 65.7077 3.79521 3.63527 38.8307 1106.97
198.75 66.442 3.80185 3.63833 70.8419 1008.92
202.227 66.8332 3.81051 3.39627 30.978 915.852
204.275 67.0486 3.85603 3.41781 51.5027 873.334
207.821 67.5076 3.80052 3.36827 42.3886 835.954
212.113 67.5187 3.84018 3.45728 56.224 783.866
214.357 67.5933 3.85069 3.56804 47.8801 785.332
215.855 67.6946 3.83102 3.60096 63.3078 800.371
220.128 67.6136 3.81314 3.41319 62.0766 837.286
224.214 67.6106 3.85434 3.57758 161.93 922.776
226.258 67.441 3.87242 3.56376 97.4088 963.853
195.961 64.9941 3.84791 3.66007 47.6116 1051.94
197.645 65.3936 3.81557 3.57861 44.5342 995.873
199.349 65.5011 3.78893 3.54905 52.1973 931.079
201.346 65.895 3.80523 3.62652 86.1512 878.007
202.913 66.1434 3.80084 3.55671 95.181 840.837
206.494 66.5156 3.81695 3.55104 122.083 767.671
209.976 66.7108 3.88097 3.60975 88.0106 718.425
212.525 66.7004 3.85022 3.34661 27.9533 690.985
213.899 66.7653 3.8728 3.6268 49.0956 693.188
216.215 66.9498 3.83657 3.50871 94.9293 720.023
218.345 66.8088 3.80075 3.43996 96.0939 726.278
221.978 66.9116 3.81749 3.58418 99.2043 804.155
223.778 66.9808 3.8382 3.5563 135.679 855.355
225.729 66.9227 3.85221 3.57428 92.4359 906.119
197.761 64.6379 3.81135 3.66374 58.0078 958.008
200.087 64.937 3.82419 3.6803 65.55 870.686
201.637 65.1527 3.82095 3.63168 46.7355 819.727
203.551 65.5276 3.78667 3.58314 51.1545 773.407
205.119 65.4924 3.84696 3.47772 107.527 717.903
207.195 65.6571 3.81734 3.55123 120.096 670.765
208.623 65.8937 3.80139 3.32247 43.201 658.971
210.457 65.8251 3.84698 3.60144 114.318 618.087
212.122 65.8371 3.85417 3.41018 56.721 599.035
214.181 66.267 3.85335 3.5996 57.1502 637.414
218.473 66.2305 3.8007 3.44013 105.885 667.241
221.631 66.2191 3.79258 3.59892 105.125 730.855
225.657 65.8052 3.84911 3.49627 83.423 818.276
213.052 64.4091 3.92161 3.53935 81.4741 434.649
199.305 63.8864 3.80809 3.43409 50.4938 859.177
205.522 64.7962 3.80343 3.45274 34.7741 650.162
208.018 65.18 3.79138 3.49127 110.853 605.278
210.64 65.1479 3.85187 3.45301 122.358 544.393
216.846 65.3064 3.83573 3.43797 118.211 546.327
218.385 65.6035 3.79982 3.43972 171.523 600.615
220.064 65.4483 3.75319 3.51165 133.935 619.95
221.694 65.3609 3.80199 3.46501 131.835 655.133
223.623 65.2225 3.84037 3.5149 133.062 704.822
196.446 62.7492 3.84093 3.54932 87.3443 971.474
199.398 63.2842 3.83989 3.38614 59.5086 835.406
200.922 63.3965 3.84081 3.39983 28.0437 765.775
203.285 63.465 3.80932 3.3154 40.3503 658.785
204.379 63.994 3.78743 3.57784 67.6158 639.366
205.853 64.1767 3.79031 3.61533 101.711 592.847
214.63 64.613 3.92046 3.46468 81.2082 453.405
216.436 64.5012 3.8058 3.43732 118.755 454.613
221.784 64.453 3.77217 3.48407 135.612 582.445
221.784 64.4525 3.79111 3.52081 95.3263 582.385
223.67 64.5753 3.81391 3.47232 126.605 659.177
195.344 61.9331 3.82655 3.61791 104.681 1023.06
198.469 62.2938 3.83328 3.5398 91.0657 862.325
201.699 62.7161 3.8658 3.46938 91.2142 706.662
205.93 63.3569 3.82382 3.32802 63.4367 536.549
217.924 64.0292 3.78224 3.41941 171.793 432.076
222.48 63.8433 3.80053 3.47726 162.991 563.52
197.317 61.3416 3.81387 3.59064 142.639 919.397
198.513 61.678 3.81836 3.55995 94.1723 855.557
200.525 61.7105 3.80175 3.56421 134.348 749.354
201.703 62.1344 3.84117 3.49916 124.204 693.223
203.311 62.2195 3.84757 3.51012 125.239 612.757
205.146 62.1816 3.86407 3.4934 156.367 519.292
206.12 62.4787 3.91064 3.56867 135.499 482.803
221.871 63.109 3.77674 3.55359 115.623 492.112
193.799 60.3849 3.80428 3.56735 119.583 1120.67
196.65 60.4135 3.80638 3.58441 127.693 965.016
198.04 60.7515 3.79138 3.56075 144.409 884.748
199.312 60.6947 3.79166 3.53868 107.609 816.273
201.041 61.0224 3.79594 3.53886 206.453 720.236
202.562 61.4009 3.80489 3.53609 152.328 639.074
204.176 61.4907 3.81588 3.44814 165.089 554.18
205.609 61.9037 3.83652 3.43705 157.929 487.744
206.868 61.8823 3.84894 3.56465 224.448 423.334
221.538 62.4435 3.82207 3.37121 135.704 441.514
223.206 62.5763 3.80529 3.41563 147.425 526.334
225.609 62.2024 3.81949 3.3742 147.613 633.743
198.315 59.9237 3.8042 3.52384 128.996 883.396
199.908 60.1686 3.79578 3.5201 125.068 791.168
201.231 60.4742 3.78644 3.53739 142.123 714.099
202.813 60.5269 3.78704 3.51196 124.193 626.996
204.11 60.6801 3.79782 3.52437 309.747 554.913
205.516 60.8132 3.78078 3.49855 253.805 477.85
222.911 61.4593 3.79342 3.50409 177.009 479.067
224.22 61.4862 3.79887 3.48295 234.345 548.629
226.918 61.1512 3.81766 3.53035 172.106 690.84
198.736 59.2533 3.80678 3.49046 139.361 878.026
200.175 59.1767 3.81937 3.52858 140.902 801.651
201.907 59.5938 3.80559 3.5108 172.899 694.389
202.905 59.7733 3.80556 3.48691 194.513 635.031
204.792 59.8542 3.80979 3.50355 197.928 529.745
205.68 60.1952 3.79469 3.51195 150.105 474.131
223.909 60.7704 3.74591 3.49621 229.121 528.329
190.452 56.6011 3.84889 3.60245 39.8594 1443.5
202.009 59.0314 3.82994 3.49222 127.668 706.689
203.561 59.1953 3.84345 3.51855 179.655 616.701
204.771 59.3922 3.85194 3.51257 214.027 544.338
206.768 59.6524 3.83402 3.51239 188.493 427.776
222.262 59.6304 3.78289 3.52431 241.975 457.131
223.04 60.1218 3.74977 3.52608 246.312 487.477
226.285 59.5898 3.76087 3.53695 188.686 677.635
227.183 60.2114 3.77313 3.51962 234.992 713.181
212.566 65.1171 3.92596 3.44519 51.553 516.318
203.344 58.6774 3.86873 3.50319 211.979 649.057
204.113 58.2637 3.90033 3.52304 194.697 628.643
204.991 58.6484 3.89436 3.53614 147.08 563.5
206.355 58.9287 3.88245 3.51456 158.666 478.892
207.606 58.6097 3.88347 3.5478 176.695 432.865
227.731 58.9601 3.79294 3.6169 181.404 776.691
202.426 57.5673 3.88086 3.51615 95.9316 753.944
203.613 57.6397 3.88418 3.40941 93.0105 689.36
205.548 57.5665 3.83749 3.47202 90.3022 599.014
224.26 58.4133 3.87162 3.65484 94.2364 614.368
225.482 58.2747 3.85365 3.65751 127.243 685.223
229.033 59.3946 3.77441 3.54201 200.469 833.698
197.939 55.703 3.84775 3.48973 83.9233 1098.06
200.447 56.2848 3.83126 3.49928 63.4472 933.482
223.768 57.9616 3.89799 3.56637 145.393 613.947
225.424 57.4688 3.90307 3.55924 107.419 726.671
228.869 57.9128 3.82747 3.66686 139.526 882.505
227.048 56.8144 3.89717 3.57413 59.9121 848.896
229.75 56.9811 3.84915 3.68321 122.217 978.003
212.138 64.8735 3.87197 3.3675 52.2 493.923
210.428 68.6408 3.86339 3.55978 60.8937 920.095
229.974 55.9154 3.87173 3.61175 59.075 1054.4
227.653 56.4191 3.90719 3.53013 115.104 904.702
210.84 64.6544 3.81426 3.47185 41.4663 489.795
210.867 64.709 3.81716 3.50069 78.1589 494.944
210.853 64.7716 3.82109 3.50066 66.2846 501.664
210.847 64.8338 3.82261 3.54623 54.898 508.22
210.819 64.8857 3.82185 3.47824 90.5695 514.098
210.44 64.87 3.83931 3.54036 118.16 519.381
210.174 64.8537 3.85304 3.55798 60.693 522.961
210.069 64.7653 3.84861 3.58481 124.388 516.27
210.917 64.5498 3.81473 3.49104 86.4486 477.62
210.782 64.5716 3.81284 3.48692 91.1561 482.372
210.554 64.5756 3.81631 3.53849 102.473 487.207
210.901 64.613 3.8158 3.47569 88.7569 484.428
211.172 64.6917 3.82609 3.40636 104.723 487.899
212.567 65.1173 3.82534 3.37352 16.7692 516.338
212.57 65.1176 3.83311 3.41823 17.4176 516.347
