# evlo=205.025803 evla=71.003304
216.3 60.3932 3.8631 3.5366 18.9066 1286.48
213.052 64.4091 3.81126 3.44804 36.4349 808.622
218.995 60.824 3.80749 3.49854 44.2015 1294.07
216.976 61.3836 3.84151 3.48124 42.0732 1195.21
218.652 60.2994 3.81448 3.59513 20.0412 1340.99
216.221 60.072 3.88715 3.79174 68.3118 1319.1
218.856 60.4399 3.81622 3.58276 36.884 1330.65
234.753 71.9871 3.88316 3.56198 151.025 1048.25
194.656 68.2746 3.88544 3.41674 124.239 503.821
196.822 68.4753 3.92534 3.71725 200.482 423.798
216.289 69.626 3.90798 3.43688 74.5082 449.803
196.917 67.6988 3.91376 3.6653 110.915 486.867
219.035 69.243 3.87629 3.22152 74.0463 565.346
221.263 69.3286 3.87504 3.39761 100.568 640.624
198.174 67.082 3.85335 3.39642 82.7154 515.265
199.397 67.4213 3.88142 3.5641 110.231 457.18
214.432 68.1207 4.01741 3.64659 82.4792 486.811
218.405 68.1861 3.89917 3.47873 48.8531 606.38
220.465 68.6043 3.8603 3.30761 58.2404 650.158
222.103 68.3889 3.86146 3.3775 69.342 719.87
223.281 66.3701 3.9118 3.55151 54.2682 897.582
193.671 65.4742 3.86818 3.39401 79.3668 772.775
195.352 65.7077 3.84854 3.61995 87.8104 710.634
198.75 66.442 3.87747 3.53864 85.919 568.113
200.349 66.6001 3.91333 3.58336 118.728 525.839
202.227 66.8332 3.90495 3.45055 107.238 478.424
204.275 67.0486 3.90424 3.55954 119.507 442.155
206.517 67.2221 3.86101 3.43932 68.5845 425.918
214.357 67.5933 3.94231 3.51042 50.9549 528.382
215.855 67.6946 3.99913 3.47995 60.5943 562.534
220.128 67.6136 3.89227 3.49254 59.8337 702.756
224.214 67.6106 3.84962 3.5573 64.2536 841.389
226.258 67.441 3.86265 3.49518 65.7471 923.619
197.645 65.3936 3.84484 3.47851 86.9368 695.378
199.349 65.5011 3.89461 3.52792 97.7857 656.435
201.346 65.895 3.8934 3.46168 143.513 589.167
202.913 66.1434 3.90941 3.49861 97.8724 548.81
206.494 66.5156 3.84739 3.42746 90.4717 504.057
208.493 66.9214 3.90302 3.47736 64.2748 475.87
212.525 66.7004 3.83469 3.54976 56.6463 566.209
213.899 66.7653 3.84311 3.67095 57.8047 591.093
216.215 66.9498 3.87314 3.28199 33.9973 634.796
218.345 66.8088 3.9201 3.62362 32.7516 708.177
221.978 66.9116 3.9027 3.49937 59.1101 814.271
223.778 66.9808 3.87655 3.43672 58.273 869.138
225.729 66.9227 3.87294 3.49942 48.6339 939.68
197.761 64.6379 3.84424 3.39137 65.4401 771.897
200.087 64.937 3.87589 3.6049 90.1365 706.938
201.637 65.1527 3.8708 3.53722 104.737 667.41
203.551 65.5276 3.88814 3.3953 65.7886 613.744
205.119 65.4924 3.85529 3.50546 99.8574 614.69
207.195 65.6571 3.83592 3.47558 65.4225 602.885
208.623 65.8937 3.8903 3.51839 74.1836 588.458
212.122 65.8371 3.84621 3.41139 49.2927 644.751
214.181 66.267 3.81687 4.02518 69.3274 644.895
221.631 66.2191 3.9506 3.69424 44.7881 856.552
213.052 64.4091 3.81126 3.44804 36.4349 808.622
199.305 63.8864 3.89525 3.61789 79.9757 829.79
205.522 64.7962 3.85169 3.55024 54.4044 692.607
208.018 65.18 3.86364 3.33744 41.5286 661.159
216.846 65.3064 3.86828 3.51517 46.3749 800.141
218.385 65.6035 3.8042 3.48881 45.581 813.074
196.446 62.7492 3.80768 3.52921 83.2091 992.113
199.398 63.2842 3.91495 3.61002 88.7215 893.852
200.922 63.3965 3.88758 3.54165 67.5898 866.225
203.285 63.465 3.85259 3.45311 85.1417 843.972
204.379 63.994 3.8468 3.45185 67.6039 782.21
205.853 64.1767 3.85628 3.62254 82.7153 762.162
214.63 64.613 3.84229 3.68699 86.057 817.579
216.436 64.5012 3.88828 3.43754 46.3221 867.835
195.344 61.9331 3.81913 3.64893 96.081 1096.49
198.469 62.2938 3.88264 3.60016 87.2159 1012.24
201.699 62.7161 3.86412 3.50893 76.1929 935.283
205.93 63.3569 3.86658 3.64422 98.694 853.626
214.222 63.8036 3.81321 3.64496 40.7788 892.358
217.924 64.0292 3.84094 3.49351 43.8831 948.794
222.48 63.8433 3.84358 3.6167 42.0683 1086.41
197.317 61.3416 3.86189 3.55243 51.1573 1129.91
198.513 61.678 3.89296 3.57536 52.2674 1078.54
200.525 61.7105 3.88327 3.58058 60.528 1054.94
201.703 62.1344 3.85772 3.49337 87.2753 999.576
203.311 62.2195 3.84061 3.4945 52.4538 982.367
205.146 62.1816 3.84712 3.63732 74.5684 983.762
206.12 62.4787 3.85882 3.60306 100.554 951.82
216.652 63.0254 3.86047 3.53375 39.5244 1019.99
221.871 63.109 3.86305 3.63125 41.0542 1137.62
196.65 60.4135 3.82764 3.44434 76.4291 1239.08
198.04 60.7515 3.90795 3.60118 54.3925 1184.84
199.312 60.6947 3.89879 3.6005 62.2808 1177.43
201.041 61.0224 3.8762 3.5393 55.6173 1126.93
202.562 61.4009 3.83085 3.49011 71.558 1076.26
204.176 61.4907 3.83505 3.59949 67.541 1061.41
206.868 61.8823 3.84115 3.47815 59.3098 1020.3
209.88 61.7531 3.85345 3.63628 59.4518 1053.28
213.825 62.1067 3.81191 3.53261 45.3816 1063.74
217.004 62.4013 3.84172 3.49803 65.7649 1090.87
221.538 62.4435 3.84254 3.60685 43.7664 1192.36
223.206 62.5763 3.86252 3.66677 34.5463 1224.14
225.609 62.2024 3.88513 3.57646 35.0491 1326.86
198.315 59.9237 3.9028 3.61507 46.3687 1272.05
199.908 60.1686 3.88489 3.6029 42.2338 1229.86
201.231 60.4742 3.85534 3.52916 57.8177 1186.27
202.813 60.5269 3.83042 3.55773 67.9354 1172.34
204.11 60.6801 3.83075 3.63047 78.8369 1151.8
205.516 60.8132 3.85711 3.5472 55.9908 1136.45
207.791 61.2001 3.82259 3.51266 96.171 1099.97
222.911 61.4593 3.84959 3.58928 39.2753 1323.33
224.22 61.4862 3.85163 3.63994 33.7898 1355.48
226.918 61.1512 3.87286 3.57896 25.4106 1462.84
198.736 59.2533 3.90851 3.66475 61.6575 1341.16
200.175 59.1767 3.86573 3.5505 84.0398 1337.1
201.907 59.5938 3.83434 3.58604 101.412 1279.97
202.905 59.7733 3.82759 3.61163 96.4223 1255.79
207.376 60.0815 3.82104 3.49519 91.8331 1222.37
210.276 60.4814 3.87012 3.60114 55.1028 1196.57
221.424 60.3024 3.80118 3.62076 32.4702 1401.45
223.909 60.7704 3.84054 3.61659 41.5895 1416.54
202.009 59.0314 3.83778 3.58552 86.6182 1341.9
203.561 59.1953 3.84114 3.66277 62.6066 1318.2
206.768 59.6524 3.82064 3.49937 52.2541 1268.04
222.262 59.6304 3.82825 3.54049 29.545 1489.04
227.183 60.2114 3.88347 3.60891 34.7465 1559.7
212.566 65.1171 3.84193 3.42564 42.2354 726.732
203.344 58.6774 3.83112 3.64058 54.8517 1376.37
206.355 58.9287 3.81768 3.43728 41.9345 1347.57
207.606 58.6097 3.8337 3.46651 79.2037 1386.84
227.731 58.9601 3.86077 3.5729 34.8377 1696.22
202.426 57.5673 3.83747 3.62559 49.4874 1502.77
203.613 57.6397 3.8612 3.78941 25.8886 1491.23
205.548 57.5665 3.81634 3.46248 51.8959 1498.11
225.482 58.2747 3.85473 3.62061 15.9554 1704.58
229.033 59.3946 3.88938 3.59959 19.0291 1690.83
197.939 55.703 3.94883 3.75243 33.453 1739.1
200.447 56.2848 3.85131 3.5592 55.631 1655.12
223.768 57.9616 3.80566 3.57403 39.8507 1694.27
225.424 57.4688 3.83233 3.64697 25.8283 1784.5
228.869 57.9128 3.84722 3.61251 32.6366 1830.43
229.974 55.9154 3.8512 3.63823 27.0364 2059.36
228.385 55.3279 3.82674 3.6019 28.7379 2076.75
216.296 60.3923 3.8632 3.5367 18.9066 1286.52
218.995 60.8241 3.80746 3.49852 44.2015 1294.06
216.976 61.3836 3.84151 3.48124 42.0732 1195.21
218.652 60.2994 3.81448 3.59513 20.0412 1340.99
216.221 60.072 3.88715 3.79174 68.3118 1319.1
218.856 60.4399 3.81622 3.58276 36.884 1330.65
