# evlo=200.348602 evla=66.600098
217.908 60.4896 3.81957 3.68541 29.2416 1100.98
217.654 61.036 3.81943 3.49682 28.3713 1048.34
218.338 61.0595 3.79633 3.41005 21.0543 1073.49
216.3 60.3932 3.82001 3.65417 24.7138 1048.16
215.395 60.9677 3.80044 3.63777 45.1585 967.573
209.013 64.0997 3.82334 3.56221 26.8293 489.682
207.916 63.4188 3.76737 3.71926 62.2979 502.506
212.195 64.6453 3.94976 3.57491 48.2718 586.582
204.378 55.8218 3.80319 3.62134 34.0976 1219.77
200.411 54.831 3.82805 3.67728 54.8241 1311.34
207.685 63.8827 3.75798 3.81987 51.9777 457.115
208.763 59.5251 3.76815 3.4 44.9878 894.272
216.907 60.7523 3.81282 3.66195 33.1503 1041.74
218.66 60.9649 3.82176 3.43032 21.2748 1093.44
209.738 62.4058 3.81175 3.72969 40.6353 648.472
215.93 63.6482 3.88129 3.57304 34.9088 799.48
215.271 60.5805 3.81731 3.55126 40.8228 994.973
218.244 60.7315 3.82311 3.55837 31.8723 1094.97
217.659 60.6024 3.82393 3.63059 48.2782 1082.44
216.749 60.4427 3.82019 3.7444 39.3469 1060.78
217.639 60.9231 3.81046 3.54727 42.8745 1056.5
218.995 60.824 3.82755 3.42746 24.8084 1117.46
216.976 61.3836 3.80703 3.47541 23.858 995.263
217.533 61.1871 3.81081 3.50686 35.477 1032.03
218.652 60.2994 3.79712 3.61578 17.671 1144.82
211.14 63.4056 3.82648 3.67492 47.5183 619.95
219.217 60.1294 3.80727 3.65251 31.1648 1180.28
218.856 60.4399 3.81551 3.61374 25.4929 1141.64
216.546 61.2275 3.79525 3.57168 33.6861 990.484
212.138 64.8736 3.93418 3.56094 68.2563 573.013
203.383 71.3221 3.89197 3.4399 69.4217 540.417
205.026 71.0033 3.91333 3.58336 118.728 525.839
234.753 71.9871 3.87327 3.4037 41.1132 1458.84
206.58 70.34 3.91785 3.49986 108.812 488.554
209.387 69.836 3.86574 3.5882 120.197 519.132
211.299 69.72 3.90223 3.37315 118.264 571.308
215.088 69.9175 3.91377 3.52279 104.49 710.361
216.289 69.626 3.92616 3.47259 97.4465 741.312
235.93 69.3475 3.8989 3.49113 61.078 1498.08
209.319 68.9656 3.91545 3.48376 123.699 460.835
211.177 69.1532 3.90449 3.35984 130.569 535.874
213.625 69.322 3.89583 3.43486 96.7451 631.806
219.035 69.243 3.86631 3.46545 106.89 833.679
221.263 69.3286 3.86694 3.54912 89.4865 921.929
210.384 68.0584 3.81993 3.52639 98.5608 460.778
211.513 68.0748 3.83233 3.54581 105.701 506.781
214.432 68.1207 3.80763 3.49267 150.622 626.96
218.405 68.1861 3.8275 3.53725 99.7469 791.704
220.465 68.6043 3.84171 3.51362 151.52 880.016
222.103 68.3889 3.84679 3.52815 130.515 945.443
223.281 66.3701 3.8396 3.61992 89.2667 1015.99
212.113 67.5187 3.80209 3.54979 124.367 521.212
214.357 67.5933 3.81845 3.591 108.698 617.214
215.855 67.6946 3.8082 3.58652 154.099 681.367
220.128 67.6136 3.82872 3.55711 161.87 862.616
224.214 67.6106 3.8446 3.5158 119.178 1036.03
226.258 67.441 3.86121 3.56785 106.539 1124.79
209.976 66.7108 3.78823 3.68978 178.929 425.642
212.525 66.7004 3.82747 3.66736 126.216 537.996
213.899 66.7653 3.81644 3.63007 77.1391 597.851
216.215 66.9498 3.81222 3.59152 101.177 697.678
218.345 66.8088 3.81383 3.63555 113.15 792.102
221.978 66.9116 3.82184 3.60178 105.529 948.747
223.778 66.9808 3.83727 3.59563 123.859 1025.57
225.729 66.9227 3.85986 3.6034 115.355 1110.77
210.457 65.8251 3.86893 3.61401 108.078 462.726
212.122 65.8371 3.83344 3.62222 81.5477 535.935
214.181 66.267 3.81474 3.70441 75.9964 617.234
218.473 66.2305 3.82244 3.68541 130.054 807.743
221.631 66.2191 3.84399 3.67528 123.792 947.133
225.657 65.8052 3.86399 3.66164 93.036 1135.56
214.843 62.3987 3.83157 3.53317 26.9974 836.303
210.64 65.1479 3.93291 3.64256 70.0341 496.018
216.846 65.3064 3.85525 3.72639 111.583 761.791
218.385 65.6035 3.84511 3.67878 108.466 820.238
220.064 65.4483 3.83991 3.64567 95.4271 899.632
221.694 65.3609 3.84677 3.63379 72.2471 974.764
223.623 65.2225 3.87024 3.67542 82.3045 1065.1
196.446 62.7492 3.86077 3.66014 69.4909 467.81
214.63 64.613 3.92014 3.59521 59.5106 692.883
216.436 64.5012 3.88442 3.60944 49.2072 776.718
221.784 64.4525 3.88359 3.67313 65.1459 1014.25
223.67 64.5753 3.88082 3.71065 95.3249 1092.5
195.344 61.9331 3.77149 3.56148 56.6579 573.609
198.469 62.2938 3.80532 3.70302 150.574 488.48
201.699 62.7161 3.81061 3.58092 79.1416 437.767
205.93 63.3569 3.84778 3.52924 44.4319 447.068
217.924 64.0292 3.83339 3.45002 30.1086 864.575
222.48 63.8433 3.87591 3.61315 38.0572 1073.52
197.317 61.3416 3.84052 3.71933 102.211 604.536
198.513 61.678 3.81366 3.68393 127.329 555.879
200.525 61.7105 3.81969 3.54097 80.1887 545.156
201.703 62.1344 3.838 3.6105 75.6566 502.094
203.311 62.2195 3.79363 3.63333 65.6348 508.685
205.146 62.1816 3.86356 3.59607 76.9137 543.885
218.173 63.0618 3.8584 3.55352 35.9262 929.288
221.871 63.109 3.85055 3.54158 34.7146 1085.78
196.65 60.4135 3.83699 3.6266 54.6319 713.472
198.04 60.7515 3.84467 3.78921 108.769 661.777
199.312 60.6947 3.81855 3.62174 92.6738 660.261
201.041 61.0224 3.7718 3.56098 71.2104 622.692
202.562 61.4009 3.81688 3.63236 64.7703 589.533
204.176 61.4907 3.81255 3.59734 70.2797 599.212
206.868 61.8823 3.86054 3.3536 45.7776 612.997
209.88 61.7531 3.80811 3.47969 47.5364 710.32
212.274 61.7929 3.78269 3.64722 43.827 786.904
213.825 62.1067 3.7987 3.64462 57.5321 818.667
217.004 62.4013 3.92883 3.63167 20.7767 923.011
221.538 62.4435 3.82868 3.62727 37.2834 1110.81
223.206 62.5763 3.83527 3.62197 47.0506 1174.78
225.609 62.2024 3.83043 3.62642 34.6961 1301.9
198.315 59.9237 3.85232 3.6666 76.8147 751.06
199.908 60.1686 3.82555 3.60188 68.0782 717.234
201.231 60.4742 3.77661 3.57921 61.6981 684.242
202.813 60.5269 3.79584 3.64755 55.6291 687.833
204.11 60.6801 3.81538 3.61772 57.1714 685.432
207.791 61.2001 3.76261 3.38835 43.8932 703.17
215.402 61.6061 3.79324 3.61906 67.1058 917.235
224.22 61.4862 3.85443 3.74798 31.7105 1287.28
226.918 61.1512 3.86574 3.73939 28.184 1425.66
198.736 59.2533 3.85829 3.66213 112.087 822.887
200.175 59.1767 3.80683 3.61172 103.57 827.45
201.907 59.5938 3.7856 3.69816 68.6784 784.831
202.905 59.7733 3.801 3.6563 77.1588 771.59
204.792 59.8542 3.82582 3.65636 51.9185 783.932
205.68 60.1952 3.79953 3.668 31.4514 761.387
210.276 60.4814 3.81714 3.54508 33.9942 839.892
202.009 59.0314 3.79782 3.67664 54.3815 847.754
203.561 59.1953 3.81489 3.54827 40.8236 841.059
204.771 59.3922 3.8161 3.63784 57.3238 833.56
222.262 59.6304 3.82051 3.53678 19.4062 1340.13
227.183 60.2114 3.88591 3.73023 36.8943 1501.61
212.566 65.1171 3.93134 3.60111 90.2913 580.732
203.344 58.6774 3.79971 3.55809 37.729 896.037
204.113 58.2637 3.78575 3.62171 50.3424 948.81
204.991 58.6484 3.82012 3.66697 38.1199 917.107
206.355 58.9287 3.87404 3.7616 72.9167 907.424
202.426 57.5673 3.80523 3.60667 27.5188 1012.36
205.548 57.5665 3.84838 3.68785 47.9361 1041.89
225.482 58.2747 3.8059 3.59901 20.7162 1577.73
229.033 59.3946 3.88073 3.70198 24.4672 1639.66
197.939 55.703 3.87408 3.68944 52.4648 1220.95
200.447 56.2848 3.81213 3.66274 59.1011 1149.49
223.768 57.9616 3.82286 3.66108 33.4205 1534.91
225.424 57.4688 3.82307 3.7192 25.7597 1641.46
210.428 68.6408 3.86754 3.41054 104.386 484.328
226.879 56.1146 3.84586 3.73008 33.1297 1813.91
229.974 55.9154 3.80012 3.6642 25.6324 1955.15
228.385 55.3279 3.83156 3.62573 31.8973 1941.54
227.653 56.4191 3.82261 3.67446 35.911 1818.71
211.14 63.4057 3.82647 3.67492 47.5183 619.948
218.547 60.1369 3.83599 4.10037 31.9194 1153.76
210.84 64.6544 3.97669 3.56385 16.8244 528.94
210.867 64.709 3.97044 3.6049 28.4749 527.151
210.853 64.7716 3.98538 3.65326 19.9332 523.3
210.847 64.8338 3.97409 3.66846 24.3131 519.85
210.819 64.8857 3.97094 3.70812 26.4787 516.043
210.44 64.87 3.93853 3.68958 42.8337 500.825
210.174 64.8537 3.94604 3.70661 45.4096 490.481
210.069 64.7653 3.93693 3.72248 49.7134 490.773
210.917 64.5498 3.98614 3.50596 30.4215 537.849
210.782 64.5716 3.96089 3.56671 23.2318 531.037
210.554 64.5756 3.95488 3.66627 36.6254 521.362
210.901 64.613 3.97691 3.58134 29.2873 533.703
211.172 64.6917 3.96565 3.52871 26.7146 540.883
217.908 60.4896 3.81957 3.68541 29.2416 1100.98
218.338 61.0595 3.79634 3.41006 21.0543 1073.5
216.296 60.3923 3.81982 3.65399 24.7138 1048.11
215.271 60.5805 3.81731 3.55126 40.8228 994.973
218.244 60.7315 3.82311 3.55837 31.8723 1094.97
217.659 60.602 3.82398 3.63063 48.2782 1082.45
216.749 60.4427 3.82019 3.7444 39.3469 1060.78
217.639 60.9231 3.81043 3.54724 42.8745 1056.49
218.995 60.8241 3.82752 3.42743 24.8084 1117.45
216.976 61.3836 3.80703 3.47541 23.858 995.263
217.533 61.187 3.81087 3.50692 35.477 1032.05
218.652 60.2994 3.79712 3.61578 17.671 1144.82
219.217 60.1294 3.80727 3.65251 31.1648 1180.28
218.856 60.4399 3.81551 3.61374 25.4929 1141.64
216.546 61.2275 3.79525 3.57168 33.6861 990.484
