# evlo=207.820999 evla=67.507599
194.627 64.5646 3.83495 3.51909 129.471 680.43
217.908 60.4896 3.81097 3.40869 36.6189 922.532
217.654 61.036 3.7844 3.43924 54.0229 862.381
218.338 61.0595 3.79059 3.38273 49.7851 878.519
220.363 59.9534 3.79521 3.38451 46.7136 1041.34
216.3 60.3932 3.80242 3.52773 29.2542 893.557
225.144 58.5792 3.84172 3.60478 27.5326 1316.97
216.716 60.1205 3.83366 3.53194 50.3162 930.687
215.395 60.9677 3.80723 3.55698 57.3623 815.087
209.094 59.7511 3.78565 3.43514 44.7289 866.874
209.259 59.7417 3.77997 3.45181 55.6976 868.539
208.846 60.7683 3.79149 3.42412 53.5956 752.918
207.916 63.4188 3.86418 3.54286 60.8421 455.919
204.378 55.8218 3.84235 3.56885 27.2022 1314.45
200.411 54.831 3.8656 3.69029 46.7922 1465.29
208.763 59.5251 3.81003 3.41206 49.7897 891.006
216.907 60.7523 3.80285 3.433 36.6811 871.497
218.66 60.9649 3.79825 3.41968 62.0152 896.499
209.738 62.4058 3.79479 3.43612 63.9853 575.901
217.513 60.0823 3.82264 3.42905 40.4399 953.212
212.624 63.0753 3.85991 3.47505 62.0803 542.258
214.225 61.1292 3.76489 3.44867 44.6248 774.68
215.93 63.6482 3.80931 3.51966 35.5868 569.426
214.25 60.5487 3.80052 3.36827 42.3886 835.954
213.401 60.7277 3.86403 3.46032 36.2852 802.465
215.271 60.5805 3.81552 3.57899 31.3728 852.303
218.244 60.7315 3.78181 3.365 53.015 907.64
217.659 60.6024 3.79939 3.3002 31.7329 905.049
216.749 60.4427 3.81278 3.51192 48.2932 898.802
217.639 60.9231 3.79517 3.40759 75.5855 873.025
218.995 60.824 3.79406 3.42085 53.9622 919.343
216.976 61.3836 3.78617 3.39378 78.8332 810.856
211.063 63.7318 3.82277 3.53628 108.437 446.576
218.049 60.1785 3.81334 3.45044 33.3249 956.882
217.533 61.1871 3.78338 3.42628 78.7785 844.502
218.652 60.2994 3.80789 3.3804 27.1398 960.613
211.14 63.4056 3.85193 3.51355 68.8278 482.397
219.217 60.1294 3.79666 3.48063 52.7509 992.366
218.856 60.4399 3.80302 3.42991 50.7861 952.409
216.546 61.2275 3.80396 3.3977 61.1786 815.401
198.929 70.2043 3.88478 3.69742 53.0539 466.912
203.383 71.3221 3.89305 3.43308 82.6566 459.526
234.753 71.9871 3.86643 3.39924 61.0402 1141.53
198.198 69.3641 3.929 3.29544 42.153 445.191
194.656 68.2746 3.91239 3.36638 122.359 558.616
196.822 68.4753 3.9401 3.42993 91.5759 471.943
235.93 69.3475 3.91734 3.47832 88.634 1161.1
196.917 67.6988 3.83458 3.41823 119.626 463.712
219.035 69.243 3.89546 3.31094 174.697 499.434
221.263 69.3286 3.90963 3.35626 118.19 586.734
218.405 68.1861 3.81912 3.55751 135.861 451.355
220.465 68.6043 3.86149 3.42144 131.578 540.465
222.103 68.3889 3.85712 3.49803 139.083 605.223
223.281 66.3701 3.82936 3.63084 182.045 685.953
193.671 65.4742 3.81119 3.66426 142.851 667.862
195.352 65.7077 3.81836 3.65716 189.982 586.754
220.128 67.6136 3.80256 3.59248 122.872 523.726
224.214 67.6106 3.85058 3.54879 206.753 696.649
226.258 67.441 3.87136 3.61896 212.314 785.654
195.961 64.9941 3.82777 3.54347 105.905 601.038
197.645 65.3936 3.84429 3.5463 107.954 510.602
199.349 65.5011 3.89573 3.51606 159.171 437.936
218.345 66.8088 3.77151 3.56214 166.545 462.099
221.978 66.9116 3.80125 3.57805 118.37 614.426
223.778 66.9808 3.82369 3.57927 204.482 689.64
225.729 66.9227 3.84834 3.61385 99.6755 774.257
197.761 64.6379 3.86285 3.45677 118.721 555.609
200.087 64.937 3.86479 3.57233 131.999 450.379
218.473 66.2305 3.80538 3.6165 130.375 487.681
221.631 66.2191 3.83093 3.70668 112.426 621.161
225.657 65.8052 3.87052 3.6405 120.197 808.412
214.843 62.3987 3.78085 3.54637 79.0017 658.317
199.305 63.8864 3.86178 3.59742 69.4753 561.315
216.846 65.3064 3.91355 3.57682 94.3828 471.415
218.385 65.6035 3.87188 3.61062 142.327 514.154
220.064 65.4483 3.84372 3.52494 98.634 590.596
221.694 65.3609 3.84234 3.61205 104.985 662.072
223.623 65.2225 3.8643 3.67068 85.8503 749.229
196.446 62.7492 3.81111 3.47547 84.8318 750.632
199.398 63.2842 3.80631 3.67765 102.83 611.318
200.922 63.3965 3.77964 3.56903 90.3729 558.3
203.285 63.465 3.84558 3.62433 128.029 497.008
204.379 63.994 3.83757 3.60912 109.54 422.22
214.63 64.613 3.81427 3.60065 57.5869 445.979
216.436 64.5012 3.92935 3.45994 81.9195 514.34
221.784 64.453 3.87709 3.55792 71.2913 717.907
221.784 64.4525 3.85628 3.48454 54.227 717.915
223.67 64.5753 3.85694 3.60076 84.587 786.444
195.344 61.9331 3.80252 3.62852 68.8363 857.195
198.469 62.2938 3.83496 3.78298 153.691 729.136
201.699 62.7161 3.86253 3.63352 80.5397 606.08
205.93 63.3569 3.84823 3.64377 131.535 470.991
214.222 63.8036 3.74065 3.66753 85.1984 506.728
217.924 64.0292 3.88553 3.57096 49.8146 602.658
222.48 63.8433 3.85828 3.50961 75.4808 785.35
197.317 61.3416 3.85987 3.71822 119.597 851.267
198.513 61.678 3.83308 3.74658 91.0397 786.322
200.525 61.7105 3.82167 3.54803 49.463 733.495
201.703 62.1344 3.84044 3.58769 65.904 665.073
203.311 62.2195 3.81031 3.69341 126.329 626.754
205.146 62.1816 3.84594 3.61935 109.325 607.07
206.12 62.4787 3.86125 3.60818 140.52 566.343
216.652 63.0254 3.78797 3.62826 56.3346 646.747
218.173 63.0618 3.77304 3.5894 53.8478 690.529
221.871 63.109 3.90472 3.61134 51.1134 815.349
193.799 60.3849 3.81419 3.67487 113.25 1045.41
196.65 60.4135 3.86202 3.67421 73.4517 958.681
198.04 60.7515 3.82926 3.75507 61.7106 888.891
199.312 60.6947 3.78977 3.55073 82.2366 863.656
201.041 61.0224 3.83044 3.61155 75.1217 793.082
202.562 61.4009 3.83497 3.71724 129.851 725.714
204.176 61.4907 3.83463 3.67638 139.426 692.992
205.609 61.9037 3.84854 3.56614 114.209 633.512
206.868 61.8823 3.85548 3.58484 95.3255 628.776
209.88 61.7531 3.75551 3.43818 53.8592 648.968
213.825 62.1067 3.78984 3.42995 53.982 665.598
217.004 62.4013 3.82108 3.61151 67.4212 714.314
218.122 62.3579 3.76835 3.74525 83.746 751.072
221.538 62.4435 3.8826 3.54835 45.5725 855.919
223.206 62.5763 3.91185 3.58863 66.3223 905.567
225.609 62.2024 3.88271 3.55625 54.1936 1024.51
198.315 59.9237 3.80578 3.72656 97.2115 964.766
199.908 60.1686 3.81035 3.5509 55.8816 904.422
201.231 60.4742 3.83712 3.68246 89.9087 846.712
202.813 60.5269 3.85161 3.70887 135.849 815.167
204.11 60.6801 3.84086 3.64367 97.7548 781.986
205.516 60.8132 3.82734 3.61529 117.381 754.53
207.791 61.2001 3.8266 3.54252 59.9421 703.175
215.402 61.6061 3.78353 3.53239 105.703 750.474
222.911 61.4593 3.81918 3.54633 36.1089 985.798
198.736 59.2533 3.78737 3.62375 78.6884 1023.72
200.175 59.1767 3.84093 3.66013 90.9609 1002.7
201.907 59.5938 3.84854 3.66146 113.628 928.852
202.905 59.7733 3.8458 3.66461 103.715 895.223
204.792 59.8542 3.83214 3.63649 79.1974 865.946
205.68 60.1952 3.85903 3.6546 50.728 821.795
207.376 60.0815 3.83333 3.51111 36.066 828.096
210.276 60.4814 3.77937 3.47905 48.6038 792.26
219.809 60.7718 3.80164 3.49169 57.8907 947.695
223.909 60.7704 3.77915 3.66926 46.5516 1079.21
202.009 59.0314 3.84444 3.63887 62.6051 987.784
203.561 59.1953 3.82543 3.63736 86.2757 950.219
204.771 59.3922 3.83321 3.59503 115.033 917.038
206.768 59.6524 3.83731 3.53726 51.4281 877.145
222.262 59.6304 3.81288 3.51033 38.3857 1128.25
223.04 60.1218 3.82136 3.70998 48.2034 1107.58
226.285 59.5898 3.79476 3.72487 58.5849 1264.26
203.344 58.6774 3.83176 3.6554 116.973 1009.23
204.113 58.2637 3.82384 3.58675 71.1079 1046.97
204.991 58.6484 3.83683 3.57727 71.7071 997.501
206.355 58.9287 3.8509 3.56417 78.0468 959.006
207.606 58.6097 3.80555 3.43756 38.4947 991.829
213.66 59.4296 3.82547 3.45334 30.3246 945.332
227.731 58.9601 3.80335 3.65661 64.1851 1370.26
202.426 57.5673 3.82228 3.67749 58.2333 1141.1
203.613 57.6397 3.83042 3.59545 46.8254 1120.25
205.548 57.5665 3.81165 3.58662 49.58 1113.94
224.26 58.4133 3.80756 3.43021 20.1243 1304.31
225.482 58.2747 3.83432 3.59494 17.3966 1356.14
197.939 55.703 3.81127 3.64983 62.6549 1412.1
200.447 56.2848 3.8669 3.66001 42.4284 1307.22
223.768 57.9616 3.79855 3.55845 48.5649 1332.14
228.869 57.9128 3.82182 3.71525 48.6403 1503.44
227.048 56.8144 3.83587 3.55124 22.0959 1543.65
229.75 56.9811 3.83401 3.6896 40.023 1618.65
226.879 56.1146 3.80641 3.60146 56.7306 1605.09
229.974 55.9154 3.83925 3.46298 20.0127 1724.97
228.385 55.3279 3.80483 3.6586 34.5765 1728.41
209.931 62.7622 3.20994 2.31913 36.5929 538.194
211.063 63.7323 3.8224 3.53593 108.437 446.532
211.14 63.4057 3.8519 3.51351 68.8278 482.392
218.547 60.1369 4.36007 4.09527 31.4653 973.775
217.908 60.4896 3.81097 3.40869 36.6189 922.532
218.338 61.0595 3.7906 3.38274 49.7851 878.522
216.296 60.3923 3.80248 3.52779 29.2542 893.573
216.716 60.1205 3.83366 3.53194 50.3162 930.687
215.271 60.5805 3.81552 3.57899 31.3728 852.303
218.244 60.7315 3.78181 3.365 53.015 907.64
217.659 60.602 3.79951 3.3003 31.7329 905.076
216.749 60.4427 3.81278 3.51192 48.2932 898.802
217.639 60.9231 3.79515 3.40757 75.5855 873.019
218.995 60.8241 3.79402 3.42081 53.9622 919.333
216.976 61.3836 3.78617 3.39378 78.8332 810.856
218.049 60.1785 3.81334 3.45044 33.3249 956.882
217.533 61.187 3.78344 3.42634 78.7785 844.517
218.652 60.2994 3.80789 3.3804 27.1398 960.613
219.217 60.1294 3.79666 3.48063 52.7509 992.366
218.856 60.4399 3.80302 3.42991 50.7861 952.409
216.546 61.2275 3.80396 3.3977 61.1786 815.401
209.518 60.7352 3.80348 3.37642 22.4621 759.416
209.518 60.7351 3.80355 3.37648 22.4621 759.429
