# evlo=214.180298 evla=66.266998
194.627 64.5646 3.82296 3.6597 76.3996 923.64
217.507 60.403 3.79197 3.83409 15.8222 674.308
218.338 61.0595 3.71346 3.60926 23.8659 615.59
216.3 60.3932 3.74895 3.42498 25.2684 663.187
225.144 58.5792 3.85725 3.63751 20.6782 1023.97
216.716 60.1205 3.79239 3.67244 22.1215 696.757
215.395 60.9677 3.75736 3.33597 15.4717 593.753
209.094 59.7511 3.80346 3.53375 43.8518 770.017
209.259 59.7417 3.8114 3.56563 37.678 768.305
208.846 60.7683 3.78746 3.52418 29.4423 667.407
207.916 63.4188 3.83083 3.75971 37.8396 434.591
200.411 54.831 3.82704 3.53907 26.5692 1473.99
208.763 59.5251 3.81318 3.42922 50.2289 799.647
218.66 60.9649 3.75708 3.21471 21.6804 631.033
209.738 62.4058 3.79342 3.47185 41.5086 480.788
217.513 60.0823 3.82168 3.75332 24.3438 709.262
213.401 60.7277 3.94721 3.37701 30.15 618.666
209.784 61.1426 3.80017 3.4982 21.3653 610.843
188.296 63.7758 3.8222 3.69759 84.8877 1241.62
203.121 64.7461 3.83906 3.59814 64.7156 538.353
216.188 61.4417 3.77341 3.49878 24.7202 546.814
216.749 60.4427 3.77303 3.60784 28.9486 661.685
217.639 60.9231 3.81101 3.9756 25.5054 619.708
216.976 61.3836 3.76897 3.68731 38.699 561.367
218.049 60.1785 3.75099 3.63356 26.7185 705.661
216.031 60.2361 3.7878 3.15619 16.2545 678.556
217.533 61.1871 3.80312 3.62358 31.4678 589.791
219.217 60.1294 3.75354 3.68095 26.278 729.019
216.546 61.2275 3.81006 3.60984 22.7744 573.673
234.753 71.9871 3.87502 3.4035 34.8263 1028.9
209.387 69.836 3.80192 3.5335 36.4261 445.185
235.93 69.3475 3.99055 3.81622 23.4627 973.011
226.258 67.441 3.88961 3.55085 39.7733 544.955
223.778 66.9808 3.89229 3.76949 59.1332 432.057
214.843 62.3987 4.01218 3.59779 28.3494 432.429
205.853 64.1767 3.93354 3.60185 50.9715 453.439
205.93 63.3569 3.92378 3.90055 41.3969 508.123
222.48 63.8433 4.02324 3.63574 36.7443 474.484
205.146 62.1816 3.86853 3.83662 44.9645 631.098
206.12 62.4787 3.89805 3.73951 43.4244 573.418
221.871 63.109 4.00978 3.47826 21.7228 507.956
205.609 61.9037 3.85201 3.69371 41.7183 640.333
206.868 61.8823 3.85069 3.56476 41.8928 604.373
209.88 61.7531 3.79266 3.39525 41.6087 545.099
212.274 61.7929 3.91312 3.42776 22.1279 507.332
213.825 62.1067 3.96173 3.48702 26.1108 464.109
217.004 62.4013 3.82153 3.49836 36.7253 451.945
225.609 62.2024 3.96514 3.60238 26.298 714.306
204.11 60.6801 3.86052 3.64816 39.8039 797.939
205.516 60.8132 3.87058 3.62086 27.8891 743.732
207.791 61.2001 3.84173 3.44915 25.8368 646.284
222.911 61.4593 3.77218 3.65195 22.2347 685.421
204.792 59.8542 3.82637 3.59139 21.9174 856.111
205.68 60.1952 3.81149 3.6236 34.343 798.876
207.376 60.0815 3.78992 3.50022 35.7216 768.932
210.276 60.4814 3.83699 3.55297 26.6378 673.509
219.809 60.7718 3.79522 3.5275 29.4722 672.952
221.424 60.3024 3.80745 3.52216 21.0708 756.626
223.909 60.7704 3.78733 3.73155 21.6111 779.153
203.561 59.1953 3.81542 3.6158 31.2863 954.408
204.771 59.3922 3.81244 3.51899 27.5756 901.838
206.768 59.6524 3.79391 3.53462 35.5905 826.375
212.597 59.9979 3.94662 3.49049 23.1617 703.266
222.262 59.6304 3.79664 3.58541 23.5436 844.332
223.04 60.1218 3.83418 3.81899 37.1601 815.673
203.344 58.6774 3.84051 3.68874 33.8945 1010.8
204.113 58.2637 3.81052 3.52426 21.8532 1031.1
204.991 58.6484 3.80525 3.4746 22.9552 970.32
206.355 58.9287 3.8076 3.41067 36.652 909.734
207.606 58.6097 3.8345 3.53028 42.1706 917.301
202.426 57.5673 3.81495 3.51145 29.0597 1145.37
203.613 57.6397 3.83781 3.49277 20.4673 1106.59
225.424 57.4688 3.82867 3.57412 15.1386 1141.34
209.931 62.7622 3.77787 2.40152 30.6562 440.6
217.507 60.403 3.79197 3.83409 15.8222 674.308
218.338 61.0595 3.71347 3.60927 23.8659 615.591
216.296 60.3923 3.74936 3.42536 25.2684 663.259
216.716 60.1205 3.79239 3.67244 22.1215 696.757
216.749 60.4427 3.77303 3.60784 28.9486 661.685
217.639 60.9231 3.81099 3.97559 25.5054 619.706
216.976 61.3836 3.76897 3.68731 38.699 561.367
218.049 60.1785 3.75099 3.63356 26.7185 705.661
216.031 60.2361 3.7878 3.15619 16.2545 678.556
217.533 61.187 3.8032 3.62366 31.4678 589.804
219.217 60.1294 3.75354 3.68095 26.278 729.019
216.546 61.2275 3.81006 3.60984 22.7744 573.673
209.518 60.7352 3.8036 3.53478 26.3766 658.463
209.518 60.7351 3.80362 3.53479 26.3766 658.467
