# evlo=197.761002 evla=64.637901
217.908 60.4896 3.80366 3.48418 29.6154 1128.26
217.654 61.036 3.8156 3.2779 27.7017 1084.58
217.507 60.403 3.78849 3.51923 28.107 1115.02
218.338 61.0595 3.82138 3.28727 30.2456 1115.26
220.363 59.9534 3.77968 3.47461 28.1375 1274.78
216.3 60.3932 3.8107 3.56753 38.8778 1060.39
225.144 58.5792 3.84549 3.39338 22.9223 1585.75
216.716 60.1205 3.80762 3.53123 22.9385 1096.68
215.395 60.9677 3.80816 3.41686 39.7653 983.935
209.013 64.0997 3.86243 3.63546 101.495 545.866
209.094 59.7511 3.81749 3.5756 33.9025 800.857
209.259 59.7417 3.81379 3.55785 41.7077 807.895
210.701 64.1732 3.82318 3.68252 100.437 625.026
208.846 60.7683 3.8383 3.48866 43.0786 711.108
207.916 63.4188 3.89412 3.7196 86.8783 514.017
212.195 64.6453 3.79515 3.72629 132.308 688.537
204.378 55.8218 3.83852 3.75713 21.0718 1047.1
207.685 63.8827 3.90381 3.77875 131.545 487.849
208.763 59.5251 3.78667 3.55283 45.2991 807.381
209.796 67.2269 3.84009 3.57513 111.667 617.899
216.907 60.7523 3.79404 3.40909 25.6394 1066.3
218.66 60.9649 3.8157 3.27568 39.3263 1135.61
209.738 62.4058 3.79301 3.42406 44.0545 644.615
217.513 60.0823 3.80092 3.51784 33.9212 1135.37
212.624 63.0753 3.90115 3.56733 51.2314 749.566
214.225 61.1292 3.83127 3.50564 39.1642 920.858
215.93 63.6482 3.87227 3.68807 34.2077 888.231
214.25 60.5487 3.81135 3.66374 58.0078 958.008
213.401 60.7277 3.81144 3.60722 68.8426 908.598
209.784 61.1426 3.79057 3.53719 27.1095 723.316
214.766 66.5657 3.8322 3.73056 94.8783 810.188
188.296 63.7758 3.80559 3.67128 115.413 469.158
211.074 61.771 3.79161 3.52291 35.8249 740.312
216.188 61.4417 3.81761 3.33853 46.014 993.792
212.904 60.8792 3.80195 3.60676 50.3105 876.748
215.271 60.5805 3.79705 3.55445 37.4849 1001.92
216.679 60.2805 3.80634 3.54132 24.3507 1084.77
218.244 60.7315 3.80328 3.35915 26.568 1129.5
213.052 64.4091 3.81413 3.75221 97.6697 732.836
217.659 60.6024 3.79576 3.50999 27.9046 1109.97
216.749 60.4427 3.80225 3.52373 32.4006 1077.8
217.639 60.9231 3.81169 3.32703 49.6479 1090.31
218.995 60.824 3.81572 3.28599 47.1098 1159.25
216.976 61.3836 3.81314 3.30249 41.3321 1033.78
211.063 63.7318 3.87888 3.66986 105.855 653.16
218.049 60.1785 3.79268 3.4852 36.4026 1153.87
216.031 60.2361 3.82025 3.67034 34.5598 1058.22
217.533 61.1871 3.81379 3.28908 38.859 1070.52
218.652 60.2994 3.79814 3.42458 21.7503 1174.19
211.14 63.4056 3.91337 3.67624 72.1248 667.064
219.217 60.1294 3.81076 3.42586 35.6498 1210.76
216.221 60.072 3.82331 3.57923 34.6465 1077.47
218.856 60.4399 3.81265 3.3379 24.8492 1175.14
216.546 61.2275 3.81253 3.34072 41.5378 1022.21
212.138 64.8736 3.79003 3.72312 147.414 683.477
198.929 70.2043 3.8329 3.52147 92.9023 622.79
203.383 71.3221 3.88501 3.56825 81.1462 780.968
205.026 71.0033 3.84424 3.39137 65.4401 771.897
234.753 71.9871 3.84327 3.46897 63.0846 1693.94
198.198 69.3641 3.84033 3.51147 99.431 527.414
202.84 70.0079 3.86686 3.46266 100.781 637.023
205.387 69.6211 3.79719 3.65474 123.856 645.727
206.58 70.34 3.84456 3.74005 155.531 737.643
194.656 68.2746 3.78395 3.60338 68.3833 428.39
196.822 68.4753 3.85823 3.6223 191.749 429.942
198.806 68.6483 3.82654 3.51211 124.609 449.592
200.413 69.1049 3.85677 3.54383 95.3614 511.428
205.217 69.1565 3.80948 3.5382 100.844 599.58
209.387 69.836 3.85314 3.4528 101.702 764.476
211.299 69.72 3.85268 3.38977 103.258 812.07
215.088 69.9175 3.87378 3.49141 50.9754 945.626
216.289 69.626 3.91156 3.54162 45.5083 971.342
235.93 69.3475 3.89492 3.60673 95.1748 1713.53
201.885 68.4946 3.86531 3.61378 141.606 467.185
203.387 68.7132 3.83594 3.54065 125.974 517.574
207.318 68.8799 3.86979 3.47157 79.743 631.884
209.319 68.9656 3.86407 3.44294 92.9279 698.854
211.177 69.1532 3.8776 3.4862 109.216 771.036
213.625 69.322 3.88273 3.5134 91.3836 863.26
219.035 69.243 3.86501 3.47026 83.8375 1054.79
221.263 69.3286 3.86904 3.57226 76.5418 1141.63
203.811 68.2575 3.81003 3.50331 123.665 485.079
206.028 68.4414 3.87192 3.60104 67.4402 560.226
208.187 68.1343 3.88549 3.49865 87.6528 606.418
210.384 68.0584 3.87397 3.55073 137.303 679.998
211.513 68.0748 3.86963 3.53105 104.901 722.872
214.432 68.1207 3.82775 3.53614 109.954 837.104
218.405 68.1861 3.82937 3.63964 94.239 997.369
220.465 68.6043 3.84232 3.6188 131.008 1090.5
222.103 68.3889 3.84591 3.63886 112.417 1151.52
223.281 66.3701 3.86259 3.6654 90.9952 1188.2
206.517 67.2221 3.86688 3.49366 143.155 491.19
207.821 67.5076 3.86285 3.45677 118.721 555.609
212.113 67.5187 3.82561 3.53904 90.985 722.459
214.357 67.5933 3.81456 3.60765 89.9416 816.076
215.855 67.6946 3.81414 3.65833 108.986 880.413
220.128 67.6136 3.83225 3.63335 110.188 1056.8
224.214 67.6106 3.84432 3.65086 110.115 1229.68
226.258 67.441 3.85274 3.64928 87.463 1316.33
206.494 66.5156 3.8407 3.6392 192.394 453.683
208.493 66.9214 3.84213 3.59607 108.999 552.523
209.976 66.7108 3.82627 3.65397 160.343 606.122
212.525 66.7004 3.83158 3.74574 108.695 714.876
213.899 66.7653 3.83072 3.7802 98.6308 775.732
216.215 66.9498 3.83395 3.71762 117.016 879.354
218.345 66.8088 3.83892 3.69088 93.5307 970.293
221.978 66.9116 3.8542 3.66271 97.3567 1130.03
223.778 66.9808 3.85594 3.6447 63.1503 1208.86
225.729 66.9227 3.86252 3.64575 72.7801 1294.2
207.195 65.6571 3.77616 3.84024 144.046 456.47
208.623 65.8937 3.7714 3.78912 101.244 525.524
210.457 65.8251 3.79131 3.72746 141.172 607.185
212.122 65.8371 3.80472 3.72776 122.014 683.041
214.181 66.267 3.8293 3.70475 84.2628 780.392
218.473 66.2305 3.8375 3.69475 162.343 972.771
221.631 66.2191 3.85565 3.68749 108.27 1114.87
225.657 65.8052 3.86786 3.67726 119.428 1300.66
214.843 62.3987 3.88411 3.47799 51.2593 883.001
213.052 64.4091 3.81413 3.75221 97.6697 732.836
208.018 65.18 3.77835 3.72003 124.883 488.71
210.64 65.1479 3.78911 3.74421 150.66 611.557
216.846 65.3064 3.80745 3.67734 134.132 900.867
218.385 65.6035 3.82169 3.66717 147.803 970.056
220.064 65.4483 3.82978 3.66124 138.925 1048.8
221.694 65.3609 3.8379 3.66459 97.4425 1125.09
223.623 65.2225 3.85104 3.68055 147.873 1216.39
214.63 64.613 3.81304 3.78076 161.537 804.567
216.436 64.5012 3.82639 3.72944 129.687 892.066
221.784 64.4525 3.83443 3.69298 94.0701 1145.8
223.67 64.5753 3.84589 3.69166 147.246 1231.58
205.93 63.3569 3.93103 3.62419 75.3758 424.136
214.222 63.8036 3.86717 3.7034 69.1991 802.168
217.924 64.0292 3.84118 3.76771 106.225 973.056
222.48 63.8433 3.83845 3.68721 112.836 1194.73
205.146 62.1816 3.77822 3.8453 68.2242 458.986
206.12 62.4787 3.80159 3.4829 65.3092 479.62
216.652 63.0254 3.87785 3.63184 56.1037 943.412
218.173 63.0618 3.86055 3.70954 109.567 1014.74
221.871 63.109 3.8494 3.72442 115.55 1189.81
193.799 60.3849 3.77155 3.59421 68.9022 515.856
196.65 60.4135 3.792 3.71259 99.6381 474.269
198.04 60.7515 3.79252 3.68427 113.671 433.399
199.312 60.6947 3.81751 3.53466 90.0489 446.586
201.041 61.0224 3.8126 3.63179 58.2268 436.133
204.176 61.4907 3.79572 3.40092 61.1149 477.318
206.868 61.8823 3.80743 3.6824 71.981 550.154
209.88 61.7531 3.76785 3.52876 48.8307 688.006
212.274 61.7929 3.81416 3.49482 61.4255 793.581
217.004 62.4013 3.8831 3.56057 67.586 985.366
218.122 62.3579 3.87384 3.63777 56.7797 1040.5
221.538 62.4435 3.83356 3.6671 67.7008 1199.93
223.206 62.5763 3.82942 3.73359 82.9487 1274.2
225.609 62.2024 3.8391 3.71861 89.6228 1404.98
198.315 59.9237 3.83346 3.58087 85.8729 526.178
199.908 60.1686 3.76446 3.62282 68.2175 510.256
201.231 60.4742 3.84636 3.57645 46.2206 497.029
204.11 60.6801 3.82623 3.43457 41.7287 547.655
205.516 60.8132 3.79744 3.52655 61.6316 581.512
207.791 61.2001 3.8345 3.583 51.6571 636.461
215.402 61.6061 3.83332 3.37752 40.2508 948.314
222.911 61.4593 3.8642 3.73481 42.7869 1310.92
224.22 61.4862 3.84272 3.65266 60.8155 1372.07
226.918 61.1512 3.86004 3.73149 52.0333 1517.84
198.736 59.2533 3.82423 3.55656 69.3806 602.244
200.175 59.1767 3.79732 3.78119 50.7996 621.589
201.907 59.5938 3.78503 3.53223 83.3846 602.058
204.792 59.8542 3.81242 3.49915 42.6115 645.548
205.68 60.1952 3.78658 3.61006 41.9017 641.443
207.376 60.0815 3.79557 3.67506 47.1899 709.735
210.276 60.4814 3.82106 3.61229 36.0347 790.859
219.809 60.7718 3.83456 3.33446 40.7345 1200.39
221.424 60.3024 3.83448 3.27687 22.7767 1303.32
190.452 56.6011 3.8131 3.64614 39.7034 979.351
202.009 59.0314 3.79754 3.55539 68.9514 663.32
206.768 59.6524 3.78443 3.62717 67.1096 726.19
212.597 59.9979 3.79654 3.5203 53.2942 923.447
222.262 59.6304 3.8015 3.476 36.6372 1383.32
223.04 60.1218 3.82362 3.34696 32.0654 1390
226.285 59.5898 3.80124 3.43869 25.8282 1575.24
227.183 60.2114 3.86913 3.68958 51.3584 1581.37
212.566 65.1171 3.79086 3.71605 129.403 702.059
207.606 58.6097 3.78939 3.69028 47.1363 848.891
213.66 59.4296 3.82434 3.49489 51.8519 1010.15
227.731 58.9601 3.80531 3.46627 38.2471 1682.76
202.426 57.5673 3.76597 3.56706 62.0937 826.527
205.548 57.5665 3.85093 3.31876 21.4295 891.413
224.26 58.4133 3.81574 3.44413 24.2285 1555.74
197.939 55.703 3.81971 3.68427 74.9759 995.522
200.447 56.2848 3.81422 3.66833 28.5317 942.139
223.768 57.9616 3.81734 3.49336 37.241 1564.21
225.424 57.4688 3.83482 3.46948 30.1665 1675.27
228.869 57.9128 3.82335 3.47334 28.7732 1805.12
227.048 56.8144 3.83031 3.50103 20.3783 1797.37
229.75 56.9811 3.81874 3.48228 26.6289 1911.13
212.138 64.8735 3.73588 3.82251 18.2288 683.468
210.428 68.6408 3.87415 3.54096 131.431 714.406
226.879 56.1146 3.83094 3.55078 34.7071 1841.63
229.974 55.9154 3.81499 3.54103 16.0428 1999.16
209.931 62.7622 3.20952 2.51176 59.5595 635.956
211.063 63.7323 3.87895 3.66992 105.855 653.171
211.14 63.4057 3.91338 3.67625 72.1248 667.065
218.547 60.1369 3.88016 4.19482 37.5718 1179.35
217.908 60.4896 3.80366 3.48418 29.6154 1128.26
217.507 60.403 3.78849 3.51923 28.107 1115.02
218.338 61.0595 3.8214 3.28728 30.2456 1115.26
216.296 60.3923 3.81035 3.5672 38.8778 1060.3
216.716 60.1205 3.80762 3.53123 22.9385 1096.68
215.271 60.5805 3.79705 3.55445 37.4849 1001.92
216.679 60.2805 3.80634 3.54132 24.3507 1084.77
218.244 60.7315 3.80328 3.35915 26.568 1129.5
217.659 60.602 3.79576 3.50999 27.9046 1109.97
216.749 60.4427 3.80225 3.52373 32.4006 1077.8
217.639 60.9231 3.81165 3.327 49.6479 1090.3
218.995 60.8241 3.8157 3.28598 47.1098 1159.25
216.976 61.3836 3.81314 3.30249 41.3321 1033.78
218.049 60.1785 3.79268 3.4852 36.4026 1153.87
216.031 60.2361 3.82025 3.67034 34.5598 1058.22
217.533 61.187 3.81384 3.28913 38.859 1070.54
218.652 60.2994 3.79814 3.42458 21.7503 1174.19
219.217 60.1294 3.81076 3.42586 35.6498 1210.76
216.221 60.072 3.82331 3.57923 34.6465 1077.47
218.856 60.4399 3.81265 3.3379 24.8492 1175.14
216.546 61.2275 3.81253 3.34072 41.5378 1022.21
