# evlo=218.473495 evla=66.230499
194.627 64.5646 3.83101 3.64767 120.166 1116.58
217.908 60.4896 3.83725 3.46172 36.989 640.537
217.654 61.036 3.84423 3.48134 25.2862 580.448
217.507 60.403 3.84863 3.53397 30.8657 651.353
218.338 61.0595 3.79188 3.49466 43.1456 576.457
220.363 59.9534 3.80183 3.57085 56.912 706.059
216.3 60.3932 3.84777 3.65259 36.7442 659.623
225.144 58.5792 3.83297 3.63984 61.2777 918.636
216.716 60.1205 3.82636 3.67803 38.7782 686.704
215.395 60.9677 3.81967 3.43707 71.7485 606.037
209.013 64.0997 3.86242 3.59302 156.269 502.474
209.094 59.7511 3.81398 3.46949 84.0934 862.67
209.259 59.7417 3.81587 3.47326 86.6629 859.086
210.701 64.1732 3.8968 3.65763 103.586 429.723
208.846 60.7683 3.83213 3.46783 60.9472 773.255
207.916 63.4188 3.85786 3.57604 193.719 590.16
204.378 55.8218 3.82229 3.49812 54.486 1380.74
207.685 63.8827 3.86425 3.58996 189.456 570.355
208.763 59.5251 3.82254 3.43867 142.698 893.759
216.907 60.7523 3.81215 3.51827 40.658 615.564
218.66 60.9649 3.78622 3.56915 96.5678 587.032
209.738 62.4058 3.83718 3.58541 99.6658 599.322
217.513 60.0823 3.81754 3.59981 35.9425 686.988
212.624 63.0753 3.79959 3.64842 166.345 448.924
214.225 61.1292 3.80872 3.43928 79.3317 605.944
214.25 60.5487 3.8007 3.44013 105.885 667.241
196.582 54.8564 3.82353 3.56301 68.5452 1728.28
213.401 60.7277 3.80335 3.43227 63.6491 662.933
209.784 61.1426 3.84572 3.49131 84.6721 710.383
188.296 63.7758 3.83114 3.74225 142.608 1434.65
203.121 64.7461 3.84279 3.70666 169.317 728.018
211.074 61.771 3.82644 3.53579 111.404 614.149
216.188 61.4417 3.809 3.47322 113.271 545.462
212.904 60.8792 3.79449 3.47054 87.3751 657.029
215.271 60.5805 3.81148 3.48475 72.209 649.595
216.679 60.2805 3.817 3.62778 59.2611 669.244
218.244 60.7315 3.78612 3.65098 66.471 613.072
217.659 60.6024 3.83105 3.5074 36.4439 628.654
216.749 60.4427 3.82755 3.64847 89.2685 650.839
217.639 60.9231 3.83178 3.51904 51.1047 593.052
218.995 60.824 3.7893 3.58896 95.708 603.213
216.976 61.3836 3.82626 3.53887 110.394 545.277
211.063 63.7318 3.86453 3.60809 128.134 446.745
218.049 60.1785 3.83231 3.53374 34.6702 674.915
216.031 60.2361 3.81612 3.62498 76.1793 679.222
217.533 61.1871 3.83343 3.59408 60.3169 564.104
218.652 60.2994 3.81719 3.44764 28.7908 661.172
211.14 63.4056 3.87693 3.6406 101.295 469.07
219.217 60.1294 3.80285 3.52498 68.5234 681.071
216.221 60.072 3.82764 3.69147 56.8201 695.661
218.856 60.4399 3.77922 3.44909 47.3282 645.738
216.546 61.2275 3.83155 3.49164 126.55 565.705
198.929 70.2043 3.82761 3.37577 33.1013 917.309
203.383 71.3221 3.87806 3.40394 31.9957 829.219
234.753 71.9871 3.94617 3.67501 120.249 906.832
198.198 69.3641 3.85134 3.38245 31.7405 918.582
202.84 70.0079 3.8772 3.43508 52.0288 771.583
205.387 69.6211 3.85797 3.40896 37.9104 664.563
206.58 70.34 3.85521 3.55133 51.6708 669.801
194.656 68.2746 3.86449 3.51482 113.621 1045.97
196.822 68.4753 3.86841 3.50915 102.219 958.192
198.806 68.6483 3.86783 3.47755 79.528 880.051
200.413 69.1049 3.88258 3.54986 63.725 826.627
205.217 69.1565 3.92154 3.43144 59.5923 647.737
209.387 69.836 3.8777 3.3354 65.7645 551.831
211.299 69.72 3.81394 3.62154 94.3053 490.975
215.088 69.9175 3.81914 3.64085 80.7683 434.622
235.93 69.3475 4.01234 3.78205 106.653 810.829
196.917 67.6988 3.84285 3.51287 91.2797 950.71
201.885 68.4946 3.8625 3.49347 106.148 753.409
203.387 68.7132 3.86383 3.43269 67.0567 699.883
207.318 68.8799 3.90198 3.50863 69.5342 558.606
209.319 68.9656 3.9637 3.40697 66.1534 493.893
211.177 69.1532 3.87285 3.36625 57.3686 448.745
198.174 67.082 3.82315 3.59705 146.88 898.883
199.397 67.4213 3.83056 3.54104 156.905 845.014
202.768 67.4572 3.83416 3.63637 123.102 700.872
203.811 68.2575 3.83395 3.49673 111.864 670.342
206.028 68.4414 3.89315 3.40377 74.9302 588.064
208.187 68.1343 3.86679 3.45819 145.921 492.573
193.671 65.4742 3.82124 3.70019 126.713 1128.3
195.352 65.7077 3.82304 3.70903 171.486 1046.72
198.75 66.442 3.82427 3.70363 135.734 880.387
200.349 66.6001 3.82244 3.68541 130.054 807.743
202.227 66.8332 3.81626 3.68327 175.962 723.301
204.275 67.0486 3.81672 3.70676 147.948 633.653
206.517 67.2221 3.80417 3.67426 219.506 537.965
207.821 67.5076 3.80538 3.6165 130.375 487.681
195.961 64.9941 3.81788 3.64977 140.568 1040.96
197.645 65.3936 3.81551 3.64603 158.397 952.732
199.349 65.5011 3.8247 3.65667 203.788 873.246
201.346 65.895 3.82852 3.70333 202.585 774.231
202.913 66.1434 3.82205 3.66025 116.465 699.606
206.494 66.5156 3.81516 3.66279 178.025 536.074
208.493 66.9214 3.80419 3.71904 221.17 449.073
197.761 64.6379 3.8375 3.69475 162.343 972.771
200.087 64.937 3.83315 3.68542 184.294 857.318
201.637 65.1527 3.825 3.67613 170.269 780.506
203.551 65.5276 3.83931 3.71819 220.941 683.614
205.119 65.4924 3.82838 3.71383 193.743 613.96
207.195 65.6571 3.81374 3.64034 229.948 516.471
208.623 65.8937 3.81132 3.65599 220.454 447.295
214.843 62.3987 3.80274 3.46568 126.831 461.691
199.305 63.8864 3.83683 3.67105 113.184 935.172
205.522 64.7962 3.83201 3.63203 95.2563 618.975
208.018 65.18 3.84382 3.69253 249.909 493.649
196.446 62.7492 3.82245 3.71025 129.339 1120.66
199.398 63.2842 3.83497 3.69514 116.217 961.051
200.922 63.3965 3.84126 3.70013 104.206 887.962
203.285 63.465 3.86702 3.65836 97.5693 781.28
204.379 63.994 3.86353 3.60361 105.527 705.665
205.853 64.1767 3.8686 3.64788 181.539 632.29
195.344 61.9331 3.83949 3.73329 99.1214 1216.87
198.469 62.2938 3.84796 3.7457 153.567 1058.3
201.699 62.7161 3.87394 3.71266 83.391 893.281
205.93 63.3569 3.87447 3.61604 99.9403 675.261
197.317 61.3416 3.84563 3.62103 88.957 1168.93
198.513 61.678 3.84984 3.61589 100.378 1095.45
200.525 61.7105 3.86404 3.60512 104.973 1008.11
201.703 62.1344 3.8732 3.63495 76.2285 930.283
203.311 62.2195 3.86245 3.62427 105.916 857.859
205.146 62.1816 3.84477 3.52039 157.474 786.671
206.12 62.4787 3.8541 3.54414 129.361 726.777
193.799 60.3849 3.8353 3.63978 96.6796 1385.39
196.65 60.4135 3.84794 3.60169 79.0346 1261.67
198.04 60.7515 3.85426 3.61246 74.5702 1179.09
199.312 60.6947 3.86551 3.6429 67.118 1130.44
201.041 61.0224 3.85907 3.65858 88.1128 1035.77
202.562 61.4009 3.84417 3.67155 139.245 946.55
204.176 61.4907 3.84685 3.58707 84.0518 876.163
205.609 61.9037 3.84018 3.55015 100.323 789.387
206.868 61.8823 3.84775 3.60733 122.65 743.735
209.88 61.7531 3.83137 3.5502 79.0105 651.593
212.274 61.7929 3.79249 3.44934 131.871 579.63
213.825 62.1067 3.79817 3.41864 127.888 511.986
217.004 62.4013 3.84836 3.57184 83.5524 432.738
218.122 62.3579 3.87272 3.76283 71.8745 432.057
221.538 62.4435 3.80529 3.69959 105.273 447.284
223.206 62.5763 3.9014 3.71129 60.9642 466.674
225.609 62.2024 3.99246 3.5409 88.4107 566.462
198.315 59.9237 3.85761 3.64944 77.1653 1229
199.908 60.1686 3.85422 3.68777 77.0102 1145.91
201.231 60.4742 3.83712 3.67614 119.579 1069.68
202.813 60.5269 3.81287 3.59106 64.6417 1004.03
204.11 60.6801 3.82225 3.55535 85.1325 942.727
205.516 60.8132 3.82448 3.54625 107.753 880.335
207.791 61.2001 3.83098 3.55865 84.723 768.255
215.402 61.6061 3.79731 3.5003 127.352 536.936
222.911 61.4593 3.81761 3.76166 84.1929 574.608
224.22 61.4862 3.83618 3.68424 52.3967 599.094
226.918 61.1512 3.95948 3.62659 42.4277 702.386
198.736 59.2533 3.85047 3.65375 101.743 1264.67
200.175 59.1767 3.84125 3.63617 76.2356 1214.86
201.907 59.5938 3.82108 3.58475 138.519 1114.62
202.905 59.7733 3.82391 3.5336 98.093 1062.53
204.792 59.8542 3.83128 3.55141 86.0729 988.091
205.68 60.1952 3.83023 3.5291 60.1401 927.614
207.376 60.0815 3.81701 3.4741 94.1672 882.055
210.276 60.4814 3.81611 3.52585 98.1135 759.593
219.809 60.7718 3.78898 3.52552 52.5634 612.066
221.424 60.3024 3.77853 3.58133 73.0344 676.998
190.452 56.6011 3.83748 3.70055 22.7341 1816.04
202.009 59.0314 3.82302 3.51719 99.2846 1158.53
203.561 59.1953 3.82996 3.51931 83.2989 1088.84
204.771 59.3922 3.82724 3.50405 110.309 1029.7
206.768 59.6524 3.81476 3.52874 120.544 940.735
212.597 59.9979 3.77834 3.52325 79.5706 754.608
222.262 59.6304 3.78892 3.73117 62.0732 760.052
227.183 60.2114 3.81193 3.67636 49.4416 799.626
203.344 58.6774 3.82696 3.5121 80.0868 1142.4
204.113 58.2637 3.82761 3.54994 98.1879 1154.32
204.991 58.6484 3.82802 3.5325 96.3776 1090.22
206.355 58.9287 3.81715 3.54163 89.7436 1021.15
207.606 58.6097 3.83328 3.43754 129.241 1015.11
213.66 59.4296 3.80336 3.48512 72.0738 796.158
227.731 58.9601 3.90401 3.78962 54.161 937.395
202.426 57.5673 3.82967 3.52939 72.6181 1274.61
203.613 57.6397 3.83078 3.50743 80.0969 1228.69
205.548 57.5665 3.83463 3.41186 56.0909 1175.75
224.26 58.4133 3.85227 3.58846 31.5532 920.496
225.482 58.2747 3.84434 3.67947 39.7667 957.154
229.033 59.3946 3.8104 3.64284 61.2527 930.367
197.939 55.703 3.80333 3.60522 79.7734 1601.78
200.447 56.2848 3.81343 3.49223 52.8774 1460.33
225.424 57.4688 3.83792 3.63172 49.5229 1041.25
210.428 68.6408 3.9447 3.48031 69.9855 436.545
209.931 62.7622 3.23097 2.9131 63.6893 563.113
211.063 63.7323 3.86405 3.60764 128.134 446.69
211.14 63.4057 3.87688 3.64055 101.295 469.063
218.547 60.1369 3.98552 3.64451 72.278 679.226
217.908 60.4896 3.83725 3.46172 36.989 640.537
217.507 60.403 3.84863 3.53397 30.8657 651.353
218.338 61.0595 3.79188 3.49466 43.1456 576.457
216.296 60.3923 3.84851 3.6533 36.7442 659.75
216.716 60.1205 3.82636 3.67803 38.7782 686.704
215.271 60.5805 3.81148 3.48475 72.209 649.595
216.679 60.2805 3.817 3.62778 59.2611 669.244
218.244 60.7315 3.78612 3.65098 66.471 613.072
217.659 60.602 3.83134 3.50766 36.4439 628.7
216.749 60.4427 3.82755 3.64847 89.2685 650.839
217.639 60.9231 3.83179 3.51904 51.1047 593.053
218.995 60.8241 3.78923 3.5889 95.708 603.202
216.976 61.3836 3.82626 3.53887 110.394 545.277
218.049 60.1785 3.83231 3.53374 34.6702 674.915
216.031 60.2361 3.81612 3.62498 76.1793 679.222
217.533 61.187 3.83349 3.59415 60.3169 564.114
218.652 60.2994 3.81719 3.44764 28.7908 661.172
219.217 60.1294 3.80285 3.52498 68.5234 681.071
216.221 60.072 3.82764 3.69147 56.8201 695.661
218.856 60.4399 3.77922 3.44909 47.3282 645.738
216.546 61.2275 3.83155 3.49164 126.55 565.705
209.518 60.7352 3.82524 3.50158 66.2078 756.367
209.518 60.7351 3.82523 3.50157 66.2078 756.365
