# evlo=205.119202 evla=65.492401
194.627 64.5646 3.76516 3.70559 161.144 504.527
217.908 60.4896 3.79468 3.57205 37.7188 852.325
217.654 61.036 3.81354 3.6203 27.9274 799.432
217.507 60.403 3.77293 3.58028 49.6497 844.253
218.338 61.0595 3.82844 3.47172 37.173 824.622
220.363 59.9534 3.8306 3.48172 31.6112 990.214
216.3 60.3932 3.77659 3.51392 42.0104 801.118
216.716 60.1205 3.7707 3.55021 33.6425 839.214
215.395 60.9677 3.76083 3.58418 57.1143 720.342
209.094 59.7511 3.80366 3.51869 40.9227 671.302
209.259 59.7417 3.82361 3.53897 48.7243 674.898
204.378 55.8218 3.79378 3.62446 24.2954 1078.26
200.411 54.831 3.86148 3.59687 38.3234 1215.42
208.763 59.5251 3.80237 3.49918 103.292 690.774
216.907 60.7523 3.79251 3.58125 50.5981 793.369
218.66 60.9649 3.83094 3.51642 51.9649 844.59
217.513 60.0823 3.77728 3.47903 46.6762 871.128
212.624 63.0753 3.83649 3.39391 39.1864 452.011
214.225 61.1292 3.79074 3.45093 53.5844 665.8
215.93 63.6482 4.0172 3.69496 46.063 556.615
214.25 60.5487 3.84696 3.47772 107.527 717.903
196.582 54.8564 3.82158 3.7446 51.3751 1273.53
213.401 60.7277 3.85435 3.56256 52.5792 674.789
209.784 61.1426 3.89774 3.43003 57.1348 537.94
214.766 66.5657 3.83414 3.71516 138.697 453.061
188.296 63.7758 3.78169 3.7346 172.529 824.198
211.074 61.771 3.79875 3.45454 36.8445 508.688
216.188 61.4417 3.77336 3.65361 71.7252 711.372
212.904 60.8792 3.83312 3.58507 64.9162 645.605
215.271 60.5805 3.80024 3.52089 40.5781 749.078
216.679 60.2805 3.76731 3.58818 39.7174 824.233
218.244 60.7315 3.79622 3.59039 39.7538 846.068
217.659 60.6024 3.79612 3.61715 35.4378 833.792
216.749 60.4427 3.77827 3.64132 44.3855 813.072
217.639 60.9231 3.80711 3.60564 61.8899 807.631
218.995 60.824 3.82759 3.56029 47.2099 868.616
216.976 61.3836 3.80472 3.56612 50.551 746.351
218.049 60.1785 3.78654 3.54251 60.0213 882.968
216.031 60.2361 3.77644 3.58076 43.1837 805.217
217.533 61.1871 3.80417 3.53019 51.7637 783.119
218.652 60.2994 3.80519 3.54612 26.5553 896.023
219.217 60.1294 3.80883 3.54583 34.4193 931.42
216.221 60.072 3.78017 3.58216 51.7689 826.101
218.856 60.4399 3.8118 3.62265 31.5485 892.746
216.546 61.2275 3.78342 3.66457 83.3052 741.763
203.383 71.3221 3.86211 3.51616 81.8859 654.083
205.026 71.0033 3.85529 3.50546 99.8574 614.69
234.753 71.9871 3.87025 3.53729 82.979 1380.09
198.198 69.3641 3.87051 3.5663 62.1858 523.161
202.84 70.0079 3.85866 3.47037 63.4935 512.664
205.387 69.6211 3.85751 3.40763 82.5563 460.611
206.58 70.34 3.9044 3.56748 105.302 544.1
194.656 68.2746 3.86004 3.53149 70.5848 552.574
196.822 68.4753 3.78427 3.51689 97.0303 491.013
198.806 68.6483 3.84709 3.61966 55.7542 445.951
200.413 69.1049 3.8883 3.49176 83.8937 450.744
209.387 69.836 3.84774 3.41828 144.335 516.886
211.299 69.72 3.85516 3.56171 104.633 539.219
215.088 69.9175 3.83374 3.51466 158.913 647.906
216.289 69.626 3.83821 3.55189 86.6248 660.81
235.93 69.3475 3.91517 3.66107 62.2925 1371.72
196.917 67.6988 3.80583 3.75916 60.2092 438.591
209.319 68.9656 3.87652 3.58238 154.372 427.528
211.177 69.1532 3.83759 3.55076 114.127 483.93
213.625 69.322 3.82542 3.45135 198.936 560.698
219.035 69.243 3.85483 3.48076 110.139 727.016
221.263 69.3286 3.86938 3.4569 103.908 810.168
214.432 68.1207 3.87814 3.66491 138.085 502.73
218.405 68.1861 3.87377 3.62071 100.11 654.336
220.465 68.6043 3.88058 3.67681 94.169 750.028
222.103 68.3889 3.88535 3.67769 91.364 806.467
223.281 66.3701 3.8718 3.68474 233.185 829.622
193.671 65.4742 3.81227 3.61226 141.88 529.562
195.352 65.7077 3.84663 3.6679 164.304 450.609
214.357 67.5933 3.89317 3.61737 215.081 471.991
215.855 67.6946 3.85967 3.56968 152.974 534.723
220.128 67.6136 3.85414 3.5991 129.666 705.295
224.214 67.6106 3.86129 3.61248 106.92 876.522
226.258 67.441 3.87905 3.65989 124.142 961.838
195.961 64.9941 3.76362 3.67215 138.377 431.289
213.899 66.7653 3.85828 3.74892 134.491 420.821
216.215 66.9498 3.85063 3.69063 153.691 524.388
218.345 66.8088 3.82773 3.62823 128.68 613.472
221.978 66.9116 3.85329 3.6896 133.206 773.153
223.778 66.9808 3.88173 3.68592 146.765 852.181
225.729 66.9227 3.88508 3.66338 139.476 937.262
214.181 66.267 3.79694 3.71098 171.781 421.926
218.473 66.2305 3.82838 3.71383 193.743 613.96
221.631 66.2191 3.86201 3.71135 255.679 756.051
225.657 65.8052 3.88651 3.68383 146.935 941.761
214.843 62.3987 3.80498 3.58705 54.2336 587.392
216.846 65.3064 3.82664 3.67897 210.947 544.545
218.385 65.6035 3.82213 3.70472 153.727 611.948
220.064 65.4483 3.84215 3.69319 170.348 691.022
221.694 65.3609 3.84803 3.69052 133.7 767.335
223.623 65.2225 3.87194 3.68107 136.443 858.68
196.446 62.7492 3.87579 3.61181 153.929 520.896
214.63 64.613 3.88924 3.61027 146.93 457.938
216.436 64.5012 3.84451 3.69467 184.214 544.48
221.784 64.453 3.83563 3.69298 61.0451 793.056
221.784 64.4525 3.84358 3.63623 90.5518 793.044
223.67 64.5753 3.85092 3.6531 141.969 876.722
195.344 61.9331 3.87363 3.65023 93.0556 624.058
198.469 62.2938 3.84393 3.71191 152.502 483.075
214.222 63.8036 4.03301 3.81499 112.403 473.496
217.924 64.0292 3.86193 3.76168 104.509 629.698
222.48 63.8433 3.86613 3.7224 108.712 846.362
197.317 61.3416 3.84889 3.83284 132.041 604.064
198.513 61.678 3.83694 3.79719 149.794 536.447
200.525 61.7105 3.85257 3.68622 141.71 478.987
216.652 63.0254 4.01808 3.54479 54.9765 621.858
218.173 63.0618 3.96707 3.70798 48.9947 686.368
221.871 63.109 3.88149 3.70168 100.453 850.293
193.799 60.3849 3.82364 3.76059 114.494 806.804
196.65 60.4135 3.85984 3.82093 82.7534 709.545
198.04 60.7515 3.81977 3.79242 134.638 637.026
199.312 60.6947 3.83037 3.69738 100.217 609.369
201.041 61.0224 3.85044 3.59311 109.239 538.45
202.562 61.4009 3.82815 3.68431 160.659 473.482
204.176 61.4907 3.85025 3.73076 110.206 448.522
209.88 61.7531 3.87325 3.61437 61.7592 478.73
212.274 61.7929 3.7808 3.63934 44.7326 543.197
213.825 62.1067 3.77904 3.49238 47.6728 570.54
217.004 62.4013 3.93071 3.45666 48.0625 675.354
218.122 62.3579 3.94747 3.49479 49.4496 725.463
223.206 62.5763 3.87315 3.70455 68.1116 937.828
198.315 59.9237 3.83338 3.71621 112.053 710.783
199.908 60.1686 3.85019 3.63214 133.59 649.599
201.231 60.4742 3.82646 3.64443 88.1123 592.785
202.813 60.5269 3.84007 3.71265 120.944 565.557
204.11 60.6801 3.85834 3.63382 73.943 538.79
205.516 60.8132 3.83917 3.63136 60.3388 521.942
207.791 61.2001 3.80041 3.44498 83.2105 496.691
215.402 61.6061 3.74269 3.69772 75.1232 668.694
222.911 61.4593 3.89698 3.56547 38.9541 989.639
224.22 61.4862 3.88523 3.58085 57.4001 1045.75
226.918 61.1512 3.88912 3.67243 52.4356 1186.92
198.736 59.2533 3.8252 3.64676 86.9013 768.946
200.175 59.1767 3.83704 3.72772 97.5945 748.512
201.907 59.5938 3.84736 3.77841 142.759 677.669
202.905 59.7733 3.84599 3.75318 111.388 647.363
204.792 59.8542 3.81178 3.58872 65.2299 628.633
205.68 60.1952 3.86237 3.64614 34.8291 591.103
207.376 60.0815 3.81007 3.50985 96.795 613.889
210.276 60.4814 3.89104 3.50501 50.2938 616.21
219.809 60.7718 3.87075 3.40716 38.4902 905.348
221.424 60.3024 3.81263 3.54923 35.8644 1006.27
190.452 56.6011 3.8396 3.67329 38.3829 1262.27
202.009 59.0314 3.85535 3.71673 81.0316 737.746
203.561 59.1953 3.8314 3.69433 77.9402 706.389
204.771 59.3922 3.82551 3.57132 61.0658 680.116
206.768 59.6524 3.81343 3.57446 67.2919 656.332
222.262 59.6304 3.85232 3.48495 20.0701 1091.53
223.04 60.1218 3.84016 3.4119 21.6983 1086.72
226.285 59.5898 3.85417 3.43686 19.7887 1263.41
227.183 60.2114 3.90099 3.6573 25.8154 1259.26
203.344 58.6774 3.8353 3.71972 105.971 765.069
204.113 58.2637 3.8118 3.61371 57.9686 807.296
204.991 58.6484 3.8079 3.60644 49.8357 762.765
206.355 58.9287 3.82217 3.51845 56.2893 734.3
207.606 58.6097 3.80383 3.51826 84.6948 777.844
213.66 59.4296 3.85657 3.44418 37.0811 805.223
227.731 58.9601 3.81079 3.48856 27.9059 1371.63
202.426 57.5673 3.82994 3.64676 66.9128 894.492
203.613 57.6397 3.86875 3.65358 54.5582 878.675
229.033 59.3946 3.87718 3.6779 21.8253 1397.13
197.939 55.703 3.82654 3.57477 36.0095 1157.75
200.447 56.2848 3.86429 3.66579 66.399 1056.15
223.768 57.9616 3.80632 3.56464 65.1353 1285.99
225.424 57.4688 3.79159 3.63759 24.5778 1392.63
228.869 57.9128 3.82395 3.49785 17.7067 1499.63
226.879 56.1146 3.82361 3.63848 50.8027 1565
229.974 55.9154 3.78229 3.58424 23.9514 1707.1
228.385 55.3279 3.82064 3.61312 46.7147 1692.66
227.653 56.4191 3.79026 3.55474 28.8797 1570.01
218.547 60.1369 3.81569 4.25932 45.0665 905.125
217.908 60.4896 3.79468 3.57205 37.7188 852.325
217.507 60.403 3.77293 3.58028 49.6497 844.253
218.338 61.0595 3.82846 3.47174 37.173 824.626
216.296 60.3923 3.77638 3.51373 42.0104 801.074
216.716 60.1205 3.7707 3.55021 33.6425 839.214
215.271 60.5805 3.80024 3.52089 40.5781 749.078
216.679 60.2805 3.76731 3.58818 39.7174 824.233
218.244 60.7315 3.79622 3.59039 39.7538 846.068
217.659 60.602 3.79618 3.61721 35.4378 833.806
216.749 60.4427 3.77827 3.64132 44.3855 813.072
217.639 60.9231 3.80707 3.6056 61.8899 807.624
218.995 60.8241 3.82756 3.56026 47.2099 868.608
216.976 61.3836 3.80472 3.56612 50.551 746.351
218.049 60.1785 3.78654 3.54251 60.0213 882.968
216.031 60.2361 3.77644 3.58076 43.1837 805.217
217.533 61.187 3.80424 3.53026 51.7637 783.134
218.652 60.2994 3.80519 3.54612 26.5553 896.023
219.217 60.1294 3.80883 3.54583 34.4193 931.42
216.221 60.072 3.78017 3.58216 51.7689 826.101
218.856 60.4399 3.8118 3.62265 31.5485 892.746
216.546 61.2275 3.78342 3.66457 83.3052 741.763
