# evlo=220.064499 evla=65.448303
194.627 64.5646 3.82756 3.69748 104.499 1195.53
217.908 60.4896 3.8799 3.5295 51.3538 563.333
217.654 61.036 3.8374 3.57298 48.1554 506.425
217.507 60.403 3.85128 3.48535 39.3949 577.045
218.338 61.0595 3.86261 3.62508 85.7004 496.781
220.363 59.9534 3.80693 3.63991 61.8489 612.631
216.3 60.3932 3.83422 3.4713 58.1881 594.771
216.716 60.1205 3.83029 3.45408 65.6306 617.721
215.395 60.9677 3.78457 3.38284 102.006 551.58
209.013 64.0997 3.88243 3.62039 136.354 546.04
209.094 59.7511 3.83331 3.4825 100.545 846.644
209.259 59.7417 3.83332 3.46062 107.057 841.956
210.701 64.1732 3.87931 3.6209 104.423 466.505
208.846 60.7683 3.82082 3.54155 59.5289 767.989
207.916 63.4188 3.90409 3.60376 195.742 626.217
204.378 55.8218 3.82953 3.60632 58.2007 1365.96
200.411 54.831 3.85636 3.45599 30.558 1596.45
207.685 63.8827 3.8826 3.61785 197.131 615.38
208.763 59.5251 3.82496 3.4404 71.82 877.99
209.796 67.2269 3.86398 3.62013 117.317 500.232
216.907 60.7523 3.82896 3.51385 49.7425 547.002
218.66 60.9649 3.86087 3.57787 80.1799 504.68
209.738 62.4058 3.86991 3.66244 140.79 608.553
217.513 60.0823 3.85463 3.51425 51.4979 611.992
212.624 63.0753 3.90364 3.62476 106.81 446.827
214.225 61.1292 3.77133 3.38619 142.375 563.053
214.25 60.5487 3.75319 3.51165 133.935 619.95
196.582 54.8564 3.83086 3.53823 56.7219 1739.82
213.401 60.7277 3.78235 3.4634 132.761 623.907
209.784 61.1426 3.83738 3.54905 69.9657 702.923
188.296 63.7758 3.83218 3.70896 151.754 1515.19
203.121 64.7461 3.84296 3.67753 182.272 797.809
211.074 61.771 3.85567 3.47864 62.0783 604.78
216.188 61.4417 3.772 3.45508 105.205 486.491
212.904 60.8792 3.80248 3.52395 133.012 623.332
215.271 60.5805 3.7844 3.47815 82.9333 594.019
216.679 60.2805 3.80209 3.45657 91.4529 601.016
218.244 60.7315 3.86108 3.54055 67.2516 533.672
213.497 60.396 3.77161 3.46569 113.893 653.816
215.738 60.3351 3.79766 3.46273 71.57 610.583
208.348 59.6572 3.82946 3.49793 63.6982 880.428
217.659 60.6024 3.84503 3.54253 71.6417 553.586
216.749 60.4427 3.80977 3.50751 95.7939 582.565
217.639 60.9231 3.84429 3.5989 123.371 518.87
218.995 60.824 3.82698 3.48536 46.6763 518.235
216.976 61.3836 3.79829 3.55983 105.857 478.488
211.063 63.7318 3.90147 3.65289 192.612 471.181
218.049 60.1785 3.87215 3.51181 52.2371 596.205
216.031 60.2361 3.80212 3.48043 78.6816 615.916
217.533 61.1871 3.82461 3.58375 94.1348 491.539
218.652 60.2994 3.86952 3.35385 21.2228 578.338
211.14 63.4056 3.89548 3.59713 158.046 486.006
219.217 60.1294 3.78682 3.45395 52.9276 594.395
216.221 60.072 3.8046 3.47941 70.6297 630.294
218.856 60.4399 3.8452 3.38226 46.0057 561.575
216.546 61.2275 3.78558 3.5016 91.5521 502.221
203.383 71.3221 3.81936 3.46609 23.493 942.75
234.753 71.9871 3.97897 3.71571 100.678 936.27
198.198 69.3641 3.83215 3.4425 28.9075 1027.13
202.84 70.0079 3.8792 3.52202 37.2859 883.776
205.387 69.6211 3.87618 3.47133 50.0322 776.913
206.58 70.34 3.87618 3.60285 56.4557 783.318
194.656 68.2746 3.8658 3.56261 86.8852 1148.98
196.822 68.4753 3.86908 3.52601 57.7369 1062.49
198.806 68.6483 3.86821 3.49636 83.1219 985.702
200.413 69.1049 3.86389 3.4927 60.7658 934.949
205.217 69.1565 3.89082 3.49645 62.0211 758.68
209.387 69.836 3.82774 3.44811 42.5466 665.338
211.299 69.72 3.86497 3.37297 43.2859 603.975
215.088 69.9175 3.81884 3.61512 66.2477 540.851
216.289 69.626 3.84179 3.61919 52.0794 492.762
235.93 69.3475 4.04503 3.78285 65.9259 804.171
196.917 67.6988 3.85618 3.52421 82.2897 1050.76
201.885 68.4946 3.85184 3.49057 59.6607 859.448
203.387 68.7132 3.85896 3.47589 67.3479 807.856
207.318 68.8799 3.88457 3.46528 54.4014 669.888
209.319 68.9656 3.87333 3.49325 51.8028 606.693
211.177 69.1532 3.90451 3.24479 26.2768 562.277
213.625 69.322 3.86607 3.63814 61.0813 512.311
219.035 69.243 3.96268 3.70862 62.661 425.501
221.263 69.3286 3.96752 3.70682 120.617 435.785
198.174 67.082 3.84458 3.59545 123.372 994.866
199.397 67.4213 3.84898 3.55499 107.05 943.431
202.768 67.4572 3.84792 3.56966 152.285 800.247
203.811 68.2575 3.852 3.47752 85.6562 776.015
206.028 68.4414 3.86201 3.47269 64.7552 696.351
208.187 68.1343 3.88737 3.457 63.8432 600.902
210.384 68.0584 3.86022 3.42765 102.522 515.519
211.513 68.0748 3.86399 3.46754 74.0676 476.457
193.671 65.4742 3.83387 3.70939 127.48 1214.64
195.352 65.7077 3.83219 3.68486 175.859 1133.6
198.75 66.442 3.84256 3.67166 166.542 971.344
200.349 66.6001 3.83991 3.64567 95.4271 899.632
202.227 66.8332 3.84708 3.68657 107.995 817.115
204.275 67.0486 3.84982 3.71522 136.208 729.83
206.517 67.2221 3.84476 3.68351 166.255 636.938
207.821 67.5076 3.84372 3.52494 98.634 590.596
212.113 67.5187 3.8844 3.58711 91.9124 422.324
195.961 64.9941 3.82523 3.69053 159.01 1121.9
197.645 65.3936 3.82754 3.69293 165.95 1035.49
199.349 65.5011 3.82782 3.70727 186.74 955.593
201.346 65.895 3.82761 3.71607 180.98 859.052
202.913 66.1434 3.82676 3.66898 153.651 786.293
206.494 66.5156 3.83262 3.70886 137.215 626.65
208.493 66.9214 3.83893 3.67791 155.976 545.93
209.976 66.7108 3.83998 3.63425 153.158 477.227
197.761 64.6379 3.82978 3.66124 138.925 1048.8
200.087 64.937 3.82677 3.64444 148.189 933.425
201.637 65.1527 3.83452 3.67499 159.658 857.122
203.551 65.5276 3.83909 3.69966 176.603 762.67
205.119 65.4924 3.84215 3.69319 170.348 691.022
207.195 65.6571 3.8335 3.68755 239.649 593.967
208.623 65.8937 3.83152 3.65907 148.761 527.791
210.457 65.8251 3.81856 3.7098 225.573 443.981
214.843 62.3987 3.79625 3.55129 97.3651 425.389
199.305 63.8864 3.86078 3.6775 156.236 1001.88
205.522 64.7962 3.85491 3.70327 112.681 685.231
208.018 65.18 3.84543 3.69028 138.118 561.561
210.64 65.1479 3.84611 3.69009 223.395 440.517
196.446 62.7492 3.85282 3.61943 127.273 1182.47
199.398 63.2842 3.86157 3.63497 162.259 1021.66
200.922 63.3965 3.85814 3.63998 109.776 946.368
203.285 63.465 3.86817 3.63733 148.228 834.545
204.379 63.994 3.86222 3.69289 138.863 762.923
205.853 64.1767 3.8584 3.64628 189.172 688.256
195.344 61.9331 3.84453 3.65997 112.702 1274.5
198.469 62.2938 3.84561 3.66068 114.691 1111.76
201.699 62.7161 3.87089 3.64307 126.506 942.346
205.93 63.3569 3.89206 3.58672 116.24 718.595
197.317 61.3416 3.86358 3.67136 70.6668 1217.29
198.513 61.678 3.86592 3.70301 128.252 1143.41
200.525 61.7105 3.86731 3.64689 115.909 1050.55
201.703 62.1344 3.86372 3.66453 89.3094 973.192
203.311 62.2195 3.87671 3.62316 106.088 896.236
205.146 62.1816 3.88661 3.60662 112.793 817.414
206.12 62.4787 3.88375 3.56112 145.776 757.026
193.799 60.3849 3.84801 3.64454 112.732 1435.63
196.65 60.4135 3.85733 3.62382 92.2092 1304.77
198.04 60.7515 3.85354 3.6257 100.974 1220.78
199.312 60.6947 3.85453 3.58998 94.0201 1167.79
201.041 61.0224 3.85177 3.56997 89.5807 1070.16
202.562 61.4009 3.85741 3.59218 97.0629 979.033
204.176 61.4907 3.87642 3.5798 109.606 903.15
205.609 61.9037 3.86919 3.58333 83.8833 814.723
206.868 61.8823 3.8674 3.57412 103.033 762.658
209.88 61.7531 3.85967 3.57563 95.4856 650.739
212.274 61.7929 3.84221 3.55653 103.687 560.771
213.825 62.1067 3.80044 3.52561 147.94 482.725
225.609 62.2024 3.96153 3.54335 72.2637 452.931
198.315 59.9237 3.8539 3.58533 88.8589 1263.54
199.908 60.1686 3.84787 3.59571 80.7181 1177.03
201.231 60.4742 3.85343 3.61926 73.184 1098.59
202.813 60.5269 3.85965 3.62882 89.3152 1027.26
204.11 60.6801 3.84444 3.60888 109.06 961.826
205.516 60.8132 3.8373 3.54249 73.5287 894.155
207.791 61.2001 3.84354 3.58366 72.1679 774.014
215.402 61.6061 3.76655 3.4134 141.391 486.794
222.911 61.4593 3.83102 3.56707 71.9083 466.661
224.22 61.4862 3.8261 3.69909 70.3154 487.603
226.918 61.1512 3.98262 3.47216 45.7592 588.854
198.736 59.2533 3.84765 3.59691 90.5383 1293.01
200.175 59.1767 3.84168 3.62494 83.2067 1237.54
201.907 59.5938 3.84523 3.63587 105.148 1133.72
202.905 59.7733 3.83792 3.60058 121.489 1078.91
204.792 59.8542 3.81999 3.49178 84.1704 996.601
205.68 60.1952 3.82822 3.50789 62.4518 934.731
207.376 60.0815 3.83777 3.55096 83.7789 879.054
210.276 60.4814 3.84232 3.51106 63.6598 742.094
219.809 60.7718 3.76927 3.44787 47.314 521.415
221.424 60.3024 3.83349 3.53085 41.115 577.684
223.909 60.7704 3.84385 3.68478 68.0197 556.121
190.452 56.6011 3.81767 3.70147 32.4818 1853.95
202.009 59.0314 3.83763 3.58034 70.1519 1172.97
203.561 59.1953 3.83349 3.48021 83.6661 1097.81
204.771 59.3922 3.82592 3.47748 114.218 1034.54
206.768 59.6524 3.82011 3.50461 79.9479 937.445
212.597 59.9979 3.79857 3.57836 123.831 716.543
222.262 59.6304 3.77167 3.48448 55.1201 658.114
223.04 60.1218 3.77555 3.48272 54.2388 612.633
227.183 60.2114 3.85311 3.59887 48.4736 686.331
203.344 58.6774 3.83647 3.48268 103.514 1148.57
204.113 58.2637 3.8353 3.46014 73.7086 1154.17
204.991 58.6484 3.82865 3.50801 71.5806 1088.49
206.355 58.9287 3.84231 3.50266 79.9896 1014.5
207.606 58.6097 3.83568 3.50819 78.7216 999.507
213.66 59.4296 3.75035 3.55556 92.385 747.033
227.731 58.9601 3.88939 3.73099 60.1198 824.554
202.426 57.5673 3.81208 3.49141 77.8943 1277.62
205.548 57.5665 3.84105 3.46597 58.4963 1164.41
225.482 58.2747 3.87584 3.53416 25.9239 848.028
229.033 59.3946 3.83023 3.51783 32.1179 816.838
197.939 55.703 3.82091 3.54354 77.9408 1612.41
200.447 56.2848 3.82545 3.48871 58.7307 1464.41
223.768 57.9616 3.81623 3.63712 46.7172 856.646
225.424 57.4688 3.84581 3.59561 47.5721 933.184
228.869 57.9128 3.91197 3.78166 40.513 958.435
227.048 56.8144 3.86307 3.64481 28.0678 1031.56
210.428 68.6408 3.86983 3.49034 46.3291 549.235
228.385 55.3279 3.85448 3.63662 54.942 1214.93
227.653 56.4191 3.84751 3.65933 46.7008 1085.17
209.931 62.7622 3.49625 3.19953 132.763 576.685
211.063 63.7323 3.90107 3.65252 192.612 471.132
211.14 63.4057 3.89543 3.59709 158.046 486
218.547 60.1369 3.80337 3.49559 82.9337 596.996
217.908 60.4896 3.8799 3.5295 51.3538 563.333
217.507 60.403 3.85128 3.48535 39.3949 577.045
218.338 61.0595 3.8626 3.62508 85.7004 496.78
216.296 60.3923 3.83519 3.47218 58.1881 594.922
216.716 60.1205 3.83029 3.45408 65.6306 617.721
215.271 60.5805 3.7844 3.47815 82.9333 594.019
216.679 60.2805 3.80209 3.45657 91.4529 601.016
218.244 60.7315 3.86108 3.54055 67.2516 533.672
217.659 60.602 3.84538 3.54285 71.6417 553.635
216.749 60.4427 3.80977 3.50751 95.7939 582.565
217.639 60.9231 3.84431 3.59892 123.371 518.872
218.995 60.8241 3.8269 3.48528 46.6763 518.224
216.976 61.3836 3.79829 3.55983 105.857 478.488
218.049 60.1785 3.87215 3.51181 52.2371 596.205
216.031 60.2361 3.80212 3.48043 78.6816 615.916
217.533 61.187 3.82468 3.58381 94.1348 491.547
218.652 60.2994 3.86952 3.35385 21.2228 578.338
219.217 60.1294 3.78682 3.45395 52.9276 594.395
216.221 60.072 3.8046 3.47941 70.6297 630.294
218.856 60.4399 3.8452 3.38226 46.0057 561.575
216.546 61.2275 3.78558 3.5016 91.5521 502.221
209.518 60.7352 3.86901 3.6641 25.2151 746.423
209.518 60.7351 3.86898 3.66407 25.2151 746.417
