# evlo=223.669601 evla=64.575302
194.627 64.5646 3.83351 3.68567 112.375 1379.92
217.908 60.4896 3.75413 3.40046 63.4091 542.969
217.654 61.036 3.75654 3.41085 60.0549 499.344
217.507 60.403 3.76145 3.44297 62.7922 562.65
218.338 61.0595 3.72253 3.42881 102.219 476.591
220.363 59.9534 3.85562 3.52386 109.31 542.807
216.3 60.3932 3.74358 3.49967 77.9298 600.625
225.144 58.5792 3.79961 3.58722 39.4677 672.723
216.716 60.1205 3.75426 3.53698 65.423 612.652
215.395 60.9677 3.79133 3.48005 153.864 582.476
209.013 64.0997 3.86963 3.62746 169.79 708.911
209.094 59.7511 3.80128 3.46225 81.4464 927.209
209.259 59.7417 3.81077 3.48331 84.3065 920.987
210.701 64.1732 3.85836 3.65253 122.749 626.581
208.846 60.7683 3.80556 3.44656 76.6926 867.096
207.916 63.4188 3.87704 3.57767 197.807 779.545
212.195 64.6453 3.86435 3.65347 147.042 548.514
204.378 55.8218 3.79665 3.49378 27.811 1437.16
207.685 63.8827 3.87222 3.66267 147.36 777.493
208.763 59.5251 3.79901 3.45537 83.5929 957.923
209.796 67.2269 3.88225 3.56145 76.1791 696.081
216.907 60.7523 3.76967 3.3988 65.2134 548.663
218.66 60.9649 3.73731 3.47121 124.045 476.54
209.738 62.4058 3.85913 3.50707 103.927 733.223
217.513 60.0823 3.73546 3.51217 68.0006 593.202
212.624 63.0753 3.87778 3.47602 135.923 568.125
214.225 61.1292 3.80771 3.50753 107.141 614.5
214.25 60.5487 3.81391 3.47232 126.605 659.177
196.582 54.8564 3.8199 3.47544 45.6206 1846.52
213.401 60.7277 3.7911 3.46384 82.2886 677.69
209.784 61.1426 3.82205 3.45854 67.1783 801.559
214.766 66.5657 3.91435 3.65723 96.2364 466.562
188.296 63.7758 3.8429 3.7239 143.301 1699.95
203.121 64.7461 3.84557 3.65566 138.123 977.557
211.074 61.771 3.82493 3.53616 71.073 705.654
216.188 61.4417 3.78492 3.52207 154.252 514.818
212.904 60.8792 3.7989 3.51257 87.3117 686.203
215.271 60.5805 3.7957 3.46242 81.2232 619.228
216.679 60.2805 3.75627 3.52946 101.19 598.905
218.244 60.7315 3.7651 3.43608 94.8827 510.411
213.052 64.4091 3.85011 3.60756 174.075 510.128
213.497 60.396 3.81672 3.46705 107.471 700.055
215.738 60.3351 3.79316 3.51289 127.079 624.351
208.348 59.6572 3.79524 3.44419 89.053 965.626
217.659 60.6024 3.746 3.40721 84.4153 539.363
216.749 60.4427 3.76398 3.49968 105.276 581.804
217.639 60.9231 3.74899 3.43813 112.45 510.11
218.995 60.824 3.7462 3.47308 99.9029 481.456
216.976 61.3836 3.76156 3.46012 101.612 491.211
211.063 63.7318 3.85472 3.54861 215.103 619.588
218.049 60.1785 3.73884 3.4868 79.8312 569.356
216.031 60.2361 3.7826 3.52722 107.138 623.516
217.533 61.1871 3.74292 3.41655 114.283 489.57
218.652 60.2994 3.77495 3.48243 86.3101 542.076
211.14 63.4056 3.86842 3.52697 163.472 625.915
219.217 60.1294 3.79826 3.49154 99.3829 546.221
216.221 60.072 3.76412 3.53079 108.326 632.4
218.856 60.4399 3.77878 3.45247 75.9056 523.071
216.546 61.2275 3.77061 3.49365 128.582 519.46
212.138 64.8736 3.86979 3.64411 194.092 549.827
198.929 70.2043 3.89481 3.51407 48.9257 1220.82
234.753 71.9871 4.02686 3.70704 65.0476 941.652
198.198 69.3641 3.85597 3.5031 34.996 1221.86
202.84 70.0079 3.89744 3.55285 48.3257 1074.48
205.387 69.6211 3.89265 3.44799 38.3623 967.335
206.58 70.34 3.93206 3.52224 39.3046 967.795
194.656 68.2746 3.86983 3.5436 68.3982 1344.81
196.822 68.4753 3.877 3.55734 60.8607 1258.32
198.806 68.6483 3.87811 3.59422 76.2102 1181.39
200.413 69.1049 3.88019 3.54346 72.3816 1129.79
205.217 69.1565 3.89555 3.49386 49.667 951.426
209.387 69.836 3.88853 3.5188 40.3323 848.116
211.299 69.72 3.87902 3.54683 30.5861 782.583
215.088 69.9175 3.92044 3.46982 48.3428 700.18
216.289 69.626 3.91405 3.55598 39.4746 647.12
235.93 69.3475 4.01712 3.7573 97.0066 752.528
196.917 67.6988 3.85289 3.46966 64.2832 1246.21
201.885 68.4946 3.87065 3.54948 81.3103 1055.05
203.387 68.7132 3.86954 3.5554 71.5057 1002.83
207.318 68.8799 3.90454 3.53432 50.535 862.228
209.319 68.9656 3.9044 3.475 45.4428 796.126
211.177 69.1532 3.90016 3.5183 45.7054 746.409
213.625 69.322 3.90846 3.4825 53.5825 686.037
219.035 69.243 3.88735 3.74709 67.8673 558.316
221.263 69.3286 3.92485 3.51773 60.5407 540.318
198.174 67.082 3.85705 3.54638 75.8656 1189.22
199.397 67.4213 3.85505 3.52734 80.7987 1138.56
202.768 67.4572 3.86252 3.5385 70.2318 995.685
203.811 68.2575 3.85908 3.54995 68.4921 971.664
206.028 68.4414 3.86397 3.56469 57.4834 891.144
208.187 68.1343 3.85707 3.499 85.4888 795.634
210.384 68.0584 3.85796 3.52257 60.8053 708.967
211.513 68.0748 3.85991 3.52789 86.0813 668.402
214.432 68.1207 3.90868 3.60165 58.381 571.174
218.405 68.1861 3.97443 3.55764 56.766 466.085
220.465 68.6043 3.88093 3.78053 71.396 471.086
222.103 68.3889 3.91589 3.65912 71.681 430.922
193.671 65.4742 3.86099 3.71017 157.356 1403.95
195.352 65.7077 3.86009 3.72302 218.657 1323.4
198.75 66.442 3.87824 3.69165 128.316 1163.65
200.349 66.6001 3.88082 3.71065 95.3249 1092.5
202.227 66.8332 3.88412 3.60683 100.126 1010.92
204.275 67.0486 3.8846 3.6166 69.6297 924.561
206.517 67.2221 3.87598 3.59234 83.9142 832.427
207.821 67.5076 3.85694 3.60076 84.587 786.444
212.113 67.5187 3.87621 3.41703 61.6267 616.683
214.357 67.5933 3.8775 3.49054 66.0197 538.398
215.855 67.6946 3.92503 3.49649 80.7762 494.881
195.961 64.9941 3.84302 3.65866 117.173 1307.92
197.645 65.3936 3.85475 3.66713 126.395 1222.99
199.349 65.5011 3.85436 3.66419 172.637 1143.12
201.346 65.895 3.86269 3.68865 168.081 1048.44
202.913 66.1434 3.86831 3.68166 126.345 976.974
206.494 66.5156 3.87946 3.71966 112.256 819.713
208.493 66.9214 3.88721 3.69544 79.207 741.131
209.976 66.7108 3.88505 3.7296 143.213 672.197
212.525 66.7004 3.91089 3.66488 98.0064 564.236
213.899 66.7653 3.93827 3.6322 94.4742 510.653
216.215 66.9498 3.96384 3.72339 73.9677 431.737
197.761 64.6379 3.84589 3.69166 147.246 1231.58
200.087 64.937 3.84849 3.6645 146.367 1116.84
201.637 65.1527 3.85023 3.67891 181.828 1041.34
203.551 65.5276 3.84768 3.68545 142.334 949.09
205.119 65.4924 3.85092 3.6531 141.969 876.722
207.195 65.6571 3.8488 3.63726 123.985 780.825
208.623 65.8937 3.85155 3.62521 174.335 716.946
210.457 65.8251 3.86857 3.63354 148.723 632.869
212.122 65.8371 3.87293 3.64474 167.952 557.684
214.181 66.267 3.91668 3.69083 81.4029 478.628
214.843 62.3987 3.80981 3.53215 110.109 501.67
213.052 64.4091 3.85011 3.60756 174.075 510.128
199.305 63.8864 3.8536 3.62064 155.813 1177.53
205.522 64.7962 3.87098 3.69582 92.0554 863.564
208.018 65.18 3.85582 3.68167 85.8146 742.881
210.64 65.1479 3.8623 3.65362 190.438 620.037
196.446 62.7492 3.85484 3.59457 100.703 1352.6
199.398 63.2842 3.87733 3.63764 119.017 1191.82
200.922 63.3965 3.87274 3.61428 117.579 1115.21
203.285 63.465 3.87864 3.62736 138.88 999.979
204.379 63.994 3.86978 3.65136 165.835 932.94
205.853 64.1767 3.87467 3.65048 162.375 858.356
214.63 64.613 3.85206 3.64251 205.642 432.547
195.344 61.9331 3.84774 3.61092 78.7556 1440.06
198.469 62.2938 3.86118 3.5993 152.53 1274.38
201.699 62.7161 3.87484 3.55718 137.749 1102.33
205.93 63.3569 3.87426 3.59871 181.692 876.64
214.222 63.8036 3.85858 3.57786 150.723 466.702
197.317 61.3416 3.85742 3.68208 126.474 1373.79
198.513 61.678 3.85881 3.65105 107.078 1300.13
200.525 61.7105 3.86041 3.60558 120.425 1202.36
201.703 62.1344 3.85843 3.60645 132.76 1126.48
203.311 62.2195 3.85946 3.58268 124.059 1045.85
205.146 62.1816 3.854 3.55709 155.554 960.202
206.12 62.4787 3.86282 3.52153 100.646 900.683
193.799 60.3849 3.86183 3.66305 95.2703 1592.61
196.65 60.4135 3.85455 3.60951 77.5916 1454.84
198.04 60.7515 3.85227 3.60925 91.0073 1369.99
199.312 60.6947 3.84197 3.58813 105.901 1312.63
201.041 61.0224 3.84131 3.5811 101.404 1212.79
202.562 61.4009 3.84758 3.55395 88.4696 1120.78
204.176 61.4907 3.84472 3.51289 91.1311 1039.89
205.609 61.9037 3.8493 3.50684 106.512 951.452
206.868 61.8823 3.8476 3.47167 115.594 893.243
209.88 61.7531 3.82988 3.45556 88.1665 760.714
212.274 61.7929 3.8047 3.48353 88.0655 650.972
213.825 62.1067 3.79107 3.4928 122.997 563.763
198.315 59.9237 3.83047 3.57181 87.1562 1404.15
199.908 60.1686 3.82477 3.56342 90.6645 1314.51
201.231 60.4742 3.82967 3.54396 83.5403 1234.41
202.813 60.5269 3.82673 3.50452 98.7932 1157.25
204.11 60.6801 3.82122 3.48039 77.7379 1087.9
205.516 60.8132 3.82404 3.45972 90.2105 1015.03
207.791 61.2001 3.83012 3.48725 91.8175 887.836
215.402 61.6061 3.80751 3.49058 103.663 532.195
198.736 59.2533 3.82251 3.55534 85.3755 1425.84
200.175 59.1767 3.81839 3.53715 91.7323 1363.91
201.907 59.5938 3.81735 3.4917 78.7856 1256.89
202.905 59.7733 3.81304 3.476 89.8191 1199.43
204.792 59.8542 3.82062 3.46636 74.3387 1108.28
205.68 60.1952 3.81924 3.46047 74.4711 1045.9
207.376 60.0815 3.80287 3.44369 83.0317 977.748
210.276 60.4814 3.81043 3.49234 89.7406 824.393
219.809 60.7718 3.78229 3.5227 101.246 467.594
221.424 60.3024 3.87968 3.46659 71.0299 490.058
223.909 60.7704 3.80771 3.56063 57.6354 424.257
190.452 56.6011 3.82666 3.59137 48.9263 1994.57
202.009 59.0314 3.82078 3.48055 82.5556 1289.51
203.561 59.1953 3.81765 3.46538 95.192 1208.19
204.771 59.3922 3.82426 3.46724 84.3855 1140.46
206.768 59.6524 3.80928 3.45928 101.823 1034.15
212.597 59.9979 3.82003 3.46583 109.193 766.604
222.262 59.6304 3.79619 3.52597 65.4374 555.939
223.04 60.1218 3.80091 3.63025 56.7909 497.41
226.285 59.5898 3.83488 3.61191 67.7313 572.06
227.183 60.2114 3.83182 3.67391 82.8126 519.003
212.566 65.1171 3.8698 3.69095 175.007 529.557
203.344 58.6774 3.81691 3.44654 67.7229 1254.26
204.113 58.2637 3.82372 3.44407 119.89 1250.82
204.991 58.6484 3.82255 3.43368 74.4868 1184.07
206.355 58.9287 3.81075 3.43341 104.337 1104.46
207.606 58.6097 3.81331 3.44891 81.5592 1076.28
213.66 59.4296 3.79032 3.47491 80.5018 775.373
227.731 58.9601 3.88583 3.67983 56.7552 661.154
202.426 57.5673 3.81688 3.45399 91.046 1376.92
203.613 57.6397 3.81107 3.46167 55.0469 1320.01
205.548 57.5665 3.8156 3.43586 97.5279 1244.23
224.26 58.4133 3.83653 3.59454 37.0901 687.386
225.482 58.2747 3.79777 3.57385 40.8587 708.671
229.033 59.3946 3.83654 3.64319 69.0713 641.659
197.939 55.703 3.82437 3.44766 85.9988 1718.84
200.447 56.2848 3.81988 3.4557 71.5656 1562.94
223.768 57.9616 3.82574 3.63027 36.9579 737.003
225.424 57.4688 3.80428 3.62275 44.5077 797.45
228.869 57.9128 3.87755 3.54555 64.369 792.533
227.048 56.8144 3.84469 3.6392 31.6042 883.898
229.75 56.9811 3.82731 3.53957 71.1157 907.746
212.138 64.8735 3.85552 3.75439 62.6914 549.837
210.428 68.6408 3.894 3.58327 65.8515 739.085
229.974 55.9154 3.8272 3.59117 40.6253 1024.89
228.385 55.3279 3.81942 3.65083 66.4132 1062.7
209.931 62.7622 3.96048 3.61998 82.3416 707.983
211.063 63.7323 3.85448 3.54839 215.103 619.55
211.14 63.4057 3.86839 3.52694 163.472 625.91
218.547 60.1369 3.43826 3.13509 81.1818 560.899
217.908 60.4896 3.75413 3.40046 63.4091 542.969
217.507 60.403 3.76145 3.44297 62.7922 562.65
218.338 61.0595 3.72251 3.42878 102.219 476.588
216.296 60.3923 3.74477 3.50079 77.9302 600.817
216.716 60.1205 3.75426 3.53698 65.423 612.652
215.271 60.5805 3.7957 3.46242 81.2232 619.228
216.679 60.2805 3.75627 3.52946 101.19 598.905
218.244 60.7315 3.7651 3.43608 94.8827 510.411
217.659 60.602 3.74636 3.40754 84.4153 539.415
216.749 60.4427 3.76398 3.49968 105.276 581.804
217.639 60.9231 3.74903 3.43817 112.45 510.116
218.995 60.8241 3.74612 3.47301 99.9029 481.446
216.976 61.3836 3.76156 3.46012 101.612 491.211
218.049 60.1785 3.73884 3.4868 79.8312 569.356
216.031 60.2361 3.7826 3.52722 107.138 623.516
217.533 61.187 3.74294 3.41657 114.283 489.573
218.652 60.2994 3.77495 3.48243 86.3101 542.076
219.217 60.1294 3.79826 3.49154 99.3829 546.221
216.221 60.072 3.76412 3.53079 108.326 632.4
218.856 60.4399 3.77878 3.45247 75.9056 523.071
216.546 61.2275 3.77061 3.49365 128.582 519.46
