# evlo=199.397903 evla=63.284199
217.908 60.4896 3.85619 3.48955 41.3249 1017.92
217.654 61.036 3.85228 3.45481 33.0026 980.247
217.507 60.403 3.85934 3.52076 37.0238 1002.32
218.338 61.0595 3.81283 3.50109 70.5051 1013.37
220.363 59.9534 3.84775 3.42778 35.893 1166.3
216.3 60.3932 3.85521 3.45944 36.9406 943.42
225.144 58.5792 3.82413 3.4329 27.6177 1478.9
216.716 60.1205 3.85563 3.39919 28.2969 978.003
215.395 60.9677 3.85443 3.43715 59.9804 871.1
209.013 64.0997 3.77896 3.76297 181.049 483.757
209.094 59.7511 3.82294 3.5899 35.7903 647.992
209.259 59.7417 3.81971 3.53835 48.197 655.642
210.701 64.1732 3.79348 3.69476 119.939 566.366
208.846 60.7683 3.76029 3.42882 33.3393 567.801
207.916 63.4188 3.8315 3.679 175.187 426.367
212.195 64.6453 3.8186 3.72952 191.004 643.84
200.411 54.831 3.81057 3.73519 46.0363 943.406
208.763 59.5251 3.82135 3.4976 43.2338 651.38
209.796 67.2269 3.86561 3.54956 99.2387 653.725
216.907 60.7523 3.84618 3.42776 34.7226 955.861
218.66 60.9649 3.8287 3.50912 80.0362 1033.51
209.738 62.4058 3.85701 3.61633 139.01 535.115
217.513 60.0823 3.86588 3.48169 37.6551 1019.03
212.624 63.0753 3.81012 3.58589 151.713 665.309
214.225 61.1292 3.85944 3.51858 71.4349 806.04
215.93 63.6482 3.81258 3.64596 65.4071 823.047
214.25 60.5487 3.83989 3.38614 59.5086 835.406
196.582 54.8564 3.87965 3.74097 29.6281 952.373
213.401 60.7277 3.84172 3.45199 52.4685 785.006
209.784 61.1426 3.77753 3.3056 29.4529 589.876
214.766 66.5657 3.83634 3.69886 69.4255 810.985
188.296 63.7758 3.87148 3.71134 83.2517 554.322
211.074 61.771 3.87933 3.61979 55.4374 623.417
216.188 61.4417 3.84419 3.52335 90.5624 890.385
212.904 60.8792 3.86182 3.36915 54.1418 753.224
215.271 60.5805 3.84826 3.42355 38.9109 883.549
216.679 60.2805 3.84571 3.41111 33.2063 967.804
218.244 60.7315 3.83464 3.46571 49.5844 1023.18
213.052 64.4091 3.8217 3.6913 133.585 681.97
213.497 60.396 3.83294 3.48905 44.2429 807.199
215.738 60.3351 3.84644 3.41106 26.2462 918.936
208.348 59.6572 3.81755 3.5588 34.8947 624.333
217.659 60.6024 3.84909 3.52482 44.418 1000.17
216.749 60.4427 3.85105 3.45627 39.0777 962.995
217.639 60.9231 3.84071 3.47133 68.8743 984.462
218.995 60.824 3.82732 3.50253 64.5242 1056.42
216.976 61.3836 3.8303 3.49124 46.0622 932.052
211.063 63.7318 3.80337 3.62015 170.81 582.112
218.049 60.1785 3.86187 3.4467 47.8149 1040.41
216.031 60.2361 3.85439 3.43902 34.7219 938.436
217.533 61.1871 3.83395 3.46596 65.6035 967.826
218.652 60.2994 3.81631 3.40426 28.1821 1064.07
211.14 63.4056 3.81987 3.58885 127.344 587.297
219.217 60.1294 3.85009 3.48133 39.0079 1100.56
216.221 60.072 3.85865 3.44144 36.482 956.492
218.856 60.4399 3.84939 3.45217 36.0529 1067.28
216.546 61.2275 3.84679 3.50342 83.9267 916.9
212.138 64.8736 3.81504 3.72121 256.659 645.154
198.929 70.2043 3.79752 3.5393 94.1794 771.982
203.383 71.3221 3.86792 3.53687 71.0633 912.222
205.026 71.0033 3.91495 3.61002 88.7215 893.852
234.753 71.9871 3.86153 3.46972 62.8855 1748.47
198.198 69.3641 3.80321 3.53017 73.5525 680.074
202.84 70.0079 3.87579 3.56042 91.0057 764.814
205.387 69.6211 3.84462 3.54881 74.1555 754.602
206.58 70.34 3.82869 3.50195 93.0651 846.469
194.656 68.2746 3.76808 3.5254 103.178 596.902
196.822 68.4753 3.81949 3.77529 95.5575 590.509
198.806 68.6483 3.80416 3.41383 96.0605 598.73
200.413 69.1049 3.83099 3.55888 73.0552 650.649
205.217 69.1565 3.8342 3.56311 139.173 704.523
211.299 69.72 3.8572 3.63365 94.6916 888.737
216.289 69.626 3.84839 3.56738 83.621 1026.8
196.917 67.6988 3.7861 3.69065 73.6381 505.354
201.885 68.4946 3.84835 3.6024 130.228 591.831
203.387 68.7132 3.84422 3.56719 95.7494 631.564
207.318 68.8799 3.81128 3.51542 77.6587 718.323
209.319 68.9656 3.85547 3.66339 110.303 774.079
211.177 69.1532 3.87647 3.72576 115.189 839.393
213.625 69.322 3.87033 3.60202 106.138 923.439
219.035 69.243 3.83445 3.57034 97.2015 1096.48
221.263 69.3286 3.84878 3.55388 111.558 1179.8
198.174 67.082 3.80158 3.53312 96.0731 427.281
199.397 67.4213 3.83313 3.55099 108.849 461.277
202.768 67.4572 3.83731 3.57343 97.7526 490.815
203.811 68.2575 3.81552 3.5191 80.2117 589.894
206.028 68.4414 3.82131 3.5041 58.4 649.008
208.187 68.1343 3.83936 3.75349 147.987 673.467
210.384 68.0584 3.82921 3.62982 119.011 731.89
211.513 68.0748 3.82623 3.50079 103.298 769.267
214.432 68.1207 3.8178 3.59932 58.8601 872.348
218.405 68.1861 3.85804 3.48709 28.8325 1022.73
220.465 68.6043 3.82507 3.48242 53.3714 1118.81
222.103 68.3889 3.85572 3.58495 60.184 1173.66
223.281 66.3701 3.86858 3.67799 127.779 1176.66
204.275 67.0486 3.80375 3.62346 143.417 477.626
206.517 67.2221 3.80775 3.62379 116.493 550.149
207.821 67.5076 3.80631 3.67765 102.83 611.318
212.113 67.5187 3.86045 3.56988 79.134 753.903
214.357 67.5933 3.87441 3.63703 88.2594 840.764
215.855 67.6946 3.88138 3.66758 93.4525 902.737
220.128 67.6136 3.86436 3.65834 114.071 1068.88
224.214 67.6106 3.87379 3.6789 85.5021 1237.33
226.258 67.441 3.88675 3.68959 119.236 1320.31
206.494 66.5156 3.84124 3.69521 106.163 492.088
208.493 66.9214 3.87102 3.65646 85.7516 588.127
209.976 66.7108 3.86966 3.61927 93.9852 627.181
212.525 66.7004 3.87035 3.69449 116.663 725.063
213.899 66.7653 3.86652 3.72548 92.9256 783.304
216.215 66.9498 3.86179 3.72346 141.929 885.499
218.345 66.8088 3.84362 3.7304 117.618 970.018
221.978 66.9116 3.86944 3.70137 117.013 1128.01
223.778 66.9808 3.87944 3.70094 113.17 1206.93
225.729 66.9227 3.8844 3.69428 91.6687 1290.72
207.195 65.6571 3.92784 3.65997 177.732 458.495
208.623 65.8937 3.90483 3.58327 120.318 528.253
210.457 65.8251 3.86962 3.64318 163.911 600.149
212.122 65.8371 3.85376 3.61815 130.723 671.644
214.181 66.267 3.83099 3.58884 90.9837 775.436
218.473 66.2305 3.83497 3.69514 116.217 961.051
221.631 66.2191 3.85613 3.66802 141.968 1101.21
225.657 65.8052 3.8753 3.6613 86.5812 1280.62
214.843 62.3987 3.82597 3.64864 140.811 791.095
213.052 64.4091 3.8217 3.6913 133.585 681.97
208.018 65.18 3.84674 3.68348 141.289 468.124
210.64 65.1479 3.82385 3.67848 238.292 583.059
216.846 65.3064 3.86178 3.69671 147.066 871.151
218.385 65.6035 3.85321 3.66894 194.792 946.024
220.064 65.4483 3.86157 3.63497 162.259 1021.66
221.694 65.3609 3.87532 3.61852 123.6 1096.74
223.623 65.2225 3.88324 3.63704 115.165 1186.6
214.63 64.613 3.83784 3.69069 214.166 759.303
216.436 64.5012 3.8437 3.67469 162.175 845.178
221.784 64.453 3.87206 3.68118 50.709 1102.36
221.784 64.4525 3.86605 3.68083 114.451 1102.34
223.67 64.5753 3.87733 3.63764 119.017 1191.82
214.222 63.8036 3.82436 3.62969 90.8528 737.743
217.924 64.0292 3.81711 3.64254 125.619 918.094
222.48 63.8433 3.83659 3.63077 170.014 1142.43
216.652 63.0254 3.79943 3.64976 121.584 867.543
218.173 63.0618 3.80259 3.67585 149.401 942.673
221.871 63.109 3.80641 3.63989 149.363 1125.49
193.799 60.3849 3.86708 3.66085 138.222 437.191
209.88 61.7531 3.85422 3.5386 70.3064 565.436
212.274 61.7929 3.85615 3.52506 76.949 681.975
213.825 62.1067 3.84435 3.56868 89.4816 748.56
217.004 62.4013 3.8034 3.60401 79.925 899.424
218.122 62.3579 3.79658 3.57133 135.518 956.699
221.538 62.4435 3.80222 3.60777 119.134 1125.32
223.206 62.5763 3.81157 3.61042 105.868 1204.9
225.609 62.2024 3.8149 3.63135 131.521 1335.81
205.516 60.8132 3.76594 3.69191 64.3414 421.929
207.791 61.2001 3.843 3.38481 56.0598 493.749
215.402 61.6061 3.84482 3.54055 98.0494 844.81
222.911 61.4593 3.80585 3.57365 81.9226 1226.68
224.22 61.4862 3.79495 3.58824 75.9544 1291.32
226.918 61.1512 3.80549 3.60428 90.8852 1439.7
198.736 59.2533 3.83546 3.76129 139.594 450.571
200.175 59.1767 3.86024 3.69061 83.8891 459.602
201.907 59.5938 3.81131 3.55461 77.0794 432.403
202.905 59.7733 3.83117 3.71609 70.9089 433.324
204.792 59.8542 3.83902 3.43328 47.4932 477.423
205.68 60.1952 3.82267 3.58392 42.6147 477.825
207.376 60.0815 3.83125 3.68941 50.256 552.302
210.276 60.4814 3.7354 3.43452 52.0373 650.718
219.809 60.7718 3.81811 3.46349 71.2385 1099.39
221.424 60.3024 3.83255 3.48202 60.3205 1201.76
223.909 60.7704 3.79487 3.53194 84.6805 1304.79
190.452 56.6011 3.81218 3.57836 45.4355 895.121
202.009 59.0314 3.79412 3.54276 62.5084 494.21
204.771 59.3922 3.85151 3.5104 55.1096 520.023
206.768 59.6524 3.82216 3.62016 50.3371 563.403
212.597 59.9979 3.77642 3.53648 72.8653 787.748
222.262 59.6304 3.83262 3.31842 28.2486 1277.36
223.04 60.1218 3.82342 3.49297 71.4091 1291.19
226.285 59.5898 3.8151 3.55469 64.4862 1480.24
227.183 60.2114 3.80412 3.5714 92.0009 1494.46
212.566 65.1171 3.83347 3.72726 255.254 670.13
203.344 58.6774 3.82781 3.5947 56.5587 555.77
206.355 58.9287 3.80331 3.52954 55.3091 612.741
207.606 58.6097 3.7945 3.72014 52.0407 683.93
213.66 59.4296 3.82086 3.60629 59.4567 872.902
227.731 58.9601 3.82487 3.55149 50.0223 1586.19
202.426 57.5673 3.80945 3.68904 42.1838 658.259
203.613 57.6397 3.76442 3.64409 37.1625 669.952
224.26 58.4133 3.81698 3.37172 28.6181 1444.99
225.482 58.2747 3.81869 3.45107 15.3933 1513.62
229.033 59.3946 3.81441 3.58427 76.2275 1628.06
197.939 55.703 3.86748 3.66401 89.6492 848.545
200.447 56.2848 3.789 3.65515 65.5792 781.983
223.768 57.9616 3.84103 3.52688 39.3691 1448.49
225.424 57.4688 3.85136 3.47898 24.3108 1560.85
228.869 57.9128 3.82233 3.53698 31.438 1703.54
227.048 56.8144 3.82117 3.55315 17.1677 1683.21
229.75 56.9811 3.82342 3.53592 43.3668 1805.55
212.138 64.8735 3.83067 3.7045 59.3817 645.143
210.428 68.6408 3.86644 3.74637 149.051 777.629
226.879 56.1146 3.85248 3.64606 27.9554 1722.69
228.385 55.3279 3.83507 3.6717 27.4526 1851.43
227.653 56.4191 3.81391 3.60822 33.8352 1739.44
209.931 62.7622 3.26253 2.35452 52.6855 535.859
211.063 63.7323 3.80354 3.62031 170.81 582.138
211.14 63.4057 3.81988 3.58887 127.344 587.3
218.547 60.1369 3.95648 4.14427 39.1156 1067.07
217.908 60.4896 3.85619 3.48955 41.3249 1017.92
217.507 60.403 3.85934 3.52076 37.0238 1002.32
218.338 61.0595 3.81285 3.50111 70.5051 1013.38
216.296 60.3923 3.85471 3.459 36.9406 943.299
216.716 60.1205 3.85563 3.39919 28.2969 978.003
215.271 60.5805 3.84826 3.42355 38.9109 883.549
216.679 60.2805 3.84571 3.41111 33.2063 967.804
218.244 60.7315 3.83464 3.46571 49.5844 1023.18
217.659 60.602 3.84907 3.5248 44.418 1000.17
216.749 60.4427 3.85105 3.45627 39.0777 962.995
217.639 60.9231 3.84067 3.47129 68.8743 984.452
218.995 60.8241 3.82731 3.50252 64.5242 1056.42
216.976 61.3836 3.8303 3.49124 46.0622 932.052
218.049 60.1785 3.86187 3.4467 47.8149 1040.41
216.031 60.2361 3.85439 3.43902 34.7219 938.436
217.533 61.187 3.834 3.46601 65.6035 967.84
218.652 60.2994 3.81631 3.40426 28.1821 1064.07
219.217 60.1294 3.85009 3.48133 39.0079 1100.56
216.221 60.072 3.85865 3.44144 36.482 956.492
218.856 60.4399 3.84939 3.45217 36.0529 1067.28
216.546 61.2275 3.84679 3.50342 83.9267 916.9
