# evlo=205.145706 evla=62.181599
194.627 64.5646 3.75888 3.59127 107.487 588.486
217.908 60.4896 3.82845 3.44158 131.21 707.489
217.654 61.036 3.79384 3.38833 126.754 674.83
217.507 60.403 3.84606 3.49099 120.82 690.454
218.338 61.0595 3.78039 3.4153 115.315 709.605
220.363 59.9534 3.8295 3.47888 126.888 856.014
216.3 60.3932 3.84607 3.44969 104.763 629.437
225.144 58.5792 3.83906 3.43958 89.3043 1168.09
216.716 60.1205 3.85166 3.41048 105.154 662.936
215.395 60.9677 3.82064 3.40188 201.726 560.407
212.195 64.6453 3.87855 3.53758 174.508 446.141
204.378 55.8218 3.84247 3.55699 38.1935 709.809
200.411 54.831 3.84563 3.61508 62.1758 863.471
209.796 67.2269 3.80907 3.62561 130.431 604.246
216.907 60.7523 3.81984 3.42409 119.261 645.945
218.66 60.9649 3.7818 3.42492 121.212 729.28
217.513 60.0823 3.85592 3.46233 104.606 704.923
214.225 61.1292 3.80941 3.43511 149.229 494.744
215.93 63.6482 3.86091 3.54272 186.006 571.141
214.25 60.5487 3.86407 3.4934 156.367 519.292
196.582 54.8564 3.86281 3.72557 71.3434 954.654
213.401 60.7277 3.8594 3.5507 180.235 468.755
214.766 66.5657 3.85304 3.73391 107.479 672.819
188.296 63.7758 3.7934 3.51717 89.9341 869.973
216.188 61.4417 3.78251 3.38566 240.807 587.221
212.904 60.8792 3.84468 3.52365 196.415 437.218
215.271 60.5805 3.86299 3.45623 162.733 569.215
216.679 60.2805 3.84953 3.43942 162.224 653.664
218.244 60.7315 3.80021 3.42678 103.856 715.633
213.052 64.4091 3.89442 3.51028 187.53 467.401
213.497 60.396 3.89978 3.62115 148.502 489.494
215.738 60.3351 3.86761 3.46341 96.7573 603.7
217.659 60.6024 3.82572 3.44268 120.12 690.273
225.615 58.2758 3.84234 3.43741 82.8908 1208.58
215.581 59.9268 3.8827 3.42417 97.3219 616.233
216.749 60.4427 3.83886 3.4525 146.886 650.122
217.639 60.9231 3.79875 3.39182 131.034 677.739
214.077 61.4924 3.78447 3.44232 222.879 476.328
217.277 60.2474 3.84549 3.46284 49.795 685.435
218.995 60.824 3.79111 3.47146 159.665 751.296
216.976 61.3836 3.7766 3.39343 206.306 629.691
218.049 60.1785 3.84104 3.46333 115.662 727.797
216.031 60.2361 3.85862 3.44557 115.599 623.044
217.533 61.1871 3.7801 3.38765 146.948 663.998
218.652 60.2994 3.81475 3.47581 77.4083 753.405
219.217 60.1294 3.82491 3.5006 169.148 789.585
216.221 60.072 3.85969 3.43534 87.0603 640.485
218.856 60.4399 3.81601 3.48964 131.262 758.157
216.546 61.2275 3.79325 3.38184 200.956 611.568
207.417 57.7828 3.81417 3.36748 53.3832 506.131
212.138 64.8736 3.84819 3.59642 162.735 459.008
203.383 71.3221 3.86802 3.55967 48.4883 1022.17
205.026 71.0033 3.84712 3.63732 74.5684 983.762
202.84 70.0079 3.85575 3.56687 47.0144 878.745
205.387 69.6211 3.82699 3.52995 49.8793 829.613
206.58 70.34 3.83648 3.5767 62.5494 911.961
200.413 69.1049 3.83515 3.49461 55.0813 801.543
205.217 69.1565 3.81651 3.5528 56.5636 777.72
209.387 69.836 3.85351 3.51979 62.4501 874.442
211.299 69.72 3.86428 3.57165 100.737 884.898
215.088 69.9175 3.85097 3.5287 101.535 970.389
216.289 69.626 3.82101 3.5289 98.5482 969.778
235.93 69.3475 3.95422 3.64553 85.4158 1596.3
196.917 67.6988 3.87017 3.43317 29.9258 726.503
201.885 68.4946 3.84686 3.56344 74.2425 719.829
203.387 68.7132 3.82832 3.61948 82.5482 732.744
207.318 68.8799 3.85078 3.51273 66.279 753.462
209.319 68.9656 3.85427 3.5362 74.8386 780.126
211.177 69.1532 3.85299 3.59105 105.232 824.418
213.625 69.322 3.83855 3.58112 137.258 884.131
198.174 67.082 3.87557 3.50445 45.8011 639.189
202.768 67.4572 3.81117 3.67205 60.7109 598.801
203.811 68.2575 3.81372 3.63861 73.2976 680.263
206.028 68.4414 3.8483 3.52126 47.9321 699.139
208.187 68.1343 3.85821 3.63052 81.8874 678.637
210.384 68.0584 3.82824 3.63496 92.9424 699.291
211.513 68.0748 3.82636 3.66263 150.523 720.998
214.432 68.1207 3.81309 3.52268 125.918 790.786
218.405 68.1861 3.86084 3.70761 84.2767 909.597
220.465 68.6043 3.86139 3.66098 58.5271 1004.62
222.103 68.3889 3.87052 3.59151 81.6386 1045.14
223.281 66.3701 3.89052 3.6156 127.861 989.962
193.671 65.4742 3.80724 3.5911 61.2883 672.172
195.352 65.7077 3.78056 3.73786 83.0952 619.394
198.75 66.442 3.84841 3.4113 49.1326 566.268
200.349 66.6001 3.86356 3.59607 76.9137 543.885
202.227 66.8332 3.78266 3.66322 73.0725 537.057
204.275 67.0486 3.82234 3.60019 61.4788 544.188
206.517 67.2221 3.8746 3.61165 94.4931 565.712
207.821 67.5076 3.84594 3.61935 109.325 607.07
212.113 67.5187 3.82312 3.55886 141.224 679.737
214.357 67.5933 3.83174 3.60902 117.106 742.998
215.855 67.6946 3.83508 3.65903 159.512 794.15
220.128 67.6136 3.84991 3.65979 96.1501 928.609
224.214 67.6106 3.87429 3.64028 117.145 1080.17
226.258 67.441 3.89504 3.70263 110.905 1153.39
195.961 64.9941 3.80166 3.65712 57.9879 552.567
197.645 65.3936 3.76829 3.60146 82.6944 514.113
201.346 65.895 3.82996 3.5505 87.4059 453.5
202.913 66.1434 3.79913 3.55713 59.2818 454.747
206.494 66.5156 3.87625 3.68006 134.62 487.51
208.493 66.9214 3.82997 3.62385 125.692 552.072
209.976 66.7108 3.82117 3.6102 187.984 555.543
212.525 66.7004 3.83331 3.63777 137.821 615.631
213.899 66.7653 3.84938 3.70599 101.523 660.897
216.215 66.9498 3.86401 3.77974 82.2049 749.109
218.345 66.8088 3.84029 3.57304 127.098 814.891
221.978 66.9116 3.8681 3.5682 95.2745 959.707
223.778 66.9808 3.8814 3.62289 110.293 1034.85
225.729 66.9227 3.90812 3.61466 76.3391 1112.5
197.761 64.6379 3.77822 3.8453 68.2242 458.986
208.623 65.8937 3.84859 3.58016 118.817 447.177
210.457 65.8251 3.82592 3.67978 150.151 481.814
212.122 65.8371 3.84204 3.65761 292.204 530.898
214.18 66.267 3.86853 3.83662 44.9645 631.098
214.181 66.267 3.84251 3.72647 92.6427 631.131
218.473 66.2305 3.84477 3.52039 157.474 786.671
221.631 66.2191 3.88648 3.56003 98.1446 914.741
225.657 65.8052 3.90862 3.57269 53.8431 1076
214.843 62.3987 3.75908 3.49997 505.43 503.4
213.052 64.4091 3.89442 3.51028 187.53 467.401
210.64 65.1479 3.8325 3.7937 177.556 427.879
216.846 65.3064 3.86604 3.56625 132.095 673.117
218.385 65.6035 3.86367 3.5714 154.809 751.786
220.064 65.4483 3.88661 3.60662 112.793 817.414
221.694 65.3609 3.89183 3.62407 165.486 886.569
223.623 65.2225 3.88644 3.57377 87.5107 970.284
196.446 62.7492 3.83711 3.65898 151.907 452.959
214.63 64.613 3.88407 3.45539 155.33 545.295
216.436 64.5012 3.89238 3.54183 148.818 620.633
221.784 64.453 3.86751 3.53166 109.718 868.628
221.784 64.4525 3.84873 3.53636 66.0823 868.591
223.67 64.5753 3.854 3.55709 155.554 960.202
195.344 61.9331 3.80963 3.66077 133.29 512.856
214.222 63.8036 3.87653 3.62012 387.207 493.734
217.924 64.0292 3.88308 3.54532 179.393 675.906
222.48 63.8433 3.86455 3.58815 145.755 894.34
197.317 61.3416 3.78085 3.79701 283.373 423.589
216.652 63.0254 3.79089 3.49529 233.436 597.56
218.173 63.0618 3.80432 3.54533 249.517 674.587
221.871 63.109 3.81826 3.5849 184.705 861.489
193.799 60.3849 3.79268 3.71363 175.516 639.578
196.65 60.4135 3.79467 3.62887 179.723 495.694
213.825 62.1067 3.76946 3.53103 328.27 452.368
217.004 62.4013 3.73997 3.39473 220.456 615.016
218.122 62.3579 3.74529 3.42246 200.341 673.07
221.538 62.4435 3.76788 3.52035 191.64 848.313
223.206 62.5763 3.7892 3.5539 238.694 932.554
225.609 62.2024 3.80064 3.55351 239.309 1061.07
198.315 59.9237 3.86804 3.63165 161.166 446.253
215.402 61.6061 3.77843 3.3798 232.216 542.488
222.911 61.4593 3.75306 3.45154 189.702 936.845
224.22 61.4862 3.75719 3.47137 238.466 1004.23
226.918 61.1512 3.77755 3.49717 186.084 1153.46
198.736 59.2533 3.83722 3.63241 144.356 478.014
200.175 59.1767 3.79213 3.72428 157.364 430.902
219.809 60.7718 3.77767 3.44839 150.483 795.301
221.424 60.3024 3.79207 3.46747 141.058 896.212
223.909 60.7704 3.75989 3.46841 194.504 1008.63
190.452 56.6011 3.79138 3.66856 42.3457 1037.07
212.597 59.9979 3.90731 3.38874 115.391 469.52
222.262 59.6304 3.82674 3.49414 141.158 968.068
223.04 60.1218 3.77495 3.44823 103.588 987.088
226.285 59.5898 3.79631 3.49134 166.201 1177.85
227.183 60.2114 3.77626 3.48921 192.378 1199
212.566 65.1171 3.83764 3.61576 207.357 491.635
204.113 58.2637 3.80778 3.65899 129.732 440.234
207.606 58.6097 3.87662 3.36489 78.4406 420.378
213.66 59.4296 3.83319 3.4319 98.3229 555.092
227.731 58.9601 3.80934 3.51495 112.997 1281.96
202.426 57.5673 3.80779 3.66264 101.225 536.058
203.613 57.6397 3.85406 3.55328 81.1921 513.194
205.548 57.5665 3.82959 3.56906 57.3609 514.657
224.26 58.4133 3.87357 3.46102 52.3923 1132.08
225.482 58.2747 3.84711 3.44376 55.2 1201.85
229.033 59.3946 3.78208 3.52936 179.935 1329.29
197.939 55.703 3.80243 3.76527 147.876 831.316
200.447 56.2848 3.82557 3.55102 88.5859 709.108
223.768 57.9616 3.87178 3.47685 116.451 1133.22
225.424 57.4688 3.87126 3.48696 92.3978 1245.9
228.869 57.9128 3.82282 3.4869 85.4229 1395.25
227.048 56.8144 3.8686 3.49872 28.852 1368.16
229.75 56.9811 3.82306 3.50114 76.905 1494.51
212.138 64.8735 3.84667 3.58906 133.655 458.994
210.428 68.6408 3.83825 3.64795 145.95 760.163
229.974 55.9154 3.85194 3.55834 57.9784 1573.45
227.653 56.4191 3.8589 3.58759 68.0231 1423.99
218.547 60.1369 4.02003 4.58633 167.936 754.997
217.908 60.4896 3.82845 3.44158 131.21 707.489
217.507 60.403 3.84606 3.49099 120.82 690.454
218.338 61.0595 3.78042 3.41533 115.315 709.611
216.296 60.3923 3.84526 3.44896 104.763 629.304
216.716 60.1205 3.85166 3.41048 105.154 662.936
215.271 60.5805 3.86299 3.45623 162.733 569.215
216.679 60.2805 3.84953 3.43942 162.224 653.664
218.244 60.7315 3.80021 3.42678 103.856 715.633
217.659 60.602 3.82567 3.44263 120.12 690.264
216.749 60.4427 3.83886 3.4525 146.886 650.122
217.639 60.9231 3.79869 3.39177 131.034 677.729
217.277 60.2474 3.84549 3.46284 49.795 685.435
218.995 60.8241 3.7911 3.47144 159.665 751.293
216.976 61.3836 3.7766 3.39343 206.306 629.691
218.049 60.1785 3.84104 3.46333 115.662 727.797
216.031 60.2361 3.85862 3.44557 115.599 623.044
217.533 61.187 3.78017 3.38771 146.948 664.011
218.652 60.2994 3.81475 3.47581 77.4083 753.405
219.217 60.1294 3.82491 3.5006 169.148 789.585
216.221 60.072 3.85969 3.43534 87.0603 640.485
218.856 60.4399 3.81601 3.48964 131.262 758.157
216.546 61.2275 3.79325 3.38184 200.956 611.568
