# evlo=193.798904 evla=60.384899
194.627 64.5646 3.84884 3.8049 90.2122 467.783
217.908 60.4896 3.79822 3.5254 89.9314 1320.14
217.654 61.036 3.78044 3.50483 74.2636 1297.24
217.507 60.403 3.80015 3.51863 65.3385 1300.08
218.338 61.0595 3.78125 3.51083 82.4718 1333.55
220.363 59.9534 3.8009 3.53694 88.6602 1465.49
216.3 60.3932 3.80439 3.55762 82.3093 1234.73
225.144 58.5792 3.83509 3.66828 88.0089 1770.57
216.716 60.1205 3.81307 3.57703 87.0812 1262.94
215.395 60.9677 3.79359 3.52521 102.801 1176.79
209.013 64.0997 3.82443 3.76662 147.64 889.588
209.094 59.7511 3.8053 3.59444 102.762 852.682
209.259 59.7417 3.80627 3.60363 104.869 861.978
210.701 64.1732 3.83344 3.71591 86.6541 969.852
208.846 60.7683 3.77422 3.61124 81.3721 824.271
207.916 63.4188 3.82179 3.76271 154.84 813.226
212.195 64.6453 3.83593 3.69064 108.631 1054.68
204.378 55.8218 3.84631 3.62369 31.0193 802.968
207.685 63.8827 3.824 3.72762 161.499 820.247
208.763 59.5251 3.81697 3.59117 105.537 839.734
209.796 67.2269 3.83434 3.70363 97.9362 1090.8
216.907 60.7523 3.79369 3.49556 66.9945 1261.37
218.66 60.9649 3.77948 3.50466 104.639 1352.25
209.738 62.4058 3.80283 3.58533 109.149 878.408
217.513 60.0823 3.81346 3.54926 99.2838 1307.23
212.624 63.0753 3.82129 3.62041 156.734 1034.98
214.225 61.1292 3.7903 3.50434 116.427 1112.16
215.93 63.6482 3.84781 3.65069 73.9746 1207.63
214.25 60.5487 3.80428 3.56735 119.583 1120.67
213.401 60.7277 3.79189 3.52671 89.1304 1072.08
209.784 61.1426 3.77237 3.56358 111.167 873.178
214.766 66.5657 3.82893 3.63922 62.7338 1242.37
188.296 63.7758 3.8435 3.63122 50.1673 474.523
203.121 64.7461 3.81659 3.65592 116.884 681.412
211.074 61.771 3.77843 3.54702 63.3954 942.211
216.188 61.4417 3.78398 3.50144 128.347 1214.33
212.904 60.8792 3.79312 3.51197 102.387 1043.41
215.271 60.5805 3.79951 3.52606 79.795 1175.59
216.679 60.2805 3.80599 3.56857 81.8922 1257.57
218.244 60.7315 3.78249 3.51898 89.5323 1333.81
213.052 64.4091 3.84289 3.68207 118.758 1086.43
213.497 60.396 3.79654 3.55678 87.7497 1082.1
215.738 60.3351 3.81389 3.53412 67.1185 1205.27
208.348 59.6572 3.81912 3.5795 90.7488 813.708
217.659 60.6024 3.7956 3.51958 85.4888 1304.55
215.581 59.9268 3.81205 3.56043 85.3739 1205.29
216.749 60.4427 3.79836 3.53687 105.509 1258.2
217.639 60.9231 3.78384 3.50226 89.4708 1298.13
214.077 61.4924 3.78102 3.51574 116.011 1101.69
211.542 61.4131 3.77562 3.54557 146.483 966.787
197.4 66.8951 3.77907 3.69642 51.242 747.013
209.077 63.5527 3.82506 3.72019 134.083 872.891
218.995 60.824 3.78383 3.50105 123.364 1372.6
216.976 61.3836 3.78104 3.49029 116.243 1256.82
211.063 63.7318 3.83443 3.68294 191.985 973.027
218.049 60.1785 3.80594 3.52557 88.9113 1334.28
216.031 60.2361 3.81407 3.55753 84.671 1223.17
217.533 61.1871 3.77924 3.48357 90.115 1288.75
218.652 60.2994 3.79806 3.54547 74.9824 1364.35
211.14 63.4056 3.83087 3.66852 174.329 968.229
219.217 60.1294 3.79829 3.51668 123.634 1398.87
216.221 60.072 3.81583 3.56731 83.6967 1237
218.856 60.4399 3.79312 3.5198 90.6807 1372.4
216.546 61.2275 3.78293 3.48304 138.333 1235.5
207.417 57.7828 3.79286 3.46618 75.5437 830.984
212.138 64.8736 3.83498 3.67661 99.0502 1060.4
198.929 70.2043 3.81055 3.46551 46.05 1119.7
203.383 71.3221 3.82933 3.77608 120.774 1291.95
234.753 71.9871 3.84927 3.53724 63.7927 2185.06
198.198 69.3641 3.82739 3.49003 48.431 1021.92
202.84 70.0079 3.81323 3.73585 108.064 1150.53
194.656 68.2746 3.87064 3.66373 76.0948 880.509
196.822 68.4753 3.86245 3.54552 59.2801 913.353
198.806 68.6483 3.79948 3.60698 107.652 951.337
209.387 69.836 3.82706 3.61565 71.6687 1275.08
211.299 69.72 3.82905 3.57495 76.2291 1317.4
215.088 69.9175 3.85529 3.6338 76.5481 1443.29
216.289 69.626 3.85972 3.58893 81.0737 1462.51
235.93 69.3475 3.87994 3.66187 59.0426 2173.93
196.917 67.6988 3.87572 3.63167 58.2868 829.179
201.885 68.4946 3.80507 3.8608 108.516 982.475
207.318 68.8799 3.8463 3.52509 64.1499 1141.21
209.319 68.9656 3.84041 3.53117 71.6164 1202.84
211.177 69.1532 3.83906 3.56439 90.7948 1271.12
213.625 69.322 3.85164 3.62038 77.8863 1357.88
219.035 69.243 3.84308 3.55327 60.6034 1533.65
198.174 67.082 3.7647 3.59282 95.0416 776.724
199.397 67.4213 3.77352 3.69861 80.8723 830.353
202.768 67.4572 3.84682 3.77977 97.5039 900.9
203.811 68.2575 3.84565 3.65784 81.868 999.583
206.028 68.4414 3.83677 3.51228 58.7003 1070.09
208.187 68.1343 3.84015 3.62127 80.3935 1104.74
210.384 68.0584 3.84026 3.7077 99.8283 1167.42
211.513 68.0748 3.8409 3.6945 87.396 1205.74
214.432 68.1207 3.82837 3.58667 75.5842 1309.53
218.405 68.1861 3.8109 3.7144 60.1117 1458.93
220.465 68.6043 3.81886 3.64827 55.4771 1555.23
222.103 68.3889 3.82391 3.71919 83.4239 1608.92
223.281 66.3701 3.86091 3.61254 88.3806 1598.75
193.671 65.4742 3.85912 3.73137 135.794 567.29
195.352 65.7077 3.8374 3.78498 120.408 598.422
198.75 66.442 3.76286 3.70611 70.1399 718.507
202.227 66.8332 3.85148 3.74878 96.2774 829.963
204.275 67.0486 3.82477 3.55606 88.3178 902.92
206.517 67.2221 3.81667 3.63036 145.363 982.901
207.821 67.5076 3.81419 3.67487 113.25 1045.41
212.113 67.5187 3.83759 3.66418 79.7006 1191.07
214.357 67.5933 3.8187 3.55864 55.3096 1277.33
215.855 67.6946 3.81029 3.64832 61.1515 1338.82
220.128 67.6136 3.81433 3.71636 74.8919 1502
224.214 67.6106 3.8453 3.67103 57.5915 1668.14
226.258 67.441 3.86301 3.66973 73.2556 1749.2
195.961 64.9941 3.86877 3.73406 91.1345 525.447
197.645 65.3936 3.80301 3.57844 95.8936 591.29
199.349 65.5011 3.78361 3.84583 149.396 635.509
201.346 65.895 3.83948 3.83065 119.547 721.444
202.913 66.1434 3.80641 3.6673 100.231 786.663
206.494 66.5156 3.82125 3.75022 97.6399 928.376
208.493 66.9214 3.82835 3.80267 80.3486 1025.09
209.976 66.7108 3.83453 3.69291 90.295 1064.03
212.525 66.7004 3.82811 3.57446 55.7294 1159.8
213.899 66.7653 3.82165 3.615 63.9001 1216.97
216.215 66.9498 3.82569 3.67169 63.4082 1317.96
218.345 66.8088 3.84098 3.68901 71.7205 1399.52
221.978 66.9116 3.84417 3.63941 68.6101 1555.46
223.778 66.9808 3.85659 3.63879 65.732 1633.84
225.729 66.9227 3.87114 3.64201 82.1172 1716.28
197.761 64.6379 3.77155 3.59421 68.9022 515.856
200.087 64.937 3.82413 3.91482 126.024 600.473
201.637 65.1527 3.83645 3.72672 101.955 664.302
203.551 65.5276 3.81915 3.66997 74.4635 755.614
205.119 65.4924 3.82364 3.76059 114.494 806.804
207.195 65.6571 3.8502 3.68036 91.6809 894.27
208.623 65.8937 3.86107 3.64644 58.5673 963.314
210.457 65.8251 3.84971 3.56275 75.4142 1031.71
212.122 65.8371 3.83423 3.59052 106.491 1100.41
214.181 66.267 3.82944 3.6491 54.8914 1205.16
218.473 66.2305 3.8353 3.63978 96.6796 1385.39
221.631 66.2191 3.84266 3.60735 99.539 1522.85
225.657 65.8052 3.867 3.63608 67.4932 1696.23
214.843 62.3987 3.79442 3.5316 191.604 1141.36
213.052 64.4091 3.84289 3.68207 118.758 1086.43
199.305 63.8864 3.80528 3.71204 149.341 484.179
205.522 64.7962 3.82607 3.56793 68.8829 775.473
208.018 65.18 3.81895 3.57044 79.678 898.107
210.64 65.1479 3.82675 3.61952 87.5082 1006.13
216.846 65.3064 3.84069 3.65365 133.801 1286.11
218.385 65.6035 3.84214 3.67033 97.7246 1363.38
220.064 65.4483 3.84801 3.64454 112.732 1435.63
221.694 65.3609 3.8622 3.66171 88.1863 1508.62
223.623 65.2225 3.86194 3.65024 81.8545 1596.05
199.398 63.2842 3.86708 3.66085 138.222 437.191
200.922 63.3965 3.85412 3.60173 107.245 502.442
203.285 63.465 3.84567 3.6759 130.729 604.115
204.379 63.994 3.84914 3.62834 103.123 680.761
205.853 64.1767 3.83644 3.60836 86.7558 753.257
214.63 64.613 3.84227 3.67679 140.83 1165.54
216.436 64.5012 3.84887 3.69187 99.5012 1247.33
221.784 64.453 3.84624 3.65124 29.3438 1501.34
221.784 64.4525 3.84827 3.66027 89.6654 1501.31
223.67 64.5753 3.86183 3.66305 95.2703 1592.61
201.699 62.7161 3.79674 3.63339 180.456 493.368
205.93 63.3569 3.80574 3.71994 155.223 717.593
214.222 63.8036 3.84801 3.65371 135.948 1126.9
217.924 64.0292 3.84423 3.68436 91.7148 1310.3
222.48 63.8433 3.84998 3.65768 97.8634 1531.59
201.703 62.1344 3.76766 3.60871 252.09 466.422
203.311 62.2195 3.7803 3.69079 202.531 548.623
205.146 62.1816 3.79268 3.71363 175.516 639.578
206.12 62.4787 3.79261 3.72046 190.822 696.466
216.652 63.0254 3.81682 3.57605 84.3013 1237.1
218.173 63.0618 3.81262 3.59036 166.778 1314.12
221.871 63.109 3.81636 3.59958 109.292 1501
202.562 61.4009 3.76436 3.67972 191.975 488.646
204.176 61.4907 3.771 3.65908 157.363 575.235
205.609 61.9037 3.79528 3.65607 151.869 657.186
206.868 61.8823 3.78571 3.58315 194.697 722.321
209.88 61.7531 3.77722 3.51757 118.999 879.105
212.274 61.7929 3.76872 3.51448 171.353 1005.56
213.825 62.1067 3.77806 3.52709 150.914 1087.58
217.004 62.4013 3.7808 3.51957 131.269 1253.06
218.122 62.3579 3.78193 3.53969 146.351 1310.98
221.538 62.4435 3.79558 3.56352 186.473 1487.02
223.206 62.5763 3.80516 3.58028 108.587 1571.77
225.609 62.2024 3.80375 3.55419 144.061 1699.68
202.813 60.5269 3.78219 3.54917 173.404 495.93
204.11 60.6801 3.76128 3.53629 137.665 566.475
205.516 60.8132 3.75777 3.58009 169.995 642.878
207.791 61.2001 3.76659 3.59001 143.681 765.91
215.402 61.6061 3.77739 3.51774 130.563 1171.43
222.911 61.4593 3.78286 3.50661 134.805 1570.37
224.22 61.4862 3.7873 3.50781 153.1 1638.83
226.918 61.1512 3.79602 3.53877 172.067 1787.72
201.907 59.5938 3.82074 3.73087 182.024 460.755
202.905 59.7733 3.82587 3.69058 159.407 511.067
204.792 59.8542 3.82146 3.70998 110.967 613.33
205.68 60.1952 3.78252 3.65965 97.158 656.596
207.376 60.0815 3.79323 3.61308 150.675 751.688
210.276 60.4814 3.78012 3.57849 106.317 905.065
219.809 60.7718 3.78596 3.49331 120.116 1417.29
221.424 60.3024 3.78617 3.49532 105.295 1514.32
223.909 60.7704 3.78014 3.50544 123.888 1636.85
190.452 56.6011 3.75029 3.78131 65.213 464.332
202.009 59.0314 3.84705 3.53225 59.7402 485.771
203.561 59.1953 3.84058 3.62864 73.6401 563.367
204.771 59.3922 3.83699 3.70621 98.3811 623.4
206.768 59.6524 3.82043 3.62216 76.9776 726.662
212.597 59.9979 3.80908 3.61499 87.0832 1040.21
222.262 59.6304 3.80433 3.57569 90.5846 1577.7
223.04 60.1218 3.78439 3.51296 106.86 1606.13
226.285 59.5898 3.79536 3.54004 140.023 1797.17
227.183 60.2114 3.78474 3.523 150.635 1826.32
212.566 65.1171 3.8361 3.6301 128.069 1088.65
203.344 58.6774 3.82777 3.42658 61.5173 572.053
204.113 58.2637 3.77714 3.33974 63.4509 632.169
204.991 58.6484 3.81619 3.54074 62.6238 661.562
206.355 58.9287 3.86137 3.66471 86.4943 725.037
207.606 58.6097 3.85482 3.66706 89.8079 805.044
213.66 59.4296 3.82463 3.6326 76.9979 1112.16
227.731 58.9601 3.80365 3.57816 105.888 1897.32
202.426 57.5673 3.82365 3.62701 66.3547 586.43
203.613 57.6397 3.79724 3.50466 58.604 640.554
205.548 57.5665 3.8045 3.45335 64.7238 743.744
224.26 58.4133 3.83891 3.66659 55.081 1728.49
229.033 59.3946 3.79152 3.5478 144.666 1952.06
197.939 55.703 3.76309 3.53285 49.172 575.674
228.869 57.9128 3.83611 3.66359 93.887 2001.29
227.048 56.8144 3.85652 3.70493 60.8364 1951.37
212.138 64.8735 3.84709 3.64747 29.4068 1060.39
210.428 68.6408 3.83065 3.61887 94.0205 1210.7
228.385 55.3279 3.85433 3.69945 63.6996 2101.98
209.931 62.7622 3.68463 2.94167 89.1773 894.333
211.063 63.7323 3.83458 3.68309 191.985 973.066
211.14 63.4057 3.83089 3.66854 174.329 968.233
218.547 60.1369 3.89866 4.08728 79.7299 1362.27
217.908 60.4896 3.79822 3.5254 89.9314 1320.14
217.507 60.403 3.80015 3.51863 65.3385 1300.08
218.338 61.0595 3.78127 3.51084 82.4718 1333.55
216.296 60.3923 3.80388 3.55713 82.3093 1234.56
216.716 60.1205 3.81307 3.57703 87.0812 1262.94
215.271 60.5805 3.79951 3.52606 79.795 1175.59
216.679 60.2805 3.80599 3.56857 81.8922 1257.57
218.244 60.7315 3.78249 3.51898 89.5323 1333.81
217.659 60.602 3.79555 3.51953 85.4888 1304.53
216.749 60.4427 3.79836 3.53687 105.509 1258.2
217.639 60.9231 3.78381 3.50223 89.4708 1298.12
218.995 60.8241 3.78383 3.50104 123.364 1372.6
216.976 61.3836 3.78104 3.49029 116.243 1256.82
218.049 60.1785 3.80594 3.52557 88.9113 1334.28
216.031 60.2361 3.81407 3.55753 84.671 1223.17
217.533 61.187 3.77927 3.4836 90.115 1288.76
218.652 60.2994 3.79806 3.54547 74.9824 1364.35
219.217 60.1294 3.79829 3.51668 123.634 1398.87
216.221 60.072 3.81583 3.56731 83.6967 1237
218.856 60.4399 3.79312 3.5198 90.6807 1372.4
216.546 61.2275 3.78293 3.48304 138.333 1235.5
209.518 60.7352 3.80938 3.67828 43.6262 861.06
209.518 60.7351 3.80948 3.67838 43.6262 861.082
