# evlo=202.813293 evla=60.526901
225.449 60.24 3.78555 3.46577 37.0156 1242.68
194.627 64.5646 3.71924 3.56896 66.1378 615.51
217.908 60.4896 3.78821 3.49469 94.0788 827.55
217.654 61.036 3.77008 3.46577 76.5461 808.734
217.507 60.403 3.79981 3.53168 71.101 806.809
218.338 61.0595 3.78476 3.41907 115.09 845.528
220.363 59.9534 3.79337 3.52132 112.706 971.368
216.3 60.3932 3.81504 3.51121 76.422 740.914
225.144 58.5792 3.84398 3.7027 91.8407 1274.89
216.716 60.1205 3.80934 3.49537 76.3379 768.07
215.395 60.9677 3.78834 3.44245 118.588 686.85
209.013 64.0997 3.82106 3.72594 148.583 511.31
210.701 64.1732 3.84591 3.72973 66.7635 575.482
212.195 64.6453 3.85832 3.70438 85.4475 664.447
204.378 55.8218 3.77404 3.60482 48.1822 532.039
200.411 54.831 3.86899 3.65256 67.4805 650.245
207.685 63.8827 3.84353 3.78369 112.485 451.567
209.796 67.2269 3.8281 3.67243 80.0763 820.78
216.907 60.7523 3.79748 3.489 74.7915 770.147
218.66 60.9649 3.78934 3.43415 142.409 863.519
209.738 62.4058 3.84315 3.56992 158.955 424.08
217.513 60.0823 3.80114 3.51224 122.616 812.488
212.624 63.0753 3.83747 3.48586 103.704 589.375
214.225 61.1292 3.78334 3.42763 150.427 623.607
215.93 63.6482 3.84425 3.43123 46.6639 766.637
214.25 60.5487 3.78704 3.51196 124.193 626.996
196.582 54.8564 3.8309 3.70167 40.6119 732.034
213.401 60.7277 3.78858 3.47069 127.883 579.393
214.766 66.5657 3.87284 3.77873 74.9394 894.999
188.296 63.7758 3.81115 3.70538 53.8537 836.529
203.121 64.7461 3.87021 3.70941 77.0821 470.516
211.074 61.771 3.786 3.44633 103.449 465.599
216.188 61.4417 3.7812 3.4244 173.604 729.825
212.904 60.8792 3.78426 3.45765 110.349 551.924
215.271 60.5805 3.79336 3.48014 91.3009 682.485
216.679 60.2805 3.80431 3.5202 80.9195 763.337
218.244 60.7315 3.77929 3.46171 147.167 843.005
213.052 64.4091 3.84815 3.56149 98.966 681.451
213.497 60.396 3.79834 3.54147 105.616 587.337
215.738 60.3351 3.80561 3.50385 99.6381 710.956
217.659 60.6024 3.78962 3.50339 106.12 812.569
225.615 58.2758 3.84871 3.70377 82.217 1312.3
215.581 59.9268 3.80044 3.53333 118.58 709.587
216.749 60.4427 3.80502 3.50495 88.6531 764.832
217.639 60.9231 3.77855 3.47148 125.853 808.604
214.077 61.4924 3.77727 3.43324 145.251 617.892
211.542 61.4131 3.76716 3.4193 176.375 482.519
197.4 66.8951 3.7827 3.61452 18.5496 757.97
209.077 63.5527 3.80491 3.67973 169.509 469.859
218.995 60.824 3.78775 3.46204 121.325 882.854
216.976 61.3836 3.76863 3.39214 123.647 771.742
211.063 63.7318 3.83753 3.55278 124.568 558.589
211.768 64.9602 3.84401 3.7612 99.5991 672.355
218.049 60.1785 3.79547 3.47476 115.466 840.125
209.256 65.0304 3.80853 3.57731 79.2116 599.475
216.031 60.2361 3.81016 3.5185 93.2087 728.519
217.533 61.1871 3.77333 3.43987 132.81 801.669
218.652 60.2994 3.79351 3.486 84.7486 871.027
211.14 63.4056 3.83049 3.43939 136.469 541.268
219.217 60.1294 3.79127 3.50418 98.3166 904.984
216.221 60.072 3.80993 3.51987 134.909 741.814
218.856 60.4399 3.79035 3.48598 101.011 879.943
216.546 61.2275 3.77771 3.44112 135.3 748.551
212.138 64.8736 3.85303 3.70148 82.7076 678.86
198.929 70.2043 3.78327 3.47735 73.5156 1093.48
203.383 71.3221 3.84563 3.5863 91.0172 1203.97
205.026 71.0033 3.83042 3.55773 67.9354 1172.34
198.198 69.3641 3.79959 3.44697 34.1211 1008.42
202.84 70.0079 3.83019 3.61038 69.7219 1057.08
205.387 69.6211 3.82834 3.51027 50.1475 1020.91
206.58 70.34 3.84605 3.54232 75.3029 1107.49
194.656 68.2746 3.84397 3.7076 66.1399 947.241
196.822 68.4753 3.81537 3.67535 80.5467 930.663
198.806 68.6483 3.80438 3.50081 58.0404 925.059
200.413 69.1049 3.82831 3.56839 51.4606 962.937
205.217 69.1565 3.83833 3.53039 67.3184 968.655
209.387 69.836 3.87279 3.57327 101.854 1081.16
211.299 69.72 3.87724 3.59205 88.6611 1097.27
215.088 69.9175 3.81965 3.60714 134.49 1189.03
216.289 69.626 3.81097 3.63932 77.722 1190.33
235.93 69.3475 3.92855 3.6724 50.1636 1814.74
196.917 67.6988 3.81172 3.70229 74.0301 848.674
203.387 68.7132 3.82715 3.56393 67.4675 913.058
207.318 68.8799 3.8581 3.60754 124.176 955.086
209.319 68.9656 3.87418 3.61844 90.8118 989.2
211.177 69.1532 3.86443 3.58946 65.8011 1038.21
213.625 69.322 3.83494 3.5902 100.312 1102.24
219.035 69.243 3.8353 3.64679 70.5727 1230.89
198.174 67.082 3.81008 3.63249 75.9904 765.13
199.397 67.4213 3.82461 3.56426 71.5347 786.264
202.768 67.4572 3.7804 3.61443 81.4895 772.568
203.811 68.2575 3.82816 3.55447 76.4025 863.141
206.028 68.4414 3.85445 3.59176 69.8601 895.47
208.187 68.1343 3.86087 3.67641 85.489 886.185
210.384 68.0584 3.83751 3.65207 85.2338 914.582
211.513 68.0748 3.82525 3.61783 88.2252 938.89
214.432 68.1207 3.80206 3.67672 101.791 1012.47
218.405 68.1861 3.85871 3.67863 69.8602 1132.12
222.103 68.3889 3.83244 3.55551 73.6472 1266.68
223.281 66.3701 3.87218 3.65379 68.4775 1202.71
193.671 65.4742 3.77296 3.50954 66.8325 718.776
198.75 66.442 3.80228 3.61318 74.4418 689.386
200.349 66.6001 3.79584 3.64755 55.6291 687.833
202.227 66.8332 3.80824 3.52078 50.1196 703.564
204.275 67.0486 3.84698 3.60704 86.96 730.506
206.517 67.2221 3.85422 3.64602 94.9018 767.887
207.821 67.5076 3.85161 3.70887 135.849 815.167
212.113 67.5187 3.80602 3.58275 110.034 900.201
214.357 67.5933 3.80792 3.65124 91.4655 965.325
215.855 67.6946 3.84128 3.67706 129.286 1016.77
224.214 67.6106 3.86983 3.64837 124.322 1298.29
226.258 67.441 3.88445 3.66079 65.7768 1369.38
195.961 64.9941 3.834 3.5573 59.1807 607.914
199.349 65.5011 3.80794 3.67627 73.0673 581.324
201.346 65.895 3.8166 3.5965 66.4279 602.846
202.913 66.1434 3.8084 3.53665 66.8888 626.071
206.494 66.5156 3.85444 3.75521 125.806 691.939
208.493 66.9214 3.84838 3.77423 90.1058 765.321
209.976 66.7108 3.80739 3.6065 114.718 774.353
212.525 66.7004 3.82529 3.64852 86.5401 837.995
213.899 66.7653 3.85284 3.70604 69.662 883.511
216.215 66.9498 3.86951 3.70899 107.611 971.095
218.345 66.8088 3.83122 3.6007 82.349 1034.88
221.978 66.9116 3.8547 3.6383 84.0164 1176.69
223.778 66.9808 3.86049 3.65102 79.7601 1250.57
225.729 66.9227 3.87628 3.63212 86.6287 1326.33
200.087 64.937 3.81354 3.59714 58.2441 510.801
201.637 65.1527 3.82535 3.57837 60.6598 519.036
203.551 65.5276 3.86244 3.61025 108.512 558.625
205.119 65.4924 3.84007 3.71265 120.944 565.557
207.195 65.6571 3.8405 3.64531 129.213 612.813
208.623 65.8937 3.84417 3.64532 97.6479 665.14
210.457 65.8251 3.81764 3.60918 90.7186 703.883
212.122 65.8371 3.83094 3.71406 108.513 753.447
214.181 66.267 3.86236 3.77235 80.627 853.175
218.473 66.2305 3.81287 3.59106 64.6417 1004.03
221.631 66.2191 3.86582 3.63433 87.0158 1128.27
225.657 65.8052 3.87085 3.62894 56.445 1282.63
214.843 62.3987 3.81118 3.42509 168.693 673.313
213.052 64.4091 3.84815 3.56149 98.966 681.451
205.522 64.7962 3.8401 3.72053 70.3332 495.565
208.018 65.18 3.8414 3.69105 91.2699 581.987
210.64 65.1479 3.8067 3.67686 177.9 650.42
216.846 65.3064 3.83307 3.61786 97.1281 886.913
218.385 65.6035 3.83948 3.63305 89.596 965.333
220.064 65.4483 3.85965 3.62882 89.3152 1027.26
221.694 65.3609 3.87034 3.59992 83.2812 1093.51
223.623 65.2225 3.85663 3.592 72.8447 1173.85
205.853 64.1767 3.84737 3.68334 167 436.063
214.63 64.613 3.84122 3.58882 129.301 757.391
216.436 64.5012 3.84079 3.59847 98.7288 827.332
221.784 64.453 3.84641 3.50898 42.3076 1066.15
221.784 64.4525 3.81424 3.52262 47.5584 1066.11
223.67 64.5753 3.82673 3.50452 98.7932 1157.25
195.344 61.9331 3.86812 3.64606 69.5709 430.402
214.222 63.8036 3.82692 3.49828 113.418 696.265
217.924 64.0292 3.82793 3.49671 94.5202 873.4
222.48 63.8433 3.80613 3.48255 147.45 1083.6
216.652 63.0254 3.80765 3.39186 77.4366 779.812
218.173 63.0618 3.80335 3.43324 140.124 855.557
221.871 63.109 3.80504 3.44604 120.797 1040.55
193.799 60.3849 3.78219 3.54917 173.404 495.93
212.274 61.7929 3.77982 3.40761 185.569 527.949
213.825 62.1067 3.78873 3.43604 211.016 614.714
217.004 62.4013 3.79598 3.44649 196.326 783.081
218.122 62.3579 3.79517 3.47456 170.375 839.675
221.538 62.4435 3.79773 3.45347 109.448 1016.38
223.206 62.5763 3.80024 3.44337 145.511 1103.06
225.609 62.2024 3.80611 3.45869 184.833 1226.88
215.402 61.6061 3.77877 3.44389 257.386 689.125
222.911 61.4593 3.78575 3.44254 156.574 1088.27
224.22 61.4862 3.78899 3.46127 148.09 1157.68
226.918 61.1512 3.79735 3.45962 110.592 1305.25
219.809 60.7718 3.7727 3.44863 129.898 927.537
221.424 60.3024 3.78256 3.43906 151.404 1022.37
223.909 60.7704 3.77689 3.44443 185.689 1149.39
190.452 56.6011 3.82704 3.66346 63.515 839.964
212.597 59.9979 3.79851 3.50282 187.328 544.281
222.262 59.6304 3.80381 3.56202 152.496 1083.25
223.04 60.1218 3.77666 3.43983 148.991 1114.1
226.285 59.5898 3.78711 3.51332 143.088 1304.59
227.183 60.2114 3.78133 3.48197 138.533 1337.4
212.566 65.1171 3.85987 3.71155 94.7809 711.954
213.66 59.4296 3.81496 3.52578 109.676 617.109
227.731 58.9601 3.80555 3.57797 76.8086 1403.36
224.26 58.4133 3.84924 3.68372 59.25 1232.58
225.482 58.2747 3.85227 3.69733 74.1105 1305.02
229.033 59.3946 3.79062 3.52192 165.335 1460.39
197.939 55.703 3.78232 3.63553 92.6272 608.897
200.447 56.2848 3.85086 3.62858 133.843 492.261
228.869 57.9128 3.83838 3.67816 100.565 1505.7
227.048 56.8144 3.87248 3.74117 48.0911 1456.19
212.138 64.8735 3.84074 3.7065 57.8524 678.846
210.428 68.6408 3.85885 3.62947 64.1582 973.648
226.879 56.1146 3.88647 3.7893 77.36 1483.47
227.653 56.4191 3.87682 3.72088 88.3719 1509.4
209.931 62.7622 4.00045 2.70461 127.814 451.719
211.063 63.7323 3.83789 3.55311 124.568 558.641
211.14 63.4057 3.83053 3.43942 136.469 541.274
218.547 60.1369 3.94629 4.43783 95.9597 868.139
217.908 60.4896 3.78821 3.49469 94.0788 827.55
217.507 60.403 3.79981 3.53168 71.101 806.809
218.338 61.0595 3.78478 3.41909 115.09 845.533
216.296 60.3923 3.81415 3.51039 76.422 740.74
216.716 60.1205 3.80934 3.49537 76.3379 768.07
215.271 60.5805 3.79336 3.48014 91.3009 682.485
216.679 60.2805 3.80431 3.5202 80.9195 763.337
218.244 60.7315 3.77929 3.46171 147.167 843.005
217.659 60.602 3.78952 3.50329 106.12 812.547
216.749 60.4427 3.80502 3.50495 88.6531 764.832
217.639 60.9231 3.7785 3.47143 125.853 808.593
218.995 60.8241 3.78774 3.46204 121.325 882.853
216.976 61.3836 3.76863 3.39214 123.647 771.742
218.049 60.1785 3.79547 3.47476 115.466 840.125
216.031 60.2361 3.81016 3.5185 93.2087 728.519
217.533 61.187 3.77338 3.43992 132.81 801.68
218.652 60.2994 3.79351 3.486 84.7486 871.027
219.217 60.1294 3.79127 3.50418 98.3166 904.984
216.221 60.072 3.80993 3.51987 134.909 741.814
218.856 60.4399 3.79035 3.48598 101.011 879.943
216.546 61.2275 3.77771 3.44112 135.3 748.551
