# evlo=199.907898 evla=60.168598
225.449 60.24 3.78658 3.4584 38.4964 1407.57
194.627 64.5646 3.84551 3.61675 71.3273 560.627
217.908 60.4896 3.78522 3.5312 99.0588 991.98
217.654 61.036 3.76689 3.51097 99.1411 973.923
217.507 60.403 3.78174 3.51812 69.6716 970.995
218.338 61.0595 3.77863 3.45555 141.438 1010.74
220.363 59.9534 3.79796 3.5265 105.533 1134.99
216.3 60.3932 3.80107 3.51463 65.9819 904.897
225.144 58.5792 3.83049 3.65346 106.415 1436.6
216.716 60.1205 3.80659 3.56216 106.402 931.285
215.395 60.9677 3.79555 3.47112 135.445 851.945
209.013 64.0997 3.84814 3.68253 118.357 645.085
209.094 59.7511 3.77532 3.51617 127.968 514.871
209.259 59.7417 3.78212 3.51259 181.234 524.191
210.701 64.1732 3.83081 3.61766 90.9622 716.377
208.846 60.7683 3.76446 3.57497 113.341 495.806
207.916 63.4188 3.82138 3.58458 120.527 555.756
204.378 55.8218 3.92289 3.4434 25.3732 551.31
200.411 54.831 3.84036 3.50511 49.716 595.199
207.685 63.8827 3.83459 3.76443 143.578 579.854
208.763 59.5251 3.79812 3.58733 149.707 501.139
209.796 67.2269 3.80881 3.62783 68.6927 923.986
216.907 60.7523 3.77599 3.50172 67.6131 934.982
218.66 60.9649 3.775 3.46566 114.394 1028.67
209.738 62.4058 3.81667 3.58307 144.697 582.251
217.513 60.0823 3.79563 3.51333 83.8004 975.78
212.624 63.0753 3.82879 3.48385 98.6822 746.588
214.225 61.1292 3.7805 3.44166 119.003 788.852
215.93 63.6482 3.8213 3.48861 40.0266 923.767
214.25 60.5487 3.79578 3.5201 125.068 791.168
196.582 54.8564 3.83586 3.45134 36.68 624.086
213.401 60.7277 3.79135 3.50881 117.025 744.008
209.784 61.1426 3.77608 3.47923 119.45 550.355
214.766 66.5657 3.83376 3.63496 95.8743 1025.3
188.296 63.7758 3.80515 3.71148 67.2998 728.047
203.121 64.7461 3.85419 3.68212 99.4304 536.277
211.074 61.771 3.77801 3.52591 123.573 629.647
216.188 61.4417 3.77798 3.44034 142.838 895.094
212.904 60.8792 3.77724 3.49957 138.964 716.869
215.271 60.5805 3.79278 3.47647 76.6461 846.846
216.679 60.2805 3.79685 3.55863 93.0173 927.058
218.244 60.7315 3.77926 3.50457 100.928 1007.88
213.052 64.4091 3.84403 3.64113 101.771 827.416
213.497 60.396 3.79247 3.54247 137.536 750.868
215.738 60.3351 3.80056 3.49804 80.3894 874.67
208.348 59.6572 3.80058 3.5994 113.144 475.315
217.659 60.6024 3.78608 3.53555 94.9304 977.195
215.581 59.9268 3.79092 3.53551 94.1211 871.675
216.749 60.4427 3.78941 3.51439 100.094 929.012
217.639 60.9231 3.77571 3.50184 127.434 973.693
214.077 61.4924 3.77687 3.45066 148.734 783.089
211.542 61.4131 3.7796 3.48845 116.921 647.657
197.4 66.8951 3.8594 3.68484 30.5723 759.952
209.077 63.5527 3.82489 3.52074 122.364 611.548
218.995 60.824 3.77467 3.45556 118.288 1047.89
216.976 61.3836 3.76642 3.45495 200.017 937.03
211.063 63.7318 3.84155 3.5979 133.13 705.914
218.049 60.1785 3.80046 3.51378 133.892 1003.82
209.256 65.0304 3.8627 3.8045 107.295 722.561
216.031 60.2361 3.80148 3.53237 141.658 891.966
217.533 61.1871 3.76915 3.45764 136.937 966.94
218.652 60.2994 3.79391 3.50429 62.9072 1035.14
211.14 63.4056 3.84393 3.5601 129.446 692.393
219.217 60.1294 3.78911 3.47814 91.9899 1068.79
216.221 60.072 3.80335 3.53997 97.3475 904.721
218.856 60.4399 3.7818 3.47335 58.9558 1044.38
216.546 61.2275 3.76451 3.45197 108.495 913.833
207.417 57.7828 3.83322 3.25274 65.4899 506.646
198.929 70.2043 3.81437 3.6351 74.2038 1119.82
203.383 71.3221 3.84625 3.55539 55.3581 1253.29
205.026 71.0033 3.88489 3.6029 42.2338 1229.86
198.198 69.3641 3.82632 3.70097 66.2697 1028.31
202.84 70.0079 3.86134 3.5309 57.5826 1105.32
205.387 69.6211 3.8741 3.59424 72.3452 1084.28
206.58 70.34 3.88132 3.59395 85.7976 1174.45
194.656 68.2746 3.78995 3.57001 66.895 938.102
196.822 68.4753 3.81216 3.64303 65.2398 937.695
198.806 68.6483 3.80938 3.63401 82.2491 946.791
200.413 69.1049 3.8183 3.57092 77.5601 996.553
205.217 69.1565 3.87857 3.6132 94.7441 1032.68
209.387 69.836 3.85328 3.55309 69.8 1163.73
211.299 69.72 3.81537 3.60659 77.3718 1188.82
215.088 69.9175 3.83921 3.67444 80.929 1292.99
216.289 69.626 3.85431 3.6387 64.2356 1300.06
235.93 69.3475 3.92301 3.62378 48.6659 1954.23
196.917 67.6988 3.80787 3.66784 78.6849 851.905
201.885 68.4946 3.85019 3.56778 81.9638 932.981
203.387 68.7132 3.87287 3.60891 87.1644 966.814
207.318 68.8799 3.85349 3.63593 71.7112 1032.54
209.319 68.9656 3.81431 3.557 89.6332 1076.7
211.177 69.1532 3.80203 3.63688 89.7823 1133.06
213.625 69.322 3.83153 3.65932 98.0249 1205.54
219.035 69.243 3.84415 3.61896 61.917 1350.68
221.263 69.3286 3.83359 3.61417 81.2677 1426.7
198.174 67.082 3.76669 3.63801 66.3039 775.347
199.397 67.4213 3.79922 3.60905 79.4812 808.867
202.768 67.4572 3.85129 3.66659 66.9368 824.394
203.811 68.2575 3.85924 3.61895 69.4509 920.998
206.028 68.4414 3.85988 3.6414 57.1988 967.519
208.187 68.1343 3.80724 3.6175 63.8709 973.165
210.384 68.0584 3.80024 3.65664 81.1027 1013.89
211.513 68.0748 3.82232 3.74632 130.794 1043.37
218.405 68.1861 3.83281 3.56747 67.7012 1258.5
220.465 68.6043 3.84132 3.62031 94.0874 1354.62
223.281 66.3701 3.85827 3.61941 56.1597 1349.99
193.671 65.4742 3.83449 3.64619 83.4902 670.688
195.352 65.7077 3.7838 3.60829 69.5943 658.904
198.75 66.442 3.79275 3.59442 78.9053 701.646
200.349 66.6001 3.82555 3.60188 68.0782 717.234
202.227 66.8332 3.85832 3.65673 109.136 751.689
204.275 67.0486 3.83306 3.68386 129.12 796.457
206.517 67.2221 3.82305 3.69161 66.834 850.409
207.821 67.5076 3.81035 3.5509 55.8816 904.422
212.113 67.5187 3.85705 3.70553 91.1726 1012.05
215.855 67.6946 3.86748 3.59522 56.9775 1140.45
224.214 67.6106 3.87147 3.683 82.6126 1438.69
226.258 67.441 3.87986 3.68254 72.8931 1512.93
195.961 64.9941 3.7892 3.61623 77.4608 574.535
197.645 65.3936 3.78155 3.63631 53.1002 593.614
199.349 65.5011 3.82251 3.52768 81.8784 595.03
201.346 65.895 3.84483 3.68118 125.178 642.368
202.913 66.1434 3.83422 3.76905 106.9 682.783
206.494 66.5156 3.80783 3.60337 101.061 779.604
208.493 66.9214 3.797 3.58155 63.0462 863.594
209.976 66.7108 3.8486 3.72189 112.902 883.296
212.525 66.7004 3.87691 3.73082 74.833 959.112
213.899 66.7653 3.86116 3.65763 74.6071 1009.17
216.215 66.9498 3.83794 3.65795 136.266 1102.12
218.345 66.8088 3.84529 3.71077 114.142 1172
221.978 66.9116 3.85633 3.65507 61.1318 1318.97
225.729 66.9227 3.8667 3.64013 57.7203 1472.48
197.761 64.6379 3.76446 3.62282 68.2175 510.256
200.087 64.937 3.84731 3.62924 96.6285 531.537
201.637 65.1527 3.82758 3.75067 139.717 562.477
203.551 65.5276 3.82289 3.6971 108.364 625.206
205.119 65.4924 3.85019 3.63214 133.59 649.599
207.195 65.6571 3.84396 3.66503 103.972 714.104
208.623 65.8937 3.8452 3.71178 137.414 774.254
210.457 65.8251 3.86473 3.83683 91.2023 824.468
212.122 65.8371 3.85015 3.68286 72.0881 881.536
218.473 66.2305 3.85422 3.68777 77.0102 1145.91
221.631 66.2191 3.85645 3.62003 62.6387 1274.76
225.657 65.8052 3.87206 3.62752 66.7211 1434.89
214.843 62.3987 3.80744 3.51283 122.758 836.366
213.052 64.4091 3.84403 3.64113 101.771 827.416
205.522 64.7962 3.83121 3.64993 52.3998 590.942
208.018 65.18 3.85969 3.71086 108.822 695.028
210.64 65.1479 3.86284 3.67198 93.7686 779.514
216.846 65.3064 3.85867 3.65558 87.9845 1033.15
218.385 65.6035 3.85304 3.61018 83.2231 1111.81
220.064 65.4483 3.84787 3.59571 80.7181 1177.03
221.694 65.3609 3.86211 3.56276 60.8005 1245.44
223.623 65.2225 3.85708 3.56802 81.0673 1327.93
204.379 63.994 3.86076 3.67768 115.636 485.882
205.853 64.1767 3.85407 3.68458 97.6176 543.104
214.63 64.613 3.85094 3.64622 108.595 905.154
216.436 64.5012 3.83925 3.56686 101.98 979.125
221.784 64.453 3.84626 3.45318 31.3685 1223.09
221.784 64.4525 3.82294 3.54954 71.9918 1223.05
223.67 64.5753 3.82477 3.56342 90.6645 1314.51
205.93 63.3569 3.81457 3.75855 154.537 476.442
214.222 63.8036 3.83563 3.52782 126.177 850.101
217.924 64.0292 3.81902 3.5336 72.4126 1030.01
222.48 63.8433 3.81137 3.52541 151.356 1243.54
206.12 62.4787 3.84878 3.65825 140.025 420.371
216.652 63.0254 3.81362 3.49311 84.0795 940.944
218.173 63.0618 3.81262 3.50624 112.331 1017.19
221.871 63.109 3.8075 3.49462 95.7115 1202.94
206.868 61.8823 3.79578 3.63928 280.47 421.688
209.88 61.7531 3.77888 3.51642 172.963 567.652
212.274 61.7929 3.77993 3.50672 196.503 692.334
213.825 62.1067 3.79256 3.51869 167.353 778.51
217.004 62.4013 3.79577 3.44773 168.967 946.732
218.122 62.3579 3.79469 3.45522 169.777 1003.63
221.538 62.4435 3.79623 3.45962 147.728 1180.45
223.206 62.5763 3.79832 3.47261 132.366 1266.94
225.609 62.2024 3.80172 3.49547 141.716 1391.39
207.791 61.2001 3.75689 3.55084 186.448 445.527
215.402 61.6061 3.78033 3.4407 209.667 854.26
222.911 61.4593 3.78237 3.4782 130.526 1253.51
224.22 61.4862 3.78149 3.47769 171.079 1322.9
226.918 61.1512 3.79479 3.49953 120.256 1470.52
210.276 60.4814 3.75818 3.53369 116.004 573.313
219.809 60.7718 3.77831 3.46469 147.94 1092.55
221.424 60.3024 3.78199 3.4835 121.507 1186.88
223.909 60.7704 3.77389 3.48344 147.207 1314.58
190.452 56.6011 3.83595 3.63849 60.0081 680.076
212.597 59.9979 3.7954 3.59854 158.922 705.435
222.262 59.6304 3.79973 3.56566 153.297 1246.58
223.04 60.1218 3.77619 3.48251 122.105 1278.55
226.285 59.5898 3.78946 3.52105 112.328 1468.78
227.183 60.2114 3.7871 3.49406 149.606 1502.41
207.606 58.6097 3.87911 3.65694 81.7949 470.302
213.66 59.4296 3.79737 3.56031 123.186 774.968
227.731 58.9601 3.8018 3.56015 122.006 1566.87
205.548 57.5665 3.74425 3.56238 46.199 435.502
224.26 58.4133 3.84249 3.68014 68.0119 1393.36
229.033 59.3946 3.79028 3.52077 135.717 1624.83
197.939 55.703 3.88172 3.74751 135.862 510.795
200.447 56.2848 3.81568 3.67329 77.9707 433.736
225.424 57.4688 3.85818 3.71941 118.339 1494.6
228.869 57.9128 3.82836 3.69017 78.2277 1667.54
210.428 68.6408 3.79801 3.60324 95.7314 1068.75
226.879 56.1146 3.87507 3.77106 82.4448 1638.49
228.385 55.3279 3.87946 3.82109 55.7246 1763.32
227.653 56.4191 3.86894 3.71432 70.8876 1666.26
209.931 62.7622 3.88278 2.85942 116.937 606.609
211.063 63.7323 3.84182 3.59815 133.13 705.963
211.14 63.4057 3.84396 3.56012 129.446 692.398
218.547 60.1369 3.91875 4.24136 76.6821 1031.83
217.908 60.4896 3.78522 3.5312 99.0588 991.98
217.507 60.403 3.78174 3.51812 69.6716 970.995
218.338 61.0595 3.77865 3.45557 141.438 1010.75
216.296 60.3923 3.80033 3.51394 65.9819 904.72
216.716 60.1205 3.80659 3.56216 106.402 931.285
215.271 60.5805 3.79278 3.47647 76.6461 846.846
216.679 60.2805 3.79685 3.55863 93.0173 927.058
218.244 60.7315 3.77926 3.50457 100.928 1007.88
217.659 60.602 3.78599 3.53547 94.9304 977.172
216.749 60.4427 3.78941 3.51439 100.094 929.012
217.639 60.9231 3.77567 3.5018 127.434 973.683
218.995 60.8241 3.77466 3.45556 118.288 1047.89
216.976 61.3836 3.76642 3.45495 200.017 937.03
218.049 60.1785 3.80046 3.51378 133.892 1003.82
216.031 60.2361 3.80148 3.53237 141.658 891.966
217.533 61.187 3.76919 3.45768 136.937 966.951
218.652 60.2994 3.79391 3.50429 62.9072 1035.14
219.217 60.1294 3.78911 3.47814 91.9899 1068.79
216.221 60.072 3.80335 3.53997 97.3475 904.721
218.856 60.4399 3.7818 3.47335 58.9558 1044.38
216.546 61.2275 3.76451 3.45197 108.495 913.833
