# evlo=198.314804 evla=59.923698
225.449 60.24 3.7977 3.46793 35.9183 1500.11
194.627 64.5646 3.76762 3.69532 63.7543 551.381
217.908 60.4896 3.78723 3.50692 75.3535 1084.3
217.654 61.036 3.78578 3.499 92.7199 1066.67
217.507 60.403 3.78603 3.4589 85.4828 1063.19
218.338 61.0595 3.78797 3.45267 140.032 1103.51
220.363 59.9534 3.80117 3.50141 114.326 1226.87
216.3 60.3932 3.81002 3.52815 51.399 997.005
225.144 58.5792 3.83387 3.66828 69.8032 1527.43
216.716 60.1205 3.81374 3.55356 92.8353 1023.01
215.395 60.9677 3.78095 3.5243 99.4488 944.638
209.013 64.0997 3.83803 3.62632 109.056 726.804
209.094 59.7511 3.77842 3.53734 112.452 604.049
209.259 59.7417 3.77375 3.53973 113.291 613.38
210.701 64.1732 3.84837 3.66932 74.3363 800.404
208.846 60.7683 3.77224 3.58033 114.163 588.401
207.916 63.4188 3.84284 3.55406 98.9337 639.436
212.195 64.6453 3.8543 3.66866 76.1091 889.126
200.411 54.831 3.86662 3.56863 56.165 580.921
207.685 63.8827 3.83236 3.58983 110.116 660.086
208.763 59.5251 3.78476 3.55469 153.713 588.892
209.796 67.2269 3.86241 3.77873 76.3148 990.622
216.907 60.7523 3.78806 3.50277 90.5949 1027.52
218.66 60.9649 3.78824 3.44981 126.677 1121.4
209.738 62.4058 3.81075 3.56531 133.983 673.004
217.513 60.0823 3.79641 3.45685 81.3076 1067.53
212.624 63.0753 3.82955 3.53145 115.105 836.723
214.225 61.1292 3.79069 3.46443 114.501 881.646
215.93 63.6482 3.82499 3.53825 48.4813 1013.65
214.25 60.5487 3.8042 3.52384 128.996 883.396
196.582 54.8564 3.89157 3.59288 46.0947 573.811
213.401 60.7277 3.79432 3.51109 125.079 836.459
209.784 61.1426 3.78597 3.49057 85.0511 643.215
214.766 66.5657 3.84062 3.72889 88.7534 1103.59
188.296 63.7758 3.78526 3.67228 39.5482 678.839
203.121 64.7461 3.84358 3.62508 79.0766 591.969
211.074 61.771 3.78826 3.55976 113.19 722.219
216.188 61.4417 3.78356 3.45733 146.123 987.96
212.904 60.8792 3.78881 3.49002 144.575 809.491
215.271 60.5805 3.78694 3.5113 73.8167 939.154
216.679 60.2805 3.8101 3.55363 90.8751 1019.03
218.244 60.7315 3.78399 3.4966 123.705 1100.44
213.052 64.4091 3.84363 3.58297 80.8058 913.017
213.497 60.396 3.80122 3.56862 125.802 842.812
215.738 60.3351 3.79708 3.5253 57.0608 966.655
208.348 59.6572 3.78134 3.52071 99.6018 563.656
217.659 60.6024 3.78751 3.49995 86.457 1069.62
215.581 59.9268 3.80589 3.56421 83.674 962.898
216.749 60.4427 3.8021 3.51483 101.683 1021.21
217.639 60.9231 3.78842 3.4995 170.565 1066.38
214.077 61.4924 3.79269 3.48234 134.035 875.952
211.542 61.4131 3.78123 3.51438 149.843 740.512
197.4 66.8951 3.76284 3.69404 16.9861 778.405
209.077 63.5527 3.83886 3.61012 104.638 696.455
218.995 60.824 3.79192 3.47688 105.419 1140.53
216.976 61.3836 3.77914 3.48758 147.543 1029.89
211.063 63.7318 3.84917 3.57604 79.2206 792.453
218.049 60.1785 3.79128 3.48702 82.421 1095.77
209.256 65.0304 3.87088 3.66625 78.6545 799.424
216.031 60.2361 3.80281 3.53985 132.626 983.816
217.533 61.1871 3.78134 3.50672 129.155 1059.75
218.652 60.2994 3.79145 3.48851 74.0667 1127.29
211.14 63.4056 3.84128 3.55337 81.5103 780.399
219.217 60.1294 3.79341 3.50898 86.8338 1160.78
218.856 60.4399 3.78979 3.49552 81.3421 1136.7
216.546 61.2275 3.78049 3.4689 124.562 1006.66
207.417 57.7828 3.85238 3.45167 81.4456 576.317
212.138 64.8736 3.85384 3.72561 110.478 899.782
198.929 70.2043 3.83083 3.60885 89.2121 1146.55
203.383 71.3221 3.86849 3.55721 52.5817 1291.08
205.026 71.0033 3.9028 3.61507 46.3687 1272.05
198.198 69.3641 3.82267 3.61021 102.41 1052.48
202.84 70.0079 3.8811 3.5521 67.006 1143.66
205.387 69.6211 3.87931 3.6149 58.0264 1130.5
206.58 70.34 3.86911 3.49508 65.7282 1221.81
194.656 68.2746 3.78151 3.62297 67.3972 947.461
196.822 68.4753 3.81038 3.6479 87.1218 956.008
198.806 68.6483 3.82565 3.57793 73.0254 972.905
200.413 69.1049 3.84969 3.57909 54.7388 1028.35
205.217 69.1565 3.86359 3.56025 83.6896 1079.66
209.387 69.836 3.80789 3.63953 97.7184 1218.94
211.299 69.72 3.82976 3.70775 106.384 1248.29
216.289 69.626 3.86853 3.58779 71.908 1367.83
235.93 69.3475 3.93184 3.64098 37.9033 2035.16
196.917 67.6988 3.77221 3.67338 94.2033 869.392
201.885 68.4946 3.87095 3.59913 91.9111 970.677
203.387 68.7132 3.86991 3.59568 91.0734 1009.28
207.318 68.8799 3.81086 3.62673 74.29 1086.15
209.319 68.9656 3.81051 3.67534 87.4206 1134.88
211.177 69.1532 3.83041 3.67308 87.5889 1194.42
219.035 69.243 3.83558 3.64701 75.2095 1423.1
198.174 67.082 3.79717 3.62138 85.1275 797.957
199.397 67.4213 3.83092 3.61644 117.42 837.451
202.768 67.4572 3.857 3.63748 87.0742 867.647
203.811 68.2575 3.85895 3.64393 70.8486 966.016
206.028 68.4414 3.82075 3.5738 51.8035 1019.05
208.187 68.1343 3.81662 3.64407 68.1876 1031.85
210.384 68.0584 3.84269 3.6848 77.1277 1078.09
214.432 68.1207 3.85319 3.57219 77.7716 1199.26
223.281 66.3701 3.86654 3.63623 56.7027 1435.17
193.671 65.4742 3.7665 3.61855 50.6067 662.313
195.352 65.7077 3.78221 3.78603 62.0257 661.96
198.75 66.442 3.83108 3.61784 86.9806 726.881
200.349 66.6001 3.85232 3.6666 76.8147 751.06
202.227 66.8332 3.85242 3.67686 85.1665 794.264
204.275 67.0486 3.83526 3.68073 78.1277 846.997
206.517 67.2221 3.79232 3.63155 100.183 908.135
207.821 67.5076 3.80578 3.72656 97.2115 964.766
215.855 67.6946 3.84566 3.6359 71.0947 1215.34
220.128 67.6136 3.86757 3.73845 87.11 1363.32
224.214 67.6106 3.87633 3.66965 82.6996 1520.62
226.258 67.441 3.87109 3.67483 86.0423 1596.22
195.961 64.9941 3.79581 3.57879 57.8095 577.912
197.645 65.3936 3.81949 3.53703 80.1423 610.608
199.349 65.5011 3.84451 3.69379 100.542 623.863
201.346 65.895 3.82902 3.72352 153.606 682.96
202.913 66.1434 3.82192 3.64326 96.4189 730.807
206.494 66.5156 3.8209 3.67009 89.8167 840.52
208.493 66.9214 3.84403 3.79457 65.5035 928.468
209.976 66.7108 3.88526 3.76396 89.8608 952.827
212.525 66.7004 3.85982 3.63877 79.4414 1033.61
213.899 66.7653 3.84561 3.66228 71.1544 1085.45
216.215 66.9498 3.84746 3.75851 68.6449 1180.48
218.345 66.8088 3.86343 3.69468 77.2664 1252.91
221.978 66.9116 3.86311 3.64588 52.9476 1401.94
223.778 66.9808 3.8629 3.67122 65.5172 1478.15
225.729 66.9227 3.8554 3.69422 55.4777 1557.02
197.761 64.6379 3.83346 3.58087 85.8729 526.178
200.087 64.937 3.82842 3.76789 154.537 566.139
201.637 65.1527 3.84602 3.63991 102.292 607.149
203.551 65.5276 3.82066 3.57389 88.3003 679.036
205.119 65.4924 3.83338 3.71621 112.053 710.783
207.195 65.6571 3.86027 3.81794 127.143 781.867
208.623 65.8937 3.88037 3.8641 104.603 844.764
210.457 65.8251 3.86096 3.67162 121.378 899.524
212.122 65.8371 3.83868 3.70204 105.51 959.477
218.473 66.2305 3.85761 3.64944 77.1653 1229
221.631 66.2191 3.85788 3.61291 68.823 1359.69
225.657 65.8052 3.85972 3.65345 68.586 1522.25
214.843 62.3987 3.80914 3.51883 140.948 928.553
213.052 64.4091 3.84363 3.58297 80.8058 913.017
199.305 63.8864 3.80404 3.75108 125.351 444.66
205.522 64.7962 3.83091 3.80776 95.6746 658.031
208.018 65.18 3.88183 3.75826 66.0992 767.995
210.64 65.1479 3.85415 3.6795 83.3349 858.448
216.846 65.3064 3.87058 3.59828 74.8134 1118.35
218.385 65.6035 3.85723 3.60002 77.5017 1196.98
220.064 65.4483 3.8539 3.58533 88.8589 1263.54
221.694 65.3609 3.86107 3.57747 44.9985 1332.81
223.623 65.2225 3.8471 3.60087 58.3229 1416.18
203.285 63.465 3.85299 3.7244 122.692 473.958
204.379 63.994 3.83215 3.78746 145.563 553.556
205.853 64.1767 3.86179 3.85044 114.977 615.763
214.63 64.613 3.85271 3.55961 100.092 991.279
216.436 64.5012 3.84871 3.55735 111.061 1066.77
221.784 64.453 3.84083 3.53682 31.5554 1312.65
221.784 64.4525 3.82349 3.566 101.42 1312.61
223.67 64.5753 3.83047 3.57181 87.1562 1404.15
205.93 63.3569 3.8513 3.60099 146.929 555.545
214.222 63.8036 3.83263 3.53958 72.6577 938.781
217.924 64.0292 3.82146 3.55251 59.0562 1119.58
222.48 63.8433 3.82119 3.56156 73.5914 1334.37
205.146 62.1816 3.86804 3.63165 161.166 446.253
206.12 62.4787 3.84638 3.58082 115.636 506.599
216.652 63.0254 3.81515 3.50127 89.3438 1032.38
218.173 63.0618 3.81574 3.51037 164.855 1108.78
221.871 63.109 3.80412 3.50929 109.831 1294.79
205.609 61.9037 3.82118 3.59077 153.368 452.7
206.868 61.8823 3.80111 3.6174 149.1 512.439
209.88 61.7531 3.7854 3.57534 131.403 660.078
212.274 61.7929 3.78446 3.5145 128.718 784.992
213.825 62.1067 3.79731 3.52446 178.301 870.966
217.004 62.4013 3.79939 3.45268 178.113 1039.11
218.122 62.3579 3.79762 3.46196 194.566 1096.11
221.538 62.4435 3.79521 3.49323 143.472 1272.94
223.206 62.5763 3.80231 3.50104 141.264 1359.35
225.609 62.2024 3.80707 3.50081 123.52 1484.04
207.791 61.2001 3.77105 3.57101 173.577 538.349
215.402 61.6061 3.78331 3.48406 196.462 947.111
222.911 61.4593 3.78174 3.49385 140.517 1346.38
224.22 61.4862 3.78667 3.49969 136.641 1415.76
226.918 61.1512 3.80069 3.50597 99.5525 1563.39
207.376 60.0815 3.76976 3.49393 172.469 505.484
210.276 60.4814 3.77526 3.57692 117.766 665.318
219.809 60.7718 3.78517 3.47311 98.6542 1185.18
221.424 60.3024 3.78308 3.5108 145.591 1279.23
223.909 60.7704 3.78284 3.49002 166.723 1407.33
190.452 56.6011 3.84131 3.56762 72.9747 590.959
206.768 59.6524 3.79878 3.6163 152.914 475.344
212.597 59.9979 3.80028 3.6183 150.68 796.376
222.262 59.6304 3.79795 3.58758 122.221 1338.28
223.04 60.1218 3.77812 3.47744 87.1858 1370.85
226.285 59.5898 3.79722 3.51023 102.241 1560.92
227.183 60.2114 3.78768 3.48759 130.924 1595.02
212.566 65.1171 3.86021 3.73283 100.212 931.207
206.355 58.9287 3.84639 3.71009 131.086 469.355
207.606 58.6097 3.85622 3.63941 138.021 549.195
213.66 59.4296 3.79995 3.58766 109.101 864.41
227.731 58.9601 3.80604 3.59599 95.8586 1658.62
224.26 58.4133 3.83691 3.63821 79.3836 1483.71
229.033 59.3946 3.79196 3.53237 124.474 1717.09
197.939 55.703 3.85896 3.69966 108.64 470.605
200.447 56.2848 3.80139 3.42797 55.4849 424.288
225.424 57.4688 3.86063 3.72417 86.1425 1583.74
228.869 57.9128 3.83326 3.67041 91.8492 1758.38
227.048 56.8144 3.86285 3.75909 52.7885 1702.46
212.138 64.8735 3.86654 3.66636 50.0442 899.768
210.428 68.6408 3.84105 3.77387 142.698 1130.62
226.879 56.1146 3.87987 3.78953 88.7566 1725.8
229.974 55.9154 3.87026 3.77449 48.9784 1908.71
228.385 55.3279 3.87824 3.81702 60.7208 1850
227.653 56.4191 3.87123 3.75503 86.3475 1754.5
209.931 62.7622 3.85833 2.92177 124.934 696.207
211.063 63.7323 3.84941 3.5763 79.2316 792.501
211.14 63.4057 3.84131 3.55339 81.5103 780.404
218.547 60.1369 3.90118 4.2099 74.8201 1123.76
217.908 60.4896 3.78723 3.50692 75.3535 1084.3
217.507 60.403 3.78603 3.4589 85.4828 1063.19
218.338 61.0595 3.78799 3.45269 140.032 1103.52
216.296 60.3923 3.80934 3.52752 51.399 996.826
216.716 60.1205 3.81374 3.55356 92.8353 1023.01
215.271 60.5805 3.78694 3.5113 73.8167 939.154
216.679 60.2805 3.8101 3.55363 90.8751 1019.03
218.244 60.7315 3.78399 3.4966 123.705 1100.44
217.659 60.602 3.78743 3.49987 86.457 1069.6
216.749 60.4427 3.8021 3.51483 101.683 1021.21
217.639 60.9231 3.78838 3.49946 170.565 1066.37
218.995 60.8241 3.79192 3.47687 105.419 1140.53
216.976 61.3836 3.77914 3.48758 147.543 1029.89
218.049 60.1785 3.79128 3.48702 82.421 1095.77
216.031 60.2361 3.80281 3.53985 132.626 983.816
217.533 61.187 3.78138 3.50676 129.155 1059.76
218.652 60.2994 3.79145 3.48851 74.0667 1127.29
219.217 60.1294 3.79341 3.50898 86.8338 1160.78
218.856 60.4399 3.78979 3.49552 81.3421 1136.7
216.546 61.2275 3.78049 3.4689 124.562 1006.66
