# evlo=204.991394 evla=58.648399
194.627 64.5646 3.78885 3.58888 33.82 856.495
217.908 60.4896 3.85675 3.58476 100.835 756.993
217.654 61.036 3.90222 3.53289 95.149 756.634
217.507 60.403 3.85403 3.57577 72.4288 733.546
218.338 61.0595 3.88302 3.53205 88.6867 793.074
220.363 59.9534 3.83654 3.55822 129.667 885.661
216.3 60.3932 3.8712 3.53781 69.6506 667.996
225.144 58.5792 3.85915 3.65953 124.752 1166.84
216.716 60.1205 3.84407 3.55607 98.4105 685.219
215.395 60.9677 3.90119 3.54461 115.666 637.587
209.013 64.0997 3.83812 3.47665 73.1251 644.085
210.701 64.1732 3.807 3.45798 47.7769 686.409
207.916 63.4188 3.81638 3.42259 105.763 554.418
212.195 64.6453 3.81857 3.46774 110.396 768.59
200.411 54.831 3.82665 3.50962 55.5645 508.943
207.685 63.8827 3.819 3.53048 65.7639 600.775
209.796 67.2269 3.82969 3.54166 88.5271 986.075
216.907 60.7523 3.88918 3.52625 75.7612 709.481
218.66 60.9649 3.86872 3.52798 100.916 807.618
209.738 62.4058 3.79927 3.45397 181.615 492.854
217.513 60.0823 3.84254 3.56948 122.4 728.533
212.624 63.0753 3.81438 3.47026 152.425 643.626
214.225 61.1292 3.88749 3.45185 91.1212 585.491
215.93 63.6482 3.80853 3.40288 157.905 808.856
214.25 60.5487 3.89436 3.53614 147.08 563.5
196.582 54.8564 3.81517 3.52926 58.1289 664.702
213.401 60.7277 3.91499 3.51505 99.5215 526.779
214.766 66.5657 3.82459 3.50225 55.2707 1012.54
188.296 63.7758 3.80239 3.67456 39.3149 1058.94
203.121 64.7461 3.82247 3.56468 38.0559 686.623
211.074 61.771 3.77161 3.54333 79.3066 484.166
216.188 61.4417 3.89443 3.47539 98.2843 695.992
212.904 60.8792 3.88985 3.45063 113.701 508.94
215.271 60.5805 3.90024 3.57897 86.6801 618.095
216.679 60.2805 3.84725 3.52668 120.716 686.14
218.244 60.7315 3.86372 3.64314 84.4034 780.091
213.052 64.4091 3.81813 3.53196 91.9075 770.752
213.497 60.396 3.90176 3.5597 136.772 518.818
215.738 60.3351 3.87168 3.51647 113.773 636.319
217.659 60.6024 3.86917 3.56385 93.7622 745.9
225.615 58.2758 3.86026 3.68101 121.349 1199.76
215.581 59.9268 3.85247 3.53375 85.8413 619.409
216.749 60.4427 3.85858 3.53224 142.087 693.359
217.639 60.9231 3.89038 3.53574 106.541 752.727
214.077 61.4924 3.84612 3.35263 106.798 596.171
211.542 61.4131 3.79573 3.36482 103.375 477.335
209.077 63.5527 3.81336 3.43638 107.016 588.952
218.995 60.824 3.86478 3.57894 94.6498 822.232
216.976 61.3836 3.89065 3.4734 108.159 733.195
211.063 63.7318 3.81591 3.46563 123.709 653.188
211.768 64.9602 3.8308 3.45351 97.9132 787.96
218.049 60.1785 3.8355 3.6169 115.952 759.476
209.256 65.0304 3.82744 3.49298 79.9978 745.439
210.931 64.5928 3.8224 3.49107 102.013 732.813
216.031 60.2361 3.86027 3.52791 121.547 649.956
191.145 52.9721 3.83654 3.52584 63.9279 1070.49
214.53 62.9699 3.79965 3.4173 121.281 706.834
219.747 60.0959 3.83596 3.55408 179.274 852.401
220.599 59.667 3.83143 3.5441 151.523 897.973
214.475 65.5174 3.82551 3.50538 88.6353 909.814
207.811 62.8962 3.80456 3.46011 102.412 497.501
217.533 61.1871 3.89672 3.4965 92.4319 754.914
211.667 60.8584 3.90067 3.45542 113.558 448.484
218.652 60.2994 3.83119 3.60553 80.5355 794.311
211.14 63.4056 3.80975 3.46054 101.987 625.072
219.217 60.1294 3.84561 3.58387 185.569 823.338
216.221 60.072 3.84976 3.5277 137.74 657.179
218.856 60.4399 3.85207 3.61331 126.389 807.564
216.546 61.2275 3.9003 3.57778 135.869 705.709
212.138 64.8736 3.82204 3.46293 96.232 788.658
203.383 71.3221 3.83404 3.40128 25.5008 1414.9
234.753 71.9871 3.88017 3.57443 76.7322 1992.46
202.84 70.0079 3.82505 3.44177 30.5665 1270.43
206.58 70.34 3.83317 3.66671 45.6487 1305.53
194.656 68.2746 3.83188 3.52245 28.9324 1186.71
196.822 68.4753 3.85387 3.6961 30.938 1165.83
198.806 68.6483 3.84811 3.58822 31.4404 1154.65
200.413 69.1049 3.80764 3.54036 40.0807 1186.34
209.387 69.836 3.83021 3.53177 53.7866 1264.48
211.299 69.72 3.84081 3.5209 62.9418 1270.13
215.088 69.9175 3.83575 3.52949 80.337 1343.91
216.289 69.626 3.82234 3.456 73.9926 1336.64
235.93 69.3475 3.90165 3.56865 35.9132 1892.13
196.917 67.6988 3.85599 3.70401 23.0015 1085.57
201.885 68.4946 3.78782 3.44335 33.7992 1107.99
207.318 68.8799 3.80848 3.59139 43.2024 1146.08
209.319 68.9656 3.83045 3.54048 63.2632 1168.97
211.177 69.1532 3.83785 3.53596 52.93 1208.28
213.625 69.322 3.83356 3.50815 95.3541 1259.79
219.035 69.243 3.82613 3.55778 63.2412 1359.65
221.263 69.3286 3.84021 3.58936 46.459 1422.51
198.174 67.082 3.84069 3.76918 45.4148 1000.61
202.768 67.4572 3.79913 3.4756 31.6442 988.097
203.811 68.2575 3.82083 3.56588 29.6167 1072.67
206.028 68.4414 3.83571 3.57541 36.4404 1092.79
208.187 68.1343 3.85082 3.58536 43.051 1069
210.384 68.0584 3.83168 3.54852 70.4428 1082.07
211.513 68.0748 3.82965 3.53317 76.2022 1098.79
214.432 68.1207 3.82618 3.54766 83.861 1153.55
218.405 68.1861 3.83053 3.55164 66.8408 1250.61
220.465 68.6043 3.82612 3.58503 57.4673 1340.85
222.103 68.3889 3.8358 3.52159 64.7203 1370.06
223.281 66.3701 3.84695 3.51513 77.3109 1267.46
193.671 65.4742 3.82072 3.58118 36.1949 960.922
195.352 65.7077 3.81374 3.49922 32.5409 931.074
198.75 66.442 3.82333 3.77802 45.424 925.018
200.349 66.6001 3.82012 3.66697 38.1199 917.107
202.227 66.8332 3.79354 3.45694 32.2774 922.9
204.275 67.0486 3.80854 3.67344 30.4655 936.965
206.517 67.2221 3.85104 3.5637 51.7783 958.682
207.821 67.5076 3.83683 3.57727 71.7071 997.501
212.113 67.5187 3.82991 3.50576 88.1759 1050.52
214.357 67.5933 3.82816 3.56196 71.2492 1100.57
215.855 67.6946 3.82021 3.56698 61.1394 1143.47
220.128 67.6136 3.82811 3.54862 67.5314 1250.54
224.214 67.6106 3.85433 3.53189 78.4919 1380.94
226.258 67.441 3.86614 3.53935 81.0487 1441.93
202.913 66.1434 3.82869 3.55645 51.1166 842.096
206.494 66.5156 3.84692 3.59968 53.4156 880.161
208.493 66.9214 3.83093 3.52905 67.2232 938.876
209.976 66.7108 3.81382 3.51424 87.822 933.452
212.525 66.7004 3.82483 3.55465 71.9164 975.294
213.899 66.7653 3.83221 3.52923 71.824 1010.77
216.215 66.9498 3.81841 3.51157 69.8444 1084.48
218.345 66.8088 3.83059 3.49483 101.874 1132.39
223.778 66.9808 3.85836 3.56566 111.498 1324.33
201.637 65.1527 3.8008 3.59433 41.6671 745.742
203.551 65.5276 3.81794 3.59969 39.1388 770.296
205.119 65.4924 3.8079 3.60644 49.8357 762.765
207.195 65.6571 3.83507 3.57309 77.8439 789.381
208.623 65.8937 3.82693 3.55141 52.954 828.866
210.457 65.8251 3.81821 3.529 71.6732 848.044
212.122 65.8371 3.83038 3.48112 111.644 881.466
214.18 66.267 3.80525 3.4746 22.9552 970.32
214.181 66.267 3.82605 3.4677 54.5849 970.345
218.473 66.2305 3.82802 3.5325 96.3776 1090.22
221.631 66.2191 3.8298 3.52702 66.6576 1197.36
225.657 65.8052 3.85328 3.49435 47.9841 1328.12
214.843 62.3987 3.7917 3.39931 90.7141 682.408
213.052 64.4091 3.81813 3.53196 91.9075 770.752
205.522 64.7962 3.83897 3.47506 54.953 685.681
208.018 65.18 3.82552 3.55767 86.2245 744.857
210.64 65.1479 3.83019 3.45382 96.9125 782.099
216.846 65.3064 3.83214 3.52727 76.2964 964.806
218.385 65.6035 3.82895 3.4928 99.7103 1039.47
220.064 65.4483 3.82865 3.50801 71.5806 1088.49
221.694 65.3609 3.83317 3.50539 95.6691 1144.96
223.623 65.2225 3.8283 3.46192 85.7498 1214.6
196.446 62.7492 3.76589 3.65584 41.8948 652.183
203.285 63.465 3.8231 3.57927 49.1372 544.522
204.379 63.994 3.82407 3.50274 66.4993 596.578
205.853 64.1767 3.8305 3.5903 52.8017 617.751
214.63 64.613 3.81861 3.56556 112.707 836.635
216.436 64.5012 3.8163 3.48383 107.016 889.125
221.784 64.453 3.80182 3.4215 59.3372 1097.06
221.784 64.4525 3.81739 3.44583 62.2023 1097.01
223.67 64.5753 3.82255 3.43368 74.4868 1184.07
195.344 61.9331 3.81831 3.69452 56.0061 646.007
198.469 62.2938 3.76375 3.47384 50.187 541.408
201.699 62.7161 3.86784 3.46211 57.7407 487.497
205.93 63.3569 3.82784 3.52276 101.991 527.099
214.222 63.8036 3.82133 3.45571 91.1493 757.405
217.924 64.0292 3.80008 3.42688 86.4886 912.878
222.48 63.8433 3.81141 3.4662 96.9053 1097.65
197.317 61.3416 3.78969 3.51861 65.5363 522.42
198.513 61.678 3.79449 3.70727 30.3328 492.864
200.525 61.7105 3.87177 3.8311 41.1665 421.491
201.703 62.1344 3.82158 3.65577 59.5663 428.519
206.12 62.4787 3.81157 3.54383 129.511 431.228
216.652 63.0254 3.78738 3.42967 84.0201 798.058
218.173 63.0618 3.79191 3.46459 112.939 866.429
221.871 63.109 3.80433 3.51514 134.545 1038.46
193.799 60.3849 3.81619 3.54074 62.6238 661.562
196.65 60.4135 3.88864 3.5166 82.2262 510.892
198.04 60.7515 3.80953 3.28819 42.9959 455.827
209.88 61.7531 3.76957 3.58521 177.5 439.244
212.274 61.7929 3.79242 3.37598 173.169 533.943
213.825 62.1067 3.80892 3.42684 112.862 620.341
217.004 62.4013 3.79179 3.43017 117.355 779.2
218.122 62.3579 3.80081 3.47732 114.759 829.354
221.538 62.4435 3.80331 3.46581 80.2451 997.917
223.206 62.5763 3.80717 3.48759 67.3004 1084.55
225.609 62.2024 3.8267 3.48132 45.148 1196.58
215.402 61.6061 3.8615 3.36353 112.589 664.833
222.911 61.4593 3.84723 3.51142 67.0534 1042.41
224.22 61.4862 3.84347 3.47267 110.743 1111.82
226.918 61.1512 3.84665 3.50796 65.2264 1252.07
219.809 60.7718 3.85023 3.55382 172.346 864.848
221.424 60.3024 3.84062 3.55101 140.573 946.864
223.909 60.7704 3.84235 3.51442 129.797 1086.69
190.452 56.6011 3.82046 3.62349 55.6958 896.189
212.597 59.9979 3.87841 3.575 176.541 458.067
222.262 59.6304 3.83155 3.57065 120.211 991.788
223.04 60.1218 3.84189 3.52597 164.048 1035.43
226.285 59.5898 3.84203 3.55837 135.886 1218.85
212.566 65.1171 3.83115 3.47089 92.2841 822.388
213.66 59.4296 3.82573 3.56325 194.855 504.844
227.731 58.9601 3.84576 3.62821 126.411 1308.49
224.26 58.4133 3.86302 3.67659 74.4027 1118.95
225.482 58.2747 3.86332 3.67132 83.0245 1192.1
229.033 59.3946 3.84282 3.57681 149.219 1375.87
197.939 55.703 3.79584 3.4327 158.912 537.641
223.768 57.9616 3.88232 3.72375 140.279 1099.89
225.424 57.4688 3.88807 3.75433 92.4494 1208.61
228.869 57.9128 3.85507 3.66985 120.351 1395.84
227.048 56.8144 3.89025 3.78226 53.6711 1323.56
229.75 56.9811 3.86088 3.69848 102.957 1474.69
212.138 64.8735 3.82572 3.48835 96.5584 788.644
210.428 68.6408 3.83154 3.56922 76.5122 1144.88
226.879 56.1146 3.89242 3.84317 100.627 1339.98
229.974 55.9154 3.89267 3.78656 65.0774 1527.73
228.385 55.3279 3.89091 3.86189 97.4987 1461.11
227.653 56.4191 3.89041 3.81148 116.425 1373.04
209.931 62.7622 3.95006 3.54746 99.5113 531.508
211.063 63.7323 3.81626 3.46595 123.709 653.248
211.14 63.4057 3.80979 3.46058 101.987 625.079
218.547 60.1369 3.96165 4.56146 86.8156 786.367
217.908 60.4896 3.85675 3.58476 100.835 756.993
217.507 60.403 3.85403 3.57577 72.4288 733.546
218.338 61.0595 3.88304 3.53207 88.6867 793.08
216.296 60.3923 3.87002 3.53673 69.6506 667.792
216.716 60.1205 3.84407 3.55607 98.4105 685.219
215.271 60.5805 3.90024 3.57897 86.6801 618.095
216.679 60.2805 3.84725 3.52668 120.716 686.14
218.244 60.7315 3.86372 3.64314 84.4034 780.091
217.659 60.602 3.86899 3.56368 93.7622 745.865
216.749 60.4427 3.85858 3.53224 142.087 693.359
217.639 60.9231 3.89032 3.53569 106.541 752.717
218.995 60.8241 3.86479 3.57895 94.6498 822.234
216.976 61.3836 3.89065 3.4734 108.159 733.195
218.049 60.1785 3.8355 3.6169 115.952 759.476
216.031 60.2361 3.86027 3.52791 121.547 649.956
217.533 61.187 3.89676 3.49653 92.4319 754.921
218.652 60.2994 3.83119 3.60553 80.5355 794.311
219.217 60.1294 3.84561 3.58387 185.569 823.338
216.221 60.072 3.84976 3.5277 137.74 657.179
218.856 60.4399 3.85207 3.61331 126.389 807.564
216.546 61.2275 3.9003 3.57778 135.869 705.709
