# evlo=231.195404 evla=60.119701
217.507 60.403 3.80826 3.66286 23.4924 757.077
216.3 60.3932 3.814 3.58364 26.22 823.547
216.679 60.2805 3.80176 3.5956 26.3711 803.693
216.749 60.4427 3.81888 3.52833 26.9754 798.461
216.031 60.2361 3.80475 3.59499 34.7165 839.885
216.221 60.072 3.8067 3.53827 21.1487 831.387
237.012 57.7103 3.92489 3.72259 52.3269 429.098
237.146 57.39 3.92894 3.86235 40.395 459.141
237.423 57.0779 3.95347 3.76536 33.6232 495.513
209.329 66.7192 3.89787 3.64108 26.0526 1305.85
217.507 60.403 3.80826 3.66286 23.4924 757.077
216.296 60.3923 3.8149 3.58449 26.22 823.742
216.679 60.2805 3.80176 3.5956 26.3711 803.693
216.749 60.4427 3.81888 3.52833 26.9754 798.461
216.031 60.2361 3.80475 3.59499 34.7165 839.885
216.221 60.072 3.8067 3.53827 21.1487 831.387
