# evlo=210.418304 evla=68.078903
217.908 60.4896 3.82174 3.64404 19.5829 919.016
218.244 60.7315 3.79139 3.57339 27.4391 900.235
217.659 60.6024 3.83514 3.70411 27.707 902.574
216.749 60.4427 3.80987 3.4528 30.9209 903.795
217.639 60.9231 3.79553 3.68595 15.5791 868.607
216.976 61.3836 3.81892 3.60275 18.685 808.158
217.533 61.1871 3.80232 3.75558 22.7352 839.033
219.217 60.1294 3.82358 3.62875 23.5593 982.334
216.546 61.2275 3.80645 3.55135 17.1728 817.094
234.769 58.8471 3.8772 3.54081 40.3873 1573.04
232.224 60.0057 3.85861 3.55541 21.5862 1381.46
229.393 60.087 4.23307 4.10288 16.3884 1274.9
225.753 60.434 3.80165 3.75266 48.7303 1124.72
237.286 58.0965 3.89119 3.53731 16.3694 1730.66
237.012 57.7103 3.8834 3.51895 37.8051 1754.12
198.722 65.4015 3.82844 3.40244 71.8943 594.477
194.662 64.5695 3.83285 3.53383 50.7224 804.259
204.534 64.74 3.72578 3.43763 30.1132 455.369
217.908 60.4896 3.82174 3.64404 19.5829 919.016
218.244 60.7315 3.79139 3.57339 27.4391 900.235
217.659 60.602 3.83528 3.70425 27.707 902.607
216.749 60.4427 3.80987 3.4528 30.9209 903.795
217.639 60.9231 3.79551 3.68594 15.5791 868.603
216.976 61.3836 3.81892 3.60275 18.685 808.158
217.533 61.187 3.80238 3.75564 22.7352 839.047
219.217 60.1294 3.82358 3.62875 23.5593 982.334
216.546 61.2275 3.80645 3.55135 17.1728 817.094
210.574 60.776 3.82989 3.51328 18.8034 814.183
209.971 61.6954 3.79337 3.82236 27.6237 712.009
