# evlo=209.328995 evla=66.7192
217.908 60.4896 3.80562 3.43002 43.2696 812.919
217.507 60.403 3.81068 3.51393 50.4638 811.458
218.338 61.0595 3.81553 3.53154 43.5502 769.05
216.3 60.3932 3.82154 3.52263 33.9794 784.587
216.716 60.1205 3.83989 3.63141 51.8596 821.598
216.679 60.2805 3.82843 3.59639 74.4266 804.44
218.244 60.7315 3.80946 3.51815 36.8895 798.056
217.659 60.6024 3.81925 3.39221 41.41 795.447
216.749 60.4427 3.82082 3.59232 103.537 789.526
217.639 60.9231 3.78292 3.48862 19.9808 763.408
217.277 60.2474 3.78489 3.55593 28.5435 821.524
216.031 60.2361 3.80948 3.49325 72.778 795.088
218.652 60.2994 3.80902 3.44614 36.7913 851.018
219.217 60.1294 3.79277 3.46148 38.2521 882.837
216.221 60.072 3.83344 3.54637 38.9149 815.99
216.546 61.2275 3.75141 3.66755 26.1784 705.888
231.887 52.1847 3.82641 3.64941 25.4876 2039.28
218.842 64.7774 3.93993 3.63482 91.9939 486.298
234.769 58.8471 3.88722 3.61465 18.2559 1549.82
231.195 60.1197 3.89787 3.64108 26.0526 1305.85
225.753 60.434 4.21219 4.79506 24.773 1069.55
237.286 58.0965 3.88199 3.61872 29.8104 1712.61
237.012 57.7103 3.88716 3.56289 32.1638 1732.34
237.146 57.39 3.89786 3.61811 17.0785 1763.9
198.722 65.4015 3.8197 3.73867 158.428 501.714
194.662 64.5695 3.84594 3.73813 130.754 714.482
217.908 60.4896 3.80562 3.43002 43.2696 812.919
217.507 60.403 3.81068 3.51393 50.4638 811.458
218.338 61.0595 3.81554 3.53155 43.5502 769.053
216.296 60.3923 3.82164 3.52272 33.9794 784.605
216.716 60.1205 3.83989 3.63141 51.8596 821.598
216.679 60.2805 3.82843 3.59639 74.4266 804.44
218.244 60.7315 3.80946 3.51815 36.8895 798.056
217.659 60.602 3.81938 3.39233 41.41 795.474
216.749 60.4427 3.82082 3.59232 103.537 789.526
217.639 60.9231 3.78289 3.4886 19.9808 763.402
217.277 60.2474 3.78489 3.55593 28.5435 821.524
216.031 60.2361 3.80948 3.49325 72.778 795.088
218.652 60.2994 3.80902 3.44614 36.7913 851.018
219.217 60.1294 3.79277 3.46148 38.2521 882.837
216.221 60.072 3.83344 3.54637 38.9149 815.99
216.546 61.2275 3.75141 3.66755 26.1784 705.888
211.909 60.5183 3.66339 3.59816 17.0832 702.808
209.971 61.6954 3.80287 3.50011 26.0475 560.912
212.047 60.7098 3.67234 3.5502 24.7133 683.054
209.81 60.4601 3.82136 3.36005 21.2497 698.107
