# evlo=211.306 evla=69.424004
217.908 60.4896 3.79232 3.56957 49.831 1042.38
217.507 60.403 3.80282 3.52791 37.4357 1046.41
218.338 61.0595 3.80439 3.56048 31.586 987.314
216.3 60.3932 3.84239 3.46683 31.5727 1033.38
216.716 60.1205 3.84946 3.51678 24.4416 1067.67
216.679 60.2805 3.84012 3.4667 37.4225 1049.8
217.659 60.6024 3.79762 3.53154 40.9705 1026.83
216.749 60.4427 3.82406 3.46973 49.0603 1032.9
217.277 60.2474 3.81509 3.52876 26.5619 1060.4
216.976 61.3836 3.82072 3.59313 24.3701 933.43
216.031 60.2361 3.86469 3.45963 36.1838 1047.85
217.533 61.1871 3.80962 3.60001 44.6096 962.016
218.652 60.2994 3.80926 3.55363 52.4108 1073.47
218.856 60.4399 3.86177 3.62768 18.0569 1061.5
231.887 52.1847 3.83044 3.63496 36.7677 2198.62
226.475 68.3065 3.87549 3.4877 135.791 621.486
207.417 57.7828 3.86806 3.50324 54.0893 1311.26
212.138 64.8736 3.96453 3.52822 38.703 508.747
218.842 64.7774 3.81826 3.60048 44.057 611.978
212.952 61.1216 2.47834 1.54264 36.8641 928.78
237.286 58.0965 3.88857 3.57271 19.6363 1773.32
237.012 57.7103 3.88133 3.59654 30.3584 1800.04
237.146 57.39 3.87599 3.61247 21.3014 1834.32
198.722 65.4015 3.86231 3.47603 93.9913 699.445
211.489 65.5114 3.94447 3.4679 74.4238 436.435
194.662 64.5695 3.87338 3.5533 92.4087 900.92
204.534 64.74 3.76851 3.50125 54.7412 598.831
217.908 60.4896 3.79232 3.56957 49.831 1042.38
217.507 60.403 3.80282 3.52791 37.4357 1046.41
218.338 61.0595 3.8044 3.56049 31.586 987.315
216.296 60.3923 3.84262 3.46705 31.5727 1033.44
216.716 60.1205 3.84946 3.51678 24.4416 1067.67
216.679 60.2805 3.84012 3.4667 37.4225 1049.8
217.659 60.602 3.79776 3.53167 40.9705 1026.86
216.749 60.4427 3.82406 3.46973 49.0603 1032.9
217.277 60.2474 3.81509 3.52876 26.5619 1060.4
216.976 61.3836 3.82072 3.59313 24.3701 933.43
216.031 60.2361 3.86469 3.45963 36.1838 1047.85
217.533 61.187 3.80967 3.60006 44.6096 962.029
218.652 60.2994 3.80926 3.55363 52.4108 1073.47
218.856 60.4399 3.86177 3.62768 18.0569 1061.5
209.81 60.4601 3.89479 3.552 15.3343 1001.81
