# evlo=231.542007 evla=54.539001
217.507 60.403 3.84904 3.64724 15.3935 1062.06
216.3 60.3932 3.85647 3.53369 18.4536 1118.99
216.716 60.1205 3.87539 3.51159 30.4716 1084.2
216.679 60.2805 3.85059 3.57426 35.5026 1094.58
216.749 60.4427 3.85622 3.60045 35.2731 1100.16
217.277 60.2474 3.89345 3.56847 25.2758 1064.03
216.031 60.2361 3.85988 3.55339 32.9684 1123.82
216.221 60.072 3.89349 3.53511 21.524 1106.05
228.256 59.933 3.74601 3.49854 27.1312 632.434
225.753 60.434 3.8184 3.70701 23.1026 742.034
210.176 67.8516 3.81035 3.64789 38.862 1855.82
217.507 60.403 3.84904 3.64724 15.3935 1062.06
216.296 60.3923 3.85687 3.53406 18.4536 1119.11
216.716 60.1205 3.87539 3.51159 30.4716 1084.2
216.679 60.2805 3.85059 3.57426 35.5026 1094.58
216.749 60.4427 3.85622 3.60045 35.2731 1100.16
217.277 60.2474 3.89345 3.56847 25.2758 1064.03
216.031 60.2361 3.85988 3.55339 32.9684 1123.82
216.221 60.072 3.89349 3.53511 21.524 1106.05
210.574 60.776 3.91252 3.67951 16.0047 1422.55
