# evlo=217.639297 evla=60.9231
194.627 64.5646 3.81157 3.35482 41.1878 1236.15
225.144 58.5792 3.93716 3.51562 110.385 495.744
209.013 64.0997 3.77983 3.24672 90.211 567.411
209.094 59.7511 3.8397 3.56123 228.071 489.316
209.259 59.7417 3.84852 3.57211 204.292 480.912
210.701 64.1732 3.77318 3.29509 93.4384 508.071
208.846 60.7683 3.77048 3.51936 132.61 478.036
207.916 63.4188 3.91672 3.39313 113.547 577.144
212.195 64.6453 3.75391 3.56633 112.377 498.977
204.378 55.8218 3.85386 3.50796 72.9471 958.964
200.411 54.831 3.83754 3.51942 63.8423 1221.19
207.685 63.8827 3.87255 3.23719 55.405 610.318
208.763 59.5251 3.85693 3.56542 222.638 515.558
209.796 67.2269 3.79452 3.48206 83.972 798.823
209.738 62.4058 3.86041 3.40691 141.567 449.656
196.582 54.8564 3.85632 3.51961 32.7265 1411.16
209.784 61.1426 3.7727 3.49959 234.39 425.06
214.766 66.5657 3.7916 3.66681 75.4351 644.63
188.296 63.7758 3.81645 3.42349 57.9922 1538.15
203.121 64.7461 3.81922 3.30183 55.6769 850.952
213.052 64.4091 3.74443 3.48631 131.5 453.879
208.348 59.6572 3.8396 3.54506 191.515 532.372
225.615 58.2758 3.92884 3.5308 95.8784 537.836
197.4 66.8951 3.79093 3.65472 26.5112 1187.46
209.077 63.5527 3.91005 3.33763 60.0827 532.313
211.063 63.7318 3.76933 3.14371 90.3315 462.41
211.768 64.9602 3.77275 3.58212 145.142 539.28
209.256 65.0304 3.76225 3.53872 104.625 623.79
210.931 64.5928 3.78169 3.50866 120.998 533.082
214.475 65.5174 3.81559 3.49677 78.9951 536.086
207.811 62.8962 3.88691 3.37171 153.008 560.663
197.092 68.0541 3.83338 3.60669 87.6233 1257.59
211.14 63.4056 3.8433 3.27092 114.251 437.006
205.816 56.5593 3.86171 3.58338 129.131 837.699
208.468 61.98 3.79906 3.38502 200.123 502.672
209.777 60.5117 3.78153 3.57682 249.367 431.365
189.752 57.1766 3.8286 3.58411 101.491 1640.15
209.253 61.4636 3.76454 3.39209 159.702 454.664
192.073 65.5598 3.8354 3.46798 34.18 1372.79
209.711 63.4502 3.89986 3.34774 74.5915 499.27
193.495 53.8452 3.84047 3.51775 93.0057 1638.77
211.908 64.4716 3.76544 3.59922 123.888 492.057
231.887 52.1847 3.8674 3.76573 31.3604 1303.84
226.475 68.3065 3.90444 3.50548 65.4437 923.305
207.417 57.7828 3.8107 3.45528 184.132 677.564
212.138 64.8736 3.73896 3.50438 166.227 521.238
203.383 71.3221 3.81941 3.53271 72.5859 1318.8
234.753 71.9871 3.92801 3.62646 92.5356 1438.96
198.198 69.3641 3.79911 3.48379 44.5619 1299.54
194.656 68.2746 3.84597 3.6147 59.3496 1358.64
196.822 68.4753 3.83363 3.55744 63.4275 1290.65
200.413 69.1049 3.79526 3.45643 57.4501 1212.94
205.217 69.1565 3.82139 3.46365 51.3871 1084.08
211.299 69.72 3.79574 3.59194 79.5004 1023.05
215.088 69.9175 3.82452 3.48635 40.1474 1009.61
216.289 69.626 3.8106 3.53517 57.9913 972.32
235.93 69.3475 3.92019 3.62927 137.236 1262.64
196.917 67.6988 3.8225 3.63151 62.5297 1245.31
201.885 68.4946 3.79502 3.45891 43.2551 1123.5
203.387 68.7132 3.79744 3.48427 62.8952 1095.6
209.319 68.9656 3.82368 3.56177 50.8625 977.105
213.625 69.322 3.77782 3.39537 45.3295 954.701
219.035 69.243 3.84235 3.60243 53.5882 929.866
221.263 69.3286 3.88737 3.6232 61.5352 952.066
198.174 67.082 3.79714 3.64993 44.9868 1166
199.397 67.4213 3.80957 3.5739 66.9986 1137.88
202.768 67.4572 3.80901 3.51454 48.8503 1021.13
203.811 68.2575 3.79258 3.43346 55.0055 1047.36
208.187 68.1343 3.80002 3.51017 60.1224 920.854
214.432 68.1207 3.80128 3.53241 41.9791 816.79
218.405 68.1861 3.82256 3.53946 47.9679 810.531
220.465 68.6043 3.86573 3.64921 76.8132 866.628
222.103 68.3889 3.87907 3.69692 64.9371 858.678
223.281 66.3701 3.82719 3.59041 175.7 667.819
193.671 65.4742 3.81642 3.43687 33.0296 1298.4
195.352 65.7077 3.84219 3.45878 31.0865 1229.1
198.75 66.442 3.81763 3.44187 40.8936 1112.2
200.349 66.6001 3.81043 3.54724 42.8745 1056.49
202.227 66.8332 3.79421 3.65794 57.6705 999.056
204.275 67.0486 3.79499 3.60722 49.7426 941.94
206.517 67.2221 3.78782 3.42466 74.7902 884.831
207.821 67.5076 3.79515 3.40757 75.5855 873.019
212.113 67.5187 3.76186 3.62572 49.2404 781.958
214.357 67.5933 3.79557 3.58237 56.3562 760.167
215.855 67.6946 3.77788 3.50703 64.5062 759.74
220.128 67.6136 3.85649 3.66211 36.9593 755.399
224.214 67.6106 3.86927 3.50257 60.6063 809.714
226.258 67.441 3.8634 3.58115 105.497 837.033
195.961 64.9941 3.83777 3.36514 42.3819 1182.45
197.645 65.3936 3.82227 3.42675 31.8733 1117.57
199.349 65.5011 3.80423 3.41938 41.4675 1046.68
201.346 65.895 3.80967 3.49469 36.5639 980.244
202.913 66.1434 3.7904 3.52234 53.155 931.699
206.494 66.5156 3.79977 3.58603 98.4451 829.494
208.493 66.9214 3.76449 3.4188 54.5344 803.554
209.976 66.7108 3.80258 3.41541 74.8824 746.262
212.525 66.7004 3.79568 3.54411 74.3354 691.002
213.899 66.7653 3.79782 3.67076 40.8049 676.464
216.215 66.9498 3.77339 3.41533 66.6314 675.406
218.345 66.8088 3.82563 3.51241 42.5302 657.013
221.978 66.9116 3.86326 3.54349 42.2576 700.29
223.778 66.9808 3.87941 3.56837 109.114 738.476
225.729 66.9227 3.82141 3.59403 131.448 776.343
197.761 64.6379 3.81165 3.327 49.6479 1090.3
200.087 64.937 3.80416 3.34561 59.2461 992.983
201.637 65.1527 3.81713 3.34681 39.298 933.262
203.551 65.5276 3.81289 3.64669 44.2079 871.66
205.119 65.4924 3.80707 3.6056 61.8899 807.624
207.195 65.6571 3.76391 3.58188 97.3147 741.883
208.623 65.8937 3.77961 3.50523 79.2293 712.706
210.457 65.8251 3.7976 3.5209 80.5464 653.072
212.122 65.8371 3.79724 3.46674 85.6288 612.798
214.18 66.267 3.81099 3.97559 25.5054 619.706
214.181 66.267 3.76695 3.47197 37.1449 619.692
218.473 66.2305 3.83179 3.51904 51.1047 593.053
221.631 66.2191 3.87512 3.57954 75.4289 622.46
225.657 65.8052 3.78486 3.56117 106.989 675.027
213.052 64.4091 3.74443 3.48631 131.5 453.879
199.305 63.8864 3.84853 3.42101 33.1754 999.605
205.522 64.7962 3.79249 3.44983 52.2773 751.066
208.018 65.18 3.76726 3.59423 114.633 678.368
210.64 65.1479 3.75332 3.45549 108.077 588.566
216.846 65.3064 3.78868 3.34417 58.8751 490.204
218.385 65.6035 3.84286 3.51615 59.3054 523.034
220.064 65.4483 3.84431 3.59892 123.371 518.872
221.694 65.3609 3.8005 3.49704 137.872 534.978
223.623 65.2225 3.75727 3.4159 115.997 566.157
196.446 62.7492 3.82615 3.50022 101.496 1129.44
199.398 63.2842 3.84067 3.47129 68.8743 984.452
200.922 63.3965 3.85904 3.42137 53.4649 910.848
203.285 63.465 3.87265 3.46575 62.5271 797.155
205.853 64.1767 3.83518 3.30314 55.6572 704.989
214.63 64.613 3.77547 3.55032 105.704 438.924
221.784 64.453 3.77939 3.52623 90.2564 446.829
221.784 64.4525 3.73056 3.4374 85.7388 446.766
223.67 64.5753 3.74903 3.43817 112.45 510.116
195.344 61.9331 3.81933 3.53856 95.8132 1189.41
198.469 62.2938 3.80815 3.47944 93.8076 1024.84
201.699 62.7161 3.83208 3.46882 108.196 861.201
205.93 63.3569 3.87643 3.43084 83.923 667.001
197.317 61.3416 3.79526 3.5113 131.625 1091.57
198.513 61.678 3.79827 3.49364 92.6269 1024.79
200.525 61.7105 3.78564 3.48354 114.449 918.255
201.703 62.1344 3.80081 3.4513 141.179 856.328
203.311 62.2195 3.80555 3.4299 114.906 773.183
205.146 62.1816 3.79869 3.39177 131.034 677.729
206.12 62.4787 3.82065 3.35277 139.052 632.694
193.799 60.3849 3.78381 3.50223 89.4708 1298.12
196.65 60.4135 3.78651 3.51352 132.388 1143.99
198.04 60.7515 3.78464 3.48676 138.091 1062.09
199.312 60.6947 3.77824 3.5102 125.213 994.69
201.041 61.0224 3.77355 3.46399 142.472 896.539
202.562 61.4009 3.78851 3.45715 176.49 811.534
204.176 61.4907 3.78407 3.46845 146.242 725.184
205.609 61.9037 3.78548 3.38426 168.104 650.722
206.868 61.8823 3.79153 3.32281 338.662 584.533
209.88 61.7531 3.77066 3.4028 243.001 425.288
225.609 62.2024 3.85732 3.45313 195.805 446.595
198.315 59.9237 3.78838 3.49946 170.565 1066.37
199.908 60.1686 3.77567 3.5018 127.434 973.683
201.231 60.4742 3.77185 3.49352 157.796 895.252
202.813 60.5269 3.7785 3.47143 125.853 808.593
204.11 60.6801 3.77328 3.47301 194.035 735.768
205.516 60.8132 3.76096 3.46628 223.117 657.842
207.791 61.2001 3.76744 3.36977 154.786 532.217
226.918 61.1512 3.77716 3.51671 208.144 501.693
198.736 59.2533 3.79757 3.51104 152.718 1064.4
200.175 59.1767 3.81757 3.52864 121.591 989.133
201.907 59.5938 3.80579 3.49645 186.671 881.287
202.905 59.7733 3.7967 3.50071 141.992 821.71
204.792 59.8542 3.8091 3.53172 157.238 717.183
205.68 60.1952 3.78913 3.48171 147.149 660.093
207.376 60.0815 3.79224 3.4701 183.739 571.115
190.452 56.6011 3.83559 3.59807 54.122 1631.77
202.009 59.0314 3.83146 3.48597 175.992 895.475
203.561 59.1953 3.83412 3.56018 139.163 805.739
204.771 59.3922 3.8385 3.56049 217.019 733.406
206.768 59.6524 3.82418 3.48122 251.581 616.994
226.285 59.5898 3.77635 3.47116 147.123 500.795
227.183 60.2114 3.75966 3.49296 254.839 528.859
212.566 65.1171 3.75539 3.48424 146.54 533.019
203.344 58.6774 3.86261 3.53416 95.3972 838.587
204.113 58.2637 3.88161 3.50317 104.28 817.564
204.991 58.6484 3.89032 3.53569 106.541 752.717
206.355 58.9287 3.87305 3.5184 171.05 668.006
207.606 58.6097 3.87293 3.46233 127.349 619.094
227.731 58.9601 3.80978 3.56537 154.756 604.249
202.426 57.5673 3.85173 3.48022 86.7849 942.429
203.613 57.6397 3.85028 3.41128 43.6749 876.99
205.548 57.5665 3.81724 3.43192 54.5848 783.18
224.26 58.4133 3.95566 3.58428 52.8958 465.919
225.482 58.2747 3.94899 3.54635 41.2721 531.647
229.033 59.3946 3.76948 3.55138 201.454 654.278
197.939 55.703 3.82657 3.50211 61.3743 1286.01
200.447 56.2848 3.82305 3.48937 69.9054 1120.48
223.768 57.9616 3.92314 3.40152 63.7484 478.969
225.424 57.4688 3.91694 3.45789 50.0765 587.528
228.869 57.9128 3.8445 3.49855 79.3931 719.104
227.048 56.8144 3.90129 3.54077 17.3492 708.839
229.75 56.9811 3.85447 3.51059 69.4584 821.951
212.138 64.8735 3.74302 3.53982 106.738 521.235
210.428 68.6408 3.80875 3.61101 74.8592 924.808
226.879 56.1146 3.86633 3.89125 71.0921 758.157
229.974 55.9154 3.93018 3.44006 22.2089 909.035
228.385 55.3279 3.83261 3.80144 45.2451 886.379
218.842 64.7774 3.85225 3.57683 109.832 433.92
227.653 56.4191 3.88655 3.58744 60.1407 766.225
209.768 62.6893 3.8484 3.38075 87.8687 458.955
211.063 63.7323 3.76945 3.14381 90.3315 462.425
211.14 63.4057 3.84331 3.27092 114.251 437.007
210.176 67.8516 3.79022 3.58211 23.1294 850.833
209.736 66.2066 3.75245 3.51502 23.3807 706.714
210.418 68.0789 3.79551 3.68594 15.5791 868.603
211.301 69.7162 3.76547 3.60534 29.8482 1022.62
209.329 66.7192 3.78289 3.4886 19.9808 763.402
198.722 65.4015 3.79544 3.29644 32.4562 1070.26
211.489 65.5114 3.78887 3.52087 43.8475 597.105
194.662 64.5695 3.77399 3.47196 18.1885 1234.58
211.554 70.2036 3.79223 3.50871 15.2068 1070.96
210.41 68.6274 3.7935 3.693 24.3734 923.758
209.89 67.3812 3.8094 3.54135 33.9256 811.348
210.457 65.825 3.73974 3.50493 22.9296 653.054
210.84 64.6544 3.77704 3.69023 42.3574 541.047
210.867 64.709 3.77896 3.65339 61.2835 544.659
210.853 64.7716 3.78885 3.59265 41.0538 550.276
210.847 64.8338 3.78237 3.55191 42.1247 555.656
210.819 64.8857 3.78337 3.50268 65.6888 560.893
210.44 64.87 3.76071 3.49156 80.1295 571.622
210.174 64.8537 3.75177 3.56997 77.8935 579.007
210.069 64.7653 3.75762 3.53734 94.8366 575.541
210.917 64.5498 3.7813 3.56377 72.7187 530.037
210.782 64.5716 3.77744 3.57024 57.2302 536.253
210.554 64.5756 3.76422 3.57169 77.6303 544.203
210.901 64.613 3.78032 3.57144 71.7514 535.703
211.172 64.6917 3.77721 3.59989 65.1962 533.546
232.425 52.1577 3.84809 3.80431 23.9624 1328.19
232.528 52.1871 3.89754 3.81653 32.072 1329.83
232.744 52.294 3.88071 3.84884 29.3396 1329.41
232.847 52.3171 3.88267 3.87611 24.6152 1331.69
212.567 65.1173 3.78564 3.37636 40.118 533.03
212.57 65.1176 3.78445 3.38569 42.944 532.991
209.768 62.6892 3.84846 3.3808 87.8687 458.962
209.538 60.4832 3.79797 3.59049 122.149 444.826
209.518 60.7352 3.77529 3.5035 133.268 442.009
208.723 60.6622 3.77244 3.51365 147.892 486.072
209.968 60.4881 3.78197 3.60749 195.501 421.437
208.919 60.4641 3.78586 3.50688 132.688 478.775
209.81 60.4601 3.80004 3.62411 117.57 430.561
209.518 60.7351 3.77512 3.50334 133.268 441.989
