# evlo=209.5177 evla=60.735199
221.171 59.4924 3.82149 3.46647 24.9353 661.706
225.449 60.24 3.75068 3.4696 63.3731 875.431
194.627 64.5646 3.8069 3.69227 30.3857 871.777
217.908 60.4896 3.78836 3.55645 104.095 460.025
217.654 61.036 3.75986 3.4514 96.6272 442.787
217.507 60.403 3.80181 3.61955 114.507 439.405
218.338 61.0595 3.75515 3.43679 152.06 479.768
220.363 59.9534 3.77596 3.56684 94.2772 604.46
225.144 58.5792 3.8377 3.66419 82.0377 910.662
212.195 64.6453 3.85082 3.32321 54.9324 456.758
204.378 55.8218 3.80378 3.68345 34.3304 624.434
200.411 54.831 3.88987 3.3285 37.4058 850.45
209.796 67.2269 3.85929 3.55235 20.7481 723.797
218.66 60.9649 3.75665 3.42191 84.8082 497.245
217.513 60.0823 3.78467 3.63945 106.632 446.286
215.93 63.6482 3.77039 3.57645 109.22 465.306
196.582 54.8564 3.84737 3.5183 18.6239 1007.07
214.766 66.5657 3.81321 3.40639 23.9996 699.431
188.296 63.7758 3.80359 3.59753 29.7734 1147.34
218.244 60.7315 3.78229 3.58563 113.716 475.772
213.052 64.4091 3.86942 3.36663 63.9909 447.814
217.659 60.6024 3.78816 3.58651 125.261 445.066
225.615 58.2758 3.8476 3.70002 87.8437 949.113
217.639 60.9231 3.77539 3.50358 133.268 442.02
218.995 60.824 3.77027 3.51238 143.317 515.998
211.768 64.9602 3.81536 3.36834 52.9935 484.586
218.049 60.1785 3.79246 3.52008 120.983 473.23
209.256 65.0304 3.91024 3.3628 34.7459 478.926
226.475 68.3065 3.86296 3.67701 41.5521 1165.27
212.138 64.8736 3.80913 3.37576 90.1016 480.138
203.383 71.3221 3.87627 3.36999 26.0008 1211.35
234.753 71.9871 3.88956 3.61902 48.663 1662.86
211.299 69.72 3.86742 3.68989 50.1366 1005.11
215.088 69.9175 3.84768 3.54065 33.9929 1055.12
216.289 69.626 3.8222 3.45625 53.5693 1039.29
235.93 69.3475 3.9289 3.60407 29.9674 1550.59
211.177 69.1532 3.86434 3.48256 34.3667 941.711
213.625 69.322 3.84104 3.54489 32.8137 976.186
210.384 68.0584 3.84597 3.57242 28.3224 817.457
211.513 68.0748 3.83607 3.55427 40.0909 823.768
214.432 68.1207 3.82678 3.48123 45.4148 856.071
218.405 68.1861 3.8081 3.48989 41.4949 932.178
223.281 66.3701 3.86258 3.61552 76.0224 925.16
206.517 67.2221 3.79343 3.39579 21.3343 737.698
207.821 67.5076 3.80348 3.37642 22.4621 759.416
212.113 67.5187 3.84705 3.51666 44.569 766.538
214.357 67.5933 3.81724 3.47116 65.5902 799.367
215.855 67.6946 3.80116 3.40534 63.1038 833.604
226.258 67.441 3.89315 3.63376 70.4046 1100.61
206.494 66.5156 3.80148 3.50039 40.6944 661.365
208.493 66.9214 3.8222 3.28731 17.3331 691.421
209.976 66.7108 3.87999 3.64448 57.6767 666.495
212.525 66.7004 3.83053 3.49258 66.1488 681.162
213.899 66.7653 3.81547 3.39583 29.6669 705.709
216.215 66.9498 3.79528 3.55036 78.3538 766.164
218.345 66.8088 3.78907 3.45518 59.5529 803.327
223.778 66.9808 3.88285 3.65142 73.5849 983.878
208.623 65.8937 3.90027 3.38284 17.1847 576.731
210.457 65.8251 3.82705 3.40858 45.3786 569.287
212.122 65.8371 3.8392 3.40138 70.5647 583.379
214.18 66.267 3.8036 3.53478 26.3766 658.463
214.181 66.267 3.80651 3.45258 20.8986 658.481
218.473 66.2305 3.82524 3.50158 66.2078 756.367
213.052 64.4091 3.86942 3.36663 63.9909 447.814
199.305 63.8864 3.83687 3.50351 20.2811 634.404
210.64 65.1479 3.84711 3.5244 50.8872 495.11
216.846 65.3064 3.82128 3.5237 102.595 629.47
218.385 65.6035 3.83056 3.55178 76.621 701.544
220.064 65.4483 3.86901 3.6641 25.2151 746.423
221.694 65.3609 3.81585 3.48757 93.1217 800.957
196.446 62.7492 3.75337 3.55868 21.3245 724.774
205.853 64.1767 3.82508 3.48276 28.3111 427.497
214.63 64.613 3.8244 3.44577 114.024 505.038
216.436 64.5012 3.79879 3.49848 124.448 549.224
221.784 64.453 3.7715 3.43417 65.0401 752.299
198.469 62.2938 3.75784 3.50092 26.8488 612.355
201.699 62.7161 3.85372 3.4473 22.8529 468.211
214.222 63.8036 3.75912 3.45743 144.888 420.037
217.924 64.0292 3.78837 3.57828 81.7371 568.398
222.48 63.8433 3.79385 3.5521 61.5406 754.82
197.317 61.3416 3.82038 3.57029 34.199 661.818
198.513 61.678 3.77359 3.48857 26.6584 600.056
200.525 61.7105 3.78216 3.46238 41.1093 494.782
201.703 62.1344 3.81861 3.39775 28.3612 444.904
216.652 63.0254 3.78544 3.32022 60.813 453.47
218.173 63.0618 3.7912 3.31517 85.996 523.09
221.871 63.109 3.81352 3.40109 76.9107 699.391
193.799 60.3849 3.80938 3.67828 43.6262 861.06
196.65 60.4135 3.79142 3.57499 52.7668 705.312
198.04 60.7515 3.79075 3.62732 78.4242 625.239
199.312 60.6947 3.7758 3.54633 52.2496 556.625
201.041 61.0224 3.7694 3.60878 48.7197 461.202
217.004 62.4013 3.84542 3.34803 128.85 438.648
218.122 62.3579 3.82976 3.34545 115.128 491.506
221.538 62.4435 3.82391 3.32353 76.9205 664.944
223.206 62.5763 3.83174 3.3355 73.1604 752.182
225.609 62.2024 3.82615 3.39797 71.2233 870.867
218.842 64.7774 3.79937 3.49378 114.155 654.522
218.628 60.118 3.76454 3.47262 21.4609 506.081
218.674 60.1912 3.73368 3.59999 25.8079 507.001
218.614 60.172 3.75188 3.53066 38.5158 504.122
218.545 60.2663 3.74938 3.63022 25.7435 498.451
218.45 60.2235 3.75674 3.51925 39.9935 494.112
218.652 60.1592 3.75559 3.55691 41.9672 506.463
210.84 64.6544 3.79947 3.46327 29.1922 442.015
210.867 64.709 3.80175 3.45631 39.49 448.23
210.853 64.7716 3.8303 3.51996 41.925 455.009
210.847 64.8338 3.82043 3.57126 42.9152 461.808
210.819 64.8857 3.83325 3.54463 38.8454 467.315
210.44 64.87 3.83211 3.49844 42.0258 463.242
210.174 64.8537 3.84236 3.41661 38.592 460.255
210.069 64.7653 3.83294 3.46731 58.521 450.063
210.917 64.5498 3.7936 3.44081 41.4277 431.146
210.782 64.5716 3.76509 3.5657 45.4461 432.455
210.554 64.5756 3.81448 3.46061 52.1285 431.308
210.901 64.613 3.7915 3.42547 34.1033 437.949
211.172 64.6917 3.80731 3.4218 45.6192 448.992
217.908 60.4896 3.78836 3.55645 104.095 460.025
217.507 60.403 3.80181 3.61955 114.507 439.405
218.338 61.0595 3.75519 3.43683 152.06 479.773
218.244 60.7315 3.78229 3.58563 113.716 475.772
217.659 60.602 3.78797 3.58633 125.261 445.044
217.639 60.9231 3.77529 3.5035 133.268 442.009
218.995 60.8241 3.77026 3.51237 143.317 515.998
218.049 60.1785 3.79246 3.52008 120.983 473.23
