# evlo=225.449097 evla=60.240002
216.031 60.2361 3.68942 3.32743 162.71 521.318
214.53 62.9699 3.78902 3.46205 114.517 653.377
214.475 65.5174 3.8005 3.60563 32.9372 808.878
207.811 62.8962 3.72731 3.31197 85.5812 979.281
217.533 61.1871 3.68198 3.3168 182.118 444.575
211.667 60.8584 3.69926 3.307 95.9602 757.997
215.323 60.3863 3.69813 3.40327 74.7341 559.391
210.261 61.0889 3.68957 3.30141 125.074 833.896
215.154 63.7399 3.89735 3.5887 68.4888 664.59
218.652 60.2994 3.69265 3.45685 120.673 376.067
211.14 63.4056 3.77522 3.40064 92.1143 830.193
211.668 61.807 3.68026 3.30938 139.586 763.691
212.671 61.832 3.6805 3.33303 179.553 711.733
216.01 63.9761 3.91481 3.59334 54.4491 644.088
214.792 60.5341 3.69718 3.37194 108.152 587.984
205.816 56.5593 3.81458 3.7173 67.1984 1213.51
208.468 61.98 3.70344 3.30959 91.6473 933.023
209.777 60.5117 3.71549 3.34661 130.711 863.054
189.752 57.1766 3.76802 3.46166 67.6819 2070.48
209.253 61.4636 3.68594 3.27599 128.587 888.5
217.161 60.1791 3.69861 3.34888 177.355 459.285
216.221 60.072 3.70093 3.35024 178.091 512.425
210.547 60.1043 3.73783 3.33911 99.5143 825.571
218.856 60.4399 3.68176 3.41695 179.182 364.658
217.171 60.7541 3.68553 3.38344 178.702 458.26
216.546 61.2275 3.68306 3.30024 146.523 497.659
211.449 62.8295 3.72476 3.31847 121.683 796.691
212.26 62.5808 3.70937 3.30778 122.182 749.515
211.152 62.8331 3.72826 3.29008 86.6439 811.421
217.147 60.448 3.68775 3.34298 152.361 458.714
218.249 60.3583 3.69812 3.39743 169.533 398.153
198.315 59.9237 3.72848 3.32953 33.8161 1500.11
199.908 60.1686 3.71773 3.32141 38.4222 1407.57
201.231 60.4742 3.71236 3.33621 66.2969 1329.49
202.813 60.5269 3.71281 3.28459 37.2531 1242.68
204.11 60.6801 3.71395 3.31648 140.644 1169.99
205.516 60.8132 3.70169 3.30053 210.403 1092.16
207.791 61.2001 3.67984 3.28994 83.7193 966.739
215.402 61.6061 3.67412 3.29428 159.154 565.163
198.736 59.2533 3.73376 3.33456 30.8461 1495.64
201.907 59.5938 3.73856 3.38253 68.3925 1311.91
202.905 59.7733 3.73756 3.36298 60.5915 1252.63
204.792 59.8542 3.75299 3.35418 85.7668 1147.12
205.68 60.1952 3.72814 3.32375 85.247 1091.78
207.376 60.0815 3.73431 3.34701 106.467 1000.6
210.276 60.4814 3.71858 3.33926 119.308 836.007
202.009 59.0314 3.7568 3.38459 62.214 1322.04
203.561 59.1953 3.76286 3.38282 99.6792 1231.52
204.771 59.3922 3.76358 3.3941 98.9164 1159.28
206.768 59.6524 3.74876 3.36638 87.2822 1042.63
212.597 59.9979 3.71334 3.36607 85.4185 713.954
212.566 65.1171 3.81422 3.36091 44.2567 852.274
203.344 58.6774 3.77515 3.43837 64.5728 1259.47
206.355 58.9287 3.77208 3.40221 116.271 1084.7
207.606 58.6097 3.79223 3.4427 83.3075 1025.73
202.426 57.5673 3.79736 3.38812 49.6313 1352.46
203.613 57.6397 3.81186 3.42301 38.0075 1283.74
197.939 55.703 3.77655 3.45949 33.8936 1690.36
200.447 56.2848 3.7902 3.36667 24.4364 1521.76
227.048 56.8144 3.93116 3.58471 24.5689 392.738
229.75 56.9811 3.77447 3.5411 45.5772 440.567
212.138 64.8735 3.85872 3.36163 27.2556 854.846
210.428 68.6408 3.81536 3.54049 61.6156 1176.78
226.879 56.1146 3.80696 3.59421 21.2725 467.1
229.974 55.9154 3.75777 3.7183 15.7508 550.432
228.385 55.3279 3.77902 3.77973 22.1136 574.137
227.653 56.4191 3.81675 3.52086 77.4792 444.685
211.14 63.4057 3.77521 3.40064 92.1143 830.192
216.031 60.2361 3.68942 3.32743 162.71 521.318
217.533 61.187 3.68188 3.31671 182.118 444.563
218.652 60.2994 3.69265 3.45685 120.673 376.067
216.221 60.072 3.70093 3.35024 178.091 512.425
218.856 60.4399 3.68176 3.41695 179.182 364.658
216.546 61.2275 3.68306 3.30024 146.523 497.659
209.518 60.7352 3.68933 3.31503 91.2599 875.431
209.518 60.7351 3.68924 3.31495 91.2599 875.41
