# evlo=208.762695 evla=59.525101
194.627 64.5646 3.74156 3.42443 93.9933 925.3
217.908 60.4896 3.76165 3.37329 223.951 520.958
217.654 61.036 3.81 3.39408 183.917 519.433
217.507 60.403 3.74699 3.35006 148.451 497.757
218.338 61.0595 3.77563 3.34487 250.489 555.885
220.363 59.9534 3.75394 3.43338 279.632 653.288
216.716 60.1205 3.76398 3.37944 184.987 450.779
215.395 60.9677 3.82075 3.41357 256.449 400.715
209.013 64.0997 3.78372 3.29034 153.37 509.973
210.701 64.1732 3.74374 3.20563 151.036 527.893
207.916 63.4188 3.72886 3.2063 85.8341 436.234
212.195 64.6453 3.72942 3.23104 227.587 597.928
204.378 55.8218 3.74725 3.2793 106.811 488.212
207.685 63.8827 3.70873 3.18094 86.4004 488.932
209.796 67.2269 3.78464 3.3151 141.94 860.018
216.907 60.7523 3.79748 3.44658 182.735 472.415
218.66 60.9649 3.77167 3.34166 265.64 570.531
217.513 60.0823 3.76423 3.41597 265.881 494.68
212.624 63.0753 3.71045 3.17894 213.184 446.292
215.93 63.6482 3.72427 3.31397 197.175 595.951
196.582 54.8564 3.77379 3.35858 76.3941 899.299
214.766 66.5657 3.75383 3.30498 144.414 840.569
188.296 63.7758 3.77909 3.5217 74.113 1176.91
203.121 64.7461 3.766 3.27056 78.726 651.482
216.188 61.4417 3.80677 3.26694 209.781 460.367
215.271 60.5805 3.79185 3.45559 315.596 380.975
216.679 60.2805 3.75744 3.37012 250.877 450.657
218.244 60.7315 3.75945 3.35579 302.962 543.354
213.052 64.4091 3.71721 3.22923 236.317 588.644
215.738 60.3351 3.79917 3.46653 203.466 400.123
217.659 60.6024 3.75613 3.35632 255.905 509.376
215.581 59.9268 3.77248 3.45069 239.614 386.041
216.749 60.4427 3.76594 3.38003 356.06 457.112
217.639 60.9231 3.78976 3.37728 192.126 515.568
214.077 61.4924 3.75839 3.24711 277.878 364.928
197.4 66.8951 3.79457 3.33376 38.2003 997.501
209.077 63.5527 3.75792 3.22451 182.928 449.136
217.277 60.2474 3.72723 3.36523 189.91 483.095
218.995 60.824 3.76526 3.34819 260.923 585.44
216.976 61.3836 3.80582 3.32075 220.584 496.726
211.063 63.7318 3.72094 3.19673 216.786 484.322
211.768 64.9602 3.74164 3.24096 201.518 625.381
218.049 60.1785 3.76613 3.41038 271.336 525.135
209.256 65.0304 3.77051 3.35259 155.826 614.093
210.931 64.5928 3.74802 3.18582 188.893 575.956
216.031 60.2361 3.78267 3.40346 222.264 414.432
191.145 52.9721 3.78202 3.41443 136.244 1307.15
214.53 62.9699 3.74064 3.3489 239.508 492.791
219.747 60.0959 3.74925 3.38476 215.847 618.998
220.599 59.667 3.76975 3.51456 242.144 667.779
214.475 65.5174 3.73731 3.30422 177.273 729.101
207.811 62.8962 3.80933 3.20586 107.897 379.108
217.533 61.1871 3.8124 3.39667 280.527 517.815
215.323 60.3863 3.77588 3.45867 233.939 378.709
215.154 63.7399 3.72686 3.34925 182.421 578.614
218.652 60.2994 3.76207 3.42107 185.225 559.43
211.14 63.4056 3.7156 3.15388 204.739 450.54
216.01 63.9761 3.72334 3.30706 252.607 625.78
205.816 56.5593 3.76547 3.30702 263.549 373.291
189.752 57.1766 3.78529 3.49813 160.274 1139.16
217.161 60.1791 3.75846 3.39975 312.147 475.996
216.221 60.072 3.76851 3.36034 208.938 422.876
218.856 60.4399 3.75693 3.38667 237.242 572.033
217.171 60.7541 3.78214 3.40456 201.421 486.458
192.073 65.5598 3.75907 3.43928 65.8691 1085.24
209.711 63.4502 3.74113 3.19633 208.002 440.294
193.495 53.8452 3.7622 3.38454 142.043 1125.23
216.546 61.2275 3.81002 3.36481 277.635 468.995
211.449 62.8295 3.71079 3.08569 249.589 395.486
211.415 62.9628 3.69001 3.03597 143.436 408.592
211.462 62.6812 3.69806 3.00978 122.247 380.552
212.058 62.8349 3.70374 3.12311 176.312 409.09
211.771 63.0624 3.68248 3.06013 164.412 425.784
212.26 62.5808 3.70934 3.198 316.581 389.264
211.152 62.8331 3.71152 3.08094 248.015 390.329
217.147 60.448 3.76636 3.37293 221.555 478.845
211.908 64.4716 3.72804 3.20267 222.355 575.203
218.249 60.3583 3.76383 3.39238 211.92 537.837
212.138 64.8736 3.73858 3.23956 202.124 621.224
201.885 68.4946 3.76316 3.30587 55.7051 1053.42
203.387 68.7132 3.7718 3.31568 72.4849 1056.25
207.318 68.8799 3.73055 3.32147 77.4357 1045.15
209.319 68.9656 3.73925 3.22067 77.7718 1052.76
211.177 69.1532 3.75883 3.29446 67.0895 1079.46
213.625 69.322 3.75575 3.33887 83.7562 1116.17
219.035 69.243 3.76439 3.36471 58.7284 1187.69
221.263 69.3286 3.77629 3.36166 68.1509 1242.42
199.397 67.4213 3.73712 3.36468 39.3149 993.874
202.768 67.4572 3.76588 3.34049 64.6288 932.214
203.811 68.2575 3.77191 3.33845 58.6787 1002.57
206.028 68.4414 3.74729 3.37417 88.8748 1002.68
208.187 68.1343 3.71123 3.25617 64.6215 960.105
210.384 68.0584 3.76806 3.3111 58.9085 954.499
211.513 68.0748 3.76173 3.35071 95.5252 962.412
214.432 68.1207 3.75039 3.4008 102.988 997.007
218.405 68.1861 3.76569 3.35901 95.5913 1072.78
220.465 68.6043 3.77253 3.35025 75.5584 1157.8
222.103 68.3889 3.77365 3.31518 93.7652 1179.25
223.281 66.3701 3.77529 3.3308 112.44 1055.88
195.352 65.7077 3.75283 3.40899 58.0613 970.322
200.349 66.6001 3.70441 3.37293 55.9292 894.272
202.227 66.8332 3.72802 3.27622 49.452 877.45
204.275 67.0486 3.76511 3.36818 54.9715 867.761
206.517 67.2221 3.71647 3.39607 116.231 865.138
207.821 67.5076 3.72504 3.25689 68.9669 891.006
212.113 67.5187 3.7559 3.36508 131.069 906.171
214.357 67.5933 3.74122 3.39978 117.297 940.436
215.855 67.6946 3.75035 3.37434 150.7 974.777
220.128 67.6136 3.76107 3.34539 111.895 1060.18
224.214 67.6106 3.77916 3.33456 70.4413 1177.28
226.258 67.441 3.80202 3.373 81.9212 1232.17
195.961 64.9941 3.7583 3.44082 56.1829 899.103
197.645 65.3936 3.75021 3.34325 49.3444 867.582
201.346 65.895 3.73154 3.33207 45.0036 803.819
202.913 66.1434 3.74355 3.28055 53.9981 794.811
206.494 66.5156 3.72182 3.35567 132.475 787.46
208.493 66.9214 3.72446 3.23809 98.2542 824.533
209.976 66.7108 3.75389 3.35545 122.717 803.236
212.525 66.7004 3.74921 3.35957 78.3415 821.641
213.899 66.7653 3.74627 3.37493 87.0445 846.855
216.215 66.9498 3.75998 3.33903 115.103 906.936
218.345 66.8088 3.74027 3.29294 161.027 942.223
221.978 66.9116 3.77168 3.3315 95.4079 1053.68
223.778 66.9808 3.79324 3.35259 84.9028 1116.57
225.729 66.9227 3.79 3.38145 68.9463 1179.25
197.761 64.6379 3.73536 3.41973 58.9783 807.381
200.087 64.937 3.76027 3.3986 95.1026 751.803
205.119 65.4924 3.74391 3.39951 104.418 690.774
207.195 65.6571 3.71055 3.2714 99.2107 688.114
208.623 65.8937 3.74857 3.27329 88.0093 709.857
210.457 65.8251 3.75169 3.35273 153.859 707.45
212.122 65.8371 3.74867 3.26831 122.198 723.99
214.18 66.267 3.73892 3.33332 58.4385 799.647
214.181 66.267 3.75368 3.38062 114.832 799.665
218.473 66.2305 3.74308 3.3091 154.842 893.759
221.631 66.2191 3.76778 3.36046 77.8035 988.998
225.657 65.8052 3.75873 3.31072 64.4472 1107.37
214.843 62.3987 3.72403 3.32988 214.519 459.028
213.052 64.4091 3.71721 3.22923 236.317 588.644
199.305 63.8864 3.76427 3.31332 44.2871 696.238
205.522 64.7962 3.71959 3.43827 58.2423 611.06
208.018 65.18 3.74054 3.18576 76.7337 631.411
210.64 65.1479 3.75166 3.25471 145.855 634.096
216.846 65.3064 3.73964 3.29508 155.746 766.609
218.385 65.6035 3.74785 3.32109 139.692 836.999
220.064 65.4483 3.74468 3.29236 74.3904 877.99
221.694 65.3609 3.75212 3.33762 152.988 928.842
223.623 65.2225 3.74997 3.33941 84.5415 993.135
196.446 62.7492 3.76069 3.46351 66.736 752.866
199.398 63.2842 3.75267 3.36234 75.4629 651.38
200.922 63.3965 3.76647 3.3957 43.5954 599.954
203.285 63.465 3.71339 3.21584 65.9769 526.761
205.853 64.1767 3.72382 3.31159 137.817 540.408
214.63 64.613 3.73796 3.27924 203.545 644.075
216.436 64.5012 3.73389 3.25443 223.903 683.891
221.784 64.453 3.71518 3.33244 83.8846 873.264
221.784 64.4525 3.72577 3.31409 62.7888 873.21
223.67 64.5753 3.72909 3.33498 93.8433 957.923
195.344 61.9331 3.76227 3.45684 64.3938 778.081
198.469 62.2938 3.74567 3.45802 60.8758 637.068
201.699 62.7161 3.76739 3.3419 50.3638 520.454
205.93 63.3569 3.73236 3.30176 125.886 452.852
214.222 63.8036 3.71328 3.19794 198.506 557.197
217.924 64.0292 3.73641 3.35512 156.033 695.705
222.48 63.8433 3.73215 3.3631 183.456 868.413
197.317 61.3416 3.81345 3.44445 111.305 660.977
198.513 61.678 3.77512 3.30701 48.3023 609.765
200.525 61.7105 3.79407 3.28396 67.2197 512.07
201.703 62.1344 3.78563 3.36437 84.6253 481.251
203.311 62.2195 3.72887 3.47182 63.1917 421.441
206.12 62.4787 3.72982 3.20035 183.124 358.757
216.652 63.0254 3.7064 3.29607 132.135 574.798
218.173 63.0618 3.70463 3.30855 164.489 639.1
221.871 63.109 3.73122 3.4014 123.045 805.682
193.799 60.3849 3.76924 3.47005 132.672 839.734
196.65 60.4135 3.77136 3.44131 113.745 682.715
198.04 60.7515 3.78572 3.49698 122.408 610.545
199.312 60.6947 3.78186 3.51338 171.838 541.009
201.041 61.0224 3.80454 3.42966 96.8049 458.389
213.825 62.1067 3.71161 3.37551 237.467 398.081
217.004 62.4013 3.69933 3.25994 195.441 548.898
218.122 62.3579 3.71153 3.31885 148.331 596.683
221.538 62.4435 3.73351 3.35773 111.545 762.482
223.206 62.5763 3.73322 3.36286 102.401 848.764
225.609 62.2024 3.74256 3.33209 121.768 959.579
198.315 59.9237 3.73687 3.441 181.525 588.892
199.908 60.1686 3.74916 3.44318 171.76 501.139
201.231 60.4742 3.77263 3.42095 196.43 433.104
215.402 61.6061 3.79144 3.27529 219.285 431.372
222.911 61.4593 3.75828 3.28963 152.841 805.24
224.22 61.4862 3.76123 3.30654 158.329 874.692
226.918 61.1512 3.77453 3.33675 121.257 1015.5
198.736 59.2533 3.7284 3.41685 183.271 570.02
200.175 59.1767 3.72329 3.37064 158.405 489.721
201.907 59.5938 3.72171 3.43269 252.585 387.537
219.809 60.7718 3.7639 3.35243 243.864 628.349
221.424 60.3024 3.76292 3.38833 214.567 712.515
223.909 60.7704 3.76073 3.33958 212.876 850.791
190.452 56.6011 3.78743 3.46977 78.7024 1124.72
202.009 59.0314 3.71187 3.37167 192.305 388.746
222.262 59.6304 3.77284 3.46193 222.696 761.61
223.04 60.1218 3.76096 3.41074 207.518 802.1
226.285 59.5898 3.77817 3.49056 191.55 987.942
227.183 60.2114 3.77109 3.41334 286.564 1031.36
212.566 65.1171 3.73921 3.27508 219.634 653.398
227.731 58.9601 3.79454 3.54486 208.971 1080.66
202.426 57.5673 3.78275 3.28293 213.245 428.362
203.613 57.6397 3.76917 3.19263 135.62 365.689
229.033 59.3946 3.77796 3.46172 242.653 1145.09
197.939 55.703 3.75105 3.37903 113.697 772.971
200.447 56.2848 3.72768 3.33513 104.358 610.304
223.768 57.9616 3.86821 3.78883 148.272 884.104
225.424 57.4688 3.86892 3.78538 136.25 995.279
227.048 56.8144 3.86764 3.81283 78.9617 1113.64
229.75 56.9811 3.83299 3.70293 152.178 1258.71
212.138 64.8735 3.7377 3.22505 195.177 621.211
210.428 68.6408 3.79362 3.25635 73.3957 1019.34
226.879 56.1146 3.90562 3.89099 93.9653 1137.36
229.974 55.9154 3.86689 3.80568 61.974 1319.83
228.385 55.3279 3.8985 3.87899 76.1437 1262.25
218.842 64.7774 3.73225 3.30555 190.835 784.841
227.653 56.4191 3.87961 3.81304 142.954 1165.61
209.931 62.7622 4.79798 4.30843 311.076 366.145
211.063 63.7323 3.72139 3.19712 216.786 484.381
211.14 63.4057 3.71566 3.15393 204.739 450.547
210.84 64.6544 3.76876 3.17814 77.5535 581.779
210.867 64.709 3.76762 3.18321 85.2114 587.999
210.853 64.7716 3.76489 3.20049 65.2209 594.703
210.847 64.8338 3.76625 3.20918 63.414 601.441
210.819 64.8857 3.76265 3.19981 70.7904 606.854
210.44 64.87 3.75787 3.23731 114.255 601.993
210.174 64.8537 3.75754 3.25037 104.556 598.356
210.069 64.7653 3.75767 3.26965 197.189 587.936
210.917 64.5498 3.75237 3.1812 103.114 571.133
210.782 64.5716 3.75894 3.17881 87.7455 572.175
210.554 64.5756 3.75772 3.21581 115.807 570.55
210.901 64.613 3.75842 3.16386 109.778 577.856
211.172 64.6917 3.75636 3.19505 121.168 589.276
217.908 60.4896 3.76165 3.37329 223.951 520.958
217.507 60.403 3.74699 3.35006 148.451 497.757
218.338 61.0595 3.77567 3.34491 250.489 555.891
216.716 60.1205 3.76398 3.37944 184.987 450.779
215.271 60.5805 3.79185 3.45559 315.596 380.975
216.679 60.2805 3.75744 3.37012 250.877 450.657
218.244 60.7315 3.75945 3.35579 302.962 543.354
217.659 60.602 3.75588 3.3561 255.905 509.342
216.749 60.4427 3.76594 3.38003 356.06 457.112
217.639 60.9231 3.78969 3.37722 192.126 515.558
217.277 60.2474 3.72723 3.36523 189.91 483.095
218.995 60.8241 3.76527 3.3482 260.923 585.442
216.976 61.3836 3.80582 3.32075 220.584 496.726
218.049 60.1785 3.76613 3.41038 271.336 525.135
216.031 60.2361 3.78267 3.40346 222.264 414.432
217.533 61.187 3.81245 3.39671 280.527 517.822
218.652 60.2994 3.76207 3.42107 185.225 559.43
216.221 60.072 3.76851 3.36034 208.938 422.876
218.856 60.4399 3.75693 3.38667 237.242 572.033
216.546 61.2275 3.81002 3.36481 277.635 468.995
212.567 65.1173 3.75952 3.18203 45.5638 653.424
212.57 65.1176 3.7543 3.16016 47.2641 653.498
