# evlo=217.512802 evla=60.082298
194.627 64.5646 3.76039 3.41381 92.1359 1278.31
225.144 58.5792 3.80125 3.48833 137.138 465.22
209.013 64.0997 3.74188 3.47302 68.9152 629.621
209.094 59.7511 3.76394 3.41781 156.234 472.087
209.259 59.7417 3.75864 3.41474 163.586 463.058
210.701 64.1732 3.70393 3.25544 50.9429 577.453
208.846 60.7683 3.73096 3.33678 116.899 483.093
207.916 63.4188 3.72117 3.28848 74.0509 627.687
212.195 64.6453 3.70356 3.43699 114.359 577.85
204.378 55.8218 3.81711 3.56612 62.9332 908.721
207.685 63.8827 3.7236 3.51168 92.7102 665.767
208.763 59.5251 3.76423 3.41597 265.881 494.68
209.796 67.2269 3.75787 3.24732 41.0042 881.873
209.738 62.4058 3.84713 3.1332 86.6628 490.766
212.624 63.0753 3.66834 3.43043 90.9743 422.469
215.93 63.6482 3.67193 3.30449 92.856 405.997
196.582 54.8564 3.78808 3.35872 39.3032 1376.4
209.784 61.1426 3.73296 3.28177 131.137 439.175
214.766 66.5657 3.76173 3.48132 51.7616 735.493
188.296 63.7758 3.76228 3.40997 65.5438 1573.2
203.121 64.7461 3.78896 3.48768 61.3537 904.192
211.074 61.771 3.81332 3.21522 118.794 396.42
213.052 64.4091 3.70633 3.30565 95.6496 534.764
208.348 59.6572 3.76773 3.41552 281.565 515.138
225.615 58.2758 3.79954 3.43978 162.914 504.662
211.542 61.4131 3.77312 3.36503 221.842 357.65
197.4 66.8951 3.77604 3.39248 30.5275 1247.91
209.077 63.5527 3.71816 3.47643 107.907 588.51
211.063 63.7318 3.73001 3.37365 84.6463 528.959
211.768 64.9602 3.73832 3.53496 122.152 618.385
209.256 65.0304 3.71296 3.32671 95.1247 694.937
210.931 64.5928 3.68851 3.2128 58.0336 606.811
191.145 52.9721 3.76715 3.38289 69.8857 1789.18
214.53 62.9699 3.72726 3.33747 107.522 358.709
214.475 65.5174 3.78176 3.41589 84.3135 625.111
207.811 62.8962 3.81425 3.11774 66.3335 603.646
210.261 61.0889 3.73313 3.33189 219.619 412.754
197.092 68.0541 3.73435 3.31178 38.3547 1324
215.154 63.7399 3.69106 3.47301 137.601 425.979
211.14 63.4056 3.70377 3.42884 106.055 500.098
211.668 61.807 3.82915 3.25612 157.143 370.314
216.01 63.9761 3.68958 3.37289 94.2874 440.994
205.816 56.5593 3.81432 3.70704 128.632 788.268
208.468 61.98 3.80938 3.23984 137.841 532.089
209.777 60.5117 3.74446 3.40162 224.144 430.201
189.752 57.1766 3.77748 3.50573 123.65 1631.95
209.253 61.4636 3.74775 3.2933 168.936 475.286
210.547 60.1043 3.73722 3.39652 218.33 387.403
192.073 65.5598 3.74696 3.46657 29.1857 1420.32
209.711 63.4502 3.69117 3.59418 81.6745 556.602
193.495 53.8452 3.7674 3.3512 98.7888 1605.6
211.449 62.8295 3.69349 3.25702 81.3398 444.968
211.415 62.9628 3.66947 3.34081 46.38 456.106
211.462 62.6812 3.70534 3.24133 26.3087 433.837
212.058 62.8349 3.662 3.33628 60.1926 422.461
211.771 63.0624 3.65979 3.43328 54.0013 450.608
212.26 62.5808 3.71443 3.31733 78.865 395.521
211.152 62.8331 3.70808 3.28321 57.601 456.808
211.908 64.4716 3.7084 3.32529 91.7536 568.719
207.417 57.7828 3.82897 3.50793 122.367 634.51
209.319 68.9656 3.7831 3.46948 53.6392 1063.45
211.177 69.1532 3.76521 3.48563 69.7182 1054.4
213.625 69.322 3.72023 3.3053 45.5723 1046.14
219.035 69.243 3.77385 3.36298 29.3245 1023.8
221.263 69.3286 3.82657 3.46502 50.6882 1045.76
198.174 67.082 3.77978 3.44241 70.9715 1228.46
202.768 67.4572 3.71555 3.39491 40.9847 1092.18
203.811 68.2575 3.74251 3.34383 31.0435 1123.61
206.028 68.4414 3.77157 3.34157 28.393 1081.58
218.405 68.1861 3.74698 3.34086 33.9774 904.417
220.465 68.6043 3.80991 3.41272 47.1397 960.423
222.103 68.3889 3.81811 3.44676 45.1377 951.779
223.281 66.3701 3.78689 3.38635 96.1091 757.753
195.352 65.7077 3.73564 3.42245 28.3041 1279.88
202.227 66.8332 3.74723 3.39992 41.0539 1065.85
204.275 67.0486 3.73606 3.36813 24.1199 1013.49
206.517 67.2221 3.73646 3.39886 64.121 961.424
207.821 67.5076 3.73964 3.28663 57.3575 953.212
212.113 67.5187 3.72545 3.54363 107.166 869.835
214.357 67.5933 3.78021 3.36767 42.6235 851.288
215.855 67.6946 3.73034 3.40268 53.5958 852.403
220.128 67.6136 3.79287 3.45977 28.4385 849.158
224.214 67.6106 3.80273 3.34437 31.4226 900.422
226.258 67.441 3.81344 3.42834 86.5457 924.886
195.961 64.9941 3.77651 3.45673 42.0239 1228.7
197.645 65.3936 3.77685 3.40026 16.1287 1168.33
199.349 65.5011 3.7613 3.36117 31.3456 1100.23
201.346 65.895 3.73677 3.3795 44.2517 1039.54
202.913 66.1434 3.7556 3.48337 57.9521 995.379
206.494 66.5156 3.71442 3.33128 44.9329 902.63
208.493 66.9214 3.73626 3.41103 62.467 882.889
209.976 66.7108 3.77314 3.2739 49.0284 828.017
212.525 66.7004 3.72075 3.46058 48.5507 778.115
213.899 66.7653 3.74599 3.36821 36.8658 766.169
216.215 66.9498 3.74725 3.28795 60.5609 768.191
218.345 66.8088 3.74217 3.41078 59.6435 750.921
221.978 66.9116 3.81104 3.38546 34.4274 792.578
223.778 66.9808 3.80927 3.39428 86.6083 828.77
225.729 66.9227 3.78157 3.39823 75.2949 863.704
197.761 64.6379 3.74918 3.44651 42.9101 1135.37
200.087 64.937 3.78515 3.43675 27.7474 1043.1
201.637 65.1527 3.77692 3.41795 25.1696 987.401
203.551 65.5276 3.72657 3.36922 39.285 932.155
205.119 65.4924 3.71439 3.35235 70.2727 871.128
207.195 65.6571 3.74257 3.40449 67.6098 811.535
208.623 65.8937 3.72516 3.42395 39.6212 787.508
210.457 65.8251 3.71989 3.19485 65.2838 732.458
212.122 65.8371 3.74719 3.46167 78.453 696.73
214.18 66.267 3.77894 3.44093 23.2561 709.262
214.181 66.267 3.74667 3.46642 35.3881 709.25
218.473 66.2305 3.75606 3.34355 38.1135 686.988
221.631 66.2191 3.80667 3.46454 51.5177 714.464
225.657 65.8052 3.75121 3.44016 82.0276 758.857
213.052 64.4091 3.70633 3.30565 95.6496 534.764
199.305 63.8864 3.73355 3.37664 28.3831 1039.73
205.522 64.7962 3.77542 3.41282 37.8265 809.809
208.018 65.18 3.7152 3.36704 69.4486 746.885
210.64 65.1479 3.72215 3.3242 112.23 664.952
216.846 65.3064 3.71007 3.33065 47.718 583.251
218.385 65.6035 3.75621 3.24029 48.1992 616.971
220.064 65.4483 3.7905 3.42243 60.3315 611.992
221.694 65.3609 3.7698 3.36011 84.6345 625.673
223.623 65.2225 3.72368 3.36443 116.697 652.308
196.446 62.7492 3.77074 3.32165 53.5399 1157.72
199.398 63.2842 3.78239 3.31103 33.338 1019.03
200.922 63.3965 3.76209 3.31499 27.6168 947.875
203.285 63.465 3.73514 3.20888 41.5601 837.902
204.379 63.994 3.73208 3.36527 39.0409 811.631
205.853 64.1767 3.74671 3.49883 98.94 758.588
214.63 64.613 3.73192 3.37097 74.6992 526.429
216.436 64.5012 3.71645 3.22793 94.8412 495.626
221.784 64.453 3.72377 3.33444 78.7662 534.972
221.784 64.4525 3.7014 3.3476 66.1634 534.909
223.67 64.5753 3.69202 3.41756 98.8281 593.202
195.344 61.9331 3.75837 3.37587 59.8387 1210.58
198.469 62.2938 3.76687 3.35463 72.1231 1049.33
201.699 62.7161 3.77897 3.30207 56.7631 891.699
205.93 63.3569 3.76965 3.22788 43.3444 711.451
214.222 63.8036 3.7226 3.24456 87.4302 449.127
217.924 64.0292 3.83893 3.31211 91.8374 440.391
222.48 63.8433 3.69787 3.32366 143.791 493.224
197.317 61.3416 3.75728 3.35246 73.3286 1106.97
198.513 61.678 3.7582 3.34268 101.384 1043.19
200.525 61.7105 3.74547 3.31541 121.427 936.963
201.703 62.1344 3.75636 3.27397 91.5489 880.176
203.311 62.2195 3.77344 3.26817 121.634 799.082
205.146 62.1816 3.76876 3.2745 157.126 704.923
206.12 62.4787 3.78604 3.21932 106.471 665.632
221.871 63.109 3.6904 3.27861 142.268 408.832
193.799 60.3849 3.75133 3.36417 98.3564 1307.23
196.65 60.4135 3.74994 3.3562 79.4224 1151.18
198.04 60.7515 3.74619 3.37422 91.2137 1071.51
199.312 60.6947 3.7428 3.39966 114.476 1002.78
201.041 61.0224 3.73689 3.37745 118.487 907.377
202.562 61.4009 3.74872 3.3341 93.8689 826.694
204.176 61.4907 3.74908 3.30753 115.744 741.815
205.609 61.9037 3.75459 3.26995 170.781 674.341
206.868 61.8823 3.75578 3.2791 109.183 609.341
209.88 61.7531 3.80064 3.21822 122.474 453.657
223.206 62.5763 3.69691 3.36849 196.808 412.271
225.609 62.2024 3.70581 3.35984 176.474 495.518
198.315 59.9237 3.72642 3.33168 108.911 1067.53
199.908 60.1686 3.73241 3.35167 106.392 975.78
201.231 60.4742 3.73319 3.35765 121.844 899.638
202.813 60.5269 3.73507 3.33484 111.422 812.488
204.11 60.6801 3.74318 3.34926 149.041 740.93
205.516 60.8132 3.72096 3.32061 207.193 664.394
207.791 61.2001 3.72997 3.29332 159.1 545.767
224.22 61.4862 3.75797 3.21027 221.456 397.232
226.918 61.1512 3.76741 3.31274 142.298 528.11
198.736 59.2533 3.74793 3.42056 124.177 1058.63
200.175 59.1767 3.75033 3.42686 97.1498 980.546
201.907 59.5938 3.74716 3.38599 131.393 874.712
202.905 59.7733 3.74489 3.39359 122.106 815.927
204.792 59.8542 3.75649 3.42924 203.682 709.856
205.68 60.1952 3.74827 3.40042 139.194 656.749
207.376 60.0815 3.74771 3.39668 171.235 563.681
210.276 60.4814 3.75691 3.47361 183.311 402.634
223.909 60.7704 3.73835 3.41943 220.173 360.416
190.452 56.6011 3.79381 3.54705 40.4361 1619.16
202.009 59.0314 3.75853 3.42198 106.902 882.326
203.561 59.1953 3.76506 3.42532 126.28 791.67
204.771 59.3922 3.76001 3.4234 166.35 719.608
206.768 59.6524 3.76162 3.37931 150.455 603.183
226.285 59.5898 3.71577 3.44882 221.128 494.604
227.183 60.2114 3.73383 3.4376 233.681 536.894
212.566 65.1171 3.71259 3.34981 103.323 615.554
203.344 58.6774 3.77602 3.41681 152.239 818.73
204.113 58.2637 3.79191 3.43474 172.832 791.052
204.991 58.6484 3.78422 3.42631 129.844 728.533
206.355 58.9287 3.77181 3.41668 275.319 643.96
207.606 58.6097 3.79596 3.44651 195.703 586.43
227.731 58.9601 3.74571 3.58697 149.038 591.101
202.426 57.5673 3.79179 3.39709 104.37 913.081
203.613 57.6397 3.80957 3.34183 99.1889 845.119
205.548 57.5665 3.78957 3.366 89.5938 744.525
224.26 58.4133 3.83634 3.50821 101.641 427.295
225.482 58.2747 3.80508 3.4626 91.411 497.753
229.033 59.3946 3.72311 3.4836 177.488 651.545
197.939 55.703 3.76147 3.38261 80.5336 1253.23
200.447 56.2848 3.76883 3.37729 72.0904 1085.49
223.768 57.9616 3.84725 3.40652 98.3729 429.727
225.424 57.4688 3.83858 3.37735 100.774 541.855
228.869 57.9128 3.79101 3.54821 133.507 694.961
227.048 56.8144 3.83444 3.45503 51.9063 664.227
229.75 56.9811 3.78411 3.45458 82.1936 790.574
212.138 64.8735 3.71733 3.43116 95.5901 601.168
226.879 56.1146 3.8382 3.57977 68.8548 706.26
229.974 55.9154 3.80617 3.53868 43.4878 868.794
228.385 55.3279 3.83941 3.64374 65.7066 835.202
218.842 64.7774 3.84118 3.41966 97.7747 527.734
227.653 56.4191 3.83845 3.50615 109.54 720.62
211.063 63.7323 3.73017 3.37379 84.6463 528.981
211.14 63.4057 3.70378 3.42886 106.055 500.1
210.84 64.6544 3.67691 3.25396 39.8753 614.889
210.867 64.709 3.69319 3.27584 48.4394 618.989
210.853 64.7716 3.7013 3.27657 46.0259 624.99
210.847 64.8338 3.7039 3.25256 32.2031 630.767
210.819 64.8857 3.70599 3.30155 42.6719 636.246
210.44 64.87 3.71088 3.29816 63.5963 645.555
210.174 64.8537 3.69826 3.30324 44.3983 651.911
210.069 64.7653 3.7094 3.29439 57.4675 647.436
210.917 64.5498 3.68342 3.24507 52.5576 603.394
210.782 64.5716 3.67904 3.21194 48.8054 609.266
210.554 64.5756 3.69177 3.28713 71.0001 616.397
210.901 64.613 3.68714 3.23204 48.6676 609.468
211.172 64.6917 3.70826 3.31679 56.3167 608.875
212.567 65.1173 3.73056 3.2329 26.9057 615.567
212.57 65.1176 3.72193 3.24103 21.5942 615.538
209.518 60.7352 3.73959 3.42396 109.47 446.286
209.518 60.7351 3.7394 3.42379 109.47 446.263
