# evlo=216.679001 evla=60.280499
194.627 64.5646 3.75582 3.41599 84.0619 1227.42
225.144 58.5792 3.79763 3.48149 142.351 516.029
209.013 64.0997 3.74954 3.45762 145.22 582.794
209.094 59.7511 3.7472 3.33695 302.163 426.905
209.259 59.7417 3.74681 3.34984 282.708 418.02
210.701 64.1732 3.74199 3.28725 55.801 533.266
208.846 60.7683 3.73117 3.34337 225.735 433.295
207.916 63.4188 3.71898 3.32004 69.4995 578.204
212.195 64.6453 3.71358 3.246 80.1859 538.39
204.378 55.8218 3.80417 3.57413 72.3883 877.764
200.411 54.831 3.78967 3.40556 123.135 1142.91
207.685 63.8827 3.7271 3.51467 86.6662 617.154
208.763 59.5251 3.75744 3.37012 250.877 450.657
209.796 67.2269 3.76315 3.36917 99.9767 844.406
209.738 62.4058 3.82505 3.1756 145.041 440.248
212.624 63.0753 3.67856 3.41515 95.1573 378.133
215.93 63.6482 3.79725 3.01639 102.518 377.356
196.582 54.8564 3.78676 3.36508 49.1158 1338.5
209.784 61.1426 3.72245 3.33027 190.592 388.329
214.766 66.5657 3.73978 3.34216 73.1445 706.996
188.296 63.7758 3.75836 3.42315 82.7668 1521.96
203.121 64.7461 3.77362 3.41593 55.5693 854.849
213.052 64.4091 3.7498 3.41972 92.2244 496.833
208.348 59.6572 3.75975 3.37734 226.073 470.106
225.615 58.2758 3.80051 3.43946 99.4004 555.684
197.4 66.8951 3.76044 3.44137 37.2739 1199.86
209.077 63.5527 3.69804 3.52984 124.53 540.23
211.768 64.9602 3.69713 3.31126 86.1676 578.898
209.256 65.0304 3.72219 3.34097 133.565 651.104
210.931 64.5928 3.7262 3.44805 103.149 564.424
191.145 52.9721 3.76238 3.33028 100.581 1750.43
214.475 65.5174 3.76053 3.29621 74.0732 594.268
207.811 62.8962 3.79431 3.14113 87.9542 553.156
210.261 61.0889 3.73736 3.33347 220.274 361.917
197.092 68.0541 3.72202 3.35422 47.3542 1277.62
215.154 63.7399 3.67777 3.27696 110.111 393.696
211.14 63.4056 3.71709 3.6185 159.781 453.992
216.01 63.9761 3.81446 3.01749 66.4868 413.338
205.816 56.5593 3.79723 3.61397 245.291 756.75
208.468 61.98 3.81164 3.2715 188.003 480.837
209.777 60.5117 3.76409 3.54598 248.779 381.219
189.752 57.1766 3.78334 3.48946 106.934 1585.67
209.253 61.4636 3.74647 3.25829 203.221 424.118
192.073 65.5598 3.73383 3.42251 43.6715 1369.91
209.711 63.4502 3.69709 3.43245 108.693 508.677
193.495 53.8452 3.7619 3.35883 121.337 1567.16
211.449 62.8295 3.72716 3.4706 91.0109 397.243
211.415 62.9628 3.72136 3.82294 62.5448 408.821
211.462 62.6812 3.78086 3.40762 41.5551 385.589
212.058 62.8349 3.62029 3.61942 79.3302 375.808
211.771 63.0624 3.66283 3.69372 92.1244 404.33
211.152 62.8331 3.74913 3.341 63.1567 408.67
211.908 64.4716 3.6867 3.29835 123.26 528.006
224.676 57.0569 3.81342 3.62153 18.9133 586.064
231.887 52.1847 3.84556 3.78829 48.9176 1298.87
226.475 68.3065 3.81277 3.38794 59.2176 1009.92
207.417 57.7828 3.79124 3.45559 275.922 599.529
212.138 64.8736 3.72814 3.25527 82.0776 562.286
234.753 71.9871 3.85509 3.45308 80.809 1525.77
205.387 69.6211 3.75562 3.14705 17.0822 1165.86
194.656 68.2746 3.73095 3.30431 31.0396 1376.79
209.387 69.836 3.75891 3.42475 57.6613 1117.41
215.088 69.9175 3.79311 3.42102 49.2887 1076.96
216.289 69.626 3.76742 3.3802 62.4996 1042.09
235.93 69.3475 3.85075 3.46299 167.317 1351.42
209.319 68.9656 3.77653 3.5072 84.7618 1028.57
211.177 69.1532 3.69041 3.47251 45.4343 1022.39
219.035 69.243 3.79451 3.40642 60.909 1005.29
221.263 69.3286 3.7914 3.41845 60.6305 1031.3
198.174 67.082 3.77597 3.42353 42.1796 1180.95
211.513 68.0748 3.70015 3.40203 64.1654 903.71
214.432 68.1207 3.77522 3.37443 58.728 880.664
218.405 68.1861 3.79072 3.4077 83.2969 885.197
220.465 68.6043 3.77974 3.4218 95.4964 945.261
222.103 68.3889 3.79319 3.45773 44.9371 940.326
223.281 66.3701 3.75314 3.41621 117.924 754.16
193.671 65.4742 3.73974 3.40434 16.4515 1296
195.352 65.7077 3.73872 3.37271 29.3959 1229.93
198.75 66.442 3.77504 3.46777 44.4933 1123.19
202.227 66.8332 3.74039 3.28698 16.8189 1019.78
204.275 67.0486 3.72952 3.4175 39.8558 969.262
206.517 67.2221 3.74896 3.38925 60.1894 919.667
207.821 67.5076 3.75436 3.16576 22.0237 913.594
212.113 67.5187 3.69554 3.29834 19.0413 836.901
214.357 67.5933 3.76992 3.45405 49.7364 822.967
215.855 67.6946 3.72365 3.30969 58.4517 827.462
220.128 67.6136 3.78148 3.50008 84.881 834.447
224.214 67.6106 3.77664 3.41946 88.9068 895.249
226.258 67.441 3.78836 3.42064 156.403 924.512
195.961 64.9941 3.77317 3.43776 21.0945 1178.2
197.645 65.3936 3.77111 3.41064 20.5914 1118.42
199.349 65.5011 3.77345 3.39762 34.4168 1050.81
201.346 65.895 3.74476 3.41254 40.1389 991.355
202.913 66.1434 3.74089 3.44977 43.4681 948.393
206.494 66.5156 3.71728 3.34236 37.7202 859.251
208.493 66.9214 3.76154 3.33654 42.6404 842.844
212.525 66.7004 3.76169 3.28352 36.3836 744.545
213.899 66.7653 3.77984 3.45961 71.6615 735.793
216.215 66.9498 3.74995 3.34009 42.3002 743.781
218.345 66.8088 3.78145 3.44891 69.6809 732.341
221.978 66.9116 3.76138 3.39051 76.0287 783.894
223.778 66.9808 3.7687 3.44135 109.039 824.455
225.729 66.9227 3.7743 3.40436 102.845 864.068
197.761 64.6379 3.74993 3.41118 28.9501 1084.77
200.087 64.937 3.77916 3.43092 37.2852 993.158
201.637 65.1527 3.78359 3.35936 31.9728 938.157
203.551 65.5276 3.73265 3.35792 54.7902 884.358
205.119 65.4924 3.7232 3.43435 42.9487 824.233
207.195 65.6571 3.74715 3.4238 79.2736 766.837
212.122 65.8371 3.75592 3.29148 91.9229 660.421
214.181 66.267 3.76077 3.31201 32.1041 678.827
218.473 66.2305 3.77572 3.49721 62.2668 669.244
221.631 66.2191 3.75159 3.39996 101.489 706.632
225.657 65.8052 3.74996 3.43678 110.688 763.697
213.052 64.4091 3.7498 3.41972 92.2244 496.833
199.305 63.8864 3.69394 3.5499 18.6465 988.755
205.522 64.7962 3.77091 3.42081 28.047 761.719
208.018 65.18 3.72565 3.40265 72.3517 701.876
216.846 65.3064 3.78364 3.37703 56.4313 560.24
218.385 65.6035 3.78804 3.42993 121.005 599.534
220.064 65.4483 3.73003 3.32207 120.933 601.016
221.694 65.3609 3.73183 3.40126 121.705 620.841
223.623 65.2225 3.71336 3.37868 107.316 654.414
196.446 62.7492 3.77001 3.34429 75.705 1106.48
199.398 63.2842 3.75489 3.26952 42.4494 967.804
200.922 63.3965 3.74841 3.28213 41.2994 896.746
203.285 63.465 3.73335 3.22548 31.4588 787.032
204.379 63.994 3.75039 3.38129 53.605 761.596
205.853 64.1767 3.75338 3.46844 100.656 709.46
214.63 64.613 3.71522 3.25183 75.2454 494.251
216.436 64.5012 3.78681 3.17079 72.8611 470.57
221.784 64.453 3.7161 3.25841 75.9572 534.503
221.784 64.4525 3.68352 3.36825 89.1179 534.44
223.67 64.5753 3.70535 3.38054 109.414 598.905
195.344 61.9331 3.76679 3.42317 81.4726 1159.66
198.469 62.2938 3.76767 3.34417 87.4185 998.201
201.699 62.7161 3.7655 3.31918 62.9433 840.429
205.93 63.3569 3.76358 3.22218 47.8684 661.008
214.222 63.8036 3.67956 3.25133 70.8815 413.079
217.924 64.0292 3.7486 3.31308 163.013 422.777
222.48 63.8433 3.69873 3.31446 152.477 499.265
197.317 61.3416 3.7607 3.3777 93.6474 1056.49
198.513 61.678 3.76022 3.3583 112.362 992.429
200.525 61.7105 3.75052 3.35275 106.039 886.143
201.703 62.1344 3.76198 3.31792 113.012 829.04
203.311 62.2195 3.76607 3.2872 95.1988 747.861
205.146 62.1816 3.76301 3.2827 192.73 653.664
206.12 62.4787 3.79102 3.20431 114.798 614.422
221.871 63.109 3.68571 3.32243 183.13 417.901
193.799 60.3849 3.74899 3.38749 74.334 1257.57
196.65 60.4135 3.74695 3.37264 93.0101 1101.73
198.04 60.7515 3.74667 3.39201 86.1262 1021.71
199.312 60.6947 3.74339 3.37681 117.839 953.129
201.041 61.0224 3.73905 3.37618 100.018 857.317
202.562 61.4009 3.73836 3.3707 87.1274 776.125
204.176 61.4907 3.74066 3.33175 123.884 691.069
205.609 61.9037 3.7454 3.28465 150.234 623.16
206.868 61.8823 3.75197 3.28301 136.663 558.108
209.88 61.7531 3.8033 3.26312 158.079 402.411
223.206 62.5763 3.71187 3.36149 193.292 431.933
225.609 62.2024 3.73224 3.29127 185.984 524.615
198.315 59.9237 3.75259 3.39591 84.286 1019.03
199.908 60.1686 3.74076 3.38329 108.551 927.058
201.231 60.4742 3.7278 3.35089 128.102 850.48
202.813 60.5269 3.73672 3.32325 89.6974 763.337
204.11 60.6801 3.74658 3.38143 176.734 691.513
205.516 60.8132 3.72407 3.34067 182.697 614.69
207.791 61.2001 3.71659 3.28297 166.303 495.116
222.911 61.4593 3.74932 3.25521 207.427 363.009
224.22 61.4862 3.75749 3.23803 187.997 430.723
226.918 61.1512 3.75509 3.34157 233.249 566.703
198.736 59.2533 3.74339 3.42938 102.142 1011.52
200.175 59.1767 3.77168 3.45098 107.902 934.026
201.907 59.5938 3.75079 3.40133 128.02 827.631
202.905 59.7733 3.75215 3.41081 150.455 768.609
204.792 59.8542 3.76036 3.39968 141.63 662.742
205.68 60.1952 3.73827 3.3738 123.509 608.707
207.376 60.0815 3.74153 3.41809 203.715 516.315
223.909 60.7704 3.70502 3.38222 276.959 400.565
202.009 59.0314 3.75873 3.42602 135.345 836.855
203.561 59.1953 3.76999 3.4116 160.424 746.335
204.771 59.3922 3.76552 3.39321 173.798 674.096
206.768 59.6524 3.75964 3.391 261.961 557.453
226.285 59.5898 3.71236 3.4867 222.002 542.066
227.183 60.2114 3.71835 3.43285 208.87 581.181
212.566 65.1171 3.74491 3.35577 80.74 578.433
203.344 58.6774 3.78402 3.41642 177.23 775.09
204.113 58.2637 3.79433 3.39885 173.86 749.551
204.991 58.6484 3.78431 3.41954 114.939 686.14
206.355 58.9287 3.77666 3.39306 178.317 601.361
207.606 58.6097 3.79787 3.43719 140.989 546.818
227.731 58.9601 3.75062 3.59197 123.029 640.028
202.426 57.5673 3.7938 3.35042 103.03 872.751
203.613 57.6397 3.78374 3.29794 62.8413 805.662
205.548 57.5665 3.76413 3.32453 62.5574 707.725
224.26 58.4133 3.83662 3.401 61.7035 478.502
225.482 58.2747 3.8105 3.45419 60.3524 548.81
229.033 59.3946 3.7238 3.48049 177.147 698.648
197.939 55.703 3.75404 3.36519 75.8697 1214.48
200.447 56.2848 3.75596 3.36973 91.0717 1047.51
223.768 57.9616 3.85096 3.44605 107.636 480.841
225.424 57.4688 3.84135 3.42255 81.262 593.053
228.869 57.9128 3.78386 3.47975 75.6159 745.432
227.048 56.8144 3.83017 3.47867 46.8938 715.424
229.75 56.9811 3.7984 3.46908 86.7247 841.635
212.138 64.8735 3.71004 3.2001 59.8232 562.28
226.879 56.1146 3.84364 3.55598 68.1661 756.975
229.974 55.9154 3.81039 3.49435 47.4514 920.057
228.385 55.3279 3.83695 3.63349 75.3746 885.919
218.842 64.7774 3.77809 3.38261 144.767 513.343
227.653 56.4191 3.83226 3.52873 119.438 771.765
209.768 62.6893 3.8375 3.22918 58.5375 455.283
211.14 63.4057 3.71711 3.61851 159.781 453.994
236.736 59.4036 3.6764 3.81684 45.5576 1124.33
235.766 58.6528 3.78946 3.50381 34.9073 1093.24
234.769 58.8471 3.76364 3.52639 33.5566 1031.67
234.233 58.9305 3.77713 3.54296 50.804 999.421
232.224 60.0057 3.76546 3.41749 57.5439 862.214
231.195 60.1197 3.75194 3.44427 45.7019 803.693
229.393 60.087 3.75396 3.37802 38.2302 704.74
228.256 59.933 3.73605 3.39955 71.9678 644.223
226.693 60.4834 3.73648 3.32869 53.9608 552.272
225.753 60.434 3.70575 3.35985 62.3461 500.733
237.286 58.0965 3.77817 3.49293 44.6938 1197.53
237.012 57.7103 3.76681 3.51016 47.3893 1198.09
237.146 57.39 3.75969 3.49279 46.9077 1219.47
237.423 57.0779 3.74691 3.49195 39.4115 1249.13
209.736 66.2066 3.74841 3.4078 46.4495 746.006
209.329 66.7192 3.76684 3.34752 77.4454 804.44
198.722 65.4015 3.74618 3.39987 34.0362 1072.6
211.164 69.0223 3.74255 3.39733 40.9299 1008.61
211.489 65.5114 3.72038 3.29251 82.2274 639.494
194.662 64.5695 3.75865 3.41676 47.48 1225.91
211.554 70.2036 3.74352 3.37412 21.0749 1131.04
204.534 64.74 3.75392 3.3687 42.0379 796.873
211.306 69.424 3.7599 3.31663 37.9053 1049.8
210.41 68.6274 3.7479 3.47089 38.2263 977.042
209.89 67.3812 3.76233 3.43205 60.3923 858.024
210.457 65.825 3.73108 3.37835 75.2047 692.759
210.84 64.6544 3.72475 3.48336 36.9319 572.527
210.867 64.709 3.71515 3.48866 59.5115 576.85
210.853 64.7716 3.72511 3.51854 56.2731 583.021
210.819 64.8857 3.72675 3.46723 52.4562 594.563
210.44 64.87 3.74398 3.39289 86.6932 603.132
210.174 64.8537 3.72481 3.28024 50.4011 608.98
210.069 64.7653 3.71364 3.26107 84.5609 604.064
210.917 64.5498 3.72256 3.43893 64.4359 560.843
210.782 64.5716 3.72047 3.46837 73.7838 566.531
210.554 64.5756 3.72221 3.34454 79.1307 573.26
210.901 64.613 3.72999 3.46588 80.5817 567.089
211.172 64.6917 3.71399 3.43165 85.2472 567.28
230.943 53.673 3.85508 3.7005 16.8234 1133.27
231.321 53.9 3.838 3.63898 28.3604 1132.76
231.373 54.036 3.8481 3.68237 27.4993 1124.62
231.376 54.093 3.83453 3.71229 24.5059 1120.36
231.479 54.262 3.81667 3.69933 28.5854 1112.32
231.416 54.467 3.813 3.61577 25.0748 1093.87
231.434 54.502 3.8055 3.52956 23.2935 1092.12
231.542 54.539 3.80453 3.55518 38.0223 1094.58
231.6 54.636 3.79412 3.51749 33.6336 1090.24
231.677 54.722 3.79594 3.50368 47.3707 1087.71
231.696 54.801 3.79518 3.50913 39.2127 1082.93
231.665 54.851 3.79888 3.47322 26.1271 1077.81
231.681 55.018 3.80253 3.48909 70.8384 1066.7
231.846 55.084 3.80728 3.46755 52.3794 1070.24
232.267 55.179 3.82032 3.5019 55.2971 1084.73
232.385 55.267 3.81793 3.52014 71.53 1084.69
232.359 55.411 3.80588 3.52921 71.3218 1073.72
233.783 52.4386 3.77136 3.59717 21.525 1364.11
233.869 52.4069 3.78498 3.59742 20.9459 1370.72
233.933 52.3681 3.777 3.62175 22.5262 1376.85
234.034 52.3981 3.78014 3.6276 25.7207 1379.16
234.15 52.4019 3.77167 3.57416 25.3326 1384.32
234.223 52.362 3.77877 3.60068 23.661 1390.97
234.367 52.4126 3.78269 3.5966 24.2128 1393.75
234.492 52.3773 3.78801 3.58237 27.4477 1402.49
234.738 52.38 3.79921 3.53882 28.4649 1413.97
234.917 52.3782 3.80531 3.53813 43.6446 1422.68
212.567 65.1173 3.76985 3.3537 34.3064 578.448
212.57 65.1176 3.76718 3.37981 30.9834 578.427
209.768 62.6892 3.83754 3.22921 58.5375 455.288
210.23 59.8351 3.79396 3.48131 109.806 362.471
209.918 61.8636 3.78281 3.23655 87.0039 405.112
210.331 61.4859 3.76667 3.27574 79.4084 369.777
209.538 60.4832 3.77232 3.52914 101.488 394.303
210.455 61.3427 3.74775 3.29205 91.9367 358.69
209.518 60.7352 3.73388 3.45219 146.058 396.506
209.971 61.6954 3.76845 3.23533 111.062 395.626
208.723 60.6622 3.78334 3.38736 122.293 439.403
209.968 60.4881 3.77498 3.55532 149.839 370.661
208.919 60.4641 3.79562 3.50002 104.282 428.401
209.81 60.4601 3.7723 3.52737 143.307 379.354
209.518 60.7351 3.73367 3.45199 146.058 396.483
