# evlo=211.541504 evla=61.413101
194.627 64.5646 3.74662 3.39011 127.038 923.062
217.908 60.4896 3.71166 3.30278 170.097 359.879
218.338 61.0595 3.65789 3.36192 290.823 366.946
220.363 59.9534 3.73605 3.34365 207.242 508.285
225.144 58.5792 3.7778 3.35232 168.477 820.205
212.195 64.6453 3.74049 3.25775 143.571 361.777
204.378 55.8218 3.76591 3.33423 93.6012 748.189
200.411 54.831 3.75447 3.2236 104.74 981.131
209.796 67.2269 3.7046 3.347 64.4875 653.541
218.66 60.9649 3.6677 3.34426 353.835 385.913
217.513 60.0823 3.77312 3.36503 221.842 357.65
196.582 54.8564 3.75792 3.35733 72.9325 1139.87
214.766 66.5657 3.77912 3.31842 139.515 595.487
188.296 63.7758 3.75095 3.39212 94.2539 1215.58
203.121 64.7461 3.73742 3.38374 131.009 564.087
218.244 60.7315 3.6815 3.34505 206.279 369.549
225.615 58.2758 3.78736 3.35323 114.832 860.701
197.4 66.8951 3.76241 3.39906 35.3232 916.579
218.995 60.824 3.6713 3.32236 332.032 406.89
211.768 64.9602 3.77661 3.24453 191.348 395.539
218.049 60.1785 3.75168 3.32825 192.037 379.95
209.256 65.0304 3.78271 3.2748 92.2098 419.198
191.145 52.9721 3.75894 3.45907 131.036 1539.58
219.747 60.0959 3.72492 3.30814 173.906 470.51
220.599 59.667 3.76272 3.33184 157.38 533.288
214.475 65.5174 3.74305 3.2759 191.765 480.195
197.092 68.0541 3.73733 3.40954 56.8256 1006.19
218.652 60.2994 3.72938 3.32966 163.912 405.672
219.217 60.1294 3.73871 3.30019 187.47 441.762
216.01 63.9761 3.70764 3.44339 265.78 365.801
205.816 56.5593 3.7709 3.33437 228.937 632.501
189.752 57.1766 3.7794 3.46056 131.966 1320.59
218.856 60.4399 3.70212 3.30331 181.342 410.975
192.073 65.5598 3.74582 3.46145 64.0462 1068.68
193.495 53.8452 3.75355 3.38744 162.354 1360.73
218.249 60.3583 3.7249 3.32421 195.862 382.519
197.317 61.3416 3.72382 3.37739 233.775 759.035
198.513 61.678 3.72649 3.34954 152.885 692.28
200.525 61.7105 3.70863 3.34448 180.82 585.736
201.703 62.1344 3.72141 3.2997 203.713 525.005
203.311 62.2195 3.72205 3.26789 225.987 442.723
218.173 63.0618 3.72597 3.2081 279.518 390.399
221.871 63.109 3.72695 3.27686 207.881 568.168
193.799 60.3849 3.72401 3.39869 119.634 966.787
196.65 60.4135 3.71785 3.34023 133.939 813.748
198.04 60.7515 3.71778 3.33557 181.168 731.032
199.312 60.6947 3.71602 3.36702 255.605 664.44
201.041 61.0224 3.69987 3.31945 185.009 565.339
202.562 61.4009 3.69491 3.27695 200.887 479.226
204.176 61.4907 3.70557 3.29431 196.508 392.752
218.122 62.3579 3.69075 3.27839 346.116 361.576
221.538 62.4435 3.72021 3.28342 217.668 536.833
223.206 62.5763 3.73485 3.31467 247.005 624
225.609 62.2024 3.73689 3.31182 192.089 745.466
198.315 59.9237 3.72472 3.39 230.043 740.512
199.908 60.1686 3.71852 3.35898 157.579 647.657
201.231 60.4742 3.70378 3.3359 236.334 567.939
202.813 60.5269 3.69629 3.3036 187.372 482.519
204.11 60.6801 3.69842 3.27903 291.111 409.478
222.911 61.4593 3.66525 3.29141 216.972 606.001
224.22 61.4862 3.68274 3.30957 292.113 675.288
226.918 61.1512 3.71365 3.3535 188.806 823.209
198.736 59.2533 3.73771 3.39393 166.589 745.692
200.175 59.1767 3.7397 3.37866 180.001 675.059
201.907 59.5938 3.74041 3.34354 292.304 566.25
202.905 59.7733 3.74248 3.29905 348.414 506.813
204.792 59.8542 3.74233 3.25121 296.301 407.942
221.424 60.3024 3.67877 3.24945 229.143 550.625
223.909 60.7704 3.66551 3.28189 230.061 670.071
190.452 56.6011 3.77377 3.47634 59.9025 1317.51
202.009 59.0314 3.76221 3.31366 141.127 590.461
203.561 59.1953 3.74044 3.23404 172.505 505.238
204.771 59.3922 3.74762 3.20656 174.69 435.558
222.262 59.6304 3.72691 3.37566 204.472 620.507
223.04 60.1218 3.67811 3.28999 230.744 642.096
226.285 59.5898 3.71422 3.36223 185.776 833.314
227.183 60.2114 3.69366 3.33771 283.189 859.601
212.566 65.1171 3.75332 3.32673 176.309 416.05
203.344 58.6774 3.71821 3.23386 149.261 548.521
204.113 58.2637 3.71055 3.29069 170.133 544.034
204.991 58.6484 3.70933 3.25733 161.787 477.335
206.355 58.9287 3.70728 3.23964 230.088 399.156
207.606 58.6097 3.71413 3.23624 279.47 381.625
227.731 58.9601 3.73648 3.36961 147.165 936.112
202.426 57.5673 3.72069 3.40581 178.28 670.005
203.613 57.6397 3.73251 3.30217 125.323 614.108
205.548 57.5665 3.72843 3.11661 110.96 546.317
225.482 58.2747 3.79255 3.3378 71.7678 853.985
229.033 59.3946 3.71198 3.39902 180.776 986.713
197.939 55.703 3.74459 3.39193 90.7518 1012.26
200.447 56.2848 3.73157 3.31654 75.6678 856.189
223.768 57.9616 3.81752 3.35094 94.92 787.003
225.424 57.4688 3.81871 3.38782 114.589 899.378
228.869 57.9128 3.75404 3.33859 84.0336 1047.7
227.048 56.8144 3.83043 3.48236 55.4238 1021.74
229.75 56.9811 3.77227 3.38735 104.926 1146.62
212.138 64.8735 3.77473 3.21252 138.828 386.876
210.428 68.6408 3.73814 3.33226 50.6619 807.506
229.974 55.9154 3.82341 3.48463 39.016 1226.44
227.653 56.4191 3.82523 3.48942 111.736 1077.95
217.908 60.4896 3.71166 3.30278 170.097 359.879
218.338 61.0595 3.65795 3.36198 290.823 366.952
218.244 60.7315 3.6815 3.34505 206.279 369.549
218.995 60.8241 3.67128 3.32234 332.032 406.888
218.049 60.1785 3.75168 3.32825 192.037 379.95
218.652 60.2994 3.72938 3.32966 163.912 405.672
219.217 60.1294 3.73871 3.30019 187.47 441.762
218.856 60.4399 3.70212 3.30331 181.342 410.975
212.567 65.1173 3.79002 3.37383 41.2981 416.074
212.57 65.1176 3.78558 3.37281 41.181 416.124
