# evlo=215.153793 evla=63.739899
225.449 60.24 3.89735 3.5887 68.4888 664.59
194.627 64.5646 3.82457 3.60616 122.391 998.743
217.908 60.4896 3.72009 3.37608 122.639 389.648
217.507 60.403 3.68552 3.43452 75.1118 391.636
220.363 59.9534 3.70658 3.37694 99.6547 502.959
216.3 60.3932 3.72862 2.98424 76.7007 377.742
225.144 58.5792 3.75592 3.53859 64.0396 785.667
216.716 60.1205 3.67692 3.3088 82.3913 411.588
209.094 59.7511 3.72623 3.36031 255.483 547.327
209.259 59.7417 3.73268 3.34228 221.127 543.19
208.846 60.7683 3.72004 3.29182 185.393 465.549
207.916 63.4188 3.77627 3.55462 293.32 361.072
204.378 55.8218 3.74791 3.25645 64.6561 1066.77
200.411 54.831 3.7553 3.26779 67.4839 1294.11
207.685 63.8827 3.77953 3.5854 360.919 368.067
208.763 59.5251 3.72686 3.34925 182.421 578.614
209.796 67.2269 3.73115 3.49987 121.242 460.893
218.66 60.9649 3.65009 3.2945 110.703 358.527
217.513 60.0823 3.69106 3.47301 137.601 425.979
221.785 59.0906 3.71152 3.39998 21.1663 626.84
214.25 60.5487 3.78691 3.21589 169.612 358.752
196.582 54.8564 3.76727 3.36794 56.4661 1438.92
209.784 61.1426 3.73832 3.45997 158.432 400.618
188.296 63.7758 3.82407 3.6072 101.66 1315.76
203.121 64.7461 3.82917 3.57783 156.98 593.4
216.679 60.2805 3.67777 3.27696 110.111 393.696
218.244 60.7315 3.72364 3.30385 106.941 371.696
213.497 60.396 3.74591 3.36569 122.644 382.573
208.348 59.6572 3.72668 3.30518 138.518 579.602
217.659 60.6024 3.71031 3.49361 134.862 373.175
225.615 58.2758 3.76197 3.62362 91.0758 829.25
216.749 60.4427 3.6646 3.26406 103.162 376.764
197.4 66.8951 3.84853 3.51097 38.3398 895.28
217.277 60.2474 3.64805 3.68445 74.8948 404.755
218.995 60.824 3.66759 3.39156 118.671 381.136
218.049 60.1785 3.72901 3.31789 87.8756 424.879
216.031 60.2361 3.79537 2.95457 64.2996 393.169
191.145 52.9721 3.76649 3.43158 90.0541 1827.99
219.747 60.0959 3.71195 3.30239 96.5239 472.141
220.599 59.667 3.71071 3.37246 78.6661 537.168
207.811 62.8962 3.77971 3.38375 385.168 379.636
211.667 60.8584 3.72015 3.29102 172.057 368.482
215.323 60.3863 3.92549 3.40248 48.9152 373.851
210.261 61.0889 3.72848 3.45789 226.601 388.689
197.092 68.0541 3.86316 3.37628 53.7211 948.486
218.652 60.2994 3.70928 2.9663 34.8195 424.796
219.217 60.1294 3.72886 3.32086 125.735 455.236
214.792 60.5341 3.88331 3.18058 81.598 357.776
205.816 56.5593 3.75027 3.43467 119.688 951.354
208.468 61.98 3.82157 3.27674 177.972 392.592
209.777 60.5117 3.72377 3.3803 220.603 455.93
189.752 57.1766 3.78133 3.48866 81.4234 1562.79
209.253 61.4636 3.72158 3.32136 190.043 394.97
217.161 60.1791 3.67158 3.44691 158.461 410.52
216.221 60.072 3.7541 2.95912 46.3079 412.58
210.547 60.1043 3.73983 3.30208 138.649 471.661
218.856 60.4399 3.70842 3.26641 99.8686 415.369
192.073 65.5598 3.78951 3.46168 58.1515 1114.92
193.495 53.8452 3.75843 3.3909 158.388 1653.39
217.147 60.448 3.67997 3.38414 98.1458 381.315
218.249 60.3583 3.73014 3.19165 88.6192 410.065
197.939 55.703 3.74136 3.38791 105.832 1311.35
200.447 56.2848 3.74391 3.39115 75.1011 1162.14
223.768 57.9616 3.74673 3.35726 41.5197 794.693
225.424 57.4688 3.79012 3.48791 56.8872 894.863
228.869 57.9128 3.74619 3.44298 30.8569 985.478
227.048 56.8144 3.79091 3.53689 36.7359 1010.91
229.75 56.9811 3.76479 3.48385 52.0855 1098.05
210.428 68.6408 3.8255 3.45997 75.6634 586.131
226.879 56.1146 3.79279 3.47788 38.7013 1069.68
229.974 55.9154 3.79959 3.54437 25.0349 1198.93
228.385 55.3279 3.8037 3.51236 41.2505 1194.61
227.653 56.4191 3.80544 3.5532 73.5412 1068.33
218.547 60.1369 4.87969 4.1767 106.513 439.137
217.908 60.4896 3.72009 3.37608 122.639 389.648
217.507 60.403 3.68552 3.43452 75.1118 391.636
216.296 60.3923 3.72932 2.9848 76.7007 377.814
216.716 60.1205 3.67692 3.3088 82.3913 411.588
216.679 60.2805 3.67777 3.27696 110.111 393.696
218.244 60.7315 3.72364 3.30385 106.941 371.696
217.659 60.602 3.71064 3.49392 134.862 373.208
216.749 60.4427 3.6646 3.26406 103.162 376.764
217.277 60.2474 3.64805 3.68445 74.8948 404.755
218.995 60.8241 3.6675 3.39147 118.671 381.126
218.049 60.1785 3.72901 3.31789 87.8756 424.879
216.031 60.2361 3.79537 2.95457 64.2996 393.169
218.652 60.2994 3.70928 2.9663 34.8195 424.796
219.217 60.1294 3.72886 3.32086 125.735 455.236
216.221 60.072 3.7541 2.95912 46.3079 412.58
218.856 60.4399 3.70842 3.26641 99.8686 415.369
