# evlo=226.474594 evla=68.306503
217.908 60.4896 3.82682 3.43924 66.7973 962.367
217.507 60.403 3.8251 3.41467 52.3697 979.558
218.338 61.0595 3.84483 3.38959 113.122 894.72
216.3 60.3932 3.8122 3.35478 71.0072 1007.01
216.716 60.1205 3.81476 3.36727 62.5206 1025.47
216.679 60.2805 3.81277 3.38794 59.2176 1009.92
218.244 60.7315 3.84396 3.43527 64.6762 930.553
213.052 64.4091 3.78693 3.50832 71.6892 739.104
217.659 60.6024 3.82234 3.43539 71.34 955.822
216.749 60.4427 3.81736 3.40624 86.0961 991.817
217.639 60.9231 3.81892 3.33774 74.502 923.301
217.277 60.2474 3.82584 3.42618 62.1225 1000.42
218.995 60.824 3.85082 3.50104 41.9161 906.466
216.976 61.3836 3.8125 3.33736 41.0294 891.547
211.063 63.7318 3.86011 3.54794 51.2168 861.694
218.049 60.1785 3.8323 3.39015 68.8303 991.923
216.031 60.2361 3.80229 3.35665 119.904 1029.12
217.533 61.1871 3.8077 3.3031 75.2341 898.69
218.652 60.2994 3.8437 3.38719 42.7413 967.838
211.14 63.4056 4.18181 3.47536 71.8132 884.15
216.221 60.072 3.81289 3.35377 57.0172 1041.42
218.856 60.4399 3.84707 3.39784 59.2642 949.341
231.887 52.1847 3.77978 3.50236 78.1172 1819.33
207.417 57.7828 3.80406 3.37402 108.766 1505.32
213.052 64.4091 3.78693 3.50832 71.6892 739.104
212.566 65.1171 3.80382 3.47257 51.283 707.162
212.138 64.8735 3.80561 3.56667 60.8148 739.636
210.428 68.6408 3.75807 3.22882 76.3201 656.549
211.063 63.7323 3.85986 3.54771 51.2168 861.638
210.135 62.8603 4.17005 3.57266 36.9317 963.019
210.921 64.5797 4.14507 3.62497 77.8693 805.551
209.196 62.5277 3.62193 3.46624 53.438 1023.04
210.834 64.0412 4.14399 3.58725 74.4325 846.969
211.14 63.4057 4.18178 3.47534 71.8132 884.144
210.523 63.7231 3.85279 3.57644 67.9081 881.978
209.8 63.4686 3.61291 3.47593 25.1857 927.579
210.879 63.9391 4.16507 3.55706 17.072 852.83
209.939 62.15 3.63227 3.44667 61.796 1028.23
211.225 63.6559 4.1736 3.53022 55.7972 861.653
218.45 60.2235 3.84583 3.43306 48.2481 979.561
218.652 60.1592 3.85483 3.42043 36.7459 982.579
218.546 60.2176 3.84889 3.42488 45.2635 978.398
218.626 60.2469 3.85574 3.41376 36.1999 973.838
212.952 61.1216 2.69869 1.97069 78.1516 1023.67
211.489 65.5114 3.83049 3.4736 122.452 723.949
211.449 65.522 3.8928 3.49943 36.8389 724.891
194.662 64.5695 3.79242 3.4233 58.3992 1460.79
211.554 70.2036 3.78023 3.2356 142.789 624.917
204.534 64.74 3.83065 3.50505 65.5518 1046.59
211.306 69.424 3.79546 3.32975 197.561 621.486
210.41 68.6274 3.78542 3.28879 117.604 657.375
209.89 67.3812 3.83427 3.40431 144.204 703.638
210.457 65.825 3.85699 3.45575 105.35 747.052
217.908 60.4896 3.82682 3.43924 66.7973 962.367
217.507 60.403 3.8251 3.41467 52.3697 979.558
218.338 61.0595 3.84482 3.38959 113.122 894.717
216.296 60.3923 3.81285 3.35534 71.0072 1007.18
216.716 60.1205 3.81476 3.36727 62.5206 1025.47
216.679 60.2805 3.81277 3.38794 59.2176 1009.92
218.244 60.7315 3.84396 3.43527 64.6762 930.553
217.659 60.602 3.82254 3.43558 71.34 955.873
216.749 60.4427 3.81736 3.40624 86.0961 991.817
217.639 60.9231 3.81894 3.33776 74.502 923.305
217.277 60.2474 3.82584 3.42618 62.1225 1000.42
218.995 60.8241 3.85078 3.501 41.9161 906.455
216.976 61.3836 3.8125 3.33736 41.0294 891.547
218.049 60.1785 3.8323 3.39015 68.8303 991.923
216.031 60.2361 3.80229 3.35665 119.904 1029.12
217.533 61.187 3.80773 3.30312 75.2341 898.696
218.652 60.2994 3.8437 3.38719 42.7413 967.838
216.221 60.072 3.81289 3.35377 57.0172 1041.42
218.856 60.4399 3.84707 3.39784 59.2642 949.341
212.567 65.1173 3.77632 3.56812 88.2013 707.138
220.454 59.9722 3.84891 3.43703 18.1322 973.13
209.918 61.8636 3.82672 3.47915 69.8748 1053.19
210.331 61.4859 3.81565 3.47813 40.8372 1072.14
209.538 60.4832 3.80163 3.4016 47.4512 1187.29
210.519 60.6717 3.80607 3.44605 70.914 1139.05
211.909 60.5183 3.79432 3.38244 24.8491 1110.91
210.455 61.3427 3.8127 3.44464 49.6999 1080.74
210.626 60.4754 3.81114 3.45695 32.1423 1153.71
209.518 60.7352 3.80768 3.43017 40.6133 1165.27
209.971 61.6954 3.84422 3.44488 56.0836 1065.87
208.723 60.6622 3.80907 3.4388 56.4694 1197.83
212.047 60.7098 3.80036 3.41981 69.4982 1088.88
211.068 60.8049 3.81326 3.41392 53.5666 1109.75
209.968 60.4881 3.80402 3.42322 62.6133 1173.14
210.253 60.4731 3.81073 3.45492 33.0689 1165.54
208.919 60.4641 3.81017 3.39347 50.9711 1209.07
210.813 60.8045 3.80594 3.43046 61.4824 1117.73
209.81 60.4601 3.80792 3.41945 36.5304 1180.71
211.376 60.7866 3.80768 3.39811 42.4697 1101.95
209.518 60.7351 3.80767 3.43016 40.6133 1165.27
