# evlo=206.580399 evla=70.339996
194.627 64.5646 3.75676 3.31767 139.382 819.663
217.507 60.403 3.7685 3.31792 35.7922 1214.64
216.3 60.3932 3.77803 3.29211 30.3751 1194.23
215.271 60.5805 3.77601 3.37994 33.9404 1157.63
213.052 64.4091 3.77876 3.21276 31.8035 716.542
217.659 60.6024 3.75218 3.32131 51.5991 1196.64
216.976 61.3836 3.76196 3.31821 41.6257 1102.15
211.063 63.7318 3.82871 3.39489 61.11 761.874
217.533 61.1871 3.75798 3.3433 46.8067 1133.29
218.652 60.2994 3.76272 3.4152 41.7685 1247.62
211.14 63.4056 3.81259 3.34687 66.577 798.196
194.656 68.2746 3.787 3.26457 190.174 522.637
196.822 68.4753 3.82194 3.29415 272.054 435.313
198.806 68.6483 3.82206 3.31705 244.153 357.491
216.289 69.626 3.80416 3.49495 134.685 379.04
196.917 67.6988 3.81638 3.21748 172.612 484.929
219.035 69.243 3.82951 3.41879 156.228 494.727
221.263 69.3286 3.80441 3.40169 197.54 574.789
198.174 67.082 3.78614 3.21828 175.384 497.351
199.397 67.4213 3.79875 3.24749 164.569 434.76
214.432 68.1207 3.84841 3.24978 85.235 396.893
218.405 68.1861 3.82844 3.32285 72.358 524.398
220.465 68.6043 3.82248 3.34512 115.249 575.513
222.103 68.3889 3.81647 3.35612 94.2262 646.238
223.281 66.3701 3.80704 3.38889 46.8289 813.862
193.671 65.4742 3.79262 3.3749 137.033 764.125
195.352 65.7077 3.77515 3.2582 164.478 695.761
198.75 66.442 3.76535 3.34773 132.838 540.137
200.349 66.6001 3.80405 3.16401 88.4156 488.554
202.227 66.8332 3.8043 3.30074 216.374 429.274
204.275 67.0486 3.79886 3.219 150.581 378.796
212.113 67.5187 3.80042 3.16225 63.4206 384.852
214.357 67.5933 3.81265 3.28158 84.6318 436.409
215.855 67.6946 3.8287 3.18799 68.5341 473.037
220.128 67.6136 3.84215 3.32431 86.2324 620.129
224.214 67.6106 3.8342 3.38641 75.6163 765.595
226.258 67.441 3.82585 3.38071 75.3799 849.972
195.961 64.9941 3.77309 3.31302 113.194 745.091
197.645 65.3936 3.78287 3.47304 137.721 666.094
199.349 65.5011 3.77552 3.37146 127.125 618.241
201.346 65.895 3.80031 3.26351 158.279 541.056
202.913 66.1434 3.75218 3.23091 165.368 491.859
206.494 66.5156 3.78938 3.22139 152.944 426.592
208.493 66.9214 3.78619 3.38193 122.512 389.13
209.976 66.7108 3.8009 3.38336 104.392 427.781
212.525 66.7004 3.75868 3.23315 57.4892 472.664
213.899 66.7653 3.76446 3.42618 76.8195 497.535
216.215 66.9498 3.80348 3.15498 66.0576 543.32
218.345 66.8088 3.79849 3.30886 58.806 618.995
221.978 66.9116 3.82911 3.41745 85.9652 730.963
223.778 66.9808 3.82839 3.44299 72.3592 789.005
225.729 66.9227 3.85815 3.4199 66.7235 862.269
197.761 64.6379 3.80687 3.51338 176.187 737.643
200.087 64.937 3.78518 3.27171 109.816 661.855
201.637 65.1527 3.76791 3.32232 107.934 614.667
203.551 65.5276 3.77573 3.26066 149.947 551.415
205.119 65.4924 3.81719 3.28626 141.644 544.1
207.195 65.6571 3.73078 3.35612 87.1434 522.934
208.623 65.8937 3.75994 3.29335 95.3464 503.083
210.457 65.8251 3.82576 3.40553 91.8651 528.593
212.122 65.8371 3.80489 3.27047 50.7684 552.241
214.181 66.267 3.74848 3.57398 88.6054 551.229
218.473 66.2305 3.78864 3.3735 50.842 669.801
221.631 66.2191 3.82395 3.36025 67.9057 769.891
225.657 65.8052 3.8311 3.37114 62.998 936.454
214.843 62.3987 3.77197 3.50736 71.4901 957.625
213.052 64.4091 3.77876 3.21276 31.8035 716.542
199.305 63.8864 3.75547 3.35101 70.4569 784.717
205.522 64.7962 3.79501 3.28882 68.4112 619.913
208.018 65.18 3.74938 3.3791 60.7874 578.659
210.64 65.1479 3.80554 3.45353 91.4122 603.66
216.846 65.3064 3.78223 3.32549 85.9882 706.822
218.385 65.6035 3.77944 3.30283 61.5598 721.086
220.064 65.4483 3.80121 3.32816 60.3001 783.318
221.694 65.3609 3.80679 3.29168 51.7429 840.36
223.623 65.2225 3.83342 3.36265 51.8699 913.048
196.446 62.7492 3.79293 3.53237 91.1778 955.953
199.398 63.2842 3.75957 3.36524 108.179 846.469
200.922 63.3965 3.82849 3.41706 105.461 812.284
203.285 63.465 3.7857 3.34982 110.679 779.88
204.379 63.994 3.79146 3.30058 79.7015 714.008
205.853 64.1767 3.78377 3.35507 83.706 688.063
214.63 64.613 3.76128 3.5561 81.7621 724.213
216.436 64.5012 3.77053 3.27563 66.8101 774.157
221.784 64.4525 3.79075 3.38396 37.4943 920.728
223.67 64.5753 3.83563 3.28946 38.5945 967.795
198.469 62.2938 3.76788 3.38211 89.0035 966.19
201.699 62.7161 3.80755 3.39561 94.5727 876.759
205.93 63.3569 3.77446 3.43343 59.4984 779.258
214.222 63.8036 3.7637 3.46415 46.9689 799.714
222.48 63.8433 3.80349 3.3789 66.6991 995.307
197.317 61.3416 3.76103 3.50125 77.9651 1086.11
198.513 61.678 3.7884 3.35247 82.7885 1030.85
200.525 61.7105 3.80481 3.39274 88.0382 999.491
201.703 62.1344 3.80923 3.39954 111.134 940.206
203.311 62.2195 3.78517 3.3803 83.5724 917.012
205.146 62.1816 3.78008 3.42635 72.1389 911.961
206.12 62.4787 3.78271 3.45576 74.7895 876.865
216.652 63.0254 3.78213 3.36398 45.8116 926.491
221.871 63.109 3.78721 3.422 46.5146 1045.26
196.65 60.4135 3.77662 3.54685 116.948 1195.68
198.04 60.7515 3.77517 3.3735 65.4354 1137.04
199.312 60.6947 3.80769 3.34683 91.8431 1124.89
201.041 61.0224 3.80709 3.42279 90.0213 1068.61
202.562 61.4009 3.79199 3.3814 95.2627 1012.93
204.176 61.4907 3.76843 3.40823 72.8747 992.606
205.609 61.9037 3.77602 3.46877 64.0912 941.707
206.868 61.8823 3.78168 3.37206 72.2267 943.185
209.88 61.7531 3.76666 3.45575 87.4663 968.747
212.274 61.7929 3.80144 3.24967 22.6246 986.283
217.004 62.4013 3.77555 3.38466 70.5305 997.441
221.538 62.4435 3.77744 3.40752 53.2673 1099.36
223.206 62.5763 3.79478 3.43331 31.3076 1132.15
225.609 62.2024 3.82243 3.42834 36.7994 1236.24
198.315 59.9237 3.7886 3.34385 65.9184 1221.81
199.908 60.1686 3.81496 3.40289 77.4133 1174.45
201.231 60.4742 3.81132 3.40307 70.8369 1126.67
202.813 60.5269 3.78306 3.4087 94.0445 1107.49
204.11 60.6801 3.77836 3.48228 93.8047 1082.89
205.516 60.8132 3.79225 3.50153 66.6101 1063.33
207.791 61.2001 3.74641 3.3248 67.6136 1020.58
222.911 61.4593 3.78001 3.40984 63.5284 1230.41
224.22 61.4862 3.78828 3.41684 43.6159 1263.23
198.736 59.2533 3.81651 3.37322 50.2946 1288.52
200.175 59.1767 3.81569 3.40648 66.0665 1279.66
201.907 59.5938 3.79977 3.40782 87.0201 1217.38
202.905 59.7733 3.77909 3.43578 79.4404 1190.2
204.792 59.8542 3.77878 3.54799 66.7933 1171.98
207.376 60.0815 3.74491 3.29865 69.0311 1144.34
210.276 60.4814 3.78593 3.37071 46.1745 1112.02
221.424 60.3024 3.76356 3.38297 39.1332 1307.8
223.909 60.7704 3.78363 3.39449 39.2997 1323.7
202.009 59.0314 3.78541 3.45668 71.905 1278.6
203.561 59.1953 3.78099 3.5114 81.9345 1250.39
204.771 59.3922 3.78492 3.48904 68.3913 1223.43
206.768 59.6524 3.75432 3.28095 37.4854 1191.6
222.262 59.6304 3.76852 3.44058 37.0651 1395.42
223.04 60.1218 3.78165 3.40671 18.7437 1365.09
227.183 60.2114 3.80584 3.43579 44.26 1468.31
203.344 58.6774 3.78402 3.47526 78.4978 1308.98
204.113 58.2637 3.77996 3.51446 50.9663 1351.27
204.991 58.6484 3.79734 3.56555 45.2753 1305.53
206.355 58.9287 3.73776 3.30529 32.2717 1272.23
207.606 58.6097 3.7382 3.33213 64.1835 1308.6
227.731 58.9601 3.80361 3.43241 35.2988 1604.3
202.426 57.5673 3.78693 3.50636 43.6723 1437.49
203.613 57.6397 3.79033 3.53711 38.0222 1422.77
205.548 57.5665 3.73223 3.30943 24.3962 1424.76
224.26 58.4133 3.77735 3.38536 20.3243 1566.71
225.482 58.2747 3.7958 3.44394 23.3377 1611.38
229.033 59.3946 3.81187 3.47198 38.6194 1600.03
197.939 55.703 3.97861 3.81986 43.9624 1685.09
200.447 56.2848 3.80329 3.45562 36.9785 1594.58
223.768 57.9616 3.75282 3.42539 29.4362 1600.66
225.424 57.4688 3.78946 3.41366 32.8939 1691.09
229.974 55.9154 3.8022 3.41628 28.1283 1967.09
228.385 55.3279 3.79577 3.45167 30.181 1983.68
218.842 64.7774 3.76896 3.38363 47.0576 808.126
211.063 63.7323 3.82847 3.39468 61.11 761.827
211.14 63.4057 3.81256 3.34685 66.577 798.191
218.547 60.1369 4.11803 3.68292 33.6743 1262.42
210.44 64.87 3.80371 3.43749 83.7746 631.46
210.174 64.8537 3.77095 3.39371 55.4848 630.433
210.782 64.5716 3.79796 3.39601 44.0507 667.613
210.554 64.5756 3.81015 3.40629 86.5645 664.661
217.507 60.403 3.7685 3.31792 35.7922 1214.64
216.296 60.3923 3.77815 3.29221 30.3751 1194.27
215.271 60.5805 3.77601 3.37994 33.9404 1157.63
217.659 60.602 3.75228 3.3214 51.5991 1196.67
216.976 61.3836 3.76196 3.31821 41.6257 1102.15
217.533 61.187 3.75803 3.34334 46.8067 1133.3
218.652 60.2994 3.76272 3.4152 41.7685 1247.62
