# evlo=205.216705 evla=69.156502
194.627 64.5646 3.77249 3.31802 92.7862 689.588
217.908 60.4896 3.75271 3.30138 26.014 1133.84
217.654 61.036 3.74596 3.35822 36.6407 1073.24
217.507 60.403 3.77744 3.30258 21.9353 1132.87
220.363 59.9534 3.75238 3.36472 35.9558 1249.67
225.144 58.5792 3.75261 3.48611 36.0622 1518.43
215.395 60.9677 3.76981 3.3305 33.0739 1027.97
209.013 64.0997 3.79208 3.40136 75.1109 588.164
209.094 59.7511 3.76468 3.37044 79.3006 1064.49
209.259 59.7417 3.76734 3.34603 112.521 1066.9
210.701 64.1732 3.79469 3.36482 51.1548 605.774
213.401 60.7277 3.76288 3.37749 53.363 1014.22
215.271 60.5805 3.76599 3.3285 52.6171 1065.21
218.244 60.7315 3.74112 3.33839 41.1473 1118.12
213.052 64.4091 3.76471 3.44866 82.6293 630.753
217.659 60.6024 3.76632 3.29714 34.1475 1116.52
217.639 60.9231 3.74603 3.3079 61.1375 1084.08
218.995 60.824 3.74735 3.36225 55.0772 1128.35
216.976 61.3836 3.75848 3.32351 53.7811 1022.13
218.049 60.1785 3.75137 3.29718 29.9484 1168.4
216.031 60.2361 3.75028 3.28439 37.2222 1116.62
218.652 60.2994 3.76126 3.34506 31.2342 1171.18
218.856 60.4399 3.76598 3.36204 42.4704 1162.43
234.753 71.9871 3.8059 3.30827 114.049 1128.43
194.656 68.2746 3.77985 3.39379 322.818 438.537
215.088 69.9175 3.80099 3.37941 220.312 394.064
216.289 69.626 3.79529 3.38586 168.413 437.63
235.93 69.3475 3.81908 3.31157 123.716 1202.21
196.917 67.6988 3.77296 3.20547 205.072 377.104
219.035 69.243 3.77793 3.2652 189.808 546.784
221.263 69.3286 3.80042 3.31119 154.697 633.419
198.174 67.082 3.78735 3.20424 215.756 372.998
214.432 68.1207 3.76329 3.20496 139.205 391.723
218.405 68.1861 3.75055 3.29077 171.013 545.228
220.465 68.6043 3.76284 3.29376 162.249 614.873
222.103 68.3889 3.77342 3.27348 143.719 685.713
223.281 66.3701 3.79668 3.37022 107.555 820.205
193.671 65.4742 3.80195 3.33312 205.117 643.03
195.352 65.7077 3.79089 3.2894 141.212 570.281
198.75 66.442 3.79891 3.25148 144.367 407.12
214.357 67.5933 3.82495 3.23316 98.3254 413.997
215.855 67.6946 3.78915 3.20069 112.972 465.424
220.128 67.6136 3.7662 3.34168 141.536 635.139
224.214 67.6106 3.77305 3.29138 164.988 796.63
226.258 67.441 3.79986 3.29967 133.938 884.7
195.961 64.9941 3.78585 3.26197 105.299 613.105
197.645 65.3936 3.77027 3.31983 167.819 530.951
199.349 65.5011 3.7496 3.2691 143.943 479.077
201.346 65.895 3.76824 3.32536 184.677 399.32
212.525 66.7004 3.80186 3.21469 61.7147 410.661
213.899 66.7653 3.85515 3.08473 43.7148 450.361
216.215 66.9498 3.82908 3.18127 73.4198 519.733
218.345 66.8088 3.80201 3.2583 92.6996 607.061
221.978 66.9116 3.78762 3.31827 98.1784 740.538
223.778 66.9808 3.7921 3.37608 104.282 807.486
225.729 66.9227 3.79353 3.34857 139.785 887.115
197.761 64.6379 3.76361 3.49662 162.411 599.58
200.087 64.937 3.79381 3.36062 102.672 520.455
201.637 65.1527 3.74657 3.2902 173.677 472.518
203.551 65.5276 3.76035 3.3077 149.284 410.973
205.119 65.4924 3.81388 3.31543 115.263 408.664
207.195 65.6571 3.72457 3.27206 113.574 399.344
208.623 65.8937 3.79694 3.31383 99.7148 391.713
210.457 65.8251 3.74464 3.1794 68.2847 433.488
212.122 65.8371 3.72465 3.3509 49.0859 472.828
214.181 66.267 3.79551 3.14476 71.6042 497.098
218.473 66.2305 3.8134 3.2275 65.1536 647.737
221.631 66.2191 3.79922 3.34202 63.5886 765.853
225.657 65.8052 3.82297 3.43384 75.4906 944.799
214.843 62.3987 3.79447 3.32267 47.5198 870.762
213.052 64.4091 3.76471 3.44866 82.6293 630.753
199.305 63.8864 3.7557 3.34185 99.0861 643.147
205.522 64.7962 3.76398 3.28258 54.0986 486.446
208.018 65.18 3.72935 3.27408 48.6524 459.657
210.64 65.1479 3.81294 3.30439 93.2501 504.655
216.846 65.3064 3.82966 3.39046 55.2418 659.064
218.385 65.6035 3.80139 3.23487 49.2417 688.214
220.064 65.4483 3.8009 3.28132 58.8005 758.68
221.694 65.3609 3.78192 3.31708 60.695 823.73
223.623 65.2225 3.7888 3.34948 64.8227 904.454
199.398 63.2842 3.77251 3.37702 121.006 704.523
200.922 63.3965 3.79179 3.40739 157.569 670.238
203.285 63.465 3.79135 3.34038 89.5204 640.475
204.379 63.994 3.80132 3.37058 86.245 576.884
205.853 64.1767 3.74763 3.3825 85.963 556.036
214.63 64.613 3.75738 3.33313 82.2002 651.968
216.436 64.5012 3.75736 3.46422 52.5946 713.749
221.784 64.453 3.89566 3.45089 33.2125 893.039
221.784 64.4525 3.84211 3.3033 29.8123 893.056
223.67 64.5753 3.80931 3.31927 61.416 951.426
198.469 62.2938 3.75034 3.39853 94.4625 824.339
201.699 62.7161 3.79982 3.36508 131.978 735.48
205.93 63.3569 3.77623 3.46286 107.861 647.5
214.222 63.8036 3.81526 3.47148 65.8891 717.635
217.924 64.0292 3.75705 3.53125 57.9145 799.89
222.48 63.8433 3.84544 3.27343 53.7647 964.736
197.317 61.3416 3.74148 3.4667 117.262 944.529
198.513 61.678 3.77207 3.39806 104.801 888.813
200.525 61.7105 3.80867 3.39719 103.06 857.679
201.703 62.1344 3.79795 3.36362 87.5782 799.183
203.311 62.2195 3.78415 3.39888 95.9589 778.335
205.146 62.1816 3.76307 3.4416 64.9686 777.72
206.12 62.4787 3.7701 3.47123 63.5629 745.726
216.652 63.0254 3.78455 3.34402 45.4727 854.508
218.173 63.0618 3.77454 3.47478 55.5459 893.574
221.871 63.109 3.77157 3.47954 21.959 1004.36
196.65 60.4135 3.75889 3.53738 163.222 1054.11
198.04 60.7515 3.78624 3.42414 102.557 994.972
199.312 60.6947 3.8003 3.4168 70.427 982.807
201.041 61.0224 3.80039 3.43474 93.9592 927.376
202.562 61.4009 3.79899 3.43275 63.9204 873.343
204.176 61.4907 3.76435 3.42516 77.9239 856.053
205.609 61.9037 3.76953 3.47466 64.4179 808.883
206.868 61.8823 3.75885 3.34401 82.9303 814.584
213.825 62.1067 3.75699 3.45471 55.6217 878.491
217.004 62.4013 3.76572 3.32846 57.2041 923.34
218.122 62.3579 3.76826 3.41 59.2975 957.527
221.538 62.4435 3.78065 3.45583 19.6323 1051.11
223.206 62.5763 3.79972 3.44587 32.8922 1093.69
198.315 59.9237 3.79295 3.37569 94.0974 1079.66
199.908 60.1686 3.81779 3.44445 96.4532 1032.68
201.231 60.4742 3.80831 3.43028 80.6742 985.803
202.813 60.5269 3.77768 3.42493 76.0773 968.655
204.11 60.6801 3.77745 3.43859 73.563 946.445
207.791 61.2001 3.7424 3.39627 76.908 895.06
222.911 61.4593 3.78137 3.48455 58.479 1182.12
224.22 61.4862 3.76977 3.46769 38.287 1221.56
198.736 59.2533 3.82564 3.40842 76.728 1146.47
200.175 59.1767 3.81061 3.41036 75.6541 1138.29
201.907 59.5938 3.79295 3.44037 98.7592 1077.58
202.905 59.7733 3.7643 3.44007 62.0227 1051.78
204.792 59.8542 3.78439 3.51739 58.3443 1037.25
207.376 60.0815 3.73681 3.38041 80.4201 1016.83
210.276 60.4814 3.78878 3.28117 34.8347 995.751
219.809 60.7718 3.74989 3.44241 50.4126 1155.19
221.424 60.3024 3.73875 3.42425 43.7409 1245.2
223.909 60.7704 3.78928 3.49581 55.4539 1275.85
202.009 59.0314 3.77649 3.44698 91.2034 1139.12
203.561 59.1953 3.76636 3.49933 55.8275 1113.27
204.771 59.3922 3.79534 3.52356 52.1344 1088.73
206.768 59.6524 3.74406 3.32525 80.3306 1062.09
222.262 59.6304 3.75867 3.44975 50.9165 1333.45
223.04 60.1218 3.74542 3.28077 17.4788 1309.34
226.285 59.5898 3.82922 3.59136 50.1256 1459.1
227.183 60.2114 3.7696 3.48374 38.6775 1432.07
212.566 65.1171 3.71318 3.43758 77.0716 551.088
203.344 58.6774 3.78072 3.51103 91.4184 1171.62
204.113 58.2637 3.78575 3.54754 63.6264 1215.4
206.355 58.9287 3.74295 3.31496 46.6325 1141.46
207.606 58.6097 3.73625 3.41993 83.8449 1181.31
213.66 59.4296 3.75725 3.44169 41.403 1156.33
227.731 58.9601 3.81951 3.5117 26.8209 1563.53
202.426 57.5673 3.77699 3.48085 75.7152 1298.99
203.613 57.6397 3.79028 3.64739 35.4872 1286.12
205.548 57.5665 3.73739 3.33832 50.8004 1291.98
224.26 58.4133 3.76058 3.46509 24.7793 1508.26
225.482 58.2747 3.75009 3.4851 34.0564 1557.67
229.033 59.3946 3.77821 3.49967 43.2085 1567.03
197.939 55.703 3.966 3.79508 27.6465 1543.22
200.447 56.2848 3.79656 3.46712 78.2672 1454.14
223.768 57.9616 3.78323 3.44899 45.3662 1538.15
225.424 57.4688 3.77477 3.44109 33.6729 1633.75
227.048 56.8144 3.7788 3.55304 25.3084 1745.38
212.138 64.8735 3.75012 3.43178 29.5359 564.22
226.879 56.1146 3.79047 3.498 43.0857 1808.71
229.974 55.9154 3.76923 3.43745 45.2005 1922.22
228.385 55.3279 3.79619 3.54786 32.2751 1930.54
218.842 64.7774 3.81618 3.31454 36.904 766.971
227.653 56.4191 3.78725 3.4984 45.6899 1801.97
209.931 62.7622 3.71035 2.43258 37.6533 744.007
218.547 60.1369 3.73965 3.70083 52.4453 1184.73
210.84 64.6544 3.81392 3.27825 24.1838 558.691
210.867 64.709 3.8016 3.29932 46.8813 553.634
210.853 64.7716 3.81733 3.27083 36.2561 546.992
210.847 64.8338 3.81906 3.26291 44.1349 540.547
210.819 64.8857 3.80881 3.28273 46.3168 534.721
210.44 64.87 3.83668 3.2922 61.5998 529.075
210.174 64.8537 3.81023 3.26965 56.4717 525.922
210.069 64.7653 3.8316 3.30476 76.5651 533.249
210.917 64.5498 3.80629 3.28292 38.8835 570.845
210.782 64.5716 3.79193 3.26987 45.734 566.069
210.901 64.613 3.81162 3.27594 44.5515 564.075
211.172 64.6917 3.81076 3.28327 65.1459 561.399
217.908 60.4896 3.75271 3.30138 26.014 1133.84
217.507 60.403 3.77744 3.30258 21.9353 1132.87
215.271 60.5805 3.76599 3.3285 52.6171 1065.21
218.244 60.7315 3.74112 3.33839 41.1473 1118.12
217.659 60.602 3.76641 3.29723 34.1475 1116.55
217.639 60.9231 3.74601 3.30788 61.1375 1084.08
218.995 60.8241 3.74732 3.36223 55.0772 1128.34
216.976 61.3836 3.75848 3.32351 53.7811 1022.13
218.049 60.1785 3.75137 3.29718 29.9484 1168.4
216.031 60.2361 3.75028 3.28439 37.2222 1116.62
218.652 60.2994 3.76126 3.34506 31.2342 1171.18
218.856 60.4399 3.76598 3.36204 42.4704 1162.43
