# evlo=201.884903 evla=68.494598
194.627 64.5646 3.78304 3.378 112.041 543.503
217.908 60.4896 3.7419 3.50514 32.9193 1171.71
217.654 61.036 3.74108 3.34639 42.6602 1113.64
218.338 61.0595 3.72492 3.35823 48.1642 1133.02
220.363 59.9534 3.74612 3.36085 56.8743 1298.02
216.3 60.3932 3.74812 3.36846 51.0394 1133.19
225.144 58.5792 3.80624 3.38753 23.7362 1581.69
216.716 60.1205 3.73478 3.32993 42.2864 1171.12
209.013 64.0997 3.77549 3.31334 53.5032 584.424
209.094 59.7511 3.73243 3.24393 54.9884 1034.39
209.259 59.7417 3.74699 3.13007 34.297 1038.07
210.701 64.1732 3.7984 3.482 48.6488 621.924
208.846 60.7683 3.76632 3.25511 31.0722 922.103
212.195 64.6453 3.70636 3.41492 61.7119 626.008
204.378 55.8218 3.74236 3.43292 35.6294 1418
200.411 54.831 3.79397 3.49344 80.1282 1524.53
207.685 63.8827 3.79521 3.32896 52.3876 576.323
208.763 59.5251 3.76316 3.30587 55.7051 1053.42
209.796 67.2269 3.80829 3.20381 150.374 361.308
216.907 60.7523 3.73365 3.39816 44.4081 1117.07
218.66 60.9649 3.73569 3.33884 68.7065 1151.81
209.738 62.4058 3.76169 3.33889 56.6874 769.056
213.401 60.7277 3.79302 3.28433 78.6545 1022.78
215.271 60.5805 3.74687 3.3238 42.4589 1086.39
218.244 60.7315 3.7355 3.36676 66.7911 1159.82
213.052 64.4091 3.72239 3.40365 54.6866 673.19
216.749 60.4427 3.74786 3.3999 49.8293 1141.47
217.639 60.9231 3.73222 3.37845 59.1026 1123.51
218.995 60.824 3.74126 3.3418 67.883 1175.23
216.976 61.3836 3.72122 3.34159 56.4005 1060.98
211.063 63.7318 3.77408 3.41473 86.6658 672.497
217.533 61.1871 3.73181 3.35021 59.4915 1096.12
218.652 60.2994 3.72678 3.3732 37.2538 1212.19
211.14 63.4056 3.78612 3.45095 77.5879 705.041
219.217 60.1294 3.73563 3.41843 48.0399 1245.47
218.856 60.4399 3.73432 3.4049 34.7937 1205.64
216.546 61.2275 3.72638 3.41968 77.2987 1062.13
212.138 64.8736 3.7326 3.38038 51.7259 605.542
211.299 69.72 3.79017 3.27629 214.537 398.484
215.088 69.9175 3.80524 3.2535 195.651 545.597
216.289 69.626 3.79676 3.357 123.077 586.926
235.93 69.3475 3.81418 3.30855 100.026 1352.59
211.177 69.1532 3.73705 3.23856 270.735 381.479
213.625 69.322 3.75696 3.31648 262.977 479.831
219.035 69.243 3.78477 3.20794 141.483 692.977
221.263 69.3286 3.78698 3.18839 117.345 780.634
211.513 68.0748 3.7538 3.27575 167.621 400.046
214.432 68.1207 3.75215 3.20306 124.347 518.532
218.405 68.1861 3.73561 3.21375 121.938 679.549
220.465 68.6043 3.76777 3.27154 165.902 755.807
222.103 68.3889 3.77023 3.26426 155.748 825.769
223.281 66.3701 3.78333 3.33162 94.4694 941.485
193.671 65.4742 3.7896 3.31399 255.111 491.202
195.352 65.7077 3.79604 3.32215 186.805 420.452
212.113 67.5187 3.7614 3.16869 161.67 440.693
214.357 67.5933 3.74258 3.24129 128.546 529.259
215.855 67.6946 3.74426 3.22058 157.626 587.329
220.128 67.6136 3.74899 3.26914 161.52 764.612
224.214 67.6106 3.76715 3.27144 201.466 931.682
226.258 67.441 3.79186 3.31254 143.088 1020.63
195.961 64.9941 3.7721 3.42247 127.213 469.191
197.645 65.3936 3.7492 3.32359 125 392.163
209.976 66.7108 3.8053 3.21495 91.9684 397.106
212.525 66.7004 3.82167 3.21048 126.792 494.118
213.899 66.7653 3.7985 3.22426 106.01 544.584
216.215 66.9498 3.7613 3.29414 132.967 628.855
218.345 66.8088 3.76814 3.33085 131.243 721.139
221.978 66.9116 3.76529 3.30429 138.119 865.033
223.778 66.9808 3.77553 3.32293 179.002 935.993
225.729 66.9227 3.77971 3.33704 153.303 1018.1
197.761 64.6379 3.80294 3.41808 144.435 467.185
200.087 64.937 3.7764 3.33777 158.283 404.543
201.637 65.1527 3.76559 3.45858 143.706 372.844
205.119 65.4924 3.80043 3.3613 116.571 363.217
207.195 65.6571 3.73275 3.4184 94.2856 391.444
208.623 65.8937 3.75881 3.26764 45.6049 410.848
210.457 65.8251 3.81137 3.26921 46.2378 475.333
212.122 65.8371 3.82681 3.30083 65.6119 532.399
214.181 66.267 3.8327 3.21641 75.4928 582.166
218.473 66.2305 3.782 3.32451 90.751 753.409
221.631 66.2191 3.78153 3.34564 98.8804 881.414
225.657 65.8052 3.80149 3.35472 84.2618 1065.67
214.843 62.3987 3.73625 3.36947 55.6452 903.753
213.052 64.4091 3.72239 3.40365 54.6866 673.19
199.305 63.8864 3.76499 3.4686 111.669 526.733
205.522 64.7962 3.79451 3.2454 79.8877 442.54
208.018 65.18 3.76774 3.40362 67.0444 456.89
210.64 65.1479 3.77379 3.29671 58.4272 535.072
216.846 65.3064 3.8264 3.38068 70.4915 742.826
218.385 65.6035 3.78678 3.34814 81.0209 784.164
220.064 65.4483 3.7791 3.36896 73.1877 859.448
221.694 65.3609 3.78952 3.39739 104.671 929.288
223.623 65.2225 3.80421 3.41989 74.9473 1014.53
196.446 62.7492 3.76691 3.48054 98.1878 687.265
199.398 63.2842 3.79212 3.4388 178.428 591.831
200.922 63.3965 3.77246 3.36632 93.5514 570.136
203.285 63.465 3.7626 3.47722 85.4935 564.392
204.379 63.994 3.74819 3.35698 89.2224 514.135
205.853 64.1767 3.79794 3.36523 72.5575 513.028
214.63 64.613 3.79547 3.32254 47.6612 710.406
216.436 64.5012 3.84378 3.32969 77.8242 783.073
221.784 64.453 3.78776 3.39207 46.8644 988.596
221.784 64.4525 3.79748 3.33864 59.3939 988.606
223.67 64.5753 3.80278 3.39364 114.806 1055.05
195.344 61.9331 3.7558 3.58031 113.064 791.995
198.469 62.2938 3.79513 3.47698 158.612 709.099
201.699 62.7161 3.75886 3.40037 81.4064 644.365
205.93 63.3569 3.76952 3.38115 89.0033 601.455
214.222 63.8036 3.75939 3.51762 51.0113 761.511
217.924 64.0292 3.83682 3.32335 48.7178 871.954
222.48 63.8433 3.81163 3.32793 80.5483 1056.61
197.317 61.3416 3.80242 3.47095 121.021 825.711
198.513 61.678 3.81064 3.44348 127.617 776.077
200.525 61.7105 3.78188 3.41216 111.405 759.028
201.703 62.1344 3.76837 3.39388 79.1804 709.19
203.311 62.2195 3.77118 3.49409 63.7209 702.751
205.146 62.1816 3.77654 3.35055 90.48 719.829
206.12 62.4787 3.75973 3.41366 80.3784 698.461
216.652 63.0254 3.76013 3.48598 46.6089 906.844
218.173 63.0618 3.7813 3.43986 33.8302 955.886
221.871 63.109 3.81928 3.3468 35.0315 1086.36
193.799 60.3849 3.79431 3.61033 95.7689 982.475
196.65 60.4135 3.79863 3.43326 70.7782 934.668
198.04 60.7515 3.81784 3.43772 89.4367 882.2
199.312 60.6947 3.79736 3.4423 106.146 878.071
201.041 61.0224 3.77941 3.40686 95.879 834.009
202.562 61.4009 3.74729 3.5337 86.3234 791.519
204.176 61.4907 3.78647 3.39073 50.2654 788.186
205.609 61.9037 3.75711 3.39731 75.1152 754.911
209.88 61.7531 3.7843 3.3067 37.2323 838.605
212.274 61.7929 3.78069 3.33054 50.6788 889.57
217.004 62.4013 3.75055 3.45638 81.3152 971.538
218.122 62.3579 3.77242 3.46894 67.3999 1012.36
223.206 62.5763 3.80988 3.36559 38.9118 1176.62
225.609 62.2024 3.82044 3.35006 46.4924 1295.93
198.315 59.9237 3.81223 3.45624 90.4619 970.677
199.908 60.1686 3.79026 3.42947 100.664 932.981
201.231 60.4742 3.76149 3.47114 68.788 894.683
204.11 60.6801 3.7783 3.34166 44.8841 877.555
205.516 60.8132 3.77097 3.41119 70.8152 873.397
215.402 61.6061 3.73089 3.38791 64.0105 993.051
222.911 61.4593 3.79098 3.48828 36.5556 1254.44
224.22 61.4862 3.80925 3.42561 21.7163 1299.89
226.918 61.1512 3.80735 3.41152 24.8806 1427.27
198.736 59.2533 3.81797 3.44971 102.463 1041.39
200.175 59.1767 3.77909 3.46125 89.1743 1042
201.907 59.5938 3.77112 3.50328 89.1474 992.232
204.792 59.8542 3.74187 3.39839 57.493 973.268
205.68 60.1952 3.74929 3.44384 50.7131 942.788
207.376 60.0815 3.79674 3.40355 61.8559 973.932
210.276 60.4814 3.76529 3.35083 38.3819 978.16
219.809 60.7718 3.74201 3.2802 47.293 1206.33
223.909 60.7704 3.77663 3.4641 56.7943 1347.53
202.009 59.0314 3.78178 3.54183 104.937 1054.9
203.561 59.1953 3.77212 3.42945 49.1124 1039.8
204.771 59.3922 3.7387 3.40642 52.7296 1024.23
206.768 59.6524 3.79953 3.47902 57.1075 1013.33
212.597 59.9979 3.80035 3.51582 62.9581 1076.85
222.262 59.6304 3.76973 3.31768 37.335 1389.55
223.04 60.1218 3.79286 3.49893 39.8689 1372.49
226.285 59.5898 3.78192 3.5218 53.7725 1533.13
212.566 65.1171 3.76918 3.33471 53.4745 600.655
203.344 58.6774 3.79342 3.43475 41.9178 1096.64
204.113 58.2637 3.74851 3.40901 42.7065 1145.64
204.991 58.6484 3.73351 3.46072 39.4946 1107.99
206.355 58.9287 3.78154 3.43819 53.1954 1088.28
207.606 58.6097 3.80161 3.39609 42.3237 1136.79
213.66 59.4296 3.79688 3.33722 49.2642 1159.17
227.731 58.9601 3.79037 3.52963 48.8232 1639.63
202.426 57.5673 3.80363 3.56759 47.1453 1218.25
205.548 57.5665 3.75056 3.47944 68.6822 1231.54
224.26 58.4133 3.75782 3.41581 22.4213 1566.62
229.033 59.3946 3.8022 3.22802 17.7966 1650.44
200.447 56.2848 3.78074 3.5323 92.097 1362.72
223.768 57.9616 3.75209 3.43379 45.8343 1591.76
225.424 57.4688 3.75885 3.48068 42.8197 1692.34
226.879 56.1146 3.76603 3.47616 33.0808 1867.2
228.385 55.3279 3.76827 3.49638 33.1008 1991.87
218.842 64.7774 3.80635 3.39427 75.1013 853.562
227.653 56.4191 3.77071 3.46258 32.4894 1865.02
209.931 62.7622 3.12968 2.3691 78.2838 737.516
211.063 63.7323 3.77391 3.41457 86.6658 672.466
211.14 63.4057 3.78611 3.45094 77.5879 705.038
218.547 60.1369 3.77635 3.74709 43.9645 1223.97
210.84 64.6544 3.7142 3.41853 31.6792 583.171
210.867 64.709 3.71448 3.43567 35.2466 579.249
210.853 64.7716 3.70436 3.38146 23.2371 573.444
210.847 64.8338 3.714 3.36573 18.6486 567.927
210.819 64.8857 3.7308 3.36624 20.9905 562.638
210.44 64.87 3.75114 3.41044 53.5203 552.502
210.174 64.8537 3.74082 3.41151 50.6469 546.027
210.069 64.7653 3.74446 3.49372 74.9194 550.749
210.917 64.5498 3.72522 3.41201 50.4265 594.57
210.782 64.5716 3.73553 3.47437 41.6188 588.665
210.554 64.5756 3.7511 3.54927 59.7175 581.623
210.901 64.613 3.72373 3.43094 44.1993 588.576
211.172 64.6917 3.70485 3.39187 36.649 590.007
217.908 60.4896 3.7419 3.50514 32.9193 1171.71
218.338 61.0595 3.72493 3.35824 48.1642 1133.03
216.296 60.3923 3.74809 3.36843 51.0394 1133.18
216.716 60.1205 3.73478 3.32993 42.2864 1171.12
215.271 60.5805 3.74687 3.3238 42.4589 1086.39
218.244 60.7315 3.7355 3.36676 66.7911 1159.82
216.749 60.4427 3.74786 3.3999 49.8293 1141.47
217.639 60.9231 3.7322 3.37843 59.1026 1123.5
218.995 60.8241 3.74123 3.34178 67.883 1175.22
216.976 61.3836 3.72122 3.34159 56.4005 1060.98
217.533 61.187 3.73186 3.35025 59.4915 1096.14
218.652 60.2994 3.72678 3.3732 37.2538 1212.19
219.217 60.1294 3.73563 3.41843 48.0399 1245.47
218.856 60.4399 3.73432 3.4049 34.7937 1205.64
216.546 61.2275 3.72638 3.41968 77.2987 1062.13
