# evlo=208.186798 evla=68.1343
194.627 64.5646 3.78721 3.41432 172.571 723.731
217.654 61.036 3.74593 3.39428 40.4461 909.828
217.507 60.403 3.75745 3.307 26.9935 970.658
218.338 61.0595 3.74585 3.41999 42.1288 923.896
220.363 59.9534 3.74158 3.43689 35.5119 1084.57
216.3 60.3932 3.76212 3.37405 40.9107 946.508
225.144 58.5792 3.74815 3.39415 31.8424 1352.42
216.716 60.1205 3.78428 3.35104 34.089 983.137
215.395 60.9677 3.75371 3.39313 49.3813 869.215
209.013 64.0997 3.73224 3.29308 62.9871 451.429
209.094 59.7511 3.72022 3.27311 50.1437 935.551
209.259 59.7417 3.72088 3.29345 58.1904 937.006
210.701 64.1732 3.72505 3.35358 81.4981 455.946
208.846 60.7683 3.73556 3.27807 60.7269 821.787
207.916 63.4188 3.7843 3.57339 90.7216 525.941
212.195 64.6453 3.80568 3.57447 110.342 428.145
204.378 55.8218 3.7843 3.50682 24.7118 1385.95
200.411 54.831 3.80427 3.49354 37.2253 1536.39
207.685 63.8827 3.80102 3.41379 88.7911 474.627
208.763 59.5251 3.71123 3.25617 64.6215 960.105
216.907 60.7523 3.74885 3.35751 38.0753 921.902
218.66 60.9649 3.73929 3.35817 47.4601 941.257
209.738 62.4058 3.70893 3.337 56.0419 642.746
214.225 61.1292 3.76632 3.3303 45.3723 831.717
215.93 63.6482 3.76244 3.53263 75.6166 611.326
215.271 60.5805 3.75998 3.43567 43.9682 907.606
218.244 60.7315 3.74942 3.39606 46.6552 954.325
213.052 64.4091 3.76793 3.41859 83.9025 469.059
217.659 60.6024 3.74793 3.28828 47.1416 953.752
216.749 60.4427 3.77589 3.32734 52.5047 950.425
217.639 60.9231 3.74059 3.39159 58.2646 920.858
218.995 60.824 3.74262 3.36958 42.9486 963.606
216.976 61.3836 3.75593 3.35445 55.4817 859.217
211.063 63.7318 3.76476 3.43017 92.7747 507.927
216.031 60.2361 3.76489 3.45652 46.333 957.735
217.533 61.1871 3.74737 3.3699 60.1306 891.828
218.652 60.2994 3.7413 3.4282 21.6467 1007.43
211.14 63.4056 3.76177 3.45261 90.4789 544.192
219.217 60.1294 3.74531 3.39178 49.5734 1038.13
216.221 60.072 3.78467 3.43823 36.4693 978.525
218.856 60.4399 3.73124 3.39511 42.4364 998.26
212.138 64.8736 3.7548 3.5318 116.155 403.729
198.929 70.2043 3.78548 3.12686 56.2766 433.417
203.383 71.3221 3.80561 3.4353 99.6404 400.981
198.198 69.3641 3.87033 3.17837 101.315 426.258
194.656 68.2746 3.78651 3.25868 136.89 559.957
196.822 68.4753 3.79107 3.24715 110.774 469.882
198.806 68.6483 3.81567 3.23254 177.188 389.541
216.289 69.626 3.83268 3.10967 151.295 365.555
235.93 69.3475 3.82693 3.29787 120.463 1121.28
196.917 67.6988 3.75598 3.20429 188.088 474.836
219.035 69.243 3.76377 3.13387 201.325 456.536
221.263 69.3286 3.76266 3.15824 151.708 544.909
198.174 67.082 3.75531 3.34396 164.808 441.154
199.397 67.4213 3.7408 3.33802 272.544 379.188
218.405 68.1861 3.70973 3.30886 233.829 423.935
220.465 68.6043 3.75183 3.31104 150.741 507.155
222.103 68.3889 3.7731 3.32809 216.304 574.896
223.281 66.3701 3.78288 3.36168 152.045 678.655
193.671 65.4742 3.77102 3.51737 205.891 701.618
195.352 65.7077 3.76125 3.44448 161.014 621.915
198.75 66.442 3.75229 3.28795 144.25 447.818
200.349 66.6001 3.76672 3.35552 131.757 377.352
220.128 67.6136 3.71656 3.29313 171.571 504.667
224.214 67.6106 3.75822 3.34586 158.165 674.56
226.258 67.441 3.79264 3.40344 230.605 763.812
195.961 64.9941 3.77058 3.35022 145.285 644.259
197.645 65.3936 3.76696 3.28787 138.122 554.745
199.349 65.5011 3.77416 3.30911 132.334 486.186
201.346 65.895 3.79754 3.27565 146.867 388.598
216.215 66.9498 3.75457 3.3014 187.148 366.658
218.345 66.8088 3.7616 3.33456 157.011 458.337
221.978 66.9116 3.75932 3.36436 154.611 602.817
223.778 66.9808 3.76604 3.37416 187.82 674.91
225.729 66.9227 3.78012 3.40231 162.32 757.941
197.761 64.6379 3.81612 3.45174 108.609 606.418
200.087 64.937 3.80557 3.35506 142.391 505.955
201.637 65.1527 3.82087 3.43651 86.2469 440.671
218.473 66.2305 3.77761 3.29721 154.706 492.573
221.631 66.2191 3.77197 3.40902 125.093 618.603
225.657 65.8052 3.81276 3.37712 96.7543 802.766
214.843 62.3987 3.75158 3.5007 46.7433 710.136
213.052 64.4091 3.76793 3.41859 83.9025 469.059
199.305 63.8864 3.76781 3.44294 112.87 620.799
205.522 64.7962 3.81899 3.27631 87.5018 390.653
216.846 65.3064 3.83651 3.34907 95.0949 494.637
218.385 65.6035 3.8082 3.45216 102.996 527.877
220.064 65.4483 3.80113 3.332 90.2608 600.902
221.694 65.3609 3.78977 3.40129 92.0288 668.902
223.623 65.2225 3.79621 3.4161 81.7752 752.85
196.446 62.7492 3.7673 3.51073 116.697 808.096
199.398 63.2842 3.81075 3.56658 140.989 673.467
200.922 63.3965 3.78109 3.46971 98.1892 623.508
203.285 63.465 3.75327 3.46815 151.142 566.505
204.379 63.994 3.74782 3.44645 118.997 492.62
205.853 64.1767 3.7993 3.43739 161.208 453.619
214.63 64.613 3.71095 3.48662 73.7625 486.604
216.436 64.5012 3.81897 3.29054 48.7418 547.726
221.784 64.453 3.79875 3.3747 65.8083 733.058
221.784 64.4525 3.80953 3.41537 62.0792 733.072
223.67 64.5753 3.78991 3.40357 92.5263 795.634
195.344 61.9331 3.78382 3.56838 85.0839 915.193
198.469 62.2938 3.8045 3.45779 99.9251 792.304
201.699 62.7161 3.76944 3.44607 102.551 674.219
205.93 63.3569 3.81532 3.40677 115.502 542.564
214.222 63.8036 3.76502 3.45003 86.6542 554.818
222.48 63.8433 3.8366 3.40784 96.6294 803.421
197.317 61.3416 3.82159 3.51569 79.1792 914.562
200.525 61.7105 3.76279 3.51818 87.0073 801.338
201.703 62.1344 3.78363 3.47484 86.0038 734.014
203.311 62.2195 3.79297 3.52958 179.648 697.407
205.146 62.1816 3.80348 3.45265 108.745 678.637
206.12 62.4787 3.81946 3.44365 95.8348 637.812
216.652 63.0254 3.7851 3.46535 52.2059 689.439
218.173 63.0618 3.75717 3.51669 64.1635 727.578
221.871 63.109 3.84986 3.34638 16.2111 840.228
193.799 60.3849 3.79694 3.53216 115.397 1104.74
196.65 60.4135 3.80522 3.46532 83.3784 1022.67
198.04 60.7515 3.79788 3.54609 80.0973 954.466
199.312 60.6947 3.77666 3.51644 94.7803 931.129
201.041 61.0224 3.77701 3.47131 125.94 862.337
202.562 61.4009 3.79311 3.52182 141.611 796.194
204.176 61.4907 3.80593 3.44948 94.0124 764.409
205.609 61.9037 3.80803 3.44242 106.283 705.062
206.868 61.8823 3.83416 3.46561 101.628 699.776
209.88 61.7531 3.70341 3.36794 54.3943 715.864
213.825 62.1067 3.76247 3.3222 45.5308 721.619
217.004 62.4013 3.78203 3.34859 82.4364 758.765
218.122 62.3579 3.77837 3.45198 80.4017 791.983
223.206 62.5763 3.82399 3.44824 24.2073 929.881
225.609 62.2024 3.84748 3.41276 39.284 1044.67
198.315 59.9237 3.78358 3.57808 95.5043 1031.85
199.908 60.1686 3.7688 3.53022 84.7702 973.165
201.231 60.4742 3.78923 3.53271 109.79 916.571
202.813 60.5269 3.81246 3.48728 116.604 886.185
204.11 60.6801 3.79986 3.46741 107.533 853.486
205.516 60.8132 3.81571 3.5231 88.2503 826.036
207.791 61.2001 3.76046 3.32118 55.1209 773.298
215.402 61.6061 3.7464 3.43429 56.8775 802.952
222.911 61.4593 3.76691 3.55002 52.344 1016.59
224.22 61.4862 3.76478 3.45639 43.011 1056.92
198.736 59.2533 3.7781 3.57528 125.206 1091.96
200.175 59.1767 3.80408 3.50314 80.0737 1072.4
201.907 59.5938 3.79005 3.46838 106.347 999.638
202.905 59.7733 3.7992 3.49553 93.1917 966.468
204.792 59.8542 3.79057 3.5275 63.741 937.514
205.68 60.1952 3.80552 3.51341 39.4782 893.217
210.276 60.4814 3.71232 3.40956 71.2734 858.998
219.809 60.7718 3.73167 3.40897 57.5141 989.834
221.424 60.3024 3.75534 3.37954 71.2028 1079.33
223.909 60.7704 3.78557 3.52873 62.7107 1110.3
190.452 56.6011 3.7998 3.58043 30.5553 1567.09
202.009 59.0314 3.80315 3.47753 81.9047 1058.79
203.561 59.1953 3.80583 3.52039 77.4701 1021.73
204.771 59.3922 3.79771 3.48561 62.7383 988.597
206.768 59.6524 3.81258 3.49961 49.86 948.016
222.262 59.6304 3.74615 3.46883 52.4327 1167.56
223.04 60.1218 3.79366 3.43311 28.036 1143.31
226.285 59.5898 3.81374 3.60063 64.6747 1293.93
227.183 60.2114 3.76563 3.5261 25.5431 1268.22
212.566 65.1171 3.73499 3.41955 71.8488 388.165
203.344 58.6774 3.80253 3.53525 78.4947 1080.73
204.113 58.2637 3.78451 3.52459 67.2737 1118.54
204.991 58.6484 3.79846 3.49127 52.965 1069
206.355 58.9287 3.79317 3.47915 72.9839 1030.06
207.606 58.6097 3.7347 3.22246 43.1823 1062.06
202.426 57.5673 3.79209 3.55794 54.0743 1212.49
203.613 57.6397 3.79306 3.48016 47.5415 1191.82
205.548 57.5665 3.77177 3.4659 30.0637 1185.23
224.26 58.4133 3.76274 3.50081 35.5617 1342.25
225.482 58.2747 3.76495 3.42019 30.5562 1391.66
229.033 59.3946 3.75524 3.56772 45.1727 1403.74
197.939 55.703 3.7897 3.53294 57.0864 1481.67
200.447 56.2848 3.80225 3.48016 30.7414 1378.09
225.424 57.4688 3.77948 3.55619 32.8325 1467.72
227.048 56.8144 3.77169 3.54857 24.8674 1579.37
212.138 64.8735 3.7216 3.52071 55.9755 403.735
226.879 56.1146 3.7835 3.52047 44.7255 1642.67
228.385 55.3279 3.78785 3.56079 32.7878 1764.52
218.842 64.7774 3.82883 3.51305 104.379 603.539
227.653 56.4191 3.78702 3.56048 30.6266 1635.98
211.063 63.7323 3.76441 3.42985 92.7747 507.881
211.14 63.4057 3.76173 3.45258 90.4789 544.187
218.547 60.1369 4.23127 3.86831 43.8713 1021.32
210.84 64.6544 3.77421 3.34943 50.8752 405.689
210.867 64.709 3.77888 3.35198 66.6827 400.189
210.853 64.7716 3.78339 3.26398 50.7005 393.306
210.847 64.8338 3.75539 3.39703 47.37 386.57
210.819 64.8857 3.75182 3.41813 68.8163 380.64
210.44 64.87 3.7634 3.31693 92.1415 377.519
210.174 64.8537 3.75733 3.2319 67.5215 376.337
210.069 64.7653 3.74459 3.20647 110.276 384.914
210.917 64.5498 3.76894 3.33563 72.8118 417.906
210.782 64.5716 3.76071 3.28237 60.6621 413.843
210.554 64.5756 3.76062 3.19824 85.1461 410.678
210.901 64.613 3.77559 3.34335 77.3466 410.917
211.172 64.6917 3.78988 3.47417 93.453 406.282
217.507 60.403 3.75745 3.307 26.9935 970.658
218.338 61.0595 3.74586 3.42 42.1288 923.899
216.296 60.3923 3.76223 3.37415 40.9107 946.535
216.716 60.1205 3.78428 3.35104 34.089 983.137
215.271 60.5805 3.75998 3.43567 43.9682 907.606
218.244 60.7315 3.74942 3.39606 46.6552 954.325
217.659 60.602 3.74805 3.28838 47.1416 953.782
216.749 60.4427 3.77589 3.32734 52.5047 950.425
217.639 60.9231 3.74057 3.39157 58.2646 920.854
218.995 60.8241 3.74258 3.36954 42.9486 963.596
216.976 61.3836 3.75593 3.35445 55.4817 859.217
216.031 60.2361 3.76489 3.45652 46.333 957.735
217.533 61.187 3.74743 3.36996 60.1306 891.842
218.652 60.2994 3.7413 3.4282 21.6467 1007.43
219.217 60.1294 3.74531 3.39178 49.5734 1038.13
216.221 60.072 3.78467 3.43823 36.4693 978.525
218.856 60.4399 3.73124 3.39511 42.4364 998.26
209.518 60.7352 3.68996 3.28888 22.887 827.313
209.518 60.7351 3.69002 3.28893 22.887 827.326
