# evlo=220.465103 evla=68.604301
194.627 64.5646 3.77671 3.40923 101.536 1220.25
217.908 60.4896 3.82476 3.41687 46.1755 912.742
217.654 61.036 3.80934 3.43463 39.9903 854.056
217.507 60.403 3.80084 3.42134 56.0779 925.028
218.338 61.0595 3.82159 3.40026 42.2767 847.075
220.363 59.9534 3.80364 3.53001 48.8314 964.418
216.3 60.3932 3.79517 3.42667 51.3475 936.51
216.716 60.1205 3.78701 3.43274 69.9643 962.524
215.395 60.9677 3.74803 3.37267 94.4298 884.146
209.013 64.0997 3.8343 3.62593 109.871 715.763
209.094 59.7511 3.77147 3.38368 73.3694 1127.17
209.259 59.7417 3.77512 3.37131 78.0729 1124.35
210.701 64.1732 3.83056 3.51363 64.3954 657.867
208.846 60.7683 3.78576 3.38564 52.7099 1031
207.916 63.4188 3.83538 3.55668 77.2149 808.746
212.195 64.6453 3.84485 3.60443 116.257 572.703
204.378 55.8218 3.7756 3.40013 48.4464 1640.77
207.685 63.8827 3.85602 3.61398 140.724 776.738
208.763 59.5251 3.77253 3.35025 75.5584 1157.8
209.796 67.2269 3.80108 3.30137 105.539 472.712
216.907 60.7523 3.7971 3.36916 53.8914 891.349
218.66 60.9649 3.8182 3.40527 53.2288 855.926
209.738 62.4058 3.81697 3.52518 62.8926 848.449
217.513 60.0823 3.80991 3.41272 47.1397 960.423
212.624 63.0753 3.78584 3.50623 111.216 711.811
214.225 61.1292 3.73978 3.42553 78.8876 883.278
215.93 63.6482 3.77157 3.47492 60.9583 589.026
213.401 60.7277 3.74696 3.40921 68.8481 939.283
215.271 60.5805 3.77261 3.38341 66.104 927.684
216.679 60.2805 3.77974 3.4218 95.4964 945.261
218.244 60.7315 3.81098 3.46349 53.9242 883.952
213.052 64.4091 3.80473 3.52192 127.659 571.621
217.659 60.6024 3.81455 3.4168 63.5749 901.916
216.749 60.4427 3.78381 3.42199 84.573 926.8
217.639 60.9231 3.80998 3.44546 73.6989 866.627
218.995 60.824 3.80661 3.38015 61.3625 870.168
216.976 61.3836 3.78545 3.45119 115.468 821.382
211.063 63.7318 3.80266 3.47392 116.833 687.719
218.049 60.1785 3.82103 3.44608 67.1095 946.345
216.031 60.2361 3.78248 3.44121 78.071 956.466
217.533 61.1871 3.81342 3.48405 105.399 838.286
218.652 60.2994 3.78148 3.39903 16.5131 929.858
211.14 63.4056 3.81946 3.52606 117.545 716.196
219.217 60.1294 3.77816 3.42076 54.1353 946.667
216.221 60.072 3.78331 3.46227 85.5766 972.496
218.856 60.4399 3.80752 3.38008 31.4085 913.397
216.546 61.2275 3.7789 3.43206 132.388 842.678
212.138 64.8736 3.83784 3.56391 137.67 553.924
198.929 70.2043 3.81004 3.30342 54.226 859.59
203.383 71.3221 3.77299 3.28257 134.044 717.145
205.026 71.0033 3.76183 3.27397 67.7836 650.158
234.753 71.9871 3.76001 3.21519 111.615 654.489
198.198 69.3641 3.79384 3.30142 123.219 890.549
202.84 70.0079 3.82721 3.33323 109.871 710.061
205.387 69.6211 3.78967 3.33524 132.078 609.151
206.58 70.34 3.82248 3.34512 115.249 575.513
194.656 68.2746 3.79157 3.30111 149.123 1051.72
196.822 68.4753 3.78544 3.33738 199.529 959.861
198.806 68.6483 3.7823 3.30638 194.844 876.752
200.413 69.1049 3.78205 3.29878 207.875 805.899
205.217 69.1565 3.76284 3.29376 162.249 614.873
209.387 69.836 3.81673 3.30997 197.552 459.048
211.299 69.72 3.79275 3.35023 178.062 384.279
235.93 69.3475 3.91075 3.39587 135.343 623.227
196.917 67.6988 3.77352 3.24115 165.918 977.474
201.885 68.4946 3.76777 3.27154 165.902 755.807
203.387 68.7132 3.76789 3.29517 209.963 691.763
207.318 68.8799 3.75067 3.27084 214.72 532.044
209.319 68.9656 3.74938 3.32403 212.444 451.469
211.177 69.1532 3.75066 3.38014 200.903 378.279
198.174 67.082 3.75993 3.26328 176.358 948.282
199.397 67.4213 3.76519 3.24486 152.487 885.912
202.768 67.4572 3.76004 3.2371 123.895 747.386
203.811 68.2575 3.76861 3.29108 186.092 682.502
206.028 68.4414 3.7655 3.30125 155.383 589.061
208.187 68.1343 3.75183 3.31104 150.741 507.155
210.384 68.0584 3.75508 3.33176 217.884 419.531
211.513 68.0748 3.77022 3.36113 178.036 373.241
193.671 65.4742 3.77309 3.39697 125.653 1206.86
195.352 65.7077 3.77162 3.38851 135.671 1126.27
198.75 66.442 3.76001 3.3273 140.582 952.116
200.349 66.6001 3.76994 3.35003 161.63 880.016
202.227 66.8332 3.76307 3.29694 128.835 793.592
204.275 67.0486 3.76005 3.26642 141.904 701.615
206.517 67.2221 3.75842 3.2541 151.212 604.006
207.821 67.5076 3.76535 3.23948 160.171 540.465
212.113 67.5187 3.83097 3.38495 160.739 368.471
195.961 64.9941 3.78261 3.40561 96.9337 1141.02
197.645 65.3936 3.7769 3.40412 168.86 1050.47
199.349 65.5011 3.78632 3.44815 121.267 976.11
201.346 65.895 3.78478 3.43178 122.324 874.618
202.913 66.1434 3.78049 3.42925 183.242 798.901
206.494 66.5156 3.79635 3.37704 142.019 637.571
208.493 66.9214 3.79157 3.35673 142.915 538.464
209.976 66.7108 3.80801 3.42596 148.301 491.872
212.525 66.7004 3.83998 3.43219 170.77 397.93
197.761 64.6379 3.79005 3.45633 124.196 1090.5
200.087 64.937 3.78535 3.45365 117.551 980.01
201.637 65.1527 3.79296 3.44417 91.0985 905.912
203.551 65.5276 3.80151 3.41386 95.5284 808.403
205.119 65.4924 3.83261 3.51044 90.0462 750.028
207.195 65.6571 3.81147 3.50136 135.587 661.013
208.623 65.8937 3.81873 3.47466 87.5437 592.553
210.457 65.8251 3.7943 3.61674 71.1597 531.262
212.122 65.8371 3.80644 3.57654 92.493 473.965
214.181 66.267 3.88948 3.70085 115.934 374.387
225.657 65.8052 3.96856 3.24389 63.1495 384.286
214.843 62.3987 3.74319 3.40135 75.2914 738.517
213.052 64.4091 3.80473 3.52192 127.659 571.621
199.305 63.8864 3.80396 3.49858 63.3343 1079.44
205.522 64.7962 3.82537 3.56581 73.5266 781.61
208.018 65.18 3.8056 3.48767 49.3512 663.858
210.64 65.1479 3.80537 3.57453 146.699 576.86
216.846 65.3064 3.75081 3.45612 125.209 400.19
221.694 65.3609 3.95052 3.5212 66.6566 365.644
223.623 65.2225 3.8134 3.65396 88.141 401.554
196.446 62.7492 3.78088 3.55679 87.437 1270.64
199.398 63.2842 3.77015 3.49543 68.899 1118.81
203.285 63.465 3.80641 3.66198 124.898 961.729
204.379 63.994 3.78654 3.61707 103.874 881.952
214.63 64.613 3.75302 3.50194 132.217 514.269
216.436 64.5012 3.79142 3.41434 113.925 491.061
221.784 64.4525 3.84053 3.36944 46.839 466.657
223.67 64.5753 3.84081 3.53386 92.4368 471.086
195.344 61.9331 3.78044 3.59756 66.9637 1374.07
198.469 62.2938 3.80488 3.55279 65.1321 1228.53
205.93 63.3569 3.84579 3.57047 87.835 878.48
214.222 63.8036 3.77281 3.45314 105.121 604.013
217.924 64.0292 3.81729 3.59557 129.661 522.634
222.48 63.8433 3.79166 3.50006 69.4311 538.516
197.317 61.3416 3.82585 3.55456 89.0724 1346.77
198.513 61.678 3.84255 3.56791 68.1896 1275.78
200.525 61.7105 3.83357 3.63392 111.026 1200.93
201.703 62.1344 3.82311 3.58726 96.4392 1124.44
203.311 62.2195 3.79983 3.5049 82.8315 1061.91
205.146 62.1816 3.8199 3.5672 70.0923 1004.62
206.12 62.4787 3.82428 3.55428 73.0639 947.461
216.652 63.0254 3.7882 3.48545 60.793 645.746
218.173 63.0618 3.82868 3.52311 105.954 626.722
221.871 63.109 3.80537 3.55416 69.2682 616.064
193.799 60.3849 3.78682 3.58675 64.2432 1555.23
196.65 60.4135 3.84163 3.54268 70.504 1447.75
198.04 60.7515 3.84515 3.60716 68.7581 1369.35
199.312 60.6947 3.82483 3.63888 102.85 1329.29
201.041 61.0224 3.80364 3.59508 105.762 1241.49
202.562 61.4009 3.80138 3.51989 71.0866 1157.38
204.176 61.4907 3.81581 3.45219 86.2466 1096.81
206.868 61.8823 3.81209 3.52088 120.094 978.336
209.88 61.7531 3.78868 3.46129 81.9469 908.061
212.274 61.7929 3.76645 3.43353 119.265 849.142
213.825 62.1067 3.74479 3.44922 116.718 786.592
217.004 62.4013 3.79824 3.4956 120.202 709.668
218.122 62.3579 3.82218 3.53618 103.957 704.747
223.206 62.5763 3.77873 3.47428 77.5454 683.751
225.609 62.2024 3.85458 3.44494 70.4027 752.127
199.908 60.1686 3.80311 3.58233 104.93 1354.62
201.231 60.4742 3.78972 3.55281 60.6105 1283.21
205.516 60.8132 3.79478 3.53532 82.7905 1117.61
215.402 61.6061 3.75565 3.41794 86.0729 815.058
222.911 61.4593 3.7975 3.43586 57.1366 804.748
224.22 61.4862 3.80148 3.53088 82.9072 812.708
226.918 61.1512 3.85574 3.41289 49.4145 884.295
200.175 59.1767 3.79801 3.53254 65.8641 1435.05
204.792 59.8542 3.79263 3.529 91.7999 1229.46
205.68 60.1952 3.79564 3.50169 57.923 1171.43
207.376 60.0815 3.7762 3.38245 53.6559 1136.31
210.276 60.4814 3.77401 3.40522 47.8327 1026.09
219.809 60.7718 3.77781 3.42768 56.8566 873.768
221.424 60.3024 3.77481 3.39683 35.6881 926.645
190.452 56.6011 3.79023 3.52597 20.0504 2004.59
203.561 59.1953 3.80577 3.55222 70.2907 1328.28
204.771 59.3922 3.79265 3.5265 97.1751 1274.42
212.597 59.9979 3.74942 3.44472 84.2677 1030.34
226.285 59.5898 3.82056 3.488 65.8417 1043.1
227.183 60.2114 3.8289 3.45136 49.9057 988.751
212.566 65.1171 3.84301 3.57964 132.726 520.092
203.344 58.6774 3.80517 3.55889 70.4428 1384.31
204.113 58.2637 3.78377 3.53327 77.2983 1402.76
204.991 58.6484 3.77617 3.45695 60.4375 1340.85
206.355 58.9287 3.7642 3.42837 51.3629 1276.95
207.606 58.6097 3.76754 3.3358 78.6203 1278.01
213.66 59.4296 3.74466 3.40177 90.0913 1073.98
227.731 58.9601 3.8173 3.45664 40.2892 1131.34
202.426 57.5673 3.80276 3.53353 56.3161 1518.61
203.613 57.6397 3.79145 3.42732 40.9557 1478.06
229.033 59.3946 3.84366 3.45684 44.887 1106.51
228.869 57.9128 3.82627 3.46815 59.819 1261.52
227.048 56.8144 3.81356 3.52016 33.1816 1354.68
229.75 56.9811 3.80804 3.43094 39.8202 1375.81
212.138 64.8735 3.82219 3.66757 43.2979 553.938
210.428 68.6408 3.73655 3.33287 289.35 408.047
229.974 55.9154 3.80429 3.47311 38.1426 1493.84
228.385 55.3279 3.80412 3.50732 48.6606 1533.78
218.842 64.7774 3.84935 3.44358 96.1112 432.709
227.653 56.4191 3.81321 3.52333 48.8434 1405.36
209.931 62.7622 3.73527 2.93844 68.9721 809.366
211.063 63.7323 3.80233 3.47362 116.833 687.66
211.14 63.4057 3.81942 3.52603 117.545 716.189
218.547 60.1369 3.85699 3.45657 65.8015 948.377
210.84 64.6544 3.82548 3.57587 49.8618 611.625
210.867 64.709 3.82376 3.63139 82.8983 606.133
210.853 64.7716 3.82827 3.57714 83.3308 601.23
210.847 64.8338 3.82019 3.56068 58.5217 596.17
210.819 64.8857 3.81704 3.56698 90.684 592.701
210.44 64.87 3.8138 3.60899 112.626 605.951
210.174 64.8537 3.82077 3.66926 80.9614 615.797
210.069 64.7653 3.81388 3.64581 135.51 626.437
210.917 64.5498 3.83841 3.5562 67.3958 618.339
210.782 64.5716 3.8368 3.57874 71.693 620.523
210.554 64.5756 3.83213 3.57656 73.3525 627.139
210.901 64.613 3.83723 3.5616 64.6186 613.353
211.172 64.6917 3.83485 3.55948 96.5756 598.36
217.908 60.4896 3.82476 3.41687 46.1755 912.742
217.507 60.403 3.80084 3.42134 56.0779 925.028
218.338 61.0595 3.82159 3.40026 42.2767 847.074
216.296 60.3923 3.79571 3.42715 51.3475 936.642
216.716 60.1205 3.78701 3.43274 69.9643 962.524
215.271 60.5805 3.77261 3.38341 66.104 927.684
216.679 60.2805 3.77974 3.4218 95.4964 945.261
218.244 60.7315 3.81098 3.46349 53.9242 883.952
217.659 60.602 3.81475 3.41698 63.5749 901.964
216.749 60.4427 3.78381 3.42199 84.573 926.8
217.639 60.9231 3.80999 3.44546 73.6989 866.628
218.995 60.8241 3.80656 3.38011 61.3625 870.157
216.976 61.3836 3.78545 3.45119 115.468 821.382
218.049 60.1785 3.82103 3.44608 67.1095 946.345
216.031 60.2361 3.78248 3.44121 78.071 956.466
217.533 61.187 3.81346 3.48409 105.399 838.295
218.652 60.2994 3.78148 3.39903 16.5131 929.858
219.217 60.1294 3.77816 3.42076 54.1353 946.667
216.221 60.072 3.78331 3.46227 85.5766 972.496
218.856 60.4399 3.80752 3.38008 31.4085 913.397
216.546 61.2275 3.7789 3.43206 132.388 842.678
