# evlo=197.645294 evla=65.3936
217.908 60.4896 3.75176 3.35784 28.5541 1157.8
217.654 61.036 3.76178 3.3708 35.908 1111.04
217.507 60.403 3.75177 3.40767 28.9969 1146
218.338 61.0595 3.75446 3.30258 46.9783 1140.14
220.363 59.9534 3.74256 3.3383 43.8418 1302.38
225.144 58.5792 3.77705 3.38913 32.6173 1611.06
216.716 60.1205 3.77047 3.36842 17.3264 1131.24
215.395 60.9677 3.77183 3.45811 44.7963 1015.99
209.013 64.0997 3.83266 3.42289 89.7143 559.365
209.094 59.7511 3.74963 3.34738 40.5046 858.852
209.259 59.7417 3.74857 3.33702 51.9619 865.417
210.701 64.1732 3.84262 3.42528 64.3239 634.38
208.846 60.7683 3.7532 3.45532 48.6166 763.637
207.916 63.4188 3.76871 3.42934 85.4516 541.159
212.195 64.6453 3.81852 3.57925 97.8392 689.357
204.378 55.8218 3.80575 3.45921 25.4085 1126.93
207.685 63.8827 3.82827 3.33606 69.1954 508.052
208.763 59.5251 3.75021 3.34325 49.3444 867.582
209.796 67.2269 3.78421 3.57508 168.148 580.916
216.907 60.7523 3.76671 3.38423 29.3647 1096.34
218.66 60.9649 3.74555 3.31638 52.5 1160.47
209.738 62.4058 3.74716 3.58534 60.0672 679.275
217.513 60.0823 3.77685 3.40026 16.1287 1168.33
212.624 63.0753 3.78155 3.32232 76.6523 769.145
214.225 61.1292 3.78205 3.47234 42.3951 954.598
215.93 63.6482 3.84771 3.56177 26.3046 895.89
214.25 60.5487 3.76073 3.42373 51.5076 995.873
196.582 54.8564 3.81196 3.49293 28.2457 1175.42
213.401 60.7277 3.73453 3.42887 56.8899 947.461
209.784 61.1426 3.73452 3.41076 42.5099 769.833
214.766 66.5657 3.78385 3.55428 115.492 786.275
215.271 60.5805 3.76534 3.39895 29.7319 1036.98
216.679 60.2805 3.77111 3.41064 20.5914 1118.42
218.244 60.7315 3.74945 3.34691 64.0084 1156.77
213.052 64.4091 3.84183 3.55522 74.2447 735.788
217.659 60.6024 3.73509 3.37276 33.5629 1139.34
216.749 60.4427 3.76831 3.42419 21.5697 1110.25
217.639 60.9231 3.75042 3.36609 45.2583 1117.58
218.995 60.824 3.73817 3.31746 48.9633 1184.36
216.976 61.3836 3.7347 3.35976 45.3251 1059.21
211.063 63.7318 3.82748 3.26412 67.5996 667.987
218.049 60.1785 3.76078 3.38926 28.8547 1185.04
216.031 60.2361 3.76777 3.46127 33.1609 1093.69
217.533 61.1871 3.7434 3.35974 56.2843 1096.19
218.652 60.2994 3.77189 3.36553 20.5705 1203.32
211.14 63.4056 3.79512 3.30713 60.237 685.969
219.217 60.1294 3.73855 3.34529 25.8789 1239.72
216.221 60.072 3.78262 3.46503 30.381 1113.5
218.856 60.4399 3.75377 3.32905 27.5942 1202.97
216.546 61.2275 3.74726 3.41773 67.0594 1049.72
212.138 64.8736 3.79608 3.61158 129.651 681.246
198.929 70.2043 3.77023 3.32149 134.179 539.243
203.383 71.3221 3.80229 3.2979 109.984 701.451
205.026 71.0033 3.76308 3.30135 100.113 695.378
198.198 69.3641 3.77141 3.26643 117.893 443.449
202.84 70.0079 3.76884 3.31905 91.6263 559.246
205.387 69.6211 3.75279 3.34156 121.892 574.952
206.58 70.34 3.78287 3.47304 137.721 666.094
198.806 68.6483 3.77571 3.3037 230.106 366.46
200.413 69.1049 3.80382 3.3525 153.983 430.693
205.217 69.1565 3.77027 3.31983 167.819 530.951
209.387 69.836 3.78362 3.30446 107.986 701.165
211.299 69.72 3.80674 3.37776 114.97 753.07
215.088 69.9175 3.80562 3.2961 82.5316 890.892
216.289 69.626 3.79053 3.25739 82.7282 920.114
235.93 69.3475 3.81099 3.41104 108.789 1671.69
201.885 68.4946 3.7492 3.32359 125 392.163
203.387 68.7132 3.76628 3.35344 147.065 446.26
207.318 68.8799 3.80412 3.32723 149.843 570.844
209.319 68.9656 3.80996 3.35606 132.316 641.833
211.177 69.1532 3.80606 3.28205 116.005 716.131
213.625 69.322 3.77985 3.25328 105.747 810.952
219.035 69.243 3.77222 3.31431 126.249 1009
221.263 69.3286 3.7795 3.34935 148.539 1096.78
203.811 68.2575 3.80383 3.53026 166.554 418.404
206.028 68.4414 3.79195 3.33511 127.162 499.373
208.187 68.1343 3.76696 3.28787 138.122 554.745
210.384 68.0584 3.75219 3.2894 132.861 634.005
211.513 68.0748 3.77008 3.36124 129.151 678.704
214.432 68.1207 3.75185 3.39641 144.261 796.443
218.405 68.1861 3.77164 3.44233 104.541 959.498
220.465 68.6043 3.7769 3.40412 168.86 1050.47
222.103 68.3889 3.79219 3.46548 115.231 1113.86
223.281 66.3701 3.80811 3.57085 121.502 1166.09
206.517 67.2221 3.79741 3.41094 163.443 446.605
207.821 67.5076 3.78136 3.41797 148.961 510.602
212.113 67.5187 3.78724 3.56595 211.937 685.356
214.357 67.5933 3.7891 3.55194 159.694 780.652
215.855 67.6946 3.78328 3.55597 153.161 845.235
220.128 67.6136 3.79704 3.56058 135.643 1024.56
224.214 67.6106 3.79229 3.49319 91.7415 1198.19
226.258 67.441 3.79422 3.48728 92.6808 1286.02
206.494 66.5156 3.74463 3.65055 308.66 421.075
208.493 66.9214 3.7848 3.59287 260.807 517.483
209.976 66.7108 3.78878 3.63001 197.893 576.651
212.525 66.7004 3.79111 3.55874 209.704 688.133
213.899 66.7653 3.78615 3.57655 131.477 749.119
216.215 66.9498 3.78983 3.56286 167.031 851.861
218.345 66.8088 3.78727 3.55311 128.431 944.77
221.978 66.9116 3.79974 3.54852 140.569 1103.82
223.778 66.9808 3.80749 3.5381 125.549 1182.02
225.729 66.9227 3.81289 3.58127 102.265 1267.52
207.195 65.6571 3.7538 3.542 251.813 442.193
208.623 65.8937 3.74814 3.59077 244.269 507.775
210.457 65.8251 3.75651 3.58991 118.936 591.505
212.122 65.8371 3.75802 3.55981 199.986 667.527
214.181 66.267 3.78766 3.55899 114.864 759.766
218.473 66.2305 3.78026 3.55783 200.085 952.732
221.631 66.2191 3.80095 3.57157 196.751 1094.37
225.657 65.8052 3.81988 3.57624 149.566 1281.89
214.843 62.3987 3.77087 3.35255 60.1682 904.647
213.052 64.4091 3.84183 3.55522 74.2447 735.788
205.522 64.7962 3.83253 3.54399 99.6674 375.937
208.018 65.18 3.76937 3.52092 140.459 484.112
210.64 65.1479 3.78783 3.65962 170.817 606.345
216.846 65.3064 3.79174 3.61932 127.003 890.524
218.385 65.6035 3.79254 3.60154 159.076 956.055
220.064 65.4483 3.79536 3.57441 141.566 1035.49
221.694 65.3609 3.80351 3.5619 133.651 1111.68
223.623 65.2225 3.81441 3.54433 116.843 1202.96
205.853 64.1767 3.88858 3.37755 90.0506 412.872
214.63 64.613 3.80564 3.57948 96.2681 803.402
216.436 64.5012 3.80602 3.58341 112.917 890.398
221.784 64.453 3.81212 3.57136 36.9286 1139.74
221.784 64.4525 3.80738 3.55143 96.6489 1139.73
223.67 64.5753 3.81149 3.53361 160.657 1222.99
195.344 61.9331 3.82502 3.5369 137.033 402.156
201.699 62.7161 3.7927 3.56486 128.077 358
205.93 63.3569 3.75796 3.47352 79.3706 459.395
214.222 63.8036 3.86327 3.48506 64.5468 810.704
217.924 64.0292 3.81066 3.57975 85.5835 974.463
222.48 63.8433 3.81654 3.56949 109.083 1192.74
197.317 61.3416 3.78661 3.58442 136.145 451.962
198.513 61.678 3.76817 3.49541 115.315 416.41
201.703 62.1344 3.77732 3.42608 105.338 414.639
203.311 62.2195 3.8246 3.40273 91.8753 450.346
205.146 62.1816 3.74738 3.62933 144.412 514.113
206.12 62.4787 3.75822 3.47736 79.2399 526.862
216.652 63.0254 3.82674 3.39001 53.6492 955.908
218.173 63.0618 3.83022 3.4481 21.7852 1024.5
221.871 63.109 3.80793 3.57672 61.3574 1194.04
193.799 60.3849 3.76114 3.52369 112.9 591.29
196.65 60.4135 3.79282 3.59825 141.878 557.364
198.04 60.7515 3.76274 3.49137 112.426 517.802
199.312 60.6947 3.76074 3.53795 86.8826 530.443
201.041 61.0224 3.77868 3.54718 63.3284 516.132
202.562 61.4009 3.77472 3.62218 94.7352 508.07
205.609 61.9037 3.75303 3.57098 98.9076 553.32
206.868 61.8823 3.74155 3.4741 78.4391 600.78
209.88 61.7531 3.76956 3.4398 60.4154 728.893
212.274 61.7929 3.77154 3.53893 62.4344 826.963
213.825 62.1067 3.77337 3.44652 56.7451 875.521
217.004 62.4013 3.79309 3.32681 57.15 1002.71
218.122 62.3579 3.79566 3.38859 43.1987 1056.18
221.538 62.4435 3.81584 3.43283 34.5951 1209.45
223.206 62.5763 3.80694 3.51614 60.1547 1280.43
225.609 62.2024 3.81119 3.52609 46.0798 1410.39
198.315 59.9237 3.7717 3.50955 98.7931 610.608
199.908 60.1686 3.75768 3.60516 79.2371 593.614
201.231 60.4742 3.76278 3.49551 61.4541 577.54
204.11 60.6801 3.78597 3.40811 67.1536 618.239
205.516 60.8132 3.74753 3.48649 74.9483 646.021
207.791 61.2001 3.74822 3.46678 75.7449 689.519
215.402 61.6061 3.75694 3.40308 46.8722 975.503
222.911 61.4593 3.78899 3.50566 44.6322 1324.88
224.22 61.4862 3.79724 3.4585 34.5066 1383.79
226.918 61.1512 3.81385 3.51929 44.6098 1527.46
198.736 59.2533 3.75695 3.52811 97.4888 686.644
200.175 59.1767 3.79729 3.67491 67.0309 705.064
201.907 59.5938 3.74072 3.47039 80.4984 682.335
205.68 60.1952 3.78723 3.56575 46.8305 708.634
207.376 60.0815 3.76763 3.48101 53.1588 771.626
210.276 60.4814 3.74539 3.4082 47.5012 840.652
219.809 60.7718 3.74933 3.31249 59.1575 1224.21
221.424 60.3024 3.74971 3.3654 41.8222 1326.84
190.452 56.6011 3.77713 3.58743 55.7604 1052.63
202.009 59.0314 3.73151 3.48285 64.594 744.097
204.771 59.3922 3.76487 3.31509 40.3816 762.614
206.768 59.6524 3.75776 3.47833 68.3711 792.185
212.597 59.9979 3.73817 3.46065 42.931 969.407
222.262 59.6304 3.75939 3.33556 65.9262 1408.94
223.04 60.1218 3.76126 3.36419 60.4095 1411.54
226.285 59.5898 3.75125 3.32891 32.7219 1593.86
212.566 65.1171 3.77189 3.59416 129.204 696.236
204.113 58.2637 3.81301 3.56133 42.2546 863.531
206.355 58.9287 3.7785 3.40375 41.5298 849.901
207.606 58.6097 3.77424 3.57559 52.5858 916.359
213.66 59.4296 3.74335 3.44396 43.6622 1056.49
227.731 58.9601 3.74933 3.4005 29.6793 1701.87
202.426 57.5673 3.7466 3.54798 57.8097 907.939
224.26 58.4133 3.75383 3.36796 34.3517 1583.43
225.482 58.2747 3.77293 3.34376 16.4652 1647.96
197.939 55.703 3.79517 3.5637 70.374 1079.85
223.768 57.9616 3.73948 3.34496 34.7307 1594.81
225.424 57.4688 3.76504 3.34836 29.8986 1704.75
228.869 57.9128 3.76527 3.42572 31.2255 1826.71
227.048 56.8144 3.76867 3.44477 16.2318 1826.34
229.75 56.9811 3.773 3.3848 23.6528 1934.75
212.138 64.8735 3.80445 3.59118 74.17 681.239
210.428 68.6408 3.78385 3.25024 176.455 662.586
226.879 56.1146 3.76352 3.41181 24.296 1873.39
228.385 55.3279 3.76815 3.47615 58.401 2002.16
227.653 56.4191 3.77008 3.43952 36.2301 1883.65
211.063 63.7323 3.8275 3.26413 67.5996 667.991
211.14 63.4057 3.79512 3.30713 60.237 685.97
218.547 60.1369 3.90984 3.96556 29.3693 1209.69
217.908 60.4896 3.75176 3.35784 28.5541 1157.8
217.507 60.403 3.75177 3.40767 28.9969 1146
218.338 61.0595 3.75448 3.30259 46.9783 1140.14
216.716 60.1205 3.77047 3.36842 17.3264 1131.24
215.271 60.5805 3.76534 3.39895 29.7319 1036.98
216.679 60.2805 3.77111 3.41064 20.5914 1118.42
218.244 60.7315 3.74945 3.34691 64.0084 1156.77
217.659 60.602 3.73511 3.37277 33.5629 1139.34
216.749 60.4427 3.76831 3.42419 21.5697 1110.25
217.639 60.9231 3.75039 3.36606 45.2583 1117.57
218.995 60.8241 3.73815 3.31745 48.9633 1184.35
216.976 61.3836 3.7347 3.35976 45.3251 1059.21
218.049 60.1785 3.76078 3.38926 28.8547 1185.04
216.031 60.2361 3.76777 3.46127 33.1609 1093.69
217.533 61.187 3.74345 3.35978 56.2843 1096.21
218.652 60.2994 3.77189 3.36553 20.5705 1203.32
219.217 60.1294 3.73855 3.34529 25.8789 1239.72
216.221 60.072 3.78262 3.46503 30.381 1113.5
218.856 60.4399 3.75377 3.32905 27.5942 1202.97
216.546 61.2275 3.74726 3.41773 67.0594 1049.72
