# evlo=212.121902 evla=65.837097
194.627 64.5646 3.77214 3.59196 324.907 828.5
217.654 61.036 3.735 3.39549 111.616 601.683
217.507 60.403 3.72389 3.46182 65.3883 663.308
218.338 61.0595 3.75709 3.35435 103.828 615.625
220.363 59.9534 3.75842 3.37464 122.836 776.883
225.144 58.5792 3.77921 3.50907 77.4865 1051.07
216.716 60.1205 3.7785 3.28473 60.4604 677.994
215.395 60.9677 3.76727 3.41979 153.458 566.7
209.094 59.7511 3.76367 3.29228 111.068 695.507
209.259 59.7417 3.76517 3.28785 114.795 694.736
208.846 60.7683 3.77678 3.34297 87.7939 588.198
204.378 55.8218 3.76187 3.3133 68.905 1190.71
200.411 54.831 3.78542 3.524 86.1754 1381.26
208.763 59.5251 3.74867 3.26831 122.198 723.99
216.907 60.7523 3.72164 3.31642 66.8208 615.102
218.66 60.9649 3.7447 3.37478 115.586 633.075
209.738 62.4058 3.80908 3.45997 189.407 399.696
217.513 60.0823 3.74719 3.46167 78.453 696.73
214.225 61.1292 3.7677 3.19983 77.9744 535.072
214.25 60.5487 3.7589 3.24008 84.9183 599.035
196.582 54.8564 3.77921 3.46084 27.0928 1485.41
213.401 60.7277 3.79565 3.45766 60.0502 573.099
209.784 61.1426 3.76465 3.34755 148.039 536.008
188.296 63.7758 3.79028 3.65693 305.963 1147.77
203.121 64.7461 3.80432 3.607 291.177 436.823
211.074 61.771 3.76653 3.41123 121.308 456.179
212.904 60.8792 3.79576 3.47775 68.0502 554.015
215.271 60.5805 3.77207 3.3858 100.92 606.774
216.679 60.2805 3.75592 3.29148 91.9229 660.421
218.244 60.7315 3.74604 3.3645 107.483 646.049
216.749 60.4427 3.73183 3.27342 101.93 644.554
217.639 60.9231 3.73528 3.40535 112.867 612.802
217.277 60.2474 3.71496 3.36703 38.9446 674.899
218.995 60.824 3.73822 3.38934 120.182 655.54
216.976 61.3836 3.73484 3.28488 147.274 551.389
218.049 60.1785 3.73389 3.38991 70.4615 697.845
216.031 60.2361 3.82719 3.62264 62.1643 654.582
217.533 61.1871 3.73794 3.40537 132.156 583.665
218.652 60.2994 3.72616 3.30894 46.6472 699.152
219.217 60.1294 3.74208 3.34362 86.6659 729.844
218.856 60.4399 3.73544 3.36837 112.092 689.964
216.546 61.2275 3.74821 3.29316 74.3757 558.649
198.929 70.2043 3.74864 3.31536 51.9951 732.909
203.383 71.3221 3.76562 3.34856 96.158 706.462
205.026 71.0033 3.75816 3.29547 51.2283 644.751
234.753 71.9871 3.78801 3.39068 168.936 1127.41
198.198 69.3641 3.79845 3.38463 65.5409 708.554
202.84 70.0079 3.75071 3.2779 51.4435 605.408
205.387 69.6211 3.73018 3.31129 61.7553 508.597
206.58 70.34 3.80489 3.27047 50.7684 552.241
194.656 68.2746 3.82953 3.29719 64.6076 803.935
196.822 68.4753 3.83799 3.27801 91.5064 722.936
198.806 68.6483 3.81835 3.28795 55.1195 653.088
200.413 69.1049 3.77635 3.32874 53.7347 617.81
205.217 69.1565 3.72465 3.3509 49.0859 472.828
209.387 69.836 3.75735 3.32627 113.367 460.525
211.299 69.72 3.78711 3.27524 106.533 434.45
215.088 69.9175 3.77992 3.31918 174.76 471.74
216.289 69.626 3.74046 3.32756 145.44 457.628
235.93 69.3475 3.91598 3.55285 163.608 1077.63
196.917 67.6988 3.79281 3.34021 28.9697 698.935
201.885 68.4946 3.82681 3.30083 65.6119 532.399
203.387 68.7132 3.80375 3.25573 73.3595 493.99
207.318 68.8799 3.72734 3.26445 45.9896 396.966
209.319 68.9656 3.763 3.44675 210.179 368.955
211.177 69.1532 3.77173 3.27349 113.206 372.027
213.625 69.322 3.79229 3.30035 182.844 393.873
219.035 69.243 3.79819 3.51878 161.68 480.276
221.263 69.3286 3.82007 3.44271 110.631 549.501
198.174 67.082 3.79395 3.4569 103.67 635.739
199.397 67.4213 3.83502 3.38922 87.7825 589.309
202.768 67.4572 3.83005 3.37719 73.5207 451.045
203.811 68.2575 3.81001 3.27005 77.4286 450.797
206.028 68.4414 3.75849 3.31319 47.5739 392.351
218.405 68.1861 3.81243 3.7061 184.496 378.702
220.465 68.6043 3.80644 3.57654 92.493 473.965
222.103 68.3889 3.82137 3.50628 80.7493 517.524
223.281 66.3701 3.83583 3.49716 364.907 507.411
193.671 65.4742 3.78157 3.61629 196.25 846.927
195.352 65.7077 3.77104 3.62916 172.592 766.078
198.75 66.442 3.79266 3.59726 135.802 606.408
200.349 66.6001 3.79757 3.58167 90.488 535.935
202.227 66.8332 3.84087 3.53959 118.641 456.527
204.275 67.0486 3.89185 3.59396 148.158 374.947
220.128 67.6136 3.83583 3.52646 162.608 404.52
224.214 67.6106 3.83522 3.49521 216.187 567.777
226.258 67.441 3.86654 3.51292 171.452 649.183
195.961 64.9941 3.77065 3.58734 164.512 754.233
197.645 65.3936 3.75802 3.55981 199.986 667.527
199.349 65.5011 3.76124 3.5878 209.625 587.645
201.346 65.895 3.751 3.55137 279.104 491.28
202.913 66.1434 3.75532 3.50806 177.512 419.297
221.978 66.9116 3.83979 3.49345 155.65 456.377
223.778 66.9808 3.86152 3.4792 220.26 535.288
225.729 66.9227 3.86018 3.49726 139.358 619.227
197.761 64.6379 3.78229 3.61571 136.2 683.041
200.087 64.937 3.77882 3.63381 234.287 567.512
201.637 65.1527 3.76596 3.66459 261.559 490.837
203.551 65.5276 3.76597 3.68626 253.971 395.209
221.631 66.2191 3.8195 3.51196 262.948 432.962
225.657 65.8052 3.84004 3.5471 241.883 617.688
214.843 62.3987 3.76709 3.37489 143.139 405.502
199.305 63.8864 3.79869 3.59331 270.529 644.126
220.064 65.4483 3.78675 3.62576 201.726 367.978
221.694 65.3609 3.8084 3.5813 264.098 444.158
223.623 65.2225 3.8444 3.56402 200.258 535.439
196.446 62.7492 3.79661 3.62238 247.393 830.503
199.398 63.2842 3.80814 3.54419 165.288 671.644
200.922 63.3965 3.84206 3.54212 152.047 599.884
203.285 63.465 3.83518 3.48821 151.545 497.645
204.379 63.994 3.84808 3.44537 285.308 419.728
221.784 64.453 3.81363 3.57035 200.656 478.321
221.784 64.4525 3.82596 3.42508 117.106 478.316
223.67 64.5753 3.82066 3.49278 151.819 557.684
195.344 61.9331 3.81676 3.68535 124.232 928.144
198.469 62.2938 3.81608 3.54443 139.252 772.397
201.699 62.7161 3.82771 3.5801 159.318 612.06
205.93 63.3569 3.82854 3.62654 245.018 405.096
222.48 63.8433 3.82879 3.48837 211.617 538.656
197.317 61.3416 3.81762 3.50019 93.6602 886.197
198.513 61.678 3.82778 3.53959 136.529 813.475
200.525 61.7105 3.80482 3.58107 136.101 732.141
201.703 62.1344 3.82061 3.52816 135.027 654.791
203.311 62.2195 3.84505 3.64949 143.842 589.052
205.146 62.1816 3.80675 3.59497 237.583 530.898
206.12 62.4787 3.81076 3.55416 201.01 474.387
216.652 63.0254 3.77563 3.45016 78.0558 381.753
218.173 63.0618 3.8304 3.56536 157.203 424.603
221.871 63.109 3.85603 3.45758 104.67 558.036
193.799 60.3849 3.79253 3.55461 110.865 1100.41
196.65 60.4135 3.83635 3.56796 88.158 982.933
198.04 60.7515 3.83663 3.64451 118.944 902.276
199.312 60.6947 3.81895 3.61193 132.359 858.697
201.041 61.0224 3.82711 3.54143 91.3902 768.771
202.562 61.4009 3.84217 3.6751 123.493 683.684
204.176 61.4907 3.79934 3.62754 143.093 623.205
205.609 61.9037 3.78843 3.52389 256.753 542.355
206.868 61.8823 3.77792 3.47387 244.345 510.601
209.88 61.7531 3.77819 3.37914 117.817 468.408
212.274 61.7929 3.78812 3.39034 100.519 450.885
213.825 62.1067 3.84479 3.44907 89.6437 424.097
217.004 62.4013 3.72699 3.54285 145.263 450.576
218.122 62.3579 3.7452 3.6446 98.5592 485.393
221.538 62.4435 3.85785 3.49693 108.761 593.328
223.206 62.5763 3.8466 3.44499 101.896 648.212
225.609 62.2024 3.81702 3.46295 120.05 771.693
198.315 59.9237 3.81259 3.64312 138.48 959.477
199.908 60.1686 3.81112 3.55765 86.4069 881.536
201.231 60.4742 3.82559 3.5771 120.145 809.404
202.813 60.5269 3.8066 3.64362 115.783 753.447
204.11 60.6801 3.79163 3.51809 178.367 700.513
205.516 60.8132 3.78234 3.43591 224.1 649.734
207.791 61.2001 3.78182 3.41251 166.496 559.715
215.402 61.6061 3.74904 3.42788 153.167 498.55
222.911 61.4593 3.83336 3.57734 83.8101 722.084
224.22 61.4862 3.84816 3.45499 87.3915 768.67
226.918 61.1512 3.83192 3.48301 58.6679 899.854
198.736 59.2533 3.79982 3.53979 96.0038 1002.45
200.175 59.1767 3.81808 3.5578 117.61 961.099
201.907 59.5938 3.81055 3.63586 168.617 868.042
202.905 59.7733 3.79621 3.58638 187.343 821.512
204.792 59.8542 3.76826 3.44024 133.944 763.136
205.68 60.1952 3.76469 3.43474 131.464 707.62
207.376 60.0815 3.76529 3.37621 132.054 684.768
210.276 60.4814 3.77502 3.284 130.811 604.105
219.809 60.7718 3.7475 3.45326 77.7799 682.611
221.424 60.3024 3.73309 3.45036 112.523 774.059
223.909 60.7704 3.82848 3.60998 80.775 815.13
190.452 56.6011 3.80496 3.59422 32.7647 1539.71
202.009 59.0314 3.79424 3.56979 112.146 918.554
203.561 59.1953 3.7717 3.50303 128.749 859.954
204.771 59.3922 3.76572 3.46145 174.735 810.2
206.768 59.6524 3.76559 3.37055 138.162 741.028
212.597 59.9979 3.77332 3.46465 79.6628 651.278
222.262 59.6304 3.75855 3.4569 95.616 862.327
223.04 60.1218 3.74736 3.51678 75.4896 841.674
226.285 59.5898 3.81142 3.62303 34.5994 1000.78
227.183 60.2114 3.84984 3.45887 72.3621 982.917
203.344 58.6774 3.77987 3.49854 128.785 917.146
204.113 58.2637 3.77492 3.43181 105.248 940.569
204.991 58.6484 3.76289 3.3906 121.958 881.466
206.355 58.9287 3.75706 3.3573 93.7667 824.915
207.606 58.6097 3.73789 3.32186 118.952 838.505
213.66 59.4296 3.74076 3.28856 49.5169 718.441
202.426 57.5673 3.77019 3.49506 131.212 1052.05
203.613 57.6397 3.77104 3.44391 94.2748 1016.13
205.548 57.5665 3.74986 3.32509 53.4062 983.861
224.26 58.4133 3.77649 3.45309 37.3982 1038.26
225.482 58.2747 3.79516 3.51206 67.0612 1090.22
229.033 59.3946 3.84519 3.46374 62.2332 1120.41
200.447 56.2848 3.78032 3.52691 111.942 1232.66
223.768 57.9616 3.74933 3.47447 54.8142 1066.46
225.424 57.4688 3.76602 3.43289 48.0336 1163.97
228.869 57.9128 3.76987 3.60883 36.94 1240.04
227.048 56.8144 3.80281 3.46155 38.454 1277.67
229.75 56.9811 3.76737 3.56218 69.7817 1354.79
226.879 56.1146 3.76311 3.4737 50.3497 1339.03
229.974 55.9154 3.81006 3.5425 46.5305 1460.03
228.385 55.3279 3.76444 3.511 56.5733 1462.37
227.653 56.4191 3.80181 3.49715 37.6218 1334.71
209.931 62.7622 3.06695 2.16655 60.8583 358.774
218.547 60.1369 4.43355 3.97907 101.016 713.145
217.507 60.403 3.72389 3.46182 65.3883 663.308
218.338 61.0595 3.75711 3.35437 103.828 615.627
216.716 60.1205 3.7785 3.28473 60.4604 677.994
215.271 60.5805 3.77207 3.3858 100.92 606.774
216.679 60.2805 3.75592 3.29148 91.9229 660.421
218.244 60.7315 3.74604 3.3645 107.483 646.049
216.749 60.4427 3.73183 3.27342 101.93 644.554
217.639 60.9231 3.73525 3.40533 112.867 612.798
217.277 60.2474 3.71496 3.36703 38.9446 674.899
218.995 60.8241 3.73817 3.38929 120.182 655.53
216.976 61.3836 3.73484 3.28488 147.274 551.389
218.049 60.1785 3.73389 3.38991 70.4615 697.845
216.031 60.2361 3.82719 3.62264 62.1643 654.582
217.533 61.187 3.73803 3.40546 132.156 583.68
218.652 60.2994 3.72616 3.30894 46.6472 699.152
219.217 60.1294 3.74208 3.34362 86.6659 729.844
218.856 60.4399 3.73544 3.36837 112.092 689.964
216.546 61.2275 3.74821 3.29316 74.3757 558.649
209.518 60.7352 3.75063 3.2704 76.624 583.379
209.518 60.7351 3.75067 3.27043 76.624 583.386
