# evlo=200.087402 evla=64.936996
217.908 60.4896 3.75069 3.37325 37.9924 1032.89
217.654 61.036 3.72673 3.33354 41.2824 986.6
217.507 60.403 3.74754 3.43493 30.2932 1020.92
218.338 61.0595 3.70436 3.30236 45.0575 1016.03
220.363 59.9534 3.73226 3.33964 44.3763 1177.8
216.3 60.3932 3.78704 3.51132 44.7863 968.941
225.144 58.5792 3.76552 3.31406 46.4724 1487.01
216.716 60.1205 3.79408 3.42618 45.02 1005.95
215.395 60.9677 3.76422 3.44513 45.0749 890.791
209.013 64.0997 3.8425 3.50728 131.706 438.27
209.094 59.7511 3.75844 3.36688 59.1976 741.369
209.259 59.7417 3.76681 3.37585 79.1703 747.567
210.701 64.1732 3.82038 3.4772 82.0844 515.444
208.846 60.7683 3.73393 3.38766 57.4175 643.013
207.916 63.4188 3.84541 3.31565 87.6634 416.185
212.195 64.6453 3.79565 3.63119 152.351 575.657
200.411 54.831 3.79433 3.53712 64.3817 1126.04
207.685 63.8827 3.8821 3.52789 91.0678 384.417
208.763 59.5251 3.76027 3.3986 95.1026 751.803
209.796 67.2269 3.79054 3.423 146.248 507.424
216.907 60.7523 3.75098 3.41627 40.9625 971.349
218.66 60.9649 3.71164 3.27053 68.32 1036.38
209.738 62.4058 3.75491 3.46208 99.2908 554.001
217.513 60.0823 3.78515 3.43675 27.7474 1043.1
212.624 63.0753 3.82533 3.32817 77.3728 646.186
214.225 61.1292 3.77251 3.45757 91.4019 829.317
215.93 63.6482 3.83653 3.55755 50.5198 778.27
214.25 60.5487 3.77791 3.44352 67.8266 870.686
196.582 54.8564 3.81794 3.36243 26.9251 1139.64
213.401 60.7277 3.76856 3.43384 49.9901 822.375
209.784 61.1426 3.75093 3.28312 62.1786 646.574
214.766 66.5657 3.79584 3.59657 151.486 695.202
188.296 63.7758 3.77129 3.67451 125.921 583.19
211.074 61.771 3.75668 3.65326 39.8504 652.131
216.188 61.4417 3.73608 3.27207 80.0977 895.97
212.904 60.8792 3.79169 3.37144 43.3831 790.821
215.271 60.5805 3.77484 3.45719 45.6633 911.69
216.679 60.2805 3.77916 3.43092 37.2852 993.158
218.244 60.7315 3.73096 3.32593 50.4528 1032.19
213.052 64.4091 3.79921 3.63393 111.905 620.753
217.659 60.6024 3.74117 3.38766 44.0327 1014.44
216.749 60.4427 3.78533 3.4574 42.2664 985.047
217.639 60.9231 3.72574 3.33174 63.5242 992.992
218.995 60.824 3.71578 3.27961 67.8602 1060.23
216.976 61.3836 3.72654 3.2644 59.1419 934.947
211.063 63.7318 3.84205 3.43302 117.977 546.588
218.049 60.1785 3.76053 3.39054 52.6315 1059.95
216.031 60.2361 3.78182 3.44103 40.0441 968.394
217.533 61.1871 3.70924 3.3099 68.725 971.899
218.652 60.2994 3.75689 3.34881 23.5289 1078.47
211.14 63.4056 3.84552 3.3794 84.1727 563.106
219.217 60.1294 3.74237 3.38121 40.7584 1114.9
216.221 60.072 3.7867 3.43337 60.7605 988.214
218.856 60.4399 3.73313 3.30312 22.5384 1078.31
216.546 61.2275 3.7386 3.31511 74.7763 925.065
212.138 64.8736 3.78163 3.60729 171.903 569.705
198.929 70.2043 3.74845 3.32253 104.413 589.501
203.383 71.3221 3.79836 3.2976 94.8816 724.971
205.026 71.0033 3.81329 3.41522 126.577 706.938
234.753 71.9871 3.75904 3.25613 89.4123 1591.71
198.198 69.3641 3.76822 3.3733 93.2969 500.411
202.84 70.0079 3.77994 3.35883 120.41 577.526
205.387 69.6211 3.7906 3.2726 97.2735 569.704
206.58 70.34 3.78518 3.27171 109.816 661.855
194.656 68.2746 3.7937 3.54368 100.893 442.905
196.822 68.4753 3.78745 3.47333 79.2292 419.943
198.806 68.6483 3.75918 3.30047 132.969 417.679
200.413 69.1049 3.78494 3.31232 121.166 465.026
205.217 69.1565 3.79381 3.36062 102.672 520.455
209.387 69.836 3.76612 3.49221 112.71 675.144
211.299 69.72 3.77729 3.30258 104.034 717.086
215.088 69.9175 3.7777 3.27891 84.1797 845.561
216.289 69.626 3.79316 3.32115 71.2323 868.166
235.93 69.3475 3.83751 3.49361 73.458 1603.24
201.885 68.4946 3.7764 3.33777 158.283 404.543
203.387 68.7132 3.78561 3.32654 129.847 445.214
207.318 68.8799 3.76056 3.3772 154.596 541.078
209.319 68.9656 3.76606 3.30424 105.401 602.646
211.177 69.1532 3.78741 3.27604 103.373 672.102
213.625 69.322 3.77368 3.30158 95.9822 761.433
219.035 69.243 3.79077 3.31212 104.619 947.514
221.263 69.3286 3.78807 3.35472 98.3348 1033.59
203.811 68.2575 3.77778 3.4471 188.095 405.269
206.028 68.4414 3.74668 3.35122 109.648 470.29
208.187 68.1343 3.80557 3.35506 142.391 505.955
210.384 68.0584 3.80685 3.37805 150.002 574.382
211.513 68.0748 3.79423 3.38256 152.658 615.782
214.432 68.1207 3.77013 3.37629 164.565 727.516
218.405 68.1861 3.77331 3.48048 125.969 886.073
220.465 68.6043 3.78535 3.45365 117.551 980.01
222.103 68.3889 3.79426 3.50597 113.389 1039.9
223.281 66.3701 3.82505 3.56364 170.192 1072.84
206.517 67.2221 3.79749 3.42499 201.224 386.479
207.821 67.5076 3.79118 3.34924 133.576 450.379
212.113 67.5187 3.78419 3.39149 131.01 611.552
214.357 67.5933 3.77003 3.46087 138.532 704.166
215.855 67.6946 3.77015 3.48898 112.604 768.259
220.128 67.6136 3.77995 3.5615 152.177 943.391
224.214 67.6106 3.7967 3.53069 116.85 1115.92
226.258 67.441 3.81894 3.54679 101.375 1202.22
208.493 66.9214 3.81845 3.41628 190.117 441.55
209.976 66.7108 3.78406 3.5098 192.143 492.77
212.525 66.7004 3.78993 3.57093 159.869 600.53
213.899 66.7653 3.79809 3.65969 216.854 661.263
216.215 66.9498 3.80667 3.60899 149.889 764.941
218.345 66.8088 3.80435 3.62155 108.105 855.434
221.978 66.9116 3.81532 3.57554 117.97 1015.19
223.778 66.9808 3.82477 3.56827 147.429 1094.09
225.729 66.9227 3.82745 3.53157 100.341 1179.36
208.623 65.8937 3.74769 3.65151 220.361 410.135
210.457 65.8251 3.75786 3.63741 167.758 491.66
212.122 65.8371 3.77882 3.63381 234.287 567.512
214.181 66.267 3.79096 3.55981 151.563 665.045
218.473 66.2305 3.79868 3.56639 254.267 857.318
221.631 66.2191 3.81964 3.56684 154.514 999.415
225.657 65.8052 3.83056 3.55363 162.292 1185.14
214.843 62.3987 3.76747 3.23609 51.6936 781.212
213.052 64.4091 3.79921 3.63393 111.905 620.753
208.018 65.18 3.76899 3.68534 189.357 374.036
210.64 65.1479 3.76429 3.56373 192.251 496.995
216.846 65.3064 3.78746 3.59699 170.16 785.742
218.385 65.6035 3.79123 3.55027 179.714 854.621
220.064 65.4483 3.78759 3.54099 135.411 933.425
221.694 65.3609 3.79412 3.53642 145.743 1009.73
223.623 65.2225 3.8135 3.53953 163.008 1101.04
214.63 64.613 3.79099 3.62692 140.022 691.245
216.436 64.5012 3.7926 3.62386 203.169 778.689
221.784 64.453 3.80001 3.6119 40.8636 1031.52
221.784 64.4525 3.80762 3.57089 116.207 1031.51
223.67 64.5753 3.80734 3.53755 173.448 1116.84
195.344 61.9331 3.77382 3.57651 124.343 409.849
214.222 63.8036 3.85185 3.51935 90.5326 692.505
217.924 64.0292 3.80932 3.59809 85.1797 860.706
222.48 63.8433 3.80566 3.57809 105.622 1081.47
197.317 61.3416 3.78664 3.49388 153.779 424.311
198.513 61.678 3.7466 3.53276 224.22 371.715
200.525 61.7105 3.78432 3.48867 171.921 360.313
205.146 62.1816 3.75409 3.28381 94.5585 396.672
206.12 62.4787 3.75747 3.71887 86.9089 404.739
216.652 63.0254 3.83155 3.49511 80.8147 835.914
218.173 63.0618 3.83125 3.56222 74.0613 905.896
221.871 63.109 3.80585 3.56813 85.099 1078.65
193.799 60.3849 3.81689 3.66931 147.356 600.473
196.65 60.4135 3.77915 3.45133 89.4913 533.854
198.04 60.7515 3.78532 3.56757 162.025 477.964
199.312 60.6947 3.77728 3.5269 114.206 474.482
201.041 61.0224 3.79524 3.42202 120.254 438.982
202.562 61.4009 3.76981 3.46222 96.2819 413.324
204.176 61.4907 3.82392 3.49123 109.13 435.523
206.868 61.8823 3.74664 3.50387 89.9596 479.845
209.88 61.7531 3.77955 3.50393 61.4107 604.242
212.274 61.7929 3.76199 3.48282 88.0286 701.679
213.825 62.1067 3.76314 3.29557 56.2238 750.933
217.004 62.4013 3.8057 3.33682 78.0135 880.755
218.122 62.3579 3.81973 3.45624 65.111 934.905
221.538 62.4435 3.8141 3.55792 102.661 1091.1
223.206 62.5763 3.80608 3.58236 82.7321 1163.91
225.609 62.2024 3.81429 3.63649 117.195 1294.41
198.315 59.9237 3.80825 3.63414 170.27 566.139
199.908 60.1686 3.79296 3.45089 138.08 531.537
201.231 60.4742 3.7668 3.51031 85.1168 500.819
202.813 60.5269 3.76663 3.45913 88.2495 510.801
204.11 60.6801 3.79665 3.5006 96.2314 516.688
205.516 60.8132 3.78484 3.33158 56.9941 535.848
207.791 61.2001 3.75982 3.42001 61.5348 569.478
215.402 61.6061 3.74926 3.28538 62.7656 850.868
222.911 61.4593 3.84204 3.5243 47.9105 1204.49
224.22 61.4862 3.81028 3.48906 58.5267 1264.45
226.918 61.1512 3.82255 3.53898 75.7091 1409.22
198.736 59.2533 3.81009 3.53217 107.782 637.311
200.175 59.1767 3.7684 3.44295 90.6622 641.978
201.907 59.5938 3.78466 3.59151 74.3453 602.884
202.905 59.7733 3.76793 3.48218 86.9942 593.566
205.68 60.1952 3.80626 3.5149 51.1691 601.154
207.376 60.0815 3.7226 3.44363 70.0203 657.8
210.276 60.4814 3.75054 3.25357 69.8562 718.497
221.424 60.3024 3.73341 3.26087 82.7345 1203.14
202.009 59.0314 3.77134 3.60707 91.6207 665.737
203.561 59.1953 3.77085 3.47732 98.2827 664.91
212.597 59.9979 3.77558 3.3948 50.1926 845.68
222.262 59.6304 3.74816 3.35708 52.0491 1284.77
223.04 60.1218 3.73471 3.29617 64.0178 1288.42
226.285 59.5898 3.73978 3.29578 43.1957 1471.75
212.566 65.1171 3.75881 3.58367 144.7 587.497
203.344 58.6774 3.75898 3.44692 75.0086 718.172
204.113 58.2637 3.7634 3.53231 82.9803 773.376
213.66 59.4296 3.76664 3.36144 49.7206 932.792
202.426 57.5673 3.772 3.4416 47.7992 830.616
203.613 57.6397 3.76396 3.41348 37.2756 834.515
224.26 58.4133 3.75936 3.35155 50.2406 1458.9
225.482 58.2747 3.76379 3.34446 36.7778 1523.76
197.939 55.703 3.82986 3.52261 82.0803 1035.49
200.447 56.2848 3.77047 3.54207 62.9271 964.238
223.768 57.9616 3.77152 3.39571 43.8094 1469.85
225.424 57.4688 3.77717 3.37928 47.6238 1579.94
228.869 57.9128 3.74933 3.41097 40.4667 1703.69
227.048 56.8144 3.77973 3.48333 27.5689 1701.63
229.75 56.9811 3.75435 3.39115 52.5428 1811.18
212.138 64.8735 3.77509 3.5998 75.1696 569.697
210.428 68.6408 3.80878 3.34409 111.5 613.073
227.653 56.4191 3.7767 3.43906 37.4623 1758.9
209.931 62.7622 3.61016 2.2351 42.6159 540.764
211.063 63.7323 3.84209 3.43306 117.977 546.594
211.14 63.4057 3.84552 3.37941 84.1727 563.107
218.547 60.1369 3.93689 4.10968 45.5855 1084.69
217.908 60.4896 3.75069 3.37325 37.9924 1032.89
217.507 60.403 3.74754 3.43493 30.2932 1020.92
218.338 61.0595 3.70438 3.30238 45.0575 1016.04
216.296 60.3923 3.78671 3.51101 44.7863 968.856
216.716 60.1205 3.79408 3.42618 45.02 1005.95
215.271 60.5805 3.77484 3.45719 45.6633 911.69
216.679 60.2805 3.77916 3.43092 37.2852 993.158
218.244 60.7315 3.73096 3.32593 50.4528 1032.19
217.659 60.602 3.74119 3.38768 44.0327 1014.44
216.749 60.4427 3.78533 3.4574 42.2664 985.047
217.639 60.9231 3.72571 3.33171 63.5242 992.983
218.995 60.8241 3.71576 3.27959 67.8602 1060.22
216.976 61.3836 3.72654 3.2644 59.1419 934.947
218.049 60.1785 3.76053 3.39054 52.6315 1059.95
216.031 60.2361 3.78182 3.44103 40.0441 968.394
217.533 61.187 3.7093 3.30995 68.725 971.914
218.652 60.2994 3.75689 3.34881 23.5289 1078.47
219.217 60.1294 3.74237 3.38121 40.7584 1114.9
216.221 60.072 3.7867 3.43337 60.7605 988.214
218.856 60.4399 3.73313 3.30312 22.5384 1078.31
216.546 61.2275 3.7386 3.31511 74.7763 925.065
