# evlo=220.064499 evla=65.448303
194.627 64.5646 3.79559 3.57339 158.531 1195.53
217.908 60.4896 3.8106 3.42521 75.4366 563.333
217.654 61.036 3.77394 3.38102 53.2145 506.425
217.507 60.403 3.77735 3.36462 52.9731 577.045
218.338 61.0595 3.80631 3.45876 102.17 496.781
220.363 59.9534 3.75166 3.36887 69.3449 612.631
216.3 60.3932 3.75382 3.29551 73.4537 594.771
216.716 60.1205 3.75266 3.31785 64.644 617.721
215.395 60.9677 3.71116 3.31559 126.319 551.58
209.013 64.0997 3.82918 3.51484 222.851 546.04
209.094 59.7511 3.75664 3.30601 78.6274 846.644
209.259 59.7417 3.75696 3.32469 85.3057 841.956
210.701 64.1732 3.81962 3.46284 135.683 466.505
208.846 60.7683 3.75676 3.36861 85.4994 767.989
207.916 63.4188 3.84573 3.51094 231.926 626.217
212.195 64.6453 3.82743 3.55099 277.304 380.996
204.378 55.8218 3.75992 3.31764 37.0396 1365.96
200.411 54.831 3.76762 3.25094 45.2119 1596.45
207.685 63.8827 3.83222 3.53932 211.408 615.38
208.763 59.5251 3.74468 3.29236 74.3904 877.99
209.796 67.2269 3.80571 3.44622 142.283 500.232
216.907 60.7523 3.75995 3.34845 83.9245 547.002
218.66 60.9649 3.80042 3.44339 96.149 504.68
209.738 62.4058 3.82234 3.51516 168.311 608.553
217.513 60.0823 3.7905 3.42243 60.3315 611.992
212.624 63.0753 3.83351 3.40366 114.685 446.827
214.225 61.1292 3.70568 3.35958 138.144 563.053
214.25 60.5487 3.70648 3.41966 187.456 619.95
196.582 54.8564 3.77467 3.44807 47.9533 1739.82
213.401 60.7277 3.72271 3.38494 128.629 623.907
209.784 61.1426 3.77565 3.3999 75.7111 702.923
188.296 63.7758 3.80345 3.60437 146.42 1515.19
203.121 64.7461 3.80605 3.57057 166.548 797.809
211.074 61.771 3.78104 3.36747 68.3406 604.78
216.188 61.4417 3.70645 3.33028 151.526 486.491
212.904 60.8792 3.74424 3.3963 164.546 623.332
215.271 60.5805 3.72753 3.38296 92.7905 594.019
216.679 60.2805 3.73003 3.32207 120.933 601.016
218.244 60.7315 3.7964 3.42738 76.8385 533.672
213.497 60.396 3.71413 3.38629 142.43 653.816
215.738 60.3351 3.72727 3.31631 86.8647 610.583
208.348 59.6572 3.75671 3.31005 90.0202 880.428
217.659 60.6024 3.7826 3.41709 108.347 553.586
216.749 60.4427 3.74284 3.34696 133.118 582.565
217.639 60.9231 3.78554 3.41656 125.369 518.87
218.995 60.824 3.7586 3.37479 56.7044 518.235
216.976 61.3836 3.74111 3.38844 127.886 478.488
211.063 63.7318 3.84561 3.50336 227.523 471.181
218.049 60.1785 3.80477 3.42622 64.6885 596.205
216.031 60.2361 3.73015 3.30722 92.965 615.916
217.533 61.1871 3.76618 3.40398 103.354 491.539
218.652 60.2994 3.77275 3.29197 22.597 578.338
211.14 63.4056 3.83213 3.4528 174.856 486.006
219.217 60.1294 3.71258 3.28316 74.8375 594.395
216.221 60.072 3.73444 3.32431 97.5497 630.294
218.856 60.4399 3.75092 3.25304 43.3852 561.575
216.546 61.2275 3.72244 3.34067 134.225 502.221
212.138 64.8736 3.82103 3.55642 279.154 376.886
203.383 71.3221 3.762 3.44715 30.5935 942.75
234.753 71.9871 3.91789 3.53186 104.534 936.27
198.198 69.3641 3.7571 3.34334 34.5447 1027.13
202.84 70.0079 3.79638 3.31134 30.3649 883.776
205.387 69.6211 3.79092 3.31352 58.0625 776.913
206.58 70.34 3.80121 3.32816 60.3001 783.318
194.656 68.2746 3.80038 3.39505 94.3821 1148.98
196.822 68.4753 3.79668 3.36771 82.3855 1062.49
198.806 68.6483 3.79178 3.35611 69.7693 985.702
200.413 69.1049 3.7839 3.3168 71.1325 934.949
205.217 69.1565 3.8009 3.28132 58.8005 758.68
209.387 69.836 3.75556 3.34255 54.2505 665.338
211.299 69.72 3.77083 3.29136 50.8153 603.975
215.088 69.9175 3.76882 3.42692 82.376 540.851
216.289 69.626 3.79453 3.48726 61.391 492.762
235.93 69.3475 3.98399 3.60039 88.9866 804.171
196.917 67.6988 3.7811 3.33156 68.7762 1050.76
201.885 68.4946 3.7791 3.36896 73.1877 859.448
203.387 68.7132 3.7854 3.37028 75.5291 807.856
207.318 68.8799 3.79099 3.26206 66.7142 669.888
209.319 68.9656 3.78891 3.30065 61.7711 606.693
211.177 69.1532 3.78591 3.22142 48.3971 562.277
213.625 69.322 3.81174 3.44947 57.1921 512.311
219.035 69.243 3.89123 3.44362 75.3508 425.501
221.263 69.3286 3.91009 3.54696 134.52 435.785
198.174 67.082 3.79252 3.47928 102.595 994.866
199.397 67.4213 3.78595 3.42277 107.19 943.431
202.768 67.4572 3.7874 3.42434 105.098 800.247
203.811 68.2575 3.77554 3.343 110.917 776.015
206.028 68.4414 3.78519 3.35415 71.2199 696.351
208.187 68.1343 3.80113 3.332 90.2608 600.902
210.384 68.0584 3.77927 3.35017 124.806 515.519
211.513 68.0748 3.79056 3.38654 72.516 476.457
214.432 68.1207 3.83655 3.33211 103.777 387.321
193.671 65.4742 3.80392 3.59651 108.924 1214.64
195.352 65.7077 3.79968 3.58595 200.494 1133.6
198.75 66.442 3.80635 3.57325 161.083 971.344
200.349 66.6001 3.80168 3.56537 105.086 899.632
202.227 66.8332 3.80972 3.56137 134.744 817.115
204.275 67.0486 3.815 3.5669 153.219 729.83
206.517 67.2221 3.80835 3.563 141.155 636.938
207.821 67.5076 3.78056 3.41708 88.7938 590.596
212.113 67.5187 3.81038 3.35425 118.487 422.324
195.961 64.9941 3.7938 3.57595 152.804 1121.9
197.645 65.3936 3.79536 3.57441 141.566 1035.49
199.349 65.5011 3.7983 3.58894 194.844 955.593
201.346 65.895 3.8006 3.60507 212.004 859.052
202.913 66.1434 3.79338 3.57515 167.649 786.293
206.494 66.5156 3.80409 3.60475 132.52 626.65
208.493 66.9214 3.80815 3.60755 159.46 545.93
209.976 66.7108 3.80289 3.59117 231.109 477.227
212.525 66.7004 3.83669 3.51086 179.562 368.508
197.761 64.6379 3.79345 3.55872 145.231 1048.8
200.087 64.937 3.78759 3.54099 135.411 933.425
201.637 65.1527 3.7961 3.54627 154.939 857.122
203.551 65.5276 3.80438 3.56767 185.146 762.67
205.119 65.4924 3.80742 3.57432 159.336 691.022
207.195 65.6571 3.8 3.57192 208.197 593.967
208.623 65.8937 3.79393 3.55265 219.826 527.791
210.457 65.8251 3.78451 3.54847 234.358 443.981
212.122 65.8371 3.78675 3.62576 201.726 367.978
214.843 62.3987 3.73849 3.39394 132.685 425.389
199.305 63.8864 3.81835 3.53931 136.611 1001.88
205.522 64.7962 3.81795 3.56931 172.516 685.231
208.018 65.18 3.81177 3.58739 211.026 561.561
210.64 65.1479 3.80554 3.53234 276.302 440.517
196.446 62.7492 3.80686 3.53487 128.421 1182.47
199.398 63.2842 3.81524 3.53703 152.708 1021.66
200.922 63.3965 3.81318 3.54057 102.084 946.368
203.285 63.465 3.82282 3.55073 207.874 834.545
204.379 63.994 3.82202 3.55453 196.265 762.923
205.853 64.1767 3.8162 3.55266 162.657 688.256
195.344 61.9331 3.8125 3.61755 129.939 1274.5
198.469 62.2938 3.81308 3.61516 140.075 1111.76
201.699 62.7161 3.83044 3.58954 179.887 942.346
205.93 63.3569 3.837 3.53697 135.283 718.595
197.317 61.3416 3.81941 3.5346 81.9744 1217.29
198.513 61.678 3.82948 3.5813 110.345 1143.41
200.525 61.7105 3.81891 3.51016 141.951 1050.55
201.703 62.1344 3.82139 3.54366 106.875 973.192
203.311 62.2195 3.82427 3.50192 114.702 896.236
205.146 62.1816 3.82417 3.447 120.056 817.414
206.12 62.4787 3.81823 3.43614 166.001 757.026
193.799 60.3849 3.80426 3.53097 107.857 1435.63
196.65 60.4135 3.80904 3.5155 105.011 1304.77
198.04 60.7515 3.80858 3.53606 108.256 1220.78
199.312 60.6947 3.80509 3.51469 113.332 1167.79
201.041 61.0224 3.79927 3.50044 116.924 1070.16
202.562 61.4009 3.80563 3.50599 115.697 979.033
204.176 61.4907 3.81749 3.4761 166.064 903.15
205.609 61.9037 3.80679 3.43524 92.791 814.723
206.868 61.8823 3.80672 3.44764 148.496 762.658
209.88 61.7531 3.79666 3.41543 105.326 650.739
212.274 61.7929 3.78085 3.42164 107.176 560.771
213.825 62.1067 3.7453 3.4292 167.126 482.725
217.004 62.4013 3.74414 3.46951 224.359 371.281
218.122 62.3579 3.77052 3.50422 125.315 357.422
225.609 62.2024 3.87283 3.39192 77.2084 452.931
198.315 59.9237 3.80278 3.49995 92.6523 1263.54
199.908 60.1686 3.79872 3.50603 109.242 1177.03
201.231 60.4742 3.80582 3.515 77.8273 1098.59
202.813 60.5269 3.80699 3.47583 107.561 1027.26
204.11 60.6801 3.79267 3.46367 115.825 961.826
205.516 60.8132 3.77729 3.42131 104.112 894.155
207.791 61.2001 3.78404 3.42065 116.477 774.014
215.402 61.6061 3.70171 3.35389 155.877 486.794
222.911 61.4593 3.77042 3.41192 95.3795 466.661
224.22 61.4862 3.79667 3.58409 79.9285 487.603
226.918 61.1512 3.87944 3.33226 44.0956 588.854
198.736 59.2533 3.79841 3.50593 102.402 1293.01
200.175 59.1767 3.79658 3.51902 90.9652 1237.54
201.907 59.5938 3.79715 3.4912 107.407 1133.72
202.905 59.7733 3.78657 3.46699 131.08 1078.91
204.792 59.8542 3.75445 3.37982 93.1732 996.601
205.68 60.1952 3.76464 3.40255 58.6265 934.731
207.376 60.0815 3.77136 3.36942 107.049 879.054
210.276 60.4814 3.77266 3.36703 72.4988 742.094
219.809 60.7718 3.70172 3.30058 64.9408 521.415
221.424 60.3024 3.75828 3.31257 44.6182 577.684
223.909 60.7704 3.80237 3.50661 75.9805 556.121
190.452 56.6011 3.79308 3.62093 52.7236 1853.95
202.009 59.0314 3.78174 3.44177 73.0759 1172.97
203.561 59.1953 3.7643 3.37428 90.7306 1097.81
204.771 59.3922 3.75933 3.39043 139.313 1034.54
206.768 59.6524 3.7531 3.3657 79.3529 937.445
212.597 59.9979 3.74662 3.4177 146.603 716.543
222.262 59.6304 3.71577 3.38807 68.6183 658.114
223.04 60.1218 3.73298 3.51132 84.2414 612.633
227.183 60.2114 3.79682 3.46 61.5866 686.331
203.344 58.6774 3.76789 3.38301 123.109 1148.57
204.113 58.2637 3.76111 3.35311 76.3561 1154.17
204.991 58.6484 3.76368 3.39089 73.8799 1088.49
206.355 58.9287 3.76498 3.31162 88.6689 1014.5
207.606 58.6097 3.76044 3.30055 96.1579 999.507
213.66 59.4296 3.70484 3.40329 98.6751 747.033
227.731 58.9601 3.848 3.55674 68.3959 824.554
202.426 57.5673 3.75333 3.41796 91.6634 1277.62
205.548 57.5665 3.759 3.2884 71.7284 1164.41
225.482 58.2747 3.80828 3.42854 46.605 848.028
229.033 59.3946 3.77448 3.47436 51.1929 816.838
197.939 55.703 3.76649 3.45055 71.2803 1612.41
200.447 56.2848 3.75879 3.37698 61.9853 1464.41
223.768 57.9616 3.76895 3.45183 55.6328 856.646
225.424 57.4688 3.79254 3.47264 61.2711 933.184
228.869 57.9128 3.86167 3.48335 49.1529 958.435
227.048 56.8144 3.81234 3.4876 33.4892 1031.56
212.138 64.8735 3.86355 3.56064 93.7491 376.898
210.428 68.6408 3.79379 3.35009 61.1687 549.235
228.385 55.3279 3.80207 3.47445 58.8805 1214.93
227.653 56.4191 3.80418 3.51894 58.536 1085.17
209.931 62.7622 3.44095 3.12835 128.617 576.685
211.063 63.7323 3.84522 3.503 227.523 471.132
211.14 63.4057 3.83208 3.45276 174.856 486
218.547 60.1369 3.74621 3.39992 92.7904 596.996
217.908 60.4896 3.8106 3.42521 75.4366 563.333
217.507 60.403 3.77735 3.36462 52.9731 577.045
218.338 61.0595 3.8063 3.45875 102.17 496.78
216.296 60.3923 3.75477 3.29635 73.4537 594.922
216.716 60.1205 3.75266 3.31785 64.644 617.721
215.271 60.5805 3.72753 3.38296 92.7905 594.019
216.679 60.2805 3.73003 3.32207 120.933 601.016
218.244 60.7315 3.7964 3.42738 76.8385 533.672
217.659 60.602 3.78293 3.41739 108.347 553.635
216.749 60.4427 3.74284 3.34696 133.118 582.565
217.639 60.9231 3.78555 3.41657 125.369 518.872
218.995 60.8241 3.75852 3.37472 56.7044 518.224
216.976 61.3836 3.74111 3.38844 127.886 478.488
218.049 60.1785 3.80477 3.42622 64.6885 596.205
216.031 60.2361 3.73015 3.30722 92.965 615.916
217.533 61.187 3.76625 3.40404 103.354 491.547
218.652 60.2994 3.77275 3.29197 22.597 578.338
219.217 60.1294 3.71258 3.28316 74.8375 594.395
216.221 60.072 3.73444 3.32431 97.5497 630.294
218.856 60.4399 3.75092 3.25304 43.3852 561.575
216.546 61.2275 3.72244 3.34067 134.225 502.221
209.518 60.7352 3.86128 3.9412 20.346 746.423
209.518 60.7351 3.86125 3.94117 20.346 746.417
