# evlo=204.378601 evla=63.993999
194.627 64.5646 3.83855 3.53787 121.362 476.182
217.507 60.403 3.70748 3.25658 22.5544 789.831
218.338 61.0595 3.74319 3.15774 43.7206 787.551
220.363 59.9534 3.69525 3.2573 27.9502 947.93
216.3 60.3932 3.75624 3.33877 45.2913 737.359
216.716 60.1205 3.75256 3.45694 51.7072 774.328
215.395 60.9677 3.75338 3.16451 43.991 659.421
209.094 59.7511 3.75186 3.29959 57.5089 533.648
209.259 59.7417 3.75678 3.23876 54.3228 538.65
208.846 60.7683 3.76855 3.16797 62.4483 427.19
212.195 64.6453 3.79066 3.6547 168.514 384.727
204.378 55.8218 3.76957 3.53581 32.048 910.463
200.411 54.831 3.82146 3.48844 63.8562 1044.84
209.796 67.2269 3.77261 3.53271 140.635 438.189
216.907 60.7523 3.73247 3.14545 33.2034 740.511
218.66 60.9649 3.71906 3.12978 55.1852 807.912
217.513 60.0823 3.73208 3.36527 39.0409 811.631
212.624 63.0753 3.82325 3.39042 133.384 422.423
214.225 61.1292 3.73958 3.2677 71.105 597.714
215.93 63.6482 3.80545 3.5425 76.4004 569.374
214.25 60.5487 3.74527 3.4666 98.6721 639.366
196.582 54.8564 3.80459 3.61042 57.9733 1108.08
213.401 60.7277 3.74764 3.47377 67.4677 591.363
209.784 61.1426 3.75562 3.47359 78.8693 421.901
214.766 66.5657 3.8152 3.57009 141.22 562.322
188.296 63.7758 3.83632 3.63332 79.8928 788.441
211.074 61.771 3.7309 3.20651 65.3399 420.881
212.904 60.8792 3.74135 3.45967 84.4428 559.944
215.271 60.5805 3.74649 3.41596 33.6914 680.056
216.679 60.2805 3.75039 3.38129 53.605 761.596
218.244 60.7315 3.71562 3.14936 40.011 802.453
213.052 64.4091 3.78728 3.66421 203.986 423.532
213.497 60.396 3.74109 3.47182 58.228 620.399
215.738 60.3351 3.74789 3.41758 62.745 717.238
216.749 60.4427 3.74522 3.32839 39.7257 753.64
218.995 60.824 3.6936 3.06264 41.367 831.61
216.976 61.3836 3.77939 3.17572 42.7051 706.144
218.049 60.1785 3.71815 3.37403 37.7311 828.829
216.031 60.2361 3.74927 3.43741 57.8967 736.764
217.533 61.1871 3.73164 3.1462 39.972 742.962
218.652 60.2994 3.71136 3.28176 35.1704 847.97
219.217 60.1294 3.70278 3.25369 50.7336 884.479
216.221 60.072 3.75292 3.4553 65.703 756.604
216.546 61.2275 3.72229 3.11434 42.9246 695.182
212.138 64.8736 3.79302 3.65917 244.072 386.176
198.929 70.2043 3.76792 3.34463 91.0651 731.243
203.383 71.3221 3.80144 3.43587 79.2039 818.367
205.026 71.0033 3.76529 3.32014 72.2382 782.21
202.84 70.0079 3.77787 3.47224 94.4916 673.971
205.387 69.6211 3.79064 3.28506 82.7135 629.069
206.58 70.34 3.79146 3.30058 79.7015 714.008
196.822 68.4753 3.76529 3.23292 60.2696 603.453
198.806 68.6483 3.81979 3.50995 108.301 575.486
200.413 69.1049 3.76453 3.2852 94.2021 596.253
205.217 69.1565 3.80132 3.37058 86.245 576.884
209.387 69.836 3.78305 3.40494 114.058 686.851
211.299 69.72 3.77406 3.36413 101.703 706.062
215.088 69.9175 3.75151 3.44492 112.623 807.107
216.289 69.626 3.77963 3.49802 114.994 814.822
235.93 69.3475 3.84962 3.5826 53.5746 1495.61
201.885 68.4946 3.74819 3.35698 89.2224 514.135
203.387 68.7132 3.74465 3.38126 71.27 528.101
207.318 68.8799 3.79468 3.413 103.532 560.251
209.319 68.9656 3.77348 3.42255 128.611 596.047
211.177 69.1532 3.74857 3.34555 75.5057 648.77
213.625 69.322 3.74327 3.37148 114.641 719.668
219.035 69.243 3.80768 3.45377 106.064 870.229
221.263 69.3286 3.80005 3.51658 113.684 949.345
198.174 67.082 3.75199 3.38386 67.7571 447.704
202.768 67.4572 3.77964 3.39636 72.4681 393.131
203.811 68.2575 3.77413 3.38663 90.8822 476.103
206.028 68.4414 3.79974 3.41261 134.249 501.412
208.187 68.1343 3.74782 3.44645 118.997 492.62
210.384 68.0584 3.78319 3.36865 116.32 528.234
211.513 68.0748 3.77737 3.44244 112.974 557.575
218.405 68.1861 3.77162 3.50265 79.6258 785.273
220.465 68.6043 3.78654 3.61707 103.874 881.952
222.103 68.3889 3.81518 3.57264 89.9997 932.089
223.281 66.3701 3.83542 3.54306 166.589 920.342
193.671 65.4742 3.7518 3.39081 76.7395 535.397
195.352 65.7077 3.79962 3.38321 75.9973 468.367
198.75 66.442 3.70121 3.41685 125.966 379.023
206.517 67.2221 3.77702 3.41294 183.729 373.139
207.821 67.5076 3.77473 3.38221 142.619 422.22
212.113 67.5187 3.76311 3.6308 145.116 528.548
214.357 67.5933 3.81087 3.538 120.271 606.748
215.855 67.6946 3.78701 3.45109 109.333 665.437
220.128 67.6136 3.84921 3.57214 100.6 822.624
224.214 67.6106 3.84384 3.50818 74.5009 987.505
226.258 67.441 3.86474 3.54838 112.402 1068.47
195.961 64.9941 3.86999 3.37973 93.1017 419.307
208.493 66.9214 3.77814 3.68234 186.915 377.879
209.976 66.7108 3.77831 3.5111 179.738 399.278
212.525 66.7004 3.85507 3.56863 175.548 484.062
213.899 66.7653 3.84881 3.4879 88.6218 539.011
216.215 66.9498 3.82965 3.6344 232.288 638.425
218.345 66.8088 3.85533 3.6393 163.591 718.782
221.978 66.9116 3.84698 3.55649 137.16 874.883
223.778 66.9808 3.85007 3.5571 129.06 953.416
225.729 66.9227 3.85801 3.55662 103.506 1036.33
212.122 65.8371 3.84808 3.44537 285.308 419.728
214.181 66.267 3.81814 3.54833 123.541 524.557
218.473 66.2305 3.8133 3.5232 144.288 705.665
221.631 66.2191 3.82009 3.56185 205.091 844.626
225.657 65.8052 3.8384 3.55395 146.827 1022.38
214.843 62.3987 3.83578 3.39123 86.8577 555.154
213.052 64.4091 3.78728 3.66421 203.986 423.532
216.846 65.3064 3.81229 3.5859 206.872 612.419
218.385 65.6035 3.81703 3.55229 250.968 687.854
220.064 65.4483 3.82202 3.55453 196.265 762.923
221.694 65.3609 3.83755 3.55735 151.137 837.807
223.623 65.2225 3.83991 3.5502 133.01 927.532
196.446 62.7492 3.72435 3.62495 219.223 420.073
214.63 64.613 3.795 3.65768 254.159 500.395
216.436 64.5012 3.81483 3.67228 255.838 586.612
221.784 64.453 3.82013 3.55714 75.5508 843.762
221.784 64.4525 3.81873 3.58728 148.375 843.738
223.67 64.5753 3.82237 3.5272 168.128 932.94
195.344 61.9331 3.75795 3.60392 231.033 512.08
214.222 63.8036 3.80452 3.547 153.923 483.36
217.924 64.0292 3.81286 3.64762 122.932 661.299
222.48 63.8433 3.79841 3.56367 158.7 885.475
197.317 61.3416 3.8672 3.5575 165.499 466.84
198.513 61.678 3.90268 3.64454 190.187 394.66
216.652 63.0254 3.79393 3.53018 143.879 619.519
218.173 63.0618 3.79593 3.54837 180.871 692.734
221.871 63.109 3.79618 3.61116 166.853 872.399
193.799 60.3849 3.79922 3.49283 128.929 680.761
196.65 60.4135 3.80766 3.52864 139.949 565.891
198.04 60.7515 3.81148 3.63565 153.204 487.642
199.312 60.6947 3.81732 3.60376 128.294 451.503
201.041 61.0224 3.83958 3.63319 167.344 373.07
209.88 61.7531 3.75152 3.36237 80.2439 374.947
212.274 61.7929 3.77605 3.21047 59.8266 470.07
213.825 62.1067 3.85559 3.30097 81.1618 521.462
217.004 62.4013 3.76775 3.39432 120.028 658.516
218.122 62.3579 3.77894 3.43726 104.98 714.273
221.538 62.4435 3.78622 3.53472 110.961 877.266
223.206 62.5763 3.7896 3.57011 108.643 954.216
225.609 62.2024 3.80234 3.58135 159.592 1085.3
198.315 59.9237 3.82416 3.75465 154.198 553.556
199.908 60.1686 3.81228 3.50248 128.683 485.882
201.231 60.4742 3.81691 3.48997 129.942 424.927
202.813 60.5269 3.78993 3.57079 173.827 394.84
204.11 60.6801 3.82118 3.57668 113.95 369.598
205.516 60.8132 3.81429 3.58471 90.8107 359.337
207.791 61.2001 3.78964 3.40157 108.713 357.233
215.402 61.6061 3.83079 3.23226 54.9978 621.117
222.911 61.4593 3.79244 3.49621 72.041 985.047
224.22 61.4862 3.77603 3.53952 120.001 1047.35
226.918 61.1512 3.79615 3.53471 86.5549 1194.27
198.736 59.2533 3.79715 3.57737 157.232 606.665
200.175 59.1767 3.79536 3.52244 119.774 581.095
201.907 59.5938 3.78964 3.53043 177.642 507.31
202.905 59.7733 3.77667 3.56458 126.171 476.676
204.792 59.8542 3.79833 3.61545 76.2159 461.864
205.68 60.1952 3.80735 3.57494 58.5425 428.763
207.376 60.0815 3.76639 3.46817 102.583 463.265
210.276 60.4814 3.73665 3.22068 59.2324 496.832
219.809 60.7718 3.69086 3.12703 42.7682 872.554
221.424 60.3024 3.72681 3.17287 65.4618 975.468
190.452 56.6011 3.82976 3.54964 38.1065 1122.93
202.009 59.0314 3.80868 3.54868 133.571 567.118
203.561 59.1953 3.77481 3.57016 152.298 536.509
204.771 59.3922 3.80726 3.66033 95.5439 513.243
206.768 59.6524 3.76968 3.29724 84.1344 499.869
212.597 59.9979 3.80756 2.96623 21.625 618.626
222.262 59.6304 3.70556 3.23204 70.7165 1055.88
223.04 60.1218 3.74112 3.22627 66.1479 1062.06
212.566 65.1171 3.80976 3.67193 268.062 411.809
203.344 58.6774 3.78046 3.57078 87.1734 595.012
204.113 58.2637 3.77807 3.57487 80.4883 638.69
204.991 58.6484 3.77538 3.53929 69.164 596.578
206.355 58.9287 3.78351 3.43774 87.2236 574.145
207.606 58.6097 3.7345 3.52359 90.7375 624.224
213.66 59.4296 3.76278 3.21844 45.8933 705.607
227.731 58.9601 3.75733 3.33952 32.6601 1354.98
202.426 57.5673 3.79689 3.51952 93.3365 723.866
203.613 57.6397 3.80814 3.56478 54.7794 709.242
224.26 58.4133 3.73477 3.36762 37.0139 1229.03
225.482 58.2747 3.74211 3.33788 36.4203 1294.66
197.939 55.703 3.76676 3.51662 56.0377 990.529
200.447 56.2848 3.80404 3.50603 60.0023 885.841
223.768 57.9616 3.75474 3.44154 46.4711 1238.97
225.424 57.4688 3.74066 3.41748 49.7885 1349.43
228.869 57.9128 3.74425 3.34222 47.8941 1477.19
227.048 56.8144 3.75457 3.48624 29.9811 1471.3
229.75 56.9811 3.74646 3.37781 53.5351 1583.39
212.138 64.8735 3.82619 3.65035 110.033 386.165
210.428 68.6408 3.75891 3.33899 96.3697 584.247
226.879 56.1146 3.77316 3.50316 36.1678 1517.2
229.974 55.9154 3.75976 3.46612 28.1029 1672.26
227.653 56.4191 3.75494 3.45114 45.2982 1528.47
218.547 60.1369 3.96367 4.28077 33.8583 853.8
217.507 60.403 3.70748 3.25658 22.5544 789.831
218.338 61.0595 3.74322 3.15776 43.7206 787.556
216.296 60.3923 3.7558 3.33838 45.2913 737.273
216.716 60.1205 3.75256 3.45694 51.7072 774.328
215.271 60.5805 3.74649 3.41596 33.6914 680.056
216.679 60.2805 3.75039 3.38129 53.605 761.596
218.244 60.7315 3.71562 3.14936 40.011 802.453
216.749 60.4427 3.74522 3.32839 39.7257 753.64
218.995 60.8241 3.69358 3.06262 41.367 831.605
216.976 61.3836 3.77939 3.17572 42.7051 706.144
218.049 60.1785 3.71815 3.37403 37.7311 828.829
216.031 60.2361 3.74927 3.43741 57.8967 736.764
217.533 61.187 3.73171 3.14626 39.972 742.977
218.652 60.2994 3.71136 3.28176 35.1704 847.97
219.217 60.1294 3.70278 3.25369 50.7336 884.479
216.221 60.072 3.75292 3.4553 65.703 756.604
216.546 61.2275 3.72229 3.11434 42.9246 695.182
