# evlo=201.698593 evla=62.716099
194.627 64.5646 3.73916 3.76401 91.0302 406.234
217.908 60.4896 3.76498 3.31689 72.4737 892.745
217.654 61.036 3.74446 3.30142 49.5584 857.649
217.507 60.403 3.78344 3.32077 55.4917 876.325
218.338 61.0595 3.72805 3.29422 96.688 891.646
220.363 59.9534 3.77154 3.34918 81.8219 1041.32
216.3 60.3932 3.76854 3.32885 66.497 816.13
225.144 58.5792 3.75154 3.31235 53.4651 1353.76
216.716 60.1205 3.76425 3.28164 43.4384 850.032
215.395 60.9677 3.7644 3.32718 115.251 745.63
209.013 64.0997 3.78895 3.61753 270.049 396.368
209.094 59.7511 3.77404 3.33837 63.0629 516.109
209.259 59.7417 3.77677 3.31962 72.055 523.631
210.701 64.1732 3.78747 3.57876 146.095 477.185
208.846 60.7683 3.75556 3.18792 59.8408 435.267
212.195 64.6453 3.83808 3.58668 165.367 561.362
204.378 55.8218 3.75266 3.40331 49.3385 782.892
200.411 54.831 3.80166 3.53237 66.9787 881.434
208.763 59.5251 3.76739 3.3419 50.3638 520.454
209.796 67.2269 3.80057 3.58989 151.81 630.755
216.907 60.7523 3.76295 3.29367 70.2407 830.907
218.66 60.9649 3.73601 3.29073 98.3552 911.583
209.738 62.4058 3.80262 3.44201 128.154 414.631
217.513 60.0823 3.77897 3.30207 56.7631 891.699
212.624 63.0753 3.75612 3.46398 139.746 556.364
214.225 61.1292 3.76141 3.34315 131.706 680.161
215.93 63.6482 3.78211 3.50222 96.2557 722.603
214.25 60.5487 3.77616 3.2711 88.9238 706.662
196.582 54.8564 3.77473 3.57556 65.58 923.435
213.401 60.7277 3.80302 3.32822 62.8482 656.145
209.784 61.1426 3.80263 3.2662 69.9313 459.009
214.766 66.5657 3.83118 3.54769 113.488 755.632
188.296 63.7758 3.75158 3.42298 58.8417 682.361
211.074 61.771 3.76424 3.32939 86.4358 498.102
216.188 61.4417 3.73935 3.35039 144.11 768.715
212.904 60.8792 3.78919 3.35023 106.189 624.521
215.271 60.5805 3.76622 3.30046 62.1462 756.006
216.679 60.2805 3.7655 3.31918 62.9433 840.429
218.244 60.7315 3.74887 3.27666 99.4887 899.554
213.052 64.4091 3.80542 3.57279 172.555 593.968
213.497 60.396 3.79578 3.33964 64.0799 677.132
215.738 60.3351 3.78349 3.31177 74.5373 790.829
208.348 59.6572 3.78713 3.44504 46.8769 493.649
217.659 60.6024 3.77059 3.30609 62.3478 875.271
225.615 58.2758 3.75822 3.35609 55.9049 1394.57
216.749 60.4427 3.77122 3.30736 73.9288 836.387
217.639 60.9231 3.7521 3.29214 84.0348 861.211
218.995 60.824 3.73684 3.27084 89.4397 934.078
216.976 61.3836 3.737 3.33468 117.104 810.857
211.063 63.7318 3.74994 3.56708 230.98 483.804
218.049 60.1785 3.77379 3.31753 62.2342 914.003
216.031 60.2361 3.7823 3.31731 62.751 810.232
217.533 61.1871 3.73943 3.31638 114.224 845.992
218.652 60.2994 3.76604 3.31249 50.3917 938.801
211.14 63.4056 3.75397 3.52283 174.287 483.103
219.217 60.1294 3.77259 3.33385 103.575 975.145
216.221 60.072 3.75944 3.28905 50.2247 827.86
218.856 60.4399 3.75902 3.30465 82.8397 942.862
216.546 61.2275 3.74643 3.33781 128.186 794.237
212.138 64.8736 3.85715 3.6197 135.149 567.122
198.929 70.2043 3.76146 3.34642 52.2487 843.897
203.383 71.3221 3.76847 3.3416 103.989 962.455
205.026 71.0033 3.79033 3.36261 69.4471 935.283
198.198 69.3641 3.75797 3.27852 51.6298 757.785
202.84 70.0079 3.75968 3.29382 91.113 814.688
205.387 69.6211 3.7894 3.35194 91.8027 787.386
206.58 70.34 3.80755 3.39561 94.5727 876.759
194.656 68.2746 3.79609 3.54882 74.8353 699.304
196.822 68.4753 3.75793 3.44464 108.91 679.894
198.806 68.6483 3.79637 3.41829 58.7589 674.502
200.413 69.1049 3.76949 3.42058 77.088 714.751
205.217 69.1565 3.79982 3.36508 131.978 735.48
209.387 69.836 3.78183 3.3797 93.6573 864.239
211.299 69.72 3.73909 3.43041 107.733 890.255
215.088 69.9175 3.80201 3.52065 100.98 998.04
216.289 69.626 3.81146 3.44893 76.8417 1008.04
235.93 69.3475 3.86803 3.60123 89.635 1689.42
196.917 67.6988 3.74903 3.50428 118.989 598.525
201.885 68.4946 3.75886 3.40037 81.4064 644.365
203.387 68.7132 3.7947 3.39218 76.0489 673.105
207.318 68.8799 3.80497 3.47892 117.41 733.102
209.319 68.9656 3.76913 3.37544 104.071 777.66
211.177 69.1532 3.75634 3.43021 106.872 835.376
213.625 69.322 3.78999 3.53269 138.668 910.637
219.035 69.243 3.786 3.41364 95.6646 1065.64
198.174 67.082 3.75899 3.42182 90.8416 514.38
199.397 67.4213 3.77422 3.5737 95.4855 535.565
202.768 67.4572 3.77516 3.4487 99.0732 530.97
203.811 68.2575 3.78798 3.45294 109.194 625.471
206.028 68.4414 3.78755 3.46799 106.605 668.515
208.187 68.1343 3.76944 3.44607 102.551 674.219
210.384 68.0584 3.78398 3.48035 90.4691 718.179
211.513 68.0748 3.79357 3.57142 128.068 749.881
214.432 68.1207 3.84466 3.52546 100.203 841.189
222.103 68.3889 3.83285 3.6345 109.158 1126.82
223.281 66.3701 3.84741 3.53603 90.8405 1105.79
193.671 65.4742 3.71632 3.685 94.5998 497.16
195.352 65.7077 3.75183 3.33597 66.4503 453.698
198.75 66.442 3.78627 3.53065 81.6256 438.641
200.349 66.6001 3.76121 3.45914 90.5067 437.767
202.227 66.8332 3.80787 3.45182 141.855 459.695
204.275 67.0486 3.77507 3.53779 128.324 498.113
206.517 67.2221 3.80146 3.47898 101.389 551.142
207.821 67.5076 3.80481 3.44622 90.7827 606.08
212.113 67.5187 3.84273 3.71638 145.236 723.425
214.357 67.5933 3.81192 3.52966 118.832 802.386
215.855 67.6946 3.79739 3.61109 146.824 860.969
220.128 67.6136 3.81714 3.57962 93.3591 1016.21
224.214 67.6106 3.81338 3.53313 70.6177 1179.13
226.258 67.441 3.84308 3.55926 73.289 1258.59
195.961 64.9941 3.73067 3.45299 107.008 379.366
197.645 65.3936 3.7927 3.56486 128.077 358
202.913 66.1434 3.77645 3.53824 143.262 386.523
206.494 66.5156 3.81385 3.53876 102.659 481.446
208.493 66.9214 3.77812 3.50466 89.9433 568.474
209.976 66.7108 3.81702 3.82436 167.008 594.122
212.525 66.7004 3.82554 3.51523 132.816 679.462
213.899 66.7653 3.81276 3.52334 127.885 733.772
216.215 66.9498 3.8246 3.61029 105.737 832.126
218.345 66.8088 3.85377 3.50667 85.1988 910.182
221.978 66.9116 3.83897 3.50085 108.284 1064.36
223.778 66.9808 3.85085 3.53194 149.227 1142.33
225.729 66.9227 3.85482 3.553 84.7069 1224.12
207.195 65.6571 3.8081 3.64001 182.841 422.616
208.623 65.8937 3.81657 3.71458 135.235 487.11
210.457 65.8251 3.85891 3.53075 121.692 547.128
212.122 65.8371 3.82771 3.5801 159.318 612.06
214.181 66.267 3.84723 3.60992 100.72 716.924
218.473 66.2305 3.8348 3.57286 119.627 893.281
221.631 66.2191 3.8403 3.56456 153.808 1029.86
225.657 65.8052 3.86239 3.60397 84.3023 1202.93
214.843 62.3987 3.73732 3.46808 123.61 675.886
213.052 64.4091 3.80542 3.57279 172.555 593.968
208.018 65.18 3.8849 3.59067 130.817 413.677
210.64 65.1479 3.86716 3.52664 153.434 514.902
216.846 65.3064 3.83199 3.59735 173.319 792.743
218.385 65.6035 3.83805 3.63788 137.588 870.038
220.064 65.4483 3.83044 3.58954 179.887 942.346
221.694 65.3609 3.83002 3.59766 103.996 1015.59
223.623 65.2225 3.8317 3.59437 136.13 1103.49
214.63 64.613 3.82943 3.57162 259.429 672.95
216.436 64.5012 3.83345 3.56505 184.758 755.87
221.784 64.453 3.83894 3.51711 45.3468 1011.49
221.784 64.4525 3.81536 3.47511 168.569 1011.46
223.67 64.5753 3.81367 3.47123 153.518 1102.33
214.222 63.8036 3.78333 3.49353 196.71 639.405
217.924 64.0292 3.8031 3.53479 184.581 822.429
222.48 63.8433 3.81179 3.52235 141.09 1045.75
216.652 63.0254 3.75745 3.49155 114.764 760.148
218.173 63.0618 3.75232 3.47807 145.656 836.532
221.871 63.109 3.77462 3.52033 142.06 1021.96
193.799 60.3849 3.76606 3.57505 172.416 493.368
196.65 60.4135 3.84047 3.4944 152.083 371.058
209.88 61.7531 3.78372 3.39908 159.041 438.365
212.274 61.7929 3.74838 3.35846 117.975 558.375
213.825 62.1067 3.751 3.43282 151.558 629.538
217.004 62.4013 3.7361 3.43246 128.372 786.163
218.122 62.3579 3.72917 3.45188 186.303 844.02
221.538 62.4435 3.74838 3.50793 127.401 1016.14
223.206 62.5763 3.76026 3.51633 112.822 1098.03
225.609 62.2024 3.768 3.52295 128.803 1228.22
198.315 59.9237 3.83152 3.65365 161.855 359.995
207.791 61.2001 3.83023 3.36705 140.205 361.376
215.402 61.6061 3.73899 3.31032 138.382 723.422
222.911 61.4593 3.72106 3.40518 89.7241 1111.97
224.22 61.4862 3.72993 3.42267 125.649 1178
226.918 61.1512 3.7457 3.45453 95.6091 1327.03
198.736 59.2533 3.83102 3.45201 157.208 417.747
200.175 59.1767 3.7843 3.53571 212.982 402.907
204.792 59.8542 3.79385 3.59237 180.996 359.376
210.276 60.4814 3.74131 3.15604 62.2622 518.413
219.809 60.7718 3.72971 3.30355 91.6198 977.625
221.424 60.3024 3.7268 3.28566 97.6872 1079.36
223.909 60.7704 3.72028 3.33104 99.0048 1187.2
190.452 56.6011 3.81024 3.61336 72.8286 928.124
202.009 59.0314 3.80452 3.54791 103.131 410.92
203.561 59.1953 3.75364 3.45862 74.8495 405.037
204.771 59.3922 3.78357 3.43669 122.848 405.749
212.597 59.9979 3.74223 3.31753 72.5955 655.899
222.262 59.6304 3.77185 3.24539 38.7003 1153
223.04 60.1218 3.73015 3.31972 132.295 1169.62
226.285 59.5898 3.74507 3.36054 100.296 1359.71
227.183 60.2114 3.73495 3.39406 118.6 1377.43
212.566 65.1171 3.8664 3.60676 166.95 595.711
203.344 58.6774 3.77069 3.59893 65.6327 458.86
204.113 58.2637 3.74352 3.54719 77.9691 513.452
204.991 58.6484 3.78738 3.36864 83.0029 487.497
206.355 58.9287 3.82191 3.43622 65.8454 491.954
207.606 58.6097 3.73699 3.40052 84.0276 559.592
213.66 59.4296 3.76329 3.39865 85.0131 740.727
227.731 58.9601 3.74443 3.35689 48.1109 1464.76
202.426 57.5673 3.77918 3.6009 74.6391 575.061
203.613 57.6397 3.79409 3.37604 26.108 575.412
224.26 58.4133 3.78324 3.38556 50.8126 1318.56
225.482 58.2747 3.76355 3.36118 57.754 1387.91
229.033 59.3946 3.74575 3.40659 122.763 1509.5
197.939 55.703 3.8198 3.43582 58.5298 809.885
200.447 56.2848 3.80374 3.49644 112.776 719.931
223.768 57.9616 3.79965 3.38794 67.207 1320.48
225.424 57.4688 3.793 3.43648 57.0122 1433.08
228.869 57.9128 3.75227 3.34207 74.6023 1579.93
227.048 56.8144 3.80806 3.48032 30.6229 1555.38
229.75 56.9811 3.76615 3.39357 57.8907 1680.36
212.138 64.8735 3.87964 3.62945 63.9656 567.109
210.428 68.6408 3.76403 3.48064 113.816 771.338
226.879 56.1146 3.81578 3.50783 61.9194 1593.48
229.974 55.9154 3.80447 3.54014 42.7439 1760.45
228.385 55.3279 3.82622 3.51176 37.7034 1722.07
209.931 62.7622 3.0328 2.12938 61.5406 420.615
211.063 63.7323 3.7502 3.56733 230.98 483.838
211.14 63.4057 3.754 3.52286 174.287 483.107
218.547 60.1369 4.00771 4.11419 61.7677 940.998
217.908 60.4896 3.76498 3.31689 72.4737 892.745
217.507 60.403 3.78344 3.32077 55.4917 876.325
218.338 61.0595 3.72807 3.29424 96.688 891.652
216.296 60.3923 3.76795 3.32833 66.497 816.001
216.716 60.1205 3.76425 3.28164 43.4384 850.032
215.271 60.5805 3.76622 3.30046 62.1462 756.006
216.679 60.2805 3.7655 3.31918 62.9433 840.429
218.244 60.7315 3.74887 3.27666 99.4887 899.554
217.659 60.602 3.77056 3.30606 62.3478 875.264
216.749 60.4427 3.77122 3.30736 73.9288 836.387
217.639 60.9231 3.75206 3.2921 84.0348 861.201
218.995 60.8241 3.73682 3.27082 89.4397 934.074
216.976 61.3836 3.737 3.33468 117.104 810.857
218.049 60.1785 3.77379 3.31753 62.2342 914.003
216.031 60.2361 3.7823 3.31731 62.751 810.232
217.533 61.187 3.73949 3.31644 114.224 846.006
218.652 60.2994 3.76604 3.31249 50.3917 938.801
219.217 60.1294 3.77259 3.33385 103.575 975.145
216.221 60.072 3.75944 3.28905 50.2247 827.86
218.856 60.4399 3.75902 3.30465 82.8397 942.862
216.546 61.2275 3.74643 3.33781 128.186 794.237
209.518 60.7352 3.75131 3.17353 28.729 468.211
209.518 60.7351 3.7515 3.17369 28.729 468.235
