# evlo=216.652206 evla=63.025398
194.627 64.5646 3.83364 3.51068 91.4701 1093.35
220.363 59.9534 3.67603 3.37675 112.595 395.17
225.144 58.5792 3.72174 3.55128 65.8672 676.573
209.013 64.0997 3.81145 3.41736 187.748 397.802
209.094 59.7511 3.71128 3.29081 201.049 543.736
209.259 59.7417 3.71965 3.29943 207.819 538.008
208.846 60.7683 3.68705 3.17026 140.773 480.888
207.916 63.4188 3.75614 3.44343 190.291 441.176
204.378 55.8218 3.73374 3.25802 59.4551 1059.25
207.685 63.8827 3.77918 3.45281 145.555 457.015
208.763 59.5251 3.7064 3.29607 132.135 574.798
209.796 67.2269 3.76721 3.70768 120.334 567.686
209.738 62.4058 3.71137 3.40274 295.685 360.282
196.582 54.8564 3.74436 3.36278 53.14 1460.23
209.784 61.1426 3.72687 3.14138 123.596 415.441
214.766 66.5657 3.77249 3.42005 66.8654 404.717
188.296 63.7758 3.81572 3.59378 55.8644 1407.91
203.121 64.7461 3.83781 3.4505 144.911 690.415
208.348 59.6572 3.6995 3.294 171.967 580.973
225.615 58.2758 3.75245 3.54181 69.9565 720.158
209.077 63.5527 3.76291 3.42727 271.562 384.354
207.417 57.7828 3.75209 3.3611 124.309 773.336
198.929 70.2043 3.76877 3.43855 53.2608 1113.45
203.383 71.3221 3.7773 3.43099 50.9046 1083.88
205.026 71.0033 3.78917 3.38372 37.7982 1019.99
234.753 71.9871 3.87144 3.51144 80.2278 1252.97
198.198 69.3641 3.78199 3.44259 56.266 1083.73
202.84 70.0079 3.78682 3.31635 45.2393 987.109
205.387 69.6211 3.79757 3.35239 45.8119 889.166
206.58 70.34 3.78213 3.36398 45.8116 926.491
194.656 68.2746 3.79587 3.26499 15.221 1160.14
196.822 68.4753 3.76503 3.4405 33.0665 1085.92
198.806 68.6483 3.77119 3.43892 41.9385 1022.35
200.413 69.1049 3.75803 3.42687 45.8442 994.61
205.217 69.1565 3.78455 3.34402 45.4727 854.508
209.387 69.836 3.75474 3.46946 66.553 824.474
211.299 69.72 3.74814 3.34972 48.2114 783.289
215.088 69.9175 3.73282 3.39265 61.7473 771.653
216.289 69.626 3.73749 3.38874 46.8268 736.219
235.93 69.3475 3.90324 3.5706 96.4987 1110.63
201.885 68.4946 3.76013 3.48598 46.6089 906.844
203.387 68.7132 3.77628 3.45891 60.4189 873.256
207.318 68.8799 3.78412 3.3575 35.9646 776.918
209.319 68.9656 3.78011 3.53727 79.1181 740.203
211.177 69.1532 3.72855 3.39249 55.9556 726.143
213.625 69.322 3.77428 3.46148 77.649 715.06
219.035 69.243 3.80297 3.53753 79.3769 701.487
221.263 69.3286 3.81245 3.42779 71.3817 732.47
202.768 67.4572 3.79237 3.41202 16.7624 812.759
203.811 68.2575 3.76045 3.48797 59.9712 827.56
206.028 68.4414 3.78417 3.38293 33.0622 773.903
208.187 68.1343 3.7851 3.46535 52.2059 689.439
210.384 68.0584 3.78085 3.51409 86.1869 630.835
211.513 68.0748 3.76775 3.36822 57.9035 610.54
214.432 68.1207 3.7151 3.44499 75.1564 577.206
218.405 68.1861 3.78726 3.56308 88.9839 581.01
220.465 68.6043 3.7882 3.48545 60.793 645.746
222.103 68.3889 3.80349 3.41862 81.983 647.737
223.281 66.3701 3.81728 3.4745 172.537 488.423
193.671 65.4742 3.77722 3.48919 52.0871 1140.36
198.75 66.442 3.83315 3.54471 47.2669 929.882
206.517 67.2221 3.71957 3.60732 52.3324 665.912
207.821 67.5076 3.75405 3.52367 57.7798 646.747
212.113 67.5187 3.8001 3.33539 66.4597 543.643
214.357 67.5933 3.72319 3.42757 58.2036 520.34
215.855 67.6946 3.79931 3.4132 69.3279 521.916
220.128 67.6136 3.79101 3.45103 71.8472 536.411
224.214 67.6106 3.80918 3.49135 127.836 620.033
226.258 67.441 3.85429 3.50278 137.532 665.032
195.961 64.9941 3.8472 3.45709 60.75 1030.6
197.645 65.3936 3.82674 3.39001 53.6492 955.908
199.349 65.5011 3.80762 3.32045 38.6114 879.644
201.346 65.895 3.80026 3.34483 39.3157 800.453
202.913 66.1434 3.8256 3.43917 51.1408 742.196
208.493 66.9214 3.73604 3.48139 47.8694 579.736
209.976 66.7108 3.75075 3.6409 95.8211 518.075
212.525 66.7004 3.81687 3.66549 118.586 453.847
213.899 66.7653 3.76042 3.43192 70.803 436.776
216.215 66.9498 3.79567 3.56489 61.5662 438.023
218.345 66.8088 3.81625 3.48444 90.9466 429.315
221.978 66.9116 3.78302 3.46384 152.689 500.602
223.778 66.9808 3.81677 3.46558 141.517 553.792
225.729 66.9227 3.86797 3.47676 130.782 609.234
197.761 64.6379 3.82557 3.5063 72.4058 943.412
200.087 64.937 3.83155 3.49511 80.8147 835.914
201.637 65.1527 3.82493 3.51223 47.6891 767.67
203.551 65.5276 3.85769 3.28944 35.49 691.662
205.119 65.4924 3.90767 3.31298 49.3954 621.858
207.195 65.6571 3.88846 3.45808 79.5853 542.331
208.623 65.8937 3.85478 3.46619 53.5035 500.942
210.457 65.8251 3.82214 3.58765 62.3801 431.536
212.122 65.8371 3.77563 3.45016 78.0558 381.753
214.18 66.267 3.7654 3.51925 34.4733 380.148
214.181 66.267 3.75337 3.44471 47.6724 380.133
218.473 66.2305 3.81091 3.46488 126.395 367.753
221.631 66.2191 3.79199 3.46813 166.333 428.103
225.657 65.8052 3.83576 3.50394 128.425 532.574
199.305 63.8864 3.79698 3.50968 109.704 867.866
205.522 64.7962 3.88483 3.4142 68.7176 580.009
208.018 65.18 3.94824 3.43387 81.4933 484.075
210.64 65.1479 3.92593 3.32464 86.6454 376.573
221.694 65.3609 3.76621 3.55781 148.843 357.295
223.623 65.2225 3.83837 3.50664 124.822 418.339
196.446 62.7492 3.76196 3.5186 120.193 1024.08
199.398 63.2842 3.76487 3.53229 122.239 867.543
200.922 63.3965 3.77853 3.50782 98.6951 790.405
203.285 63.465 3.76825 3.49218 186.049 672.238
204.379 63.994 3.79393 3.53018 143.879 619.519
205.853 64.1767 3.80088 3.50357 178.208 550.347
223.67 64.5753 3.83708 3.41806 97.6117 386.297
195.344 61.9331 3.75911 3.51098 86.3415 1100.48
198.469 62.2938 3.7503 3.48473 117.849 932.501
201.699 62.7161 3.75745 3.49155 114.764 760.148
205.93 63.3569 3.75903 3.43296 206.12 540.397
197.317 61.3416 3.7714 3.47216 166.602 1020.26
198.513 61.678 3.75732 3.44772 147.2 948.11
200.525 61.7105 3.75272 3.42979 190.032 845.231
201.703 62.1344 3.75234 3.40988 170.994 772.986
203.311 62.2195 3.7488 3.42221 173.154 689.32
205.146 62.1816 3.72984 3.37054 301.269 597.56
206.12 62.4787 3.72093 3.36738 238.909 541.026
193.799 60.3849 3.76663 3.46754 111.285 1237.1
196.65 60.4135 3.77617 3.4772 132.554 1092
198.04 60.7515 3.76809 3.44485 156.559 1007.12
199.312 60.6947 3.76593 3.42607 120.28 945.716
201.041 61.0224 3.75997 3.42178 142.351 844.937
202.562 61.4009 3.75765 3.42291 194.117 753.452
204.176 61.4907 3.74856 3.38199 170.78 669.2
205.609 61.9037 3.73263 3.36104 269.025 582.608
206.868 61.8823 3.73713 3.35638 307.066 520.279
209.88 61.7531 3.74928 3.37354 232.097 377.722
225.609 62.2024 3.74164 3.64677 236.957 468.52
198.315 59.9237 3.75105 3.3823 101.273 1032.38
199.908 60.1686 3.74746 3.36768 93.5128 940.944
201.231 60.4742 3.74577 3.36152 176.351 860.321
202.813 60.5269 3.72397 3.27554 93.3476 779.812
204.11 60.6801 3.72958 3.24966 194.662 708.741
205.516 60.8132 3.72833 3.23362 222.054 633.825
207.791 61.2001 3.7384 3.19047 151.377 504.802
222.911 61.4593 3.80994 3.52752 115.056 369.01
224.22 61.4862 3.7581 3.51114 210.881 428.686
226.918 61.1512 3.76823 3.57472 147.398 574.815
198.736 59.2533 3.73569 3.34598 94.4343 1048.19
200.175 59.1767 3.7177 3.34521 88.7605 983.005
201.907 59.5938 3.72535 3.34087 136.795 875.054
202.905 59.7733 3.72424 3.34588 114.132 816.793
204.792 59.8542 3.7186 3.30162 146.684 723.271
205.68 60.1952 3.7095 3.26692 184.284 661
207.376 60.0815 3.68646 3.31586 142.641 591.453
210.276 60.4814 3.72563 3.38423 139.759 439.898
221.424 60.3024 3.63075 3.17542 67.757 394.754
223.909 60.7704 3.83863 3.48608 109.176 456.46
190.452 56.6011 3.75157 3.45985 59.5556 1619.72
202.009 59.0314 3.71845 3.41094 146.904 905.163
203.561 59.1953 3.71991 3.37016 170.696 822.657
204.771 59.3922 3.71168 3.33674 192.586 754.43
206.768 59.6524 3.69559 3.3165 166.572 647.915
212.597 59.9979 3.69307 3.25992 147.53 400.366
222.262 59.6304 3.66395 3.44507 78.0484 482.715
226.285 59.5898 3.91882 3.54707 56.2648 641.593
227.183 60.2114 3.81779 3.54467 153.526 639.575
203.344 58.6774 3.72872 3.36697 117.056 868.091
204.113 58.2637 3.72178 3.29102 142.606 864.774
204.991 58.6484 3.71329 3.29444 117.179 798.058
206.355 58.9287 3.72023 3.27284 159.163 719.143
207.606 58.6097 3.7267 3.24008 121.664 694.817
213.66 59.4296 3.71427 3.28816 123.717 431.614
227.731 58.9601 3.87455 3.44275 30.3359 749.809
202.426 57.5673 3.72063 3.28263 120.356 990.742
203.613 57.6397 3.70906 3.28531 105.774 934.494
205.548 57.5665 3.73712 3.22184 83.3419 862.107
224.26 58.4133 3.74841 3.48538 47.2958 659.826
225.482 58.2747 3.74639 3.65596 35.8192 715.355
229.033 59.3946 3.84716 3.51663 75.3682 776.9
197.939 55.703 3.74014 3.36632 106.083 1332.55
200.447 56.2848 3.7284 3.30797 57.1143 1176.93
223.768 57.9616 3.73914 3.40287 87.023 685.664
225.424 57.4688 3.75846 3.487 55.981 785.52
228.869 57.9128 3.75148 3.33494 21.2967 878.465
227.048 56.8144 3.78282 3.53294 26.4647 901.629
229.75 56.9811 3.75241 3.39784 39.2864 990.383
210.428 68.6408 3.77479 3.50542 109.936 686.936
226.879 56.1146 3.77791 3.48739 41.9769 960.353
229.974 55.9154 3.75338 3.59599 46.4262 1090.31
228.385 55.3279 3.80084 3.48258 43.8989 1085.27
227.653 56.4191 3.77194 3.55783 66.8121 959.063
209.518 60.7352 3.68821 3.18942 76.5846 453.47
209.518 60.7351 3.68812 3.18935 76.5846 453.459
