# evlo=204.770798 evla=59.3922
225.449 60.24 3.76358 3.3941 98.9164 1159.28
194.627 64.5646 3.74238 3.5424 76.5014 782.558
217.908 60.4896 3.76307 3.37723 191.642 743.198
217.654 61.036 3.77617 3.37756 181.392 735.989
217.507 60.403 3.75904 3.38755 143.835 720.533
218.338 61.0595 3.75981 3.34749 184.743 772.933
220.363 59.9534 3.76122 3.42546 225.946 878.797
216.3 60.3932 3.77143 3.41169 138.338 654.07
216.716 60.1205 3.76806 3.38881 171.052 675.371
215.395 60.9677 3.77259 3.35243 161.601 614.387
209.013 64.0997 3.75467 3.40149 165.772 570.178
210.701 64.1732 3.75731 3.42205 102.047 617.326
207.916 63.4188 3.75223 3.38946 189.418 478.98
212.195 64.6453 3.76465 3.43583 157.263 701.763
204.378 55.8218 3.79387 3.31222 104.925 398.33
200.411 54.831 3.7739 3.42308 125.358 572.256
207.685 63.8827 3.7576 3.43514 129.522 523.59
209.796 67.2269 3.76919 3.49459 113.176 908.197
216.907 60.7523 3.77092 3.43449 103.114 691.445
218.66 60.9649 3.76242 3.3574 218.781 788.871
209.738 62.4058 3.72166 3.45654 209.763 430.377
217.513 60.0823 3.76001 3.4234 166.35 719.608
212.624 63.0753 3.73294 3.35339 171.837 587.766
214.225 61.1292 3.77392 3.2942 171.63 557.416
215.93 63.6482 3.73325 3.34711 147.024 758.284
214.25 60.5487 3.77761 3.34774 223.032 544.338
196.582 54.8564 3.75131 3.46026 107.637 706.949
213.401 60.7277 3.78468 3.34571 181.256 502.781
214.766 66.5657 3.77724 3.50187 125.111 944.17
188.296 63.7758 3.76401 3.54069 60.8108 997.972
203.121 64.7461 3.79242 3.46814 53.0171 602.822
211.074 61.771 3.70665 3.13749 119.084 435.167
216.188 61.4417 3.76935 3.25237 221.032 668.131
212.904 60.8792 3.78708 3.33708 216.389 480.997
215.271 60.5805 3.76803 3.41355 176.131 600.204
216.679 60.2805 3.76552 3.39321 173.798 674.096
218.244 60.7315 3.76528 3.38133 146.814 763.661
213.052 64.4091 3.76478 3.42504 145.427 707.423
213.497 60.396 3.77421 3.36845 243.145 500.684
215.738 60.3351 3.77413 3.42447 168.198 622.625
217.659 60.6024 3.7656 3.38102 196.026 730.521
215.581 59.9268 3.76446 3.41846 161.886 611.62
216.749 60.4427 3.76161 3.40285 167.428 679.2
217.639 60.9231 3.77543 3.38657 238.953 733.417
214.077 61.4924 3.7658 3.24977 187.466 562.606
211.542 61.4131 3.74762 3.20656 174.69 435.558
197.4 66.8951 3.75969 3.52664 28.6928 913.708
209.077 63.5527 3.7554 3.33155 161.4 517.063
217.277 60.2474 3.78012 3.50215 19.3653 706.959
218.995 60.824 3.76218 3.36117 155.79 805.351
216.976 61.3836 3.76728 3.27153 190.77 707.445
211.063 63.7318 3.75097 3.39687 203.233 587.373
211.768 64.9602 3.76319 3.41456 143.394 718.742
218.049 60.1785 3.7601 3.40907 207.575 749.578
209.256 65.0304 3.77099 3.43337 175.443 669.904
210.931 64.5928 3.75543 3.38954 159.385 662.745
216.031 60.2361 3.77436 3.42243 185.507 637.978
191.145 52.9721 3.77093 3.49021 118.754 1104.03
217.533 61.1871 3.77476 3.36318 173.822 732.324
218.652 60.2994 3.7524 3.39152 112.191 783.228
211.14 63.4056 3.7393 3.4091 212.126 561.42
219.217 60.1294 3.76259 3.425 174.325 814.411
216.221 60.072 3.77369 3.43034 212.337 647.686
218.856 60.4399 3.76008 3.37193 167.416 794.948
216.546 61.2275 3.77753 3.35302 188.068 681.144
212.138 64.8736 3.76577 3.42619 167.64 720.72
198.929 70.2043 3.77033 3.51379 76.6752 1235.61
203.383 71.3221 3.74963 3.3187 38.102 1331.61
234.753 71.9871 3.80284 3.43022 101.401 1927.69
202.84 70.0079 3.74846 3.33982 39.2383 1186.93
205.387 69.6211 3.79589 3.52679 50.5576 1140.72
206.58 70.34 3.78492 3.48904 68.3913 1223.43
196.822 68.4753 3.80521 3.48577 72.095 1082.91
200.413 69.1049 3.74398 3.49504 78.6107 1102.52
205.217 69.1565 3.79534 3.52356 52.1344 1088.73
209.387 69.836 3.78026 3.45084 92.2966 1184.27
211.299 69.72 3.78858 3.43941 98.2469 1191.56
215.088 69.9175 3.77625 3.38375 91.8943 1268.69
216.289 69.626 3.76668 3.38278 114.468 1263.09
235.93 69.3475 3.84624 3.49943 85.8403 1836.04
196.917 67.6988 3.82805 3.56267 61.978 1003.08
201.885 68.4946 3.7387 3.40642 52.7296 1024.23
203.387 68.7132 3.76889 3.37942 42.4538 1041.2
207.318 68.8799 3.77354 3.48984 73.7481 1064.69
209.319 68.9656 3.78905 3.46049 91.2912 1089.17
211.177 69.1532 3.78522 3.42037 74.2505 1130.08
213.625 69.322 3.77916 3.4093 103.553 1183.9
219.035 69.243 3.7777 3.539 95.0676 1289.87
199.397 67.4213 3.79942 3.57531 75.6478 933.543
202.768 67.4572 3.74246 3.40609 34.5889 904.408
206.028 68.4414 3.77725 3.52344 58.7524 1010.59
208.187 68.1343 3.79771 3.48561 62.7383 988.597
210.384 68.0584 3.77825 3.46793 80.9087 1004.06
211.513 68.0748 3.76964 3.45279 150.392 1022.13
214.432 68.1207 3.76292 3.40597 91.1994 1080.64
218.405 68.1861 3.79554 3.53872 122.874 1182.87
220.465 68.6043 3.79265 3.5265 97.1751 1274.42
222.103 68.3889 3.78106 3.43676 75.1447 1306.22
223.281 66.3701 3.77254 3.41156 90.3359 1213.31
195.352 65.7077 3.73606 3.46577 52.3351 852.653
200.349 66.6001 3.78177 3.5767 83.9772 833.56
202.227 66.8332 3.7649 3.3894 79.8975 839.095
204.275 67.0486 3.76903 3.65134 63.2737 853.771
206.517 67.2221 3.79867 3.53861 92.1584 877.056
207.821 67.5076 3.78598 3.50312 130.945 917.038
212.113 67.5187 3.75506 3.41711 115.63 975.5
214.357 67.5933 3.77612 3.45912 125.281 1028.7
215.855 67.6946 3.78442 3.50429 120.392 1073.56
220.128 67.6136 3.76998 3.44161 79.5301 1186.94
224.214 67.6106 3.77888 3.40695 68.0982 1322.37
226.258 67.441 3.80468 3.41989 147.082 1386.21
195.961 64.9941 3.74033 3.53511 52.8616 773.212
197.645 65.3936 3.76487 3.31509 40.3816 762.614
201.346 65.895 3.77011 3.45848 109.506 745.477
202.913 66.1434 3.7537 3.46786 45.6095 758.344
206.494 66.5156 3.81095 3.58015 91.4089 798.701
208.493 66.9214 3.78447 3.53715 96.991 859.557
209.976 66.7108 3.76243 3.46602 117.877 856.467
212.525 66.7004 3.77085 3.44697 124.706 902.559
213.899 66.7653 3.78288 3.48535 97.5833 940.268
216.215 66.9498 3.78116 3.53065 123.181 1017.35
218.345 66.8088 3.77846 3.41239 109.803 1069.22
221.978 66.9116 3.77503 3.42502 100.111 1198.6
223.778 66.9808 3.78591 3.42642 108.536 1267.93
225.729 66.9227 3.79436 3.42345 84.8869 1337.94
201.637 65.1527 3.76581 3.51022 93.5131 662.109
203.551 65.5276 3.79531 3.55598 51.8006 686.665
205.119 65.4924 3.78602 3.56993 88.3059 680.116
207.195 65.6571 3.79963 3.53137 117.368 709.182
208.623 65.8937 3.7673 3.47801 136.447 750.728
210.457 65.8251 3.77331 3.40479 137.467 773.408
212.122 65.8371 3.76572 3.46145 174.735 810.2
214.18 66.267 3.75828 3.45813 41.4757 901.838
214.181 66.267 3.77347 3.45401 83.8432 901.865
218.473 66.2305 3.75918 3.36948 122.675 1029.7
221.631 66.2191 3.76759 3.39401 68.6662 1141.76
225.657 65.8052 3.77846 3.36226 78.7691 1279.6
214.843 62.3987 3.71521 3.21787 179.9 640.219
213.052 64.4091 3.76478 3.42504 145.427 707.423
205.522 64.7962 3.78933 3.65809 63.0023 603.523
208.018 65.18 3.78128 3.48547 115.902 666.483
210.64 65.1479 3.76243 3.42725 172.359 709.501
216.846 65.3064 3.75213 3.35987 133.651 905.752
218.385 65.6035 3.75816 3.3797 135.821 981.809
220.064 65.4483 3.75933 3.39043 139.313 1034.54
221.694 65.3609 3.76046 3.37728 163.126 1094
223.623 65.2225 3.76456 3.36454 82.8374 1167.01
196.446 62.7492 3.72706 3.46018 71.8114 583.97
199.398 63.2842 3.76998 3.31102 61.4941 520.023
203.285 63.465 3.79203 3.59212 73.9794 460.705
204.379 63.994 3.80726 3.66033 95.5439 513.243
205.853 64.1767 3.79089 3.54853 121.886 536.223
214.63 64.613 3.75991 3.3481 125.463 776.352
216.436 64.5012 3.7458 3.34633 223.223 833.811
221.784 64.453 3.74601 3.333 96.7831 1051.81
221.784 64.4525 3.74135 3.35798 86.5999 1051.76
223.67 64.5753 3.75071 3.33664 99.8613 1140.46
195.344 61.9331 3.75841 3.43867 63.1815 587.293
198.469 62.2938 3.72244 3.73448 70.2576 470.724
201.699 62.7161 3.78357 3.43669 122.848 405.749
205.93 63.3569 3.78109 3.55875 153.793 446.114
214.222 63.8036 3.73811 3.32105 135.389 701.107
217.924 64.0292 3.73785 3.36671 149.1 863.967
222.48 63.8433 3.73659 3.33592 166.285 1057.51
197.317 61.3416 3.73929 3.29815 110.765 464.755
198.513 61.678 3.71861 3.56561 79.0506 427.344
216.652 63.0254 3.71168 3.33674 192.586 754.43
218.173 63.0618 3.72133 3.33312 212.858 825.704
221.871 63.109 3.72255 3.3261 142.717 1003.06
193.799 60.3849 3.80245 3.55701 128.848 623.4
196.65 60.4135 3.81006 3.57058 146.472 468.162
198.04 60.7515 3.81336 3.50272 109.51 403.975
209.88 61.7531 3.70201 3.33466 226.868 384.074
212.274 61.7929 3.72823 3.19404 182.913 490.062
213.825 62.1067 3.72288 3.2106 169.427 578.281
217.004 62.4013 3.71602 3.19079 139.941 742.3
218.122 62.3579 3.72242 3.18766 150.62 795.049
221.538 62.4435 3.72562 3.26861 161.201 967.62
223.206 62.5763 3.73166 3.30653 101.86 1054.79
225.609 62.2024 3.73935 3.26614 121.822 1171.35
198.315 59.9237 3.76349 3.564 182.994 368.588
215.402 61.6061 3.76945 3.23669 181.18 633.257
222.911 61.4593 3.74299 3.22836 125.055 1021.79
224.22 61.4862 3.74665 3.26659 138.729 1091.58
226.918 61.1512 3.76358 3.3379 105.787 1235.07
219.809 60.7718 3.75356 3.34502 159.517 849.094
221.424 60.3024 3.75655 3.40369 188.266 936.504
223.909 60.7704 3.75217 3.35956 163.821 1072.38
190.452 56.6011 3.80578 3.57939 84.8045 899.898
212.597 59.9979 3.76403 3.39754 267.804 445.573
222.262 59.6304 3.76928 3.47437 166.593 987.852
223.04 60.1218 3.75829 3.41693 178.968 1026.8
227.183 60.2114 3.76861 3.41816 171.821 1255.26
212.566 65.1171 3.77331 3.45621 154.019 754.555
213.66 59.4296 3.7435 3.46859 170.289 504.456
227.731 58.9601 3.78838 3.51766 129.431 1307.25
225.482 58.2747 3.82009 3.61614 133.822 1197.65
229.033 59.3946 3.77112 3.44599 170.802 1370.87
197.939 55.703 3.73281 3.40994 130.086 579.238
200.447 56.2848 3.74603 3.50797 152.1 430.791
223.768 57.9616 3.84452 3.7221 143.899 1109.63
225.424 57.4688 3.85352 3.68494 131.847 1220.27
227.048 56.8144 3.85638 3.74524 62.189 1337.72
229.75 56.9811 3.82525 3.6524 132.195 1484.53
212.138 64.8735 3.77142 3.45765 139.367 720.706
210.428 68.6408 3.78851 3.44229 108.568 1066.38
226.879 56.1146 3.88238 3.78398 85.1772 1358.85
229.974 55.9154 3.85759 3.72988 72.2621 1543.42
228.385 55.3279 3.88625 3.80548 90.519 1482.35
227.653 56.4191 3.86471 3.74634 130.718 1388.92
209.931 62.7622 3.51722 3.10736 180.878 467.232
211.063 63.7323 3.75134 3.39721 203.233 587.431
211.14 63.4057 3.73934 3.40914 212.126 561.427
218.547 60.1369 4.02022 4.4321 176.885 777.162
217.908 60.4896 3.76307 3.37723 191.642 743.198
217.507 60.403 3.75904 3.38755 143.835 720.533
218.338 61.0595 3.75984 3.34752 184.743 772.939
216.296 60.3923 3.7703 3.41068 138.338 653.875
216.716 60.1205 3.76806 3.38881 171.052 675.371
215.271 60.5805 3.76803 3.41355 176.131 600.204
216.679 60.2805 3.76552 3.39321 173.798 674.096
218.244 60.7315 3.76528 3.38133 146.814 763.661
217.659 60.602 3.76544 3.38087 196.026 730.49
216.749 60.4427 3.76161 3.40285 167.428 679.2
217.639 60.9231 3.77537 3.38652 238.953 733.406
217.277 60.2474 3.78012 3.50215 19.3653 706.959
218.995 60.8241 3.76219 3.36117 155.79 805.352
216.976 61.3836 3.76728 3.27153 190.77 707.445
218.049 60.1785 3.7601 3.40907 207.575 749.578
216.031 60.2361 3.77436 3.42243 185.507 637.978
217.533 61.187 3.7748 3.36322 173.822 732.332
218.652 60.2994 3.7524 3.39152 112.191 783.228
219.217 60.1294 3.76259 3.425 174.325 814.411
216.221 60.072 3.77369 3.43034 212.337 647.686
218.856 60.4399 3.76008 3.37193 167.416 794.948
216.546 61.2275 3.77753 3.35302 188.068 681.144
