# evlo=206.355392 evla=58.928699
225.449 60.24 3.77208 3.40221 116.271 1084.7
194.627 64.5646 3.75937 3.47152 98.9123 879.703
217.908 60.4896 3.77634 3.37705 177.949 672.178
217.654 61.036 3.80496 3.28972 128.766 672.01
217.507 60.403 3.77399 3.3789 106.287 648.745
218.338 61.0595 3.77708 3.27286 152.406 708.399
220.363 59.9534 3.77316 3.43156 189.203 801.378
216.3 60.3932 3.78615 3.38167 159.423 583.17
225.144 58.5792 3.81553 3.57458 160.478 1084.7
216.716 60.1205 3.77593 3.38959 169.762 600.555
215.395 60.9677 3.7975 3.31835 135.709 553.317
209.013 64.0997 3.74753 3.33041 120.277 593.218
210.701 64.1732 3.72487 3.31452 93.199 628.098
207.916 63.4188 3.74788 3.34104 147.247 507.296
212.195 64.6453 3.73662 3.34363 105.453 706.978
204.378 55.8218 3.75187 3.24972 122.73 365.851
200.411 54.831 3.79104 3.38775 96.5966 582.282
207.685 63.8827 3.77023 3.38098 138.026 556.569
209.796 67.2269 3.76252 3.39506 79.6754 940.776
216.907 60.7523 3.78628 3.35787 105.776 624.72
218.66 60.9649 3.78061 3.28889 181.873 722.861
209.738 62.4058 3.72313 3.16762 221.782 429.157
217.513 60.0823 3.77181 3.41668 275.319 643.96
212.624 63.0753 3.72619 3.21117 141.761 572.62
214.225 61.1292 3.77968 3.23833 140.812 502.134
215.93 63.6482 3.72645 3.24411 132.149 733.498
214.25 60.5487 3.80112 3.33274 141.723 478.892
196.582 54.8564 3.79099 3.41854 62.6431 747.41
213.401 60.7277 3.81824 3.30417 187.496 442.807
214.766 66.5657 3.75983 3.36209 70.0361 951.671
188.296 63.7758 3.77399 3.53426 43.4341 1101.53
203.121 64.7461 3.76066 3.55085 104.296 670.104
211.074 61.771 3.71377 3.36145 160.364 409.859
216.188 61.4417 3.76114 3.24461 133.749 612.38
212.904 60.8792 3.79355 3.25165 183.261 425.78
215.271 60.5805 3.79539 3.36565 169.39 533.363
216.679 60.2805 3.77666 3.39306 178.317 601.361
218.244 60.7315 3.78249 3.32375 165.325 695.27
213.052 64.4091 3.73825 3.29013 82.5069 705.406
213.497 60.396 3.81361 3.37609 214.319 434.174
215.738 60.3351 3.79405 3.37813 122.756 551.493
217.659 60.6024 3.78172 3.36334 189.97 661.071
225.615 58.2758 3.82576 3.61208 127.263 1118.17
215.581 59.9268 3.78166 3.39549 216.128 534.867
216.749 60.4427 3.77702 3.37727 172.476 608.533
217.639 60.9231 3.79238 3.30379 153.806 668.016
214.077 61.4924 3.7292 3.19468 186.385 514.173
211.542 61.4131 3.70728 3.23964 230.088 399.156
197.4 66.8951 3.76713 3.55763 30.1937 995.535
209.077 63.5527 3.72182 3.23928 118.641 535.464
217.277 60.2474 3.74226 3.45061 61.0388 633.408
218.995 60.824 3.78561 3.32767 129.617 737.414
216.976 61.3836 3.77578 3.24512 135.71 649.174
211.063 63.7318 3.73585 3.28414 130.247 591.238
211.768 64.9602 3.75241 3.34486 103.326 729.137
218.049 60.1785 3.76949 3.42596 230.029 674.841
209.256 65.0304 3.75768 3.35828 104.989 696.615
210.931 64.5928 3.74482 3.33516 162.557 675.455
216.031 60.2361 3.78709 3.38185 149.079 565.17
191.145 52.9721 3.77916 3.46246 145.438 1154.55
214.53 62.9699 3.72547 3.24162 224.393 630.801
219.747 60.0959 3.77609 3.40229 161.803 767.93
220.599 59.667 3.76611 3.44553 138.002 814.117
214.475 65.5174 3.74413 3.33304 106.934 845.593
207.811 62.8962 3.7198 3.30652 152.597 449.053
217.533 61.1871 3.78966 3.25242 144.387 670.467
211.667 60.8584 3.77732 3.18782 155.622 366.725
218.652 60.2994 3.77002 3.42989 160.068 709.611
211.14 63.4056 3.7345 3.28311 121.292 561.056
216.221 60.072 3.78089 3.38142 218.33 572.525
218.856 60.4399 3.78198 3.38795 237.939 722.792
216.546 61.2275 3.79305 3.30707 179.422 621.544
212.138 64.8736 3.74655 3.34312 101.399 728.238
203.383 71.3221 3.77314 3.38288 57.5592 1388.38
205.026 71.0033 3.75082 3.39483 66.8158 1347.57
234.753 71.9871 3.81063 3.40448 66.5215 1926.07
202.84 70.0079 3.75686 3.44607 83.2547 1246.15
205.387 69.6211 3.75188 3.31659 41.1061 1192.87
206.58 70.34 3.73776 3.30529 32.2717 1272.23
198.806 68.6483 3.84193 3.49259 47.3023 1143.6
200.413 69.1049 3.80943 3.43789 40.1814 1169.71
205.217 69.1565 3.74295 3.31496 46.6325 1141.46
211.299 69.72 3.77521 3.38535 60.4591 1225.57
215.088 69.9175 3.7632 3.37945 71.7558 1292.24
216.289 69.626 3.75931 3.33151 78.1162 1282.13
196.917 67.6988 3.78273 3.3548 38.094 1083.26
201.885 68.4946 3.78154 3.43819 53.1954 1088.28
203.387 68.7132 3.74896 3.47168 63.2553 1100.14
207.318 68.8799 3.77878 3.37444 40.3416 1110.27
209.319 68.9656 3.76845 3.43022 60.5023 1127.93
211.177 69.1532 3.7652 3.39874 71.5134 1163
213.625 69.322 3.76851 3.38466 97.4304 1209.51
219.035 69.243 3.7591 3.35733 53.4588 1299.69
203.811 68.2575 3.75558 3.3899 65.3888 1047.29
206.028 68.4414 3.74944 3.34684 48.2012 1060.51
208.187 68.1343 3.79317 3.47915 72.9839 1030.06
210.384 68.0584 3.76326 3.40298 82.1505 1036.72
211.513 68.0748 3.76459 3.40844 105.872 1050.47
214.432 68.1207 3.76667 3.39517 86.0361 1098.46
218.405 68.1861 3.75585 3.39394 63.2704 1188.37
220.465 68.6043 3.7642 3.42837 51.3629 1276.95
222.103 68.3889 3.77007 3.35895 73.1451 1303.46
223.281 66.3701 3.7838 3.36401 92.9326 1193.3
193.671 65.4742 3.76222 3.47637 64.0175 980.345
200.349 66.6001 3.83769 3.5596 61.0252 907.424
204.275 67.0486 3.7283 3.38087 50.7945 911.042
206.517 67.2221 3.78388 3.4744 77.9325 924.432
207.821 67.5076 3.79368 3.45546 79.4073 959.006
212.113 67.5187 3.76644 3.41469 105 999.255
214.357 67.5933 3.75992 3.4007 82.0627 1044.07
215.855 67.6946 3.75836 3.3646 77.9424 1084.14
220.128 67.6136 3.76709 3.38755 95.0121 1183.91
224.214 67.6106 3.78068 3.34597 57.6433 1309.76
197.645 65.3936 3.7785 3.40375 41.5298 849.901
206.494 66.5156 3.77501 3.39171 48.1822 845.637
208.493 66.9214 3.78029 3.47808 74.8796 897.321
209.976 66.7108 3.75301 3.41792 101.413 886.431
212.525 66.7004 3.76119 3.40992 100.873 920.512
213.899 66.7653 3.75592 3.33468 73.245 952.645
216.215 66.9498 3.75512 3.36511 77.3849 1021.93
218.345 66.8088 3.74273 3.33668 67.915 1065.59
225.729 66.9227 3.80242 3.37546 72.1674 1317.47
203.551 65.5276 3.76652 3.4589 70.4985 749.576
205.119 65.4924 3.7564 3.37001 60.805 734.3
207.195 65.6571 3.78964 3.53564 103.612 751.125
208.623 65.8937 3.77292 3.4469 90.3339 784.927
210.457 65.8251 3.7505 3.37977 102.457 796.96
212.122 65.8371 3.75706 3.3573 93.7667 824.915
214.18 66.267 3.73917 3.38241 49.1776 909.734
214.181 66.267 3.75367 3.26809 61.7753 909.756
218.473 66.2305 3.75447 3.35773 78.0307 1021.15
221.631 66.2191 3.7769 3.37503 93.5711 1124.27
225.657 65.8052 3.76616 3.32688 69.3285 1250.64
214.843 62.3987 3.71833 3.29086 218.725 603.232
213.052 64.4091 3.73825 3.29013 82.5069 705.406
199.305 63.8864 3.75256 3.4514 64.2007 667.764
205.522 64.7962 3.76305 3.33927 38.1212 655.347
208.018 65.18 3.77687 3.45699 103.995 702.024
210.64 65.1479 3.75536 3.33121 155.228 728.057
216.846 65.3064 3.75477 3.3205 124.923 894.843
218.385 65.6035 3.75776 3.33949 103.281 968.205
220.064 65.4483 3.76498 3.31162 88.6689 1014.5
221.694 65.3609 3.76952 3.33791 128.675 1069.03
223.623 65.2225 3.75776 3.30304 110.443 1136.78
196.446 62.7492 3.75844 3.44553 58.3253 685.51
199.398 63.2842 3.75625 3.49355 79.397 612.741
203.285 63.465 3.80179 3.45821 75.8454 531.624
204.379 63.994 3.78351 3.43774 87.2236 574.145
205.853 64.1767 3.78508 3.42342 88.6717 585.43
214.63 64.613 3.74532 3.30134 96.7575 768.158
216.436 64.5012 3.74626 3.35993 122.216 816.568
221.784 64.453 3.72215 3.27244 87.1714 1018.28
221.784 64.4525 3.72058 3.27114 68.4495 1018.23
223.67 64.5753 3.73353 3.30185 115.002 1104.46
195.344 61.9331 3.74671 3.40981 55.4687 691.414
198.469 62.2938 3.77837 3.42729 66.0704 571.266
201.699 62.7161 3.82191 3.43622 65.8454 491.954
205.93 63.3569 3.79193 3.45599 123.219 493.968
214.222 63.8036 3.74444 3.28912 136.764 686.08
217.924 64.0292 3.72921 3.27523 126.649 836.27
222.48 63.8433 3.73541 3.3489 120.221 1016.81
197.317 61.3416 3.73643 3.39161 67.9972 569.021
198.513 61.678 3.74303 3.43436 85.4182 530.32
200.525 61.7105 3.75651 3.59771 82.5417 446.749
201.703 62.1344 3.79397 3.28882 73.3603 438.889
203.311 62.2195 3.82419 3.47965 109.28 402.761
205.146 62.1816 3.85556 3.31932 98.4853 368.452
206.12 62.4787 3.77612 3.46109 100.355 395.763
216.652 63.0254 3.72023 3.27284 159.163 719.143
218.173 63.0618 3.71504 3.29034 180.297 786.151
221.871 63.109 3.72164 3.37967 108.306 956.174
193.799 60.3849 3.81167 3.48712 113.282 725.037
196.65 60.4135 3.82849 3.49017 89.7666 570.786
198.04 60.7515 3.80394 3.33832 76.1006 508.085
199.312 60.6947 3.7705 3.26128 90.9428 441.229
201.041 61.0224 3.71728 3.34936 87.3405 377.285
209.88 61.7531 3.72665 3.38426 183.731 369.889
212.274 61.7929 3.70265 3.3182 205.334 456.33
213.825 62.1067 3.71863 3.28079 183.838 541.369
217.004 62.4013 3.69042 3.29003 165.721 697.748
218.122 62.3579 3.70469 3.27691 139.56 747.03
221.538 62.4435 3.70357 3.30964 120.336 914.454
223.206 62.5763 3.71298 3.34484 102.706 1000.92
225.609 62.2024 3.73317 3.31459 105.706 1112.22
198.315 59.9237 3.8068 3.53409 161.838 469.355
199.908 60.1686 3.81421 3.52058 142.714 389.746
215.402 61.6061 3.734 3.22648 160.783 582.099
222.911 61.4593 3.76176 3.28469 99.3238 957.694
224.22 61.4862 3.76355 3.27684 129.016 1027.08
226.918 61.1512 3.77393 3.32227 82.1145 1167.24
198.736 59.2533 3.77566 3.48672 194.778 438.012
219.809 60.7718 3.77684 3.33883 142.584 780.018
221.424 60.3024 3.77109 3.38232 198.251 862.258
223.909 60.7704 3.76654 3.33511 183.57 1001.89
190.452 56.6011 3.79198 3.53269 73.5994 978.81
212.597 59.9979 3.78899 3.40946 253.849 373.238
222.262 59.6304 3.77495 3.44636 145.773 907.972
226.285 59.5898 3.77851 3.44979 187.973 1134.94
212.566 65.1171 3.75171 3.35886 118.821 761.659
213.66 59.4296 3.75993 3.38807 325.664 421.149
227.731 58.9601 3.79727 3.53025 152.624 1225.3
224.26 58.4133 3.82959 3.60779 113.826 1037.35
225.482 58.2747 3.82285 3.60881 89.3727 1110.54
229.033 59.3946 3.78464 3.47441 158.17 1292.02
197.939 55.703 3.76334 3.44846 159.982 620.765
200.447 56.2848 3.7348 3.36189 118.68 459.561
223.768 57.9616 3.84841 3.68281 172.059 1019.6
225.424 57.4688 3.86301 3.71086 123.115 1129.07
228.869 57.9128 3.81629 3.62284 168.741 1314.2
227.048 56.8144 3.87319 3.74255 66.0765 1245.04
229.75 56.9811 3.8281 3.67109 141.264 1394.61
212.138 64.8735 3.73342 3.35687 77.5986 728.224
210.428 68.6408 3.77401 3.42208 85.0903 1100.5
226.879 56.1146 3.89033 3.81127 124.945 1263.52
229.974 55.9154 3.87295 3.77334 73.9717 1449.93
228.385 55.3279 3.89225 3.81195 159.106 1385.84
227.653 56.4191 3.87223 3.78072 155.402 1295.25
209.931 62.7622 4.04473 3.50415 187.913 469.138
211.063 63.7323 3.73623 3.28448 130.247 591.298
211.14 63.4057 3.73454 3.28315 121.292 561.063
218.547 60.1369 4.02094 4.43922 168.975 701.798
217.908 60.4896 3.77634 3.37705 177.949 672.178
217.507 60.403 3.77399 3.3789 106.287 648.745
218.338 61.0595 3.77711 3.27288 152.406 708.405
216.296 60.3923 3.78482 3.38048 159.423 582.966
216.716 60.1205 3.77593 3.38959 169.762 600.555
215.271 60.5805 3.79539 3.36565 169.39 533.363
216.679 60.2805 3.77666 3.39306 178.317 601.361
218.244 60.7315 3.78249 3.32375 165.325 695.27
217.659 60.602 3.78152 3.36316 189.97 661.036
216.749 60.4427 3.77702 3.37727 172.476 608.533
217.639 60.9231 3.79232 3.30373 153.806 668.006
217.277 60.2474 3.74226 3.45061 61.0388 633.408
218.995 60.8241 3.78562 3.32768 129.617 737.417
216.976 61.3836 3.77578 3.24512 135.71 649.174
218.049 60.1785 3.76949 3.42596 230.029 674.841
216.031 60.2361 3.78709 3.38185 149.079 565.17
217.533 61.187 3.7897 3.25245 144.387 670.474
218.652 60.2994 3.77002 3.42989 160.068 709.611
216.221 60.072 3.78089 3.38142 218.33 572.525
218.856 60.4399 3.78198 3.38795 237.939 722.792
216.546 61.2275 3.79305 3.30707 179.422 621.544
