# evlo=203.612793 evla=57.639702
225.449 60.24 3.81186 3.42301 38.0075 1283.74
194.627 64.5646 3.74706 3.47727 43.5986 909.307
217.908 60.4896 3.77569 3.29597 52.8945 877.212
217.654 61.036 3.75466 3.2752 47.065 881.788
217.507 60.403 3.78885 3.26954 52.4761 853.363
218.338 61.0595 3.74537 3.28264 84.7682 917.651
220.363 59.9534 3.79939 3.41278 120.274 999.085
216.3 60.3932 3.79244 3.30464 49.5835 789.131
225.144 58.5792 3.84853 3.6247 128.315 1268.12
216.716 60.1205 3.79417 3.33062 103.916 803.015
215.395 60.9677 3.73858 3.28967 42.1625 765.238
209.013 64.0997 3.7552 3.43792 130.097 776.644
209.094 59.7511 3.7591 3.20104 141.063 395.154
209.259 59.7417 3.7623 3.17082 137.855 402.293
210.701 64.1732 3.74409 3.37804 97.9181 822.246
208.846 60.7683 3.73594 3.50335 114.089 458.928
207.916 63.4188 3.75335 3.40442 66.6276 685.51
212.195 64.6453 3.76297 3.41578 103.831 905.472
200.411 54.831 3.81655 3.52503 77.9311 370.368
207.685 63.8827 3.76231 3.46738 92.6045 729.818
208.763 59.5251 3.76917 3.19263 135.62 365.689
209.796 67.2269 3.77276 3.44526 64.5703 1113.9
216.907 60.7523 3.78415 3.2755 44.7959 833.198
218.66 60.9649 3.75216 3.28601 52.4165 931.129
209.738 62.4058 3.73821 3.42817 141.05 630.749
217.513 60.0823 3.80957 3.34183 99.1889 845.119
212.624 63.0753 3.75185 3.3685 124.55 782.234
214.225 61.1292 3.73847 3.37059 82.5401 716.267
215.93 63.6482 3.72276 3.29332 99.431 946.931
214.25 60.5487 3.78631 3.2639 91.0565 689.36
196.582 54.8564 3.79006 3.40332 70.268 534.36
213.401 60.7277 3.75494 3.31155 67.2788 655.902
209.784 61.1426 3.74146 3.35027 125.489 524.186
214.766 66.5657 3.77964 3.48701 82.9018 1148.87
188.296 63.7758 3.78484 3.54481 51.1451 1075.5
203.121 64.7461 3.82987 3.57565 37.8821 792.313
211.074 61.771 3.71864 3.2266 87.7278 622.356
216.188 61.4417 3.75134 3.36713 86.3242 825.931
212.904 60.8792 3.74005 3.33105 78.7599 640.286
215.271 60.5805 3.80128 3.24408 36.5122 742.541
216.679 60.2805 3.78374 3.29794 62.8413 805.662
218.244 60.7315 3.75922 3.30823 44.1154 902.115
213.052 64.4091 3.75564 3.35439 87.7937 908.676
213.497 60.396 3.8004 3.28249 68.9815 644.573
215.738 60.3351 3.80139 3.28927 68.0373 757.619
217.659 60.6024 3.77725 3.27848 67.8913 867.409
225.615 58.2758 3.85199 3.65266 91.0213 1298.71
215.581 59.9268 3.80473 3.34179 83.0949 736.34
216.749 60.4427 3.76938 3.28708 66.1283 814.419
217.639 60.9231 3.76291 3.29562 63.9574 877
214.077 61.4924 3.75169 3.4102 141.995 729.486
211.542 61.4131 3.73251 3.30217 125.323 614.108
209.077 63.5527 3.74648 3.34986 101.402 723.058
218.995 60.824 3.76455 3.29956 64.7186 944.296
216.976 61.3836 3.7394 3.35307 62.685 861.716
211.063 63.7318 3.75718 3.4195 102.702 790.353
211.768 64.9602 3.76324 3.4322 134.018 923.787
218.049 60.1785 3.7913 3.34664 98.8175 876.568
209.256 65.0304 3.76125 3.42958 72.7612 876.406
210.931 64.5928 3.75895 3.39222 129.794 868.15
216.031 60.2361 3.79828 3.29414 68.5053 769.815
191.145 52.9721 3.78842 3.48259 100.156 944.857
214.53 62.9699 3.73028 3.2677 113.371 844.671
219.747 60.0959 3.80355 3.38352 83.5698 967.478
220.599 59.667 3.81004 3.44687 125.523 1008.56
214.475 65.5174 3.77489 3.42101 73.2249 1047.35
207.811 62.8962 3.74163 3.35389 125.109 629.742
217.533 61.1871 3.73873 3.30044 49.6018 881.356
211.667 60.8584 3.72862 3.34443 112.766 582.208
218.652 60.2994 3.77546 3.44236 42.3423 912.071
211.14 63.4056 3.745 3.42289 106.911 762.832
219.217 60.1294 3.80654 3.39819 83.8245 939.06
216.221 60.072 3.79676 3.32006 73.5475 775.008
218.856 60.4399 3.7874 3.3374 77.753 926.456
216.546 61.2275 3.76404 3.32384 68.5881 833.692
212.138 64.8736 3.76052 3.44235 115.611 925.096
203.383 71.3221 3.84166 3.51943 24.9882 1525.37
205.026 71.0033 3.83526 3.61873 28.3577 1491.23
234.753 71.9871 3.80699 3.4075 51.5007 2130.26
205.387 69.6211 3.79336 3.59224 28.9144 1338.31
206.58 70.34 3.79033 3.53711 38.0222 1422.77
205.217 69.1565 3.79028 3.64739 35.4872 1286.12
209.387 69.836 3.78146 3.43384 34.8375 1387.62
211.299 69.72 3.77327 3.38902 50.3042 1396.67
215.088 69.9175 3.76569 3.412 54.7986 1475.17
216.289 69.626 3.7655 3.41833 70.0557 1469.58
235.93 69.3475 3.83014 3.44096 47.5306 2030.66
207.318 68.8799 3.78524 3.41656 25.6418 1266.05
209.319 68.9656 3.78555 3.44284 56.2347 1293.11
211.177 69.1532 3.77304 3.39275 60.9536 1335.49
213.625 69.322 3.77208 3.42456 63.32 1390.28
219.035 69.243 3.77499 3.47784 35.6498 1495.33
221.263 69.3286 3.78799 3.48306 39.0689 1559.28
203.811 68.2575 3.81863 3.70493 37.066 1183.49
206.028 68.4414 3.7832 3.51953 23.2338 1209.92
208.187 68.1343 3.79306 3.48016 47.5415 1191.82
210.384 68.0584 3.77331 3.45274 61.9131 1209.64
211.513 68.0748 3.77035 3.44261 79.9878 1228.33
214.432 68.1207 3.75539 3.45884 87.2222 1287.04
218.405 68.1861 3.78683 3.5275 70.3971 1387.28
220.465 68.6043 3.79145 3.42732 40.9557 1478.06
222.103 68.3889 3.76577 3.38877 52.0509 1508.03
223.281 66.3701 3.77569 3.39078 76.414 1405.87
204.275 67.0486 3.80459 3.57533 38.3706 1049.16
206.517 67.2221 3.79796 3.50304 50.2028 1078.16
207.821 67.5076 3.78242 3.48866 54.4489 1120.25
212.113 67.5187 3.76004 3.4191 73.6282 1182.02
214.357 67.5933 3.76951 3.45872 78.2453 1234.86
215.855 67.6946 3.7847 3.52543 85.8551 1279.04
220.128 67.6136 3.758 3.39689 42.2537 1388.54
226.258 67.441 3.79198 3.39725 66.5685 1580.46
199.349 65.5011 3.74204 3.46531 50.5306 904.369
206.494 66.5156 3.80836 3.5169 76.5428 1000.31
208.493 66.9214 3.78758 3.52574 57.2398 1064.21
209.976 66.7108 3.76082 3.44186 77.1515 1062.6
212.525 66.7004 3.76862 3.45385 97.8629 1108.9
213.899 66.7653 3.77713 3.47922 62.6727 1145.96
216.215 66.9498 3.77907 3.48809 75.1762 1221.37
218.345 66.8088 3.77196 3.40475 100.481 1270.46
223.778 66.9808 3.77596 3.3676 61.5513 1462.9
225.729 66.9227 3.78062 3.40229 32.1033 1530.27
200.087 64.937 3.76396 3.41348 37.2756 834.515
203.551 65.5276 3.82769 3.51338 32.5362 879.016
205.119 65.4924 3.82326 3.53679 55.412 878.675
207.195 65.6571 3.80142 3.49619 97.494 913.03
208.623 65.8937 3.77612 3.49195 79.257 956.368
210.457 65.8251 3.75297 3.42771 84.7437 979.942
212.122 65.8371 3.77104 3.44391 94.2748 1016.13
214.18 66.267 3.77412 3.43121 28.8992 1106.59
214.181 66.267 3.76208 3.4427 60.2424 1106.61
218.473 66.2305 3.76134 3.3603 82.9574 1228.69
225.657 65.8052 3.77803 3.37987 39.9684 1465.48
214.843 62.3987 3.72896 3.25787 91.4212 818.637
213.052 64.4091 3.75564 3.35439 87.7937 908.676
205.522 64.7962 3.81386 3.6137 30.6716 803.939
208.018 65.18 3.7732 3.46932 66.8313 872.047
210.64 65.1479 3.76147 3.40915 75.1842 915.774
216.846 65.3064 3.7565 3.35256 81.5807 1103.37
218.385 65.6035 3.75013 3.36308 97.2821 1178.08
221.694 65.3609 3.75601 3.39962 79.3285 1282.92
223.623 65.2225 3.75918 3.38118 59.9529 1351.77
199.398 63.2842 3.72949 3.52296 50.8692 669.952
203.285 63.465 3.84249 3.58645 35.7763 649.309
204.379 63.994 3.80814 3.56478 54.7794 709.242
205.853 64.1767 3.79812 3.52059 80.1847 738.357
214.63 64.613 3.75595 3.33639 79.1422 975.076
216.436 64.5012 3.75728 3.36696 73.692 1027.69
221.784 64.453 3.73429 3.33415 79.0604 1233.63
221.784 64.4525 3.73793 3.34865 27.8827 1233.58
223.67 64.5753 3.73937 3.33125 51.2646 1320.01
201.699 62.7161 3.79409 3.37604 26.108 575.412
205.93 63.3569 3.80356 3.53079 63.1076 649.508
214.222 63.8036 3.74384 3.34541 106.24 896.013
217.924 64.0292 3.72735 3.3287 110.971 1050.56
222.48 63.8433 3.73529 3.33267 84.6971 1232.37
200.525 61.7105 3.76507 3.1796 42.032 485.602
201.703 62.1344 3.7602 3.4753 38.0893 511.989
203.311 62.2195 3.84656 3.53692 67.7562 510.516
205.146 62.1816 3.79495 3.46136 99.6795 513.194
206.12 62.4787 3.76613 3.48465 98.0047 556.817
216.652 63.0254 3.70906 3.28531 105.774 934.494
218.173 63.0618 3.72492 3.29422 105.503 1001.75
221.871 63.109 3.73135 3.32382 54.1102 1171.14
193.799 60.3849 3.74231 3.41782 64.7211 640.554
196.65 60.4135 3.77309 3.44752 42.5923 504.918
201.041 61.0224 3.71943 3.12753 42.5367 404.201
202.562 61.4009 3.8116 3.75541 41.1782 423.195
204.176 61.4907 3.8191 3.4998 94.1105 430.194
205.609 61.9037 3.76273 3.41177 123.734 488.038
206.868 61.8823 3.73028 3.38838 110.565 506.679
209.88 61.7531 3.72538 3.39895 175.275 577.851
212.274 61.7929 3.72727 3.25998 125.631 671.048
213.825 62.1067 3.7282 3.27621 124.651 756.696
217.004 62.4013 3.73519 3.29738 135.953 913.208
218.122 62.3579 3.74146 3.33617 106.819 962.037
221.538 62.4435 3.74148 3.3114 64.6237 1128
223.206 62.5763 3.7315 3.33605 87.9331 1214.09
225.609 62.2024 3.74112 3.3834 72.1577 1322.98
198.315 59.9237 3.75904 3.29555 63.0069 398.075
205.516 60.8132 3.78055 3.4379 122.806 369.813
207.791 61.2001 3.72036 3.39697 124.823 461.953
215.402 61.6061 3.74654 3.40205 143.113 796.867
222.911 61.4593 3.71936 3.33101 44.0228 1166.09
224.22 61.4862 3.73155 3.3296 72.2298 1234.97
226.918 61.1512 3.76259 3.33063 74.1859 1372.27
210.276 60.4814 3.71419 3.28498 95.5747 495.935
219.809 60.7718 3.77233 3.30974 79.6203 985.791
221.424 60.3024 3.79676 3.34062 91.4246 1062.92
223.909 60.7704 3.76913 3.29951 73.7901 1205.32
212.597 59.9979 3.81666 3.31262 102.45 581.108
222.262 59.6304 3.81049 3.46782 107.91 1101.74
223.04 60.1218 3.80655 3.41031 133.53 1149.45
226.285 59.5898 3.81332 3.48782 129.796 1328.65
227.183 60.2114 3.80357 3.43346 78.7464 1379.58
212.566 65.1171 3.76697 3.44509 119.43 958.888
213.66 59.4296 3.81193 3.37222 108.365 617.552
227.731 58.9601 3.82588 3.5517 120.767 1414.04
224.26 58.4133 3.85121 3.64929 82.8027 1218.25
225.482 58.2747 3.8534 3.66334 91.9722 1290.94
229.033 59.3946 3.81322 3.53768 111.511 1484.95
197.939 55.703 3.77357 3.46467 138.629 409.076
223.768 57.9616 3.85917 3.66066 88.9463 1194.54
225.424 57.4688 3.85882 3.68647 93.5995 1300.23
228.869 57.9128 3.83996 3.65269 89.7509 1494.32
227.048 56.8144 3.86028 3.68717 64.9425 1411.4
229.75 56.9811 3.84426 3.6794 105.729 1567.12
212.138 64.8735 3.76807 3.44493 101.103 925.082
210.428 68.6408 3.77954 3.44814 54.0638 1271.59
226.879 56.1146 3.88509 3.7388 116.266 1421.58
229.974 55.9154 3.86668 3.71939 61.0217 1612.59
228.385 55.3279 3.88621 3.74229 127.401 1538.82
227.653 56.4191 3.86845 3.68859 109.833 1458.41
209.931 62.7622 3.83006 3.37804 67.2821 669.02
211.063 63.7323 3.75747 3.41976 102.702 790.412
211.14 63.4057 3.74503 3.42292 106.911 762.839
218.547 60.1369 3.93584 3.94562 36.5421 902.639
217.908 60.4896 3.77569 3.29597 52.8945 877.212
217.507 60.403 3.78885 3.26954 52.4761 853.363
218.338 61.0595 3.74539 3.28266 84.7682 917.656
216.296 60.3923 3.79144 3.30377 49.5835 788.922
216.716 60.1205 3.79417 3.33062 103.916 803.015
215.271 60.5805 3.80128 3.24408 36.5122 742.541
216.679 60.2805 3.78374 3.29794 62.8413 805.662
218.244 60.7315 3.75922 3.30823 44.1154 902.115
217.659 60.602 3.77709 3.27833 67.8913 867.371
216.749 60.4427 3.76938 3.28708 66.1283 814.419
217.639 60.9231 3.76286 3.29558 63.9574 876.99
218.995 60.8241 3.76456 3.29957 64.7186 944.299
216.976 61.3836 3.7394 3.35307 62.685 861.716
218.049 60.1785 3.7913 3.34664 98.8175 876.568
216.031 60.2361 3.79828 3.29414 68.5053 769.815
217.533 61.187 3.73875 3.30046 49.6018 881.362
218.652 60.2994 3.77546 3.44236 42.3423 912.071
219.217 60.1294 3.80654 3.39819 83.8245 939.06
216.221 60.072 3.79676 3.32006 73.5475 775.008
218.856 60.4399 3.7874 3.3374 77.753 926.456
216.546 61.2275 3.76404 3.32384 68.5881 833.692
