# evlo=228.384995 evla=55.3279
225.449 60.24 3.77902 3.77973 22.1136 574.137
194.627 64.5646 3.801 3.54445 39.5748 2113.25
217.908 60.4896 3.85238 3.67031 37.9668 844.519
217.654 61.036 3.82637 3.70504 27.6134 893.9
217.507 60.403 3.84235 3.62344 26.9203 856.232
218.338 61.0595 3.76875 3.60518 44.0735 868.045
216.3 60.3932 3.84233 3.59886 54.4198 910.33
225.144 58.5792 3.80015 3.82969 38.1982 412.171
215.395 60.9677 3.84069 3.5451 52.5141 986.821
209.013 64.0997 3.78498 3.45702 56.8248 1453.47
210.701 64.1732 3.78161 3.44878 51.3246 1390.82
208.846 60.7683 3.84634 3.58474 57.9039 1296.35
207.916 63.4188 3.77111 3.55278 67.5957 1461
204.378 55.8218 3.92441 3.83949 77.8201 1507.7
200.411 54.831 3.92165 3.85142 89.8697 1775.49
207.685 63.8827 3.77841 3.49193 72.6191 1496.24
208.763 59.5251 3.8985 3.87899 76.1437 1262.25
209.796 67.2269 3.7927 3.6011 48.8538 1645.04
216.907 60.7523 3.82454 3.61481 48.0213 905.825
218.66 60.9649 3.78043 3.66432 41.8251 848.124
209.738 62.4058 3.79764 3.58467 37.0299 1325.95
217.513 60.0823 3.83941 3.64374 65.7066 835.202
212.624 63.0753 3.75998 3.48059 75.9208 1241.14
214.225 61.1292 3.83261 3.60217 58.5865 1049.73
215.93 63.6482 3.80383 3.53735 35.6421 1160.71
196.582 54.8564 3.90032 3.78056 52.1083 2013.49
188.296 63.7758 3.80966 3.58019 49.8263 2404.42
211.074 61.771 3.83935 3.61615 37.4531 1231.14
216.188 61.4417 3.75984 3.5607 30.0651 983.423
216.679 60.2805 3.83695 3.63349 75.3746 885.919
218.244 60.7315 3.81844 3.62103 42.9044 847.473
213.052 64.4091 3.78203 3.50451 39.0823 1320.17
208.348 59.6572 3.90528 3.8735 71.034 1288.38
217.659 60.6024 3.83026 3.69786 26.2926 863.034
225.615 58.2758 3.82806 3.73269 58.6364 369.242
216.749 60.4427 3.83417 3.58814 65.4727 892.796
217.639 60.9231 3.82182 3.70659 58.4779 886.37
214.077 61.4924 3.83086 3.63222 45.9065 1078.1
209.077 63.5527 3.76471 3.44334 60.3839 1418.3
218.995 60.824 3.79545 3.71006 38.5213 824.116
216.976 61.3836 3.76228 3.56263 43.4932 946.751
211.063 63.7318 3.77542 3.42622 113.526 1347.35
218.049 60.1785 3.85049 3.57124 55.234 817.223
209.256 65.0304 3.76926 3.47476 55.1994 1503.49
210.931 64.5928 3.77313 3.49608 39.7835 1410.73
216.031 60.2361 3.82632 3.61638 54.1512 913.608
191.145 52.9721 3.91451 3.82066 75.0089 2417.91
214.53 62.9699 3.76826 3.45117 67.9333 1158.59
219.747 60.0959 3.86748 3.93345 59.0092 738.512
220.599 59.667 3.85398 3.61838 51.2241 671.095
214.475 65.5174 3.77843 3.55537 56.0451 1363.03
207.811 62.8962 3.78176 3.57099 45.809 1438.81
217.533 61.1871 3.79046 3.65582 33.7783 909.833
197.092 68.0541 3.7577 3.44877 22.303 2138.93
215.154 63.7399 3.8037 3.51236 41.2505 1194.61
218.652 60.2994 3.85057 3.56287 57.7135 799.3
211.14 63.4056 3.76826 3.46414 74.8167 1323.17
219.217 60.1294 3.86933 3.79922 74.0666 763.13
211.668 61.807 3.82765 3.60921 57.9053 1205.49
212.671 61.832 3.82965 3.68326 50.9156 1161.29
216.01 63.9761 3.77804 3.58244 36.5295 1185.21
205.816 56.5593 3.91623 3.83723 198.548 1410.4
208.468 61.98 3.83913 3.53753 58.0809 1364.68
189.752 57.1766 3.84827 3.67172 90.3054 2371.15
217.161 60.1791 3.8591 3.60285 70.3054 857.423
218.856 60.4399 3.85818 3.734 36.4305 800.866
217.171 60.7541 3.82581 3.61432 56.8869 894.493
209.711 63.4502 3.76443 3.48958 58.4136 1385.43
193.495 53.8452 3.90047 3.79149 101.995 2237.92
216.546 61.2275 3.80918 3.64635 31.4443 953.597
207.417 57.7828 3.89301 3.8423 158.832 1312.44
205.026 71.0033 3.77936 3.48115 33.2516 2076.75
198.198 69.3641 3.76448 3.42989 29.6362 2168.73
202.84 70.0079 3.79416 3.49164 23.7053 2062.55
205.387 69.6211 3.81037 3.51033 23.9071 1960.16
206.58 70.34 3.79577 3.45167 30.181 1983.68
196.822 68.4753 3.77302 3.47658 27.3216 2169.69
198.806 68.6483 3.77209 3.45223 32.7839 2107.48
200.413 69.1049 3.77044 3.42979 31.7705 2079.11
205.217 69.1565 3.79619 3.54786 32.2751 1930.54
209.387 69.836 3.78501 3.46802 35.3077 1870.59
211.299 69.72 3.78735 3.50538 46.6993 1814.71
215.088 69.9175 3.79811 3.4816 47.3229 1754.25
216.289 69.626 3.80271 3.5075 48.2427 1703.82
201.885 68.4946 3.76827 3.49638 33.1008 1991.87
207.318 68.8799 3.79178 3.50713 39.2178 1847.87
209.319 68.9656 3.79245 3.49807 33.6884 1799.01
211.177 69.1532 3.77626 3.50384 22.0237 1767.36
219.035 69.243 3.81551 3.51136 39.0801 1620.59
221.263 69.3286 3.80962 3.46659 54.1748 1600.84
199.397 67.4213 3.78755 3.45186 15.8979 2020.13
202.768 67.4572 3.75835 3.49247 35.487 1897.24
208.187 68.1343 3.78785 3.56079 32.7878 1764.52
210.384 68.0584 3.79618 3.51883 41.2269 1694.73
211.513 68.0748 3.78437 3.4944 47.2023 1665.2
214.432 68.1207 3.78893 3.59809 42.8665 1596.48
218.405 68.1861 3.80995 3.52441 41.8191 1522.22
220.465 68.6043 3.80412 3.50732 48.6606 1533.78
222.103 68.3889 3.79662 3.51118 43.0729 1490.76
223.281 66.3701 3.79625 3.54646 54.5455 1260.25
195.352 65.7077 3.76904 3.53147 43.5885 2113.76
198.75 66.442 3.77995 3.53272 41.4105 1998.35
200.349 66.6001 3.78696 3.50645 31.8116 1941.54
204.275 67.0486 3.75756 3.4698 32.2986 1817.87
206.517 67.2221 3.76366 3.5117 51.7247 1750.87
207.821 67.5076 3.77781 3.59832 44.555 1728.41
212.113 67.5187 3.79117 3.50542 46.277 1601.41
214.357 67.5933 3.79092 3.52473 53.5793 1549.71
215.855 67.6946 3.8002 3.47043 27.3342 1524.26
220.128 67.6136 3.80929 3.52546 47.821 1435.08
224.214 67.6106 3.80745 3.49499 37.5283 1385.89
195.961 64.9941 3.78063 3.44274 38.0286 2063.82
197.645 65.3936 3.76815 3.47615 58.401 2002.16
199.349 65.5011 3.76634 3.51615 42.3779 1932.44
201.346 65.895 3.7787 3.54939 50.3082 1866.47
202.913 66.1434 3.7966 3.49403 44.1254 1816.32
206.494 66.5156 3.76454 3.4419 43.9049 1703.8
208.493 66.9214 3.76799 3.58943 57.8658 1663.4
209.976 66.7108 3.77325 3.60169 61.8079 1599.39
212.525 66.7004 3.7971 3.63479 59.6648 1520.52
216.215 66.9498 3.78771 3.55244 52.1248 1445.54
221.978 66.9116 3.8007 3.57306 43.8091 1334.48
223.778 66.9808 3.81402 3.53856 49.4345 1321.07
201.637 65.1527 3.77214 3.47065 34.2963 1819.13
203.551 65.5276 3.78111 3.50822 49.4104 1757.71
205.119 65.4924 3.77833 3.51534 56.8881 1692.66
207.195 65.6571 3.78579 3.51078 52.8664 1622.19
208.623 65.8937 3.76371 3.40872 32.36 1585.53
212.122 65.8371 3.76444 3.511 56.5733 1462.37
214.181 66.267 3.79865 3.63876 37.8329 1436.04
221.631 66.2191 3.78223 3.55428 46.0504 1266.36
214.843 62.3987 3.75285 3.47796 88.5112 1105.32
213.052 64.4091 3.78203 3.50451 39.0823 1320.17
199.305 63.8864 3.79192 3.59532 61.3523 1874.41
205.522 64.7962 3.79877 3.43357 34.7491 1637.43
208.018 65.18 3.77731 3.49714 51.6712 1560.38
210.64 65.1479 3.76498 3.45781 34.8309 1460.68
216.846 65.3064 3.78448 3.62069 65.6211 1277.15
220.064 65.4483 3.80207 3.47445 58.8805 1214.93
221.694 65.3609 3.7921 3.49189 43.8507 1175.75
223.623 65.2225 3.77661 3.51784 54.7537 1132.67
196.446 62.7492 3.82382 3.57942 50.2036 1984.5
199.398 63.2842 3.8058 3.61258 28.2066 1851.43
200.922 63.3965 3.80325 3.58712 33.3831 1781.68
203.285 63.465 3.77413 3.56655 47.242 1672.91
214.63 64.613 3.76767 3.53106 51.3797 1282.66
216.436 64.5012 3.76809 3.52418 76.0317 1216.79
221.784 64.453 3.77817 3.54384 24.3679 1080.32
221.784 64.4525 3.79778 3.52816 30.8865 1080.28
223.67 64.5753 3.78399 3.55622 79.4705 1062.7
201.699 62.7161 3.82622 3.51176 37.7034 1722.07
205.93 63.3569 3.77895 3.60752 53.7724 1546.56
214.222 63.8036 3.79248 3.47085 37.6475 1232.41
217.924 64.0292 3.75363 3.56568 59.6542 1131.28
222.48 63.8433 3.79991 3.54162 58.9501 1004.58
201.703 62.1344 3.83239 3.51519 57.6096 1704.81
206.12 62.4787 3.82296 3.56553 48.6278 1498.79
216.652 63.0254 3.80084 3.48258 43.8989 1085.27
218.173 63.0618 3.78983 3.57875 55.0536 1037.95
221.871 63.109 3.77928 3.58368 65.8162 942.133
193.799 60.3849 3.82972 3.68946 39.8487 2101.98
201.041 61.0224 3.77132 3.23174 21.2114 1713.82
209.88 61.7531 3.83178 3.59894 71.3103 1286.64
212.274 61.7929 3.82859 3.63185 56.2136 1177.01
213.825 62.1067 3.75699 3.53205 54.1759 1127.65
217.004 62.4013 3.78757 3.49972 87.3686 1022.74
218.122 62.3579 3.79083 3.5529 72.3079 979.588
221.538 62.4435 3.76357 3.56813 46.8841 884.408
223.206 62.5763 3.77786 3.62064 77.8058 860.014
225.609 62.2024 3.78694 3.59568 56.5314 782.232
198.315 59.9237 3.86246 3.74515 48.9467 1850
199.908 60.1686 3.86385 3.73671 46.0028 1763.32
215.402 61.6061 3.76437 3.57949 38.8675 1027.72
222.911 61.4593 3.78893 3.5012 61.4589 753.62
224.22 61.4862 3.78053 3.62057 88.2119 727.5
226.918 61.1512 3.7779 3.57764 60.767 654.261
198.736 59.2533 3.86413 3.73145 80.6182 1823.83
200.175 59.1767 3.87122 3.73084 80.6833 1741.44
201.907 59.5938 3.86964 3.76642 109.361 1646.08
202.905 59.7733 3.87626 3.77743 102.828 1592.22
204.792 59.8542 3.8861 3.81863 81.2408 1488.7
205.68 60.1952 3.8774 3.78842 45.2172 1447.08
219.809 60.7718 3.77487 3.69134 78.4325 788.699
221.424 60.3024 3.77455 3.6693 49.9518 690.676
223.909 60.7704 3.82133 3.61116 75.6076 660.92
190.452 56.6011 3.85563 3.67252 59.678 2342.86
202.009 59.0314 3.87024 3.75216 139.945 1635.75
203.561 59.1953 3.87944 3.77674 81.7607 1548.46
204.771 59.3922 3.88625 3.80548 90.519 1482.35
206.768 59.6524 3.90409 3.88213 121.194 1375.4
222.262 59.6304 3.83933 3.68626 33.0929 603.238
223.04 60.1218 3.791 3.64945 78.025 621.229
226.285 59.5898 3.80436 3.53323 107.798 491.022
227.183 60.2114 3.76228 3.63467 85.5348 548.554
203.344 58.6774 3.87192 3.76491 196.391 1556.7
204.113 58.2637 3.8782 3.74602 149.007 1509.83
204.991 58.6484 3.88091 3.7913 108.186 1461.11
206.355 58.9287 3.89225 3.81195 159.106 1385.84
207.606 58.6097 3.89245 3.85059 155.314 1309.6
227.731 58.9601 3.74225 3.58986 98.3472 406.418
202.426 57.5673 3.87611 3.72578 176.493 1609.97
203.613 57.6397 3.88621 3.74229 127.401 1538.82
205.548 57.5665 3.89592 3.81283 102.351 1423.19
224.26 58.4133 3.87341 3.59707 49.1219 425.653
225.482 58.2747 3.84958 3.749 47.1076 372.931
229.033 59.3946 3.74706 3.42967 74.9112 454.561
197.939 55.703 3.88653 3.72484 106.286 1908.26
200.447 56.2848 3.89778 3.74896 104.611 1743.02
223.768 57.9616 3.88074 3.49111 126.034 407.551
210.428 68.6408 3.79376 3.49982 35.8438 1742.26
211.063 63.7323 3.77545 3.42625 113.526 1347.36
211.14 63.4057 3.76826 3.46414 74.8167 1323.17
217.908 60.4896 3.85238 3.67031 37.9668 844.519
217.507 60.403 3.84235 3.62344 26.9203 856.232
218.338 61.0595 3.76873 3.60516 44.0735 868.041
216.296 60.3923 3.84276 3.59927 54.4198 910.433
216.679 60.2805 3.83695 3.63349 75.3746 885.919
218.244 60.7315 3.81844 3.62103 42.9044 847.473
217.659 60.602 3.83023 3.69783 26.2926 863.028
216.749 60.4427 3.83417 3.58814 65.4727 892.796
217.639 60.9231 3.82186 3.70662 58.4779 886.379
218.995 60.8241 3.79548 3.7101 38.5213 824.123
216.976 61.3836 3.76228 3.56263 43.4932 946.751
218.049 60.1785 3.85049 3.57124 55.234 817.223
216.031 60.2361 3.82632 3.61638 54.1512 913.608
217.533 61.187 3.7904 3.65576 33.7783 909.818
218.652 60.2994 3.85057 3.56287 57.7135 799.3
219.217 60.1294 3.86933 3.79922 74.0666 763.13
218.856 60.4399 3.85818 3.734 36.4305 800.866
216.546 61.2275 3.80918 3.64635 31.4443 953.597
