# evlo=236.735603 evla=59.403599
216.3 60.3932 4.12101 3.77348 29.4458 1144.46
216.679 60.2805 3.6764 3.81684 45.5576 1124.33
216.749 60.4427 3.66566 3.80389 34.3678 1119.44
216.031 60.2361 3.66619 3.74151 23.6115 1160.48
216.221 60.072 3.68386 3.74033 22.6123 1151.5
228.256 59.933 4.68018 4.66448 46.598 481.199
225.753 60.434 4.50771 4.405 37.3677 624.213
209.736 66.2066 3.57455 3.29571 26.0408 1554.57
198.722 65.4015 3.8411 3.35286 20.7628 2039.02
211.489 65.5114 3.55072 3.40191 23.5856 1456.18
210.457 65.825 3.56041 3.32028 22.7947 1511.38
231.696 54.801 3.22355 2.86607 15.6466 596.274
231.846 55.084 3.16326 2.81003 18.7118 564.07
232.267 55.179 3.88701 2.8221 18.5624 541.889
216.296 60.3923 4.12171 3.77412 29.4458 1144.65
216.679 60.2805 3.6764 3.81684 45.5576 1124.33
216.749 60.4427 3.66566 3.80389 34.3678 1119.44
216.031 60.2361 3.66619 3.74151 23.6115 1160.48
216.221 60.072 3.68386 3.74033 22.6123 1151.5
