# evlo=229.393005 evla=60.087002
217.507 60.403 3.72234 3.38968 21.5217 658.378
216.3 60.3932 3.73946 3.42713 39.2983 724.915
216.679 60.2805 3.75396 3.37802 38.2302 704.74
216.749 60.4427 3.74168 3.40737 39.172 699.929
216.031 60.2361 3.73482 3.38859 31.4715 740.89
216.221 60.072 3.75887 3.36385 26.7623 732.022
235.766 58.6528 3.79816 3.62908 59.0375 395.815
235.227 58.6614 3.82681 3.57388 35.3438 367.579
237.284 58.3883 3.83429 3.61421 17.3332 488.149
237.286 58.0965 3.79052 3.49308 22.3374 503.435
237.012 57.7103 3.81146 3.43129 76.7118 512.363
237.146 57.39 3.81408 3.55652 41.7168 539.695
237.423 57.0779 3.8316 3.67342 37.1071 574.294
210.418 68.0789 4.18338 3.79796 22.4641 1274.9
211.449 65.522 3.84378 3.48613 25.3294 1091.65
231.542 54.539 3.65605 3.56905 16.2767 631.192
231.6 54.636 3.63747 3.56235 15.6567 621.326
231.677 54.722 3.65768 3.61915 18.3043 612.959
231.696 54.801 3.62947 3.68249 17.9337 604.618
232.359 55.411 3.72905 3.33115 18.7503 549.774
232.644 52.2602 3.75354 3.39053 17.1418 894.277
233.582 52.4315 3.71079 3.43528 16.1797 890.627
217.507 60.403 3.72234 3.38968 21.5217 658.378
216.296 60.3923 3.74045 3.42804 39.2983 725.108
216.679 60.2805 3.75396 3.37802 38.2302 704.74
216.749 60.4427 3.74168 3.40737 39.172 699.929
216.031 60.2361 3.73482 3.38859 31.4715 740.89
216.221 60.072 3.75887 3.36385 26.7623 732.022
