# evlo=237.422997 evla=57.0779
216.3 60.3932 3.7579 3.45925 46.5806 1271.54
216.679 60.2805 3.74691 3.49195 39.4115 1249.13
216.749 60.4427 3.74647 3.51553 45.1121 1247.78
216.031 60.2361 3.74958 3.46254 36.5051 1284.15
233.05 59.6548 3.90388 3.54635 25.0932 384.41
232.224 60.0057 3.92594 3.58555 51.4955 444.739
231.195 60.1197 3.9008 3.54087 48.8289 495.513
230.28 60.1576 3.85545 3.5245 40.2455 537.993
229.393 60.087 3.8316 3.67342 37.1071 574.294
228.256 59.933 3.7875 3.56832 85.1278 621.113
226.693 60.4834 3.81678 3.48468 43.176 726.082
225.753 60.434 3.80657 3.58602 60.7699 770.525
209.736 66.2066 3.84218 3.4958 16.5475 1762.25
211.301 69.7162 3.8276 3.46988 18.2337 1891.19
211.489 65.5114 3.83429 3.47315 18.2588 1659.03
210.41 68.6274 3.83529 3.41316 19.2302 1855.53
209.89 67.3812 3.84372 3.45466 16.8185 1809.14
216.296 60.3923 3.75841 3.45972 46.5806 1271.71
216.679 60.2805 3.74691 3.49195 39.4115 1249.13
216.749 60.4427 3.74647 3.51553 45.1121 1247.78
216.031 60.2361 3.74958 3.46254 36.5051 1284.15
