# evlo=232.359001 evla=55.410999
217.507 60.403 3.79415 3.53991 48.7407 1037.83
216.3 60.3932 3.81547 3.52621 54.1628 1097.94
216.679 60.2805 3.80588 3.52921 71.3218 1073.72
217.659 60.6024 3.79531 3.47732 21.708 1040.26
216.749 60.4427 3.80162 3.48804 81.2942 1077.51
217.277 60.2474 3.79031 3.52098 35.0252 1041.99
216.031 60.2361 3.81442 3.58358 63.5699 1104.94
216.221 60.072 3.81396 3.5876 55.083 1088.38
231.887 52.1847 3.78312 3.44153 41.4789 360.434
235.766 58.6528 3.79337 3.40357 35.4456 415.965
231.195 60.1197 3.63974 3.5563 18.8454 528.955
229.393 60.087 3.72905 3.33115 18.7503 549.774
228.256 59.933 3.70388 3.43177 38.5881 559.74
226.693 60.4834 3.7242 3.53266 24.3681 656.533
225.753 60.434 3.70266 3.51364 24.7883 682.111
210.176 67.8516 3.73844 3.45318 51.523 1797.54
232.425 52.1577 3.69858 3.74536 42.2539 362.121
232.528 52.1871 3.70165 3.71337 42.9125 358.995
234.223 52.362 3.77289 3.48363 40.8928 360.777
234.367 52.4126 3.77974 3.4953 54.0864 358.84
234.492 52.3773 3.79798 3.47273 51.7396 365.576
234.738 52.38 3.80312 3.53924 35.2479 371.788
234.917 52.3782 3.81958 3.56604 63.2811 377.067
217.507 60.403 3.79415 3.53991 48.7407 1037.83
216.296 60.3923 3.81593 3.52664 54.1628 1098.07
216.679 60.2805 3.80588 3.52921 71.3218 1073.72
217.659 60.602 3.79533 3.47733 21.708 1040.26
216.749 60.4427 3.80162 3.48804 81.2942 1077.51
217.277 60.2474 3.79031 3.52098 35.0252 1041.99
216.031 60.2361 3.81442 3.58358 63.5699 1104.94
216.221 60.072 3.81396 3.5876 55.083 1088.38
209.971 61.6954 3.82637 3.48548 19.2671 1468.96
