# evlo=218.855698 evla=60.439899
225.449 60.24 3.68176 3.41695 179.182 364.658
194.627 64.5646 3.72731 3.40886 77.6563 1320.61
225.144 58.5792 3.86298 3.42823 110.492 411.771
209.013 64.0997 3.71155 3.29696 81.62 652.784
209.094 59.7511 3.75701 3.37554 236.971 548.022
209.259 59.7417 3.75685 3.36548 260.94 539.188
210.701 64.1732 3.72726 3.3011 73.1905 592.502
208.846 60.7683 3.7104 3.34332 168.069 549.005
207.916 63.4188 3.79898 3.15132 59.3864 662.346
212.195 64.6453 3.7091 3.27403 83.1819 580.05
204.378 55.8218 3.79871 3.486 51.0474 992.953
200.411 54.831 3.78005 3.38648 85.8414 1260.34
207.685 63.8827 3.71481 3.16802 44.6389 695.833
208.763 59.5251 3.75693 3.38667 237.242 572.033
209.796 67.2269 3.74295 3.40438 76.6733 876.243
209.738 62.4058 3.78312 3.22042 139.944 533.211
212.624 63.0753 3.72004 3.09375 77.03 440.763
215.93 63.6482 3.69662 3.23479 103.259 388.841
196.582 54.8564 3.77306 3.36976 38.125 1458.7
209.784 61.1426 3.71928 3.33801 155.112 499.831
188.296 63.7758 3.74841 3.40931 52.8218 1621.33
203.121 64.7461 3.73246 3.2893 59.733 936.435
211.074 61.771 3.72052 3.21401 119.494 444.763
213.052 64.4091 3.72259 3.29602 125.473 533.975
208.348 59.6572 3.75912 3.36724 224.388 591.247
225.615 58.2758 3.85947 3.37914 105.645 453.476
211.542 61.4131 3.70212 3.30331 181.342 410.975
197.4 66.8951 3.75223 3.44257 30.0446 1272.79
209.077 63.5527 3.77528 3.07819 46.3001 617.833
211.063 63.7318 3.66541 3.24208 107.241 547.417
211.768 64.9602 3.72311 3.36597 116.373 620.085
209.256 65.0304 3.73621 3.34853 91.6218 707.594
210.931 64.5928 3.72841 3.32428 119.944 616.266
191.145 52.9721 3.76521 3.36038 127.567 1871.03
214.53 62.9699 3.60959 3.23494 148.785 362.968
214.475 65.5174 3.7095 3.3855 74.1632 607.623
207.811 62.8962 3.77249 3.12687 81.1417 644.806
211.667 60.8584 3.72373 3.42361 182.638 395.818
210.261 61.0889 3.72372 3.33274 256.643 473.669
197.092 68.0541 3.77857 3.3525 60.1936 1342.06
215.154 63.7399 3.70842 3.26641 99.8686 415.369
211.14 63.4056 3.71836 3.12051 88.4804 522.405
211.668 61.807 3.73645 3.28833 197.225 415.98
212.671 61.832 3.75314 3.36846 182.878 367.353
216.01 63.9761 3.68644 3.23558 116.14 420.918
205.816 56.5593 3.80414 3.62486 140.272 872.421
208.468 61.98 3.73826 3.28798 165.078 583.366
209.777 60.5117 3.72467 3.32941 211.256 498.973
189.752 57.1766 3.77521 3.47639 117.695 1705.82
209.253 61.4636 3.71358 3.2941 273.74 532.179
210.547 60.1043 3.72332 3.33968 295.351 460.999
192.073 65.5598 3.7575 3.34721 51.6023 1457.97
209.711 63.4502 3.77006 3.12104 60.3712 584.805
193.495 53.8452 3.76605 3.37502 114.346 1687.63
211.449 62.8295 3.79958 3.13488 118.036 474.06
211.415 62.9628 3.78422 3.07861 54.1076 483.329
211.462 62.6812 3.8126 3.10876 45.4478 465.211
212.058 62.8349 3.78766 3.09566 63.8313 448.112
211.771 63.0624 3.75 3.04895 53.0688 474.388
212.26 62.5808 3.80015 3.1497 126.975 424.205
211.152 62.8331 3.82022 3.14384 100.979 487.321
211.908 64.4716 3.71744 3.28713 80.1357 574.223
226.475 68.3065 3.84707 3.39784 59.2642 949.341
207.417 57.7828 3.76896 3.40946 136.128 717.857
212.138 64.8736 3.70657 3.32148 141.645 601.63
203.383 71.3221 3.76604 3.35455 57.7223 1394.32
205.026 71.0033 3.76527 3.42283 32.0536 1330.65
234.753 71.9871 3.88953 3.50308 57.2181 1462.53
198.198 69.3641 3.74456 3.36084 38.2513 1381.97
202.84 70.0079 3.78556 3.31738 27.4488 1294.86
205.387 69.6211 3.75017 3.28763 28.1112 1198.45
194.656 68.2746 3.79644 3.34901 46.2009 1443.35
196.822 68.4753 3.77152 3.32055 32.3961 1374.73
198.806 68.6483 3.74306 3.39038 60.4265 1316.3
200.413 69.1049 3.75793 3.35067 28.9786 1294.8
205.217 69.1565 3.76598 3.36204 42.4704 1162.43
209.387 69.836 3.74232 3.37645 49.1507 1134.87
211.299 69.72 3.75311 3.35745 46.6741 1092.05
215.088 69.9175 3.72112 3.38725 49.8057 1070.84
216.289 69.626 3.73593 3.31939 38.8617 1031.06
235.93 69.3475 3.85871 3.47815 114.71 1271.6
196.917 67.6988 3.78601 3.39723 30.448 1330.16
201.885 68.4946 3.73432 3.4049 34.7937 1205.64
203.387 68.7132 3.73687 3.42807 39.1608 1176.39
207.318 68.8799 3.76554 3.36104 25.5781 1086.49
209.319 68.9656 3.7429 3.4184 55.5397 1050.93
211.177 69.1532 3.73598 3.35329 75.1169 1035.86
213.625 69.322 3.73781 3.45842 48.0192 1019.91
219.035 69.243 3.75355 3.46486 45.3735 981.483
221.263 69.3286 3.78555 3.32704 28.6466 997.347
198.174 67.082 3.76289 3.42244 31.295 1251.13
199.397 67.4213 3.7591 3.40097 35.3705 1222.49
202.768 67.4572 3.73591 3.39437 41.0241 1104.56
203.811 68.2575 3.72969 3.36334 48.5259 1128.75
206.028 68.4414 3.73744 3.42474 30.4535 1080.43
208.187 68.1343 3.73124 3.39511 42.4364 998.26
210.384 68.0584 3.76051 3.39637 63.7145 941.5
218.405 68.1861 3.73842 3.45071 87.32 863.824
220.465 68.6043 3.80752 3.38008 31.4085 913.397
222.103 68.3889 3.80325 3.31021 27.6542 899.585
223.281 66.3701 3.81685 3.43838 117.677 696.609
195.352 65.7077 3.75184 3.33583 17.3281 1314.51
198.75 66.442 3.75869 3.3467 30.133 1197.62
200.349 66.6001 3.76452 3.41998 29.3136 1141.64
202.227 66.8332 3.7597 3.43912 41.2516 1083.56
204.275 67.0486 3.73535 3.34275 44.5415 1025.27
206.517 67.2221 3.7348 3.33245 49.181 966.228
207.821 67.5076 3.73267 3.34838 52.1834 952.409
212.113 67.5187 3.74532 3.37428 75.5155 854.246
215.855 67.6946 3.73869 3.31073 36.2912 821.656
220.128 67.6136 3.75487 3.39587 44.7507 802.075
224.214 67.6106 3.85552 3.34813 37.4067 840.438
226.258 67.441 3.83382 3.38686 118.924 859.353
195.961 64.9941 3.73124 3.38099 20.5625 1267.46
197.645 65.3936 3.75377 3.32905 27.5942 1202.97
199.349 65.5011 3.73271 3.32503 19.282 1132.19
201.346 65.895 3.75262 3.37016 29.0164 1065.68
202.913 66.1434 3.74435 3.40737 47.0905 1016.75
206.494 66.5156 3.74639 3.36732 65.2571 912.398
208.493 66.9214 3.71831 3.32334 38.3857 883.594
209.976 66.7108 3.72569 3.37658 58.0128 824.807
212.525 66.7004 3.75502 3.37504 49.2279 764.569
216.215 66.9498 3.74592 3.42097 52.7126 737.164
218.345 66.8088 3.72339 3.3922 56.3188 710.392
223.778 66.9808 3.83053 3.33877 50.8639 768.094
225.729 66.9227 3.80765 3.41657 61.9606 797.607
197.761 64.6379 3.72733 3.29528 31.2822 1175.14
200.087 64.937 3.73313 3.30312 22.5384 1078.31
201.637 65.1527 3.74049 3.3295 40.0623 1018.78
203.551 65.5276 3.77556 3.39449 42.6127 957.047
205.119 65.4924 3.75923 3.40029 44.6093 892.746
207.195 65.6571 3.73154 3.35843 86.6047 825.931
208.623 65.8937 3.73075 3.38071 68.2405 795.138
210.457 65.8251 3.74706 3.3671 99.2727 733.391
212.122 65.8371 3.73544 3.36837 112.092 689.964
218.473 66.2305 3.71274 3.34257 65.0562 645.738
221.631 66.2191 3.82973 3.53925 43.3842 658.86
225.657 65.8052 3.76961 3.39776 57.091 688.649
213.052 64.4091 3.72259 3.29602 125.473 533.975
205.522 64.7962 3.73967 3.36428 43.5484 836.569
208.018 65.18 3.73833 3.36465 86.4457 762.749
210.64 65.1479 3.7144 3.3257 91.5365 670.579
216.846 65.3064 3.74009 3.44899 128.851 551.904
218.385 65.6035 3.68559 3.391 72.5349 576.033
220.064 65.4483 3.75092 3.25304 43.3852 561.575
221.694 65.3609 3.80063 3.40392 97.9599 567.013
223.623 65.2225 3.75133 3.31594 93.9922 585.443
196.446 62.7492 3.76532 3.36814 54.3414 1210.69
199.398 63.2842 3.76207 3.26786 35.389 1067.28
203.285 63.465 3.75629 3.14611 23.7595 881.154
205.853 64.1767 3.69839 3.24662 58.1251 790.46
214.63 64.613 3.7035 3.33386 101.91 513.219
216.201 64.5654 3.72606 3.49521 32.4761 479.617
216.436 64.5012 3.73211 3.51381 98.1459 469.449
221.784 64.453 3.76153 3.35639 54.0532 472.012
221.784 64.4525 3.76687 3.38514 52.5734 471.95
223.67 64.5753 3.71415 3.34261 77.9417 523.071
195.344 61.9331 3.76169 3.39788 53.0362 1268.41
198.469 62.2938 3.75651 3.34292 80.3789 1104.84
201.699 62.7161 3.75902 3.30465 82.8397 942.862
205.93 63.3569 3.77556 3.21627 73.6284 751.518
214.222 63.8036 3.67764 3.29653 74.9919 445.871
217.924 64.0292 3.6653 3.14618 99.619 402.935
222.48 63.8433 3.69776 3.3583 155.068 423.633
197.317 61.3416 3.74824 3.345 85.8297 1168.33
198.513 61.678 3.7409 3.34858 90.4553 1102.65
200.525 61.7105 3.73412 3.347 100.486 996.123
201.703 62.1344 3.74786 3.3093 105.223 935.942
203.311 62.2195 3.74886 3.30947 91.1564 853.357
205.146 62.1816 3.74219 3.30599 152.553 758.157
206.12 62.4787 3.7497 3.24648 144.023 714.708
193.799 60.3849 3.73467 3.38139 111.065 1372.4
196.65 60.4135 3.73218 3.36659 100.974 1217.29
198.04 60.7515 3.73103 3.35592 111.156 1136.32
199.312 60.6947 3.71577 3.34281 104.833 1068.26
201.041 61.0224 3.71867 3.34441 90.3536 971.204
202.562 61.4009 3.72438 3.2983 89.7716 887.882
204.176 61.4907 3.71923 3.31445 120.335 801.969
205.609 61.9037 3.72442 3.29531 154.609 729.925
206.868 61.8823 3.72362 3.28611 145.247 663.984
209.88 61.7531 3.72279 3.27845 170.093 505.36
212.274 61.7929 3.73222 3.33069 195.965 385.308
225.609 62.2024 3.72664 3.32402 200.245 411.331
198.315 59.9237 3.72715 3.35289 84.3858 1136.7
199.908 60.1686 3.71857 3.34769 71.117 1044.38
201.231 60.4742 3.72016 3.33881 144.482 966.97
202.813 60.5269 3.72087 3.30116 104.415 879.943
204.11 60.6801 3.72204 3.30979 156.907 807.591
205.516 60.8132 3.71095 3.30831 184.257 730.143
207.791 61.2001 3.70377 3.27181 155.572 607.238
226.918 61.1512 3.77103 3.38506 218.586 445.838
198.736 59.2533 3.74785 3.38492 97.2677 1131.07
200.175 59.1767 3.75622 3.39235 91.0706 1054.14
201.907 59.5938 3.74124 3.38016 251.283 947.294
202.905 59.7733 3.73552 3.35568 132.159 888.067
204.792 59.8542 3.74619 3.36084 183.338 782.483
205.68 60.1952 3.73155 3.34078 161.954 727.446
207.376 60.0815 3.72661 3.31934 156.044 635.963
210.276 60.4814 3.72672 3.34862 237.842 471.77
202.009 59.0314 3.75885 3.40134 171.816 957.672
203.561 59.1953 3.75939 3.38896 133.285 867.244
204.771 59.3922 3.76008 3.37193 167.416 794.948
206.768 59.6524 3.75164 3.33426 202.445 678.256
226.285 59.5898 3.71566 3.40166 142.815 424.822
227.183 60.2114 3.72673 3.41003 289.161 460.463
212.566 65.1171 3.72841 3.36019 107.91 611.624
203.344 58.6774 3.77841 3.37568 160.218 896.471
204.113 58.2637 3.7942 3.41096 131.343 870.881
204.991 58.6484 3.79037 3.38946 127.445 807.564
206.355 58.9287 3.78198 3.38795 237.939 722.792
207.606 58.6097 3.7869 3.38937 132.395 667.6
227.731 58.9601 3.76387 3.5325 163.964 525.722
202.426 57.5673 3.78732 3.3386 82.1194 993.837
203.613 57.6397 3.7874 3.3374 77.753 926.456
205.548 57.5665 3.76008 3.30407 66.6643 827.238
224.26 58.4133 3.9062 3.47378 54.8062 380.704
225.482 58.2747 3.88158 3.38884 56.8836 447.155
229.033 59.3946 3.73184 3.49586 229.967 580.458
197.939 55.703 3.76483 3.37832 85.7273 1335.05
200.447 56.2848 3.76493 3.40267 100.444 1167.71
223.768 57.9616 3.87017 3.32777 53.5018 393.516
225.424 57.4688 3.90934 3.3328 44.3914 502.003
228.869 57.9128 3.80298 3.49673 87.8695 637.15
227.048 56.8144 3.89448 3.34177 29.9179 623.387
229.75 56.9811 3.81825 3.40482 68.2467 738.344
212.138 64.8735 3.70414 3.34485 102.607 601.627
210.428 68.6408 3.73551 3.38928 102.528 997.612
228.385 55.3279 3.85818 3.734 36.4305 800.866
218.842 64.7774 3.70829 3.07741 61.9001 483.437
227.653 56.4191 3.83442 3.53711 69.6178 680.744
211.063 63.7323 3.6655 3.24216 107.241 547.431
211.14 63.4057 3.71836 3.12051 88.4804 522.406
210.176 67.8516 3.76541 3.36684 20.7329 925.993
209.736 66.2066 3.80104 3.34241 20.0014 787.011
209.329 66.7192 3.79764 3.26317 20.437 842.879
211.164 69.0223 3.73365 3.33113 19.3491 1022.76
211.489 65.5114 3.78152 3.26702 30.6437 676.63
211.306 69.424 3.80141 3.40565 18.8891 1061.5
210.457 65.825 3.7829 3.26251 27.8261 733.373
210.84 64.6544 3.73642 3.30731 51.4004 624.173
210.867 64.709 3.73405 3.32327 50.3438 627.605
210.853 64.7716 3.72759 3.33159 47.8167 633.066
210.847 64.8338 3.72854 3.34843 40.533 638.28
210.819 64.8857 3.72237 3.33473 67.0368 643.408
210.44 64.87 3.72527 3.34397 69.9389 654.646
210.174 64.8537 3.72856 3.38625 67.0498 662.364
210.069 64.7653 3.71792 3.36978 68.4428 659.214
210.917 64.5498 3.72958 3.30847 64.8491 613.352
210.782 64.5716 3.74013 3.23364 65.416 619.665
210.554 64.5756 3.7315 3.35419 78.7382 627.849
210.901 64.613 3.72939 3.32739 61.7955 618.868
211.172 64.6917 3.72986 3.31835 74.8758 616.142
210.813 60.8045 3.75503 3.42303 151.118 441.928
209.81 60.4601 3.69303 3.40631 35.2365 497.493
211.376 60.7866 3.69368 3.60751 28.1664 411.199
