# evlo=208.982407 evla=60.799
217.908 60.4896 3.7615 3.36851 86.4386 489.194
217.507 60.403 3.74519 3.31984 101.23 468.757
218.338 61.0595 3.7026 3.29978 86.2862 507.717
216.3 60.3932 3.73034 3.39399 80.9821 403.26
216.716 60.1205 3.75731 3.31336 116.617 431.924
212.138 64.8736 3.71492 3.23789 60.8673 481.636
217.908 60.4896 3.7615 3.36851 86.4386 489.194
217.507 60.403 3.74519 3.31984 101.23 468.757
218.338 61.0595 3.70264 3.29982 86.2862 507.723
216.296 60.3923 3.72879 3.39258 80.9821 403.091
216.716 60.1205 3.75731 3.31336 116.617 431.924
