# evlo=209.7836 evla=61.142601
194.627 64.5646 3.31194 2.82344 131.589 858.099
217.908 60.4896 3.24336 2.86498 225.95 447.8
217.507 60.403 3.20003 2.76386 140.736 428.593
218.338 61.0595 3.29876 3.03267 90.9802 461.139
220.363 59.9534 3.25828 2.77494 91.72 594.759
216.3 60.3932 3.20266 2.64009 137.564 364.651
216.716 60.1205 3.15835 2.38985 196.712 395.93
215.395 60.9677 3.25659 2.91621 162.799 303.619
209.013 64.0997 3.30523 2.84149 203.187 331.945
210.701 64.1732 3.35572 2.93308 181.876 341.027
207.916 63.4188 3.27702 2.76832 112.12 271.559
212.195 64.6453 3.35658 3.01986 198.138 409.14
200.411 54.831 3.32655 2.75677 61.1583 893.53
207.685 63.8827 3.26985 2.78794 207.177 323.926
208.763 59.5251 3.29658 2.93468 215.721 188.829
209.796 67.2269 3.33136 2.85865 171.055 678.275
216.907 60.7523 3.24229 2.91949 192.594 388.332
218.66 60.9649 3.29577 3.06724 72.9036 479.502
217.513 60.0823 3.16365 2.5728 114.786 439.175
212.624 63.0753 3.40548 3.16023 180.541 261.459
214.225 61.1292 3.28736 2.91364 233.056 239.25
215.93 63.6482 3.39134 3.11952 162.476 422.813
214.25 60.5487 3.23024 2.86178 208.724 251.637
196.582 54.8564 3.31594 2.73705 125.507 1045.15
213.401 60.7277 3.29329 3.03603 211.243 201.49
214.766 66.5657 3.38115 3.00125 172.197 651.831
188.296 63.7758 3.31826 2.73252 136.092 1141.01
203.121 64.7461 3.31153 2.84602 111.404 524.567
216.188 61.4417 3.36524 3.11367 105.135 344.796
212.904 60.8792 3.2788 2.89638 163.275 171.3
215.271 60.5805 3.20121 2.71179 178.673 304.599
216.679 60.2805 3.19018 2.61079 172.161 388.329
218.244 60.7315 3.32853 3.11894 77.8802 460.642
213.052 64.4091 3.39132 3.0079 175.412 400.377
213.497 60.396 3.30846 2.81699 226.752 218.746
215.738 60.3351 3.20202 2.63795 196.097 336.9
217.659 60.6024 3.25806 2.89644 234.683 431.788
215.581 59.9268 3.20749 2.40335 63.4227 345.75
216.749 60.4427 3.19828 2.69706 145.891 387.069
217.639 60.9231 3.38124 3.16123 103.935 425.07
214.077 61.4924 3.3389 3.1053 297.109 233.234
197.4 66.8951 3.32239 2.82885 82.1103 878.955
209.077 63.5527 3.29158 2.869 227.572 271.088
217.277 60.2474 3.19358 2.6339 101.345 421.029
218.995 60.824 3.28409 3.05374 68.7894 499.523
216.976 61.3836 3.31417 3.03108 131.363 386.675
211.063 63.7318 3.342 3.00989 278.162 296.022
211.768 64.9602 3.38356 3.0269 155.373 437.143
218.049 60.1785 3.1877 2.68227 183.843 464.257
209.256 65.0304 3.31637 2.8809 200.347 434.161
210.931 64.5928 3.34731 2.92099 164.149 388.947
216.031 60.2361 3.1949 2.60126 194.3 355.789
191.145 52.9721 3.34059 2.79718 143.695 1442.69
214.53 62.9699 3.40695 3.14279 238.08 320.953
214.475 65.5174 3.36637 3.01135 107.048 540.998
207.811 62.8962 3.25611 2.83491 235.66 221.036
217.533 61.1871 3.28095 2.93576 101.897 416.901
215.323 60.3863 3.20812 2.7103 173.796 313.355
197.092 68.0541 3.27105 2.7376 25.7427 977.444
215.154 63.7399 3.39609 3.20461 177.049 400.618
218.652 60.2994 3.2531 2.85213 162.533 492.688
211.14 63.4056 3.38186 3.08077 306.615 261.844
219.217 60.1294 3.23787 2.78362 215.047 527.956
212.671 61.832 3.30105 3.0135 210.518 171.927
216.01 63.9761 3.403 3.14114 152.136 449.386
214.792 60.5341 3.21734 2.79034 208.87 280.592
189.752 57.1766 3.36566 2.88385 95.3132 1222.15
217.161 60.1791 3.18606 2.59153 148.379 417.219
216.221 60.072 3.16767 2.43886 140.716 372.05
218.856 60.4399 3.29633 3.03568 112.952 499.831
217.171 60.7541 3.26334 2.96073 207.094 402.467
192.073 65.5598 3.32682 2.85482 78.9797 1009.23
209.711 63.4502 3.3229 2.88527 181.73 257.21
193.495 53.8452 3.31941 2.7644 158.459 1264.54
216.546 61.2275 3.39018 3.1427 165.684 363.7
211.449 62.8295 3.40678 3.07686 293.959 207.265
211.415 62.9628 3.39826 3.08114 124.116 220.045
211.462 62.6812 3.37743 3.14427 148.698 192.814
212.058 62.8349 3.3997 3.14707 172.693 223.087
211.771 63.0624 3.38877 3.10671 162.109 237.782
212.26 62.5808 3.41657 3.09312 307.02 206.559
211.152 62.8331 3.4014 3.11695 301.778 201.588
217.147 60.448 3.19107 2.73181 154.251 408.15
211.908 64.4716 3.36458 3.08427 225.449 386.493
218.249 60.3583 3.24198 2.82826 190.689 469.478
195.961 64.9941 3.30953 2.85996 45.4756 817.545
197.645 65.3936 3.29295 2.8198 42.041 769.833
199.349 65.5011 3.30275 2.8452 76.6932 712.174
206.494 66.5156 3.32273 2.85684 112.403 620.244
208.493 66.9214 3.32018 2.84544 107.322 647.251
209.976 66.7108 3.33194 2.83196 132.61 620.79
212.525 66.7004 3.35138 2.87453 128.794 633.836
213.899 66.7653 3.38824 2.95155 88.5343 658.099
216.215 66.9498 3.36542 2.98086 119.145 718.725
218.345 66.8088 3.36292 2.96838 88.6928 756.686
221.978 66.9116 3.37478 2.9774 73.1464 873.929
223.778 66.9808 3.37782 2.94238 111.679 939.709
225.729 66.9227 3.39922 2.98197 60.9815 1006.17
197.761 64.6379 3.29957 2.86039 57.2727 723.316
200.087 64.937 3.2896 2.79253 58.8489 646.574
201.637 65.1527 3.31154 2.83171 75.3913 606.133
203.551 65.5276 3.32296 2.80035 68.285 579.393
205.119 65.4924 3.30353 2.82541 70.1679 537.94
207.195 65.6571 3.32316 2.81831 171.592 519.474
208.623 65.8937 3.32262 2.89302 161.722 532.722
210.457 65.8251 3.33526 2.84329 143.832 523.023
212.122 65.8371 3.34855 2.86459 150.051 536.008
214.18 66.267 3.38127 3.00588 48.0377 610.843
214.181 66.267 3.3855 2.98878 96.7377 610.86
218.473 66.2305 3.3818 3.00247 141.296 710.383
221.631 66.2191 3.38422 3.00237 71.0349 812.427
225.657 65.8052 3.39554 3.02165 54.9928 942.647
214.843 62.3987 3.33131 3.06578 276.372 301.449
213.052 64.4091 3.39132 3.0079 175.412 400.377
199.305 63.8864 3.29611 2.78858 112.232 619.328
205.522 64.7962 3.31564 2.77935 72.0613 460.827
208.018 65.18 3.307 2.81443 168.6 458.691
210.64 65.1479 3.33538 2.88119 185.322 448.517
216.846 65.3064 3.38686 3.06088 147.153 583.673
218.385 65.6035 3.38049 3.02874 109.203 656.427
220.064 65.4483 3.38721 3.01996 103.75 702.923
221.694 65.3609 3.40337 3.04743 121.78 758.924
223.623 65.2225 3.39386 3.03406 71.6534 829.463
196.446 62.7492 3.30057 2.81542 112.378 721.188
199.398 63.2842 3.29035 2.81302 106.538 589.876
200.922 63.3965 3.27984 2.78803 74.8597 523.677
203.285 63.465 3.28867 2.86971 80.457 424.708
204.379 63.994 3.28467 2.83204 77.5171 421.901
205.853 64.1767 3.31927 2.90907 134.065 393.473
214.63 64.613 3.37183 3.02054 159.454 458.457
216.201 64.5654 3.37491 3.11282 19.0703 501.863
216.436 64.5012 3.39348 3.07997 133.326 504.637
221.784 64.453 3.38746 3.04559 99.4468 713.223
221.784 64.4525 3.38251 3.04923 66.33 713.173
223.67 64.5753 3.37387 2.98714 95.1706 801.559
195.344 61.9331 3.32834 2.87545 63.5052 771.425
198.469 62.2938 3.30195 2.82662 116.997 611.073
201.699 62.7161 3.2913 2.79766 123.263 459.009
205.93 63.3569 3.28756 2.76148 171.508 317.707
214.222 63.8036 3.38296 3.11201 140.194 374.476
217.924 64.0292 3.39513 3.08366 157.027 527.098
222.48 63.8433 3.38337 3.05031 98.0421 718.767
197.317 61.3416 3.3389 2.91186 84.0116 668.74
198.513 61.678 3.32809 2.88923 103.829 604.117
200.525 61.7105 3.3066 2.86983 132.593 497.814
201.703 62.1344 3.29347 2.82949 139.862 442.13
203.311 62.2195 3.27259 2.8161 146.068 362.892
205.146 62.1816 3.23919 2.75538 277.181 271.538
206.12 62.4787 3.24552 2.81151 140.401 243.817
216.652 63.0254 3.36484 3.13744 171.486 415.441
218.173 63.0618 3.35955 3.06169 219.842 487.026
221.871 63.109 3.34772 3.00707 158.351 666.526
193.799 60.3849 3.33252 2.86143 53.9671 873.178
196.65 60.4135 3.32558 2.86286 78.6965 718.939
198.04 60.7515 3.32143 2.85864 75.59 637.101
199.312 60.6947 3.32157 2.89359 87.5026 569.633
201.041 61.0224 3.31014 2.89537 96.9345 471.668
202.562 61.4009 3.30086 2.91576 121.981 388.241
204.176 61.4907 3.27562 2.8765 117.528 302.796
205.609 61.9037 3.24206 2.76001 309.381 237.765
206.868 61.8823 3.21025 2.77127 186.635 175.708
213.825 62.1067 3.36074 3.13281 232.639 239.724
217.004 62.4013 3.28948 2.99476 179.319 405.872
218.122 62.3579 3.27968 2.98212 266.906 460.462
221.538 62.4435 3.32977 2.99805 160.012 635.814
223.206 62.5763 3.34108 3.00873 167.175 722.981
225.609 62.2024 3.33903 2.99042 118.723 844.232
198.315 59.9237 3.33281 2.91856 86.927 643.215
199.908 60.1686 3.34153 2.90625 90.651 550.355
201.231 60.4742 3.33926 2.94057 126.2 471.111
202.813 60.5269 3.32066 2.86699 138.226 385.066
204.11 60.6801 3.31308 2.80532 131.46 312.003
205.516 60.8132 3.27195 2.8311 220.229 233.912
215.402 61.6061 3.32601 3.03579 115.118 304.71
222.911 61.4593 3.33124 3.07228 62.3855 703.279
224.22 61.4862 3.32944 3.04995 85.9301 772.767
226.918 61.1512 3.329 3.02975 39.7031 920.185
198.736 59.2533 3.33818 2.89355 74.7977 646.963
200.175 59.1767 3.35085 2.95649 74.3964 576.08
201.907 59.5938 3.35931 2.99635 125.93 467.27
202.905 59.7733 3.33348 2.93657 135.293 407.834
204.792 59.8542 3.29294 2.80431 193.293 309.51
205.68 60.1952 3.27976 2.87661 258.577 247.885
207.376 60.0815 3.13415 2.50932 433.256 177.079
223.909 60.7704 3.32419 3.06468 78.0843 764.984
190.452 56.6011 3.3676 2.88145 49.2002 1218.62
202.009 59.0314 3.32416 2.87484 170.09 492.03
203.561 59.1953 3.33396 2.89855 204.198 407.697
204.771 59.3922 3.29049 2.79127 265.091 338.994
206.768 59.6524 3.20862 2.59442 323.655 234.912
212.597 59.9979 3.30643 2.8637 195.056 200.139
222.262 59.6304 3.14808 2.34945 44.8836 707.279
227.183 60.2114 3.34009 3.06576 43.5801 953.73
212.566 65.1171 3.372 3.0002 207.689 464.613
203.344 58.6774 3.3338 2.84428 288.371 452.697
204.113 58.2637 3.32956 2.9018 252.745 452.215
204.991 58.6484 3.29522 2.80653 221.332 386.044
206.355 58.9287 3.21493 2.60469 193.465 311.93
213.66 59.4296 3.24612 2.61401 224.471 286.988
227.731 58.9601 3.29528 2.87126 59.1068 1025.47
202.426 57.5673 3.33712 2.85625 97.0209 577.134
203.613 57.6397 3.29442 2.77673 121.573 524.186
205.548 57.5665 3.22139 2.5354 51.5886 465.369
225.482 58.2747 3.32287 2.82883 43.9486 936.854
229.033 59.3946 3.35172 3.02272 46.6784 1078.9
197.939 55.703 3.31528 2.76328 107.575 917.436
200.447 56.2848 3.3102 2.80533 110.938 763.869
228.869 57.9128 3.26881 2.60342 33.306 1133.62
227.048 56.8144 3.67482 2.58153 16.2894 1099.28
229.75 56.9811 3.29933 2.63556 18.6159 1229.64
212.138 64.8735 3.36584 3.0233 179.888 432.546
210.428 68.6408 3.3172 2.8769 127.781 836.519
209.931 62.7622 2.95284 2.72218 211.245 180.661
211.063 63.7323 3.34267 3.01049 278.162 296.081
211.14 63.4057 3.38195 3.08084 306.615 261.85
218.547 60.1369 3.87049 4.38102 178.92 492.036
210.782 64.5716 3.33683 2.89485 114.13 385.549
210.554 64.5756 3.33678 2.88916 149.484 384.639
210.901 64.613 3.34626 2.91407 136.479 390.948
211.172 64.6917 3.35301 2.9315 174.616 401.802
217.908 60.4896 3.24336 2.86498 225.95 447.8
217.507 60.403 3.20003 2.76386 140.736 428.593
218.338 61.0595 3.2988 3.03271 90.9802 461.145
216.296 60.3923 3.20132 2.63899 137.564 364.499
216.716 60.1205 3.15835 2.38985 196.712 395.93
215.271 60.5805 3.20121 2.71179 178.673 304.599
216.679 60.2805 3.19018 2.61079 172.161 388.329
218.244 60.7315 3.32853 3.11894 77.8802 460.642
217.659 60.602 3.25793 2.89633 234.683 431.771
216.749 60.4427 3.19828 2.69706 145.891 387.069
217.639 60.9231 3.38116 3.16115 103.935 425.06
217.277 60.2474 3.19358 2.6339 101.345 421.029
218.995 60.8241 3.28408 3.05373 68.7894 499.522
216.976 61.3836 3.31417 3.03108 131.363 386.675
218.049 60.1785 3.1877 2.68227 183.843 464.257
216.031 60.2361 3.1949 2.60126 194.3 355.789
217.533 61.187 3.28104 2.93584 101.897 416.912
218.652 60.2994 3.2531 2.85213 162.533 492.688
219.217 60.1294 3.23787 2.78362 215.047 527.956
216.221 60.072 3.16767 2.43886 140.716 372.05
218.856 60.4399 3.29633 3.03568 112.952 499.831
216.546 61.2275 3.39018 3.1427 165.684 363.7
212.567 65.1173 3.37693 3.01285 55.5725 464.639
212.57 65.1176 3.3773 3.01667 56.5519 464.712
