# evlo=197.399994 evla=66.895103
194.627 64.5646 3.3514 2.73972 208.85 289.276
217.908 60.4896 3.34418 2.90748 92.6276 1231.32
217.654 61.036 3.34933 2.91099 96.9982 1179.56
218.338 61.0595 3.34592 2.94067 69.4441 1205.33
220.363 59.9534 3.33728 2.93073 44.3564 1370.69
216.3 60.3932 3.34726 2.86031 78.8284 1176.27
225.144 58.5792 3.35906 2.92989 46.3085 1672.46
216.716 60.1205 3.32813 2.78979 42.2827 1214.16
215.395 60.9677 3.35942 2.91752 130.446 1095.99
209.013 64.0997 3.34266 2.82524 166.217 620.072
209.094 59.7511 3.30744 2.79665 60.2008 985.302
209.259 59.7417 3.31438 2.78946 78.2913 991.022
210.701 64.1732 3.37725 2.81758 137.579 683.907
208.846 60.7683 3.31678 2.79282 80.5834 882.621
207.916 63.4188 3.33817 2.8502 145.968 625.907
212.195 64.6453 3.36404 2.80283 50.1253 720.609
207.685 63.8827 3.32755 2.82289 160.549 583.186
208.763 59.5251 3.31423 2.89271 76.4598 997.501
209.796 67.2269 3.31713 2.82779 122.574 539.73
216.907 60.7523 3.35197 2.89921 108.961 1171.56
218.66 60.9649 3.33946 2.93199 76.7188 1225.36
209.738 62.4058 3.3405 2.81021 64.3093 771.042
217.513 60.0823 3.34721 2.82231 141.788 1247.91
212.624 63.0753 3.34844 2.83589 101.778 832.135
214.225 61.1292 3.37639 2.94183 81.7319 1038.58
215.93 63.6482 3.40384 2.82924 52.7797 933.479
214.25 60.5487 3.32287 2.87752 79.4752 1086.47
196.582 54.8564 3.36621 2.82984 35.1061 1342.12
213.401 60.7277 3.33455 2.89042 74.5801 1040.54
209.784 61.1426 3.32239 2.82885 82.1103 878.955
214.766 66.5657 3.35784 2.86804 62.1315 764.264
188.296 63.7758 3.37464 2.74266 80.3292 547.55
203.121 64.7461 3.34606 2.82265 162.339 354.495
211.074 61.771 3.31429 2.8417 68.936 870.427
216.188 61.4417 3.35222 2.89215 125.606 1090.81
212.904 60.8792 3.33527 2.88418 75.6031 1009.9
215.271 60.5805 3.34702 2.89696 51.3949 1122.04
216.679 60.2805 3.34505 2.86158 75.7428 1199.86
218.244 60.7315 3.35279 2.92334 82.2017 1226.12
213.052 64.4091 3.37105 2.82835 61.8767 769.267
213.497 60.396 3.3221 2.84987 71.7107 1071.75
215.738 60.3351 3.31699 2.85006 41.2877 1159.56
208.348 59.6572 3.31518 2.8997 57.4184 973.136
217.659 60.6024 3.34601 2.92264 117.34 1212.75
225.615 58.2758 3.369 2.94253 49.0539 1715.85
215.581 59.9268 3.29493 2.75669 59.8763 1187.3
216.749 60.4427 3.34751 2.86975 134.106 1189.64
217.639 60.9231 3.35138 2.90982 93.7407 1187.47
214.077 61.4924 3.3584 2.88507 168.113 1004.5
211.542 61.4131 3.32624 2.88412 139.284 916.579
209.077 63.5527 3.33176 2.82326 175.975 659.644
217.277 60.2474 3.34712 2.84286 66.0134 1225.58
218.995 60.824 3.34283 2.92921 74.5926 1249.39
216.976 61.3836 3.35108 2.91884 80.5363 1126.58
211.063 63.7318 3.35666 2.81221 142.917 725.943
211.768 64.9602 3.37344 2.80711 98.3902 687.055
218.049 60.1785 3.34338 2.87836 124.924 1261.19
209.256 65.0304 3.40656 2.8074 97.6177 576.698
210.931 64.5928 3.40407 2.84397 73.2116 669.798
216.031 60.2361 3.32 2.83599 42.73 1178.7
191.145 52.9721 3.37215 2.73646 28.5141 1588.15
214.53 62.9699 3.38778 2.86039 54.4398 916.573
219.747 60.0959 3.33813 2.93889 71.2648 1334.96
220.599 59.667 3.33736 2.92011 49.6516 1402.44
214.475 65.5174 3.39947 2.93551 48.6934 781.597
207.811 62.8962 3.35525 2.83442 53.7352 663.226
217.533 61.1871 3.34934 2.91769 85.3671 1163.45
211.667 60.8584 3.31387 2.83876 109.169 967.632
215.323 60.3863 3.31169 2.8194 67.4216 1139.75
210.261 61.0889 3.32622 2.83304 91.5201 899.581
215.154 63.7399 3.3849 2.84507 75.331 895.28
218.652 60.2994 3.34039 2.90807 67.0534 1275.51
211.14 63.4056 3.34161 2.83076 145.913 750.491
219.217 60.1294 3.33471 2.90118 81.2547 1311.18
211.668 61.807 3.35917 2.87534 62.2565 889.196
212.671 61.832 3.35949 2.88698 145.789 924.639
216.01 63.9761 3.61442 2.86729 16.1253 918.605
214.792 60.5341 3.31311 2.81734 57.9835 1107.8
208.468 61.98 3.3478 2.82167 94.1914 762.416
209.777 60.5117 3.29181 2.77916 73.9282 935.202
189.752 57.1766 3.37256 2.76573 64.6379 1152.64
209.253 61.4636 3.32214 2.83544 67.6599 833.271
217.161 60.1791 3.34645 2.83482 101.036 1226.56
210.547 60.1043 3.30752 2.80845 93.8544 996.843
218.856 60.4399 3.34424 2.9397 82.2438 1272.79
217.171 60.7541 3.35024 2.90542 87.2808 1181.78
192.073 65.5598 3.40183 2.74925 120.074 282.047
209.711 63.4502 3.33728 2.82404 166.842 691.31
193.495 53.8452 3.33197 2.69437 74.83 1469.13
216.546 61.2275 3.35134 2.87811 132.86 1121.03
211.449 62.8295 3.33424 2.829 119.737 802.944
211.415 62.9628 3.3328 2.8093 76.1594 792.032
211.462 62.6812 3.3322 2.8355 92.2457 814.275
212.058 62.8349 3.33918 2.82242 79.8206 826.321
211.771 63.0624 3.3414 2.80593 78.0776 799.045
212.26 62.5808 3.33977 2.83132 141.967 852.494
211.152 62.8331 3.33377 2.82774 120.434 791.214
217.147 60.448 3.34806 2.87509 110.562 1204.68
211.908 64.4716 3.3992 2.80405 30.2384 717.472
218.249 60.3583 3.34298 2.90156 107.903 1254.96
213.052 64.4091 3.37105 2.82835 61.8767 769.267
197.317 61.3416 3.35717 2.78181 69.9746 619.11
198.513 61.678 3.36538 2.81426 64.0713 584.078
201.703 62.1344 3.35508 2.8663 94.4182 569.241
203.311 62.2195 3.30742 2.83466 43.4743 592.774
206.12 62.4787 3.33534 2.73471 83.3204 643.534
216.652 63.0254 3.3796 2.82151 85.4449 1001.24
218.173 63.0618 3.69562 3.48338 15.0441 1063.3
221.871 63.109 3.41031 2.88891 30.7355 1219.42
193.799 60.3849 3.35196 2.72751 65.2435 747.013
196.65 60.4135 3.36209 2.81092 50.8426 723.453
198.04 60.7515 3.36687 2.83119 49.1047 685.567
199.312 60.6947 3.38065 2.79227 50.8071 697.49
201.041 61.0224 3.33944 2.88516 32.286 678.255
202.562 61.4009 3.37162 2.82466 42.808 661.497
205.609 61.9037 3.33627 2.81871 70.0697 681.746
206.868 61.8823 3.33086 2.83312 70.5681 720.248
209.88 61.7531 3.32664 2.8726 123.482 829.642
212.274 61.7929 3.36291 2.8935 135.577 912.766
213.825 62.1067 3.34694 2.85572 122.081 948.339
217.004 62.4013 3.36113 2.88387 51.2594 1056.16
218.122 62.3579 3.37976 2.85631 46.1186 1105.57
221.538 62.4435 3.55502 2.89798 24.5859 1244.83
223.206 62.5763 3.40743 2.90348 38.3149 1308.54
225.609 62.2024 3.41306 2.90177 38.854 1435.39
198.315 59.9237 3.37693 2.81828 54.5082 778.405
199.908 60.1686 3.38683 2.79956 31.1269 759.952
201.231 60.4742 3.34862 2.91087 51.8586 740.082
202.813 60.5269 3.3682 2.788 30.4938 757.97
204.11 60.6801 3.34449 2.81833 57.7159 766.745
207.791 61.2001 3.31785 2.82605 72.747 810.698
215.402 61.6061 3.34773 2.87045 159.402 1047.45
222.911 61.4593 3.38347 2.87307 24.882 1367.29
226.918 61.1512 3.52954 2.89325 22.2227 1559.53
198.736 59.2533 3.37768 2.80656 44.6784 854.393
200.175 59.1767 3.40024 2.8183 18.3412 871.477
201.907 59.5938 3.3579 2.85392 63.2567 844.218
202.905 59.7733 3.36957 2.83945 59.4505 839.598
204.792 59.8542 3.35929 2.81684 30.0515 866.198
205.68 60.1952 3.57711 2.82248 67.0448 851.179
210.276 60.4814 3.3009 2.81944 69.6377 953.934
219.809 60.7718 3.33615 2.86447 59.6466 1286.36
221.424 60.3024 3.34383 2.88945 42.145 1387.32
223.909 60.7704 3.37774 2.89717 41.3358 1457.02
190.452 56.6011 3.37893 2.7838 16.0091 1202.69
202.009 59.0314 3.36634 2.85665 61.4731 906.546
204.771 59.3922 3.37182 2.81167 22.8054 913.708
212.597 59.9979 3.33964 2.84492 47.3725 1074.41
222.262 59.6304 3.47243 2.9109 43.6323 1472.54
226.285 59.5898 3.51256 2.90003 33.1473 1642.67
227.183 60.2114 3.404 2.93221 21.4367 1635.64
212.566 65.1171 3.39952 2.86055 100.595 714.404
204.113 58.2637 3.37675 2.90627 44.7837 1020.63
206.355 58.9287 3.37395 2.87373 52.4711 995.535
213.66 59.4296 3.31451 2.76156 65.516 1161.1
227.731 58.9601 3.50763 2.88331 34.446 1750.84
202.426 57.5673 3.35997 2.82318 36.0815 1071.06
203.613 57.6397 3.53457 2.91353 48.9119 1079.51
224.26 58.4133 3.47963 2.93295 26.861 1649.51
225.482 58.2747 3.47818 2.93827 31.2266 1710.46
197.939 55.703 3.37734 2.82997 44.1895 1247.48
223.768 57.9616 3.34638 2.89161 20.8132 1666.26
227.048 56.8144 3.39705 2.95514 15.8392 1893.32
229.75 56.9811 3.4612 2.91752 24.7342 1990.97
212.138 64.8735 3.37645 2.82011 68.2468 707.012
210.428 68.6408 3.27746 2.85165 94.9217 582.377
226.879 56.1146 3.37762 2.91669 33.0693 1945.38
228.385 55.3279 3.39377 2.91084 23.8601 2073.24
227.653 56.4191 3.34595 2.803 28.8005 1950.93
209.931 62.7622 2.53427 2.08418 74.2928 750.248
211.063 63.7323 3.35662 2.81217 142.917 725.933
211.14 63.4057 3.34161 2.83075 145.913 750.49
218.547 60.1369 3.65582 3.31578 51.5479 1284.03
217.908 60.4896 3.34418 2.90748 92.6276 1231.32
218.338 61.0595 3.34593 2.94068 69.4441 1205.33
216.296 60.3923 3.34709 2.86016 78.8284 1176.21
216.716 60.1205 3.32813 2.78979 42.2827 1214.16
215.271 60.5805 3.34702 2.89696 51.3949 1122.04
216.679 60.2805 3.34505 2.86158 75.7428 1199.86
218.244 60.7315 3.35279 2.92334 82.2017 1226.12
217.659 60.602 3.34604 2.92267 117.34 1212.76
216.749 60.4427 3.34751 2.86975 134.106 1189.64
217.639 60.9231 3.35136 2.9098 93.7407 1187.46
217.277 60.2474 3.34712 2.84286 66.0134 1225.58
218.995 60.8241 3.34281 2.92919 74.5926 1249.38
216.976 61.3836 3.35108 2.91884 80.5363 1126.58
218.049 60.1785 3.34338 2.87836 124.924 1261.19
216.031 60.2361 3.32 2.83599 42.73 1178.7
217.533 61.187 3.34939 2.91773 85.3671 1163.46
218.652 60.2994 3.34039 2.90807 67.0534 1275.51
219.217 60.1294 3.33471 2.90118 81.2547 1311.18
218.856 60.4399 3.34424 2.9397 82.2438 1272.79
216.546 61.2275 3.35134 2.87811 132.86 1121.03
212.567 65.1173 3.39438 2.84907 35.3766 714.408
212.57 65.1176 3.39465 2.84587 35.8944 714.516
209.518 60.7352 3.27764 2.8092 37.5394 906.687
209.518 60.7351 3.27771 2.80926 37.5394 906.708
