# evlo=214.530106 evla=62.969898
194.627 64.5646 3.34918 2.89999 148.058 993.627
217.908 60.4896 3.28473 3.13819 349.848 328.984
217.654 61.036 3.24907 3.1019 406.16 270.556
217.507 60.403 3.27185 3.03092 126.157 326.508
218.338 61.0595 3.2814 3.02682 240.755 291.621
220.363 59.9534 3.26018 2.9455 94.2551 457.618
216.3 60.3932 3.34476 2.92763 168.708 302.016
215.395 60.9677 3.40834 2.95596 212.168 227.693
209.013 64.0997 3.45963 2.96033 110.685 301.841
209.094 59.7511 3.36765 3.15907 194.762 461.445
209.259 59.7417 3.37264 3.10573 204.662 456.809
210.701 64.1732 3.38782 2.9438 308.652 232.706
208.846 60.7683 3.3117 2.86554 289.715 386.628
207.916 63.4188 3.37823 3.05542 235.733 336.528
212.195 64.6453 3.30743 2.86486 382.152 219.33
204.378 55.8218 3.28936 2.94291 87.6464 980.834
200.411 54.831 3.21847 2.86322 69.3723 1213.08
207.685 63.8827 3.31759 2.88795 137.763 356.425
208.763 59.5251 3.3517 3.08906 216.828 492.791
209.796 67.2269 3.34642 2.88752 184.215 523.848
216.907 60.7523 3.3481 3.17951 218.715 276.966
218.66 60.9649 3.27824 3.09298 207.155 311.101
209.738 62.4058 3.46515 3.22781 206.917 253.302
217.513 60.0823 3.28691 2.88964 110.186 358.709
214.225 61.1292 3.30458 3.031 317.466 205.758
214.25 60.5487 3.25414 2.92412 253.351 270.227
196.582 54.8564 3.34162 2.85168 28.9935 1365.05
213.401 60.7277 3.31586 3.04349 298.217 256.84
209.784 61.1426 3.40695 3.14279 238.08 320.953
214.766 66.5657 3.34951 2.85822 159.664 401.048
188.296 63.7758 3.36678 2.82384 130.764 1306.13
203.121 64.7461 3.33171 2.86581 93.4899 594.029
211.074 61.771 3.40851 3.22429 355.233 223.236
216.188 61.4417 3.27371 3.15646 421.177 190.904
212.904 60.8792 3.36336 3.18086 249.864 248.138
215.271 60.5805 3.34735 2.83223 124.617 269.129
218.244 60.7315 3.28223 3.00173 255.887 316.869
213.052 64.4091 3.32987 2.79094 345.869 176.305
213.497 60.396 3.25804 2.85666 239.986 291.999
215.738 60.3351 3.33334 3.03492 76.2693 300.501
208.348 59.6572 3.36592 3.17177 184.025 495.504
217.659 60.6024 3.27746 3.20979 271.556 311.167
225.615 58.2758 3.34604 3.02162 56.5272 799.274
215.581 59.9268 3.25874 2.67935 45.8217 343.704
216.749 60.4427 3.32725 2.99293 193.59 305.072
217.639 60.9231 3.25816 3.11806 470.019 280.414
211.542 61.4131 3.39806 3.04044 429.221 233.017
197.4 66.8951 3.38778 2.86039 54.4398 916.573
209.077 63.5527 3.30743 2.90197 185.206 281.371
217.277 60.2474 3.33099 2.93017 85.5483 336.516
218.995 60.824 3.2914 3.07432 230.206 334.969
216.976 61.3836 3.23304 2.96604 410.268 217.89
211.063 63.7318 3.47466 3.04213 265.876 193.219
211.768 64.9602 3.33723 2.85045 400.679 259.828
218.049 60.1785 3.28783 2.9964 290.631 362.82
209.256 65.0304 3.34961 2.88319 315.966 345.299
210.931 64.5928 3.32605 2.90715 345.688 253.378
216.031 60.2361 3.33048 3.01913 117.731 314.871
191.145 52.9721 3.37233 2.90252 64.9989 1759.01
219.747 60.0959 3.28875 2.99013 226.558 423.545
220.599 59.667 3.27949 3.00434 152.463 490.642
214.475 65.5174 3.37865 2.86633 179.317 284.011
207.811 62.8962 3.38867 3.02203 213.691 341.22
217.533 61.1871 3.25112 3.09127 371.996 253.133
211.667 60.8584 3.36901 3.12431 325.634 279.248
215.323 60.3863 3.32732 2.77488 45.5461 290.954
210.261 61.0889 3.39116 3.13492 275.364 306.295
197.092 68.0541 3.34553 2.84769 139.092 980.646
218.652 60.2994 3.27282 3.0517 219.196 369.087
211.14 63.4056 3.47054 3.33104 142.403 177.442
219.217 60.1294 3.26868 2.96889 241.203 402.66
211.668 61.807 3.40837 3.14553 400.84 196.723
214.792 60.5341 3.25211 2.77196 168.127 271.8
205.816 56.5593 3.31201 2.99381 107.684 864.335
208.468 61.98 3.44801 3.1202 297.439 331.414
209.777 60.5117 3.37846 3.10567 234.786 371.477
189.752 57.1766 3.39167 2.97645 98.1083 1510.39
209.253 61.4636 3.42136 3.22028 323.112 321.645
216.221 60.072 3.30873 2.97892 126.933 335.209
210.547 60.1043 3.38149 3.03476 266.041 383.061
218.856 60.4399 3.28186 3.05684 293.277 362.968
217.171 60.7541 3.31097 3.12659 199.776 283.313
192.073 65.5598 3.35591 2.86585 89.3796 1119.37
209.711 63.4502 3.32278 2.9637 179.15 248.233
193.495 53.8452 3.3541 2.87215 50.1966 1582.48
216.546 61.2275 3.29042 3.02782 451.855 220.855
211.152 62.8331 3.51552 3.51656 259.473 172.39
217.147 60.448 3.3062 2.92658 194.574 313.225
211.908 64.4716 3.29173 2.82744 384.579 211.652
218.249 60.3583 3.28542 3.02648 296.244 351.321
213.052 64.4091 3.32987 2.79094 345.869 176.305
212.566 65.1171 3.38973 2.87196 266.502 257.845
203.344 58.6774 3.3631 2.89037 108.865 772.271
204.113 58.2637 3.36636 2.989 112.47 773.126
204.991 58.6484 3.34694 2.94468 175.084 706.834
206.355 58.9287 3.3203 2.89555 196.237 630.801
207.606 58.6097 3.35388 3.13082 165.029 614.332
213.66 59.4296 3.22419 2.65475 265.118 397.257
227.731 58.9601 3.53763 3.40584 60.7872 840.809
203.613 57.6397 3.34304 2.93833 140.495 844.671
224.26 58.4133 3.34345 3.0092 86.7944 733.657
225.482 58.2747 3.36721 3.01545 28.1707 793.893
229.033 59.3946 3.40481 3.03709 36.346 873.377
200.447 56.2848 3.33392 2.88709 77.9906 1084.81
223.768 57.9616 3.32414 2.90357 77.5659 753.355
225.424 57.4688 3.38551 3.0334 97.6093 858.253
228.869 57.9128 3.348 3.01507 29.3824 966.453
227.048 56.8144 3.38388 3.04146 38.4344 977.343
229.75 56.9811 3.35798 3.01574 50.6514 1076.01
212.138 64.8735 3.33174 2.85946 351.73 242.462
210.428 68.6408 3.3396 2.81761 121.508 659.24
229.974 55.9154 3.38534 3.02009 42.3209 1171.6
228.385 55.3279 3.40471 3.01614 49.3686 1158.59
227.653 56.4191 3.4055 3.04743 64.733 1034.97
209.931 62.7622 3.03666 2.78723 298.207 235.215
211.063 63.7323 3.47465 3.04212 265.876 193.218
211.14 63.4057 3.47051 3.33101 142.403 177.441
218.547 60.1369 3.95203 4.00602 125.966 380.992
217.908 60.4896 3.28473 3.13819 349.848 328.984
217.507 60.403 3.27185 3.03092 126.157 326.508
218.338 61.0595 3.28144 3.02686 240.755 291.625
216.296 60.3923 3.3452 2.92802 168.708 302.056
215.271 60.5805 3.34735 2.83223 124.617 269.129
218.244 60.7315 3.28223 3.00173 255.887 316.869
217.659 60.602 3.27772 3.21005 271.556 311.192
216.749 60.4427 3.32725 2.99293 193.59 305.072
217.639 60.9231 3.25809 3.11799 470.019 280.408
217.277 60.2474 3.33099 2.93017 85.5483 336.516
218.995 60.8241 3.29132 3.07424 230.206 334.961
216.976 61.3836 3.23304 2.96604 410.268 217.89
218.049 60.1785 3.28783 2.9964 290.631 362.82
216.031 60.2361 3.33048 3.01913 117.731 314.871
217.533 61.187 3.25132 3.09146 371.996 253.148
218.652 60.2994 3.27282 3.0517 219.196 369.087
219.217 60.1294 3.26868 2.96889 241.203 402.66
216.221 60.072 3.30873 2.97892 126.933 335.209
218.856 60.4399 3.28186 3.05684 293.277 362.968
216.546 61.2275 3.29042 3.02782 451.855 220.855
212.567 65.1173 3.38899 2.89468 62.0522 257.86
212.57 65.1176 3.38844 2.88836 60.9014 257.839
