# evlo=217.532806 evla=61.187099
221.171 59.4924 3.33425 2.99175 91.8837 275.655
225.449 60.24 3.33214 3.11428 110.192 444.575
194.627 64.5646 3.36377 2.96928 88.7199 1217.07
220.363 59.9534 3.30217 2.79375 236.742 207.293
209.013 64.0997 3.35399 2.97758 149.005 543.662
209.094 59.7511 3.25944 2.85346 170.686 490.599
209.259 59.7417 3.25543 2.85163 197.891 482.462
210.701 64.1732 3.33098 3.02658 248.278 482.491
207.916 63.4188 3.37122 3.09299 85.4361 556.728
212.195 64.6453 3.2985 2.92666 310.679 470.999
204.378 55.8218 3.31818 2.80797 62.8018 969.332
200.411 54.831 3.21492 2.58216 84.9256 1229.3
207.685 63.8827 3.3666 3.02404 151.747 588.377
208.763 59.5251 3.26016 2.84323 168.035 517.815
209.796 67.2269 3.33532 2.92347 226.903 769.783
209.738 62.4058 3.43915 3.19425 147.496 432.714
212.624 63.0753 3.34835 3.08725 290.244 331.315
214.225 61.1292 3.26886 2.85288 186.379 178.179
215.93 63.6482 3.31123 3.07669 218.888 286.502
214.25 60.5487 3.16937 2.766 308.885 191.997
196.582 54.8564 3.29162 2.7398 54.9382 1415.72
213.401 60.7277 3.19822 2.74506 225.754 229.581
209.784 61.1426 3.28095 2.93576 101.897 416.901
214.766 66.5657 3.33331 2.8732 205.34 614.656
188.296 63.7758 3.36346 2.91098 63.1186 1520.88
203.121 64.7461 3.36247 3.00268 101.088 829.175
211.074 61.771 3.42219 3.33436 116.007 350.136
212.904 60.8792 3.29096 2.97446 189.256 252.473
213.052 64.4091 3.29032 2.92402 344.084 425.497
213.497 60.396 3.18782 2.71893 322.872 236.79
208.348 59.6572 3.26401 2.83444 102.575 533.35
225.615 58.2758 3.35498 3.06129 47.6185 557.862
215.581 59.9268 3.09361 2.31804 322.663 176.567
214.077 61.4924 3.46941 3.63582 102.904 188.048
211.542 61.4131 3.27176 2.9526 86.6706 321.983
197.4 66.8951 3.34934 2.91769 85.3671 1163.45
209.077 63.5527 3.34893 3.02438 142.646 510.389
211.063 63.7318 3.3468 3.07491 241.489 437.74
211.768 64.9602 3.31458 2.95617 307.51 511.201
209.256 65.0304 3.32163 2.96369 211.851 597.536
210.931 64.5928 3.30918 2.97129 270.814 506.311
191.145 52.9721 3.41967 2.81121 53.6995 1824.85
214.53 62.9699 3.25112 3.09127 371.996 253.133
219.747 60.0959 3.27508 2.88282 319.167 171.643
220.599 59.667 3.28833 2.84289 220.217 239.118
214.475 65.5174 3.32541 2.88231 142.131 506.225
207.811 62.8962 3.40233 3.14547 113.793 542.567
211.667 60.8584 3.31613 3.15676 49.3225 319.177
210.261 61.0889 3.28523 2.96495 82.6529 391.702
197.092 68.0541 3.32805 2.89178 79.3415 1232.04
215.154 63.7399 3.29588 2.91564 308.325 309.819
211.14 63.4056 3.35777 3.05846 225.504 413.427
211.668 61.807 3.41324 3.20008 138.674 319.767
212.671 61.832 3.3998 3.30552 166.64 268.555
216.01 63.9761 3.31262 3.02001 158.294 320.532
205.816 56.5593 3.22209 2.52626 93.7939 848.023
189.752 57.1766 3.35097 2.91925 28.343 1635.88
210.547 60.1043 3.2647 2.84279 214.212 400.529
192.073 65.5598 3.36285 2.94159 63.562 1352.12
209.711 63.4502 3.35623 3.01496 121.208 477.133
193.495 53.8452 3.3044 2.78516 66.1812 1642.62
211.449 62.8295 3.36756 3.13634 120.681 367.302
211.415 62.9628 3.34562 3.06756 77.0923 375.85
211.462 62.6812 3.39658 3.14429 54.3287 359.443
212.058 62.8349 3.38925 3.14792 71.7068 340.363
211.771 63.0624 3.36981 3.0265 99.5402 365.948
212.26 62.5808 3.4128 3.17016 132.121 317.732
211.152 62.8331 3.38228 3.18333 128.408 381.009
211.908 64.4716 3.29115 2.9525 338.325 464.62
226.475 68.3065 3.35811 2.96725 104.349 898.69
207.417 57.7828 3.22085 2.6802 194.83 686.2
212.138 64.8736 3.30924 2.93661 434.878 492.99
198.929 70.2043 3.24996 2.75372 105.874 1308.65
203.383 71.3221 3.26749 2.75452 96.3264 1289.46
234.753 71.9871 3.40757 2.93135 82.284 1414.53
198.198 69.3641 3.25797 2.76329 141.887 1272.33
202.84 70.0079 3.26924 2.78596 94.7622 1187.55
206.58 70.34 3.27496 2.73968 68.4586 1133.29
194.656 68.2746 3.32201 2.8725 84.558 1333.39
196.822 68.4753 3.28371 2.77655 21.7476 1264.66
198.806 68.6483 3.29576 2.85954 151.569 1206.36
200.413 69.1049 3.27667 2.81726 149.491 1185.42
205.217 69.1565 3.2945 2.87204 130.726 1055.29
211.299 69.72 3.307 2.81965 86.1591 993.119
215.088 69.9175 3.29769 2.76739 48.8271 979.77
216.289 69.626 3.30259 2.84091 70.7702 942.64
235.93 69.3475 3.42207 2.95901 145.227 1241.77
196.917 67.6988 3.33761 2.90111 57.4341 1220.26
201.885 68.4946 3.29833 2.86735 146.908 1096.12
203.387 68.7132 3.29793 2.87008 141.708 1067.6
207.318 68.8799 3.49668 2.88308 44.0905 980.609
209.319 68.9656 3.29559 2.88525 63.5995 947.506
213.625 69.322 3.29754 2.90985 116.573 924.736
219.035 69.243 3.33281 2.87039 57.323 900.868
221.263 69.3286 3.33891 2.89232 50.4055 923.895
198.174 67.082 3.35466 2.92635 74.3183 1141.48
199.397 67.4213 3.34781 2.92433 86.0464 1112.5
202.768 67.4572 3.32859 2.91279 132.417 994.572
203.811 68.2575 3.30286 2.87366 158.098 1019.6
206.028 68.4414 3.30915 2.90116 119.15 972.708
208.187 68.1343 3.32192 2.91337 93.4861 891.828
210.384 68.0584 3.32217 2.89066 93.1179 837.661
214.432 68.1207 3.32533 2.8793 93.1269 786.828
218.405 68.1861 3.33051 2.90881 77.6311 781.387
220.465 68.6043 3.34954 2.94942 50.3168 838.286
222.103 68.3889 3.35843 2.94482 61.4129 831.25
223.281 66.3701 3.34791 2.98367 180.554 642.956
193.671 65.4742 3.36225 2.93719 51.823 1277.66
195.352 65.7077 3.35265 2.91843 48.3479 1207.62
198.75 66.442 3.35747 2.94894 78.2126 1088.53
200.349 66.6001 3.35093 2.95513 59.0984 1032.03
202.227 66.8332 3.3557 2.94613 84.744 973.544
204.275 67.0486 3.32873 2.91075 151.881 915.305
206.517 67.2221 3.32101 2.89119 243.309 857.067
207.821 67.5076 3.31444 2.91462 138.608 844.502
212.113 67.5187 3.34569 2.87643 103.957 752.187
214.357 67.5933 3.33259 2.84028 97.0349 730.193
215.855 67.6946 3.33979 2.89636 75.9989 729.899
220.128 67.6136 3.35649 2.91427 70.0674 727.138
224.214 67.6106 3.35327 2.90115 77.3672 784.235
226.258 67.441 3.36588 2.9667 155.472 813.345
195.961 64.9941 3.35902 2.93798 53.6141 1162.27
197.645 65.3936 3.35502 2.92366 47.7717 1096.19
199.349 65.5011 3.34945 2.94611 62.4492 1024.6
201.346 65.895 3.35139 2.95213 113.564 956.676
202.913 66.1434 3.35077 2.93432 94.6063 907.027
206.494 66.5156 3.32839 2.90996 235.511 802.552
208.493 66.9214 3.32353 2.91072 183.692 775.24
209.976 66.7108 3.33675 2.9173 163.377 717.483
212.525 66.7004 3.34842 2.90407 107.653 661.338
213.899 66.7653 3.32674 2.86322 89.1621 646.535
216.215 66.9498 3.35021 2.96683 85.1287 645.588
218.345 66.8088 3.3171 2.90261 61.7546 627.935
221.978 66.9116 3.36013 2.90984 91.3773 673.663
223.778 66.9808 3.36206 2.96065 88.2999 713.319
225.729 66.9227 3.35458 2.95674 138.72 752.988
197.761 64.6379 3.35872 2.95725 51.9439 1070.52
200.087 64.937 3.35378 2.96786 58.7481 971.899
201.637 65.1527 3.35723 2.95361 97.1077 911.134
203.551 65.5276 3.34714 2.93135 104.344 847.881
205.119 65.4924 3.34762 2.95275 114.453 783.119
207.195 65.6571 3.33988 2.95666 242.309 715.865
208.623 65.8937 3.32393 2.90162 244.163 685.459
210.457 65.8251 3.32172 2.90229 200.172 624.831
212.122 65.8371 3.34234 2.91126 217.806 583.665
214.18 66.267 3.32867 2.8409 53.2271 589.791
214.181 66.267 3.3303 2.86951 84.1581 589.777
218.473 66.2305 3.32467 2.85723 72.432 564.104
221.631 66.2191 3.35723 2.89463 70.7601 596.11
225.657 65.8052 3.34589 2.9697 149.122 653.752
214.843 62.3987 3.22952 2.93734 320.624 195.836
213.052 64.4091 3.29032 2.92402 344.084 425.497
199.305 63.8864 3.36668 3.03891 75.2592 981.344
205.522 64.7962 3.35401 2.95992 78.1884 727.916
208.018 65.18 3.33461 2.98615 180.344 652.716
210.64 65.1479 3.31183 2.90941 287.119 561.065
216.846 65.3064 3.3434 3.0335 133.661 460.447
218.385 65.6035 3.32767 2.84637 78.9961 494.112
220.064 65.4483 3.34113 2.93333 88.7025 491.539
221.694 65.3609 3.3424 2.97042 126.481 509.712
223.623 65.2225 3.33777 3.02107 171.632 543.76
196.446 62.7492 3.36997 3.00447 50.9881 1114.48
199.398 63.2842 3.38661 3.0658 48.1547 967.826
200.922 63.3965 3.38059 3.05829 41.4684 893.618
203.285 63.465 3.36835 3.05491 56.9453 779.043
204.379 63.994 3.36451 3.00399 70.9436 742.962
205.853 64.1767 3.36168 3.04003 101.743 683.357
214.63 64.613 3.33204 2.95239 181.617 409.274
216.201 64.5654 3.28039 2.93856 22.3989 382.572
216.436 64.5012 3.29139 2.96225 154.073 373.57
221.784 64.453 3.32356 2.98873 165.298 423.454
221.784 64.4525 3.32841 2.99374 136.105 423.392
223.67 64.5753 3.33567 2.98787 170.124 489.57
195.344 61.9331 3.37015 2.99978 37.6213 1176.49
198.469 62.2938 3.37858 3.0473 76.5506 1011.15
201.699 62.7161 3.38308 3.03964 59.5922 845.992
205.93 63.3569 3.36845 3.07723 74.307 648.111
214.222 63.8036 3.27516 3.0117 283.174 337.794
217.924 64.0292 3.36062 3.03194 135.249 317.402
222.48 63.8433 3.34818 3.00168 261.183 390.395
197.317 61.3416 3.3562 2.98014 42.4406 1080.52
198.513 61.678 3.35823 2.98982 40.9714 1012.93
200.525 61.7105 3.35325 2.96699 43.0535 906.492
201.703 62.1344 3.38235 3.0521 49.9732 843.131
203.311 62.2195 3.38943 3.0494 73.7824 759.563
205.146 62.1816 3.38074 3.04705 117.66 663.998
206.12 62.4787 3.40457 3.11977 111.255 617.369
216.652 63.0254 3.29916 2.98423 267.624 209.965
218.173 63.0618 3.33854 3.09841 263.748 211.578
221.871 63.109 3.33855 2.96596 282.293 311.406
196.65 60.4135 3.33782 2.94138 44.3016 1135.38
198.04 60.7515 3.34343 2.99861 38.6157 1052.92
201.041 61.0224 3.32987 3.01863 53.0641 887.237
202.562 61.4009 3.32853 2.99686 61.4745 801.1
204.176 61.4907 3.31822 2.96496 40.8365 714.546
205.609 61.9037 3.37 3.12597 66.7054 638.187
212.274 61.7929 3.41131 3.34433 120.68 288.089
213.825 62.1067 3.42004 3.21348 248.87 221.597
221.538 62.4435 3.31788 2.93473 357.507 253.257
223.206 62.5763 3.33094 2.97942 337.496 336.051
225.609 62.2024 3.32286 2.97135 201.773 441.823
202.813 60.5269 3.32315 3.04103 38.5147 801.669
205.516 60.8132 3.30024 2.98191 34.8357 650.596
207.791 61.2001 3.30113 2.96946 49.164 523.405
222.911 61.4593 3.29186 2.93638 188.125 289.575
224.22 61.4862 3.29529 2.88408 143.904 359.401
226.918 61.1512 3.32591 2.97076 195.242 504.7
198.736 59.2533 3.30899 2.86528 44.742 1059.97
200.175 59.1767 3.31329 2.90004 39.8419 985.73
201.907 59.5938 3.31252 2.91964 58.8933 877.475
202.905 59.7733 3.30179 2.89061 68.2742 817.8
204.792 59.8542 3.28001 2.85481 52.6662 714.093
207.376 60.0815 3.27216 2.92616 57.8185 568.724
210.276 60.4814 3.26265 2.89835 70.8493 402.231
221.424 60.3024 3.22898 2.97605 49.7567 233.983
223.909 60.7704 3.30454 3.04775 156.545 348.217
190.452 56.6011 3.33348 2.7917 20.6256 1628.91
206.768 59.6524 3.27708 2.91094 92.1801 616.395
212.597 59.9979 3.19734 2.65815 271.968 301.093
223.04 60.1218 3.30676 3.13276 129.889 323.642
226.285 59.5898 3.34805 3.08927 154.587 513.934
227.183 60.2114 3.35629 3.10851 112.612 537.621
212.566 65.1171 3.33404 2.9308 263.259 504.203
204.113 58.2637 3.29692 2.84536 88.6245 820.326
204.991 58.6484 3.2908 2.87102 110.271 754.914
207.606 58.6097 3.24219 2.7749 173.087 624.562
213.66 59.4296 3.11249 2.24247 161.18 290.044
227.731 58.9601 3.37595 3.06065 70.1502 618.789
202.426 57.5673 3.29825 2.83351 108.51 945.823
203.613 57.6397 3.28824 2.83339 115.48 881.356
205.548 57.5665 3.24084 2.785 111.774 790.024
229.033 59.3946 3.35659 3.06659 77.9238 665.649
197.939 55.703 3.28635 2.75881 55.9103 1290.04
200.447 56.2848 3.28608 2.80385 72.6654 1125.44
223.768 57.9616 3.41883 3.13452 57.7835 502.879
225.424 57.4688 3.44577 3.05072 30.3771 610.294
228.869 57.9128 3.38025 3.02088 65.3499 736.216
229.75 56.9811 3.38515 3.10291 25.9192 840.706
212.138 64.8735 3.31124 2.94292 317.414 492.987
210.428 68.6408 3.30308 2.88542 85.8634 895.097
228.385 55.3279 3.43178 2.84705 29.1489 909.833
218.842 64.7774 3.33853 2.95288 234.255 405.624
209.768 62.6893 3.42092 3.2473 99.0167 440.36
211.063 63.7323 3.3469 3.075 241.489 437.753
211.14 63.4057 3.35778 3.05847 225.504 413.428
210.176 67.8516 3.33394 2.90838 102.029 821.394
209.736 66.2066 3.31743 2.93133 160.115 678.476
210.418 68.0789 3.31675 2.89823 82.4672 839.033
211.301 69.7162 3.2997 2.82008 72.5948 992.689
209.329 66.7192 3.32622 2.92668 148.354 734.895
198.722 65.4015 3.35419 2.95081 57.35 1048.57
211.164 69.0223 3.29936 2.84033 49.6606 922.241
211.489 65.5114 3.31866 2.96742 177.742 568.578
194.662 64.5695 3.36357 2.96856 48.224 1215.48
211.554 70.2036 3.29867 2.81841 82.293 1041
204.534 64.74 3.35643 2.99825 38.1698 767.171
211.306 69.424 3.29644 2.82878 95.8339 962.016
210.41 68.6274 3.30028 2.87533 65.7293 894.053
209.89 67.3812 3.33387 2.92133 135.917 782.194
210.457 65.825 3.31397 2.91917 184.137 624.813
210.84 64.6544 3.30396 2.9525 204.663 514.234
210.867 64.709 3.30554 2.93819 252.539 517.718
210.853 64.7716 3.30969 2.93625 221.608 523.231
210.847 64.8338 3.30992 2.92435 174.51 528.505
210.819 64.8857 3.30833 2.91291 218.294 533.675
210.44 64.87 3.30583 2.94389 302.357 544.74
210.174 64.8537 3.31368 2.96051 311.208 552.373
210.069 64.7653 3.32172 2.98537 199.549 549.169
210.917 64.5498 3.31196 2.99464 242.005 503.366
210.782 64.5716 3.30629 2.98914 230.906 509.659
210.554 64.5756 3.3121 3.02451 260.992 517.806
210.901 64.613 3.30791 2.9622 273.134 508.918
211.172 64.6917 3.30881 2.92981 258.12 506.373
220.454 59.9722 3.34303 2.84964 27.7915 209.664
209.768 62.6892 3.42097 3.24736 99.0167 440.367
209.968 60.4881 3.21007 2.46438 51.1058 418.437
210.253 60.4731 3.25254 2.88408 48.9623 403.67
208.919 60.4641 3.21649 2.56053 30.6458 475.161
210.813 60.8045 3.35454 3.29829 89.5053 365.975
209.81 60.4601 3.21555 2.50541 63.7535 427.647
211.376 60.7866 3.09765 2.32191 35.3556 336.102
