# evlo=208.468307 evla=61.98
225.449 60.24 3.36458 3.16977 38.7618 933.023
194.627 64.5646 3.34296 2.81913 164.228 750.26
217.908 60.4896 3.30559 2.99036 171.299 532.95
217.507 60.403 3.28097 2.94053 157.029 516.375
218.338 61.0595 3.38393 3.16743 85.8116 534.633
220.363 59.9534 3.30915 2.89036 171.672 681.525
216.3 60.3932 3.25391 2.92657 137.567 456.482
225.144 58.5792 3.23021 2.59663 89.9089 993.866
215.395 60.9677 3.29511 3.01104 275.079 385.817
209.013 64.0997 3.31253 2.8173 301.077 237.865
209.094 59.7511 3.2215 2.65087 294.059 250.67
209.259 59.7417 3.23654 2.66567 282.635 253.072
210.701 64.1732 3.35525 2.97719 263.313 269.206
212.195 64.6453 3.36798 2.89998 242.534 350.811
204.378 55.8218 3.32052 3.06423 86.7013 725.02
200.411 54.831 3.39345 2.97268 60.2351 923.66
207.685 63.8827 3.26237 2.80421 268.561 215.773
208.763 59.5251 3.25551 2.71691 244.798 274.007
209.796 67.2269 3.33343 2.85672 165.42 588.366
216.907 60.7523 3.31373 3.02512 194.831 471.238
218.66 60.9649 3.39279 3.17709 103.117 554.266
217.513 60.0823 3.24401 2.85135 156.694 532.089
212.624 63.0753 3.38068 2.98711 328.851 246.288
214.225 61.1292 3.28774 3.02988 269.428 320.265
215.93 63.6482 3.38927 3.01076 216.538 423.18
214.25 60.5487 3.24048 2.78185 183.395 348.659
196.582 54.8564 3.34168 2.79685 114.486 1051.32
213.401 60.7277 3.28283 2.84159 150.553 298.452
214.766 66.5657 3.36497 2.84481 134.125 594.715
188.296 63.7758 3.3451 2.77 174.392 1041.13
203.121 64.7461 3.32931 2.86494 218.418 407.991
216.188 61.4417 3.41109 3.21909 148.787 412.44
212.904 60.8792 3.31692 2.87247 173.146 266.576
215.271 60.5805 3.24439 2.83729 194.427 396.51
216.679 60.2805 3.23881 2.89807 102.327 480.837
213.052 64.4091 3.34019 2.86828 221.051 355.547
213.497 60.396 3.28274 2.83637 267.854 322.821
215.738 60.3351 3.20317 2.66941 189.445 431.859
208.348 59.6572 3.26509 2.78607 177.131 258.902
217.659 60.6024 3.31171 3.02314 193.993 515.593
225.615 58.2758 3.26518 2.69818 45.232 1034.62
215.581 59.9268 3.19858 2.49554 74.5024 447.86
216.749 60.4427 3.27089 2.94567 187.546 476.482
217.639 60.9231 3.38702 3.2161 119.921 502.682
214.077 61.4924 3.32846 3.08235 334.059 301.278
211.542 61.4131 3.28871 2.96618 349.299 174.448
197.4 66.8951 3.3478 2.82167 94.1914 762.416
209.077 63.5527 3.29789 2.85678 191.282 178.021
217.277 60.2474 3.25812 2.88865 102.488 512.121
218.995 60.824 3.38108 3.13591 73.9484 576.239
216.976 61.3836 3.38174 3.09845 79.7443 454.967
211.063 63.7318 3.36149 2.89597 291.985 235.709
211.768 64.9602 3.36419 2.90603 152.979 370.589
218.049 60.1785 3.27235 2.91311 169.096 554.073
209.256 65.0304 3.33964 2.88014 213.343 342.273
210.931 64.5928 3.37486 2.93815 198.229 316.303
216.031 60.2361 3.19168 2.63922 165.855 451.371
191.145 52.9721 3.36762 2.82694 127.053 1435.98
214.53 62.9699 3.44801 3.1202 297.439 331.414
219.747 60.0959 3.29866 2.89289 140.739 643.709
220.599 59.667 3.29169 2.85275 117.258 707.197
214.475 65.5174 3.38211 2.92427 154.497 492.962
211.667 60.8584 3.25888 2.87951 180.393 211.581
215.323 60.3863 3.20846 2.65762 190.141 409.004
215.154 63.7399 3.36309 2.97482 255.797 392.592
218.652 60.2994 3.30614 2.98032 134.169 578.959
211.14 63.4056 3.34344 2.93064 343.125 209.63
219.217 60.1294 3.2929 2.92219 157.7 615.256
211.668 61.807 3.26426 2.91156 304.782 169.347
212.671 61.832 3.35273 3.08864 274.355 221.468
216.01 63.9761 3.3697 2.96511 322.745 442.033
214.792 60.5341 3.21152 2.75415 175.751 375.475
209.777 60.5117 3.23432 2.70937 168.605 178.055
189.752 57.1766 3.38029 2.92029 98.291 1179.48
217.161 60.1791 3.24084 2.86947 165.491 509.779
216.221 60.072 3.18137 2.55608 195.97 469.57
210.547 60.1043 3.27 2.90333 163.722 237.261
218.856 60.4399 3.31999 2.91846 131.651 583.366
217.171 60.7541 3.32186 3.03594 157.807 484.636
192.073 65.5598 3.34173 2.84346 84.6772 898.343
209.711 63.4502 3.31416 2.97608 378.94 175.754
193.495 53.8452 3.35762 2.84671 97.3768 1262.52
216.546 61.2275 3.38424 3.21727 186.206 436.538
211.449 62.8295 3.35281 2.89651 413.906 180.846
211.415 62.9628 3.34957 2.88743 227.542 187.315
211.462 62.6812 3.34965 3.02899 296.875 173.722
212.058 62.8349 3.40302 2.97551 225.75 208.564
211.771 63.0624 3.34135 2.92582 246.012 208.506
212.26 62.5808 3.38638 3.16349 294.788 207.889
211.152 62.8331 3.33699 2.89254 360.167 168.192
217.147 60.448 3.28396 2.95139 136.37 496.22
211.908 64.4716 3.35267 2.89728 216.853 327.079
218.249 60.3583 3.3012 2.97534 215.525 555.901
213.052 64.4091 3.34019 2.86828 221.051 355.547
227.048 56.8144 3.35244 2.80661 27.6145 1196.18
229.75 56.9811 3.29065 2.6384 37.8506 1320.44
212.138 64.8735 3.37639 2.90972 158.846 370.815
210.428 68.6408 3.31067 2.85855 134.898 748.157
226.879 56.1146 3.64239 2.8716 25.9627 1235.87
229.974 55.9154 3.3545 2.74708 29.7391 1400.87
228.385 55.3279 3.35959 2.84538 42.3781 1364.68
227.653 56.4191 3.3592 2.82574 59.7401 1252.36
211.063 63.7323 3.36234 2.8967 291.985 235.768
211.14 63.4057 3.34354 2.93073 343.125 209.636
218.547 60.1369 4.20338 4.17282 193.416 581.045
217.908 60.4896 3.30559 2.99036 171.299 532.95
217.507 60.403 3.28097 2.94053 157.029 516.375
218.338 61.0595 3.38397 3.16746 85.8116 534.639
216.296 60.3923 3.25302 2.92577 137.567 456.358
215.271 60.5805 3.24439 2.83729 194.427 396.51
216.679 60.2805 3.23881 2.89807 102.327 480.837
217.659 60.602 3.31165 3.02309 193.993 515.585
216.749 60.4427 3.27089 2.94567 187.546 476.482
217.639 60.9231 3.38695 3.21603 119.921 502.672
217.277 60.2474 3.25812 2.88865 102.488 512.121
218.995 60.8241 3.38106 3.13589 73.9484 576.235
216.976 61.3836 3.38174 3.09845 79.7443 454.967
218.049 60.1785 3.27235 2.91311 169.096 554.073
216.031 60.2361 3.19168 2.63922 165.855 451.371
218.652 60.2994 3.30614 2.98032 134.169 578.959
219.217 60.1294 3.2929 2.92219 157.7 615.256
216.221 60.072 3.18137 2.55608 195.97 469.57
218.856 60.4399 3.31999 2.91846 131.651 583.366
216.546 61.2275 3.38424 3.21727 186.206 436.538
