# evlo=214.791794 evla=60.5341
225.449 60.24 3.27519 2.82196 73.2686 587.984
194.627 64.5646 3.30366 2.81297 98.2928 1124.36
217.908 60.4896 3.13531 2.43919 156.421 171.274
218.338 61.0595 3.21634 2.90511 220.725 201.74
220.363 59.9534 3.17606 2.47083 139.096 315.196
225.144 58.5792 3.21457 2.41919 46.6925 623.758
209.013 64.0997 3.28849 2.88495 143.332 497.304
209.094 59.7511 3.23958 2.64873 188.569 328.265
209.259 59.7417 3.2293 2.64185 191.96 319.78
210.701 64.1732 3.70834 3.29155 86.3051 457.372
208.846 60.7683 3.21003 2.61692 113.076 326.16
207.916 63.4188 3.27732 2.82259 96.2405 482.628
212.195 64.6453 3.27537 2.86001 111.374 477.15
207.685 63.8827 3.28726 2.89956 80.6012 524.849
208.763 59.5251 3.23057 2.64391 204.519 354.272
209.796 67.2269 3.28823 2.85251 75.2723 784.818
218.66 60.9649 3.21932 2.85239 250.751 216.297
209.738 62.4058 3.27019 2.89394 217.214 340.567
212.624 63.0753 3.31721 2.89303 202.816 305.355
215.93 63.6482 3.26707 2.92335 139.053 352.102
196.582 54.8564 3.28206 2.67583 68.0208 1250.5
209.784 61.1426 3.21734 2.79034 208.87 280.592
214.766 66.5657 3.33885 2.85403 47.3501 672.342
188.296 63.7758 3.30376 2.76839 132.263 1416.3
203.121 64.7461 3.30568 2.84426 76.9435 758.845
211.074 61.771 3.20214 2.70815 188.621 242.996
218.244 60.7315 3.25456 2.8331 157.924 190.207
213.052 64.4091 3.2415 2.84023 189.493 441.067
208.348 59.6572 3.24286 2.68579 170.126 371.401
225.615 58.2758 3.22794 2.42096 84.85 663.264
211.542 61.4131 3.17695 2.62576 273.743 201.396
197.4 66.8951 3.31311 2.81734 57.9835 1107.8
209.077 63.5527 3.26569 2.91035 120.429 449.772
218.995 60.824 3.25185 2.86004 179.667 231.945
211.063 63.7318 3.3018 2.89193 98.4328 405.865
211.768 64.9602 3.29616 2.85555 107.685 516.815
218.049 60.1785 3.12995 2.39407 159.413 184.114
209.256 65.0304 3.3241 2.89758 127.334 574.86
210.931 64.5928 3.35534 2.85813 77.3552 493.81
191.145 52.9721 3.42128 2.73982 106.684 1660.33
214.53 62.9699 3.25211 2.77196 168.127 271.8
219.747 60.0959 3.15951 2.47008 215.774 278.143
220.599 59.667 3.10868 2.39785 148.631 337.043
214.475 65.5174 3.33958 2.91382 64.9027 555.676
207.811 62.8962 3.27612 2.85675 169.418 453.057
211.667 60.8584 3.17234 2.78136 337.594 174.473
210.261 61.0889 3.20382 2.77908 278.39 254.174
197.092 68.0541 3.30569 2.86524 63.9252 1190.71
215.154 63.7399 3.32043 2.98133 165.83 357.776
218.652 60.2994 3.1134 2.45887 152.014 214.266
211.14 63.4056 3.28353 2.93626 132.875 372.828
219.217 60.1294 3.1109 2.37985 232.053 248.534
211.668 61.807 3.20877 2.78544 256.736 219.9
212.671 61.832 3.13354 2.31567 119.532 184.191
216.01 63.9761 3.28269 2.874 159.38 388.774
208.468 61.98 3.21152 2.75415 175.751 375.475
209.777 60.5117 3.24954 2.7484 234.54 275.348
189.752 57.1766 3.35698 2.85124 61.9514 1482.77
209.253 61.4636 3.18011 2.68758 199.897 316.96
210.547 60.1043 3.21392 2.57636 192.114 239.346
218.856 60.4399 3.18326 2.64878 204.374 223.635
192.073 65.5598 3.31997 2.81757 77.889 1269.05
209.711 63.4502 3.27999 2.87261 101.465 419.907
193.495 53.8452 3.29388 2.71244 112.05 1477.81
211.449 62.8295 3.24846 2.87139 118.214 310.965
211.415 62.9628 3.29583 2.91136 82.0198 324.081
211.462 62.6812 3.26247 2.91629 69.599 297.363
212.058 62.8349 3.28393 2.9539 88.3692 294.37
211.771 63.0624 3.29356 2.93868 80.5034 323.599
212.26 62.5808 3.27743 2.82471 155.821 264.781
211.152 62.8331 3.25584 2.89554 145.943 320.461
211.908 64.4716 3.30356 2.88558 102.742 463.207
218.249 60.3583 3.10654 2.41447 206.583 191.291
213.052 64.4091 3.2415 2.84023 189.493 441.067
229.75 56.9811 3.29937 2.61179 48.2779 949.163
212.138 64.8735 3.27753 2.8493 150.371 502.254
210.428 68.6408 3.30063 2.82062 86.4121 927.068
211.063 63.7323 3.30208 2.89217 98.4328 405.899
211.14 63.4057 3.28356 2.93629 132.875 372.831
217.908 60.4896 3.13531 2.43919 156.421 171.274
218.338 61.0595 3.21643 2.90519 220.725 201.746
218.244 60.7315 3.25456 2.8331 157.924 190.207
218.995 60.8241 3.25186 2.86005 179.667 231.946
218.049 60.1785 3.12995 2.39407 159.413 184.114
218.652 60.2994 3.1134 2.45887 152.014 214.266
219.217 60.1294 3.1109 2.37985 232.053 248.534
218.856 60.4399 3.18326 2.64878 204.374 223.635
