# evlo=209.710693 evla=63.450199
194.627 64.5646 3.37327 2.90006 121.121 746.416
217.908 60.4896 3.3543 3.05706 197.118 541.311
217.654 61.036 3.35855 3.00893 145.781 492.296
217.507 60.403 3.34228 2.99903 197.471 531.363
218.338 61.0595 3.34985 3.03306 135.743 520.855
220.363 59.9534 3.3338 2.97127 158.328 683.877
216.3 60.3932 3.33153 2.98342 207.901 485.225
216.716 60.1205 3.29606 2.7934 113.545 523.215
215.395 60.9677 3.36276 3.08771 346.018 404.756
209.094 59.7511 3.25064 2.69698 198.072 413.517
208.846 60.7683 3.24263 2.71938 298.426 302.273
212.195 64.6453 3.3711 2.82866 574.264 180.177
204.378 55.8218 3.31983 3.04116 76.5139 900.774
200.411 54.831 3.38648 2.97118 81.8476 1095.35
208.763 59.5251 3.25503 2.75801 343.956 440.294
209.796 67.2269 3.31628 2.80162 183.259 421.111
216.907 60.7523 3.35664 3.01557 325.895 480.844
218.66 60.9649 3.33983 3.04478 120.802 541.182
217.513 60.0823 3.32852 2.86417 238.88 556.602
214.225 61.1292 3.39518 3.1573 216.279 348.851
215.93 63.6482 3.34134 2.97899 121.523 309.893
214.25 60.5487 3.28125 3.03694 196.348 401.214
196.582 54.8564 3.3627 2.88227 84.2339 1212.01
213.401 60.7277 3.36933 2.98743 175.239 359.37
209.784 61.1426 3.3229 2.88527 181.73 257.21
214.766 66.5657 3.38338 2.79888 196.916 421.017
203.121 64.7461 3.36353 2.85628 234.495 352.089
211.074 61.771 3.37501 3.0285 391.118 199.807
216.188 61.4417 3.37007 2.9993 347.365 402.132
212.904 60.8792 3.34661 2.98928 228.894 331.267
215.271 60.5805 3.32926 3.02111 88.9327 432.224
216.679 60.2805 3.32978 2.95899 214.506 508.677
218.244 60.7315 3.35217 3.03031 138.854 538.355
213.052 64.4091 3.34629 2.89782 544.938 195.638
213.497 60.396 3.3449 2.89027 224.871 394.06
215.738 60.3351 3.29665 2.86896 118.839 469.677
208.348 59.6572 3.24125 2.72109 263.109 428.818
217.659 60.6024 3.36034 3.08378 246.722 522.749
225.615 58.2758 3.42426 3.34385 41.0326 1034.56
215.581 59.9268 3.59862 2.76873 138.178 500.322
216.749 60.4427 3.33122 2.95197 264.45 498.327
217.639 60.9231 3.37054 3.05099 173.436 499.279
214.077 61.4924 3.36224 3.09425 387.656 313.49
211.542 61.4131 3.39982 2.90123 303.393 245.924
197.4 66.8951 3.33728 2.82404 166.842 691.31
217.277 60.2474 3.33146 2.87417 156.593 534.294
218.995 60.824 3.34234 3.05562 168.733 565.094
216.976 61.3836 3.37345 3.02484 161.474 440.116
211.768 64.9602 3.45546 3.0102 252.413 195.741
218.049 60.1785 3.3448 2.94338 193.904 570.364
209.256 65.0304 3.30781 2.82552 286.027 177.538
216.031 60.2361 3.30025 2.84291 106.319 488.545
191.145 52.9721 3.3679 2.81399 169.607 1586.29
214.53 62.9699 3.32278 2.9637 179.15 248.233
219.747 60.0959 3.33493 3.01448 171.552 647.278
220.599 59.667 3.33174 2.93591 122.245 714.521
214.475 65.5174 3.41782 2.91291 294.25 324.803
217.533 61.1871 3.35623 3.01496 121.208 477.133
211.667 60.8584 3.4115 2.92565 204.843 306.285
215.323 60.3863 3.25707 2.86578 135.907 450.812
210.261 61.0889 3.32204 3.0582 266.305 264.711
197.092 68.0541 3.31216 2.83997 159.684 770.865
215.154 63.7399 3.33467 3.04103 247.317 272.026
218.652 60.2994 3.34318 3.01614 156.782 586.191
219.217 60.1294 3.33038 2.95994 200.245 622.301
211.668 61.807 3.40544 2.68187 153.669 208.866
212.671 61.832 3.41343 3.08292 390.602 235.719
216.01 63.9761 3.34813 2.9499 265.648 316.7
214.792 60.5341 3.27999 2.87261 101.465 419.907
208.468 61.98 3.31416 2.97608 378.94 175.754
209.777 60.5117 3.30697 3.0248 195.531 327.5
189.752 57.1766 3.3808 2.86212 80.7771 1297.61
209.253 61.4636 3.29373 2.89246 395.358 222.666
217.161 60.1791 3.33038 2.86886 258.839 535.259
210.547 60.1043 3.33225 3.00394 170.497 375.47
218.856 60.4399 3.34212 3.02232 137.612 584.805
217.171 60.7541 3.35756 3.03735 200.682 491.494
192.073 65.5598 3.36556 2.86794 140.281 876.167
193.495 53.8452 3.36792 2.83109 109.624 1416.98
216.546 61.2275 3.36716 2.99607 365.575 431.837
217.147 60.448 3.33888 2.94053 190.519 513.527
218.249 60.3583 3.34377 3.03144 217.684 565.061
213.052 64.4091 3.34629 2.89782 544.938 195.638
226.879 56.1146 3.52247 2.87543 36.0027 1256.99
229.974 55.9154 3.47625 2.83728 19.2272 1406.86
228.385 55.3279 3.43218 3.07735 26.4581 1385.43
218.547 60.1369 4.0719 4.1519 88.372 593.797
217.908 60.4896 3.3543 3.05706 197.118 541.311
217.507 60.403 3.34228 2.99903 197.471 531.363
218.338 61.0595 3.34988 3.03309 135.743 520.86
216.296 60.3923 3.33116 2.98309 207.901 485.172
216.716 60.1205 3.29606 2.7934 113.545 523.215
215.271 60.5805 3.32926 3.02111 88.9327 432.224
216.679 60.2805 3.32978 2.95899 214.506 508.677
218.244 60.7315 3.35217 3.03031 138.854 538.355
217.659 60.602 3.3604 3.08383 246.722 522.758
216.749 60.4427 3.33122 2.95197 264.45 498.327
217.639 60.9231 3.37048 3.05094 173.436 499.27
217.277 60.2474 3.33146 2.87417 156.593 534.294
218.995 60.8241 3.3423 3.05558 168.733 565.088
216.976 61.3836 3.37345 3.02484 161.474 440.116
218.049 60.1785 3.3448 2.94338 193.904 570.364
216.031 60.2361 3.30025 2.84291 106.319 488.545
217.533 61.187 3.35634 3.01506 121.208 477.148
218.652 60.2994 3.34318 3.01614 156.782 586.191
219.217 60.1294 3.33038 2.95994 200.245 622.301
218.856 60.4399 3.34212 3.02232 137.612 584.805
216.546 61.2275 3.36716 2.99607 365.575 431.837
