# evlo=211.908203 evla=64.471603
225.449 60.24 3.41347 2.98396 67.0535 842.429
194.627 64.5646 3.37156 2.8215 129.66 827.415
217.908 60.4896 3.31065 3.00592 316.977 540.54
217.654 61.036 3.29378 2.96963 393.343 482.134
217.507 60.403 3.29682 2.91436 150.262 537.358
218.338 61.0595 3.28948 2.92578 365.468 502.002
220.363 59.9534 3.28462 2.87134 181.721 667.564
216.3 60.3932 3.32457 2.96288 146.105 507.726
225.144 58.5792 3.38401 2.94712 70.5618 959.485
216.716 60.1205 3.29034 2.75258 106.658 544.984
215.395 60.9677 3.35105 2.83793 151.199 429.19
209.094 59.7511 3.35964 3.12007 78.7208 546.086
209.259 59.7417 3.36202 3.10566 126.7 544.867
208.846 60.7683 3.28492 2.78309 229.424 441.544
207.916 63.4188 3.42828 2.91207 366.034 228.175
204.378 55.8218 3.2951 2.8942 59.324 1048.9
200.411 54.831 3.382 2.94285 97.7458 1250.23
207.685 63.8827 3.42948 2.93042 273.881 215.54
208.763 59.5251 3.27299 2.75778 76.807 575.203
209.796 67.2269 3.38166 2.77314 150.91 321.971
216.907 60.7523 3.3386 3.06599 165.121 487.247
218.66 60.9649 3.28944 2.92015 272.567 521.066
209.738 62.4058 3.3808 2.83685 247.645 254.451
217.513 60.0823 3.29588 2.82422 115.694 568.719
221.785 59.0906 3.32068 2.88788 20.6476 792.757
214.225 61.1292 3.38098 3.35635 85.1628 390.777
215.93 63.6482 3.42408 2.81618 184.241 216.729
214.25 60.5487 3.28199 2.94848 114.194 453.485
196.582 54.8564 3.36471 2.88405 65.5055 1368.66
213.401 60.7277 3.36281 2.93824 135.845 424.236
209.784 61.1426 3.36458 3.08427 225.449 386.493
214.766 66.5657 3.40318 2.87279 263.343 268.252
188.296 63.7758 3.3865 2.82896 104.915 1146.19
203.121 64.7461 3.39519 2.80853 157.384 421.373
211.074 61.771 3.36974 2.98924 203.057 303.941
216.188 61.4417 3.29906 3.02447 382.464 401.325
212.904 60.8792 3.36333 2.98302 171.8 403.621
215.271 60.5805 3.32048 2.77707 143.58 466.809
216.679 60.2805 3.32074 2.87408 116.272 528.006
218.244 60.7315 3.29941 2.95072 269.635 528.327
213.497 60.396 3.33337 2.90527 143.893 461.547
215.738 60.3351 3.34192 2.82914 152.43 501.527
208.348 59.6572 3.29702 2.82458 187.104 567.697
217.659 60.6024 3.30832 3.03223 296.89 522.629
225.615 58.2758 3.40619 2.99732 64.2975 1003.05
215.581 59.9268 3.28757 2.64824 91.5074 541.18
216.749 60.4427 3.32006 2.93142 158.203 513.528
217.639 60.9231 3.29794 2.97982 464.882 492.063
214.077 61.4924 3.6715 4.35521 85.8811 349.754
211.542 61.4131 3.37132 3.13418 197.782 341.409
197.4 66.8951 3.3992 2.80405 30.2384 717.472
209.077 63.5527 3.36099 2.81634 444.039 172.233
217.277 60.2474 3.31352 2.88227 79.5053 546.308
218.995 60.824 3.29291 2.92855 246.458 544.691
216.976 61.3836 3.28701 2.91294 298.015 429.54
218.049 60.1785 3.30453 2.92511 259.798 574.146
216.031 60.2361 3.3306 2.8962 118.907 517.836
191.145 52.9721 3.3787 2.8212 126.889 1741.27
214.53 62.9699 3.29173 2.82744 384.579 211.652
219.747 60.0959 3.29434 2.94228 270.398 634.244
220.599 59.667 3.29005 2.91372 215.649 701.002
214.475 65.5174 3.44367 2.9604 391.41 168.109
207.811 62.8962 3.34929 2.84563 375.643 268.152
217.533 61.1871 3.29115 2.9525 338.325 464.62
211.667 60.8584 3.35141 3.0316 146.736 402.903
215.323 60.3863 3.32614 2.7953 101.396 488.121
210.261 61.0889 3.36071 3.00337 184.964 386.26
197.092 68.0541 3.35195 2.87352 167.506 773.58
215.154 63.7399 3.47705 2.83533 289.041 177.973
218.652 60.2994 3.30246 3.0031 241.543 580.69
219.217 60.1294 3.29333 2.94615 327.027 614.019
211.668 61.807 3.37387 3.09221 207.175 297.252
212.671 61.832 3.34646 2.93401 206.743 296.717
216.01 63.9761 3.46715 2.88706 196.943 206.557
214.792 60.5341 3.30356 2.88558 102.742 463.207
205.816 56.5593 3.29815 2.89067 114.042 941.946
208.468 61.98 3.35267 2.89728 216.853 327.079
209.777 60.5117 3.35981 3.0613 175.229 454.75
189.752 57.1766 3.4016 2.86416 74.0731 1441.94
209.253 61.4636 3.35842 2.93322 151.207 361.239
217.161 60.1791 3.30505 2.8039 93.1604 550.06
216.221 60.072 3.32296 2.89766 92.0234 538.774
210.547 60.1043 3.37175 3.04763 143.828 491.804
218.856 60.4399 3.29435 2.96372 263.612 574.223
217.171 60.7541 3.32024 3.06076 229.3 494.294
192.073 65.5598 3.3878 2.85895 145.922 938.996
193.495 53.8452 3.3769 2.83978 77.4289 1572.88
216.546 61.2275 3.30334 3.01123 420.413 431.65
211.449 62.8295 3.32302 3.02611 328.75 184.455
211.415 62.9628 3.29589 2.95464 177.905 169.95
211.462 62.6812 3.34585 3.03638 223.451 200.802
212.058 62.8349 3.31115 2.94764 175.568 182.597
212.26 62.5808 3.3271 2.9416 253.562 211.493
211.152 62.8331 3.35157 2.94451 271.896 186.442
217.147 60.448 3.30446 2.90081 156.536 523.253
218.249 60.3583 3.31088 2.99435 325.53 562.96
218.547 60.1369 3.78475 3.52608 143.509 592.633
217.908 60.4896 3.31065 3.00592 316.977 540.54
217.507 60.403 3.29682 2.91436 150.262 537.358
218.338 61.0595 3.2895 2.9258 365.468 502.006
216.296 60.3923 3.32465 2.96295 146.105 507.74
216.716 60.1205 3.29034 2.75258 106.658 544.984
215.271 60.5805 3.32048 2.77707 143.58 466.809
216.679 60.2805 3.32074 2.87408 116.272 528.006
218.244 60.7315 3.29941 2.95072 269.635 528.327
217.659 60.602 3.30847 3.03237 296.89 522.653
216.749 60.4427 3.32006 2.93142 158.203 513.528
217.639 60.9231 3.2979 2.97978 464.882 492.057
217.277 60.2474 3.31352 2.88227 79.5053 546.308
218.995 60.8241 3.29286 2.92851 246.458 544.683
216.976 61.3836 3.28701 2.91294 298.015 429.54
218.049 60.1785 3.30453 2.92511 259.798 574.146
216.031 60.2361 3.3306 2.8962 118.907 517.836
217.533 61.187 3.29125 2.95259 338.325 464.635
218.652 60.2994 3.30246 3.0031 241.543 580.69
219.217 60.1294 3.29333 2.94615 327.027 614.019
216.221 60.072 3.32296 2.89766 92.0234 538.774
218.856 60.4399 3.29435 2.96372 263.612 574.223
216.546 61.2275 3.30334 3.01123 420.413 431.65
