# evlo=206.868195 evla=61.882301
194.627 64.5646 3.33208 2.80432 97.0145 682.841
217.908 60.4896 3.30681 2.99976 174.363 612.973
217.507 60.403 3.27429 2.93412 123.127 595.514
218.338 61.0595 3.388 3.14347 101.978 617.383
220.363 59.9534 3.30972 2.92074 132.659 761.364
216.3 60.3932 3.2308 2.79797 73.0608 533.941
225.144 58.5792 3.2492 2.60412 82.7074 1073.1
216.716 60.1205 3.18478 2.58035 143.019 567.144
215.395 60.9677 3.3033 2.98394 179.821 466.084
209.013 64.0997 3.39072 2.96883 247.197 269.966
209.094 59.7511 3.23359 2.76788 178.124 266.535
209.259 59.7417 3.24111 2.74801 142.654 271.652
210.701 64.1732 3.35202 2.88647 230.661 320.587
207.916 63.4188 3.3633 3.00334 307.57 179.471
212.195 64.6453 3.34955 2.87185 329.908 407.643
204.378 55.8218 3.32514 2.90019 75.6907 690.1
200.411 54.831 3.4036 2.99766 109.286 870.665
207.685 63.8827 3.37987 2.96358 222.088 226.797
208.763 59.5251 3.28279 2.92257 223.64 282.262
209.796 67.2269 3.35943 2.85907 118.552 611.999
216.907 60.7523 3.30987 3.02985 151.985 551.705
218.66 60.9649 3.37824 3.15685 68.8192 636.833
217.513 60.0823 3.22748 2.76683 101.473 609.341
212.624 63.0753 3.39882 3.01484 277.854 325.124
214.225 61.1292 3.30295 3.03681 225.286 400.374
215.93 63.6482 3.38532 2.9821 134.432 502.435
214.25 60.5487 3.24606 2.86586 144.789 423.334
196.582 54.8564 3.36193 2.85232 67.041 984.89
213.401 60.7277 3.29699 2.96281 105.193 372.791
209.784 61.1426 3.21025 2.77127 186.635 175.708
214.766 66.5657 3.37371 2.85596 145.623 646.704
188.296 63.7758 3.34464 2.76813 208.752 966.101
203.121 64.7461 3.30664 2.87701 104.236 370.246
211.074 61.771 3.31155 2.9831 258.46 221.936
216.188 61.4417 3.39237 3.18474 112.03 495.729
212.904 60.8792 3.30759 3.01315 151.689 341.333
215.271 60.5805 3.2413 2.81841 172.748 473.675
216.679 60.2805 3.22043 2.77968 103.591 558.108
218.244 60.7315 3.34287 3.07871 117.358 622.058
213.052 64.4091 3.33563 2.93233 266.398 419.828
213.497 60.396 3.2781 2.86472 169.335 393.374
215.738 60.3351 3.22531 2.7575 164.002 507.899
208.348 59.6572 3.26686 2.91468 143.487 260.71
217.659 60.6024 3.31805 3.03155 190.815 595.958
215.581 59.9268 3.18934 2.5768 47.7159 520.104
216.749 60.4427 3.25638 2.86822 106.103 554.926
217.639 60.9231 3.36867 3.11461 105.461 584.543
214.077 61.4924 3.33226 3.02986 243.633 383.873
211.542 61.4131 3.29611 3.02087 311.892 253.095
197.4 66.8951 3.33086 2.83312 70.5681 720.248
209.077 63.5527 3.33989 2.99318 334.258 217.754
217.277 60.2474 3.24455 2.79103 38.959 590.053
218.995 60.824 3.36557 3.10993 125.865 658.475
216.976 61.3836 3.36654 3.06337 62.391 538.311
211.063 63.7318 3.31676 2.9115 371.077 296.991
218.049 60.1785 3.26479 2.89142 154.995 632.6
216.031 60.2361 3.21414 2.70647 112.578 527.197
218.652 60.2994 3.30309 2.99604 118.213 658.755
211.14 63.4056 3.30733 2.94737 258.503 277.078
219.217 60.1294 3.28671 2.93565 167.693 694.8
216.221 60.072 3.19949 2.61031 145.118 544.506
218.856 60.4399 3.32056 3.00013 141.456 663.984
216.546 61.2275 3.37889 3.16624 206.292 519.106
207.417 57.7828 3.36541 3.00854 87.5151 457.752
212.138 64.8736 3.36204 2.86266 277.383 424.755
203.383 71.3221 3.27296 2.6921 118.971 1063.52
205.026 71.0033 3.2664 2.73223 80.5932 1020.3
198.198 69.3641 3.25918 2.74302 86.0821 922.875
202.84 70.0079 3.27282 2.70264 67.5201 923.904
205.387 69.6211 3.28655 2.80182 90.0537 865.5
206.58 70.34 3.28734 2.94605 62.5369 943.185
194.656 68.2746 3.30656 2.78704 67.6202 912.008
198.806 68.6483 3.29985 2.85208 91.1891 841.552
200.413 69.1049 3.292 2.81996 53.0282 857.887
205.217 69.1565 3.29781 2.82465 99.1534 814.584
209.387 69.836 3.29114 2.71597 122.86 894.107
211.299 69.72 3.30348 2.80007 106.771 896.563
215.088 69.9175 3.32647 2.86744 155.837 969.146
216.289 69.626 3.33603 2.88905 112.404 962.906
235.93 69.3475 3.40687 2.89918 164.295 1554.32
196.917 67.6988 3.55362 2.81954 54.6199 800.697
201.885 68.4946 3.56908 2.90085 91.7138 772.702
203.387 68.7132 3.32601 2.82107 74.153 778.433
207.318 68.8799 3.31853 2.84671 104.362 780.489
209.319 68.9656 3.32113 2.7941 148.175 797.77
211.177 69.1532 3.31453 2.82941 110.764 834.338
213.625 69.322 3.33516 2.87843 126.489 884.854
219.035 69.243 3.34378 2.83204 98.3555 990.74
221.263 69.3286 3.35503 2.83818 66.2417 1057.47
198.174 67.082 3.33535 2.82352 70.807 713.342
199.397 67.4213 3.34156 2.88252 89.7035 712.2
202.768 67.4572 3.65375 2.90343 66.5038 651.294
203.811 68.2575 3.33898 2.83848 88.7594 724.972
206.028 68.4414 3.32068 2.90049 79.9476 732.345
208.187 68.1343 3.34631 2.84094 131.86 699.776
210.384 68.0584 3.35207 2.86068 111.67 708.033
211.513 68.0748 3.35318 2.88881 117.771 723.912
214.432 68.1207 3.36631 2.89426 163.934 780.422
218.405 68.1861 3.38245 2.86139 104.389 885.536
220.465 68.6043 3.38366 2.86684 75.8487 978.336
222.103 68.3889 3.38103 2.86653 89.3452 1013.36
223.281 66.3701 3.36375 2.90562 204.804 938.852
193.671 65.4742 3.33951 2.85902 95.9777 763.924
195.352 65.7077 3.35174 2.90691 106.673 708.233
198.75 66.442 3.6241 2.9176 51.5524 642.662
200.349 66.6001 3.35321 2.89718 74.1092 612.997
202.227 66.8332 3.68546 2.90422 119.506 595.343
204.275 67.0486 3.35659 2.90987 115.281 589.193
206.517 67.2221 3.3467 2.8991 129.244 595.545
207.821 67.5076 3.35257 2.85121 154.852 628.776
212.113 67.5187 3.37278 2.93372 137.549 675.797
214.357 67.5933 3.3661 2.87424 140.762 728.692
215.855 67.6946 3.36303 2.84384 147.519 774.533
220.128 67.6136 3.37143 2.8693 115.305 894.839
224.214 67.6106 3.354 2.87994 160.104 1038.13
226.258 67.441 3.36993 2.89361 168.469 1107.13
195.961 64.9941 3.32411 2.83823 109.054 644.206
197.645 65.3936 3.35253 2.94808 114.496 600.78
199.349 65.5011 3.32876 2.80123 77.5224 548.031
201.346 65.895 3.72145 2.84891 78.4724 522.72
206.494 66.5156 3.35704 2.89253 143.94 516.838
208.493 66.9214 3.36439 2.83826 161.845 567.162
209.976 66.7108 3.37212 2.887 115.054 558.75
212.525 66.7004 3.37348 2.88309 180.858 602.377
213.899 66.7653 3.37344 2.86054 108.042 640.981
216.215 66.9498 3.37941 2.86186 157.245 721.058
218.345 66.8088 3.36597 2.8676 187.807 778.316
221.978 66.9116 3.36158 2.9107 139.338 915.568
223.778 66.9808 3.365 2.89115 305.143 988.267
225.729 66.9227 3.37203 2.88434 169.138 1062.82
197.761 64.6379 3.32001 2.84873 98.8402 550.154
200.087 64.937 3.35354 2.95174 110.831 479.845
203.551 65.5276 3.37809 2.82907 115.123 438.07
205.119 65.4924 3.35288 2.94022 130.944 411.585
207.195 65.6571 3.3574 2.83259 193.119 421.097
208.623 65.8937 3.36622 2.84202 167.898 455.358
210.457 65.8251 3.37757 2.93915 142.05 473.46
212.122 65.8371 3.37756 2.89624 172.87 510.601
214.18 66.267 3.37396 2.84673 56.8701 604.373
214.181 66.267 3.37068 2.85922 118.401 604.401
218.473 66.2305 3.35967 2.91939 190.142 743.735
221.631 66.2191 3.36108 2.91377 191.963 864.844
225.657 65.8052 3.38319 2.94899 109.841 1017.51
214.843 62.3987 3.37284 2.99156 163.671 419.637
213.052 64.4091 3.33563 2.93233 266.398 419.828
199.305 63.8864 3.32829 2.76963 163.712 444.502
205.522 64.7962 3.3558 2.92877 99.4252 331.711
208.018 65.18 3.3494 2.78622 204.148 372.001
210.64 65.1479 3.37722 2.93018 198.126 409.411
216.846 65.3064 3.36415 2.92629 267.581 624.132
218.385 65.6035 3.36375 2.94183 269.833 702.207
220.064 65.4483 3.36474 2.9326 208.037 762.658
221.694 65.3609 3.37364 2.95382 221.205 828.444
223.623 65.2225 3.38808 2.97942 125.674 908.79
196.446 62.7492 3.31825 2.823 152.5 548.377
199.398 63.2842 3.34014 2.89111 181.767 414.197
200.922 63.3965 3.34014 2.83172 114.667 348.394
203.285 63.465 3.32423 2.85558 204.665 254.553
204.379 63.994 3.35352 2.7473 138.686 267.128
205.853 64.1767 3.37467 2.88735 211.503 260.839
214.63 64.613 3.33862 2.94179 247.515 494.151
216.201 64.5654 3.35562 2.95414 44.3932 555.679
216.436 64.5012 3.35864 2.95533 251.817 562.38
221.784 64.453 3.39154 3.00631 84.4981 801.944
221.784 64.4525 3.3926 3.01415 104.609 801.902
223.67 64.5753 3.39589 3.03258 132.46 893.243
195.344 61.9331 3.3376 2.84669 134.372 604.879
198.469 62.2938 3.30768 2.816 171.51 440.896
201.699 62.7161 3.31759 2.84229 267.744 283.766
205.93 63.3569 3.35358 2.84089 240.918 171.258
214.222 63.8036 3.34521 2.95748 261.502 431.14
217.924 64.0292 3.3836 2.99259 144.511 608.97
222.48 63.8433 3.38868 2.94671 64.8818 821.963
197.317 61.3416 3.35471 2.91478 164.667 509.912
198.513 61.678 3.33681 2.86267 191.824 441.225
200.525 61.7105 3.31796 2.83935 206.062 334.986
201.703 62.1344 3.31631 2.83261 252.238 271.964
203.311 62.2195 3.31361 2.89017 269.293 189.79
218.173 63.0618 3.40995 3.01338 103.319 596.928
221.871 63.109 3.42442 3.05681 65.9071 783.425
193.799 60.3849 3.36387 2.87148 158.939 722.321
196.65 60.4135 3.36422 2.86984 142.357 573.438
198.04 60.7515 3.36787 2.9279 147.397 488.976
199.312 60.6947 3.37303 2.98495 181.21 425.93
201.041 61.0224 3.36087 2.97007 150.054 325.124
202.562 61.4009 3.35849 2.93198 182.612 234.428
212.274 61.7929 3.33991 3.02553 263.538 284.843
213.825 62.1067 3.37986 3.00323 139.661 365.27
217.004 62.4013 3.36633 3.05356 132.12 531.211
218.122 62.3579 3.35643 2.97022 111.108 588.989
221.538 62.4435 3.37945 3.0096 103.441 765.433
223.206 62.5763 3.39355 2.95247 19.3626 850.863
225.609 62.2024 3.39766 3.00996 55.1235 977.864
198.315 59.9237 3.36803 2.93522 137.495 512.439
199.908 60.1686 3.36469 2.9131 149.35 421.688
201.231 60.4742 3.38026 2.91866 195.191 341.329
202.813 60.5269 3.36802 2.90587 267.683 265.125
204.11 60.6801 3.36726 2.95687 446.19 199.523
215.402 61.6061 3.40644 3.22647 157.461 451.612
222.911 61.4593 3.34915 3.02363 109.455 848.832
224.22 61.4862 3.35822 3.02173 81.7466 916.939
226.918 61.1512 3.35316 2.99519 93.2613 1066.01
198.736 59.2533 3.36869 2.94995 181.227 532.988
200.175 59.1767 3.37925 2.95182 174.762 474.909
201.907 59.5938 3.38642 2.98687 394.412 371.672
202.905 59.7733 3.40583 3.01321 392.335 318.791
204.792 59.8542 3.39946 3.04709 224.195 252.544
205.68 60.1952 3.409 3.14314 212.88 198.65
207.376 60.0815 3.41847 3.10658 171.99 202.534
210.276 60.4814 3.23003 2.81024 270.918 240.732
221.424 60.3024 3.35656 3.08163 36.3113 802.965
223.909 60.7704 3.32061 2.95885 110.793 918.229
190.452 56.6011 3.3785 2.90497 103.358 1101.65
202.009 59.0314 3.41365 2.99672 228.716 414.974
203.561 59.1953 3.41623 3.01405 301.225 350.037
204.771 59.3922 3.41676 3.07911 253.248 300.22
206.768 59.6524 3.36995 3.01684 206.327 248.527
212.597 59.9979 3.25393 2.80787 211.57 374.667
222.262 59.6304 3.31858 2.73007 45.7478 873.602
226.285 59.5898 3.29686 2.88854 41.4819 1085.2
227.183 60.2114 3.35668 3.05033 48.9027 1108.46
212.566 65.1171 3.36853 2.861 229.271 458.508
203.344 58.6774 3.4247 3.05048 302.932 406.703
204.113 58.2637 3.42938 3.07554 126.739 431.254
204.991 58.6484 3.42354 3.15593 116.265 374.948
206.355 58.9287 3.38543 3.08577 202.036 330.296
207.606 58.6097 3.33893 2.91058 103.972 366.896
213.66 59.4296 3.23273 2.58954 176.126 460.788
227.731 58.9601 3.20079 2.60184 52.761 1188.67
202.426 57.5673 3.41447 2.98481 145.597 541.528
203.613 57.6397 3.41704 3.09151 120.893 506.679
205.548 57.5665 3.34566 2.95526 73.4306 486.492
197.939 55.703 3.35925 2.84966 79.3587 858.819
200.447 56.2848 3.36663 2.82821 111.953 723.354
223.768 57.9616 3.24646 2.5864 64.232 1037.28
225.424 57.4688 3.33186 2.90816 40.8503 1149.99
228.869 57.9128 3.41473 2.83571 33.3156 1300.79
227.048 56.8144 3.33356 2.78129 36.6112 1272.23
229.75 56.9811 3.36933 2.96315 55.5123 1399.36
212.138 64.8735 3.36152 2.85846 218.864 424.741
210.428 68.6408 3.33527 2.84433 124.075 771.35
226.879 56.1146 3.47609 2.96091 36.2078 1309.75
229.974 55.9154 3.34434 2.75105 27.9697 1477.64
228.385 55.3279 3.49184 2.95927 45.1314 1438.32
227.653 56.4191 3.33898 2.78706 58.9164 1328
211.063 63.7323 3.31738 2.91205 371.077 297.046
211.14 63.4057 3.3074 2.94744 258.503 277.084
218.547 60.1369 4.07027 3.92831 172.423 659.929
217.908 60.4896 3.30681 2.99976 174.363 612.973
217.507 60.403 3.27429 2.93412 123.127 595.514
218.338 61.0595 3.38803 3.14349 101.978 617.388
216.296 60.3923 3.22998 2.79726 73.0608 533.805
216.716 60.1205 3.18478 2.58035 143.019 567.144
215.271 60.5805 3.2413 2.81841 172.748 473.675
216.679 60.2805 3.22043 2.77968 103.591 558.108
218.244 60.7315 3.34287 3.07871 117.358 622.058
217.659 60.602 3.31799 3.03149 190.815 595.947
216.749 60.4427 3.25638 2.86822 106.103 554.926
217.639 60.9231 3.36861 3.11455 105.461 584.533
217.277 60.2474 3.24455 2.79103 38.959 590.053
218.995 60.8241 3.36555 3.10992 125.865 658.472
216.976 61.3836 3.36654 3.06337 62.391 538.311
218.049 60.1785 3.26479 2.89142 154.995 632.6
216.031 60.2361 3.21414 2.70647 112.578 527.197
218.652 60.2994 3.30309 2.99604 118.213 658.755
219.217 60.1294 3.28671 2.93565 167.693 694.8
216.221 60.072 3.19949 2.61031 145.118 544.506
218.856 60.4399 3.32056 3.00013 141.456 663.984
216.546 61.2275 3.37889 3.16624 206.292 519.106
209.518 60.7352 3.19382 2.72538 181.702 191.006
209.518 60.7351 3.19421 2.72571 181.702 191.029
