# evlo=209.879501 evla=61.753101
194.627 64.5646 3.34295 2.83414 147.649 827.537
217.908 60.4896 3.31285 3.03335 223.472 454.748
217.654 61.036 3.43006 3.3967 91.4892 422.765
217.507 60.403 3.27605 2.96303 164.396 437.997
218.338 61.0595 3.37907 3.18807 108.705 458.022
220.363 59.9534 3.30709 2.89738 146.256 603.303
216.3 60.3932 3.22039 2.85242 197.907 378.048
225.144 58.5792 3.21742 2.57658 78.4535 915.551
216.716 60.1205 3.15533 2.54083 166.114 412.602
215.395 60.9677 3.29505 3.06589 288.136 307.636
209.013 64.0997 3.32938 2.87263 207.444 265.227
209.094 59.7511 3.1835 2.79649 145.181 227.146
209.259 59.7417 3.22771 3.02378 208.668 226.661
210.701 64.1732 3.35016 2.99972 213.253 272.941
207.916 63.4188 3.32704 2.97886 361.951 211.287
212.195 64.6453 3.36868 2.99023 177.185 342.733
207.685 63.8827 3.37588 2.97513 267.076 262.382
209.796 67.2269 3.33872 2.85937 168.367 610.256
216.907 60.7523 3.3215 3.07284 218.075 393.152
218.66 60.9649 3.3797 3.1856 106.592 477.467
217.513 60.0823 3.22551 2.79067 214.111 453.657
212.624 63.0753 3.42584 3.1519 304.247 204.511
214.225 61.1292 3.29317 3.07968 284.294 242.008
215.93 63.6482 3.40389 3.10538 210.15 374.673
214.25 60.5487 3.24901 2.80054 252.125 270.852
196.582 54.8564 3.34935 2.86082 50.512 1090.59
213.401 60.7277 3.27468 2.83366 216.608 220.91
214.766 66.5657 3.39333 2.99145 108.49 586.402
188.296 63.7758 3.34068 2.78797 161.628 1119.55
203.121 64.7461 3.29391 2.86773 176.422 475.557
216.188 61.4417 3.46905 3.35701 165.724 336.55
212.904 60.8792 3.30178 2.95951 195.467 189.01
215.271 60.5805 3.22443 2.78423 219.753 318.115
216.679 60.2805 3.21876 2.82422 139.447 402.411
218.244 60.7315 3.38826 3.24721 93.9007 462.983
213.052 64.4091 3.42166 2.97842 201.127 336.566
213.497 60.396 3.27828 2.84442 186.851 246.903
215.738 60.3351 3.1891 2.66166 185.742 353.606
217.659 60.6024 3.32551 3.06614 217.41 437.485
225.615 58.2758 3.23991 2.51185 65.1018 956.242
215.581 59.9268 3.15449 2.41823 102.275 370.674
216.749 60.4427 3.24751 2.95356 175.708 398.039
217.639 60.9231 3.39696 3.29124 140.808 425.298
214.077 61.4924 3.34408 3.1656 273.155 224.519
197.4 66.8951 3.32664 2.8726 123.482 829.642
209.077 63.5527 3.31959 2.79106 190.872 204.752
217.277 60.2474 3.24194 2.86719 56.9346 433.669
218.995 60.824 3.38721 3.12397 128.356 499.147
211.063 63.7318 3.36753 3.01785 247.398 228.674
218.049 60.1785 3.26439 2.89649 204.64 475.641
216.031 60.2361 3.17677 2.57735 164.15 373.145
218.652 60.2994 3.31747 3.04151 140.474 500.711
211.14 63.4056 3.41411 3.09795 271.772 195.23
219.217 60.1294 3.29968 2.96484 128.957 536.961
216.221 60.072 3.16378 2.50217 222.353 391.519
218.856 60.4399 3.34013 3.08825 135.271 505.36
216.546 61.2275 3.4188 3.27004 198.867 359.739
212.138 64.8736 3.36993 3.00402 232.487 365.741
198.929 70.2043 3.60166 2.75376 36.8105 1061.99
203.383 71.3221 3.27087 2.75576 91.7177 1103.93
205.026 71.0033 3.26556 2.66955 38.6162 1053.28
234.753 71.9871 3.36396 2.90604 62.2617 1556.2
202.84 70.0079 3.25058 2.75041 72.7664 973.333
205.387 69.6211 3.29038 2.81615 116.127 900.669
206.58 70.34 3.27012 2.70495 62.4597 968.747
194.656 68.2746 3.31733 2.83883 65.4195 1016.45
196.822 68.4753 3.32357 2.8295 87.3169 964.434
198.806 68.6483 3.29817 2.82027 58.837 924.272
205.217 69.1565 3.28654 2.81159 121.078 852.716
209.387 69.836 3.27845 2.7751 106.447 901.543
211.299 69.72 3.30411 2.81792 129.772 890.651
215.088 69.9175 3.3145 2.83598 152.415 940.13
216.289 69.626 3.33533 2.89141 89.1416 924.736
235.93 69.3475 3.43142 2.94862 136.045 1453.42
196.917 67.6988 3.33489 2.86984 66.5649 902.646
201.885 68.4946 3.30641 2.82584 87.8415 838.605
203.387 68.7132 3.29736 2.86428 78.6278 832.224
207.318 68.8799 3.31025 2.83653 69.4301 803.359
209.319 68.9656 3.3042 2.83464 154.797 804.586
211.177 69.1532 3.31191 2.81497 166.763 827.242
213.625 69.322 3.32234 2.8342 180.2 861.107
219.035 69.243 3.36142 2.94983 57.8718 934.243
221.263 69.3286 3.36124 2.90192 93.8177 991.611
198.174 67.082 3.34526 2.92354 95.5709 816.789
199.397 67.4213 3.35081 2.85664 75.9456 804.948
202.768 67.4572 3.34142 2.87373 100.303 720.273
203.811 68.2575 3.30732 2.87039 89.3412 778.745
206.028 68.4414 3.31283 2.87918 81.3512 766.993
208.187 68.1343 3.32771 2.83699 129.206 715.864
210.384 68.0584 3.33408 2.88896 145.845 703.38
211.513 68.0748 3.34047 2.82895 187.044 708.975
214.432 68.1207 3.34984 2.88246 119.784 741.363
218.405 68.1861 3.37702 2.94231 103.432 820.837
220.465 68.6043 3.3815 2.93079 138.837 908.061
222.103 68.3889 3.37876 2.9584 128.596 933.598
223.281 66.3701 3.39617 2.99636 202.701 829.631
193.671 65.4742 3.33384 2.82767 47.6719 901.153
195.352 65.7077 3.31885 2.81546 90.9361 839.349
198.75 66.442 3.32823 2.88686 90.8413 751.494
200.349 66.6001 3.35905 2.89697 88.571 710.32
202.227 66.8332 3.35273 2.85937 62.4731 675.719
204.275 67.0486 3.62635 2.90556 91.1696 648.698
206.517 67.2221 3.33142 2.8745 96.1185 630.547
207.821 67.5076 3.33365 2.87091 144.277 648.968
212.113 67.5187 3.35302 2.85023 259.358 651.49
214.357 67.5933 3.37247 2.91119 127.378 684.882
215.855 67.6946 3.39205 2.96299 104.936 720.256
220.128 67.6136 3.37504 2.95754 94.5846 814.058
224.214 67.6106 3.37741 2.91697 165.725 941.702
226.258 67.441 3.39933 2.9424 137.156 1003.29
195.961 64.9941 3.34405 2.85521 62.5223 782.107
197.645 65.3936 3.29719 2.80284 91.7791 728.893
199.349 65.5011 3.29345 2.82139 118.795 667.304
201.346 65.895 3.33211 2.88644 123.288 623.249
202.913 66.1434 3.36157 2.84768 76.5154 596.043
206.494 66.5156 3.33756 2.92504 132.037 555.724
208.493 66.9214 3.34563 2.89818 139.806 580.023
209.976 66.7108 3.35102 2.8291 194.433 552.706
212.525 66.7004 3.35588 2.8545 187.523 566.144
213.899 66.7653 3.38408 2.97598 121.598 591.465
216.215 66.9498 3.36999 2.95688 111.534 654.495
218.345 66.8088 3.3762 2.9527 111.819 695.739
221.978 66.9116 3.3846 2.938 147.665 817.688
223.778 66.9808 3.38985 2.94164 187.968 885.404
225.729 66.9227 3.4031 2.96478 125.808 954.235
197.761 64.6379 3.34095 2.82639 93.944 688.006
200.087 64.937 3.27912 2.80754 91.8195 604.242
201.637 65.1527 3.29821 2.86027 112.384 558.399
203.551 65.5276 3.34972 2.88482 146.792 524.272
205.119 65.4924 3.34585 2.83308 90.3076 478.73
207.195 65.6571 3.35289 2.84365 172.687 454.879
208.623 65.8937 3.3432 2.91094 160.639 465.676
210.457 65.8251 3.34386 2.81641 225.474 454.808
212.122 65.8371 3.36095 2.88932 182.454 468.408
214.18 66.267 3.39917 2.9994 50.8647 545.099
214.181 66.267 3.39264 2.9778 97.4196 545.118
218.473 66.2305 3.39475 2.9906 177.059 651.593
221.631 66.2191 3.39313 2.99617 143.652 758.703
225.657 65.8052 3.40903 3.02523 110.469 896.144
214.843 62.3987 3.39119 3.04024 210.293 269.157
213.052 64.4091 3.42166 2.97842 201.127 336.566
199.305 63.8864 3.3287 2.84354 137.43 588.338
205.522 64.7962 3.35684 2.85069 135.263 403.416
208.018 65.18 3.34178 2.90046 166.987 393.066
210.64 65.1479 3.3442 2.84497 233.729 380.302
216.846 65.3064 3.41584 3.04808 203.147 525.726
218.385 65.6035 3.40447 3.02993 227.386 600.232
220.064 65.4483 3.39533 3.02043 180.724 650.739
221.694 65.3609 3.40691 3.05503 206.289 709.995
223.623 65.2225 3.40965 3.06012 131.626 784.113
196.446 62.7492 3.32069 2.85864 81.8975 705.522
199.398 63.2842 3.3294 2.89117 175.127 565.436
200.922 63.3965 3.3229 2.85957 140.473 495.046
203.285 63.465 3.3142 2.85599 175.226 388.433
204.379 63.994 3.27144 2.78395 84.7038 374.947
205.853 64.1767 3.3121 2.8831 251.975 338.535
214.63 64.613 3.39291 3.00511 230.941 398.335
216.436 64.5012 3.40002 3.07129 236.409 450.446
221.784 64.453 3.40814 3.06742 109.96 670.841
221.784 64.4525 3.41016 3.06852 94.519 670.793
223.67 64.5753 3.39966 3.06578 95.9909 760.714
195.344 61.9331 3.33161 2.84754 123.986 764.185
198.469 62.2938 3.30536 2.82498 140.007 599.66
201.699 62.7161 3.32802 2.86826 177.281 438.365
205.93 63.3569 3.29681 2.78111 85.614 270.528
214.222 63.8036 3.40854 3.1628 270.407 318.272
217.924 64.0292 3.41783 3.11315 165.367 480.92
222.48 63.8433 3.43162 3.12504 119.509 682.433
197.317 61.3416 3.34228 2.89624 97.4778 668.517
198.513 61.678 3.32031 2.86061 151.273 600.417
200.525 61.7105 3.30224 2.84663 172.528 494.044
201.703 62.1344 3.29436 2.8304 182.432 431.041
203.311 62.2195 3.29934 2.88863 154.6 348.056
205.146 62.1816 3.28653 2.92613 258.95 252.798
206.12 62.4787 3.27325 2.86168 363.231 212.202
216.652 63.0254 3.43802 3.21787 219.034 377.722
218.173 63.0618 3.43003 3.11887 149.359 452.472
221.871 63.109 3.39576 3.03479 101.339 636.573
193.799 60.3849 3.34679 2.8469 74.0458 879.105
196.65 60.4135 3.34838 2.88501 110.385 728.015
198.04 60.7515 3.34766 2.9131 128.119 644.301
199.312 60.6947 3.3527 2.94405 157.061 579.201
201.041 61.0224 3.3499 2.9256 145.503 478.98
202.562 61.4009 3.33675 2.90513 147.968 390.469
204.176 61.4907 3.30966 2.87452 189.921 303.872
205.609 61.9037 3.2948 2.91679 220.555 225.634
213.825 62.1067 3.34884 2.98643 157.034 210.891
217.004 62.4013 3.36226 3.11073 243.659 379.086
218.122 62.3579 3.3619 3.06283 202.396 436.034
221.538 62.4435 3.38063 3.05559 135.049 612.88
223.206 62.5763 3.39018 3.01378 141.047 699.288
225.609 62.2024 3.38538 3.0319 111.129 824.298
198.315 59.9237 3.35969 2.91867 127.363 660.078
199.908 60.1686 3.36718 2.95347 130.907 567.652
201.231 60.4742 3.3682 2.96573 193.807 487.142
202.813 60.5269 3.38618 3.00373 160.621 404.183
204.11 60.6801 3.38562 2.98411 239.114 332.146
205.516 60.8132 3.36303 2.98802 352.104 256.288
215.402 61.6061 3.48332 3.3769 199.512 292.763
222.911 61.4593 3.3336 3.0448 146.052 691.264
224.22 61.4862 3.35103 3.04304 98.8593 759.825
226.918 61.1512 3.34955 3.00199 106.32 908.633
198.736 59.2533 3.37956 2.99038 99.9431 671.575
200.175 59.1767 3.39456 2.97936 128.088 605.321
201.907 59.5938 3.39044 2.98681 168.487 497.336
202.905 59.7733 3.39252 2.98111 212.441 439.199
204.792 59.8542 3.36332 3.12432 211.197 348.379
205.68 60.1952 3.32353 3.0541 222.31 286.008
207.376 60.0815 3.16174 2.31595 160.375 230.482
219.809 60.7718 3.42878 3.2635 63.1586 543.375
221.424 60.3024 3.31897 2.93481 94.3027 643.763
223.909 60.7704 3.3036 2.93873 63.6172 759.257
190.452 56.6011 3.3808 2.89376 60.3374 1243.75
202.009 59.0314 3.39058 3.01149 232.55 528.846
203.561 59.1953 3.38655 3.12348 144.605 449.111
204.771 59.3922 3.38968 3.28516 171.527 384.074
206.768 59.6524 3.19027 2.42389 145.526 289.174
212.597 59.9979 3.37339 2.96263 162.8 244.983
222.262 59.6304 3.29105 2.6801 61.2768 715.29
223.04 60.1218 3.34649 3.122 53.7084 734.871
226.285 59.5898 3.39069 3.20329 44.9028 925.866
227.183 60.2114 3.32437 2.93649 44.5248 949.392
212.566 65.1171 3.37996 3.02003 260.552 398.158
203.344 58.6774 3.41852 3.33228 77.2945 498.252
204.991 58.6484 3.2578 2.59538 120.911 439.244
206.355 58.9287 3.24993 2.62551 211.235 369.889
227.731 58.9601 3.16277 2.57785 42.4573 1029.51
202.426 57.5673 3.29965 2.76562 56.8911 626.939
205.548 57.5665 3.28156 2.80711 98.5016 526.206
224.26 58.4133 3.23087 2.46476 70.3327 880.222
225.482 58.2747 3.24227 2.53569 70.7324 949.569
229.033 59.3946 3.37698 3.17213 51.6272 1078.21
197.939 55.703 3.35041 2.87532 79.0626 962.95
200.447 56.2848 3.27746 2.74527 57.8006 813.688
225.424 57.4688 3.3046 2.59303 33.536 995.425
227.048 56.8144 3.34551 2.73068 48.9172 1117.79
229.75 56.9811 3.28909 2.61231 52.097 1242.09
212.138 64.8735 3.36881 3.00588 198.82 365.727
210.428 68.6408 3.32129 2.87787 187.022 768.363
229.974 55.9154 3.35822 2.80263 34.196 1322.43
228.385 55.3279 3.37027 2.91099 23.9813 1286.64
227.653 56.4191 3.35755 2.76143 66.9331 1174.01
211.063 63.7323 3.3684 3.01863 247.398 228.734
211.14 63.4057 3.41422 3.09805 271.772 195.237
218.547 60.1369 3.84727 4.39798 222.264 502.647
217.908 60.4896 3.31285 3.03335 223.472 454.748
217.507 60.403 3.27605 2.96303 164.396 437.997
218.338 61.0595 3.37911 3.18811 108.705 458.027
216.296 60.3923 3.21934 2.85149 197.907 377.925
216.716 60.1205 3.15533 2.54083 166.114 412.602
215.271 60.5805 3.22443 2.78423 219.753 318.115
216.679 60.2805 3.21876 2.82422 139.447 402.411
218.244 60.7315 3.38826 3.24721 93.9007 462.983
217.659 60.602 3.32544 3.06607 217.41 437.476
216.749 60.4427 3.24751 2.95356 175.708 398.039
217.639 60.9231 3.39687 3.29116 140.808 425.288
217.277 60.2474 3.24194 2.86719 56.9346 433.669
218.995 60.8241 3.38719 3.12395 128.356 499.144
218.049 60.1785 3.26439 2.89649 204.64 475.641
216.031 60.2361 3.17677 2.57735 164.15 373.145
218.652 60.2994 3.31747 3.04151 140.474 500.711
219.217 60.1294 3.29968 2.96484 128.957 536.961
216.221 60.072 3.16378 2.50217 222.353 391.519
218.856 60.4399 3.34013 3.08825 135.271 505.36
216.546 61.2275 3.4188 3.27004 198.867 359.739
