# evlo=201.231003 evla=60.474201
194.627 64.5646 3.34481 2.82223 86.8444 568.188
217.908 60.4896 3.28437 2.85265 146.291 914.584
217.654 61.036 3.3558 3.06462 47.8615 895.246
217.507 60.403 3.26139 2.80885 99.8662 893.899
218.338 61.0595 3.32723 2.97824 61.7493 931.983
220.363 59.9534 3.26391 2.76844 99.9919 1058.51
216.3 60.3932 3.2746 2.77951 93.8321 828.036
225.144 58.5792 3.41955 2.95354 45.1397 1361.91
216.716 60.1205 3.23974 2.6446 98.9122 855.218
215.395 60.9677 3.30286 2.91598 123.143 773.519
209.013 64.0997 3.40635 2.89668 163.329 570.582
209.094 59.7511 3.3539 2.92288 204.54 444.324
209.259 59.7417 3.35049 2.93587 199.434 453.577
210.701 64.1732 3.37994 2.84934 184.384 639.956
208.846 60.7683 3.33947 2.88249 155.487 417.979
207.916 63.4188 3.38223 2.90106 273.137 479.979
212.195 64.6453 3.39003 2.83756 149.833 729.143
204.378 55.8218 3.30856 2.71087 83.8035 550.161
200.411 54.831 3.35169 2.81496 130.813 630.383
207.685 63.8827 3.40795 2.87627 201.403 506.792
208.763 59.5251 3.37201 2.98759 209.14 433.104
209.796 67.2269 3.38411 2.87255 129.528 860.893
216.907 60.7523 3.28896 2.88298 114.653 857.019
218.66 60.9649 3.32416 2.99388 59.1782 950.086
209.738 62.4058 3.3534 2.93998 174.121 501.832
217.513 60.0823 3.24233 2.69456 80.621 899.638
212.624 63.0753 3.3758 2.94765 178.705 666.371
214.225 61.1292 3.31768 2.9276 189.45 710.02
215.93 63.6482 3.37194 2.9753 105.286 843.619
214.25 60.5487 3.30313 2.86832 166.651 714.099
196.582 54.8564 3.38714 2.81806 64.4594 684.014
213.401 60.7277 3.31691 2.9432 117.45 666.39
209.784 61.1426 3.33926 2.94057 126.2 471.111
214.766 66.5657 3.41206 2.87406 98.2742 952.651
188.296 63.7758 3.3688 2.83485 86.5173 766.805
203.121 64.7461 3.39635 2.92259 185.371 485.857
211.074 61.771 3.36199 2.97797 154.235 549.252
216.188 61.4417 3.36768 3.0666 74.8918 815.631
212.904 60.8792 3.31722 2.91773 152.103 638.754
215.271 60.5805 3.2744 2.82973 207.443 769.546
216.679 60.2805 3.25508 2.73129 70.7286 850.48
218.244 60.7315 3.31594 2.98847 81.8956 929.843
213.052 64.4091 3.37114 2.87049 217.485 749.751
213.497 60.396 3.31697 2.85531 139.851 674.488
215.738 60.3351 3.26731 2.75144 105.282 798.1
208.348 59.6572 3.36662 2.93346 209.502 406.466
217.659 60.6024 3.28987 2.86478 159.14 899.538
215.581 59.9268 3.28516 2.65678 98.8396 796.631
216.749 60.4427 3.27074 2.80417 97.2002 851.925
217.639 60.9231 3.33746 3.01904 86.177 895.263
214.077 61.4924 3.33631 2.97799 172.583 703.442
211.542 61.4131 3.34553 3.00791 146.734 567.939
197.4 66.8951 3.34862 2.91087 51.8586 740.082
209.077 63.5527 3.36629 2.85633 188.987 534.682
218.995 60.824 3.32014 2.98639 55.4162 969.567
216.976 61.3836 3.31287 2.90076 64.5191 857.682
211.063 63.7318 3.35501 2.89144 269.593 627.752
211.768 64.9602 3.40739 2.86381 114.644 733.592
218.049 60.1785 3.24601 2.74265 122.712 927.267
209.256 65.0304 3.40417 2.89812 146.616 651.721
216.031 60.2361 3.26167 2.71349 100.059 815.67
218.652 60.2994 3.27353 2.83946 69.7985 958.126
211.14 63.4056 3.35845 2.94382 232.511 613.313
219.217 60.1294 3.2641 2.80741 177.376 992.117
216.221 60.072 3.26234 2.66288 72.7108 828.947
218.856 60.4399 3.29916 2.91863 103.65 966.97
216.546 61.2275 3.34875 3.00599 111.075 834.786
207.417 57.7828 3.3579 3.0137 132.349 463.715
212.138 64.8736 3.39948 2.84725 120.809 741.715
198.929 70.2043 3.27476 2.72548 49.6224 1089.96
203.383 71.3221 3.29355 2.75127 132.513 1213.36
205.026 71.0033 3.29764 2.75203 89.6259 1186.27
198.198 69.3641 3.28251 2.79238 42.0587 1001.16
202.84 70.0079 3.29599 2.7406 90.9027 1065.52
205.387 69.6211 3.32655 2.83114 82.22 1037.83
206.58 70.34 3.31865 2.80716 64.4834 1126.67
194.656 68.2746 3.33624 2.78247 71.6146 924.485
196.822 68.4753 3.32045 2.84936 92.6478 916.275
198.806 68.6483 3.33768 2.83997 50.0701 918.498
200.413 69.1049 3.31859 2.78017 77.4499 962.985
205.217 69.1565 3.33956 2.86936 77.1255 985.803
209.387 69.836 3.3004 2.76875 68.2783 1109.38
211.299 69.72 3.30672 2.74047 111.769 1130.86
215.088 69.9175 3.34616 2.84106 94.7326 1230.28
216.289 69.626 3.34596 2.86675 147.846 1235.14
235.93 69.3475 3.41602 2.9004 77.0802 1879.07
196.917 67.6988 3.33314 2.83578 87.3856 831.928
201.885 68.4946 3.35132 2.86194 104.426 894.683
203.387 68.7132 3.34702 2.88229 120.145 924.168
207.318 68.8799 3.34433 2.87345 64.3705 980.001
209.319 68.9656 3.32886 2.83474 63.8901 1020.16
211.177 69.1532 3.32547 2.80399 74.9284 1073.68
213.625 69.322 3.35608 2.87062 115.204 1142.97
219.035 69.243 3.51248 2.84296 111.794 1282.07
221.263 69.3286 3.50787 2.8218 57.7594 1356.66
198.174 67.082 3.35211 2.87984 57.821 751.639
199.397 67.4213 3.38472 2.87222 67.7045 779.546
202.768 67.4572 3.38445 2.92565 126.757 782.011
203.811 68.2575 3.36464 2.90478 108.91 876.407
206.028 68.4414 3.35728 2.88309 99.8714 917.047
208.187 68.1343 3.34965 2.87929 52.0161 916.571
210.384 68.0584 3.36849 2.85336 130.349 952.515
211.513 68.0748 3.37537 2.87127 151.957 980.064
214.432 68.1207 3.55517 2.87321 140.643 1060.73
218.405 68.1861 3.39543 2.87048 71.5056 1187.44
220.465 68.6043 3.39979 2.85207 40.3063 1283.21
222.103 68.3889 3.41553 2.83888 22.1588 1325.88
223.281 66.3701 3.38039 2.86639 119.205 1272.28
193.671 65.4742 3.35116 2.82725 83.5713 675.466
195.352 65.7077 3.35561 2.84447 72.6219 653.952
198.75 66.442 3.38113 2.89567 51.7588 676.499
200.349 66.6001 3.39636 2.92871 81.4541 684.242
202.227 66.8332 3.39287 2.9119 118.889 710.538
204.275 67.0486 3.38515 2.91308 116.977 747.879
206.517 67.2221 3.37263 2.89915 93.557 795.215
207.821 67.5076 3.36724 2.92131 45.4324 846.712
212.113 67.5187 3.38641 2.87204 135.089 945.904
215.855 67.6946 3.38505 2.87263 131.518 1070.22
220.128 67.6136 3.40981 2.85689 58.8865 1210.17
224.214 67.6106 3.37696 2.8708 100.679 1363.08
226.258 67.441 3.38071 2.87943 73.7064 1436.37
195.961 64.9941 3.36004 2.78592 74.1892 570.867
197.645 65.3936 3.35683 2.90637 113.415 577.54
199.349 65.5011 3.38306 2.84663 87.0004 568.306
201.346 65.895 3.39506 2.89981 136.346 604.252
202.913 66.1434 3.39749 2.91911 144.853 637.466
206.494 66.5156 3.3917 2.90631 65.5468 722.059
208.493 66.9214 3.389 2.9116 114.191 802.217
209.976 66.7108 3.3937 2.88272 193.127 817.939
212.525 66.7004 3.38806 2.87134 115.66 889.516
213.899 66.7653 3.40561 2.87919 139.471 938.071
216.215 66.9498 3.41568 2.86849 102.462 1029.32
218.345 66.8088 3.38923 2.88634 105.167 1097.27
221.978 66.9116 3.38057 2.8911 66.4039 1242.72
223.778 66.9808 3.38398 2.88882 73.5688 1317.8
225.729 66.9227 3.38406 2.87125 61.6366 1395.14
197.761 64.6379 3.34361 2.91911 129.023 497.029
200.087 64.937 3.3887 2.8695 114.81 500.819
201.637 65.1527 3.40509 2.91965 147.089 521.865
203.551 65.5276 3.3965 2.92036 127.116 575.292
205.119 65.4924 3.39185 2.92556 72.4629 592.785
207.195 65.6571 3.39088 2.89504 222.765 651.006
208.623 65.8937 3.38965 2.87016 217.746 708.501
210.457 65.8251 3.39837 2.85145 172.965 754.771
212.122 65.8371 3.40671 2.90027 141.658 809.404
214.18 66.267 3.41611 2.89627 53.0998 911.368
214.181 66.267 3.40736 2.8812 76.3355 911.403
218.473 66.2305 3.38774 2.87868 94.5095 1069.68
221.631 66.2191 3.383 2.87313 96.222 1197.25
225.657 65.8052 3.38647 2.90438 118.135 1355.89
214.843 62.3987 3.35132 2.95431 187.67 755.762
213.052 64.4091 3.37114 2.87049 217.485 749.751
199.305 63.8864 3.36264 2.84419 110.426 393.249
205.522 64.7962 3.3922 2.8954 87.1457 529.343
208.018 65.18 3.38759 2.84057 193.688 627.559
210.64 65.1479 3.41347 2.90942 138.964 706.839
216.846 65.3064 3.39482 2.90309 185.775 955.579
218.385 65.6035 3.39047 2.89497 158.759 1034.23
220.064 65.4483 3.37793 2.89975 148.183 1098.59
221.694 65.3609 3.3797 2.90301 162.562 1166.47
223.623 65.2225 3.38696 2.92632 154.049 1248.48
196.446 62.7492 3.33339 2.91403 117.197 358.637
199.398 63.2842 3.36395 2.85679 107.677 327.633
200.922 63.3965 3.40894 2.89879 144.936 326.076
203.285 63.465 3.39153 3.01273 184.832 350.236
204.379 63.994 3.38191 2.94047 146.038 424.927
205.853 64.1767 3.36661 2.82564 197.142 476.894
214.63 64.613 3.37825 2.89467 217.527 827.084
216.436 64.5012 3.36894 2.89614 229.579 900.095
221.784 64.453 3.37889 2.96534 95.2363 1143.03
221.784 64.4525 3.37976 2.97226 86.6274 1142.99
223.67 64.5753 3.38009 2.98052 138.312 1234.41
195.344 61.9331 3.37157 2.90644 118.37 355.599
198.469 62.2938 3.38719 2.93377 162.214 250.769
201.699 62.7161 3.39705 2.91317 277.403 251.063
205.93 63.3569 3.41314 2.84795 322.063 404.96
214.222 63.8036 3.35452 2.90961 171.501 770.551
217.924 64.0292 3.37752 2.97059 150.369 949.98
222.48 63.8433 3.37759 2.97284 43.7885 1163.04
197.317 61.3416 3.37848 2.85964 191.956 233.294
198.513 61.678 3.37621 2.86326 134.835 198.758
201.703 62.1344 3.35887 2.92246 246.788 186.721
203.311 62.2195 3.39155 2.89263 248.906 224.074
205.146 62.1816 3.3863 2.91806 275.626 283.01
206.12 62.4787 3.36885 2.8922 211.731 343.051
216.652 63.0254 3.4013 3.13581 67.9053 860.321
218.173 63.0618 3.37642 2.98727 92.3656 936.548
221.871 63.109 3.39763 3.06407 71.4506 1122.3
193.799 60.3849 3.3208 2.79043 208.168 409.227
196.65 60.4135 3.32846 2.81979 201.047 252.228
198.04 60.7515 3.31594 2.83142 235.248 177.447
204.176 61.4907 3.37392 2.87245 233.02 195.535
205.609 61.9037 3.3629 2.83858 261.122 284.179
206.868 61.8823 3.38026 2.91866 195.191 341.329
209.88 61.7531 3.3682 2.96573 193.807 487.142
212.274 61.7929 3.36296 2.98386 147.672 612.04
213.825 62.1067 3.35515 2.96163 182.376 698.023
217.004 62.4013 3.36863 3.03184 113.687 866.2
218.122 62.3579 3.36148 3.00615 40.311 923.16
221.538 62.4435 3.36875 3.04387 110.357 1099.99
223.206 62.5763 3.37842 3.05929 79.8619 1186.43
225.609 62.2024 3.36774 2.9976 56.5869 1311.08
198.315 59.9237 3.35558 3.01745 252.084 172.966
205.516 60.8132 3.38176 2.96522 247.408 237.433
207.791 61.2001 3.38445 2.98143 157.457 365.651
215.402 61.6061 3.36278 3.07629 81.7462 774.487
222.911 61.4593 3.33716 2.98131 73.8753 1173.92
224.22 61.4862 3.3408 2.96602 99.9535 1243.22
226.918 61.1512 3.34364 2.9676 66.6867 1391.06
198.736 59.2533 3.34751 2.91187 282.029 195.015
204.792 59.8542 3.38221 2.97523 337.588 209.406
205.68 60.1952 3.36175 2.91011 303.888 247.646
207.376 60.0815 3.39464 2.975 211.4 342.687
210.276 60.4814 3.32055 2.88336 183.637 497.019
219.809 60.7718 3.32968 3.04791 51.1337 1014.26
221.424 60.3024 3.28479 2.80909 64.0854 1109.36
190.452 56.6011 3.38443 2.88723 89.0334 760.325
203.561 59.1953 3.39858 2.94329 195.01 193.284
204.771 59.3922 3.41002 2.96896 241.993 231.695
206.768 59.6524 3.39621 2.95376 282.07 321.573
212.597 59.9979 3.32079 2.85748 170.004 631.131
223.04 60.1218 3.23209 2.60412 93.9539 1201.11
226.285 59.5898 3.27937 2.66435 72.3227 1391.66
212.566 65.1171 3.40179 2.82811 122.17 774.101
203.344 58.6774 3.36179 2.87221 195.496 233.069
204.113 58.2637 3.42366 2.81668 142.162 295.747
204.991 58.6484 3.41834 2.95371 130.735 294.148
206.355 58.9287 3.39444 3.0146 183.241 335.85
207.606 58.6097 3.37609 2.97299 177.634 415.909
213.66 59.4296 3.29633 2.65973 104.747 703.131
227.731 58.9601 3.32478 2.76009 47.4126 1490.5
202.426 57.5673 3.37323 2.78931 142.947 330.994
203.613 57.6397 3.3522 2.90155 152.77 344.005
205.548 57.5665 3.37916 2.86437 58.3939 407.737
224.26 58.4133 3.42718 2.91149 35.7387 1319.45
225.482 58.2747 3.42373 2.91219 22.1343 1391.95
229.033 59.3946 3.2963 2.70456 67.3569 1547.39
197.939 55.703 3.40212 2.8597 116.355 565.604
200.447 56.2848 3.35361 2.77215 91.2449 468.874
212.138 64.8735 3.40061 2.84879 95.9124 741.701
210.428 68.6408 3.34062 2.79203 74.1781 1009.15
209.931 62.7622 2.84846 2.3262 117.452 526.692
211.063 63.7323 3.35527 2.89167 269.593 627.802
211.14 63.4057 3.35848 2.94385 232.511 613.319
218.547 60.1369 3.8056 3.51268 207.465 955.281
217.908 60.4896 3.28437 2.85265 146.291 914.584
217.507 60.403 3.26139 2.80885 99.8662 893.899
218.338 61.0595 3.32725 2.97826 61.7493 931.989
216.296 60.3923 3.27392 2.77893 93.8321 827.862
216.716 60.1205 3.23974 2.6446 98.9122 855.218
215.271 60.5805 3.2744 2.82973 207.443 769.546
216.679 60.2805 3.25508 2.73129 70.7286 850.48
218.244 60.7315 3.31594 2.98847 81.8956 929.843
217.659 60.602 3.28979 2.86471 159.14 899.516
216.749 60.4427 3.27074 2.80417 97.2002 851.925
217.639 60.9231 3.33742 3.019 86.177 895.252
218.995 60.8241 3.32013 2.98639 55.4162 969.566
216.976 61.3836 3.31287 2.90076 64.5191 857.682
218.049 60.1785 3.24601 2.74265 122.712 927.267
216.031 60.2361 3.26167 2.71349 100.059 815.67
218.652 60.2994 3.27353 2.83946 69.7985 958.126
219.217 60.1294 3.2641 2.80741 177.376 992.117
216.221 60.072 3.26234 2.66288 72.7108 828.947
218.856 60.4399 3.29916 2.91863 103.65 966.97
216.546 61.2275 3.34875 3.00599 111.075 834.786
