# evlo=221.4245 evla=60.302399
225.449 60.24 3.32271 2.93049 104.694 222.806
194.627 64.5646 3.31304 2.91269 39.6536 1450.39
217.908 60.4896 3.25118 2.84602 200.121 194.939
217.507 60.403 3.28324 2.80077 153.275 216.529
218.338 61.0595 3.67155 4.84012 50.1609 188.579
216.3 60.3932 3.22922 2.84618 183.58 283.071
225.144 58.5792 3.42562 3.04487 85.074 285.217
216.716 60.1205 3.14828 2.50265 111.113 261.791
215.395 60.9677 3.3117 3.05857 109.648 338.075
209.013 64.0997 3.30541 3.02073 76.5592 770.342
209.259 59.7417 3.17192 2.37587 141.188 680.295
210.701 64.1732 3.31016 2.90219 99.6973 703.432
207.916 63.4188 3.29498 2.96354 84.1148 789.3
212.195 64.6453 3.34387 2.95437 189.668 677.687
207.685 63.8827 3.29541 2.98956 98.7327 818.837
208.763 59.5251 3.21603 2.68161 110.968 712.515
209.796 67.2269 3.34557 2.88751 132.885 958.528
216.907 60.7523 3.29204 3.00353 153.746 252.993
209.738 62.4058 3.24116 2.811 76.6429 666.644
217.513 60.0823 3.19114 2.69141 229.771 218.353
212.624 63.0753 3.29098 3.01604 80.2543 558.272
214.225 61.1292 3.35962 3.26749 73.5127 403.443
215.93 63.6482 3.3152 2.93727 161.004 470.876
214.25 60.5487 3.20601 2.74358 120.86 395.938
196.582 54.8564 3.33942 2.6414 53.6912 1593.09
213.401 60.7277 3.24936 2.83731 85.8933 442.976
214.766 66.5657 3.36123 2.91167 173.377 772.255
188.296 63.7758 3.32593 2.8397 36.3414 1754.86
203.121 64.7461 3.31084 2.96674 86.6692 1059.43
211.074 61.771 3.31581 2.93832 50.912 582.12
216.188 61.4417 3.05953 2.32527 70.194 311.414
212.904 60.8792 3.29123 3.03357 52.9271 470.994
215.271 60.5805 3.26517 2.84379 148.281 340.08
216.679 60.2805 3.20816 2.69884 154.369 262.421
218.244 60.7315 3.29695 3.10853 124.186 181.089
213.052 64.4091 3.33602 2.95499 186.12 629.494
213.497 60.396 3.19315 2.66343 112.071 437.572
215.738 60.3351 3.2239 2.7799 133.481 314.19
208.348 59.6572 3.22405 2.72498 107.827 732.395
217.659 60.6024 3.26342 2.95768 193.279 209.866
225.615 58.2758 3.46086 3.15363 104.737 328.539
215.581 59.9268 3.10733 2.31046 141.706 327.5
216.749 60.4427 3.24194 2.80825 145.533 258.373
217.639 60.9231 3.32102 3.1461 102.216 218.481
214.077 61.4924 3.30916 3.14018 60.9975 420.015
211.542 61.4131 3.25517 2.77987 55.9816 550.625
197.4 66.8951 3.34383 2.88945 42.145 1387.32
209.077 63.5527 3.28369 2.98605 90.3109 741.109
216.976 61.3836 3.24817 3.01839 61.1368 270.15
211.063 63.7318 3.30094 3.01702 76.0148 662.478
211.768 64.9602 3.34761 2.97833 146.261 716.166
218.049 60.1785 3.20793 2.79675 171.257 187.445
209.256 65.0304 3.33361 2.88346 130.457 814.111
210.931 64.5928 3.33037 2.89909 169.441 721.028
216.031 60.2361 3.1839 2.72089 136.921 298.527
191.145 52.9721 3.27728 2.68638 61.7708 2006.32
217.533 61.1871 3.22898 2.97605 49.7567 233.983
211.14 63.4056 3.30208 3.03906 62.2504 641.375
216.221 60.072 3.11879 2.41553 210.148 289.776
207.417 57.7828 3.32191 2.52603 84.0345 849.732
212.138 64.8736 3.34527 2.9774 136.741 696.709
198.929 70.2043 3.26931 2.78072 49.638 1506.91
203.383 71.3221 3.28013 2.73978 99.7574 1467.24
205.026 71.0033 3.28505 2.74203 73.7781 1401.45
234.753 71.9871 3.42946 2.92672 72.4195 1427.52
198.198 69.3641 3.27339 2.79009 89.7453 1478.47
202.84 70.0079 3.29363 2.79109 51.5315 1377.69
206.58 70.34 3.28115 2.76028 70.0145 1307.8
194.656 68.2746 3.3305 2.86951 48.5875 1551.78
196.822 68.4753 3.31444 2.84363 60.5632 1479.31
198.806 68.6483 3.30607 2.85747 112.777 1416.81
200.413 69.1049 3.29451 2.85319 80.4724 1389.22
205.217 69.1565 3.31456 2.85749 68.8052 1245.2
209.387 69.836 3.4507 2.80439 107.565 1199.42
211.299 69.72 3.3201 2.85096 177.041 1149.93
215.088 69.9175 3.33346 2.8792 81.3852 1111.15
216.289 69.626 3.33704 2.90927 93.2273 1066.51
235.93 69.3475 3.41001 2.97157 121.661 1214.45
196.917 67.6988 3.34354 2.88747 42.5386 1439.86
201.885 68.4946 3.31443 2.89124 83.0091 1301.59
203.387 68.7132 3.31535 2.90518 62.9581 1267.29
207.318 68.8799 3.31925 2.85205 75.67 1164.85
209.319 68.9656 3.31081 2.85153 84.4755 1121.48
211.177 69.1532 3.31814 2.85196 90.1138 1097.63
213.625 69.322 3.32369 2.87553 137.395 1069.66
219.035 69.243 3.36072 2.93396 63.3708 1003.04
221.263 69.3286 3.32397 2.90353 35.8512 1006.34
198.174 67.082 3.35607 2.89172 46.3084 1363.51
199.397 67.4213 3.35268 2.8961 72.7073 1330.84
202.768 67.4572 3.33581 2.898 70.9906 1206.64
203.811 68.2575 3.31922 2.90964 93.5125 1222.1
206.028 68.4414 3.33295 2.89967 59.8024 1166.25
208.187 68.1343 3.33272 2.88375 90.5468 1079.33
210.384 68.0584 3.33956 2.87509 105.659 1014.35
211.513 68.0748 3.33738 2.8904 99.0784 988.637
214.432 68.1207 3.5387 2.89011 170.072 934.001
218.405 68.1861 3.37366 2.94766 83.4502 890.728
220.465 68.6043 3.35281 2.93864 51.7566 926.645
222.103 68.3889 3.34327 2.8168 35.8704 902.078
223.281 66.3701 3.33892 3.08587 74.0315 682.63
193.671 65.4742 3.3269 2.92905 42.2365 1509.21
195.352 65.7077 3.32256 2.89681 65.304 1438.02
198.75 66.442 3.34584 2.91537 44.144 1313.71
200.349 66.6001 3.35179 2.91269 42.6182 1254.58
202.227 66.8332 3.35774 2.91358 89.3033 1191.66
204.275 67.0486 3.34577 2.91349 78.2705 1127.29
206.517 67.2221 3.33564 2.93283 142.634 1060.63
207.821 67.5076 3.33696 2.90282 125.768 1040
212.113 67.5187 3.34963 2.90136 153.115 923.008
214.357 67.5933 3.34732 2.90002 179.739 882.21
215.855 67.6946 3.35392 2.90359 162.499 867.126
220.128 67.6136 3.35059 2.97403 51.6585 817.448
224.214 67.6106 3.34754 2.88973 61.7083 825.865
226.258 67.441 3.38503 2.91519 84.2417 829.875
195.961 64.9941 3.28664 2.75279 48.4787 1394.59
197.645 65.3936 3.31588 2.9176 68.9309 1326.84
199.349 65.5011 3.31202 2.89099 62.4367 1254
201.346 65.895 3.33433 2.89589 91.0168 1182.43
202.913 66.1434 3.35225 2.87746 79.426 1129.09
206.494 66.5156 3.35081 2.95081 117.392 1013.17
208.493 66.9214 3.34034 2.93948 79.7382 973.92
209.976 66.7108 3.34371 2.91774 105.709 911.008
212.525 66.7004 3.35079 2.90519 143.056 837.908
213.899 66.7653 3.35649 2.91245 96.646 810.581
216.215 66.9498 3.36014 2.91633 157.474 784.066
218.345 66.8088 3.37013 2.93468 115.056 741.017
223.778 66.9808 3.36637 3.13951 85.3829 753.396
225.729 66.9227 3.38146 2.93935 78.5326 767.797
197.761 64.6379 3.31019 2.94526 44.9972 1303.32
200.087 64.937 3.31235 2.94696 62.6294 1203.14
201.637 65.1527 3.29671 2.78946 51.9267 1140.59
203.551 65.5276 3.32865 2.89377 72.0873 1073.26
205.119 65.4924 3.34009 2.88468 96.1188 1006.27
207.195 65.6571 3.34837 2.86412 125.096 932.728
208.623 65.8937 3.34704 2.97191 105.634 894.888
210.457 65.8251 3.34221 2.94894 100.976 826.261
212.122 65.8371 3.34533 2.89622 142.792 774.059
214.18 66.267 3.35936 2.95456 48.2092 756.626
214.181 66.267 3.36042 2.94388 62.2716 756.602
218.473 66.2305 3.36616 2.9392 151.331 676.998
221.631 66.2191 3.36732 3.14509 32.1515 659.587
225.657 65.8052 3.36302 2.96123 99.0232 649.291
214.843 62.3987 3.2453 2.8839 181.999 422.295
213.052 64.4091 3.33602 2.95499 186.12 629.494
199.305 63.8864 3.29883 2.86459 65.5231 1215.14
205.522 64.7962 3.30912 2.96144 66.1454 955.423
208.018 65.18 3.33761 2.85338 154.119 871.831
210.64 65.1479 3.35117 2.95226 135.415 770.082
216.846 65.3064 3.35966 2.96622 175.152 604.292
218.385 65.6035 3.37316 2.96483 148.243 610.496
220.064 65.4483 3.35736 2.92016 47.0877 577.684
221.694 65.3609 3.35326 3.21009 54.5441 563.979
223.623 65.2225 3.35447 2.95649 77.1651 559.681
196.446 62.7492 3.28022 2.81257 44.0444 1347.71
200.922 63.3965 3.29914 2.84763 65.0468 1127.6
203.285 63.465 3.28769 2.82692 66.5092 1012.92
204.379 63.994 3.30642 2.95265 75.2277 975.468
205.853 64.1767 3.3017 2.97043 100.855 914.117
214.63 64.613 3.32838 2.91119 105.411 594.101
216.436 64.5012 3.3402 2.931 139.902 533.968
221.784 64.453 3.33156 3.296 56.1565 462.963
223.67 64.5753 3.34815 2.92922 105.924 490.058
195.344 61.9331 3.27728 2.74632 18.9396 1407.83
205.93 63.3569 3.28385 2.87929 66.483 881.728
214.222 63.8036 3.31789 2.98198 204.902 541.795
217.924 64.0292 3.34246 2.94803 202.558 453.474
222.48 63.8433 3.37694 2.94391 49.5814 398.445
203.311 62.2195 3.25289 2.79837 30.8973 991.674
205.146 62.1816 3.23288 2.76646 44.4344 896.212
206.12 62.4787 3.27726 2.81973 33.3477 850.768
216.652 63.0254 3.28787 2.95133 201.931 394.754
218.173 63.0618 3.32114 2.9063 207.652 352.325
221.871 63.109 3.40032 3.16025 69.3861 313.658
193.799 60.3849 3.2213 2.60194 31.1919 1514.32
196.65 60.4135 3.21392 2.55661 57.9866 1359.44
206.868 61.8823 3.35656 3.08163 36.3113 802.965
209.88 61.7531 3.31897 2.93481 94.3027 643.763
212.274 61.7929 3.33879 3.12469 54.1566 521.008
213.825 62.1067 3.14038 2.63519 129.904 454.965
217.004 62.4013 3.28857 2.981 262.081 332.52
218.122 62.3579 3.27353 2.9509 210.103 289.295
221.538 62.4435 3.43923 3.13117 182.812 238.671
223.206 62.5763 3.33334 2.97037 265.992 270.623
225.609 62.2024 3.30411 2.92416 340.298 308.577
198.315 59.9237 3.28952 2.80567 68.2142 1279.23
199.908 60.1686 3.28521 2.81773 70.0349 1186.88
201.231 60.4742 3.28479 2.80909 64.0854 1109.36
202.813 60.5269 3.27488 2.7891 68.7799 1022.37
204.11 60.6801 3.27152 2.80027 73.7199 949.941
205.516 60.8132 3.26217 2.78217 62.8544 872.397
207.791 61.2001 3.26577 2.79599 76.2314 748.725
224.22 61.4862 3.29616 2.90824 394.021 201.06
226.918 61.1512 3.36988 2.99041 265.683 314.253
198.736 59.2533 3.26676 2.71875 37.65 1273.45
200.175 59.1767 3.25419 2.57994 47.1456 1196.29
201.907 59.5938 3.24586 2.5785 53.6745 1089.63
204.792 59.8542 3.2926 2.76158 75.222 924.779
205.68 60.1952 3.16445 2.42719 66.3199 869.954
210.276 60.4814 3.2472 2.73259 108.581 614.308
202.009 59.0314 3.27483 2.70391 55.8988 1099.27
204.771 59.3922 3.26256 2.70203 71.1958 936.504
226.285 59.5898 3.38846 3.05164 151.547 282.961
227.183 60.2114 3.36792 2.98331 189.178 318.868
212.566 65.1171 3.34579 2.95952 139.856 701.181
203.344 58.6774 3.26934 2.68335 91.8521 1036.8
204.113 58.2637 3.25451 2.68696 57.4264 1009.39
204.991 58.6484 3.25265 2.69734 118.058 946.864
206.355 58.9287 3.23288 2.67971 98.5316 862.258
227.731 58.9601 3.41889 3.01345 87.151 385.757
202.426 57.5673 3.26886 2.70179 84.2674 1131.17
224.26 58.4133 3.47073 3.14874 164.487 265.096
225.482 58.2747 3.45253 3.08723 127.729 323.156
229.033 59.3946 3.39677 3.01097 131.29 438.034
197.939 55.703 3.30681 2.66996 48.3187 1470.52
200.447 56.2848 3.32412 2.71348 25.6914 1302.37
223.768 57.9616 3.40371 3.08102 231.389 293.212
225.424 57.4688 3.46047 3.10516 116.814 390.767
228.869 57.9128 3.40257 3.03703 79.5045 502.344
227.048 56.8144 3.48318 3.12774 38.6522 507.664
229.75 56.9811 3.3925 3.02656 78.2141 608.062
212.138 64.8735 3.34666 2.97072 122.48 696.709
210.428 68.6408 3.32558 2.87199 93.2555 1065.97
226.879 56.1146 3.49206 3.04575 80.8812 565.626
229.974 55.9154 3.44725 3.17737 64.699 700.984
228.385 55.3279 3.48581 3.10162 57.462 690.676
227.653 56.4191 3.48958 3.16165 50.7247 565.232
211.063 63.7323 3.30097 3.01704 76.0148 662.483
211.14 63.4057 3.30208 3.03906 62.2504 641.375
217.908 60.4896 3.25118 2.84602 200.121 194.939
217.507 60.403 3.28324 2.80077 153.275 216.529
218.338 61.0595 3.67144 4.83998 50.1609 188.573
216.296 60.3923 3.23137 2.84807 183.58 283.259
216.716 60.1205 3.14828 2.50265 111.113 261.791
215.271 60.5805 3.26517 2.84379 148.281 340.08
216.679 60.2805 3.20816 2.69884 154.369 262.421
218.244 60.7315 3.29695 3.10853 124.186 181.089
217.659 60.602 3.26374 2.95797 193.279 209.887
216.749 60.4427 3.24194 2.80825 145.533 258.373
217.639 60.9231 3.32118 3.14625 102.216 218.492
216.976 61.3836 3.24817 3.01839 61.1368 270.15
218.049 60.1785 3.20793 2.79675 171.257 187.445
216.031 60.2361 3.1839 2.72089 136.921 298.527
217.533 61.187 3.22878 2.97587 49.7567 233.969
216.221 60.072 3.11879 2.41553 210.148 289.776
