# evlo=209.685822 evla=62.314697
207.417 57.7828 3.25622 2.80129 36.9245 520.421
212.138 64.8736 3.37152 2.87864 42.3262 310.083
210.8 64.3306 3.35427 2.76522 65.3536 231.533
213.356 63.1033 3.04377 3.12712 87.6502 207.353
212.856 63.0345 2.99377 3.00502 67.5098 181.144
211.022 63.8345 3.39178 2.92414 77.923 182.353
210.921 64.5797 3.01788 2.87999 70.9216 259.88
210.834 64.0412 3.86366 2.82155 66.2174 200.935
210.879 63.9391 3.34526 2.83053 32.4241 190.8
210.701 64.1702 3.32494 2.75325 58.5412 213.014
211.225 63.6559 4.10469 2.99304 90.3149 168.623
