# evlo=229.393005 evla=60.087002
217.507 60.403 3.3722 2.9958 26.0473 658.378
216.3 60.3932 3.33697 2.96032 25.0276 724.915
216.679 60.2805 3.33961 2.94251 27.3314 704.74
216.749 60.4427 3.35658 3.01876 24.8841 699.929
216.221 60.072 3.2928 2.80329 24.4662 732.022
235.227 58.6614 3.4136 2.9761 67.1002 367.579
234.769 58.8471 3.41966 3.06684 96.0209 334.483
234.233 58.9305 3.4096 3.02625 83.0296 302.743
233.891 59.4223 3.41429 3.00047 57.9975 263.416
233.05 59.6548 3.36469 2.85989 80.1251 210.402
225.753 60.434 3.44805 3.11695 147.846 205.182
237.284 58.3883 3.40467 2.96411 47.3136 488.149
237.286 58.0965 3.39662 2.9377 45.486 503.435
237.012 57.7103 3.40885 2.94769 61.9986 512.363
237.146 57.39 3.38863 2.95573 50.5434 539.695
237.423 57.0779 3.38535 2.95753 49.2433 574.294
209.736 66.2066 3.41954 2.97809 24.7588 1194.98
198.722 65.4015 3.38526 2.88996 35.5806 1655.6
211.164 69.0223 3.20261 2.85426 35.8574 1315.05
211.489 65.5114 3.41937 2.94883 39.8208 1089.47
211.449 65.522 3.41554 2.95875 66.0544 1091.65
194.662 64.5695 3.3948 2.92796 27.2424 1842.12
204.534 64.74 3.39668 2.89682 33.958 1374.31
211.306 69.424 3.333 2.8438 28.6547 1340.24
210.41 68.6274 3.33439 2.85025 20.0077 1311.25
210.457 65.825 3.41653 2.92722 31.0357 1147.27
230.745 53.425 3.40042 2.96731 26.9031 746.401
230.743 53.517 3.39977 3.01262 31.5889 736.202
230.943 53.673 3.38256 3.0434 21.167 720.417
231.542 54.539 3.36434 2.98923 16.2251 631.192
231.6 54.636 3.35732 2.99552 20.5193 621.326
231.677 54.722 3.34409 3.02758 23.596 612.959
231.696 54.801 3.34128 3.00089 23.1616 604.618
231.665 54.851 3.3411 3.00661 18.0911 598.755
231.681 55.018 3.34083 3.03828 16.5395 580.822
231.846 55.084 3.3324 3.03824 21.5294 576.077
232.267 55.179 3.35142 2.95646 31.8884 572.799
232.385 55.267 3.36101 2.94145 33.6524 565.57
232.359 55.411 3.35764 2.9794 44.6929 549.774
232.644 52.2602 3.37196 2.98726 20.7922 894.277
232.744 52.294 3.36991 3.00055 18.431 892.012
232.847 52.3171 3.37765 3.01018 16.9944 890.992
233.165 52.3901 3.36394 3.00736 25.4263 887.993
233.315 52.3748 3.36969 3.00001 22.5158 892.113
233.445 52.404 3.36745 2.98093 21.7967 891.177
234.034 52.3981 3.36652 2.99813 19.927 902.629
234.15 52.4019 3.37045 2.97682 20.4042 904.516
234.223 52.362 3.37229 2.9916 27.9884 910.226
234.367 52.4126 3.18185 2.97825 25.214 907.817
234.492 52.3773 3.37546 2.97158 29.1413 914.171
217.507 60.403 3.3722 2.9958 26.0473 658.378
216.296 60.3923 3.33786 2.9611 25.0276 725.108
216.679 60.2805 3.33961 2.94251 27.3314 704.74
216.749 60.4427 3.35658 3.01876 24.8841 699.929
216.221 60.072 3.2928 2.80329 24.4662 732.022
