# evlo=233.049896 evla=59.6548
235.766 58.6528 3.47089 3.0871 45.8113 191.328
229.393 60.087 3.36469 2.85989 80.1251 210.402
228.256 59.933 3.36039 2.88171 93.4504 270.902
227.254 60.1694 3.40327 2.89004 41.8181 329.168
226.693 60.4834 3.39201 2.92799 54.4396 365.637
225.753 60.434 3.40905 2.94895 65.5708 415.575
237.286 58.0965 3.43557 3.07973 27.6186 299.644
237.012 57.7103 3.40159 2.90718 31.9785 315.702
237.146 57.39 3.40966 3.07714 33.9397 347.162
237.423 57.0779 3.43398 3.00401 35.6491 384.41
