# evlo=210.8405 evla=64.654404
194.627 64.5646 3.37409 2.82117 88.6827 773.987
217.908 60.4896 3.31574 3.03772 225.026 588.797
217.654 61.036 3.30786 2.97325 214.01 531.513
217.507 60.403 3.31512 2.92876 89.1809 584.443
218.338 61.0595 3.30992 2.94333 188.784 552.753
220.363 59.9534 3.28969 2.85488 123.044 718.65
216.3 60.3932 3.35119 2.91139 79.5756 551.452
225.144 58.5792 3.38027 2.93915 53.3669 1012.84
216.716 60.1205 3.28931 2.83652 61.4526 589.135
215.395 60.9677 3.31864 2.93678 88.9155 471.751
208.846 60.7683 3.28179 2.69514 192.268 444.938
207.916 63.4188 3.41368 2.82932 288.962 198.465
204.378 55.8218 3.31301 2.85774 58.1463 1045.91
200.411 54.831 3.39467 2.93909 69.9936 1238.02
207.685 63.8827 3.43629 2.83177 311.018 175.44
208.763 59.5251 3.28788 2.77478 144.043 581.779
209.796 67.2269 3.33375 2.78582 115.533 290.75
216.907 60.7523 3.34127 3.09965 143.16 533.909
218.66 60.9649 3.30285 2.94454 126.602 572.084
209.738 62.4058 3.32254 2.81528 201.622 256.579
217.513 60.0823 3.33047 2.89458 76.9508 614.889
212.624 63.0753 3.35091 2.75269 214.423 196.648
214.225 61.1292 3.36664 2.99276 75.9554 428.829
215.93 63.6482 3.40981 2.7647 117.049 271.819
215.271 60.5805 3.28138 2.89427 77.8129 507.549
216.679 60.2805 3.31901 2.94974 86.7274 572.527
218.244 60.7315 3.31503 2.97388 165.404 577.966
217.659 60.6024 3.31298 3.05447 175.54 570.67
216.749 60.4427 3.32151 2.98206 164.669 558.751
217.639 60.9231 3.30669 2.99426 224.607 541.053
217.277 60.2474 3.33464 2.86017 21.3668 592.36
218.995 60.824 3.30616 2.95813 130.279 595.857
216.976 61.3836 3.3059 2.94775 224.916 478.584
218.049 60.1785 3.31266 2.96685 160.719 621.827
216.031 60.2361 3.34477 2.8547 123.356 560.212
217.533 61.1871 3.30396 2.9525 204.663 514.234
218.652 60.2994 3.30843 2.98696 108.424 629.91
219.217 60.1294 3.30305 2.96315 216.174 663.803
216.221 60.072 3.34057 2.77151 65.8601 581.282
218.856 60.4399 3.30632 2.98503 157.668 624.173
216.546 61.2275 3.3072 3.01627 275.802 478.998
198.929 70.2043 3.20742 2.66154 81.5549 799.439
203.383 71.3221 3.4825 2.80206 88.5146 805.105
234.753 71.9871 3.29415 2.80456 42.368 1266.11
198.198 69.3641 3.20773 2.63637 128.515 758.729
202.84 70.0079 3.2452 2.63533 77.4333 687.916
205.387 69.6211 3.28292 2.71067 64.0305 601.739
194.656 68.2746 3.33096 2.82208 110.304 823.195
196.822 68.4753 3.29425 2.87565 56.0917 751.566
198.806 68.6483 3.26957 2.76959 115.275 692.133
200.413 69.1049 3.23586 2.72398 106.124 673.024
205.217 69.1565 3.2835 2.75315 95.1456 558.691
209.387 69.836 3.23224 2.69444 124.377 581.23
211.299 69.72 3.26547 2.73145 139.088 565.28
215.088 69.9175 3.28083 2.78971 110.373 614.502
216.289 69.626 3.30802 2.80076 105.773 602.144
235.93 69.3475 3.42656 2.90134 157.46 1201.52
196.917 67.6988 3.3619 2.85476 78.9334 711.526
201.885 68.4946 3.27076 2.78939 119.452 583.171
203.387 68.7132 3.28084 2.788 76.1694 558.956
207.318 68.8799 3.29615 2.7281 60.0801 495.899
209.319 68.9656 3.26358 2.78413 122.543 485.369
211.177 69.1532 3.27446 2.76299 145.581 501.92
213.625 69.322 3.28906 2.77376 165.449 534.394
219.035 69.243 3.33286 2.80545 75.0574 623.523
221.263 69.3286 3.3555 2.78952 61.309 689.973
198.174 67.082 3.41242 2.89903 81.5867 636.818
199.397 67.4213 3.37449 2.8927 79.3106 602.294
202.768 67.4572 3.3267 2.84067 116.965 480.421
203.811 68.2575 3.28806 2.83409 76.4545 508.957
206.028 68.4414 3.31746 2.82157 82.2004 473.029
208.187 68.1343 3.33303 2.73088 88.3885 405.689
210.384 68.0584 3.30387 2.85535 187.539 380.136
211.513 68.0748 3.31427 2.81465 172.087 382.597
214.432 68.1207 3.35154 2.85114 134.812 418.404
218.405 68.1861 3.3855 2.83342 106.661 518.137
220.465 68.6043 3.38739 2.84607 68.7347 611.625
222.103 68.3889 3.39217 2.83233 78.4981 649.74
223.281 66.3701 3.4062 2.8791 155.946 605.371
193.671 65.4742 3.38172 2.86012 95.5187 810.603
195.352 65.7077 3.37711 2.86913 115.438 733.234
198.75 66.442 3.42911 2.85696 25.3216 592.02
200.349 66.6001 3.42372 2.86031 54.8567 528.94
202.227 66.8332 3.39683 2.8927 116.045 463.151
218.842 64.7774 3.44035 2.93018 113.344 381.467
218.547 60.1369 3.75675 3.66022 77.3128 641.227
217.908 60.4896 3.31574 3.03772 225.026 588.797
217.507 60.403 3.31512 2.92876 89.1809 584.443
218.338 61.0595 3.30994 2.94335 188.784 552.757
216.296 60.3923 3.35119 2.91139 79.5756 551.451
216.716 60.1205 3.28931 2.83652 61.4526 589.135
215.271 60.5805 3.28138 2.89427 77.8129 507.549
216.679 60.2805 3.31901 2.94974 86.7274 572.527
218.244 60.7315 3.31503 2.97388 165.404 577.966
217.659 60.602 3.3131 3.05458 175.54 570.691
216.749 60.4427 3.32151 2.98206 164.669 558.751
217.639 60.9231 3.30665 2.99423 224.607 541.047
217.277 60.2474 3.33464 2.86017 21.3668 592.36
218.995 60.8241 3.30612 2.95809 130.279 595.849
216.976 61.3836 3.3059 2.94775 224.916 478.584
218.049 60.1785 3.31266 2.96685 160.719 621.827
216.031 60.2361 3.34477 2.8547 123.356 560.212
217.533 61.187 3.30405 2.95259 204.663 514.249
218.652 60.2994 3.30843 2.98696 108.424 629.91
219.217 60.1294 3.30305 2.96315 216.174 663.803
216.221 60.072 3.34057 2.77151 65.8601 581.282
218.856 60.4399 3.30632 2.98503 157.668 624.173
216.546 61.2275 3.3072 3.01627 275.802 478.998
