# evlo=209.918304 evla=61.863602
221.171 59.4924 3.32996 2.89152 22.2718 668.249
217.908 60.4896 3.32517 3.05454 201.837 456.018
217.507 60.403 3.29334 3.00332 156.717 439.756
218.338 61.0595 3.39495 3.23664 86.2785 457.442
216.3 60.3932 3.22504 2.87186 145.537 380.705
216.716 60.1205 3.17042 2.61041 160.881 415.737
215.271 60.5805 3.23573 2.84189 146.017 321.037
216.679 60.2805 3.21852 2.83869 127.223 405.112
218.244 60.7315 3.39024 3.27256 109.997 463.394
217.659 60.6024 3.32854 3.08633 204.799 438.572
226.475 68.3065 3.38 2.92292 206.248 1053.19
212.138 64.8736 3.37781 3.01114 177.146 353.371
218.842 64.7774 3.40734 3.07487 226.492 551.921
218.594 60.1556 3.29165 2.93426 46.6271 505.917
218.628 60.118 3.28767 2.93542 47.4823 509.462
218.674 60.1912 3.29903 2.97337 42.2374 508.232
218.614 60.172 3.29619 2.94524 64.2374 506.129
218.547 60.1369 3.84603 4.46496 152.18 504.477
218.545 60.2663 3.30917 3.01106 76.6529 498.21
212.952 61.1216 2.55386 2.92881 34.9478 181.495
217.908 60.4896 3.32517 3.05454 201.837 456.018
217.507 60.403 3.29334 3.00332 156.717 439.756
218.338 61.0595 3.39499 3.23668 86.2785 457.448
216.296 60.3923 3.22404 2.87097 145.537 380.588
216.716 60.1205 3.17042 2.61041 160.881 415.737
215.271 60.5805 3.23573 2.84189 146.017 321.037
216.679 60.2805 3.21852 2.83869 127.223 405.112
218.244 60.7315 3.39024 3.27256 109.997 463.394
217.659 60.602 3.32848 3.08627 204.799 438.564
210.653 60.3755 3.32322 3.02609 157.233 170.484
210.644 60.2564 3.32074 3.05088 143.507 183.327
210.59 60.0084 3.33162 3.00009 178.196 209.906
210.23 59.8351 3.29817 2.95189 76.1531 226.664
211.909 60.5183 3.3551 2.90696 142.463 184.186
212.047 60.7098 3.2813 2.98124 165.05 171.894
