# evlo=210.454605 evla=61.342701
217.908 60.4896 3.26033 2.90019 172.489 415.146
217.507 60.403 3.21492 2.81215 162.525 396.935
218.338 61.0595 3.3534 3.09697 44.4353 424.753
216.3 60.3932 3.20827 2.6835 74.4712 334.594
216.716 60.1205 3.13577 2.38512 102.624 367.596
215.271 60.5805 3.202 2.86887 97.5294 274.306
216.679 60.2805 3.18401 2.61621 99.1118 358.69
218.244 60.7315 3.33952 3.08797 90.8729 426.191
217.659 60.6024 3.27341 2.93746 212.764 398.573
216.749 60.4427 3.20685 2.79609 100.507 355.971
217.639 60.9231 3.37523 3.11395 96.824 389.742
217.277 60.2474 3.18442 2.67202 87.9921 390.814
218.995 60.824 3.33913 3.09639 64.4674 464.167
216.976 61.3836 3.32 3.02614 40.6466 348.705
226.475 68.3065 3.37691 2.94529 86.8046 1080.74
207.417 57.7828 3.31497 3.05835 90.7316 432.073
212.138 64.8736 3.38489 3.02615 87.4394 402.604
218.842 64.7774 3.41163 3.10689 133.622 570.545
218.547 60.1369 3.91749 4.73582 92.4392 461.08
210.176 67.8516 3.33923 2.88306 42.699 725.77
209.736 66.2066 3.34752 2.80598 56.7053 543.342
211.301 69.7162 3.30564 2.81302 41.9898 934.437
209.329 66.7192 3.34015 2.87816 50.4532 601.852
198.722 65.4015 3.30692 2.81606 20.4311 739.158
211.164 69.0223 3.31733 2.84952 47.0897 856.862
211.489 65.5114 3.36588 2.96846 49.1033 467.52
217.908 60.4896 3.26033 2.90019 172.489 415.146
217.507 60.403 3.21492 2.81215 162.525 396.935
218.338 61.0595 3.35345 3.09701 44.4353 424.759
216.296 60.3923 3.20694 2.68239 74.4712 334.455
216.716 60.1205 3.13577 2.38512 102.624 367.596
215.271 60.5805 3.202 2.86887 97.5294 274.306
216.679 60.2805 3.18401 2.61621 99.1118 358.69
218.244 60.7315 3.33952 3.08797 90.8729 426.191
217.659 60.602 3.27329 2.93735 212.764 398.559
216.749 60.4427 3.20685 2.79609 100.507 355.971
217.639 60.9231 3.37513 3.11386 96.824 389.731
217.277 60.2474 3.18442 2.67202 87.9921 390.814
218.995 60.8241 3.33911 3.09638 64.4674 464.165
216.976 61.3836 3.32 3.02614 40.6466 348.705
210.23 59.8351 3.35421 3.05678 77.1486 168.429
