# evlo=209.809998 evla=60.460098
217.908 60.4896 3.22131 2.70531 146.459 445.136
217.507 60.403 3.19323 2.61208 96.7602 423.688
218.338 61.0595 3.21942 2.56396 61.5088 469.325
216.3 60.3932 3.20511 2.61397 116.601 357.38
216.716 60.1205 3.13604 2.31717 92.37 383.658
215.271 60.5805 3.21824 2.6731 61.2761 300.129
216.679 60.2805 3.18275 2.54118 129.821 379.354
218.244 60.7315 3.29424 2.94516 116.176 462.808
217.659 60.6024 3.23677 2.74737 151.214 430.99
216.749 60.4427 3.21188 2.6515 172.733 381.737
217.639 60.9231 3.33396 3.05025 120.571 430.572
217.277 60.2474 3.18753 2.58892 104.38 412.639
218.995 60.824 3.30524 3.03679 65.6729 503.787
216.976 61.3836 3.28752 2.97858 62.3559 401.847
218.049 60.1785 3.17733 2.50086 63.4841 456.106
216.031 60.2361 3.18408 2.42702 128.949 344.244
217.533 61.1871 3.21555 2.50541 63.7535 427.647
218.652 60.2994 3.21568 2.65903 183.856 487.691
219.217 60.1294 3.18651 2.63475 45.23 521.101
216.221 60.072 3.17821 2.30506 60.7194 357.337
218.856 60.4399 3.26061 2.7645 40.4809 497.493
226.475 68.3065 3.3748 2.9695 56.6729 1180.71
207.417 57.7828 3.28027 3.01491 143.07 328.187
212.138 64.8736 3.36441 3.03922 107.733 506.091
218.842 64.7774 3.39375 3.09404 148.786 667.01
209.768 62.6893 3.25786 2.89389 86.385 248.423
218.547 60.1369 3.86545 4.31993 59.7307 484.107
210.176 67.8516 3.32964 2.88737 36.9262 824.185
209.736 66.2066 3.32694 2.88875 46.8353 640.552
211.301 69.7162 3.30213 2.87312 35.0476 1034.29
209.329 66.7192 3.32524 2.88162 39.7884 698.107
198.722 65.4015 3.30034 2.837 19.5513 785.671
211.164 69.0223 3.3119 2.85585 34.4625 956.695
211.489 65.5114 3.3368 2.9453 38.3987 569.367
211.554 70.2036 3.30141 2.84889 27.4585 1089.28
211.306 69.424 3.30897 2.87142 42.0103 1001.81
210.41 68.6274 3.31976 2.89095 34.1881 910.972
217.908 60.4896 3.22131 2.70531 146.459 445.136
217.507 60.403 3.19323 2.61208 96.7602 423.688
218.338 61.0595 3.21946 2.56399 61.5088 469.331
216.296 60.3923 3.2035 2.61265 116.601 357.2
216.716 60.1205 3.13604 2.31717 92.37 383.658
215.271 60.5805 3.21824 2.6731 61.2761 300.129
216.679 60.2805 3.18275 2.54118 129.821 379.354
218.244 60.7315 3.29424 2.94516 116.176 462.808
217.659 60.602 3.23658 2.74721 151.214 430.964
216.749 60.4427 3.21188 2.6515 172.733 381.737
217.639 60.9231 3.33387 3.05018 120.571 430.561
217.277 60.2474 3.18753 2.58892 104.38 412.639
218.995 60.8241 3.30524 3.0368 65.6729 503.787
216.976 61.3836 3.28752 2.97858 62.3559 401.847
218.049 60.1785 3.17733 2.50086 63.4841 456.106
216.031 60.2361 3.18408 2.42702 128.949 344.244
217.533 61.187 3.21562 2.50547 63.7535 427.656
218.652 60.2994 3.21568 2.65903 183.856 487.691
219.217 60.1294 3.18651 2.63475 45.23 521.101
216.221 60.072 3.17821 2.30506 60.7194 357.337
218.856 60.4399 3.26061 2.7645 40.4809 497.493
209.768 62.6892 3.25779 2.89383 86.385 248.418
209.947 62.0056 3.26817 2.94452 154.604 172.376
