# evlo=220.363098 evla=59.9534
217.908 60.4896 3.07451 2.69365 241.382 148.577
217.654 61.036 3.20969 3.00279 338.472 191.615
217.507 60.403 3.01381 2.46475 197.126 166.229
218.338 61.0595 3.17046 3.03969 256.635 166.033
216.3 60.3932 2.95267 2.4982 173.103 230.777
225.144 58.5792 3.36002 3.13441 105.936 312.595
216.716 60.1205 2.75745 2.06991 261.998 204.111
215.395 60.9677 3.18025 2.94733 143.084 295.709
209.013 64.0997 3.24234 3.02454 176.355 750.955
209.259 59.7417 2.98035 2.7105 85.9237 622.194
210.701 64.1732 3.24906 3.07073 82.4891 688.916
207.916 63.4188 3.25403 3.04562 84.544 761.906
212.195 64.6453 3.20216 2.98086 211.114 672.024
207.685 63.8827 3.24534 3.00048 104.757 795.006
208.763 59.5251 3.14229 2.74871 109.919 653.288
209.796 67.2269 3.22225 2.95265 178.796 962.854
216.907 60.7523 3.11771 2.91829 195.439 210.481
218.66 60.9649 3.18355 3.12791 151.952 146.567
209.738 62.4058 3.28584 3.09856 114.901 632.637
217.513 60.0823 2.83802 2.08324 302.743 159.596
212.624 63.0753 3.25699 3.02618 158.793 538.577
214.225 61.1292 3.20136 3.04107 135.216 361.296
215.93 63.6482 3.21498 2.99815 239.265 473.245
214.25 60.5487 2.9495 2.60696 185.41 344.825
214.766 66.5657 3.25516 2.94249 209.7 788.083
188.296 63.7758 3.20399 2.7971 38.5014 1720.48
203.121 64.7461 3.23853 2.9893 74.1665 1035.7
211.074 61.771 3.25259 3.14704 76.8142 543.298
216.188 61.4417 3.22293 3.08387 199.652 281.897
215.271 60.5805 3.00914 2.66579 153.29 290.307
216.679 60.2805 2.8952 2.30082 213.563 208.034
218.244 60.7315 3.12884 2.8932 206.603 145.616
213.052 64.4091 3.19897 2.98588 241.825 624.981
215.738 60.3351 2.91689 2.29271 205.663 260.411
217.659 60.6024 3.08636 2.86997 218.243 166.142
225.615 58.2758 3.34865 3.1526 176.194 354.027
216.749 60.4427 2.99575 2.60575 161.722 207.711
217.639 60.9231 3.20192 2.99831 309.162 184.806
214.077 61.4924 3.2327 3.13947 160.26 383.323
211.542 61.4131 3.18847 3.05161 74.9814 508.285
197.4 66.8951 3.22385 2.91438 48.7638 1370.69
209.077 63.5527 3.24412 3.01604 111.341 716.996
217.277 60.2474 2.89588 2.27288 221.321 174.784
216.976 61.3836 3.23396 3.04352 314.516 244.25
211.063 63.7318 3.25839 3.05045 77.1963 644.855
211.768 64.9602 3.21143 2.97159 218.977 711.6
218.049 60.1785 2.87197 2.15766 306.981 131.253
209.256 65.0304 3.14873 2.76358 64.4805 802.905
210.931 64.5928 3.15957 2.78974 82.7671 710.838
216.031 60.2361 2.88344 2.35713 165.549 243.054
214.53 62.9699 3.21866 3.16319 121.641 457.618
214.475 65.5174 3.25395 2.97087 212.998 688.672
207.811 62.8962 3.26915 3.05094 81.9738 744.371
217.533 61.1871 3.19887 3.0486 232.486 207.293
197.092 68.0541 3.19613 2.91584 59.1052 1438.11
215.154 63.7399 3.19462 3.0201 274.212 502.959
211.14 63.4056 3.24179 3.04956 129.25 620.707
211.668 61.807 3.25502 3.15072 118.903 514.894
212.671 61.832 3.26748 3.13544 112.535 466.737
216.01 63.9761 3.22504 2.98821 290.021 502.864
214.792 60.5341 2.96367 2.61775 185.907 315.196
208.468 61.98 3.17153 2.74059 54.8654 681.525
209.777 60.5117 3.0868 2.90235 96.9559 589.199
189.752 57.1766 3.16454 2.84132 41.0201 1791.33
209.253 61.4636 3.18661 2.99093 70.8401 628.655
217.161 60.1791 2.87467 2.19728 415.87 180.055
216.221 60.072 2.66457 1.93847 328.968 231.38
210.547 60.1043 2.98948 2.69901 100.283 546.994
217.171 60.7541 3.12732 2.89242 241.498 197.491
192.073 65.5598 3.23638 2.94452 52.0913 1557.55
209.711 63.4502 3.24722 3.04136 130.199 683.877
216.546 61.2275 3.21184 3.08042 178.674 252.771
211.449 62.8295 3.2586 3.09745 143.105 573.38
211.415 62.9628 3.24611 3.11841 72.237 582.444
211.462 62.6812 3.26511 3.09932 64.8923 564.712
212.058 62.8349 3.24164 3.0981 76.4615 547.113
211.771 63.0624 3.24051 3.06365 79.2247 573.064
212.26 62.5808 3.24329 3.12542 128.77 523.568
211.152 62.8331 3.26734 3.0987 95.4397 586.741
217.147 60.448 3.02515 2.54209 169.902 186.661
211.908 64.4716 3.17247 2.8142 92.8304 667.564
212.138 64.8736 3.21173 2.96866 226.015 692.708
194.656 68.2746 3.19565 2.92131 28.9498 1539.8
196.822 68.4753 3.15494 2.8065 19.3637 1470.06
198.806 68.6483 3.17217 2.88336 76.0608 1410.32
200.413 69.1049 3.15717 2.85033 92.3774 1386.7
205.217 69.1565 3.18303 2.83805 81.1489 1249.67
209.387 69.836 3.28129 2.80252 97.1239 1213.95
211.299 69.72 3.19437 2.8515 99.6654 1167.83
215.088 69.9175 3.21279 2.94811 76.7067 1137.53
216.289 69.626 3.21748 2.93636 79.4585 1095.04
235.93 69.3475 3.27249 2.98091 90.4572 1276.61
196.917 67.6988 3.1952 2.87114 18.4982 1426.91
201.885 68.4946 3.18303 2.90659 85.9938 1298.02
203.387 68.7132 3.18899 2.92218 72.9529 1266.88
207.318 68.8799 3.19796 2.90109 84.7977 1171.77
209.319 68.9656 3.18944 2.86178 107.717 1132.68
211.177 69.1532 3.2073 2.86573 109.935 1113.44
213.625 69.322 3.2068 2.89374 107.292 1091.46
219.035 69.243 3.24171 2.97114 67.7409 1037.54
198.174 67.082 3.22796 2.95248 24.8454 1348.52
199.397 67.4213 3.20814 2.91845 21.6543 1318.83
202.768 67.4572 3.20021 2.92047 55.4556 1198.93
203.811 68.2575 3.19153 2.92606 97.8795 1220.12
206.028 68.4414 3.20878 2.93195 53.7498 1168.82
208.187 68.1343 3.215 2.93822 142.167 1084.57
210.384 68.0584 3.22697 2.93531 146.651 1024.1
211.513 68.0748 3.22702 2.91786 125.993 1001.2
214.432 68.1207 3.21753 2.88741 112.026 954.433
218.405 68.1861 3.24188 2.98374 97.0721 922.604
220.465 68.6043 3.3795 2.97141 78.6058 964.418
222.103 68.3889 3.22929 2.93039 66.4592 944.084
223.281 66.3701 3.21648 2.956 137.26 729.986
193.671 65.4742 3.23843 2.95652 40.0881 1483.18
195.352 65.7077 3.22674 2.95181 53.8 1413.9
198.75 66.442 3.23693 2.94271 45.017 1295.83
200.349 66.6001 3.1732 2.81059 27.5227 1239.12
202.227 66.8332 3.21574 2.95136 29.2602 1179.74
204.275 67.0486 3.20365 2.92485 69.6345 1119.56
206.517 67.2221 3.20601 2.95197 166.01 1057.8
207.821 67.5076 3.21637 2.96522 114.583 1041.34
212.113 67.5187 3.23576 2.9134 140.934 934.772
214.357 67.5933 3.24063 2.92574 90.824 900.7
215.855 67.6946 3.2362 2.95657 89.9409 890.461
220.128 67.6136 3.24196 2.96921 86.1252 853.982
224.214 67.6106 3.22794 2.96601 52.974 874.019
226.258 67.441 3.22859 2.93856 114.597 883.171
195.961 64.9941 3.23706 2.95941 43.9009 1367.09
197.645 65.3936 3.22817 2.95299 47.0812 1302.38
199.349 65.5011 3.22441 2.9456 55.0179 1231.36
201.346 65.895 3.23496 2.94999 54.1531 1163.97
202.913 66.1434 3.2279 2.98784 32.9736 1114.01
206.494 66.5156 3.20832 2.92699 132.917 1006.15
208.493 66.9214 3.21796 2.95839 105.311 973.492
209.976 66.7108 3.22213 2.95167 148.038 912.944
212.525 66.7004 3.23984 2.9416 162.156 846.97
213.899 66.7653 3.24292 2.9172 151.83 824.334
216.215 66.9498 3.24068 2.95144 108.627 806.422
218.345 66.8088 3.24473 2.99999 86.386 770.683
221.978 66.9116 3.23236 2.95658 78.0475 779.724
223.778 66.9808 3.2305 2.96181 118.22 801.327
225.729 66.9227 3.22479 2.94217 104.424 820.999
197.761 64.6379 3.23589 2.96397 47.7867 1274.78
200.087 64.937 3.23096 2.96118 58.1908 1177.8
201.637 65.1527 3.23183 2.96256 41.9096 1117.92
203.551 65.5276 3.23509 2.95418 52.0587 1055.17
205.119 65.4924 3.23139 2.98108 54.5871 990.214
207.195 65.6571 3.17694 2.81632 49.4588 921.498
208.623 65.8937 3.20342 2.92548 126.425 888.37
210.457 65.8251 3.21577 2.96324 152.779 823.979
212.122 65.8371 3.22774 2.98985 212.201 776.883
214.18 66.267 3.2478 2.93229 60.8896 768.98
214.181 66.267 3.24705 2.93068 90.0244 768.959
218.473 66.2305 3.24757 2.99084 110.076 706.059
221.631 66.2191 3.23817 2.98106 84.3392 701.285
225.657 65.8052 3.21746 2.95347 108.384 705.091
214.843 62.3987 3.19306 2.9828 145.711 402.823
213.052 64.4091 3.19897 2.98588 241.825 624.981
205.522 64.7962 3.23732 2.98585 61.9018 935.148
208.018 65.18 3.13938 2.77215 82.164 858.908
210.64 65.1479 3.19777 2.93093 191.167 763.479
216.846 65.3064 3.27262 2.97365 143.501 623.081
218.385 65.6035 3.25075 2.99873 116.452 637.715
220.064 65.4483 3.2361 2.97393 90.904 612.631
221.694 65.3609 3.45715 2.99403 142.503 606.51
223.623 65.2225 3.21857 2.97818 107.297 610.492
196.446 62.7492 3.22516 2.92096 17.6557 1308.82
203.285 63.465 3.25369 2.99106 32.7307 980.662
204.379 63.994 3.23891 2.99982 51.0121 947.93
205.853 64.1767 3.24165 2.99208 90.9026 889.758
214.63 64.613 3.22883 3.00841 174.717 598.005
216.201 64.5654 3.24507 2.94226 37.1246 557.351
216.436 64.5012 3.24506 2.95916 227.007 546.193
221.784 64.453 3.23228 2.98859 114.805 506.867
221.784 64.4525 3.22904 2.99305 84.0561 506.807
223.67 64.5753 3.20287 2.96765 141.799 542.807
195.344 61.9331 3.21537 2.93636 26.2204 1365.07
205.93 63.3569 3.2557 3.04098 102.911 851.143
214.222 63.8036 3.18969 3.00753 153.967 536.621
217.924 64.0292 3.26248 2.95149 226.038 471.786
222.48 63.8433 3.21104 2.95766 132.436 447.499
197.317 61.3416 3.17796 2.78787 30.4048 1263.46
198.513 61.678 3.18793 2.84949 30.2897 1198.62
200.525 61.7105 3.20044 2.96241 40.78 1092.17
201.703 62.1344 3.18234 2.79601 28.4702 1033.18
203.311 62.2195 3.22041 2.98306 45.1227 950.998
205.146 62.1816 3.18783 2.77239 80.3451 856.014
216.652 63.0254 3.19377 3.01452 285.555 395.17
218.173 63.0618 3.24472 2.96937 298.008 365.447
221.871 63.109 3.21516 2.9838 154.301 360.662
196.65 60.4135 3.11249 2.50162 21.9855 1309.74
198.04 60.7515 3.01909 2.49744 17.3077 1229.57
199.312 60.6947 2.99142 2.38896 18.3988 1161.08
204.176 61.4907 3.17042 2.86488 18.3885 897.477
205.609 61.9037 3.21771 3.01255 59.3141 827.083
206.868 61.8823 3.21614 3.00856 58.1687 761.364
209.88 61.7531 3.15899 2.7024 70.2714 603.303
212.274 61.7929 3.24999 3.13129 94.3796 484.453
213.825 62.1067 3.25077 3.03443 125.312 426.871
217.004 62.4013 3.1686 3.1408 176.923 327.134
218.122 62.3579 3.20549 3.02255 344.428 293.813
221.538 62.4435 3.20581 2.99372 213.602 284.561
223.206 62.5763 3.19169 2.96832 217.321 329.629
225.609 62.2024 3.20778 2.98632 299.154 377.934
198.315 59.9237 3.12405 2.68347 15.3856 1226.87
199.908 60.1686 3.1604 2.90529 25.4857 1134.99
201.231 60.4742 3.08404 2.42563 37.0848 1058.51
205.516 60.8132 3.13046 2.89922 47.169 822.639
207.791 61.2001 3.15533 2.95106 48.3433 701.961
215.402 61.6061 3.24588 3.13239 191.997 326.934
222.911 61.4593 3.16398 2.94665 313.5 217.958
224.22 61.4862 3.20105 2.99611 351.192 271.031
226.918 61.1512 3.26942 3.06932 229.212 383.421
198.736 59.2533 3.11674 2.68247 19.6522 1218.22
200.175 59.1767 3.0978 2.63784 30.0495 1140.03
201.907 59.5938 3.11905 2.7955 49.5675 1034.3
202.905 59.7733 3.0989 2.70211 61.1748 975.523
204.792 59.8542 3.04494 2.5113 52.6011 869.448
205.68 60.1952 3.07912 2.74199 65.4828 816.241
223.909 60.7704 3.24189 3.10133 295.995 215.815
202.009 59.0314 3.10311 2.66787 34.0541 1041.45
203.561 59.1953 3.08015 2.63316 43.535 950.755
204.771 59.3922 3.08044 2.7432 65.3687 878.797
206.768 59.6524 3.03481 2.72883 61.104 762.5
212.597 59.9979 2.85309 2.38795 85.517 433.452
223.04 60.1218 3.27289 3.0349 217.312 150.377
226.285 59.5898 3.28965 3.0689 126.91 335.075
227.183 60.2114 3.29111 3.0026 150.308 380.497
212.566 65.1171 3.22239 2.98557 196.108 700.555
204.991 58.6484 3.14724 2.75367 31.1546 885.661
227.731 58.9601 3.2872 3.03374 106.204 431.994
224.26 58.4133 3.36973 3.03144 76.776 281.122
225.482 58.2747 3.34789 3.18693 72.9825 347.641
229.033 59.3946 3.30236 3.05396 105.033 492.103
223.768 57.9616 3.34293 3.03967 70.3275 295.933
225.424 57.4688 3.37475 2.97962 56.4325 403.054
228.869 57.9128 3.3245 3.06126 87.6582 539.473
227.048 56.8144 3.39804 3.05795 38.1642 524.105
229.75 56.9811 3.33264 3.09021 76.1124 639.261
212.138 64.8735 3.21168 2.96744 209.282 692.706
210.428 68.6408 3.21119 2.89895 164.263 1078.26
226.879 56.1146 3.39548 3.01698 54.6403 574.792
229.974 55.9154 3.3565 3.03062 35.462 724.394
218.842 64.7774 3.25987 2.99827 94.6386 543.336
227.653 56.4191 3.40312 3.01588 54.3404 581.538
211.063 63.7323 3.25845 3.05051 77.1963 644.866
211.14 63.4057 3.2418 3.04956 129.25 620.708
210.84 64.6544 3.20187 3.04686 70.9814 718.65
210.867 64.709 3.20285 3.05479 115.2 721.83
210.853 64.7716 3.20343 3.03996 76.3634 727.071
210.847 64.8338 3.20205 3.02526 55.0537 732.055
210.44 64.87 3.20126 3.03731 48.9721 748.927
210.174 64.8537 3.15171 2.77663 64.1538 757.092
210.069 64.7653 3.21889 3.05231 55.7796 754.399
210.917 64.5498 3.15251 2.77746 70.4572 708.109
210.782 64.5716 3.21284 3.03386 53.3776 714.544
210.554 64.5756 3.12687 2.75096 47.8259 723.045
210.901 64.613 3.15899 2.78543 69.9072 713.409
217.908 60.4896 3.07451 2.69365 241.382 148.577
217.507 60.403 3.01381 2.46475 197.126 166.229
218.338 61.0595 3.17038 3.03962 256.635 166.029
216.296 60.3923 2.9548 2.5 173.103 230.943
216.716 60.1205 2.75745 2.06991 261.998 204.111
215.271 60.5805 3.00914 2.66579 153.29 290.307
216.679 60.2805 2.8952 2.30082 213.563 208.034
218.244 60.7315 3.12884 2.8932 206.603 145.616
217.659 60.602 3.08647 2.87007 218.243 166.148
216.749 60.4427 2.99575 2.60575 161.722 207.711
217.639 60.9231 3.20207 2.99845 309.162 184.815
217.277 60.2474 2.89588 2.27288 221.321 174.784
216.976 61.3836 3.23396 3.04352 314.516 244.25
218.049 60.1785 2.87197 2.15766 306.981 131.253
216.031 60.2361 2.88344 2.35713 165.549 243.054
217.533 61.187 3.19864 3.04837 232.486 207.278
216.221 60.072 2.66457 1.93847 328.968 231.38
216.546 61.2275 3.21184 3.08042 178.674 252.771
212.567 65.1173 3.22699 2.98229 27.2483 700.563
212.57 65.1176 3.22747 2.97934 26.5563 700.507
