# evlo=209.737503 evla=62.4058
194.627 64.5646 3.18979 2.83112 193.14 788.265
217.908 60.4896 3.29073 3.15571 183.424 484.911
217.654 61.036 3.34202 3.19606 165.389 445.206
217.507 60.403 3.26991 3.06952 162.452 470.808
218.338 61.0595 3.3555 2.98949 184.739 478.276
220.363 59.9534 3.28584 3.09856 114.901 632.637
216.3 60.3932 3.22712 2.9553 134.953 415.896
216.716 60.1205 3.11171 2.81411 119.672 452.472
215.395 60.9677 3.31056 3.15547 314.163 339.5
209.013 64.0997 3.22381 2.81979 269.354 192.287
210.701 64.1732 3.2038 2.89547 300.499 202.842
207.916 63.4188 3.19421 2.79566 317.144 146.012
212.195 64.6453 3.21999 2.78586 225.65 277.924
207.685 63.8827 3.20371 2.79446 180.658 194.434
208.763 59.5251 2.96135 2.29386 174.103 325.296
209.796 67.2269 3.19487 2.88841 133.618 537.509
216.907 60.7523 3.30838 3.18182 247.693 422.788
218.66 60.9649 3.35489 2.96429 128.126 498.397
217.513 60.0823 3.18917 2.84933 171.419 490.766
212.624 63.0753 3.30755 3.04789 358.185 165.342
214.225 61.1292 3.32163 3.11848 306.314 276.275
215.93 63.6482 3.29319 3.00235 256.073 342.557
214.25 60.5487 3.20022 2.96032 369.338 317.148
196.582 54.8564 3.17841 2.71827 82.4475 1132.05
213.401 60.7277 3.238 3.03025 276.951 269.884
209.784 61.1426 3.1619 2.85203 189.866 140.794
214.766 66.5657 3.24145 2.8334 147.408 522.62
188.296 63.7758 3.16488 2.74523 202.483 1088.51
203.121 64.7461 3.19628 2.84836 261.84 419.264
216.188 61.4417 3.35563 3.1166 212.299 355.274
212.904 60.8792 3.24676 3.0559 362.985 238.948
215.271 60.5805 3.22202 2.95473 188.595 357.927
216.679 60.2805 3.2088 2.90603 136.222 440.248
218.244 60.7315 3.33411 3.18914 129.432 488.555
213.052 64.4091 3.26781 2.91753 319.17 277.931
213.497 60.396 3.22348 2.98403 210.246 300.719
215.738 60.3351 3.11621 2.89405 89.8217 394.974
208.348 59.6572 3.00237 2.36616 188.304 315.325
217.659 60.6024 3.30903 3.17508 177.777 466.84
215.581 59.9268 3.03776 2.64728 109.633 418.337
217.639 60.9231 3.33008 3.18665 174.52 449.666
214.077 61.4924 3.31775 3.20375 352.651 249.424
211.542 61.4131 3.25752 3.05169 183.607 145.686
197.4 66.8951 3.18334 2.78523 78.4036 771.042
209.077 63.5527 3.15945 2.94648 298.585 132.152
217.277 60.2474 3.2106 2.98356 130.555 469.522
218.995 60.824 3.34939 3.11919 129.843 521.315
216.976 61.3836 3.31555 2.83783 164.204 397.032
211.063 63.7318 3.24703 2.8351 217.617 162.266
211.768 64.9602 3.21378 2.93368 224.282 301.916
218.049 60.1785 3.23862 3.03306 239.359 509.531
209.256 65.0304 3.20855 2.87196 195.253 293.537
210.931 64.5928 3.19932 2.89183 286.546 250.91
216.031 60.2361 3.13018 2.92371 95.2536 414.534
191.145 52.9721 3.18543 2.69692 108.003 1517.33
214.53 62.9699 3.39912 3.21065 251.163 253.302
219.747 60.0959 3.28146 3.07918 126.398 594.974
220.599 59.667 3.25379 3.04218 119.543 660.455
214.475 65.5174 3.26583 2.90336 112.869 417.144
217.533 61.1871 3.33421 3.0076 149.787 432.714
211.667 60.8584 3.26813 2.96978 164.686 200.482
215.323 60.3863 3.11935 2.88203 205.336 373.563
210.261 61.0889 3.25299 2.90912 194.459 149.339
197.092 68.0541 3.16622 2.84203 144.296 860.779
215.154 63.7399 3.2796 3.02608 326.626 311.412
218.652 60.2994 3.28331 3.11046 105.896 531.023
211.14 63.4056 3.30072 2.96127 363.563 132.282
212.671 61.832 3.31589 3.15156 408.105 165.91
216.01 63.9761 3.27421 3.02363 326.744 360.792
214.792 60.5341 3.18176 2.97424 245.768 340.567
209.777 60.5117 3.17618 2.8147 215.451 211.083
189.752 57.1766 3.24052 2.87639 129.666 1257.22
217.161 60.1791 3.18825 2.8352 192.994 468.578
210.547 60.1043 3.26616 3.04765 102.04 260.116
218.856 60.4399 3.30872 3.19838 134.91 533.211
217.171 60.7541 3.31794 3.19981 304.252 435.305
192.073 65.5598 3.20458 2.84941 263.229 929.669
193.495 53.8452 3.18069 2.7086 113.678 1343.78
216.546 61.2275 3.35504 3.19408 260.975 381.917
212.058 62.8349 3.35761 3.15438 218.642 128.34
211.771 63.0624 3.2751 2.98054 215.981 127.158
212.26 62.5808 3.43601 3.00064 208.081 131.478
217.147 60.448 3.24706 3.03696 168.234 451.33
211.908 64.4716 3.20169 2.78647 194.206 254.451
218.249 60.3583 3.28475 3.11275 166.968 508.469
207.417 57.7828 3.1327 2.83235 88.958 530.921
201.885 68.4946 3.16883 2.8446 80.3238 769.056
203.387 68.7132 3.16441 2.82461 92.2106 761.058
207.318 68.8799 3.16517 2.8227 75.0799 730.273
209.319 68.9656 3.15328 2.8016 92.5235 731.679
211.177 69.1532 3.14906 2.76572 117.534 755.186
213.625 69.322 3.17497 2.82715 157.846 790.947
219.035 69.243 3.30753 3.09827 55.555 870.72
221.263 69.3286 3.22346 2.84264 49.0003 930.831
198.174 67.082 3.19406 2.85938 26.4859 756.198
199.397 67.4213 3.18834 2.88009 114.878 741.215
202.768 67.4572 3.21524 2.89191 52.8024 651.673
203.811 68.2575 3.18313 2.8611 110.713 707.706
206.028 68.4414 3.38804 2.87678 71.4619 694.338
208.187 68.1343 3.18796 2.88049 96.6196 642.746
210.384 68.0584 3.18838 2.85321 110.335 630.955
211.513 68.0748 3.18803 2.82834 163.757 637.43
214.432 68.1207 3.17698 2.75967 107.147 673.4
218.405 68.1861 3.24945 2.82975 65.4833 759.277
220.465 68.6043 3.24267 2.88924 64.5509 848.449
222.103 68.3889 3.23824 2.91987 64.4766 877.284
223.281 66.3701 3.25191 2.93557 309.068 786.368
193.671 65.4742 3.19752 2.84742 128.803 855.806
195.352 65.7077 3.19664 2.8468 134.493 790.588
198.75 66.442 3.19744 2.83444 67.8004 693.179
200.349 66.6001 3.19985 2.85388 42.3251 648.472
202.227 66.8332 3.20609 2.87827 117.873 609.66
204.275 67.0486 3.20477 2.87265 81.5728 578.894
206.517 67.2221 3.20827 2.87088 161.766 558.15
207.821 67.5076 3.20275 2.88118 88.429 575.901
212.113 67.5187 3.19684 2.81609 186.558 580.878
214.357 67.5933 3.19605 2.78351 120.279 617.656
215.855 67.6946 3.20971 2.81691 74.8825 655.534
220.128 67.6136 3.2397 2.91198 42.8334 757.797
224.214 67.6106 3.23231 2.91735 164.222 892.225
226.258 67.441 3.25284 2.91516 232.792 957.499
195.961 64.9941 3.18837 2.83225 108.713 737.959
197.645 65.3936 3.18939 2.83766 141.839 679.275
199.349 65.5011 3.19045 2.8361 162.618 613.93
201.346 65.895 3.20428 2.8408 95.3639 563.153
202.913 66.1434 3.18914 2.87135 125.072 531.322
206.494 66.5156 3.21363 2.84789 156.18 483.875
208.493 66.9214 3.21046 2.86199 102.702 506.905
209.976 66.7108 3.2006 2.87214 167.184 480.081
212.525 66.7004 3.20395 2.8192 114.629 496.973
213.899 66.7653 3.19675 2.82756 114.518 525.04
216.215 66.9498 3.24178 2.85347 122.627 592.858
218.345 66.8088 3.25908 2.97181 101.505 639.735
221.978 66.9116 3.24877 2.94499 128.44 768.593
223.778 66.9808 3.25022 2.9343 258.742 838.899
225.729 66.9227 3.25446 2.91839 224.658 910.859
197.761 64.6379 3.17887 2.83475 149.974 644.615
200.087 64.937 3.18021 2.82356 164.487 554.001
201.637 65.1527 3.19487 2.83675 152.847 502.741
203.551 65.5276 3.18806 2.8591 96.1575 461.082
205.119 65.4924 3.185 2.89331 98.0942 411.651
207.195 65.6571 3.20491 2.78939 186.432 383.082
208.623 65.8937 3.20281 2.88769 169.186 392.58
210.457 65.8251 3.18285 2.83399 182.38 382.782
212.122 65.8371 3.20284 2.85885 255.942 399.696
214.18 66.267 3.2485 2.84833 62.9944 480.788
214.181 66.267 3.24691 2.85171 64.4785 480.81
218.473 66.2305 3.25719 2.95963 200.46 599.322
221.631 66.2191 3.25502 2.96054 201.656 713.592
225.657 65.8052 3.27975 2.98691 115.649 860.414
214.843 62.3987 3.34061 3.16749 107.837 263.928
213.052 64.4091 3.26781 2.91753 319.17 277.931
199.305 63.8864 3.18424 2.83561 138.823 550.554
205.522 64.7962 3.18032 2.81431 93.6039 338.639
208.018 65.18 3.20429 2.79176 198.916 320.629
210.64 65.1479 3.19023 2.80969 283.731 308.886
216.846 65.3064 3.28002 2.99397 316.279 475.714
218.385 65.6035 3.26917 2.99391 276.215 552.393
220.064 65.4483 3.26553 2.97405 230.223 608.553
221.694 65.3609 3.28058 2.98659 229.412 672.016
223.623 65.2225 3.29447 3.0336 157.403 750.53
196.446 62.7492 3.20069 2.88205 78.4176 683.086
199.398 63.2842 3.19756 2.91754 117.773 535.115
200.922 63.3965 3.19351 2.88648 90.3934 461.195
203.285 63.465 3.16499 2.82295 189.948 348.142
204.379 63.994 3.17363 2.85498 189.215 322.446
205.853 64.1767 3.1915 2.80591 222.206 277.281
214.63 64.613 3.26055 2.95401 323.796 346.05
216.201 64.5654 3.27342 2.96935 64.2381 401.786
216.436 64.5012 3.27282 3.00473 529.494 407.388
221.784 64.453 3.29493 3.02795 133.501 642.074
221.784 64.4525 3.29466 3.03 96.2989 642.031
223.67 64.5753 3.30652 3.05917 146.356 733.223
195.344 61.9331 3.21971 2.86804 77.548 750.26
198.469 62.2938 3.19926 2.84952 63.2941 583.053
201.699 62.7161 3.20497 2.91739 105.547 414.631
205.93 63.3569 3.15543 2.8555 327.202 220.78
214.222 63.8036 3.25472 3.021 327.289 274.74
217.924 64.0292 3.30253 3.03604 223.542 449.344
222.48 63.8433 3.30875 3.0028 46.4925 661.375
197.317 61.3416 3.2336 2.88655 74.6712 663.089
198.513 61.678 3.23503 2.90235 95.0407 592.133
200.525 61.7105 3.22058 2.85101 84.965 487.541
201.703 62.1344 3.21876 2.90095 119.328 418.095
203.311 62.2195 3.20571 2.90455 119.142 333.769
205.146 62.1816 3.21491 2.95502 219.125 239.538
206.12 62.4787 3.1924 2.96993 229.206 186.94
216.652 63.0254 3.38827 3.16815 175.488 360.282
218.173 63.0618 3.34949 3.19798 100.827 437.134
221.871 63.109 3.36451 3.11641 70.1214 623.914
193.799 60.3849 3.23075 2.87148 36.0229 878.408
196.65 60.4135 3.19682 2.81996 79.4837 731.915
198.04 60.7515 3.21109 2.88871 63.0432 647.114
199.312 60.6947 3.22319 2.96954 73.1949 585.436
201.041 61.0224 3.21484 2.92203 94.1753 484.666
202.562 61.4009 3.19643 2.90599 142.097 393.187
204.176 61.4907 3.22744 2.91144 111.626 309.101
205.609 61.9037 3.23358 2.8615 241.759 222.366
206.868 61.8823 3.23021 2.89944 270.899 160.591
212.274 61.7929 3.30503 3.11228 284.976 149.025
213.825 62.1067 3.34359 2.9721 243.739 214.939
221.538 62.4435 3.36725 3.14679 56.0896 608.849
225.609 62.2024 3.36334 3.15498 36.9378 821.601
198.315 59.9237 3.23348 2.92229 114.91 673.004
199.908 60.1686 3.22808 2.92304 141.605 582.251
201.231 60.4742 3.24451 2.95443 117.482 501.832
202.813 60.5269 3.249 2.96514 216.89 424.08
204.11 60.6801 3.25482 2.99996 216.254 355.541
205.516 60.8132 3.18906 2.89839 371.757 285.704
207.791 61.2001 3.20198 2.84377 330.091 169.071
215.402 61.6061 3.33981 3.19145 218.559 309.719
222.911 61.4593 3.21015 2.72182 42.6473 698.551
226.918 61.1512 3.25048 2.91181 28.8242 914.669
198.736 59.2533 3.27028 2.97934 66.5545 692.62
200.175 59.1767 3.25 2.97721 176.577 631.999
201.907 59.5938 3.24173 2.9875 217.6 526.405
202.905 59.7733 3.24998 2.96648 236.611 470.693
204.792 59.8542 3.23644 2.9413 311.821 389.487
205.68 60.1952 3.23213 2.93465 362.153 328.473
207.376 60.0815 3.25255 2.89112 158.016 288.33
210.276 60.4814 3.27757 2.96376 162.823 216.361
223.909 60.7704 3.26222 3.04187 104.059 772.617
190.452 56.6011 3.23667 2.85941 37.214 1262.13
202.009 59.0314 3.25428 2.93605 317.117 564.421
203.561 59.1953 3.26154 2.98593 302.654 490.591
204.771 59.3922 3.29391 3.0492 158.864 430.377
206.768 59.6524 3.29046 2.96451 118.847 346.181
212.597 59.9979 3.25943 2.96711 132.685 309.17
222.262 59.6304 3.08267 2.81219 58.5571 742.956
227.183 60.2114 3.28714 3.05863 79.2625 962.895
212.566 65.1171 3.23212 2.80253 168.17 332.846
203.344 58.6774 3.26819 3.01482 124.51 543.276
204.113 58.2637 3.30779 3.0266 78.3946 555.873
204.991 58.6484 3.29164 3.01535 96.5305 492.854
207.606 58.6097 3.12973 2.80671 66.2401 438.82
213.66 59.4296 3.08322 2.50431 132.642 393.873
203.613 57.6397 3.30065 3.05358 76.1891 630.749
229.033 59.3946 3.2959 3.07239 47.6838 1094.89
197.939 55.703 3.19784 2.76633 79.0531 1004.9
223.768 57.9616 3.17204 2.81232 29.7325 919.766
225.424 57.4688 3.14964 2.7484 30.411 1031.14
227.048 56.8144 3.18716 2.802 34.4429 1153.37
229.75 56.9811 3.21988 3.06743 27.5956 1271.44
212.138 64.8735 3.23097 2.81026 212.974 299.656
210.428 68.6408 3.17486 2.84904 118.152 695.922
226.879 56.1146 3.19541 2.6873 23.3985 1197.01
229.974 55.9154 3.22233 2.90842 16.9441 1356.2
228.385 55.3279 3.26401 2.87405 25.927 1325.95
218.842 64.7774 3.28204 3.00719 372.719 522.924
211.063 63.7323 3.24823 2.83615 217.617 162.326
211.14 63.4057 3.30089 2.96142 363.563 132.289
218.547 60.1369 4.34947 4.41745 188.453 535.354
210.84 64.6544 3.20018 2.91027 177.392 256.579
210.867 64.709 3.18766 2.90074 202.009 262.797
210.853 64.7716 3.18419 2.85095 242.71 269.465
210.847 64.8338 3.1875 2.85104 212.016 276.18
210.819 64.8857 3.18278 2.83673 261.971 281.57
210.44 64.87 3.19593 2.84147 323.81 276.883
210.174 64.8537 3.19407 2.8433 281.377 273.728
210.069 64.7653 3.19213 2.81938 245.076 263.53
210.917 64.5498 3.20051 2.88928 227.194 246.102
210.782 64.5716 3.1992 2.9258 208.124 246.959
210.554 64.5756 3.1928 2.89207 272.833 245.261
210.901 64.613 3.20318 2.90609 252.69 252.75
211.172 64.6917 3.20801 2.90312 248.905 264.588
217.908 60.4896 3.29073 3.15571 183.424 484.911
217.507 60.403 3.26991 3.06952 162.452 470.808
218.338 61.0595 3.35553 2.98952 184.739 478.281
216.296 60.3923 3.22639 2.95463 134.953 415.802
216.716 60.1205 3.11171 2.81411 119.672 452.472
215.271 60.5805 3.22202 2.95473 188.595 357.927
216.679 60.2805 3.2088 2.90603 136.222 440.248
218.244 60.7315 3.33411 3.18914 129.432 488.555
217.659 60.602 3.30902 3.17507 177.777 466.838
217.639 60.9231 3.33001 3.18658 174.52 449.656
217.277 60.2474 3.2106 2.98356 130.555 469.522
218.995 60.8241 3.34936 3.11916 129.843 521.311
216.976 61.3836 3.31555 2.83783 164.204 397.032
218.049 60.1785 3.23862 3.03306 239.359 509.531
216.031 60.2361 3.13018 2.92371 95.2536 414.534
217.533 61.187 3.33432 3.0077 149.787 432.728
218.652 60.2994 3.28331 3.11046 105.896 531.023
218.856 60.4399 3.30872 3.19838 134.91 533.211
216.546 61.2275 3.35504 3.19408 260.975 381.917
212.567 65.1173 3.231 2.81462 45.9183 332.872
212.57 65.1176 3.23171 2.81584 44.7956 332.959
209.518 60.7352 3.06102 2.62836 73.5836 186.535
209.518 60.7351 3.06118 2.6285 73.5836 186.545
