# evlo=225.615204 evla=58.275799
217.654 61.036 3.34561 3.29321 69.7171 543.512
217.507 60.403 3.22035 2.9223 59.6285 518.247
220.363 59.9534 3.34865 3.1526 176.194 354.027
215.395 60.9677 3.28717 3.19139 42.1855 649.131
209.013 64.0997 3.29047 3.05858 39.6423 1098.57
210.701 64.1732 3.27707 3.10977 53.7949 1031.95
212.195 64.6453 3.25028 2.81546 43.5253 1004.1
207.685 63.8827 3.13192 2.81348 30.8659 1145.85
209.796 67.2269 3.27867 3.03892 47.3332 1276.4
218.66 60.9649 3.31615 3.2192 72.1764 493.38
217.513 60.0823 3.1395 2.62443 62.5827 504.662
221.785 59.0906 3.39981 3.04736 19.2003 239.963
212.624 63.0753 3.29304 3.09115 66.3982 886.258
215.93 63.6482 3.31429 3.11399 65.4509 794.329
213.401 60.7277 2.89892 2.05857 54.464 742.354
214.766 66.5657 3.29078 2.98698 70.3682 1077.32
188.296 63.7758 3.1918 2.83329 30.1319 2074.4
212.904 60.8792 2.91697 2.14792 65.719 773.075
215.271 60.5805 2.88036 2.12891 41.187 639.942
218.244 60.7315 3.3458 3.28875 63.7395 498.667
213.052 64.4091 3.24837 2.816 55.5783 955.581
216.749 60.4427 3.22361 2.86775 83.686 558.475
217.639 60.9231 3.3363 3.21199 89.6103 537.827
211.542 61.4131 2.93073 2.14535 45.5132 860.701
197.4 66.8951 3.25111 2.94463 49.7734 1715.85
209.077 63.5527 3.34016 2.80313 31.9297 1067.93
218.995 60.824 3.2926 3.12975 55.0278 469.496
216.976 61.3836 3.33058 3.23834 78.9313 594.778
211.063 63.7318 3.28671 3.09286 87.5645 990.895
211.768 64.9602 3.26286 2.83375 39.7626 1041.93
209.256 65.0304 3.25814 3.01931 33.5984 1142.1
216.031 60.2361 2.89045 2.01383 60.3339 588.096
214.53 62.9699 3.28117 3.14161 53.4042 799.274
219.747 60.0959 3.32438 3.06573 106.245 391.741
220.599 59.667 3.38925 3.16215 198.339 327.432
214.475 65.5174 3.31231 3.05724 67.2124 994.089
217.533 61.1871 3.3159 3.19474 88.792 557.862
215.323 60.3863 2.92439 2.21227 35.3016 630.457
197.092 68.0541 3.22896 2.90659 28.6154 1776.61
215.154 63.7399 3.31295 3.1407 81.055 829.25
218.652 60.2994 3.26211 2.87653 110.066 456.087
211.14 63.4056 3.29588 3.07621 53.0839 969.231
219.217 60.1294 3.2889 2.97366 82.6224 419.598
216.01 63.9761 3.30668 3.08806 83.1673 817.663
208.468 61.98 3.13037 2.84147 62.8624 1034.62
209.253 61.4636 2.97689 2.27444 24.9732 979.716
216.221 60.072 3.41249 2.35566 151.363 572.654
218.856 60.4399 3.30956 3.08046 120.7 453.476
217.171 60.7541 3.49632 3.37145 55.9587 551.483
192.073 65.5598 3.24216 2.97761 31.3455 1909.98
211.449 62.8295 3.24221 3.01883 53.4026 925.152
211.462 62.6812 3.23876 3.03877 39.7916 917.205
211.152 62.8331 3.24732 3.03201 57.103 938.865
217.147 60.448 3.47939 2.93003 94.9726 538.431
211.908 64.4716 3.25096 2.75279 55.2914 1003.05
218.249 60.3583 3.26224 2.8516 112.357 478.975
213.052 64.4091 3.24837 2.816 55.5783 955.581
214.222 63.8036 3.24673 2.84556 37.3959 868.546
217.924 64.0292 3.30896 3.0468 65.9273 762.08
222.48 63.8433 3.30257 3.05459 155.48 642.883
200.525 61.7105 3.21182 2.8526 18.3738 1441.51
201.703 62.1344 3.23488 2.89837 17.2785 1384.66
203.311 62.2195 3.14875 2.92291 19.5934 1303.17
205.146 62.1816 3.14144 2.94345 34.0655 1208.58
216.652 63.0254 3.32306 3.1858 59.7423 720.158
218.173 63.0618 3.31504 3.09736 72.5707 669.888
221.871 63.109 3.29558 3.00606 115.219 575.833
202.562 61.4009 3.18785 2.78259 22.5435 1330.84
204.176 61.4907 3.12472 2.6784 16.4394 1246.29
205.609 61.9037 3.22591 2.87715 46.9488 1178.69
213.825 62.1067 3.16887 2.92659 70.0116 779.27
218.122 62.3579 3.32919 3.20644 50.4924 614.348
221.538 62.4435 3.31026 3.09599 78.2817 515.783
223.206 62.5763 3.31058 3.04843 161.932 497.1
225.609 62.2024 3.2906 3.05732 221.823 437.487
222.911 61.4593 3.32465 3.05511 93.0122 385.583
224.22 61.4862 3.32473 3.04874 246.171 366.079
226.918 61.1512 3.28995 3.03216 229.438 328.61
210.276 60.4814 3.27325 2.88861 36.5464 903.538
219.809 60.7718 3.29873 2.99142 35.5033 430.197
221.424 60.3024 3.39363 3.31337 52.3762 328.539
223.909 60.7704 3.34089 3.06099 131.588 294.178
222.262 59.6304 3.42251 3.07414 29.6288 244.933
223.04 60.1218 3.38091 3.15021 141.801 252.823
226.285 59.5898 3.29129 3.00397 260.448 151.371
227.183 60.2114 3.2764 2.97102 314.514 233.426
212.566 65.1171 3.30755 3.0876 93.2984 1024.72
227.731 58.9601 3.23422 2.93476 379.177 144.646
229.033 59.3946 3.25207 2.93013 314.488 233.372
228.869 57.9128 3.29078 3.04554 183.856 196.081
227.048 56.8144 3.39808 3.04538 100.853 183.964
229.75 56.9811 3.30588 3.00349 114.416 285.982
212.138 64.8735 3.30812 3.05183 71.9592 1022.27
210.428 68.6408 3.24902 2.9486 71.2192 1373.17
226.879 56.1146 3.35783 3.01775 209.294 252.502
229.974 55.9154 3.3092 2.98096 56.2222 372.57
228.385 55.3279 3.33907 3.06852 90.1018 369.242
227.653 56.4191 3.35358 2.96047 146.403 240.417
211.063 63.7323 3.28673 3.09288 87.5645 990.901
211.14 63.4057 3.29589 3.07621 53.0839 969.231
218.547 60.1369 2.19437 1.60169 44.273 453.609
217.507 60.403 3.22035 2.9223 59.6285 518.247
215.271 60.5805 2.88036 2.12891 41.187 639.942
218.244 60.7315 3.3458 3.28875 63.7395 498.667
216.749 60.4427 3.22361 2.86775 83.686 558.475
217.639 60.9231 3.33636 3.21205 89.6103 537.836
218.995 60.8241 3.29265 3.12979 55.0278 469.502
216.976 61.3836 3.33058 3.23834 78.9313 594.778
216.031 60.2361 2.89045 2.01383 60.3339 588.096
217.533 61.187 3.31581 3.19466 88.792 557.847
218.652 60.2994 3.26211 2.87653 110.066 456.087
219.217 60.1294 3.2889 2.97366 82.6224 419.598
216.221 60.072 3.41249 2.35566 151.363 572.654
218.856 60.4399 3.30956 3.08046 120.7 453.476
