# evlo=214.077301 evla=61.492401
194.627 64.5646 3.21798 2.89008 179.779 1037.54
217.908 60.4896 3.22897 3.07903 400.547 235.495
217.654 61.036 3.41581 3.17898 179.221 198.502
217.507 60.403 3.19362 3.04945 406.545 221.957
218.338 61.0595 3.31857 3.01931 118.553 233.513
220.363 59.9534 3.2327 3.13947 160.26 383.323
216.3 60.3932 3.14468 2.88788 282.707 171.774
216.716 60.1205 2.94749 2.50701 231.607 209.728
209.013 64.0997 3.288 3.0282 403.812 388.663
209.094 59.7511 3.27698 3.08263 227.41 334.657
209.259 59.7417 3.27976 3.09777 286.068 328.003
210.701 64.1732 3.25662 2.81904 118.298 344.696
207.916 63.4188 3.26562 3.00053 282.333 383.47
212.195 64.6453 3.2563 2.95899 158.382 364.049
204.378 55.8218 3.1559 2.9217 100.447 844.434
207.685 63.8827 3.26886 3.00329 330.374 421.756
208.763 59.5251 3.28619 3.1253 266.769 364.928
209.796 67.2269 3.22437 2.89388 151.075 671.521
216.907 60.7523 3.25247 3.16382 628.652 173.386
218.66 60.9649 3.35497 3.16677 139.498 253.031
209.738 62.4058 3.31775 3.20375 352.651 249.424
217.513 60.0823 3.08353 2.73245 322.299 244.289
212.624 63.0753 3.35487 2.82218 140.048 191.854
215.93 63.6482 3.23556 2.96609 177.505 258.448
196.582 54.8564 3.11594 2.56223 33.9754 1260.87
209.784 61.1426 3.25125 2.95454 277.218 233.234
214.766 66.5657 3.23854 2.9345 180.168 566.549
188.296 63.7758 3.19066 2.79174 121.938 1337.27
203.121 64.7461 3.24825 2.95107 245.347 659.908
211.074 61.771 3.27969 3.17538 303.669 162.246
216.679 60.2805 3.08877 2.68599 238.251 195.405
218.244 60.7315 3.32869 3.10745 214.436 240.081
213.052 64.4091 3.22867 2.93389 258.153 329.227
213.497 60.396 3.11834 2.99797 248.458 126.159
215.738 60.3351 3.02551 2.81638 151.716 157.293
208.348 59.6572 3.25708 3.02284 116.23 374.6
217.659 60.6024 3.26914 3.16071 490.227 217.419
215.581 59.9268 2.83773 2.18157 232.939 192.794
216.749 60.4427 3.16141 2.93675 278.127 186.043
217.639 60.9231 3.36178 3.1494 289.981 201.686
211.542 61.4131 3.26431 2.99971 458.774 135.528
197.4 66.8951 3.22254 2.87247 140.092 1004.5
209.077 63.5527 3.28669 3.0482 423.4 344.859
217.277 60.2474 3.10151 2.82513 240.75 222.346
218.995 60.824 3.30779 3.08807 128.5 274.971
216.976 61.3836 3.37051 3.1293 127.386 155.138
211.063 63.7318 3.29021 2.87088 189.76 293.62
211.768 64.9602 3.24553 2.94596 175.345 403.532
218.049 60.1785 3.15877 2.94804 380.97 260.902
210.931 64.5928 3.53845 3.3922 158.109 380.383
216.031 60.2361 3.01743 2.64551 190.187 175.665
191.145 52.9721 3.16513 2.6511 77.8124 1664.7
214.53 62.9699 3.19303 2.98249 313.913 166.34
219.747 60.0959 3.22879 3.09094 142.908 345.617
220.599 59.667 3.19702 3.10878 207.325 411.046
214.475 65.5174 3.2414 2.92661 171.973 449.1
207.811 62.8962 3.26022 3.0231 292.616 361.641
211.667 60.8584 3.29813 3.18275 306.234 147.696
215.323 60.3863 2.95168 2.83002 124.363 140.525
210.261 61.0889 3.25968 3.01178 334.853 209.45
197.092 68.0541 3.22026 2.8733 149.438 1083.47
215.154 63.7399 3.21406 2.95945 324.729 256.51
218.652 60.2994 3.23141 3.03224 331.761 281.599
211.14 63.4056 3.31526 2.96063 315.669 261.602
219.217 60.1294 3.18988 3.00536 345.922 318.2
211.668 61.807 3.29069 3.09965 314.179 132.387
216.01 63.9761 3.244 2.95434 113.599 293.896
205.816 56.5593 3.18508 3.01465 144.351 724.927
208.468 61.98 3.25061 3.01562 220.591 301.278
209.777 60.5117 3.26293 2.97974 126.285 256.988
189.752 57.1766 3.22386 2.83602 61.3323 1455.37
209.253 61.4636 3.24488 2.94759 319.549 257.045
217.161 60.1791 3.07778 2.73051 282.383 222.546
216.221 60.072 2.95472 2.49063 163.574 196.669
210.547 60.1043 3.2959 3.14498 344.343 246.652
218.856 60.4399 3.28989 3.23038 225.079 284.066
217.171 60.7541 3.27132 3.16368 672.83 185.9
192.073 65.5598 3.23253 2.91346 201.358 1177.29
209.711 63.4502 3.29953 3.11785 503.354 313.49
193.495 53.8452 3.14485 2.64956 83.8292 1484.41
216.546 61.2275 3.40619 2.98254 398.151 135.285
211.449 62.8295 3.33417 3.11238 536.532 202.383
211.415 62.9628 3.32769 3.09956 284.958 214.517
211.462 62.6812 3.32307 3.09592 366.525 190.292
212.058 62.8349 3.36004 2.98268 213.816 182.908
211.771 63.0624 3.33201 2.92994 172.844 211.988
212.26 62.5808 3.31548 3.01767 428.905 154.127
211.152 62.8331 3.33152 3.10854 535.057 213.419
217.147 60.448 3.16729 2.9886 309.883 202.905
218.249 60.3583 3.21945 3.03193 443.732 259.081
213.052 64.4091 3.22867 2.93389 258.153 329.227
197.317 61.3416 3.24067 2.92572 76.3225 892.632
198.513 61.678 3.22859 2.92328 126.065 824.89
200.525 61.7105 3.21893 2.92156 152.026 718.467
201.703 62.1344 3.22474 2.95887 106.709 655.257
203.311 62.2195 3.23135 2.96089 117.769 571.854
205.146 62.1816 3.2317 2.96836 341.534 476.328
206.12 62.4787 3.25324 3.04499 200.585 431.065
216.652 63.0254 3.21495 2.95318 387.3 216.958
218.173 63.0618 3.17546 2.88274 273.942 275.238
221.871 63.109 3.24353 3.02694 181.332 442.301
196.65 60.4135 3.21362 2.91818 27.4542 949.052
198.04 60.7515 3.21419 2.93573 25.361 866.122
199.312 60.6947 3.23783 2.95005 51.5143 799.779
202.562 61.4009 3.24234 2.9477 92.8579 613.556
204.176 61.4907 3.22949 2.95262 101.917 526.94
205.609 61.9037 3.23823 3.00099 215.512 450.148
206.868 61.8823 3.23979 2.97707 197.684 383.873
209.88 61.7531 3.29645 3.15682 198.911 224.519
217.004 62.4013 3.17884 2.90909 381.394 183.969
218.122 62.3579 3.1798 3.06726 280.279 233.272
221.538 62.4435 3.25281 3.04711 150.99 405.16
223.206 62.5763 3.25771 3.05603 184.171 492.385
225.609 62.2024 3.25973 3.07907 118.195 611.58
198.315 59.9237 3.23507 2.92948 54.7569 875.952
199.908 60.1686 3.23414 2.96717 55.658 783.089
201.231 60.4742 3.2444 2.98832 80.3146 703.442
202.813 60.5269 3.23433 2.97003 113.433 617.892
204.11 60.6801 3.2234 3.02516 103.361 544.829
205.516 60.8132 3.21882 2.95758 123.139 466.81
207.791 61.2001 3.22973 2.89684 228.73 337.861
222.911 61.4593 3.26297 2.99975 157.235 470.483
224.22 61.4862 3.26905 2.98763 102.231 539.811
226.918 61.1512 3.26534 3.04836 108.97 687.681
200.175 59.1767 3.22795 2.87516 42.3643 808.211
201.907 59.5938 3.23542 2.89569 99.5605 699.439
202.905 59.7733 3.22134 2.8597 157.204 639.817
204.792 59.8542 3.18218 2.76738 231.832 538.812
205.68 60.1952 3.1711 2.74686 251.535 478.528
207.376 60.0815 3.1321 2.79718 128.531 397.196
210.276 60.4814 3.30153 3.10447 175.221 234.539
219.809 60.7718 3.35904 2.96307 82.672 319.011
221.424 60.3024 3.28819 3.2747 71.6011 420.015
223.909 60.7704 3.25022 3.07461 87.2192 535.334
190.452 56.6011 3.23574 2.84293 27.061 1451.28
202.009 59.0314 3.20957 2.83464 243.383 720.794
203.561 59.1953 3.20551 2.81958 174.931 633.7
204.771 59.3922 3.18117 2.7991 240.794 562.606
206.768 59.6524 3.18456 2.77225 174.894 449.837
212.597 59.9979 3.16046 2.80298 217.211 185.056
223.04 60.1218 3.11074 2.71147 70.0379 510.762
226.285 59.5898 3.17568 2.87978 70.7587 701.564
227.183 60.2114 3.28958 3.0545 59.4062 725.236
212.566 65.1171 3.25101 2.92487 216.641 411.043
203.344 58.6774 3.24307 3.06399 60.0651 673.57
204.113 58.2637 3.29128 2.87269 42.4952 662.857
204.991 58.6484 3.26206 2.96512 76.1077 596.171
207.606 58.6097 3.25037 3.11335 203.68 482.462
213.66 59.4296 2.9071 2.21999 182.445 230.98
203.613 57.6397 3.22383 2.93049 68.2302 729.486
205.548 57.5665 3.24004 3.03175 48.7713 650.447
229.033 59.3946 3.28935 3.12516 61.9716 853.692
197.939 55.703 3.08165 2.53057 20.2351 1133.73
223.768 57.9616 2.94445 2.24566 77.5605 671.201
227.048 56.8144 3.13486 2.60192 37.2373 904.291
212.138 64.8735 3.24347 2.95319 163.589 389.269
210.428 68.6408 3.20125 2.85783 169.891 814.935
226.879 56.1146 3.18389 2.68402 33.2355 949.234
228.385 55.3279 3.21403 2.67525 33.9645 1078.1
227.653 56.4191 3.14214 2.64787 48.441 961.248
211.063 63.7323 3.29056 2.87119 189.76 293.651
211.14 63.4057 3.3153 2.96067 315.669 261.605
217.908 60.4896 3.22897 3.07903 400.547 235.495
217.507 60.403 3.19362 3.04945 406.545 221.957
218.338 61.0595 3.31865 3.01938 118.553 233.518
216.296 60.3923 3.14365 2.88694 282.708 171.717
216.716 60.1205 2.94749 2.50701 231.607 209.728
216.679 60.2805 3.08877 2.68599 238.251 195.405
218.244 60.7315 3.32869 3.10745 214.436 240.081
217.659 60.602 3.26911 3.16068 490.227 217.417
216.749 60.4427 3.16141 2.93675 278.127 186.043
217.639 60.9231 3.36161 3.14925 289.981 201.676
217.277 60.2474 3.10151 2.82513 240.75 222.346
218.995 60.8241 3.30775 3.08803 128.5 274.968
216.976 61.3836 3.37051 3.1293 127.386 155.138
218.049 60.1785 3.15877 2.94804 380.97 260.902
216.031 60.2361 3.01743 2.64551 190.187 175.665
218.652 60.2994 3.23141 3.03224 331.761 281.599
219.217 60.1294 3.18988 3.00536 345.922 318.2
216.221 60.072 2.95472 2.49063 163.574 196.669
218.856 60.4399 3.28989 3.23038 225.079 284.066
216.546 61.2275 3.40619 2.98254 398.151 135.285
212.567 65.1173 3.24729 2.88825 40.6947 411.062
212.57 65.1176 3.24738 2.88859 39.9864 411.068
209.518 60.7352 3.24175 3.56681 40.6642 259.837
209.518 60.7351 3.24154 3.56658 40.6642 259.821
