# evlo=209.076706 evla=63.5527
194.627 64.5646 3.22373 2.83904 148.3 712.919
217.908 60.4896 3.26988 3.04191 235.581 573.994
217.654 61.036 3.27145 3.02724 246.434 525.455
217.507 60.403 3.24468 2.95015 151.617 563.715
218.338 61.0595 3.26139 3.0195 169.863 554.218
220.363 59.9534 3.24412 3.01604 111.341 716.996
216.3 60.3932 3.23885 2.95148 168.653 516.627
216.716 60.1205 3.15371 2.77482 122.392 554.53
215.395 60.9677 3.29838 3.18475 180.802 436.39
209.094 59.7511 3.05645 2.48342 170.886 423.65
209.259 59.7417 3.06848 2.49666 139.758 424.805
208.846 60.7683 3.06619 2.60968 193.387 310.548
212.195 64.6453 3.21153 2.80698 556.251 194.767
200.411 54.831 3.27043 2.96947 62.1557 1088.33
209.796 67.2269 3.21964 2.89211 205.384 411.022
216.907 60.7523 3.26792 3.03958 290.025 513.313
218.66 60.9649 3.26503 3.02894 205.808 574.552
209.738 62.4058 3.15945 2.94648 298.585 132.152
217.513 60.0823 3.19592 2.83194 181.874 588.51
212.624 63.0753 3.30383 2.92378 249.348 185.587
214.225 61.1292 3.31187 3.03204 282.891 379.401
215.93 63.6482 3.22059 2.98616 137.57 340.142
214.25 60.5487 3.21815 3.00412 286.486 430.212
196.582 54.8564 3.21566 2.76684 69.0638 1198.88
213.401 60.7277 3.2541 3.04288 211.582 387.119
209.784 61.1426 3.16434 2.77497 191.837 271.088
214.766 66.5657 3.21591 2.75136 249.498 429.263
188.296 63.7758 3.26104 2.78061 51.1513 1024.76
203.121 64.7461 3.22074 2.87897 336.269 318.786
211.074 61.771 3.24393 3.07186 347.058 223.393
216.188 61.4417 3.25354 2.93813 382.702 435.169
212.904 60.8792 3.24525 3.01364 268.551 358.238
215.271 60.5805 3.25238 2.97583 171.898 462.867
216.679 60.2805 3.21876 2.86238 193.121 540.23
218.244 60.7315 3.27175 3.02927 128.309 571.432
213.052 64.4091 3.24291 2.90575 503.589 216.743
213.497 60.396 3.22608 3.03585 191.342 421.079
215.738 60.3351 3.18617 2.93497 99.1616 500.37
208.348 59.6572 3 2.3256 147.118 435.82
217.659 60.6024 3.2751 3.02411 293.002 555.442
225.615 58.2758 3.34016 2.80313 31.9297 1067.93
215.581 59.9268 3.09849 2.72494 150.414 529.979
216.749 60.4427 3.23771 2.99279 158.274 530.206
217.639 60.9231 3.2768 3.0163 231.349 532.322
214.077 61.4924 3.28669 3.0482 423.4 344.859
211.542 61.4131 3.25189 2.98503 293.107 270.178
197.4 66.8951 3.18725 2.81635 142.493 659.644
217.277 60.2474 3.21219 2.9189 116.413 566.271
218.995 60.824 3.26723 3.02284 184.538 598.448
216.976 61.3836 3.2748 2.99283 179.062 473.382
211.768 64.9602 3.23487 2.74693 412.827 204.041
218.049 60.1785 3.22903 2.93321 247.704 602.747
209.256 65.0304 3.19802 2.84798 288.446 164.965
210.931 64.5928 3.21099 2.68305 539.969 147.06
216.031 60.2361 3.18029 2.90936 170.384 519.376
214.53 62.9699 3.23212 3.11474 247.88 281.371
219.747 60.0959 3.24901 2.99476 195.45 680.317
220.599 59.667 3.23499 2.99745 133.846 747.507
214.475 65.5174 3.26433 2.90313 384.786 339.084
217.533 61.1871 3.26399 3.02651 206.6 510.389
211.667 60.8584 3.24281 2.94102 183.035 329.078
215.323 60.3863 3.17094 2.9305 125.835 481.092
210.261 61.0889 3.17822 2.96416 164 281.361
197.092 68.0541 3.1799 2.83104 213.562 741.116
218.652 60.2994 3.2577 3.01614 122.721 619.008
219.217 60.1294 3.2387 3.00903 171.167 655.183
211.668 61.807 3.25581 3.01253 147.267 235.509
212.671 61.832 3.29337 3.0183 479.221 265.734
216.01 63.9761 3.2458 2.89077 140.164 345.151
214.792 60.5341 3.2011 3.0752 168.879 449.772
208.468 61.98 3.1852 2.906 228.549 178.021
189.752 57.1766 3.22948 2.80594 163.81 1273.48
209.253 61.4636 3.17338 2.82687 401.841 233.015
217.161 60.1791 3.20312 2.90385 134.186 567.047
216.221 60.072 3.16283 2.80041 99.6334 540.08
210.547 60.1043 3.23245 3.04282 80.2235 392.007
218.856 60.4399 3.26366 3.05747 181.695 617.833
217.171 60.7541 3.27015 3.01402 296.058 524.12
192.073 65.5598 3.22536 2.89121 183.3 842.644
193.495 53.8452 3.20316 2.74741 91.7156 1401.35
216.546 61.2275 3.25839 2.9593 411.337 464.762
211.449 62.8295 3.19049 2.98487 363.776 144.075
211.415 62.9628 3.16485 2.87841 177.414 134.563
211.462 62.6812 3.19821 3.00411 255.844 154.685
212.058 62.8349 3.20398 2.93764 230.076 170.038
211.771 63.0624 3.21797 2.91037 172.27 145.73
212.26 62.5808 3.24072 2.9821 326.187 193.967
211.152 62.8331 3.18182 2.97392 326.122 131.713
217.147 60.448 3.23278 2.95097 178.413 545.709
211.908 64.4716 3.20673 2.8404 597.372 172.233
218.249 60.3583 3.2609 3.00595 251.552 597.76
213.052 64.4091 3.24291 2.90575 503.589 216.743
197.317 61.3416 3.25815 2.86372 66.8856 654.044
198.513 61.678 3.2382 2.82114 104.629 580.337
200.525 61.7105 3.25162 2.85652 92.981 483.94
201.703 62.1344 3.25057 2.90046 141.479 407.263
203.311 62.2195 3.22972 2.81677 211.884 328.618
205.146 62.1816 3.2352 2.88379 352.191 251.711
206.12 62.4787 3.2322 2.91193 443.578 191.673
216.652 63.0254 3.3003 3.08016 147.399 384.354
218.173 63.0618 3.29357 3.02829 163.461 458.932
221.871 63.109 3.29225 3.0447 79.453 641.799
193.799 60.3849 3.24649 2.90858 28.3189 872.891
196.65 60.4135 3.22905 2.79829 86.7602 737.779
198.04 60.7515 3.23542 2.81658 108.887 653.448
199.312 60.6947 3.23079 2.8405 176.486 600.018
201.041 61.0224 3.21784 2.79841 133.566 502.929
202.562 61.4009 3.21428 2.8537 199.228 412.489
204.176 61.4907 3.25052 2.94733 218.854 341.185
205.609 61.9037 3.23009 2.95987 494.031 255.358
206.868 61.8823 3.24548 2.989 361.981 217.754
209.88 61.7531 3.19626 2.90504 170.635 204.752
212.274 61.7929 3.29873 2.97568 273.091 255.491
213.825 62.1067 3.25056 2.99823 290.945 290.653
217.004 62.4013 3.27652 3.14456 235.498 421.664
218.122 62.3579 3.30305 3.13133 221.526 477.515
221.538 62.4435 3.28101 3.04479 107.924 642.367
225.609 62.2024 3.28762 3.11017 68.1244 852.106
198.315 59.9237 3.2344 2.84856 166.452 696.455
199.908 60.1686 3.23931 2.88323 172.822 611.548
201.231 60.4742 3.22883 2.90088 230.437 534.682
202.813 60.5269 3.26225 2.92593 190.172 469.859
204.11 60.6801 3.25779 2.95274 396.128 411.701
205.516 60.8132 3.24862 3.01316 345.388 357.099
207.791 61.2001 3.23044 2.93721 139.818 270.496
215.402 61.6061 3.24553 2.92925 296.463 390.59
222.911 61.4593 3.3074 3.06234 105.512 748.327
224.22 61.4862 3.2931 3.07353 109.471 811.051
226.918 61.1512 3.29491 3.01299 106.75 958.45
198.736 59.2533 3.25017 2.93916 159.4 729.696
200.175 59.1767 3.25866 2.91801 114.585 680.359
201.907 59.5938 3.26884 2.94852 295.016 582.194
202.905 59.7733 3.27633 2.98464 290.684 532.686
204.792 59.8542 3.26347 3.05007 242.27 470.154
205.68 60.1952 3.25337 3.02294 115.871 414.527
207.376 60.0815 3.22833 2.97255 86.2549 397.054
210.276 60.4814 3.24082 2.92803 79.4938 347.981
219.809 60.7718 3.26958 3.01738 94.636 638.376
221.424 60.3024 3.21788 3.04586 87.7646 741.109
190.452 56.6011 3.22504 2.8248 54.345 1286.31
202.009 59.0314 3.28386 2.99454 228.64 629.625
203.561 59.1953 3.28273 3.03947 223.255 567.673
204.771 59.3922 3.26758 2.99872 171.674 517.063
206.768 59.6524 3.25469 3.02693 99.2861 451.514
212.597 59.9979 3.25679 2.89 98.1968 437.41
222.262 59.6304 3.1761 3.00591 62.9818 823.034
223.04 60.1218 3.24105 2.98468 57.3066 826.626
226.285 59.5898 3.24811 2.92942 48.7214 1011.17
227.183 60.2114 3.31615 2.96489 61.4976 1018.27
212.566 65.1171 3.24242 2.85589 336.128 242.589
203.344 58.6774 3.29517 3.04316 153.174 624.457
204.113 58.2637 3.2872 3.05548 137.438 647.509
204.991 58.6484 3.29367 3.06329 117.579 588.952
206.355 58.9287 3.24761 2.99046 180.176 535.464
207.606 58.6097 3.03993 2.54381 71.3036 556.452
213.66 59.4296 3.11587 2.57434 174.303 520.009
227.731 58.9601 3.26244 3.04387 61.5958 1118.75
202.426 57.5673 3.26807 2.96605 112.971 759.264
203.613 57.6397 3.29109 3.00482 107.563 723.058
205.548 57.5665 3.24415 2.9535 59.8233 694.253
225.482 58.2747 3.2121 2.82025 24.3799 1062.05
229.033 59.3946 3.22538 2.96209 36.869 1154
197.939 55.703 3.35869 2.83986 33.7455 1073.66
225.424 57.4688 3.23425 3.00645 20.5426 1119.84
228.869 57.9128 3.27595 3.06509 46.3224 1241.91
227.048 56.8144 3.35715 3.07784 21.1776 1241.1
229.75 56.9811 3.27749 3.06983 29.2449 1349.14
212.138 64.8735 3.22758 2.81727 355.06 209.197
210.428 68.6408 3.19347 2.8847 169.48 570.611
226.879 56.1146 3.20647 2.73034 29.6541 1289.8
227.653 56.4191 3.3577 3.01239 48.871 1298.52
218.547 60.1369 4.0592 4.02712 171.827 626.396
217.908 60.4896 3.26988 3.04191 235.581 573.994
217.507 60.403 3.24468 2.95015 151.617 563.715
218.338 61.0595 3.26142 3.01952 169.863 554.223
216.296 60.3923 3.23849 2.95115 168.653 516.569
216.716 60.1205 3.15371 2.77482 122.392 554.53
215.271 60.5805 3.25238 2.97583 171.898 462.867
216.679 60.2805 3.21876 2.86238 193.121 540.23
218.244 60.7315 3.27175 3.02927 128.309 571.432
217.659 60.602 3.27515 3.02416 293.002 555.45
216.749 60.4427 3.23771 2.99279 158.274 530.206
217.639 60.9231 3.27674 3.01625 231.349 532.313
217.277 60.2474 3.21219 2.9189 116.413 566.271
218.995 60.8241 3.26719 3.02281 184.538 598.441
216.976 61.3836 3.2748 2.99283 179.062 473.382
218.049 60.1785 3.22903 2.93321 247.704 602.747
216.031 60.2361 3.18029 2.90936 170.384 519.376
217.533 61.187 3.26409 3.0266 206.6 510.405
218.652 60.2994 3.2577 3.01614 122.721 619.008
219.217 60.1294 3.2387 3.00903 171.167 655.183
216.221 60.072 3.16283 2.80041 99.6334 540.08
218.856 60.4399 3.26366 3.05747 181.695 617.833
216.546 61.2275 3.25839 2.9593 411.337 464.762
212.567 65.1173 3.25404 2.9198 47.7224 242.615
212.57 65.1176 3.25596 2.91651 52.4606 242.732
209.518 60.7352 3.07238 2.61505 125.521 314.843
209.518 60.7351 3.0725 2.61516 125.521 314.856
