# evlo=216.975998 evla=61.383598
221.171 59.4924 3.27072 3.12781 58.2446 312.55
194.627 64.5646 3.24247 2.91493 111.614 1180.47
220.363 59.9534 3.23396 3.04352 314.516 244.25
225.144 58.5792 3.28753 3.26654 52.2718 552.187
216.716 60.1205 2.95825 2.45568 240.568 141.453
209.013 64.0997 3.25598 2.96697 190.401 506.726
209.094 59.7511 3.24466 3.12808 154.671 468.611
209.259 59.7417 3.23423 3.11265 165.801 460.777
210.701 64.1732 3.232 2.99977 378.257 446.081
207.916 63.4188 3.29933 2.99407 86.9066 519.906
212.195 64.6453 3.20953 3.00149 399.296 436.564
204.378 55.8218 3.09748 2.86858 49.227 956.483
207.685 63.8827 3.27052 2.96623 182.182 551.366
208.763 59.5251 3.23386 3.10396 91.5776 496.726
209.796 67.2269 3.22206 2.9232 228.5 737.225
209.738 62.4058 3.31555 2.83783 164.204 397.032
217.513 60.0823 3.08719 2.57536 196.197 147.924
212.624 63.0753 3.25636 2.99509 340.283 294.452
214.225 61.1292 3.2614 3.38109 285.989 150.328
214.25 60.5487 3.09035 2.77451 274.318 174.497
213.401 60.7277 3.20976 3.10612 356.393 206.416
209.784 61.1426 3.25146 3.08618 138.234 386.675
214.766 66.5657 3.21795 2.92229 168.724 587.643
188.296 63.7758 3.21251 2.79696 117.399 1484.81
203.121 64.7461 3.26377 2.95356 129.197 792.167
211.074 61.771 3.42559 3.2478 106.861 316.375
212.904 60.8792 3.26796 3.20767 206.492 226.452
215.271 60.5805 3.13508 3.13163 214.775 128.563
213.052 64.4091 3.2105 3.05081 506.59 391.68
213.497 60.396 3.07505 2.81843 328.595 218.592
215.738 60.3351 3.15365 2.93028 214.827 134.822
225.615 58.2758 3.33058 3.23834 78.9313 594.778
215.581 59.9268 2.85434 2.31951 239.469 179.344
214.077 61.4924 3.37051 3.1293 127.386 155.138
211.542 61.4131 3.28023 3.14164 146.067 290.292
197.4 66.8951 3.21754 2.85012 135.819 1126.58
209.077 63.5527 3.2748 2.99283 179.062 473.382
217.277 60.2474 3.20333 2.75679 156.844 127.654
211.063 63.7318 3.24915 2.99814 336.986 400.989
211.768 64.9602 3.21678 2.98853 459.678 476.901
218.049 60.1785 3.16079 2.91422 275.692 146.457
209.256 65.0304 3.21078 2.9163 227.401 561.499
210.931 64.5928 3.2175 2.97969 259.064 470.628
216.031 60.2361 3.09562 2.91017 263.041 137.82
214.53 62.9699 3.19664 3.13166 557.928 217.89
219.747 60.0959 3.21469 2.9304 445.59 208.399
220.599 59.667 3.2255 2.98312 307.015 275.888
214.475 65.5174 3.22179 2.9862 226.819 477.284
207.811 62.8962 3.29067 2.91519 172.662 506.37
211.667 60.8584 3.32293 3.30874 109.253 292.02
215.323 60.3863 3.10627 2.98793 251.257 142.852
210.261 61.0889 3.25385 3.0826 217.376 361.96
197.092 68.0541 3.20001 2.87482 102.706 1195.65
215.154 63.7399 3.21375 2.94647 415.843 278.813
218.652 60.2994 3.19461 3.00823 457.57 151.325
211.14 63.4056 3.27003 2.98311 280.43 376.457
219.217 60.1294 3.16282 2.9499 508.188 185.616
211.668 61.807 3.39803 3.35413 153.058 285.63
212.671 61.832 3.39455 3.26207 161.165 233.822
216.01 63.9761 3.15949 3.00893 146.706 293.153
214.792 60.5341 3.07115 2.86157 323.201 151.523
208.468 61.98 3.22302 2.65119 115.41 454.967
209.777 60.5117 3.24903 3.2425 111.5 401.85
189.752 57.1766 3.22828 2.88994 42.2188 1607.65
217.161 60.1791 3.17203 2.73604 121.331 134.59
216.221 60.072 2.94355 2.46127 240.395 151.838
210.547 60.1043 3.24165 3.1187 197.552 378.299
218.856 60.4399 3.23076 3.10693 450.361 146.478
192.073 65.5598 3.24556 2.9079 71.9393 1315.21
209.711 63.4502 3.27557 3.00753 215.63 440.116
211.449 62.8295 3.32443 3.0038 192.528 330.375
211.415 62.9628 3.31565 3.02452 110.333 338.852
211.462 62.6812 3.32578 2.96749 131.114 322.664
212.058 62.8349 3.32288 3.0208 150.486 303.351
211.771 63.0624 3.29638 3.04792 159.551 328.927
212.26 62.5808 3.31901 2.91159 271.841 280.862
211.152 62.8331 3.32286 2.99878 232.414 344.136
211.908 64.4716 3.20223 3.01317 276.914 429.54
218.249 60.3583 3.20583 3.0898 281.397 133.542
226.475 68.3065 3.24322 2.93671 89.1959 891.547
212.138 64.8736 3.22038 2.99422 557.343 458.942
198.929 70.2043 3.09963 2.70253 71.9618 1274.24
203.383 71.3221 3.18973 2.62018 105.945 1257.69
205.026 71.0033 3.10483 2.64555 64.0997 1195.21
234.753 71.9871 3.26841 2.92147 87.2949 1407.4
198.198 69.3641 3.11231 2.76304 114.41 1237.03
202.84 70.0079 3.11353 2.67324 79.7279 1154.23
206.58 70.34 3.10291 2.64228 83.0148 1102.15
194.656 68.2746 3.19159 2.86235 78.3901 1296.88
196.822 68.4753 3.19612 2.86853 29.1591 1228.49
198.806 68.6483 3.16975 2.84868 116.102 1170.63
200.413 69.1049 3.14533 2.82634 140.26 1150.42
205.217 69.1565 3.17048 2.8172 94.2858 1022.13
209.387 69.836 3.13464 2.77122 86.3788 1003.47
211.299 69.72 3.17855 2.85935 96.032 964.797
215.088 69.9175 3.17242 2.9146 81.3497 955.384
216.289 69.626 3.18241 2.90806 102.713 919.554
235.93 69.3475 3.29776 2.95548 89.692 1241.5
196.917 67.6988 3.21817 2.89804 55.0992 1183.68
201.885 68.4946 3.17552 2.88801 154.279 1060.98
203.387 68.7132 3.18379 2.89807 157.341 1033.17
207.318 68.8799 3.1889 2.86818 81.1241 948.317
209.319 68.9656 3.17005 2.85387 65.4682 916.735
211.177 69.1532 3.17504 2.86218 110.592 906.658
213.625 69.322 3.17723 2.85489 121.067 898.414
219.035 69.243 3.21411 2.93694 56.9815 881.411
221.263 69.3286 3.19975 2.91131 41.8027 907.496
198.174 67.082 3.23009 2.89235 70.5525 1104.73
199.397 67.4213 3.22554 2.89331 72.4398 1076.04
202.768 67.4572 3.20804 2.90018 110.059 958.751
203.811 68.2575 3.18609 2.91242 170.25 984.866
206.028 68.4414 3.2068 2.94419 96.0874 939.159
208.187 68.1343 3.21184 2.90889 166.14 859.217
210.384 68.0584 3.36978 2.93111 105.415 806.728
211.513 68.0748 3.20769 2.9237 85.4865 789.369
214.432 68.1207 3.19707 2.84914 105.905 760.647
218.405 68.1861 3.22258 2.92748 129.694 761.387
220.465 68.6043 3.22131 2.93477 47.3796 821.382
222.103 68.3889 3.19911 2.85845 38.7501 817.242
223.281 66.3701 3.24048 2.97851 93.6992 635.7
193.671 65.4742 3.24212 2.92279 51.5824 1240.75
195.352 65.7077 3.23655 2.91643 32.4142 1170.63
198.75 66.442 3.23472 2.89964 99.421 1051.6
200.349 66.6001 3.23682 2.91015 78.2215 995.263
202.227 66.8332 3.23455 2.9118 95.0171 937.135
204.275 67.0486 3.20507 2.90017 116.814 879.535
206.517 67.2221 3.20435 2.93361 278.789 822.343
207.821 67.5076 3.21241 2.94693 169.714 810.856
212.113 67.5187 3.21861 2.94242 125.747 722.391
214.357 67.5933 3.20858 2.88209 152.052 703.482
220.128 67.6136 3.21665 2.93638 83.9358 710.648
226.258 67.441 3.24652 2.95307 107.91 808.258
195.961 64.9941 3.23987 2.91153 73.6934 1125.44
197.645 65.3936 3.24679 2.90914 33.3471 1059.21
199.349 65.5011 3.24078 2.91469 35.676 987.576
201.346 65.895 3.23512 2.92036 81.8476 919.73
202.913 66.1434 3.23187 2.91609 135.385 870.31
206.494 66.5156 3.20686 2.90412 243.222 767.016
208.493 66.9214 3.21499 2.9536 198.794 741.265
209.976 66.7108 3.22502 2.92944 224.025 684.344
212.525 66.7004 3.22429 2.94646 138.442 630.964
213.899 66.7653 3.21109 2.9157 167.099 618.264
218.345 66.8088 3.21442 2.91455 114.323 608.428
221.978 66.9116 3.22446 2.93579 49.0204 662.099
225.729 66.9227 3.24303 2.94062 67.0717 748.672
197.761 64.6379 3.24429 2.92812 67.5871 1033.78
200.087 64.937 3.24302 2.91017 53.6644 934.947
201.637 65.1527 3.25318 2.93236 56.5219 874.111
203.551 65.5276 3.23006 2.9155 92.2061 810.964
205.119 65.4924 3.22945 2.90628 134.919 746.351
207.195 65.6571 3.22075 2.89866 211.549 679.696
208.623 65.8937 3.2021 2.90926 262.177 650.19
210.457 65.8251 3.21545 2.95336 247.271 590.755
212.122 65.8371 3.23751 2.95472 234.297 551.389
214.18 66.267 3.21449 2.94369 70.8713 561.367
214.181 66.267 3.21516 2.93401 103.735 561.355
218.473 66.2305 3.20441 2.90094 123.503 545.277
221.631 66.2191 3.24449 2.96263 86.6484 585.437
225.657 65.8052 3.24438 2.99531 134.55 653.561
214.843 62.3987 3.13507 3.07474 178.645 159.283
213.052 64.4091 3.2105 3.05081 506.59 391.68
199.305 63.8864 3.25335 2.91331 56.1805 944.994
205.522 64.7962 3.24827 2.95457 71.849 690.92
208.018 65.18 3.21871 2.89239 249.872 616.356
210.64 65.1479 3.19827 2.92632 333.091 526.051
216.846 65.3064 3.24044 2.9484 128.619 437.31
218.385 65.6035 3.20423 2.91692 143.517 475.564
220.064 65.4483 3.2253 2.97965 68.141 478.488
221.694 65.3609 3.25402 2.98316 108.708 501.932
223.623 65.2225 3.24676 3.00841 148.987 541.837
196.446 62.7492 3.23644 2.82405 44.2787 1079.39
199.398 63.2842 3.2616 2.89626 63.2208 932.052
200.922 63.3965 3.26047 2.89231 48.5266 857.628
203.285 63.465 3.26583 2.92125 86.8126 742.772
204.379 63.994 3.2535 2.92953 66.7381 706.144
205.853 64.1767 3.26697 2.95974 119.316 646.363
214.63 64.613 3.23005 2.94934 202.26 379.01
216.201 64.5654 3.21414 3.00556 27.4464 356.811
216.436 64.5012 3.22099 2.96775 181.63 348.565
221.784 64.453 3.22307 2.99635 103.228 420.158
221.784 64.4525 3.22416 2.98825 73.7274 420.096
223.67 64.5753 3.25513 3.0077 128.914 491.211
198.469 62.2938 3.26491 2.95699 23.4818 976.713
205.93 63.3569 3.2738 2.94133 145.39 611.63
214.222 63.8036 3.22059 3.1322 303.013 304.525
217.924 64.0292 3.15826 3.00446 134.917 298.828
222.48 63.8433 3.27094 3.03445 228.169 393.459
197.317 61.3416 3.23235 2.80701 40.0999 1047.58
198.513 61.678 3.23121 2.77893 26.3696 979.517
200.525 61.7105 3.22159 2.76773 50.7923 873.179
201.703 62.1344 3.24968 2.76786 43.1926 809.02
203.311 62.2195 3.23956 2.74822 70.8121 725.261
205.146 62.1816 3.22999 2.75482 97.5802 629.691
206.12 62.4787 3.26818 2.81194 118.23 582.277
216.652 63.0254 3.18992 2.83445 332.35 183.751
218.173 63.0618 3.18718 3.00499 195.351 197.108
221.871 63.109 3.25873 3.0438 258.479 318.774
196.65 60.4135 3.20512 2.87135 30.2708 1104.03
198.04 60.7515 3.21895 2.96411 17.5387 1021.21
199.312 60.6947 3.31523 3.19755 22.1661 954.731
201.041 61.0224 3.22206 2.93032 23.2091 855.52
204.176 61.4907 3.19974 2.75144 41.3033 682.055
205.609 61.9037 3.24586 2.684 59.2103 604.577
212.274 61.7929 3.38096 3.20659 94.1352 253.778
213.825 62.1067 3.2873 2.82179 359.365 184.936
221.538 62.4435 3.27323 3.09117 283.563 267.141
223.206 62.5763 3.26288 3.05688 207.428 352.509
225.609 62.2024 3.25044 2.97534 191.377 464.121
201.231 60.4742 3.2316 3.28718 32.1813 857.682
202.813 60.5269 3.22985 2.99289 36.745 771.742
207.791 61.2001 3.22784 3.03619 63.6556 492.422
222.911 61.4593 3.22561 3.02214 166.714 316.894
224.22 61.4862 3.23927 3.00086 189.23 386.576
226.918 61.1512 3.239 2.99779 158.312 533.529
198.736 59.2533 3.22592 2.9406 25.4128 1031.84
200.175 59.1767 3.23084 2.9293 42.8928 958.509
201.907 59.5938 3.23181 2.92246 54.3507 849.994
202.905 59.7733 3.22198 2.92833 80.4081 790.293
204.792 59.8542 3.19747 2.86236 78.0568 687.423
205.68 60.1952 3.19322 2.89282 67.7842 628.477
207.376 60.0815 3.17537 2.89892 26.7968 542.951
210.276 60.4814 3.25398 3.22898 90.4983 376.756
219.809 60.7718 3.37975 3.3795 63.7081 167.422
221.424 60.3024 3.22223 3.28279 93.024 270.15
223.909 60.7704 3.22104 3.09359 105.401 380.236
202.009 59.0314 3.22398 2.92647 54.7924 868.037
203.561 59.1953 3.23536 3.00449 23.6658 779.407
204.771 59.3922 3.21701 3.0041 48.5298 707.445
206.768 59.6524 3.18873 2.97867 55.7289 592.185
212.597 59.9979 3.05633 2.72855 236.307 284.65
223.04 60.1218 3.11632 2.58476 62.7443 359.143
226.285 59.5898 3.27094 3.17612 86.3226 548.851
227.183 60.2114 3.26682 3.10535 107.112 570.262
212.566 65.1171 3.23675 2.99438 324.022 471.188
203.344 58.6774 3.23891 2.99908 67.4454 815.658
204.991 58.6484 3.24226 3.05902 40.8328 733.195
206.355 58.9287 3.23819 3.0735 65.7143 649.174
207.606 58.6097 3.1882 3.01948 110.316 606.591
213.66 59.4296 2.87312 2.20854 182.174 284.177
227.731 58.9601 3.27657 3.06412 68.616 654.218
202.426 57.5673 3.20723 2.96 30.4689 925.084
203.613 57.6397 3.21243 2.97037 41.4149 861.716
224.26 58.4133 3.45706 2.63439 55.8845 524.589
229.033 59.3946 3.27745 3.10873 64.5564 699.604
228.869 57.9128 3.29095 3.05516 47.6805 772.491
227.048 56.8144 3.45438 2.8366 27.9768 768.084
229.75 56.9811 3.30823 3.17609 26.8582 877.379
212.138 64.8735 3.22041 2.99782 438.771 458.938
210.428 68.6408 3.19069 2.91723 82.9882 864.895
228.385 55.3279 3.27325 2.85754 30.6516 946.751
227.653 56.4191 3.37318 3.09744 52.4058 825.586
209.768 62.6893 3.31922 2.96454 105.513 404.047
211.063 63.7323 3.24926 2.99824 336.986 401.003
211.14 63.4057 3.27004 2.98312 280.43 376.458
218.594 60.1556 3.16935 2.94403 99.0502 162.774
218.628 60.118 3.1699 2.95964 124.537 167.334
218.674 60.1912 3.17421 2.9557 90.1257 161.889
218.614 60.172 3.1662 2.94154 137.208 161.83
218.547 60.1369 3.97927 3.97497 214.739 163.181
218.545 60.2663 3.19893 2.99478 93.6856 150.95
218.45 60.2235 3.19116 3.00132 116.938 152.145
218.556 60.2275 2.88303 2.88291 40.8703 154.876
218.652 60.1592 3.17152 2.94359 128.428 164.171
218.546 60.2176 3.18506 2.99748 113.106 155.502
218.626 60.2469 3.19018 3.00923 118.452 155.246
210.176 67.8516 3.21491 2.92694 81.9195 790.009
209.736 66.2066 3.21794 2.95891 171.161 644.392
210.418 68.0789 3.20655 2.92663 85.7401 808.158
211.301 69.7162 3.17809 2.85852 65.907 964.366
209.329 66.7192 3.22223 2.94701 186.963 701.241
198.722 65.4015 3.24578 2.90661 51.1257 1011.56
211.164 69.0223 3.17921 2.87032 79.2907 893.13
211.489 65.5114 3.22846 2.9742 194.918 534.98
194.662 64.5695 3.23974 2.91323 53.9454 1178.88
211.554 70.2036 3.17029 2.81846 75.2514 1013.31
211.306 69.424 3.17814 2.87181 90.7782 933.43
210.41 68.6274 3.19215 2.91556 52.4481 863.82
209.89 67.3812 3.22152 2.90841 104.869 749.929
210.457 65.825 3.21607 2.96056 176.207 590.737
210.84 64.6544 3.21216 2.96822 179.321 478.584
210.867 64.709 3.20993 2.98756 292.233 482.173
210.853 64.7716 3.21186 2.98667 181.896 487.775
210.847 64.8338 3.21042 2.97396 161.184 493.145
210.819 64.8857 3.20844 2.98169 175.853 498.377
210.44 64.87 3.20496 2.95014 213.581 509.147
210.174 64.8537 3.20644 2.93567 176.465 516.589
210.069 64.7653 3.21338 2.93258 256.388 513.204
210.917 64.5498 3.22189 2.98317 246.072 467.606
210.782 64.5716 3.21804 2.96476 200.328 473.843
210.554 64.5756 3.22048 2.93763 179.223 481.854
210.901 64.613 3.21651 2.975 246.061 473.246
211.172 64.6917 3.21167 2.99863 238.586 471.033
216.716 60.1205 2.95825 2.45568 240.568 141.453
215.271 60.5805 3.13508 3.13163 214.775 128.563
217.277 60.2474 3.20333 2.75679 156.844 127.654
218.049 60.1785 3.16079 2.91422 275.692 146.457
216.031 60.2361 3.09562 2.91017 263.041 137.82
218.652 60.2994 3.19461 3.00823 457.57 151.325
219.217 60.1294 3.16282 2.9499 508.188 185.616
216.221 60.072 2.94355 2.46127 240.395 151.838
218.856 60.4399 3.23076 3.10693 450.361 146.478
212.567 65.1173 3.23453 2.9745 60.5639 471.2
212.57 65.1176 3.23453 2.97495 58.931 471.163
209.768 62.6892 3.31928 2.96459 105.513 404.054
210.455 61.3427 3.26352 3.12782 53.4138 348.705
210.626 60.4754 3.26027 3.20535 51.2061 358.735
212.047 60.7098 3.2439 3.20951 114.47 276.63
211.068 60.8049 3.23033 3.29774 38.5275 325.035
209.968 60.4881 3.24233 3.22752 80.3086 392.598
210.253 60.4731 3.25562 3.24326 46.4484 378.232
210.813 60.8045 3.24674 3.13636 37.1541 338.557
209.81 60.4601 3.2573 3.24031 55.8313 401.847
