# evlo=191.145004 evla=52.972099
217.908 60.4896 3.10124 2.62657 72.0761 1822.02
217.507 60.403 3.08961 2.60795 31.3802 1798.14
218.338 61.0595 3.15921 2.6881 18.3999 1862.01
215.395 60.9677 3.15002 2.68675 62.8664 1707.86
209.013 64.0997 3.19286 2.66685 157.612 1606.95
209.094 59.7511 3.14553 2.57936 107.898 1335.06
209.259 59.7417 3.14402 2.59137 86.9114 1342.9
208.846 60.7683 3.15768 2.60971 32.5747 1377.69
207.685 63.8827 3.18892 2.66198 114.636 1542.97
208.763 59.5251 3.13466 2.58093 78.3714 1307.15
209.796 67.2269 3.16385 2.61257 30.7064 1880.34
218.66 60.9649 3.15118 2.72658 22.9197 1875.78
209.738 62.4058 3.18543 2.69692 108.003 1517.33
212.624 63.0753 3.2085 2.73166 87.6446 1681.51
214.225 61.1292 3.17312 2.6881 54.4517 1655.77
215.93 63.6482 3.14504 2.60491 54.1843 1856.66
214.25 60.5487 3.13548 2.63692 36.6882 1633
196.582 54.8564 3.33804 2.97144 77.8037 414.133
213.401 60.7277 3.15581 2.61785 72.1973 1597.25
209.784 61.1426 3.15892 2.68184 22.5707 1442.69
203.121 64.7461 3.17264 2.63562 66.2068 1476.79
211.074 61.771 3.20173 2.60734 56.4683 1537.57
212.904 60.8792 3.16942 2.61793 77.7915 1579.12
215.271 60.5805 3.18901 2.60426 75.3235 1686.81
218.244 60.7315 3.13847 2.65064 29.1133 1846.95
213.052 64.4091 3.20291 2.77979 46.6354 1781.49
213.497 60.396 3.14317 2.64515 36.3323 1588.21
208.348 59.6572 3.14697 2.55803 131.787 1292.93
217.659 60.6024 3.11506 2.63496 77.5099 1812.26
215.581 59.9268 3.04723 2.45317 31.1563 1680.71
216.749 60.4427 3.09514 2.59671 48.4763 1759.28
214.077 61.4924 3.16513 2.6511 77.8124 1664.7
211.542 61.4131 3.15846 2.61067 102.408 1539.58
197.4 66.8951 3.1633 2.54412 42.2812 1588.15
217.277 60.2474 3.06078 2.53544 16.6608 1781.25
218.995 60.824 3.14856 2.67891 16.3797 1889.14
211.063 63.7318 3.20404 2.75993 89.6176 1658.57
211.768 64.9602 3.18791 2.6557 47.765 1769.79
218.049 60.1785 3.06069 2.54241 40.0357 1820.73
209.256 65.0304 3.19673 2.68929 121.991 1686.35
210.931 64.5928 3.19844 2.7018 86.0753 1713.01
214.475 65.5174 3.20888 2.72324 76.2818 1908.04
207.811 62.8962 3.19471 2.7051 84.2336 1473.24
217.533 61.1871 3.24546 2.64899 19.8268 1824.85
211.667 60.8584 3.16616 2.60826 94.8797 1517.26
210.261 61.0889 3.14496 2.59019 118.359 1461.95
197.092 68.0541 3.15058 2.50608 40.5978 1709.96
215.154 63.7399 3.21252 2.7354 84.7979 1827.99
218.652 60.2994 3.08276 2.59695 60.5299 1856.38
211.14 63.4056 3.20121 2.77813 50.3494 1640.11
211.668 61.807 3.13568 2.58507 59.8432 1566.73
212.671 61.832 3.15563 2.59299 46.66 1614.42
216.01 63.9761 3.21294 2.73165 80.549 1877.58
214.792 60.5341 3.19727 2.62374 31.9301 1660.33
208.468 61.98 3.1931 2.70892 81.8221 1435.98
209.777 60.5117 3.1525 2.56411 150.56 1407.77
189.752 57.1766 3.15216 2.39468 98.1912 476.417
209.253 61.4636 3.19487 2.70657 95.1883 1437.39
216.221 60.072 3.01596 2.35887 18.302 1719.53
210.547 60.1043 3.14901 2.60598 84.1499 1425.37
218.856 60.4399 3.10749 2.56777 38.1022 1871.03
192.073 65.5598 3.18672 2.65507 17.8046 1403.2
209.711 63.4502 3.19673 2.73938 81.1991 1586.29
193.495 53.8452 3.3226 3.00069 359.184 184.039
211.449 62.8295 3.20163 2.72194 157.517 1616.52
211.415 62.9628 3.19976 2.71866 128.12 1623.28
211.462 62.6812 3.20599 2.72695 70.2926 1608.05
212.058 62.8349 3.20861 2.73735 48.2869 1642.92
211.771 63.0624 3.20181 2.72324 99.1923 1644.48
212.26 62.5808 3.20954 2.71023 79.8583 1636.85
211.152 62.8331 3.19768 2.71558 170.394 1604.15
217.147 60.448 3.09427 2.60727 54.1561 1780.46
211.908 64.4716 3.19853 2.71186 132.413 1741.27
218.249 60.3583 3.08632 2.60451 64.4871 1836.38
213.052 64.4091 3.20291 2.77979 46.6354 1781.49
198.736 59.2533 3.13207 2.50713 104.459 842.739
200.175 59.1767 3.14941 2.55921 80.6895 889.202
201.907 59.5938 3.15807 2.59001 148.685 991.546
202.905 59.7733 3.16078 2.60588 121.351 1046.64
204.792 59.8542 3.16328 2.61863 128.44 1134.83
205.68 60.1952 3.17317 2.63649 98.802 1197.21
207.376 60.0815 3.17222 2.63168 97.5154 1268.76
210.276 60.4814 3.15671 2.57253 138.381 1430.47
223.909 60.7704 3.11009 2.65523 18.75 2149.58
203.561 59.1953 3.14175 2.56877 144.686 1035.13
204.771 59.3922 3.14695 2.57318 139.222 1104.03
206.768 59.6524 3.15759 2.59454 101.508 1214.89
212.597 59.9979 3.12657 2.58743 34.8382 1525.59
212.566 65.1171 3.19075 2.66045 102.573 1810.1
204.113 58.2637 3.0821 2.42848 77.5168 1004.63
204.991 58.6484 3.1096 2.46792 88.225 1070.49
206.355 58.9287 3.11786 2.53491 49.6272 1154.55
207.606 58.6097 3.08542 2.45135 64.7834 1203.63
202.426 57.5673 3.03979 2.33826 56.2383 879.066
203.613 57.6397 3.03264 2.30777 53.6975 944.857
197.939 55.703 3.24428 2.85943 39.0728 535.989
210.428 68.6408 3.19146 2.69275 85.3719 2017.15
209.931 62.7622 3.05962 2.53806 72.2025 1548.57
211.063 63.7323 3.20415 2.76002 89.6176 1658.62
211.14 63.4057 3.20122 2.77814 50.3494 1640.11
218.547 60.1369 3.33931 2.85073 75.3233 1846.46
217.908 60.4896 3.10124 2.62657 72.0761 1822.02
217.507 60.403 3.08961 2.60795 31.3802 1798.14
218.338 61.0595 3.15922 2.68811 18.3999 1862.01
215.271 60.5805 3.18901 2.60426 75.3235 1686.81
218.244 60.7315 3.13847 2.65064 29.1133 1846.95
217.659 60.602 3.11499 2.63491 77.5099 1812.23
216.749 60.4427 3.09514 2.59671 48.4763 1759.28
217.277 60.2474 3.06078 2.53544 16.6608 1781.25
218.995 60.8241 3.14856 2.67891 16.3797 1889.14
218.049 60.1785 3.06069 2.54241 40.0357 1820.73
217.533 61.187 3.24548 2.649 19.8268 1824.85
218.652 60.2994 3.08276 2.59695 60.5299 1856.38
216.221 60.072 3.01596 2.35887 18.302 1719.53
218.856 60.4399 3.10749 2.56777 38.1022 1871.03
212.567 65.1173 3.19165 2.66455 25.75 1810.13
212.57 65.1176 3.19134 2.65861 27.0661 1810.25
