# evlo=211.139801 evla=63.405602
194.627 64.5646 3.33934 3.11863 45.8751 816.281
217.908 60.4896 3.28541 3.11381 253.317 481.039
217.654 61.036 3.26678 3.00361 236.301 429.269
217.507 60.403 3.24228 2.99138 149.408 472.854
218.338 61.0595 3.27137 3.02259 173.46 456.158
220.363 59.9534 3.24179 3.04956 129.25 620.707
216.3 60.3932 3.23531 2.9575 127.001 431.334
225.144 58.5792 3.28204 3.07739 85.783 926.191
216.716 60.1205 3.14562 2.7619 111.087 469.468
215.395 60.9677 3.27079 2.94667 214.724 350.457
209.013 64.0997 3.20987 2.90647 351.781 130.42
209.259 59.7417 3.27587 3.09522 114.836 420.308
208.846 60.7683 3.06509 2.45497 198.785 317.364
207.916 63.4188 3.20184 3.09004 85.0527 161.061
212.195 64.6453 3.22391 2.77836 302.688 147.503
207.685 63.8827 3.24269 2.8207 275.539 179.25
209.796 67.2269 3.19038 2.79626 257.447 430.617
216.907 60.7523 3.27945 3.07434 300.501 421.959
218.66 60.9649 3.26722 3.03869 168.267 476.373
209.738 62.4058 3.30072 2.96127 363.563 132.282
217.513 60.0823 3.20012 2.85833 259.131 500.098
214.225 61.1292 3.27158 3.00649 181.019 299.999
215.93 63.6482 3.23564 2.99107 151.01 239.834
214.25 60.5487 3.22984 2.95468 209.236 357.632
213.401 60.7277 3.29801 3.07509 209.228 320.964
209.784 61.1426 3.26633 2.88552 284.169 261.844
214.766 66.5657 3.23993 2.81817 263.049 391.546
188.296 63.7758 3.16461 2.69866 89.9617 1128.78
203.121 64.7461 3.23407 2.83745 195.437 418.527
211.074 61.771 3.32886 3.13514 313.228 182.216
216.188 61.4417 3.25401 3.01659 431.392 340.326
212.904 60.8792 3.28574 3.03906 181.699 296.188
215.271 60.5805 3.2094 2.9387 147.491 381.937
216.679 60.2805 3.21361 2.85755 183.551 453.992
218.244 60.7315 3.27258 3.06217 203.371 475.751
213.052 64.4091 3.24066 2.90114 384.628 146.018
213.497 60.396 3.26566 2.96681 199.656 357.491
215.738 60.3351 3.19632 2.91071 161.966 418.86
208.348 59.6572 3.07377 2.48592 140.625 443.221
217.659 60.6024 3.28334 3.1057 268.73 462.491
225.615 58.2758 3.29588 3.07621 53.0839 969.231
215.581 59.9268 3.07792 2.63906 202.645 453.243
216.749 60.4427 3.23659 2.96788 199.091 442.23
217.639 60.9231 3.27728 3.05686 215.082 437.014
214.077 61.4924 3.31526 2.96063 315.669 261.602
211.542 61.4131 3.32128 3.14729 249.65 223.036
197.4 66.8951 3.19107 2.79557 119.837 750.491
217.277 60.2474 3.21716 2.9258 138.183 477.568
218.995 60.824 3.26396 3.0215 172.284 500.388
216.976 61.3836 3.27003 2.98311 280.43 376.457
211.768 64.9602 3.21636 2.85682 309.874 175.975
218.049 60.1785 3.23936 2.99236 228.718 511.553
209.256 65.0304 3.16308 2.6839 397.238 202.898
210.931 64.5928 3.17526 2.86358 255.244 132.74
216.031 60.2361 3.18432 2.86911 164.687 437.023
191.145 52.9721 3.20121 2.77813 50.3494 1640.11
214.53 62.9699 3.39736 3.09189 155.931 177.442
219.747 60.0959 3.24871 2.99951 208.894 584.674
220.599 59.667 3.23421 3.02223 103.881 652.129
214.475 65.5174 3.28299 2.91199 231.543 284.865
207.811 62.8962 3.22186 3.0214 269.565 177.149
217.533 61.1871 3.26328 2.97923 251.127 413.427
211.667 60.8584 3.3008 3.09208 144.58 285.205
215.323 60.3863 3.17278 2.92073 143.488 401.797
210.261 61.0889 3.28163 3.12116 246.782 262.197
197.092 68.0541 3.17271 2.83164 207.016 823.908
215.154 63.7399 3.22877 2.97844 235.604 202.821
218.652 60.2994 3.2598 3.05202 151.843 525.039
219.217 60.1294 3.24344 3.02189 185.552 560.69
211.668 61.807 3.36121 3.101 287.007 180.227
212.671 61.832 3.33085 2.93311 247.268 192.181
216.01 63.9761 3.25495 2.93263 378.603 249.096
214.792 60.5341 3.215 3.0046 180.175 372.828
208.468 61.98 3.23768 2.96763 442.979 209.63
209.777 60.5117 3.28677 3.07569 182.969 330.324
189.752 57.1766 3.21198 2.76014 93.4497 1361.87
209.253 61.4636 3.28539 3.00348 181.871 237.338
217.161 60.1791 3.20286 2.85165 227.739 479.392
216.221 60.072 3.15077 2.74237 89.0461 458.092
210.547 60.1043 3.30767 3.0936 180.503 369.226
218.856 60.4399 3.27107 3.06677 194.332 522.405
217.171 60.7541 3.28024 3.10197 334.3 431.723
192.073 65.5598 3.22823 2.83721 143.62 943.687
193.495 53.8452 3.20683 2.79915 57.9521 1468.58
216.546 61.2275 3.26157 3.05748 366.674 370.595
217.147 60.448 3.2347 2.98407 218.765 455.929
218.249 60.3583 3.27465 3.11382 167.505 504.627
226.475 68.3065 3.29977 2.89931 110.556 884.15
212.138 64.8736 3.22758 2.83429 216.624 170.715
198.929 70.2043 3.18868 2.60626 56.7884 925.378
203.383 71.3221 3.06568 2.57312 95.2691 941.923
234.753 71.9871 3.19148 2.86059 19.9535 1367.44
198.198 69.3641 3.08606 2.70464 140.588 877.606
202.84 70.0079 3.04971 2.54143 84.6889 820.717
205.387 69.6211 3.11176 2.67313 72.7111 738.092
206.58 70.34 3.05075 2.52794 97.612 798.196
194.656 68.2746 3.16122 2.82726 105.031 923.721
196.822 68.4753 3.16525 2.83588 98.8819 858.989
198.806 68.6483 3.157 2.83311 141.151 806.342
200.413 69.1049 3.12497 2.749 104.617 795.411
205.217 69.1565 3.11395 2.72131 83.3894 693.51
209.387 69.836 3.08725 2.62033 96.5078 721.204
211.299 69.72 3.14016 2.75803 107.508 704.184
215.088 69.9175 3.15947 2.86632 66.4344 746.494
216.289 69.626 3.18089 2.839 139.276 729.883
235.93 69.3475 3.27325 2.89759 224.283 1278.49
196.917 67.6988 3.1897 2.87205 74.2277 809.908
201.885 68.4946 3.16569 2.80806 140.992 705.041
203.387 68.7132 3.15087 2.73877 107.84 687.044
207.318 68.8799 3.14655 2.77399 97.8058 634.055
209.319 68.9656 3.13668 2.72787 145.482 625.33
211.177 69.1532 3.14396 2.7622 107.039 640.922
213.625 69.322 3.1832 2.92106 37.673 668.921
219.035 69.243 3.22586 2.80794 67.5743 739.607
221.263 69.3286 3.21062 2.83227 77.3 798.743
198.174 67.082 3.20812 2.8772 106.215 729.508
199.397 67.4213 3.19449 2.84059 140.454 703.699
202.768 67.4572 3.20401 2.8839 190.059 594.857
203.811 68.2575 3.17245 2.77475 100.324 635.356
206.028 68.4414 3.17168 2.79911 84.2318 607.381
208.187 68.1343 3.17331 2.82327 161.007 544.192
210.384 68.0584 3.18395 2.80263 179.105 519.95
211.513 68.0748 3.18966 2.82456 112.134 520.91
214.432 68.1207 3.18825 2.81716 138.557 546.777
218.405 68.1861 3.24084 2.82236 89.4397 627.34
220.465 68.6043 3.24083 2.89656 91.5795 716.196
222.103 68.3889 3.24095 2.93528 87.3925 745.252
223.281 66.3701 3.23792 2.90264 310.67 661.783
193.671 65.4742 3.22589 2.83903 83.1838 869.16
195.352 65.7077 3.21652 2.84503 113.675 796.913
198.75 66.442 3.20725 2.84854 106.075 675.218
200.349 66.6001 3.21431 2.89043 111.565 619.95
202.227 66.8332 3.20827 2.88721 162.357 565.845
204.275 67.0486 3.20136 2.87754 173.084 517.168
206.517 67.2221 3.18358 2.76425 127.8 476.698
207.821 67.5076 3.17209 2.80666 140.539 482.397
212.113 67.5187 3.19962 2.86384 52.6645 460.806
214.357 67.5933 3.20031 2.83274 233.798 489.944
215.855 67.6946 3.23763 2.80877 133.669 525.153
220.128 67.6136 3.24738 2.94448 90.9301 625.821
224.214 67.6106 3.21828 2.87139 141.667 762.913
226.258 67.441 3.24603 2.89976 197.866 830.443
195.961 64.9941 3.23455 2.85553 48.6525 756.344
197.645 65.3936 3.21129 2.84035 119.465 685.969
199.349 65.5011 3.20668 2.82318 128.918 612.626
201.346 65.895 3.20691 2.85089 81.6719 543.3
202.913 66.1434 3.19598 2.86782 179.294 495.684
206.494 66.5156 3.20627 2.79405 206.086 410.127
208.493 66.9214 3.17591 2.78893 155.411 411.082
209.976 66.7108 3.18837 2.7831 201.139 372.54
212.525 66.7004 3.22749 2.90078 143.017 373.065
213.899 66.7653 3.20191 2.81686 126.561 396.321
216.215 66.9498 3.24806 2.91101 102.328 460.89
218.345 66.8088 3.24217 2.95378 147.501 507.898
221.978 66.9116 3.24602 2.92 125.896 639.749
223.778 66.9808 3.24379 2.91448 202.814 711.611
225.729 66.9227 3.23991 2.89239 161.076 785.746
197.761 64.6379 3.24363 2.82403 36.4804 667.064
200.087 64.937 3.21105 2.83625 92.1271 563.106
201.637 65.1527 3.21317 2.80878 120.324 499.242
203.551 65.5276 3.20145 2.89227 153.04 434.654
205.119 65.4924 3.1877 2.85423 171.752 371.416
207.195 65.6571 3.1857 2.78817 401.444 314.297
208.623 65.8937 3.18325 2.70323 133.01 302.296
210.457 65.8251 3.16576 2.75693 230.239 271.711
212.122 65.8371 3.19967 2.91198 186.899 275.113
214.18 66.267 3.22849 2.81875 77.9287 350.045
214.181 66.267 3.22695 2.81546 135.963 350.064
218.473 66.2305 3.24844 2.90938 164.728 469.07
221.631 66.2191 3.23902 2.93219 219.161 587.795
225.657 65.8052 3.26722 2.95463 145.82 742.58
214.843 62.3987 3.33182 3.04153 304.293 219.151
213.052 64.4091 3.24066 2.90114 384.628 146.018
199.305 63.8864 3.44456 3.05779 55.252 588
205.522 64.7962 3.20994 2.8911 134.439 314.58
208.018 65.18 3.15961 2.79276 326.277 248.899
210.64 65.1479 3.15253 2.72982 308.408 195.738
216.846 65.3064 3.26441 2.95306 295.054 347.475
218.385 65.6035 3.25847 2.95944 258.832 425.29
220.064 65.4483 3.25315 2.95345 219.946 486.006
221.694 65.3609 3.27249 2.96273 213.228 553.163
223.623 65.2225 3.29467 3.0127 117.265 635.779
196.446 62.7492 3.21487 2.86952 59.4126 744.538
199.398 63.2842 3.23228 2.93962 75.0558 587.297
200.922 63.3965 3.23476 2.92311 63.9912 510.094
203.285 63.465 3.19603 2.93941 127.843 391.916
204.379 63.994 3.27308 2.89154 114.462 340.582
205.853 64.1767 3.23724 2.73081 162.225 274.321
214.63 64.613 3.22788 2.9649 334.746 217.362
216.201 64.5654 3.24588 2.9365 52.3605 279.376
216.436 64.5012 3.26144 2.96935 331.836 286.782
221.784 64.453 3.28078 2.97756 108.107 534.372
221.784 64.4525 3.27888 2.97686 57.4888 534.336
223.67 64.5753 3.24882 2.98784 62.1293 625.915
195.344 61.9331 3.22572 2.91966 62.3254 823.651
198.469 62.2938 3.22057 2.85887 101.801 655.998
201.699 62.7161 3.23559 2.8839 123.522 483.103
205.93 63.3569 3.20601 2.96469 272.516 260.532
214.222 63.8036 3.26477 3.00066 271.797 159.213
217.924 64.0292 3.26858 2.9436 229.521 342.275
222.48 63.8433 3.27516 2.97569 151.471 563.687
197.317 61.3416 3.25077 2.91407 112.535 749.738
198.513 61.678 3.23841 2.89696 122.285 676.485
200.525 61.7105 3.22542 2.89925 114.342 576.935
201.703 62.1344 3.22513 2.89735 121.526 501.822
203.311 62.2195 3.22872 2.91854 112.465 420.231
205.146 62.1816 3.25042 2.982 193.676 334.758
206.12 62.4787 3.23841 3.02178 294.581 274.913
216.652 63.0254 3.2972 3.04142 134.229 280.397
218.173 63.0618 3.28166 3.02571 217.749 355.403
221.871 63.109 3.30173 3.05918 130.747 539.367
193.799 60.3849 3.25828 2.90981 51.844 968.229
196.65 60.4135 3.22269 2.86057 90.8846 828.936
198.04 60.7515 3.22947 2.89858 103.394 744.077
199.312 60.6947 3.22253 2.88638 72.8592 687.201
201.041 61.0224 3.23589 2.92971 110.937 587.899
202.562 61.4009 3.23958 2.89002 98.1032 496.054
204.176 61.4907 3.25396 3.0666 141.773 417.781
205.609 61.9037 3.24043 3.03623 161.107 329.151
206.868 61.8823 3.22696 3.04037 303.525 277.078
209.88 61.7531 3.30719 2.98429 268.468 195.23
212.274 61.7929 3.29338 3.1387 229.517 188.939
213.825 62.1067 3.26803 3.1347 379.098 199.425
217.004 62.4013 3.2934 3.06589 151.162 318.303
218.122 62.3579 3.30511 3.18785 169.853 373.715
221.538 62.4435 3.28351 3.01015 81.5112 538.381
223.206 62.5763 3.32472 3.0199 53.299 617.634
225.609 62.2024 3.30163 3.06778 35.8733 748.518
198.315 59.9237 3.23893 2.95634 64.7039 780.399
199.908 60.1686 3.23869 2.9325 70.8309 692.393
201.231 60.4742 3.25748 3.02149 103.633 613.313
202.813 60.5269 3.25788 3.0112 219.068 541.268
204.11 60.6801 3.25803 3.02811 221.052 476.572
205.516 60.8132 3.23831 3.03201 323.64 411.646
207.791 61.2001 3.24562 2.88773 233.326 300.911
215.402 61.6061 3.24039 2.98355 338.826 297.301
222.911 61.4593 3.31311 3.06647 97.6635 644.467
224.22 61.4862 3.29158 3.0514 85.199 706.971
226.918 61.1512 3.29409 3.01976 98.0289 854.33
198.736 59.2533 3.25868 2.99325 84.2227 807.317
200.175 59.1767 3.26306 3.0077 157.934 751.707
201.907 59.5938 3.25877 3.02862 226.343 648.699
202.905 59.7733 3.27357 3.07179 198.117 595.037
204.792 59.8542 3.25246 2.99049 250.961 519.094
205.68 60.1952 3.24494 2.9617 334.254 458.94
207.376 60.0815 2.97145 2.27013 75.4082 420.285
210.276 60.4814 3.29625 3.06001 216.47 329.019
219.809 60.7718 3.25599 3.06437 97.844 539.069
221.424 60.3024 3.23131 3.02729 85.1457 641.375
223.909 60.7704 3.31913 3.01863 44.2093 727.335
190.452 56.6011 3.23025 2.86494 48.0753 1371.36
202.009 59.0314 3.27405 3.05786 107.276 690.383
203.561 59.1953 3.27101 2.98994 316.61 619.779
204.771 59.3922 3.28342 3.0268 232.174 561.42
212.597 59.9979 3.27224 3.00921 110.861 387.477
222.262 59.6304 3.3369 3.25084 30.0427 724.666
223.04 60.1218 3.23482 2.94566 43.78 725.572
226.285 59.5898 3.2241 2.95223 29.6061 908.768
212.566 65.1171 3.21468 2.84234 246.09 202.935
203.344 58.6774 3.28055 2.98376 190.331 673.593
204.113 58.2637 3.301 3.03522 54.6493 687.836
204.991 58.6484 3.27602 2.96196 66.5414 625.072
213.66 59.4296 3.11779 2.60908 170.197 462.965
227.731 58.9601 3.25704 2.93306 26.655 1016.56
202.426 57.5673 3.27361 2.95898 73.1439 806.401
224.26 58.4133 3.14658 2.83086 20.7719 900.652
225.482 58.2747 3.29484 3.06124 44.7201 963.525
229.033 59.3946 3.32688 3.04313 31.1225 1050.59
197.939 55.703 3.21017 2.82185 39.7782 1132.97
200.447 56.2848 3.2052 2.70864 33.9038 991.638
225.424 57.4688 3.24329 3.0331 20.2044 1023.72
228.869 57.9128 3.2771 3.06827 58.5665 1140.76
229.75 56.9811 3.28274 3.06993 40.7604 1248.94
212.138 64.8735 3.228 2.82385 244.521 170.702
210.428 68.6408 3.16925 2.78713 210.83 584.646
226.879 56.1146 3.26169 2.99466 22.9276 1195.1
229.974 55.9154 3.20905 3.07702 15.3922 1341.77
228.385 55.3279 3.30124 2.99247 18.9177 1323.17
218.842 64.7774 3.27779 2.98014 342.715 405.254
210.921 64.5797 3.15857 2.87542 119.643 131.319
209.336 62.3551 3.26884 2.99105 63.1197 148.76
209.196 62.5277 3.23205 2.95186 203.367 138.906
209.686 62.3147 2.90967 2.92105 62.9286 142.347
209.939 62.15 3.30494 2.94334 200.715 152.783
218.547 60.1369 4.07459 4.10441 149.06 533.815
217.908 60.4896 3.28541 3.11381 253.317 481.039
217.507 60.403 3.24228 2.99138 149.408 472.854
218.338 61.0595 3.2714 3.02262 173.46 456.163
216.296 60.3923 3.23507 2.95728 127.001 431.302
216.716 60.1205 3.14562 2.7619 111.087 469.468
215.271 60.5805 3.2094 2.9387 147.491 381.937
216.679 60.2805 3.21361 2.85755 183.551 453.992
218.244 60.7315 3.27258 3.06217 203.371 475.751
217.659 60.602 3.28343 3.10578 268.726 462.504
216.749 60.4427 3.23659 2.96788 199.091 442.23
217.639 60.9231 3.27722 3.0568 215.082 437.006
217.277 60.2474 3.21716 2.9258 138.183 477.568
218.995 60.8241 3.26392 3.02146 172.284 500.381
216.976 61.3836 3.27003 2.98311 280.43 376.457
218.049 60.1785 3.23936 2.99236 228.718 511.553
216.031 60.2361 3.18432 2.86911 164.687 437.023
217.533 61.187 3.2634 2.97934 251.127 413.442
218.652 60.2994 3.2598 3.05202 151.843 525.039
219.217 60.1294 3.24344 3.02189 185.552 560.69
216.221 60.072 3.15077 2.74237 89.0461 458.092
218.856 60.4399 3.27107 3.06677 194.332 522.405
216.546 61.2275 3.26157 3.05748 366.674 370.595
