# evlo=217.161194 evla=60.1791
194.627 64.5646 3.19129 2.85699 76.8164 1256.03
220.363 59.9534 2.87467 2.19728 415.87 180.055
215.395 60.9677 2.94612 2.50375 286.342 130.76
209.013 64.0997 3.20327 2.83464 186.167 608.679
209.094 59.7511 2.91891 2.48269 116.665 452.868
209.259 59.7417 2.90626 2.46789 139.326 443.901
210.701 64.1732 3.20241 2.87505 112.725 557.475
208.846 60.7683 2.95754 2.49321 138.218 461.7
207.916 63.4188 3.20035 2.85815 121.773 605.821
207.685 63.8827 3.20573 2.8774 93.8477 644.195
208.763 59.5251 2.90679 2.45798 110.913 475.996
209.796 67.2269 3.27276 3.19946 68.4078 864.574
209.738 62.4058 3.18825 2.8352 192.994 468.578
221.785 59.0906 2.88756 2.25558 31.3108 287.554
212.624 63.0753 3.19091 2.83614 157.29 402.381
214.225 61.1292 3.00118 2.536 206.204 192.316
215.93 63.6482 3.17061 2.84315 132.587 391.964
214.25 60.5487 2.7534 2.22486 263.24 165.836
213.401 60.7277 2.84265 2.36285 239.025 215.729
209.784 61.1426 3.02276 2.69253 78.0424 417.219
214.766 66.5657 3.21142 2.88673 96.0343 721.775
188.296 63.7758 3.16473 2.76433 78.9824 1550.89
203.121 64.7461 3.20389 2.86442 70.656 882.383
211.074 61.771 3.1135 2.85453 171.96 374.114
216.188 61.4417 3.20539 2.62732 206.058 150.33
212.904 60.8792 2.91602 2.55493 162.191 246.362
213.497 60.396 2.75509 2.32314 202.879 204.121
208.348 59.6572 2.944 2.55383 80.2636 496.002
214.077 61.4924 3.07778 2.73051 282.383 222.546
211.542 61.4131 3.06965 2.79672 98.1918 335.343
197.4 66.8951 3.19197 2.79085 66.0934 1226.56
209.077 63.5527 3.20312 2.90385 134.186 567.047
216.976 61.3836 3.17203 2.73604 121.331 134.59
211.063 63.7318 3.19948 2.8767 148.785 508.641
209.256 65.0304 3.19518 2.83461 86.6874 675.118
210.931 64.5928 3.20397 2.87334 72.9903 587.522
219.747 60.0959 2.83373 2.12271 384.458 144.006
220.599 59.667 2.80852 2.07986 390.621 200.513
214.475 65.5174 3.21256 2.88574 87.4471 610.385
207.811 62.8962 3.18516 2.83795 110.713 581.47
211.667 60.8584 2.96423 2.62948 117.803 311.03
210.261 61.0889 3.01094 2.69705 151.328 390.802
197.092 68.0541 3.19134 2.83538 97.2005 1303.27
215.154 63.7399 3.19528 2.8281 79.3441 410.52
211.14 63.4056 3.20286 2.85165 227.739 479.392
211.668 61.807 3.1286 2.8016 168.8 348.074
212.671 61.832 3.117 2.78073 221.357 304.731
216.01 63.9761 3.17007 2.86557 157.338 427.404
214.792 60.5341 2.74334 2.26192 237.451 136.628
208.468 61.98 3.13226 2.81894 85.3077 509.779
209.777 60.5117 2.99518 2.59243 196.056 409.203
189.752 57.1766 3.16656 2.77656 24.989 1612.33
209.253 61.4636 3.03542 2.7427 107.278 453.12
210.547 60.1043 2.88145 2.4281 158.22 367.411
192.073 65.5598 3.20454 2.88191 74.8045 1398.17
209.711 63.4502 3.19971 2.88234 107.18 535.259
211.449 62.8295 3.20232 2.89092 191.914 423.675
211.415 62.9628 3.19562 2.85443 77.0411 434.969
211.462 62.6812 3.19576 2.86262 146.173 412.362
212.058 62.8349 3.19202 2.82884 110.319 401.538
211.771 63.0624 3.19695 2.82986 112.309 429.827
212.26 62.5808 3.17207 2.83353 159.736 374.35
211.152 62.8331 3.20635 2.88412 199.427 435.376
211.908 64.4716 3.07735 2.4481 54.9007 550.06
227.048 56.8144 3.09751 2.29544 63.4633 686.548
229.75 56.9811 3.06984 2.40293 63.8822 812.656
229.974 55.9154 3.12833 2.42628 36.7202 891.098
228.385 55.3279 3.13629 2.46642 18.6615 857.423
227.653 56.4191 3.1165 2.33368 96.8446 742.938
211.063 63.7323 3.19963 2.87683 148.785 508.665
211.14 63.4057 3.20287 2.85166 227.739 479.395
216.976 61.3836 3.17203 2.73604 121.331 134.59
