# evlo=211.299103 evla=69.720001
217.908 60.4896 3.30167 2.86776 65.3478 1073.47
217.507 60.403 3.18103 2.86525 62.2281 1077.75
218.338 61.0595 3.28413 2.90351 39.5709 1017.96
220.363 59.9534 3.19437 2.8515 99.6654 1167.83
225.144 58.5792 3.19937 2.8235 46.2412 1405.34
209.013 64.0997 3.13358 2.72825 88.5297 634.607
209.094 59.7511 3.10133 2.6051 45.121 1116.18
209.259 59.7417 3.17445 2.86391 52.3571 1116.53
210.701 64.1732 3.11715 2.69961 101.259 619.126
213.401 60.7277 3.18584 2.86071 37.4217 1007.25
218.244 60.7315 3.2932 2.87659 69.4791 1051.91
217.639 60.9231 3.18277 2.87516 132.395 1023.06
218.995 60.824 3.18524 2.88092 29.9963 1053.01
216.976 61.3836 3.17855 2.85935 96.032 964.797
211.063 63.7318 3.13872 2.72439 84.183 667.868
217.533 61.1871 3.17249 2.84752 111.178 993.119
218.652 60.2994 3.28334 2.86334 39.5768 1104.19
211.14 63.4056 3.14016 2.75803 107.508 704.184
219.217 60.1294 3.16207 2.8893 63.5152 1130.76
218.856 60.4399 3.16922 2.90677 60.4948 1092.05
216.546 61.2275 3.1973 2.85891 52.5139 976.737
198.929 70.2043 2.94526 2.37579 42.4858 475.475
203.383 71.3221 3.06613 2.5114 166.956 344.327
205.026 71.0033 3.05972 2.50948 131.144 275.328
205.387 69.6211 2.86121 2.13122 106.477 229.49
206.58 70.34 3.02693 2.64251 105.319 192.707
194.656 68.2746 2.76427 2.00441 24.3053 682.851
200.413 69.1049 2.71887 1.88888 52.111 432.271
205.217 69.1565 2.8466 2.13931 88.0446 246.535
215.088 69.9175 2.99562 2.48656 88.098 147.562
216.289 69.626 3.05696 2.61309 129.752 193.744
196.917 67.6988 2.88522 2.32584 28.0698 623.274
207.318 68.8799 2.73261 2.02833 101.731 182.893
199.397 67.4213 2.9237 2.38526 35.851 547.762
202.768 67.4572 2.95254 2.32171 25.0867 429.04
203.811 68.2575 2.86159 2.2983 52.0436 340.94
206.028 68.4414 2.83322 2.20872 89.8595 253.831
210.384 68.0584 2.94888 2.36283 314.153 188.962
211.513 68.0748 3.03514 2.5056 157.878 183.72
214.432 68.1207 3.0697 2.7015 354.664 218.236
218.405 68.1861 3.18824 3.06487 145.876 332.05
220.465 68.6043 3.14436 2.83209 128.756 384.279
222.103 68.3889 3.16676 2.85979 102.377 455.327
223.281 66.3701 3.17343 2.79988 78.5793 622.541
195.352 65.7077 3.05514 2.59913 31.5982 806.284
198.75 66.442 3.03036 2.51498 24.1071 636.243
200.349 66.6001 3.03948 2.54771 29.391 571.308
202.227 66.8332 3.01412 2.49567 68.5631 493.315
206.517 67.2221 2.95627 2.42166 177.208 340.401
207.821 67.5076 2.93426 2.42309 286.764 284.418
212.113 67.5187 3.18715 3.27746 96.2121 247.76
214.357 67.5933 3.05605 2.69457 235.317 267.718
215.855 67.6946 3.08682 2.70195 365.111 291.651
220.128 67.6136 3.1571 2.89009 109.09 428.11
224.214 67.6106 3.14631 2.8046 82.1481 573.479
226.258 67.441 3.15335 2.8123 61.3049 658.609
197.645 65.3936 3.09482 2.66541 42.5081 753.07
199.349 65.5011 3.08809 2.66453 45.1421 690.413
201.346 65.895 3.04541 2.51566 60.1125 597.103
206.494 66.5156 3.02584 2.5889 251.6 409.252
208.493 66.9214 3.00973 2.56191 180.219 332.839
209.976 66.7108 3.06133 2.5771 163.985 340.068
213.899 66.7653 3.11137 2.75141 245.383 346.603
216.215 66.9498 3.08349 2.69943 282.049 369.254
218.345 66.8088 3.17617 2.98372 45.8647 435.711
221.978 66.9116 3.15653 2.75551 37.6042 539.358
225.729 66.9227 3.16425 2.80653 81.8124 669.693
197.761 64.6379 3.12175 2.71758 35.5791 812.07
200.087 64.937 3.07989 2.66633 49.123 717.086
201.637 65.1527 3.08405 2.67293 46.6666 654.808
203.551 65.5276 3.07015 2.60487 128.175 570.988
205.119 65.4924 3.08057 2.68553 135.869 539.219
207.195 65.6571 3.07448 2.66073 223.454 485.121
208.623 65.8937 3.08112 2.6499 153.235 441.326
210.457 65.8251 3.09487 2.75172 84.521 435.85
212.122 65.8371 3.12759 2.70227 118.222 434.45
214.18 66.267 3.12965 2.7833 56.5037 403.443
214.181 66.267 3.12728 2.79501 120.116 403.455
218.473 66.2305 3.15956 2.8136 178.127 490.975
221.631 66.2191 3.13537 2.78519 43.4988 581.473
199.305 63.8864 3.11289 2.68523 43.6558 834.481
205.522 64.7962 3.10362 2.70566 136.251 602.471
208.018 65.18 3.10885 2.68661 165.235 525.277
210.64 65.1479 3.1129 2.78371 77.0222 510.689
216.846 65.3064 3.10871 2.74731 304.86 545.752
218.385 65.6035 3.12714 2.75562 253.957 548.042
220.064 65.4483 3.09672 2.6682 53.0705 603.975
221.694 65.3609 3.18752 2.87596 120.908 656.26
223.623 65.2225 3.17638 2.87862 73.4121 725.226
196.446 62.7492 3.12739 2.69352 63.9918 1019.59
200.922 63.3965 3.13841 2.71869 70.0066 839.929
203.285 63.465 3.14798 2.75429 86.8218 781.389
204.379 63.994 3.1312 2.72217 137.691 706.062
205.853 64.1767 3.12246 2.73142 148.507 661.827
214.63 64.613 3.15317 2.7767 81.4588 587.335
216.436 64.5012 3.1569 2.80962 208.172 622.784
221.784 64.453 3.14913 2.80117 118.091 741.367
221.784 64.4525 3.14848 2.80654 100.047 741.399
223.67 64.5753 3.17032 2.80388 23.9847 782.583
195.344 61.9331 3.13771 2.69688 48.7183 1126.93
198.469 62.2938 3.15456 2.75595 55.7398 1007.98
201.699 62.7161 3.15177 2.7342 48.9316 890.255
205.93 63.3569 3.14596 2.74945 166.604 747.943
214.222 63.8036 3.17036 2.73722 102.54 672.032
217.924 64.0292 3.14743 2.80232 225.445 697.026
222.48 63.8433 3.15432 2.81303 207.26 816.892
197.317 61.3416 3.16676 2.76765 33.2604 1130.23
198.513 61.678 3.16489 2.75914 86.3522 1067.24
200.525 61.7105 3.16508 2.71803 93.4094 1017.53
201.703 62.1344 3.16892 2.80008 62.0375 949.486
203.311 62.2195 3.15404 2.76609 124.59 910.01
205.146 62.1816 3.15899 2.7445 123.725 884.898
206.12 62.4787 3.15507 2.75191 123.016 840.023
216.652 63.0254 3.15052 2.85346 52.8101 783.289
218.173 63.0618 3.17497 2.82981 196.328 802.387
221.871 63.109 3.212 2.94518 69.5876 872.805
193.799 60.3849 3.1534 2.7229 42.5827 1317.4
196.65 60.4135 3.17205 2.76374 42.6862 1238.61
198.04 60.7515 3.17743 2.7659 95.6795 1170.9
199.312 60.6947 3.18553 2.73803 67.4797 1147.47
201.041 61.0224 3.17734 2.81944 49.4767 1077.48
202.562 61.4009 3.15745 2.77387 88.4276 1009.21
204.176 61.4907 3.16778 2.76981 75.0776 973.029
205.609 61.9037 3.16134 2.75548 91.5084 908.637
206.868 61.8823 3.15191 2.75806 94.9055 896.563
209.88 61.7531 3.16108 2.7936 76.2634 890.651
212.274 61.7929 3.18679 2.87513 54.1758 884.993
213.825 62.1067 3.17129 2.8114 65.6862 856.502
217.004 62.4013 3.17886 2.96607 90.3143 855.132
218.122 62.3579 3.19591 2.78242 77.7742 875.996
221.538 62.4435 3.19126 2.87019 229.092 931.614
223.206 62.5763 3.16743 2.82357 105.677 957.33
198.315 59.9237 3.19027 2.77545 67.6958 1248.29
199.908 60.1686 3.1862 2.79957 87.3187 1188.82
201.231 60.4742 3.12549 2.65409 46.0665 1130.86
202.813 60.5269 3.17177 2.77045 124.646 1097.27
204.11 60.6801 3.17935 2.78421 84.186 1060.89
205.516 60.8132 3.17242 2.81022 86.3942 1028.03
207.791 61.2001 3.15551 2.79329 43.1512 963.381
222.911 61.4593 3.20627 2.91138 93.3426 1061.51
224.22 61.4862 3.18195 2.84354 122.237 1089.52
226.918 61.1512 3.19895 2.90666 69.1121 1191.83
198.736 59.2533 3.20056 2.78715 66.3105 1307.98
200.175 59.1767 3.16581 2.75058 57.4749 1286.93
201.907 59.5938 3.17876 2.78568 171.515 1211.59
202.905 59.7733 3.18302 2.78617 116.655 1176.2
204.792 59.8542 3.18643 2.79355 129.391 1141.06
205.68 60.1952 3.18663 2.80159 94.3329 1093.49
207.376 60.0815 3.1014 2.58211 42.096 1089.97
210.276 60.4814 3.19093 2.85638 69.0449 1031.12
219.809 60.7718 3.17987 2.83792 96.4205 1071.67
221.424 60.3024 3.19104 2.87279 270.474 1149.93
223.909 60.7704 3.19453 2.92921 58.952 1153.81
202.009 59.0314 3.18484 2.78409 173.532 1269.8
203.561 59.1953 3.19712 2.85844 61.9449 1228.7
204.771 59.3922 3.19718 2.82346 105.202 1191.56
206.768 59.6524 3.18911 2.85732 62.228 1142.27
212.597 59.9979 3.19222 2.87611 26.5434 1085.59
222.262 59.6304 3.19852 2.89313 262.136 1236.28
223.04 60.1218 3.20474 2.89794 206.111 1200.93
226.285 59.5898 3.21695 2.89134 105.105 1329.17
227.183 60.2114 3.21228 2.91562 56.9641 1290.26
212.566 65.1171 3.14244 2.74312 95.2716 516.187
203.344 58.6774 3.20783 2.8898 43.0344 1287.69
204.113 58.2637 3.21847 2.83902 75.3169 1322.46
204.991 58.6484 3.20678 2.85158 73.0326 1270.13
206.355 58.9287 3.18662 2.8398 66.5313 1225.57
207.606 58.6097 3.09943 2.63437 23.5304 1250.95
213.66 59.4296 3.1331 2.71907 34.42 1152.57
227.731 58.9601 3.22418 2.95603 50.7031 1428.37
202.426 57.5673 3.19905 2.83418 90.8953 1420.74
203.613 57.6397 3.21968 2.85922 57.9605 1396.67
205.548 57.5665 3.19386 2.85288 40.2172 1382.92
224.26 58.4133 3.22071 2.93222 177.33 1403.5
225.482 58.2747 3.21351 2.92409 38.2457 1444.21
229.033 59.3946 3.21959 2.90393 70.2025 1419.76
200.447 56.2848 3.16181 2.72426 69.9786 1589.53
223.768 57.9616 3.22714 2.92116 190.065 1440.68
225.424 57.4688 3.23579 2.96496 64.7565 1526.38
228.869 57.9128 3.29197 2.98237 28.036 1562.34
227.048 56.8144 3.3068 2.91087 74.6481 1630.16
212.138 64.8735 3.12784 2.78093 97.0202 541.704
226.879 56.1146 3.22758 2.88376 63.4774 1698.96
228.385 55.3279 3.23678 2.91799 68.3901 1814.71
218.842 64.7774 3.12962 2.76749 291.704 639.201
227.653 56.4191 3.23333 2.91773 77.2119 1684.9
209.931 62.7622 2.55866 2.21032 37.4371 778.252
211.063 63.7323 3.13846 2.72417 84.183 667.813
211.14 63.4057 3.14013 2.75801 107.508 704.178
210.84 64.6544 3.11281 2.71125 80.1591 565.28
210.867 64.709 3.11347 2.69929 92.2559 559.157
210.44 64.87 3.11767 2.75756 103.118 542.149
210.174 64.8537 3.11118 2.72757 79.39 544.854
210.069 64.7653 3.11387 2.73515 117.649 555.09
210.917 64.5498 3.1156 2.7112 94.1926 576.833
210.782 64.5716 3.11697 2.71483 89.0578 574.599
210.554 64.5756 3.11619 2.71681 95.1926 574.618
210.901 64.613 3.11409 2.71385 111.397 569.81
211.172 64.6917 3.11518 2.72139 58.4599 560.803
217.908 60.4896 3.30167 2.86776 65.3478 1073.47
217.507 60.403 3.18103 2.86525 62.2281 1077.75
218.338 61.0595 3.28414 2.90351 39.5709 1017.97
218.244 60.7315 3.2932 2.87659 69.4791 1051.91
217.639 60.9231 3.18276 2.87516 132.395 1023.05
218.995 60.8241 3.1852 2.88089 29.9963 1053
216.976 61.3836 3.17855 2.85935 96.032 964.797
217.533 61.187 3.17253 2.84756 111.178 993.132
218.652 60.2994 3.28334 2.86334 39.5768 1104.19
219.217 60.1294 3.16207 2.8893 63.5152 1130.76
218.856 60.4399 3.16922 2.90677 60.4948 1092.05
216.546 61.2275 3.1973 2.85891 52.5139 976.737
