# evlo=215.087799 evla=69.917503
217.507 60.403 3.29473 2.92616 53.3858 1066.64
218.338 61.0595 3.19013 2.88396 72.35 998.705
220.363 59.9534 3.21279 2.94811 76.7067 1137.53
225.144 58.5792 3.23843 3.00256 81.9959 1350.63
216.716 60.1205 3.14588 2.8196 37.294 1094.87
209.013 64.0997 3.17456 2.82501 97.539 700.003
209.094 59.7511 3.10162 2.65283 58.4707 1167.24
209.259 59.7417 3.0943 2.66023 41.5365 1166.46
210.701 64.1732 3.16087 2.83788 65.4294 668.065
213.401 60.7277 3.18772 2.86859 102.584 1027.54
215.271 60.5805 3.18464 2.90877 34.1732 1041.06
216.679 60.2805 3.16456 2.87925 27.7595 1076.96
218.244 60.7315 3.18353 2.89257 40.2226 1034.37
213.052 64.4091 3.15988 2.79526 206.533 620.53
216.749 60.4427 3.18215 2.89083 41.8541 1059.15
218.995 60.824 3.18445 2.91229 98.4032 1029.54
216.976 61.3836 3.17242 2.9146 81.3497 955.384
211.063 63.7318 3.15529 2.85207 89.204 711.748
216.031 60.2361 3.16586 2.83248 36.1773 1080.28
217.533 61.1871 3.17291 2.89502 50.5587 979.77
218.652 60.2994 3.18343 2.87725 48.0352 1084.89
211.14 63.4056 3.15947 2.86632 66.4344 746.494
219.217 60.1294 3.18393 2.88301 51.8376 1107.88
218.856 60.4399 3.19768 2.905 69.031 1070.84
216.546 61.2275 3.18006 2.90404 65.5495 971.197
198.929 70.2043 3.02488 2.64625 43.083 614.276
205.026 71.0033 3.03319 2.7769 61.3101 394.248
202.84 70.0079 3.00418 2.56862 28.5633 467.853
205.387 69.6211 2.90443 2.36477 65.6968 375.579
206.58 70.34 2.9556 2.41434 35.8016 326.009
194.656 68.2746 2.87135 2.31324 20.5091 830.018
196.822 68.4753 2.87308 2.32909 30.9697 738.908
198.806 68.6483 2.85668 2.27481 49.1191 656.341
200.413 69.1049 2.8391 2.20149 52.7281 579.154
205.217 69.1565 2.88664 2.36585 55.8616 394.064
211.299 69.72 2.99562 2.48656 88.098 147.562
235.93 69.3475 2.92696 2.53892 38.9215 808.382
201.885 68.4946 2.89274 2.28523 41.3965 545.597
207.318 68.8799 2.83157 2.13172 64.5815 326.169
209.319 68.9656 2.87729 2.20362 82.968 249.723
211.177 69.1532 3.06189 2.73928 75.2567 174.822
221.263 69.3286 3.0917 3.10968 62.3326 248.78
210.384 68.0584 3.15091 2.92568 136.729 279.974
211.513 68.0748 3.11539 2.85061 260.864 250.34
214.432 68.1207 3.06571 2.8685 306.066 202.137
218.405 68.1861 3.1282 2.83404 263.855 234.095
220.465 68.6043 3.1226 2.83146 83.4452 258.038
222.103 68.3889 3.13359 2.82819 59.4214 326.468
223.281 66.3701 3.4203 2.86814 73.6525 521.162
193.671 65.4742 3.14915 2.92078 21.9352 1026.2
195.352 65.7077 3.12516 2.778 23.7591 949.23
198.75 66.442 3.10835 2.74264 25.6717 777.48
200.349 66.6001 3.1332 2.84218 20.6271 710.361
202.227 66.8332 3.13146 2.81808 23.9768 629.251
212.113 67.5187 3.10626 2.88587 155.168 293.397
214.357 67.5933 3.07736 2.8008 290.996 260.93
215.855 67.6946 3.15979 2.86364 291.01 249.875
220.128 67.6136 3.29849 3.45277 44.3953 327.789
224.214 67.6106 3.09325 2.79702 38.0389 449.191
197.645 65.3936 3.15991 2.87465 29.1263 890.892
202.913 66.1434 3.17036 2.8409 17.5113 658.117
206.494 66.5156 3.17158 2.94879 67.2161 519.42
208.493 66.9214 3.14904 2.90358 125.322 429.67
209.976 66.7108 3.13985 2.86712 212.625 414.901
212.525 66.7004 3.15125 2.87272 166.377 374.017
213.899 66.7653 3.10392 2.77231 175.467 354.978
216.215 66.9498 3.1772 2.94522 228.548 334.225
218.345 66.8088 3.14711 2.85914 280.538 371.644
223.778 66.9808 3.12506 2.85213 67.2934 483.265
225.729 66.9227 3.12544 2.83502 37.8559 548.788
201.637 65.1527 3.26777 3.29847 34.1201 779.011
205.119 65.4924 3.18839 2.96542 56.603 647.906
207.195 65.6571 3.17038 2.89566 167.113 579.34
208.623 65.8937 3.16574 2.90782 175.614 523.896
210.457 65.8251 3.15856 2.84137 123.478 495.922
212.122 65.8371 3.14784 2.85491 121.696 471.74
214.18 66.267 3.11453 2.72608 72.013 408.905
214.181 66.267 3.11453 2.72918 105.15 408.901
218.473 66.2305 3.15713 2.84683 256.791 434.622
214.843 62.3987 3.1935 2.86283 88.242 838.483
213.052 64.4091 3.15988 2.79526 206.533 620.53
199.305 63.8864 3.22005 3.20854 25.5248 959.115
205.522 64.7962 3.19179 2.88934 67.6547 702.053
208.018 65.18 3.18534 2.9215 152.592 607.431
210.64 65.1479 3.1567 2.84858 138.764 564.429
216.846 65.3064 3.26501 3.14243 39.2009 519.627
218.385 65.6035 3.1488 2.85349 273.011 500.732
220.064 65.4483 3.17865 2.91801 202.551 540.851
221.694 65.3609 3.47144 3.00229 132.072 579.768
223.623 65.2225 3.18461 2.81393 39.2095 636.235
203.285 63.465 3.21637 2.91066 56.2027 885.36
204.379 63.994 3.20358 2.88869 67.0214 807.107
205.853 64.1767 3.19153 2.89808 154.117 754.202
214.63 64.613 3.14792 2.80207 119.18 591.91
216.436 64.5012 3.16103 2.87901 82.0674 606.82
221.784 64.453 3.21164 2.9595 160.243 673.94
221.784 64.4525 3.2134 2.95261 90.9362 673.981
223.67 64.5753 3.21767 2.9282 38.3732 700.18
201.699 62.7161 3.23514 2.95928 45.7671 998.04
205.93 63.3569 3.19785 2.91297 105.843 834.414
214.222 63.8036 3.1588 2.79909 131.618 682.858
217.924 64.0292 3.25888 3.16393 50.9572 668.067
222.48 63.8433 3.21604 2.98952 65.9167 749.674
198.513 61.678 3.22622 2.89287 21.7323 1183.39
200.525 61.7105 3.35845 2.93351 25.9821 1125.61
201.703 62.1344 3.22397 2.93615 28.44 1054.15
203.311 62.2195 3.20828 2.89104 113.778 1006.69
205.146 62.1816 3.19717 2.85495 85.3598 970.389
206.12 62.4787 3.19936 2.86974 126.77 920.457
216.652 63.0254 3.17275 2.86375 57.1987 771.653
218.173 63.0618 3.1721 2.92556 100.377 776.501
221.871 63.109 3.20104 2.92579 268.368 815.858
201.041 61.0224 3.22317 2.92871 44.1822 1180.08
202.562 61.4009 3.20746 2.88109 88.5748 1105.98
204.176 61.4907 3.21106 2.88648 69.5901 1061.27
205.609 61.9037 3.20439 2.8755 79.6832 989.849
206.868 61.8823 3.1909 2.85019 92.8832 969.146
209.88 61.7531 3.18025 2.83545 70.1944 940.13
212.274 61.7929 3.2089 2.87701 111.039 914.75
213.825 62.1067 3.1734 2.83066 113.013 872.791
218.122 62.3579 3.33617 2.88385 96.9641 853.76
221.538 62.4435 3.19889 2.92599 233.118 881.531
223.206 62.5763 3.21474 2.93388 89.1073 894.543
225.609 62.2024 3.30488 3.18106 34.8227 980.383
199.908 60.1686 3.23591 2.92914 50.9831 1292.99
201.231 60.4742 3.21529 2.90176 72.3786 1230.28
202.813 60.5269 3.20735 2.84561 70.8284 1189.03
204.11 60.6801 3.22145 2.90754 80.0061 1146.16
205.516 60.8132 3.20508 2.87403 86.08 1105.45
207.791 61.2001 3.18102 2.86467 40.2688 1027.04
222.911 61.4593 3.21377 2.95144 190.697 1007.41
224.22 61.4862 3.21467 2.88965 80.1502 1026.87
226.918 61.1512 3.23849 2.95529 44.6061 1115.61
200.175 59.1767 3.22552 2.90945 52.5959 1386.33
201.907 59.5938 3.21283 2.8662 123.867 1304.45
202.905 59.7733 3.22907 2.92665 56.7461 1264.67
204.792 59.8542 3.21813 2.89989 71.5351 1219.51
205.68 60.1952 3.2081 2.87769 69.072 1167.79
207.376 60.0815 3.19194 2.88871 73.0869 1153.24
210.276 60.4814 3.21229 2.92289 79.8317 1075.11
219.809 60.7718 3.31809 2.93759 79.2272 1042.38
221.424 60.3024 3.21919 2.94475 116.849 1111.15
223.909 60.7704 3.2259 2.95836 113.629 1096.88
202.009 59.0314 3.21762 2.85881 50.9948 1360.26
203.561 59.1953 3.23023 2.90413 43.6783 1311.83
204.771 59.3922 3.22503 2.90213 57.7397 1268.69
206.768 59.6524 3.19892 2.89105 77.6618 1208.27
212.597 59.9979 3.19573 2.8537 59.459 1111.95
222.262 59.6304 3.21969 2.93906 140.835 1194.63
223.04 60.1218 3.21636 2.95685 232.961 1152.4
226.285 59.5898 3.23968 2.92604 21.6537 1264.13
227.183 60.2114 3.23575 3.04278 48.1461 1217.59
212.566 65.1171 3.14084 2.82047 185.04 545.978
203.344 58.6774 3.23532 2.90847 80.1378 1370.37
204.113 58.2637 3.23514 2.91146 57.9567 1399.98
204.991 58.6484 3.22818 2.92581 56.7819 1343.91
206.355 58.9287 3.20292 2.8912 55.5986 1292.24
207.606 58.6097 3.17545 2.74987 33.0296 1309.38
213.66 59.4296 3.13011 2.70069 107.001 1171.16
227.731 58.9601 3.24179 2.95322 38.5326 1358.6
202.426 57.5673 3.22893 2.89418 73.1709 1504.9
203.613 57.6397 3.23714 2.92345 66.6004 1475.17
205.548 57.5665 3.20895 2.89121 45.2719 1451.05
224.26 58.4133 3.23603 2.97368 135.717 1354.32
225.482 58.2747 3.24083 2.97986 61.089 1388.78
229.033 59.3946 3.22957 2.89749 20.0933 1341.83
197.939 55.703 3.21443 2.78857 34.2341 1794.93
200.447 56.2848 3.18551 2.77357 68.6152 1679.41
223.768 57.9616 3.23966 2.97168 174.413 1395.8
225.424 57.4688 3.25027 2.99961 65.9948 1474.02
228.869 57.9128 3.21483 2.85834 24.0296 1491.26
227.048 56.8144 3.26124 2.97859 60.615 1571.62
229.75 56.9811 3.22308 2.89833 17.7278 1607.01
212.138 64.8735 3.15634 2.86051 78.6994 576.438
210.428 68.6408 3.05706 2.53005 67.8918 232.648
226.879 56.1146 3.2692 2.99977 89.9146 1643.38
228.385 55.3279 3.25843 2.97481 56.0555 1754.25
218.842 64.7774 3.16239 2.89166 268.563 595.273
227.653 56.4191 3.25348 2.96603 35.5616 1624.65
209.931 62.7622 2.67434 2.31701 102.584 829.958
211.063 63.7323 3.15503 2.85183 89.204 711.689
211.14 63.4057 3.15944 2.8663 66.4344 746.488
218.547 60.1369 3.37145 3.07932 34.1519 1102.13
210.84 64.6544 3.14707 2.80824 99.4298 614.502
210.867 64.709 3.14229 2.79408 116.629 608.294
210.853 64.7716 3.14242 2.79053 98.8956 601.747
210.847 64.8338 3.14296 2.80417 80.8662 595.155
210.819 64.8857 3.14172 2.82388 123.307 589.965
210.44 64.87 3.15114 2.83878 108.541 596.808
210.174 64.8537 3.15603 2.83365 102.977 602.393
210.069 64.7653 3.15322 2.82355 96.2972 613.317
210.917 64.5498 3.14942 2.81381 112.126 624.808
210.782 64.5716 3.14975 2.81606 138.901 624.143
210.554 64.5756 3.1502 2.81689 101.019 626.673
210.901 64.613 3.14893 2.82695 127.561 618.199
211.172 64.6917 3.1516 2.86044 85.2767 606.421
217.507 60.403 3.29473 2.92616 53.3858 1066.64
218.338 61.0595 3.19014 2.88396 72.35 998.705
216.716 60.1205 3.14588 2.8196 37.294 1094.87
215.271 60.5805 3.18464 2.90877 34.1732 1041.06
216.679 60.2805 3.16456 2.87925 27.7595 1076.96
218.244 60.7315 3.18353 2.89257 40.2226 1034.37
216.749 60.4427 3.18215 2.89083 41.8541 1059.15
218.995 60.8241 3.18441 2.91226 98.4032 1029.53
216.976 61.3836 3.17242 2.9146 81.3497 955.384
216.031 60.2361 3.16586 2.83248 36.1773 1080.28
217.533 61.187 3.17295 2.89506 50.5587 979.782
218.652 60.2994 3.18343 2.87725 48.0352 1084.89
219.217 60.1294 3.18393 2.88301 51.8376 1107.88
218.856 60.4399 3.19768 2.905 69.031 1070.84
216.546 61.2275 3.18006 2.90404 65.5495 971.197
