# evlo=202.768402 evla=67.457199
194.627 64.5646 3.23532 2.81939 34.8413 489.81
217.908 60.4896 3.22526 2.93569 26.8711 1068.36
217.654 61.036 3.21126 2.90322 74.2652 1011.77
217.507 60.403 3.21157 2.90028 25.537 1062.93
218.338 61.0595 3.2096 2.8928 57.51 1033.12
220.363 59.9534 3.20021 2.92047 55.4556 1198.93
216.3 60.3932 3.21642 2.90205 60.2205 1025.49
225.144 58.5792 3.25171 2.92202 21.7409 1489.33
216.716 60.1205 3.1801 2.82525 43.1851 1063.57
215.395 60.9677 3.22754 2.93307 74.9096 944.734
209.013 64.0997 3.21125 2.87648 172.815 470.64
209.094 59.7511 3.1726 2.78155 43.9625 913.433
209.259 59.7417 3.166 2.75113 62.889 917.214
210.701 64.1732 3.19747 2.86638 120.751 514.731
208.846 60.7683 3.17936 2.79912 57.4229 801.444
207.916 63.4188 3.22829 2.93818 77.168 509.312
212.195 64.6453 3.21632 2.85371 91.8185 528.984
204.378 55.8218 3.21156 2.88847 25.7162 1299.31
200.411 54.831 3.21633 2.81672 29.1944 1412.39
207.685 63.8827 3.23427 2.91995 83.3447 457.922
208.763 59.5251 3.18868 2.83974 51.2204 932.214
209.796 67.2269 3.19186 3.03916 196.395 303.164
216.907 60.7523 3.23176 2.93601 47.0211 1012.11
218.66 60.9649 3.20602 2.89933 55.1447 1052.37
209.738 62.4058 3.21524 2.89191 52.8024 651.673
217.513 60.0823 3.20188 2.87291 60.5834 1092.18
212.624 63.0753 3.19858 2.90955 115.106 669.77
214.225 61.1292 3.38532 2.94142 99.8871 894.527
215.93 63.6482 3.22395 2.90011 34.9026 739.362
213.401 60.7277 3.24014 2.92606 73.0154 909.303
215.271 60.5805 3.21305 2.88155 52.5769 976.782
216.679 60.2805 3.20987 2.86779 42.2639 1047.67
218.244 60.7315 3.21926 2.93612 103.388 1058.29
213.052 64.4091 3.21963 2.84743 119.121 577.367
217.659 60.6024 3.22886 2.94885 54.7296 1050.09
216.749 60.4427 3.21708 2.90846 55.3698 1035.02
217.639 60.9231 3.21707 2.92085 129.556 1021.14
218.995 60.824 3.20579 2.90944 67.4113 1076.09
216.976 61.3836 3.20804 2.90018 110.059 958.751
211.063 63.7318 3.19755 2.86592 137.873 563.818
216.031 60.2361 3.19772 2.86699 52.3913 1031.81
217.533 61.1871 3.20993 2.89087 95.0593 994.572
218.652 60.2994 3.22047 2.92655 74.7841 1110.04
211.14 63.4056 3.20401 2.8839 190.059 594.857
219.217 60.1294 3.21118 2.90929 55.4144 1144.14
216.221 60.072 3.1832 2.82557 45.044 1052.89
218.856 60.4399 3.22187 2.94228 90.6372 1104.56
216.546 61.2275 3.21541 2.93162 96.2218 958.059
212.138 64.8736 3.21445 2.87044 79.8867 510.719
198.929 70.2043 2.89622 2.33625 111.054 343.163
203.383 71.3221 2.90537 2.31922 122.05 431.814
205.026 71.0033 2.86479 2.21657 186.815 405.475
234.753 71.9871 2.91952 2.65576 20.3914 1316.92
198.198 69.3641 2.85609 2.42348 175.568 283.553
202.84 70.0079 2.8331 2.19609 129.934 284.533
205.387 69.6211 2.90718 2.26777 114.075 263.953
206.58 70.34 2.90444 2.23739 85.3513 356.049
196.822 68.4753 3.07994 2.74009 46.1655 273.556
198.806 68.6483 3.00338 2.71256 190.303 212.041
200.413 69.1049 2.93976 2.50091 220.482 207.93
205.217 69.1565 2.94972 2.32988 103.758 214.749
209.387 69.836 2.93097 2.36957 40.2867 377.522
211.299 69.72 2.95254 2.32171 25.0867 429.04
216.289 69.626 3.16279 2.99146 26.5268 601.227
235.93 69.3475 3.12997 2.81975 72.4438 1361.47
196.917 67.6988 3.12597 2.99901 102.038 250.526
203.387 68.7132 3.00449 2.57177 279.889 142.439
209.319 68.9656 3.03033 2.52765 39.5556 319.135
211.177 69.1532 3.00452 2.60353 68.958 394.766
213.625 69.322 3.0887 2.718 22.6174 491.59
219.035 69.243 3.23716 3.01759 39.2767 696.608
221.263 69.3286 3.07246 2.82195 26.8621 785.076
198.174 67.082 3.1778 2.8788 137.087 202.513
199.397 67.4213 3.15291 3.13102 153.423 144.428
206.028 68.4414 3.18502 2.72868 51.305 175.216
208.187 68.1343 3.15482 2.90849 168.077 240.659
210.384 68.0584 3.14582 2.88441 135.937 328.495
211.513 68.0748 3.12483 2.84318 126.666 375.443
214.432 68.1207 3.1117 2.87045 121.854 496.989
218.405 68.1861 3.11759 2.84249 119.462 662.144
220.465 68.6043 3.13476 2.86293 124.924 747.386
222.103 68.3889 3.13576 2.86202 136.496 814.469
193.671 65.4742 3.17569 2.75627 67.4088 461.272
195.352 65.7077 3.21828 2.80481 30.3702 382.191
198.75 66.442 3.22043 2.78945 79.1778 208.919
200.349 66.6001 3.17332 2.88658 37.4376 142.29
206.517 67.2221 3.15967 2.88933 160.976 163.321
207.821 67.5076 3.14296 3.02043 153.478 216.032
212.113 67.5187 3.15884 2.95282 199.04 399.102
214.357 67.5933 3.15593 2.9459 152.802 494.077
215.855 67.6946 3.14062 2.92764 146.481 556.87
220.128 67.6136 3.16864 2.9137 155.786 738.332
224.214 67.6106 3.15615 2.84221 48.3627 910.479
226.258 67.441 3.15861 2.84462 99.3835 999.671
195.961 64.9941 3.24619 2.84882 44.3637 411.036
199.349 65.5011 3.25201 2.93141 71.9204 265.99
201.346 65.895 3.23696 2.9264 189.418 185.198
202.913 66.1434 3.20705 2.96891 256.897 146.651
206.494 66.5156 3.19451 3.00419 180.642 193.521
208.493 66.9214 3.20102 2.92693 136.166 254.754
209.976 66.7108 3.20949 2.8658 54.9093 323.976
216.215 66.9498 3.20674 2.92091 70.2808 583.224
221.978 66.9116 3.19703 2.93218 80.2685 830.422
223.778 66.9808 3.18725 2.91139 106.123 905.388
225.729 66.9227 3.19209 2.89783 73.3835 989.806
200.087 64.937 3.22947 2.88784 168.571 305.821
201.637 65.1527 3.21657 2.88659 190.139 261.935
203.551 65.5276 3.22925 2.94146 215.364 217.974
205.119 65.4924 3.26888 2.94178 161.924 242.815
207.195 65.6571 3.20195 2.99829 180.843 280.848
208.623 65.8937 3.20412 2.94052 125.156 311.831
210.457 65.8251 3.22508 2.87282 78.3501 385.555
212.122 65.8371 3.19587 2.87229 108.029 451.045
218.473 66.2305 3.22666 2.88927 48.3713 700.872
214.843 62.3987 3.21459 2.90818 73.072 800.125
213.052 64.4091 3.21963 2.84743 119.121 577.367
199.305 63.8864 3.24198 2.89591 152.385 428.671
205.522 64.7962 3.21552 3.01945 114.444 321.67
208.018 65.18 3.21095 2.98228 159.436 346.018
210.64 65.1479 3.20727 2.89563 125.403 436.563
216.846 65.3064 3.21778 2.86404 57.2723 671.931
218.385 65.6035 3.19334 2.85773 52.7427 722.194
220.064 65.4483 3.20437 2.87539 50.9587 800.247
196.446 62.7492 3.25034 2.90946 77.303 602.489
199.398 63.2842 3.2337 2.89401 143.42 490.815
200.922 63.3965 3.23507 2.89112 86.7678 460.75
203.285 63.465 3.24363 2.91291 108.358 445.766
204.379 63.994 3.23316 2.90577 163.212 393.131
205.853 64.1767 3.2219 2.92004 104.951 391.936
214.63 64.613 3.21976 2.92189 87.8071 622.929
216.436 64.5012 3.2281 2.88533 59.8094 701.076
221.784 64.4525 3.2175 2.94598 25.6559 922.961
223.67 64.5753 3.23031 2.88503 59.8255 995.685
195.344 61.9331 3.24667 2.92064 46.7924 709.375
198.469 62.2938 3.25334 2.90196 110.706 610.315
201.699 62.7161 3.23334 2.88651 140.779 530.97
205.93 63.3569 3.22383 2.91568 127.109 480.039
214.222 63.8036 3.2172 2.84134 119.772 664.849
222.48 63.8433 3.24828 2.89226 26.2343 987.155
197.317 61.3416 3.25039 2.89394 97.8022 730.064
198.513 61.678 3.25794 2.89864 86.3461 675.432
200.525 61.7105 3.247 2.89556 93.6049 649.517
201.703 62.1344 3.23985 2.8812 123.48 595.569
203.311 62.2195 3.22559 2.92006 95.5857 584.512
205.146 62.1816 3.22051 2.8704 105.944 598.801
206.12 62.4787 3.22662 2.88722 98.126 576.989
216.652 63.0254 3.21897 2.89077 74.1563 812.759
218.173 63.0618 3.24074 2.91921 47.6327 866.975
221.871 63.109 3.25973 2.94966 38.3898 1009.06
193.799 60.3849 3.23781 3.12641 30.0287 900.9
196.65 60.4135 3.25001 2.88725 85.2728 839.629
198.04 60.7515 3.25306 2.8979 86.4563 781.722
199.312 60.6947 3.24937 2.91098 102.319 772.213
201.041 61.0224 3.24565 2.89781 115.013 722.162
202.562 61.4009 3.22971 2.8859 91.1555 675.248
204.176 61.4907 3.21794 2.87555 90.7676 668.561
205.609 61.9037 3.22157 2.8705 87.1978 633.649
206.868 61.8823 3.4338 2.92118 79.0396 651.294
209.88 61.7531 3.21421 2.89251 71.0012 720.273
212.274 61.7929 3.22882 2.92388 104.512 776.357
213.825 62.1067 3.22525 2.91654 113.831 792.927
217.004 62.4013 3.22187 2.88371 84.6348 874.58
218.122 62.3579 3.22442 2.90542 77.9645 918.577
221.538 62.4435 3.25203 2.97785 52.1954 1042.24
223.206 62.5763 3.26388 2.96334 34.2533 1099.21
225.609 62.2024 3.26182 2.99697 27.6478 1222.48
198.315 59.9237 3.25984 2.89747 119.806 867.647
199.908 60.1686 3.23556 2.91758 74.5911 824.394
201.231 60.4742 3.25212 2.90332 114.989 782.011
202.813 60.5269 3.22958 2.90314 124.258 772.568
204.11 60.6801 3.22853 2.90012 106.11 758.284
205.516 60.8132 3.22866 2.90295 79.0519 752.467
207.791 61.2001 3.21701 2.91432 90.2458 738.05
215.402 61.6061 3.21686 2.90283 93.5138 887.398
222.911 61.4593 3.25095 2.96526 38.4075 1169.2
224.22 61.4862 3.26175 2.95372 42.8169 1218.34
226.918 61.1512 3.27002 2.97284 26.3379 1350.88
198.736 59.2533 3.25706 2.9133 58.9434 935.978
200.175 59.1767 3.26288 2.93326 53.383 931.891
201.907 59.5938 3.23765 2.90082 86.6675 877.551
202.905 59.7733 3.23616 2.88167 73.123 856.553
204.792 59.8542 3.24366 2.91117 90.7971 853.306
205.68 60.1952 3.23472 2.89409 96.6332 821.889
207.376 60.0815 3.23953 2.96803 34.6315 852.462
210.276 60.4814 3.19955 2.86754 50.4137 858.798
219.809 60.7718 3.20501 2.92408 43.4822 1109.15
221.424 60.3024 3.22175 2.93513 49.8136 1206.64
223.909 60.7704 3.25196 2.97729 38.078 1261.31
202.009 59.0314 3.24035 2.90526 80.2827 939.932
203.561 59.1953 3.2394 2.91459 99.1214 921.754
204.771 59.3922 3.25048 2.92731 88.6077 904.408
206.768 59.6524 3.38847 2.9299 63.6073 891.967
212.597 59.9979 3.35665 2.94324 33.2967 960.368
222.262 59.6304 3.22468 2.95903 60.0068 1294.02
223.04 60.1218 3.2117 2.77527 19.2603 1280.96
226.285 59.5898 3.2669 2.97364 29.3179 1447.49
227.183 60.2114 3.27093 2.97452 32.5016 1432.92
212.566 65.1171 3.21077 2.89439 89.5708 510.628
203.344 58.6774 3.24085 2.9019 75.3614 979.032
204.113 58.2637 3.25604 2.9232 73.237 1026.91
204.991 58.6484 3.25956 2.92984 44.8393 988.097
206.355 58.9287 3.38485 2.93337 64.0436 967.211
207.606 58.6097 3.23058 2.89993 70.2363 1015.34
213.66 59.4296 3.16393 2.74651 45.2668 1043.61
227.731 58.9601 3.27104 2.97842 25.427 1554.92
202.426 57.5673 3.2266 2.85706 91.0147 1102.39
203.613 57.6397 3.3654 2.88202 43.5933 1095.02
205.548 57.5665 3.25717 2.93695 27.7021 1111.32
224.26 58.4133 3.24532 2.96882 46.3878 1471.59
225.482 58.2747 3.26474 2.94109 18.4125 1528.11
229.033 59.3946 3.36574 3.00967 28.2899 1570.67
200.447 56.2848 3.21668 2.8358 17.8647 1250.83
223.768 57.9616 3.23879 2.97427 43.0961 1494.15
225.424 57.4688 3.25601 2.95481 27.4385 1597.01
228.869 57.9128 3.34393 2.97344 38.8541 1686.43
227.048 56.8144 3.22349 2.8655 15.4711 1714.15
229.75 56.9811 3.26604 2.99057 26.2832 1800.14
212.138 64.8735 3.21654 2.89298 39.0028 510.718
210.428 68.6408 3.15228 2.83603 111.041 345.539
226.879 56.1146 3.27633 2.96372 25.0871 1771.33
229.974 55.9154 3.27167 2.99548 16.2371 1902.43
228.385 55.3279 3.17691 2.58149 15.5615 1897.24
218.842 64.7774 3.22612 2.84725 41.2649 782.677
227.653 56.4191 3.27325 2.9666 21.407 1771.65
209.931 62.7622 2.3133 1.99973 73.0139 621.436
211.063 63.7323 3.1974 2.86579 137.873 563.792
211.14 63.4057 3.204 2.88389 190.059 594.854
218.547 60.1369 3.54735 3.30709 52.6285 1120.97
210.84 64.6544 3.21067 2.93936 69.5114 480.421
210.867 64.709 3.21047 2.93798 76.6456 477.126
210.853 64.7716 3.21104 2.95948 61.9121 471.864
210.847 64.8338 3.20016 2.91477 75.0054 466.94
210.819 64.8857 3.20141 2.91214 40.0253 462.054
210.44 64.87 3.21666 2.95461 83.4939 450.039
210.174 64.8537 3.21994 2.9507 101.352 442.2
210.069 64.7653 3.21993 2.968 99.4763 445.63
210.917 64.5498 3.20736 2.96624 88.611 491.208
210.782 64.5716 3.20668 2.94856 72.1222 484.922
210.554 64.5756 3.21148 2.93705 63.1494 476.946
210.901 64.613 3.2061 2.95267 94.897 485.708
211.172 64.6917 3.19684 2.87223 81.7549 489.049
217.908 60.4896 3.22526 2.93569 26.8711 1068.36
217.507 60.403 3.21157 2.90028 25.537 1062.93
218.338 61.0595 3.20961 2.89281 57.51 1033.13
216.296 60.3923 3.21635 2.90199 60.2205 1025.47
216.716 60.1205 3.1801 2.82525 43.1851 1063.57
215.271 60.5805 3.21305 2.88155 52.5769 976.782
216.679 60.2805 3.20987 2.86779 42.2639 1047.67
218.244 60.7315 3.21926 2.93612 103.388 1058.29
217.659 60.602 3.22892 2.9489 54.7296 1050.11
216.749 60.4427 3.21708 2.90846 55.3698 1035.02
217.639 60.9231 3.21705 2.92083 129.556 1021.13
218.995 60.8241 3.20577 2.90941 67.4113 1076.08
216.976 61.3836 3.20804 2.90018 110.059 958.751
216.031 60.2361 3.19772 2.86699 52.3913 1031.81
217.533 61.187 3.20998 2.89091 95.0593 994.588
218.652 60.2994 3.22047 2.92655 74.7841 1110.04
219.217 60.1294 3.21118 2.90929 55.4144 1144.14
216.221 60.072 3.1832 2.82557 45.044 1052.89
218.856 60.4399 3.22187 2.94228 90.6372 1104.56
216.546 61.2275 3.21541 2.93162 96.2218 958.059
