# evlo=200.348602 evla=66.600098
194.627 64.5646 3.23146 2.82467 33.826 347.944
217.908 60.4896 3.242 2.96881 51.1381 1100.98
217.654 61.036 3.23636 2.92589 69.139 1048.34
218.338 61.0595 3.25103 2.94802 40.9262 1073.49
220.363 59.9534 3.1732 2.81059 27.5227 1239.12
216.3 60.3932 3.22794 2.89112 50.554 1048.16
225.144 58.5792 3.25135 2.98168 23.1377 1539.63
215.395 60.9677 3.24702 2.89954 69.3114 967.573
209.013 64.0997 3.2169 2.86991 100.428 489.682
209.094 59.7511 3.31764 2.78302 38.2584 879.531
209.259 59.7417 3.3111 2.77832 35.6164 884.581
210.701 64.1732 3.46168 2.82036 89.5507 551.204
207.916 63.4188 3.23184 2.84192 101.12 502.506
212.195 64.6453 3.22403 2.84146 35.9565 586.582
204.378 55.8218 3.19338 2.84199 30.8851 1219.77
200.411 54.831 3.22495 2.82203 19.7816 1311.34
207.685 63.8827 3.21548 2.88275 138.557 457.115
208.763 59.5251 3.19348 2.82649 30.5844 894.272
209.796 67.2269 3.24048 3.08592 65.7412 419.006
216.907 60.7523 3.24437 2.94533 95.9333 1041.74
218.66 60.9649 3.2367 2.9601 37.2949 1093.44
209.738 62.4058 3.19985 2.85388 42.3251 648.472
217.513 60.0823 3.32703 2.85581 71.3906 1118.95
212.624 63.0753 3.21629 2.86787 93.2821 700.891
214.225 61.1292 3.25611 2.89581 51.9252 911.515
215.93 63.6482 3.26423 2.90238 28.6506 799.48
214.25 60.5487 3.2172 2.9092 68.6374 961.341
213.401 60.7277 3.22857 2.91056 54.4702 916.509
215.271 60.5805 3.2372 2.90037 32.9912 994.973
218.244 60.7315 3.23996 2.93952 68.3105 1094.97
213.052 64.4091 3.4343 2.89254 59.4182 635.253
217.659 60.6024 3.24365 2.95806 67.7236 1082.44
216.749 60.4427 3.23033 2.922 48.0767 1060.78
217.639 60.9231 3.24332 2.94287 73.6447 1056.5
218.995 60.824 3.23993 2.96212 40.1335 1117.46
216.976 61.3836 3.23682 2.91015 78.2215 995.263
211.063 63.7318 3.21705 2.86256 100.423 594.296
218.049 60.1785 3.34257 2.91546 50.9326 1131.37
217.533 61.1871 3.23637 2.91777 76.0658 1032.03
218.652 60.2994 3.23405 2.94696 53.1345 1144.82
211.14 63.4056 3.21431 2.89043 111.565 619.95
219.217 60.1294 3.2268 2.93263 49.145 1180.28
216.221 60.072 3.43709 2.77896 35.9698 1072.17
218.856 60.4399 3.24134 2.95969 53.3329 1141.64
216.546 61.2275 3.23526 2.93454 121.032 990.484
212.138 64.8736 3.23997 2.90514 75.3401 573.013
198.929 70.2043 2.90588 2.42034 94.9341 406.2
203.383 71.3221 2.9484 2.42247 74.6915 540.417
205.026 71.0033 2.9221 2.35642 44.8183 525.839
198.198 69.3641 2.92364 2.47345 117.95 321.102
202.84 70.0079 2.89432 2.33072 59.6901 393.687
205.387 69.6211 2.98503 2.44098 62.3711 396.604
206.58 70.34 2.93168 2.37182 28.0874 488.554
194.656 68.2746 3.07877 2.72748 121.547 306.933
196.822 68.4753 3.10553 2.73544 127.609 257.524
198.806 68.6483 3.05817 2.75143 108.735 237.643
200.413 69.1049 2.97773 2.6327 159.927 279.382
205.217 69.1565 3.01954 2.51641 64.705 350.753
211.299 69.72 3.03948 2.54771 29.391 571.308
215.088 69.9175 3.1332 2.84218 20.6271 710.361
235.93 69.3475 3.18223 2.87829 26.2215 1498.08
196.917 67.6988 3.11687 2.78312 113.781 192.689
201.885 68.4946 3.07506 2.71706 130.956 221.196
203.387 68.7132 3.08039 2.68609 78.8527 268.572
219.035 69.243 3.15633 2.84476 25.8236 833.679
202.768 67.4572 3.17332 2.88658 37.4376 142.29
203.811 68.2575 3.10125 2.70692 62.6175 236.966
206.028 68.4414 3.21293 2.94208 25.8874 317.498
208.187 68.1343 3.1917 2.84387 27.6177 377.352
210.384 68.0584 3.21361 2.86095 28.6098 460.778
211.513 68.0748 3.18608 2.82714 23.0609 506.781
214.432 68.1207 3.21466 2.98799 20.294 626.96
218.405 68.1861 3.1901 2.94211 35.8388 791.704
220.465 68.6043 3.17185 2.82838 27.0281 880.016
222.103 68.3889 3.19515 2.95015 43.0658 945.443
223.281 66.3701 3.23999 2.94634 19.5018 1015.99
193.671 65.4742 3.24359 2.92543 86.8842 327.539
195.352 65.7077 3.22547 2.77675 67.5897 246.405
204.275 67.0486 3.28183 2.96429 110.104 179.57
206.517 67.2221 3.23972 2.97515 151.751 278.684
212.113 67.5187 3.227 2.97212 89.0466 521.212
214.357 67.5933 3.21292 2.91669 65.6575 617.214
215.855 67.6946 3.201 2.89362 76.3982 681.367
220.128 67.6136 3.21456 2.87631 69.7397 862.616
224.214 67.6106 3.2161 2.87775 44.2704 1036.03
226.258 67.441 3.21389 2.9055 47.9164 1124.79
197.645 65.3936 3.24273 2.77456 21.6304 182.092
199.349 65.5011 3.27608 2.90037 94.8241 130.653
206.494 66.5156 3.26732 2.94834 151.955 272.983
208.493 66.9214 3.23139 2.98577 76.915 360.256
209.976 66.7108 3.2483 3.00373 93.3641 425.642
212.525 66.7004 3.25927 2.91465 77.4551 537.996
213.899 66.7653 3.25882 2.92013 66.2542 597.851
216.215 66.9498 3.24779 2.91793 48.3175 697.678
218.345 66.8088 3.2407 2.96977 22.5557 792.102
221.978 66.9116 3.23018 2.87566 42.6987 948.747
223.778 66.9808 3.21906 2.85168 57.5717 1025.57
225.729 66.9227 3.22664 2.88133 43.3254 1110.77
197.761 64.6379 3.3209 2.92209 47.5891 249.124
200.087 64.937 3.25071 2.96054 141.129 185.828
201.637 65.1527 3.21444 2.93533 153.28 171.751
203.551 65.5276 3.2346 2.91484 171.11 187.934
205.119 65.4924 3.22605 2.94839 148.143 248.917
207.195 65.6571 3.2735 2.88893 57.8627 326.48
208.623 65.8937 3.26063 3.00756 134.67 379.992
210.457 65.8251 3.26144 2.88975 60.2311 462.726
212.122 65.8371 3.25672 2.91891 102.842 535.935
214.181 66.267 3.23217 2.87278 49.2637 617.234
218.473 66.2305 3.21381 2.82285 59.5093 807.743
225.657 65.8052 3.22309 2.83754 30.5937 1135.56
214.843 62.3987 3.24075 2.91422 71.7239 836.303
213.052 64.4091 3.4343 2.89254 59.4182 635.253
199.305 63.8864 3.2474 2.89137 113.922 306.464
205.522 64.7962 3.21314 2.87738 135.701 311.179
208.018 65.18 3.27774 2.93922 77.4449 383.568
210.64 65.1479 3.25026 2.91504 63.9828 496.018
216.846 65.3064 3.28573 2.99535 32.8512 761.791
218.385 65.6035 3.24113 2.88986 78.0121 820.238
220.064 65.4483 3.2326 2.87393 54.97 899.632
221.694 65.3609 3.2273 2.86758 40.222 974.764
223.623 65.2225 3.23499 2.89873 47.5699 1065.1
196.446 62.7492 3.27393 2.88794 66.923 467.81
199.398 63.2842 3.24146 2.90259 107.319 372.406
200.922 63.3965 3.2214 2.8664 90.4342 358.197
203.285 63.465 3.2134 2.86128 88.1661 375.822
204.379 63.994 3.21035 2.86267 81.3015 345.938
205.853 64.1767 3.23418 2.7943 84.2468 371.9
214.63 64.613 3.24969 2.86769 16.5997 692.883
216.436 64.5012 3.27197 2.95791 56.1693 776.718
223.67 64.5753 3.26965 2.99541 34.6669 1092.5
195.344 61.9331 3.25581 2.89311 32.0294 573.609
198.469 62.2938 3.25597 2.94342 77.9429 488.48
201.699 62.7161 3.22511 2.82907 86.7207 437.767
205.93 63.3569 3.22718 2.90365 71.4072 447.068
214.222 63.8036 3.38495 2.80097 34.229 718.431
217.924 64.0292 3.27388 2.92775 37.0822 864.575
222.48 63.8433 3.28511 2.96992 36.3964 1073.52
197.317 61.3416 3.27141 2.87711 59.9501 604.536
198.513 61.678 3.25512 2.91859 69.5668 555.879
200.525 61.7105 3.25164 2.87081 95.8177 545.156
201.703 62.1344 3.21968 2.86692 85.0183 502.094
203.311 62.2195 3.20491 2.8496 72.739 508.685
205.146 62.1816 3.19348 2.86234 52.0991 543.885
206.12 62.4787 3.45847 2.86813 66.8624 536.003
216.652 63.0254 3.22878 2.85071 68.9616 867.505
218.173 63.0618 3.42658 3.13496 20.497 929.288
221.871 63.109 3.28165 2.96607 33.6737 1085.78
196.65 60.4135 3.25126 2.89462 65.5259 713.472
198.04 60.7515 3.2641 2.92124 63.3384 661.777
199.312 60.6947 3.25603 2.90555 74.6141 660.261
201.041 61.0224 3.24568 2.85452 76.2068 622.692
202.562 61.4009 3.21791 2.8649 74.2016 589.533
204.176 61.4907 3.20887 2.85756 86.497 599.212
205.609 61.9037 3.42043 2.89129 52.5631 581.913
206.868 61.8823 3.21954 2.87701 52.9973 612.997
209.88 61.7531 3.2058 2.80327 55.8672 710.32
212.274 61.7929 3.24904 2.89232 78.5664 786.904
213.825 62.1067 3.23147 2.89974 72.332 818.667
217.004 62.4013 3.22368 2.86696 34.1458 923.011
218.122 62.3579 3.2358 2.87428 60.3023 972.017
223.206 62.5763 3.27994 2.95832 28.5868 1174.78
225.609 62.2024 3.2895 2.96764 33.1378 1301.9
198.315 59.9237 3.26053 2.90678 77.0291 751.06
199.908 60.1686 3.26652 2.92475 73.5663 717.234
201.231 60.4742 3.24899 2.84956 56.3797 684.242
202.813 60.5269 3.20993 2.8452 57.538 687.833
204.11 60.6801 3.2123 2.82285 75.082 685.432
205.516 60.8132 3.40103 2.87577 57.522 693.279
207.791 61.2001 3.21609 2.85189 54.8907 703.17
215.402 61.6061 3.23032 2.899 91.7806 917.235
224.22 61.4862 3.2744 2.99181 21.1511 1287.28
226.918 61.1512 3.28032 2.97717 23.4675 1425.66
198.736 59.2533 3.2627 2.91128 75.5743 822.887
200.175 59.1767 3.27416 2.91616 71.3363 827.45
201.907 59.5938 3.24126 2.87081 86.729 784.831
202.905 59.7733 3.21919 2.87519 87.0083 771.59
204.792 59.8542 3.22823 2.86271 60.5419 783.932
205.68 60.1952 3.22438 2.90293 68.3682 761.387
207.376 60.0815 3.22631 2.89674 49.2069 806.205
210.276 60.4814 3.16763 2.78717 34.8907 839.892
219.809 60.7718 3.22009 2.97687 27.576 1153.95
221.424 60.3024 3.2243 2.91405 66.015 1254.58
223.909 60.7704 3.34832 2.93481 28.417 1323.11
202.009 59.0314 3.24393 2.89396 57.0956 847.754
203.561 59.1953 3.22344 2.85448 86.7435 841.059
204.771 59.3922 3.24103 2.90203 60.2454 833.56
206.768 59.6524 3.37713 2.91229 55.957 838.388
212.597 59.9979 3.20985 2.85799 36.9844 955.209
222.262 59.6304 3.22665 2.9155 39.5255 1340.13
226.285 59.5898 3.34912 2.93629 28.8433 1508.83
212.566 65.1171 3.26763 2.91537 47.3755 580.732
203.344 58.6774 3.23072 2.88472 79.8838 896.037
204.113 58.2637 3.23697 2.88875 74.9519 948.81
204.991 58.6484 3.23844 2.86823 27.3087 917.107
206.355 58.9287 3.21823 2.80774 29.957 907.424
207.606 58.6097 3.22553 2.89194 58.3506 963.91
213.66 59.4296 3.27182 2.71091 38.4564 1041.26
227.731 58.9601 3.3477 2.95455 32.2246 1616.98
202.426 57.5673 3.23267 2.88243 59.759 1012.36
205.548 57.5665 3.23895 2.87989 28.4432 1041.89
224.26 58.4133 3.25495 2.94473 29.8513 1517.3
225.482 58.2747 3.26248 2.98785 26.1322 1577.73
197.939 55.703 3.2412 2.82605 38.6651 1220.95
200.447 56.2848 3.23116 2.84796 20.771 1149.49
223.768 57.9616 3.14686 2.91477 27.2184 1534.91
210.428 68.6408 3.15849 2.83179 31.471 484.328
209.931 62.7622 2.52204 1.98512 54.4698 625.137
211.063 63.7323 3.21698 2.8625 100.423 594.283
211.14 63.4057 3.2143 2.89042 111.565 619.948
218.547 60.1369 3.61195 3.3647 34.5027 1153.76
210.84 64.6544 3.25655 2.87041 40.2968 528.94
210.867 64.709 3.25562 2.85162 44.2559 527.151
210.853 64.7716 3.23317 2.79609 28.4466 523.3
210.847 64.8338 3.23035 2.79952 22.6988 519.85
210.819 64.8857 3.23175 2.8189 25.3382 516.043
210.44 64.87 3.26829 2.87747 22.4338 500.825
210.174 64.8537 3.2616 2.90471 52.4289 490.481
210.069 64.7653 3.2563 2.8785 69.4936 490.773
210.917 64.5498 3.25013 2.86071 58.3982 537.849
210.782 64.5716 3.25429 2.87793 47.1679 531.037
210.554 64.5756 3.25454 2.87258 75.4718 521.362
210.901 64.613 3.25233 2.86403 48.0181 533.703
211.172 64.6917 3.23816 2.78273 23.9399 540.883
217.908 60.4896 3.242 2.96881 51.1381 1100.98
218.338 61.0595 3.25104 2.94803 40.9262 1073.5
216.296 60.3923 3.22778 2.89098 50.554 1048.11
215.271 60.5805 3.2372 2.90037 32.9912 994.973
218.244 60.7315 3.23996 2.93952 68.3105 1094.97
217.659 60.602 3.24369 2.9581 67.7236 1082.45
216.749 60.4427 3.23033 2.922 48.0767 1060.78
217.639 60.9231 3.2433 2.94285 73.6447 1056.49
218.995 60.8241 3.23991 2.9621 40.1335 1117.45
216.976 61.3836 3.23682 2.91015 78.2215 995.263
218.049 60.1785 3.34257 2.91546 50.9326 1131.37
217.533 61.187 3.23642 2.91781 76.0658 1032.05
218.652 60.2994 3.23405 2.94696 53.1345 1144.82
219.217 60.1294 3.2268 2.93263 49.145 1180.28
216.221 60.072 3.43709 2.77896 35.9698 1072.17
218.856 60.4399 3.24134 2.95969 53.3329 1141.64
216.546 61.2275 3.23526 2.93454 121.032 990.484
