# evlo=212.1129 evla=67.5187
194.627 64.5646 3.25336 2.97431 66.7358 854.693
217.908 60.4896 3.3947 2.9493 76.3658 832.445
217.654 61.036 3.21792 2.93085 88.0447 770.215
218.338 61.0595 3.23371 2.96768 74.7298 779.721
220.363 59.9534 3.23576 2.9134 140.934 934.772
225.144 58.5792 3.2783 2.97609 81.6292 1189.45
215.395 60.9677 3.23484 2.93424 49.8613 747.197
209.013 64.0997 3.23192 2.78164 231.497 406.634
209.094 59.7511 3.11138 2.59145 89.362 878.437
209.259 59.7417 3.22226 2.93116 76.1806 878.147
210.701 64.1732 3.17414 2.72457 197.512 378.549
208.846 60.7683 3.14087 2.67458 169.545 768.88
207.916 63.4188 3.24158 2.85257 191.884 496.541
212.195 64.6453 3.20043 2.8302 246.342 320.43
204.378 55.8218 3.20611 2.86578 35.683 1363.85
207.685 63.8827 3.22429 2.89474 155.424 453.331
208.763 59.5251 3.12984 2.60828 117.629 906.171
218.66 60.9649 3.23035 2.94986 80.8173 795.642
209.738 62.4058 3.19684 2.81609 186.558 580.878
217.513 60.0823 3.19914 2.83397 57.235 869.835
212.624 63.0753 3.20637 2.85851 154.659 495.994
214.225 61.1292 3.22693 2.89982 100.868 719.494
215.93 63.6482 3.25259 2.90429 143.216 465.922
214.25 60.5487 3.20706 2.90949 110.699 783.866
213.401 60.7277 3.23685 2.92476 130.039 759.606
215.271 60.5805 3.21395 2.87553 56.2948 788.426
218.244 60.7315 3.21833 2.9716 71.5639 812.517
213.052 64.4091 3.22094 2.85398 197.312 349.349
217.659 60.6024 3.40233 2.93138 86.7059 816.413
216.749 60.4427 3.22079 3.27601 39.5897 820.264
217.639 60.9231 3.23007 2.95731 165.061 781.961
218.995 60.824 3.22567 2.92608 104.34 816.79
216.976 61.3836 3.21861 2.94242 125.747 722.391
211.063 63.7318 3.19709 2.81925 151.354 424.993
218.049 60.1785 3.37115 2.91417 46.1137 867.863
217.533 61.1871 3.21955 2.9098 130.068 752.187
218.652 60.2994 3.2179 2.94849 52.1692 865.318
211.14 63.4056 3.19962 2.86384 52.6645 460.806
218.856 60.4399 3.21571 2.95426 74.9692 854.246
216.546 61.2275 3.32447 3.31086 51.3332 732.825
212.138 64.8736 3.2008 2.83939 249.062 294.958
198.929 70.2043 2.8985 2.31203 46.4057 607.74
203.383 71.3221 2.9418 2.3861 246.561 544.289
205.026 71.0033 2.93611 2.40271 125.916 478.528
234.753 71.9871 2.95444 2.80158 31.2429 998.051
206.58 70.34 2.89673 2.33854 125.487 384.852
194.656 68.2746 3.07525 2.77377 65.9209 735.622
196.822 68.4753 3.06678 2.73539 75.9726 646.642
205.217 69.1565 3.1713 2.87517 53.112 337.563
209.387 69.836 2.96265 2.47378 239.022 281.103
211.299 69.72 3.18715 3.27746 96.2121 247.76
215.088 69.9175 3.10626 2.88587 155.168 293.397
216.289 69.626 3.12213 2.8466 216.752 290.136
235.93 69.3475 3.19782 2.85188 141.185 991.69
196.917 67.6988 3.13118 2.94017 51.607 644.924
201.885 68.4946 3.1044 2.80148 34.2586 440.693
203.387 68.7132 3.14494 2.78632 63.6307 386.378
207.318 68.8799 3.10346 2.71344 136.592 250.038
209.319 68.9656 2.96831 2.54266 256.662 198.481
211.177 69.1532 3.06856 2.70683 350.78 186.345
213.625 69.322 3.13439 2.87916 285.264 210.49
219.035 69.243 3.14703 2.83358 71.8404 343.303
221.263 69.3286 3.14017 2.85679 47.1903 425.901
198.174 67.082 3.17665 2.93259 156.319 601.201
199.397 67.4213 3.16997 2.97422 133.41 543.082
202.768 67.4572 3.15884 2.95282 199.04 399.102
203.811 68.2575 3.15366 2.81276 57.9454 358.153
206.028 68.4414 3.13385 2.85607 107.981 274.564
208.187 68.1343 3.1099 2.6157 122.038 179.068
218.405 68.1861 3.17 2.7814 190.671 274.942
220.465 68.6043 3.21999 2.90306 111.234 368.471
222.103 68.3889 3.17459 2.85649 118.211 429.223
193.671 65.4742 3.25125 2.92168 41.5753 848.519
198.75 66.442 3.21703 2.94794 83.7291 594.351
200.349 66.6001 3.227 2.97212 89.0466 521.212
202.227 66.8332 3.20859 3.01057 182.979 434.378
204.275 67.0486 3.18554 2.9939 204.479 341.71
206.517 67.2221 3.17888 3.03921 270.894 242.554
207.821 67.5076 3.1505 2.98179 285.705 183.226
215.855 67.6946 3.08978 2.79152 278.494 160.312
220.128 67.6136 3.1654 2.82374 217.006 341.408
224.214 67.6106 3.1689 2.81115 75.4742 514.85
226.258 67.441 3.16419 2.77493 184.588 603.575
195.961 64.9941 3.26476 2.95152 35.1755 775.876
197.645 65.3936 3.25982 2.96194 73.4582 685.356
199.349 65.5011 3.26379 2.94241 62.0583 609.526
201.346 65.895 3.25549 2.94983 67.1728 507.816
202.913 66.1434 3.27228 3.04765 71.9456 431.709
206.494 66.5156 3.27161 2.94001 155.177 269.127
208.493 66.9214 3.24114 2.95646 194.171 170.04
209.976 66.7108 3.21336 2.94084 170.184 129.307
216.215 66.9498 3.20345 2.87687 105.452 188.191
218.345 66.8088 3.20439 2.88533 162.944 281.247
221.978 66.9116 3.20459 2.87097 100.191 431.359
223.778 66.9808 3.18734 2.82529 207.445 506.415
225.729 66.9227 3.1945 2.83534 134.539 591.077
197.761 64.6379 3.27494 2.95235 60.0313 722.459
200.087 64.937 3.28475 2.9913 41.3925 611.552
201.637 65.1527 3.26652 2.92561 47.2131 537.512
203.551 65.5276 3.27256 2.92894 56.8164 440.258
205.119 65.4924 3.2179 2.81783 76.8499 384.269
207.195 65.6571 3.26404 2.96238 218.136 300.978
208.623 65.8937 3.25264 3.01737 242.048 237.793
210.457 65.8251 3.21893 2.857 260.093 202.541
212.122 65.8371 3.1549 2.87241 417.926 187.528
214.18 66.267 3.11933 2.7978 144.894 166.382
214.181 66.267 3.12748 2.78834 159.859 166.406
218.473 66.2305 3.22017 2.79224 115.328 313.506
221.631 66.2191 3.20498 2.84216 46.239 441.332
225.657 65.8052 3.20668 2.84698 54.827 627.258
214.843 62.3987 3.24473 2.90883 69.1375 585.089
213.052 64.4091 3.22094 2.85398 197.312 349.349
199.305 63.8864 3.25802 2.93166 54.6541 712.125
205.522 64.7962 3.26639 2.95946 92.428 424.584
208.018 65.18 3.2614 2.99562 238.744 318.678
210.64 65.1479 3.19413 2.79192 189.922 272.471
216.846 65.3064 3.18943 2.82955 311.799 324.726
218.385 65.6035 3.21176 2.74176 66.1939 350.697
220.064 65.4483 3.22095 2.86574 88.1998 422.324
221.694 65.3609 3.20451 2.88702 103.862 489.841
196.446 62.7492 3.25318 2.89153 44.4334 903.409
199.398 63.2842 3.27139 2.99728 34.2855 753.903
200.922 63.3965 3.23199 2.82514 37.9902 691.367
203.285 63.465 3.28961 2.99119 94.0886 608.329
204.379 63.994 3.25951 2.95876 136.132 528.548
205.853 64.1767 3.25775 2.9195 164.887 469.228
214.63 64.613 3.25828 2.86541 169.711 343.413
216.436 64.5012 3.20472 2.88831 286.118 389.31
195.344 61.9331 3.25273 2.8686 42.7306 1007.68
198.469 62.2938 3.25982 2.90118 58.4893 866.416
201.699 62.7161 3.29315 2.96013 45.7233 723.425
205.93 63.3569 3.24653 2.99481 144 544.994
214.222 63.8036 3.24576 2.93945 172.345 425.389
217.924 64.0292 3.21198 2.89903 250.651 471.015
222.48 63.8433 3.22248 2.88231 82.2618 627.172
197.317 61.3416 3.27134 2.93539 80.9434 986.476
198.513 61.678 3.27094 3.01426 32.4124 917.163
201.703 62.1344 3.28224 2.94721 65.3615 775.562
203.311 62.2195 3.25068 2.92906 124.078 721.839
205.146 62.1816 3.23614 2.90005 90.8203 679.737
206.12 62.4787 3.23123 2.8752 159.431 628.382
216.652 63.0254 3.25368 2.91621 197.683 543.643
218.173 63.0618 3.22011 2.89639 324.155 571.155
193.799 60.3849 3.25463 2.87578 38.3782 1191.07
196.65 60.4135 3.26496 2.89589 36.0391 1090.16
198.04 60.7515 3.23079 2.78067 40.5583 1014.55
199.312 60.6947 3.28279 2.9665 40.5119 980.028
201.041 61.0224 3.26905 2.93166 91.4953 898.519
202.562 61.4009 3.2395 2.91114 110.559 820.48
204.176 61.4907 3.24349 2.88796 71.9042 771.336
205.609 61.9037 3.24226 2.90716 151.577 697.768
206.868 61.8823 3.23715 2.8777 142.158 675.797
209.88 61.7531 3.21196 2.85188 159.262 651.49
212.274 61.7929 3.24323 2.9415 165.086 638.397
217.004 62.4013 3.35144 3.26943 60.104 615.115
218.122 62.3579 3.23805 2.91027 212.003 641.042
221.538 62.4435 3.26427 2.93462 143.998 718.235
223.206 62.5763 3.2354 2.95873 44.141 757.201
225.609 62.2024 3.24246 2.85974 30.1113 868.962
199.908 60.1686 3.27914 2.92815 70.1514 1012.05
201.231 60.4742 3.25261 2.93421 143.128 945.904
202.813 60.5269 3.23558 2.87377 66.6391 900.201
204.11 60.6801 3.2568 2.94825 155.533 854.838
205.516 60.8132 3.2513 2.89129 122.12 812.424
207.791 61.2001 3.21413 2.88466 77.9688 734.259
215.402 61.6061 3.23447 2.90079 103.831 677.531
222.911 61.4593 3.26363 2.92855 141.222 849.491
198.736 59.2533 3.27371 2.94659 49.5336 1133.38
200.175 59.1767 3.26381 2.94965 88.0777 1101.22
201.907 59.5938 3.2372 2.88791 127.073 1015.77
202.905 59.7733 3.26269 2.94747 94.8736 974.179
204.792 59.8542 3.26416 2.91169 73.0058 926.511
205.68 60.1952 3.24751 2.92332 46.3552 874.447
210.276 60.4814 3.2419 2.92675 115.182 789.538
219.809 60.7718 3.22127 2.90704 181.629 838.845
221.424 60.3024 3.23445 2.95827 186.236 923.008
223.909 60.7704 3.27591 2.94269 108.605 943.134
202.009 59.0314 3.26099 2.93387 70.5768 1070.33
203.561 59.1953 3.27046 2.90771 103.961 1019.59
204.771 59.3922 3.26237 2.93668 56.3005 975.5
206.768 59.6524 3.23255 2.91798 74.1302 915.32
212.597 59.9979 3.24251 2.93056 39.8355 838.697
222.262 59.6304 3.24162 2.98415 193.189 1010.71
223.04 60.1218 3.2506 2.96538 156.935 981.515
226.285 59.5898 3.28308 2.99075 39.4758 1124.75
227.183 60.2114 3.38651 3.08588 40.6482 1095.43
212.566 65.1171 3.18862 2.85917 255.67 268.576
203.344 58.6774 3.27172 2.92002 92.7006 1077.97
204.113 58.2637 3.27457 2.96854 58.1232 1106.76
206.355 58.9287 3.17464 2.58039 60.7363 999.255
207.606 58.6097 3.182 2.84892 59.6422 1018.16
213.66 59.4296 3.15768 2.7089 75.0935 904.897
227.731 58.9601 3.26532 2.95441 48.3511 1228.2
202.426 57.5673 3.2618 2.90622 101.289 1212.69
205.548 57.5665 3.2359 2.90003 51.5326 1157.97
224.26 58.4133 3.26191 2.98373 136.08 1182.63
225.482 58.2747 3.28127 2.97496 68.1657 1228.66
229.033 59.3946 3.21075 2.85008 18.4002 1229.91
197.939 55.703 3.239 2.82693 43.0353 1508.17
200.447 56.2848 3.20483 2.74175 36.2524 1388.7
223.768 57.9616 3.26495 3.01036 121.693 1215.96
225.424 57.4688 3.28184 2.99503 115.93 1307.34
228.869 57.9128 3.26985 2.99341 53.0297 1362.35
227.048 56.8144 3.28415 2.96532 62.195 1416.14
229.75 56.9811 3.353 3.03201 64.1341 1478.56
212.138 64.8735 3.19791 2.83912 188.25 294.969
210.428 68.6408 3.05811 2.73991 314.906 143.506
226.879 56.1146 3.29161 2.98444 44.6926 1481.71
229.974 55.9154 3.26848 2.95099 22.0366 1588.7
228.385 55.3279 3.28939 2.97556 60.2034 1601.41
227.653 56.4191 3.2873 2.99792 56.6684 1472.17
209.931 62.7622 2.42539 2.07913 129.027 540.034
211.063 63.7323 3.19666 2.81887 151.354 424.936
211.14 63.4057 3.19958 2.8638 52.6645 460.8
218.547 60.1369 3.58983 3.21191 56.3704 880.634
210.867 64.709 3.16347 2.7467 218.688 318.309
210.853 64.7716 3.1642 2.76732 155.827 311.543
210.847 64.8338 3.1596 2.73843 181.897 304.768
210.819 64.8857 3.16421 2.7619 213.483 299.323
210.44 64.87 3.18902 2.81275 221.005 304.794
210.174 64.8537 3.20961 2.83041 234.732 309.716
210.069 64.7653 3.2116 2.825 230.261 320.553
210.917 64.5498 3.16759 2.73935 256.53 335.452
210.782 64.5716 3.15758 2.70716 172.557 334.094
210.554 64.5756 3.1643 2.75662 161.76 335.667
210.901 64.613 3.16454 2.72602 239.811 328.611
211.172 64.6917 3.18517 2.77911 205.415 318.083
217.908 60.4896 3.3947 2.9493 76.3658 832.445
218.338 61.0595 3.23371 2.96769 74.7298 779.723
215.271 60.5805 3.21395 2.87553 56.2948 788.426
218.244 60.7315 3.21833 2.9716 71.5639 812.517
217.659 60.602 3.40248 2.93151 86.7059 816.448
216.749 60.4427 3.22079 3.27601 39.5897 820.264
217.639 60.9231 3.23006 2.9573 165.061 781.958
218.995 60.8241 3.22563 2.92604 104.34 816.779
216.976 61.3836 3.21861 2.94242 125.747 722.391
218.049 60.1785 3.37115 2.91417 46.1137 867.863
217.533 61.187 3.21961 2.90985 130.068 752.201
218.652 60.2994 3.2179 2.94849 52.1692 865.318
218.856 60.4399 3.21571 2.95426 74.9692 854.246
216.546 61.2275 3.32447 3.31086 51.3332 732.825
209.518 60.7352 3.19814 2.8603 33.3863 766.538
209.518 60.7351 3.19818 2.86033 33.3863 766.546
