# evlo=224.213699 evla=67.610603
194.627 64.5646 3.22679 2.87473 32.5741 1366.65
217.507 60.403 3.22964 2.95727 28.3108 866.712
218.338 61.0595 3.2395 2.97925 33.0949 782.806
220.363 59.9534 3.22794 2.96601 52.974 874.019
216.3 60.3932 3.2144 2.90386 60.8599 891.281
225.144 58.5792 3.26896 2.98643 57.0489 1007.72
216.716 60.1205 3.20257 2.84959 17.6254 911.197
215.395 60.9677 3.21481 2.91124 59.5409 853.029
209.013 64.0997 3.23033 2.87113 124.258 793.915
209.259 59.7417 3.25325 2.96847 37.4772 1141.69
210.701 64.1732 3.23219 2.89622 226.78 723.366
208.846 60.7683 3.19583 2.7828 92.8246 1061.97
207.916 63.4188 3.23991 2.8832 147.918 883.149
212.195 64.6453 3.22638 2.91137 199.231 634.185
200.411 54.831 3.15612 2.86073 18.0923 1889.87
207.685 63.8827 3.22355 2.8528 162.486 860.665
209.796 67.2269 3.1913 2.81657 88.0191 618.127
216.907 60.7523 3.23239 2.9367 22.7132 841.717
209.738 62.4058 3.23231 2.91735 164.222 892.225
217.513 60.0823 3.21912 2.91626 18.5581 900.422
212.624 63.0753 3.22474 2.91385 179.836 737.479
214.225 61.1292 3.22011 2.89738 81.9539 866.45
215.93 63.6482 3.21683 2.84962 70.0848 582.81
214.25 60.5487 3.19316 2.88781 94.5592 922.776
213.401 60.7277 3.22025 2.89011 49.8234 927.379
215.271 60.5805 3.21497 2.91529 50.7667 894.863
218.244 60.7315 3.24301 2.96102 30.3824 819.096
213.052 64.4091 3.22614 2.89874 204.899 618.336
217.659 60.6024 3.23265 2.96676 16.3082 842.973
216.749 60.4427 3.23374 2.95387 24.5458 876.999
217.639 60.9231 3.1751 2.68976 28.0195 809.71
218.995 60.824 3.32191 3.17014 19.8584 797.191
211.063 63.7318 3.2246 2.88133 145.514 741.155
218.049 60.1785 3.22687 2.92343 23.3822 881.053
216.031 60.2361 3.19934 2.86527 33.349 913.112
217.533 61.1871 3.22777 2.90308 35.835 784.235
218.652 60.2994 3.23363 2.94937 16.0956 858.568
211.14 63.4056 3.21828 2.87139 141.667 762.913
216.221 60.072 3.18596 2.82988 29.3465 926.116
216.546 61.2275 3.22738 2.91317 94.3574 800.514
212.138 64.8736 3.22919 2.91362 256.489 621.484
205.026 71.0033 3.10056 2.68055 22.8597 841.389
234.753 71.9871 3.28143 2.91364 71.8009 633.413
198.198 69.3641 2.96935 2.45012 42.9432 1074.27
202.84 70.0079 3.02846 2.46921 32.2925 897.658
205.387 69.6211 3.05318 2.51174 50.6232 794.874
206.58 70.34 3.11196 2.75317 64.177 765.595
196.822 68.4753 2.9583 2.23385 30.4002 1137.93
198.806 68.6483 2.94878 2.2455 23.248 1055.29
200.413 69.1049 2.97612 2.34049 29.3859 987.531
205.217 69.1565 3.02398 2.44568 57.3396 796.63
209.387 69.836 3.13393 2.79672 69.4532 647.856
211.299 69.72 3.14631 2.8046 82.1481 573.479
215.088 69.9175 3.09325 2.79702 38.0389 449.191
216.289 69.626 3.17146 3.05259 39.0641 392.719
235.93 69.3475 3.33539 2.92893 189.412 516.453
207.318 68.8799 3.08078 2.65328 66.7028 710.894
209.319 68.9656 3.09472 2.67671 78.3014 631.718
211.177 69.1532 3.15618 2.82217 68.661 561.896
213.625 69.322 3.16262 2.87443 92.7905 473.259
219.035 69.243 3.14674 2.99984 106.783 279.739
221.263 69.3286 3.01151 2.56843 69.647 226.516
198.174 67.082 3.16875 2.86581 43.5498 1112.96
199.397 67.4213 3.15898 2.85793 44.2083 1052.63
202.768 67.4572 3.15615 2.84221 48.3627 910.479
203.811 68.2575 3.15855 2.98506 23.7813 854.758
206.028 68.4414 3.14184 2.83059 55.2594 762.484
208.187 68.1343 3.14186 2.8443 71.535 674.56
211.513 68.0748 3.16647 2.89358 45.6201 536.296
214.432 68.1207 3.19288 2.91324 81.2432 414.92
218.405 68.1861 3.17563 2.8431 117.924 252.194
220.465 68.6043 3.12247 2.95418 111.673 191.35
223.281 66.3701 3.32106 2.90918 167.443 144.203
193.671 65.4742 3.2289 2.88389 28.2138 1363.37
198.75 66.442 3.22008 2.87712 48.5726 1109.13
200.349 66.6001 3.2161 2.87775 44.2704 1036.03
202.227 66.8332 3.20558 2.87742 81.2971 949.177
204.275 67.0486 3.19583 2.8562 70.7279 856.485
206.517 67.2221 3.18712 2.85733 87.007 757.348
207.821 67.5076 3.18108 2.88818 44.1237 696.649
212.113 67.5187 3.1689 2.81115 75.4742 514.85
214.357 67.5933 3.16798 2.78041 65.5306 418.856
215.855 67.6946 3.20402 2.89623 57.9276 354.683
220.128 67.6136 3.21244 2.87913 157.305 173.683
195.961 64.9941 3.23046 2.89501 33.2062 1288.45
206.494 66.5156 3.23066 2.89857 44.1524 777.751
208.493 66.9214 3.21 2.86495 52.2541 680.717
209.976 66.7108 3.22892 2.88249 70.6747 623.605
212.525 66.7004 3.21519 2.84215 89.8215 515.863
213.899 66.7653 3.22126 2.85523 93.8648 455.735
216.215 66.9498 3.2013 2.86548 128.741 352.393
218.345 66.8088 3.18955 2.86966 244.554 268.95
197.761 64.6379 3.23823 2.89799 62.1334 1229.68
200.087 64.937 3.2332 2.84961 61.6323 1115.92
201.637 65.1527 3.23571 2.87334 43.3882 1039.76
203.551 65.5276 3.23895 2.89702 66.3249 941.315
205.119 65.4924 3.23999 2.88793 47.3591 876.522
207.195 65.6571 3.22235 2.84483 64.8694 781.521
208.623 65.8937 3.22106 2.81991 84.3736 711.025
210.457 65.8251 3.19662 2.75005 68.4834 637.273
212.122 65.8371 3.18987 2.81032 177.563 567.777
214.181 66.267 3.20291 2.84739 90.695 462.979
218.473 66.2305 3.17886 2.86275 272.525 294.438
221.631 66.2191 3.19642 2.75375 219.265 191.958
225.657 65.8052 3.25951 2.87855 196.103 211.166
214.843 62.3987 3.24088 2.88306 88.1321 728.462
213.052 64.4091 3.22614 2.89874 204.899 618.336
199.305 63.8864 3.22904 2.81154 20.1533 1205.24
205.522 64.7962 3.2165 2.81219 105.496 894.298
208.018 65.18 3.21323 2.82761 116.457 770.299
210.64 65.1479 3.21008 2.87609 204.172 664.58
216.846 65.3064 3.18005 2.8293 170.06 416.626
218.385 65.6035 3.17789 2.79027 185.956 341.586
220.064 65.4483 3.21261 2.7987 182.385 303.471
221.694 65.3609 3.23651 2.94294 88.2075 274.785
223.623 65.2225 3.245 2.85683 178.182 267.604
196.446 62.7492 3.23337 2.85792 50.6689 1394.43
199.398 63.2842 3.2412 2.87341 71.873 1237.33
200.922 63.3965 3.23593 2.86889 49.851 1166.93
203.285 63.465 3.23112 2.87905 102.43 1065.23
204.379 63.994 3.22883 2.86785 93.984 987.505
205.853 64.1767 3.21969 2.83352 139.288 915.998
214.63 64.613 3.21808 2.86625 193.885 546.215
216.436 64.5012 3.20735 2.86169 180.137 493.677
221.784 64.453 3.23546 2.91612 15.792 368.862
221.784 64.4525 3.2437 2.90285 51.6038 368.924
223.67 64.5753 3.25078 2.92319 153.063 339.353
195.344 61.9331 3.23832 2.86535 30.8334 1494.16
198.469 62.2938 3.23459 2.8555 104.156 1340.07
201.699 62.7161 3.23406 2.85504 78.5948 1179.13
205.93 63.3569 3.22828 2.8622 140.478 965.462
214.222 63.8036 3.2225 2.90761 158.731 623.785
217.924 64.0292 3.22734 2.86204 146.222 491.613
222.48 63.8433 3.25699 2.95814 84.679 427.492
197.317 61.3416 3.24254 2.86207 99.0024 1453.83
198.513 61.678 3.24104 2.86325 80.66 1380.92
200.525 61.7105 3.24186 2.89089 112.727 1297.05
201.703 62.1344 3.23942 2.87347 130.888 1219.31
203.311 62.2195 3.23031 2.86676 106.986 1149.07
205.146 62.1816 3.23546 2.89027 108.875 1080.17
206.12 62.4787 3.23561 2.88957 136.255 1020.49
216.652 63.0254 3.23905 2.8743 89.477 620.033
218.173 63.0618 3.24172 2.88517 73.4018 579.42
221.871 63.109 3.24126 2.9265 49.5323 513.531
193.799 60.3849 3.24533 2.86123 87.705 1668.14
196.65 60.4135 3.24341 2.85384 50.599 1549.43
198.04 60.7515 3.24615 2.87833 92.5025 1467.83
199.312 60.6947 3.23682 2.87108 91.3805 1421.24
201.041 61.0224 3.22602 2.85125 90.1365 1327.81
202.562 61.4009 3.22485 2.84684 116.613 1239.33
204.176 61.4907 3.24267 2.90897 105.476 1170.12
205.609 61.9037 3.23821 2.902 122.179 1083.62
206.868 61.8823 3.22416 2.9135 116.589 1038.13
209.88 61.7531 3.25293 2.94595 79.9053 941.702
212.274 61.7929 3.24714 2.9285 111.373 860.282
213.825 62.1067 3.22629 2.87537 89.9646 784.858
217.004 62.4013 3.2321 2.90337 77.3604 672.057
218.122 62.3579 3.24617 2.89401 47.8683 651.714
221.538 62.4435 3.24102 2.99956 55.4698 589.599
223.206 62.5763 3.24758 2.93667 93.015 563.267
225.609 62.2024 3.25841 2.97119 115.28 606.534
198.315 59.9237 3.23667 2.87399 92.4047 1520.62
199.908 60.1686 3.2309 2.86389 124.744 1438.69
201.231 60.4742 3.23411 2.86639 141.553 1363.08
202.813 60.5269 3.25021 2.91841 73.998 1298.29
204.11 60.6801 3.23844 2.91501 126.46 1237.16
205.516 60.8132 3.22575 2.91797 198.074 1174.46
207.791 61.2001 3.24141 2.91823 110.102 1060.76
215.402 61.6061 3.21267 2.88181 82.7083 789.559
222.911 61.4593 3.25 2.93957 82.4331 688.58
224.22 61.4862 3.24107 2.93619 139.597 682.78
226.918 61.1512 3.25258 2.91737 77.4262 731.67
198.736 59.2533 3.23326 2.87648 75.8038 1557.97
200.175 59.1767 3.22852 2.82691 32.7046 1509.07
201.907 59.5938 3.24448 2.92818 82.4861 1409.05
202.905 59.7733 3.24205 2.91905 118.395 1356.92
204.792 59.8542 3.24308 2.93524 135.092 1281.53
205.68 60.1952 3.24017 2.92867 125.267 1220.7
207.376 60.0815 3.2302 2.94588 46.0424 1171.96
210.276 60.4814 3.25812 2.96942 57.8088 1041.73
219.809 60.7718 3.23075 2.94567 53.1058 791.374
221.424 60.3024 3.24041 2.98703 22.5789 825.865
223.909 60.7704 3.24992 2.94933 149.47 762.683
190.452 56.6011 3.22618 2.81291 32.4709 2105.41
202.009 59.0314 3.24494 2.91767 178.338 1452.84
203.561 59.1953 3.25039 2.93991 124.669 1382.45
204.771 59.3922 3.1411 2.67296 22.5785 1322.37
206.768 59.6524 3.17999 2.75875 67.4354 1230.64
212.597 59.9979 3.20749 2.86079 69.6679 1020.01
222.262 59.6304 3.24607 2.95013 54.881 894.694
223.04 60.1218 3.25437 2.92911 81.6981 836.762
226.285 59.5898 3.40582 2.9509 72.0878 899.844
227.183 60.2114 3.25893 2.95261 81.7954 837.361
212.566 65.1171 3.22222 2.91124 220.915 589.544
203.344 58.6774 3.2452 2.95139 51.9544 1435.5
204.991 58.6484 3.21964 2.86336 24.114 1380.94
207.606 58.6097 3.15343 2.82733 27.1427 1298.94
213.66 59.4296 3.12354 2.68019 73.503 1049.15
227.731 58.9601 3.26551 2.97486 36.7576 979.853
202.426 57.5673 3.23248 2.91006 43.6162 1567.04
205.548 57.5665 3.16389 2.7137 29.9849 1462.24
224.26 58.4133 3.27446 2.99044 93.1938 1025.14
225.482 58.2747 3.39823 2.99213 63.2126 1042.51
229.033 59.3946 3.25934 2.99963 57.077 946.049
200.447 56.2848 3.20273 2.82605 19.669 1753.16
223.768 57.9616 3.26764 2.98504 77.4975 1075.68
225.424 57.4688 3.28311 2.99815 57.9319 1131.99
228.869 57.9128 3.25735 2.98971 47.0554 1105.97
227.048 56.8144 3.27255 2.94389 54.8388 1211.89
229.75 56.9811 3.25237 3.01116 33.4961 1217.8
212.138 64.8735 3.22669 2.89829 59.979 621.498
210.428 68.6408 3.14596 2.81412 60.3873 583.509
229.974 55.9154 3.25346 2.99274 34.253 1336.94
228.385 55.3279 3.26769 2.96381 44.2022 1385.89
227.653 56.4191 3.38223 2.98787 53.097 1259.69
209.931 62.7622 2.9749 2.67006 49.8176 856.737
211.063 63.7323 3.22436 2.88112 145.514 741.1
211.14 63.4057 3.21825 2.87137 141.667 762.906
218.547 60.1369 3.15288 2.85898 50.7666 877.579
210.853 64.7716 3.227 2.88753 132.952 678.325
210.847 64.8338 3.22306 2.88207 146.861 674.751
210.819 64.8857 3.21977 2.87568 153.173 672.731
210.44 64.87 3.21451 2.86382 147.304 688.778
210.174 64.8537 3.21096 2.86484 149.535 700.398
210.069 64.7653 3.2143 2.86301 151.021 709.909
210.917 64.5498 3.24021 2.93415 169.258 689.889
210.782 64.5716 3.23823 2.9388 128.955 693.751
210.554 64.5756 3.2304 2.89556 135.911 702.437
210.901 64.613 3.23913 2.9301 189.845 686.45
211.172 64.6917 3.2384 2.92402 264.624 670.796
217.507 60.403 3.22964 2.95727 28.3108 866.712
218.338 61.0595 3.23949 2.97924 33.0949 782.804
216.296 60.3923 3.21499 2.90439 60.8599 891.444
216.716 60.1205 3.20257 2.84959 17.6254 911.197
215.271 60.5805 3.21497 2.91529 50.7667 894.863
218.244 60.7315 3.24301 2.96102 30.3824 819.096
217.659 60.602 3.23285 2.96694 16.3082 843.024
216.749 60.4427 3.23374 2.95387 24.5458 876.999
217.639 60.9231 3.17511 2.68978 28.0195 809.714
218.995 60.8241 3.32187 3.17009 19.8584 797.181
218.049 60.1785 3.22687 2.92343 23.3822 881.053
216.031 60.2361 3.19934 2.86527 33.349 913.112
217.533 61.187 3.22779 2.9031 35.835 784.241
218.652 60.2994 3.23363 2.94937 16.0956 858.568
216.221 60.072 3.18596 2.82988 29.3465 926.116
216.546 61.2275 3.22738 2.91317 94.3574 800.514
