# evlo=202.912994 evla=66.143402
194.627 64.5646 3.24435 2.92548 99.7759 423.572
217.908 60.4896 3.23997 2.97507 91.0633 976.543
217.654 61.036 3.2324 2.92283 75.7679 923.421
217.507 60.403 3.22707 2.91244 82.9938 968.527
218.338 61.0595 3.24112 2.93637 76.8286 948.285
220.363 59.9534 3.2279 2.98784 32.9736 1114.01
216.3 60.3932 3.21999 2.88905 47.3115 925.225
225.144 58.5792 3.25445 2.97398 34.7857 1414.12
216.716 60.1205 3.17236 2.80025 56.6909 963.306
215.395 60.9677 3.24272 2.90163 86.2434 844.482
209.013 64.0997 3.19089 2.87751 221.484 365.759
209.094 59.7511 3.16081 2.75504 66.1537 777.643
209.259 59.7417 3.1588 2.7238 73.2761 781.982
210.701 64.1732 3.21339 2.76839 137.625 425.764
207.916 63.4188 3.23059 2.79505 126.338 385.615
212.195 64.6453 3.22848 2.87052 76.739 462.073
204.378 55.8218 3.2114 2.8676 38.6524 1152.76
200.411 54.831 3.21677 2.80515 43.488 1267.65
207.685 63.8827 3.21055 2.82818 218.618 337.69
208.763 59.5251 3.18715 2.82154 75.5125 794.811
209.796 67.2269 3.29122 3.04961 107.222 327.031
216.907 60.7523 3.2385 2.942 140.76 917.641
218.66 60.9649 3.23366 2.95435 55.6223 968.195
209.738 62.4058 3.18914 2.87135 125.072 531.322
217.513 60.0823 3.20482 2.84679 112.075 995.379
212.624 63.0753 3.20346 2.85339 154.331 576.093
214.225 61.1292 3.25171 2.89969 74.6866 789.514
215.93 63.6482 3.26042 2.89618 41.8351 674.708
214.25 60.5487 3.21158 2.91353 95.7827 840.837
196.582 54.8564 3.21637 2.76116 27.1211 1303.22
213.401 60.7277 3.2278 2.90771 109.238 797.028
214.766 66.5657 3.23838 2.87944 82.4721 531.965
215.271 60.5805 3.22104 2.89866 49.4536 872.869
216.679 60.2805 3.20786 2.8443 58.2382 948.393
218.244 60.7315 3.23649 2.94068 109.997 970.075
213.052 64.4091 3.22363 2.86846 115.096 510.606
217.659 60.6024 3.24034 2.96568 107.87 958.015
216.749 60.4427 3.22291 2.89404 69.2686 937.305
217.639 60.9231 3.23684 2.94151 116.81 931.706
218.995 60.824 3.23509 2.96336 60.3817 992.207
216.976 61.3836 3.23187 2.91609 135.385 870.31
211.063 63.7318 3.20115 2.84525 162.61 469.329
218.049 60.1785 3.22334 2.91601 87.9612 1007.24
216.031 60.2361 3.19882 2.88131 71.9405 929.111
217.533 61.1871 3.23045 2.90772 134.41 907.027
218.652 60.2994 3.2303 2.94537 94.9176 1020.16
211.14 63.4056 3.19598 2.86782 179.294 495.684
219.217 60.1294 3.22269 2.93564 89.6584 1055.5
216.221 60.072 3.18123 2.81046 41.2659 949.957
218.856 60.4399 3.23885 2.96421 89.6392 1016.75
216.546 61.2275 3.23 2.94188 178.87 865.959
212.138 64.8736 3.24646 2.92402 149.818 449.297
198.929 70.2043 2.97702 2.51087 101.583 481.947
203.383 71.3221 2.98044 2.44251 107.329 577.966
205.026 71.0033 2.95493 2.36168 103.882 548.81
234.753 71.9871 2.97424 2.61195 17.5278 1404.5
198.198 69.3641 2.97438 2.5519 62.1717 410.514
202.84 70.0079 2.95121 2.39734 111.633 431.043
205.387 69.6211 3.03083 2.54297 67.5659 401.501
206.58 70.34 3.01527 2.48488 77.7255 491.859
194.656 68.2746 3.11352 2.80899 144.272 428.404
196.822 68.4753 3.11839 2.76225 198.962 369.059
198.806 68.6483 3.11606 2.73994 92.6633 330.157
200.413 69.1049 3.05071 2.69652 132.562 346.9
205.217 69.1565 3.08345 2.69598 118.29 349.934
209.387 69.836 3.01914 2.48164 116.871 492.389
215.088 69.9175 3.17036 2.8409 17.5113 658.117
216.289 69.626 3.18094 2.97749 19.5468 681.044
235.93 69.3475 3.31527 2.88838 35.7104 1421.63
196.917 67.6988 3.15944 2.87851 117.099 314.345
201.885 68.4946 3.13724 2.8326 216.312 265.919
203.387 68.7132 3.10424 2.74643 184.47 287.32
207.318 68.8799 3.13258 2.80097 173.362 358.311
209.319 68.9656 3.1343 2.82022 44.2733 416.282
211.177 69.1532 3.09513 2.72332 80.867 484.83
219.035 69.243 3.18098 2.94012 67.1308 762.54
221.263 69.3286 3.16125 2.87038 27.7725 849.31
198.174 67.082 3.21269 2.92691 180.804 234.565
199.397 67.4213 3.18939 2.9043 273.055 210.298
202.768 67.4572 3.20705 2.96891 256.897 146.651
203.811 68.2575 3.14499 2.84438 160.012 238.95
206.028 68.4414 3.16645 2.86593 127.672 289.231
208.187 68.1343 3.23046 2.9445 89.4409 318.575
210.384 68.0584 3.21431 2.9519 41.2972 388.102
214.432 68.1207 3.25683 2.9298 53.0521 545.163
218.405 68.1861 3.22485 2.90815 58.8471 706.54
222.103 68.3889 3.23337 2.90872 95.9962 860.889
223.281 66.3701 3.23729 2.86505 92.7528 911.791
193.671 65.4742 3.28078 2.93408 88.694 428.882
195.352 65.7077 3.27377 2.95286 141.302 347.51
198.75 66.442 3.27323 2.82955 167.544 189.766
206.517 67.2221 3.28632 2.96531 90.2882 199.529
207.821 67.5076 3.18799 2.89966 54.6679 263.77
212.113 67.5187 3.27228 3.04765 71.9456 431.709
214.357 67.5933 3.25019 2.96683 57.9967 526.393
215.855 67.6946 3.22948 2.95963 55.6965 590.95
220.128 67.6136 3.23662 2.89697 85.8465 769.58
226.258 67.441 3.22688 2.87138 41.5404 1030.81
195.961 64.9941 3.26571 2.90869 83.2974 345.364
197.645 65.3936 3.25592 2.87964 105.73 255.323
199.349 65.5011 3.25239 2.8952 94.7546 177.977
206.494 66.5156 3.33512 3.10296 99.4856 165.757
208.493 66.9214 3.31711 3.04212 115.86 262.679
209.976 66.7108 3.2606 2.92842 122.831 321.426
212.525 66.7004 3.2645 2.96643 130.984 433.215
213.899 66.7653 3.25977 2.95288 123.257 494.132
216.215 66.9498 3.26109 2.91478 83.4882 596.644
218.345 66.8088 3.24065 2.87978 59.4842 689.793
221.978 66.9116 3.25194 2.9075 42.3754 848.647
223.778 66.9808 3.24051 2.87406 41.8331 926.754
225.729 66.9227 3.23687 2.88514 42.4301 1012.26
197.761 64.6379 3.27111 2.85753 96.6135 292.321
200.087 64.937 3.23474 2.88418 104.918 187.452
207.195 65.6571 3.28432 2.8963 207.141 202.53
208.623 65.8937 3.27272 3.00419 107.948 260.459
210.457 65.8251 3.27267 2.89413 78.707 344.356
212.122 65.8371 3.28419 2.90215 88.7429 419.297
214.181 66.267 3.24118 2.86507 72.7452 507.021
218.473 66.2305 3.23455 2.827 111.757 699.606
221.631 66.2191 3.24034 2.86016 69.3444 840.753
225.657 65.8052 3.2408 2.86838 61.2563 1028.74
214.843 62.3987 3.23393 2.88676 114.07 711.229
213.052 64.4091 3.22363 2.86846 115.096 510.606
199.305 63.8864 3.23456 2.8504 150.194 303.641
205.522 64.7962 3.21701 2.85754 312.718 192.791
208.018 65.18 3.27189 2.92892 172.058 258.153
210.64 65.1479 3.24134 2.93394 105.317 372.327
218.385 65.6035 3.249 2.93449 45.1538 706.708
220.064 65.4483 3.21774 2.79314 40.1615 786.293
221.694 65.3609 3.23081 2.86647 55.4387 862.115
223.623 65.2225 3.24641 2.91839 52.7983 953.085
196.446 62.7492 3.22839 2.81851 100.704 489.553
199.398 63.2842 3.27262 2.90838 65.7995 360.014
200.922 63.3965 3.26491 2.94078 101.924 320.522
203.285 63.465 3.23898 2.87212 171.494 299.134
204.379 63.994 3.22095 2.8725 168.75 249.353
205.853 64.1767 3.24765 2.80649 153.724 258.964
214.63 64.613 3.24572 2.87388 29.827 570.048
216.436 64.5012 3.28172 2.97689 124.424 654.859
221.784 64.4525 3.29822 2.97832 21.8498 896.578
223.67 64.5753 3.29535 3.04236 29.5035 976.974
195.344 61.9331 3.23375 2.84236 76.4231 596.715
198.469 62.2938 3.2659 2.90686 51.1999 480.06
201.699 62.7161 3.24282 2.86797 159.497 386.523
205.93 63.3569 3.21723 2.84397 110.753 342.179
214.222 63.8036 3.21198 2.79569 71.8733 593.198
217.924 64.0292 3.28251 2.91592 51.6942 742.052
222.48 63.8433 3.2862 2.9683 78.5367 953.824
198.513 61.678 3.26398 2.88733 69.1772 542.308
200.525 61.7105 3.26913 2.90467 134.829 507.763
201.703 62.1344 3.24976 2.86783 122.326 450.766
203.311 62.2195 3.22967 2.88977 108.725 437.862
205.146 62.1816 3.22775 2.86939 107.457 454.747
206.12 62.4787 3.21278 2.85093 102.799 436.892
216.652 63.0254 3.22641 2.84288 127.626 742.196
218.173 63.0618 3.44218 3.1869 27.4337 804.568
221.871 63.109 3.28442 2.96186 64.2973 963.29
193.799 60.3849 3.23587 2.82329 76.5443 786.663
196.65 60.4135 3.25001 2.80414 52.0429 711.049
198.04 60.7515 3.2693 2.89797 73.1915 647.883
199.312 60.6947 3.27523 2.92498 116.003 633.173
201.041 61.0224 3.25549 2.88673 151.777 578.297
202.562 61.4009 3.23197 2.88297 80.1576 528.943
204.176 61.4907 3.21304 2.8349 99.432 522.344
205.609 61.9037 3.21935 2.85925 100.953 490.547
209.88 61.7531 3.20255 2.8109 113.064 596.043
212.274 61.7929 3.2408 2.86506 92.8097 666.134
213.825 62.1067 3.22722 2.9317 115.202 694.81
217.004 62.4013 3.22503 2.84569 58.6808 797.491
218.122 62.3579 3.23652 2.8525 146.648 846.587
223.206 62.5763 3.27851 2.96274 52.9042 1051.89
225.609 62.2024 3.29101 2.99044 56.2781 1179.71
198.315 59.9237 3.27447 2.90684 83.4436 730.807
199.908 60.1686 3.25499 2.92223 88.8508 682.783
201.231 60.4742 3.25844 2.8877 132.065 637.466
202.813 60.5269 3.22981 2.89939 128.362 626.071
204.11 60.6801 3.2264 2.85735 128.48 611.883
205.516 60.8132 3.22311 2.90364 71.1387 608.02
207.791 61.2001 3.20242 2.88932 121.827 601.21
215.402 61.6061 3.22276 2.90128 181.402 792.949
224.22 61.4862 3.26915 2.99461 29.8729 1163.05
226.918 61.1512 3.27567 2.9757 43.3296 1302.31
198.736 59.2533 3.28846 2.99114 55.6951 796.723
200.175 59.1767 3.27238 2.9569 88.8139 788.866
201.907 59.5938 3.23643 2.87599 88.7708 731.781
202.905 59.7733 3.23727 2.88991 69.4176 710.014
204.792 59.8542 3.24528 2.89718 89.5934 707.357
205.68 60.1952 3.23418 2.87502 95.3417 677.337
210.276 60.4814 3.17646 2.81954 99.3221 730.051
219.809 60.7718 3.21167 2.98915 28.8674 1028.54
221.424 60.3024 3.22208 2.90559 109.008 1129.09
223.909 60.7704 3.25595 2.94353 43.2151 1198.03
190.452 56.6011 3.22742 2.80317 35.8297 1249.79
202.009 59.0314 3.24022 2.89562 93.1582 794
203.561 59.1953 3.24058 2.89737 104.534 775.105
204.771 59.3922 3.25722 2.91833 99.0627 758.344
206.768 59.6524 3.41728 2.91661 106.005 749.22
212.597 59.9979 3.21316 2.84852 58.1899 839.935
222.262 59.6304 3.22751 2.91526 91.1739 1214.71
223.04 60.1218 3.26654 2.76322 22.6508 1208.66
226.285 59.5898 3.26383 2.92826 42.407 1383.64
227.183 60.2114 3.26687 2.85306 24.0604 1377.19
212.566 65.1171 3.28161 2.97218 65.0815 458.628
203.344 58.6774 3.24154 2.88811 66.6798 832.39
204.991 58.6484 3.26882 2.91339 38.8781 842.096
213.66 59.4296 3.14457 2.70095 76.3479 925.162
227.731 58.9601 3.26975 2.95501 46.8733 1491.82
202.426 57.5673 3.22564 2.85023 105.279 956.075
203.613 57.6397 3.38675 2.86939 66.4625 948.374
205.548 57.5665 3.25307 2.93475 37.2387 965.623
224.26 58.4133 3.2531 2.93195 46.4628 1391.93
225.482 58.2747 3.26007 2.96944 44.7594 1452.24
229.033 59.3946 3.28118 3.01815 22.6014 1515.22
197.939 55.703 3.24205 2.83218 37.1201 1193.29
200.447 56.2848 3.21576 2.82226 15.9082 1106.31
223.768 57.9616 3.22632 2.91091 42.8538 1409.86
225.424 57.4688 3.26117 2.92819 28.554 1516.18
227.048 56.8144 3.27235 2.95185 24.2583 1635.69
229.75 56.9811 3.32753 2.97592 36.358 1732.03
212.138 64.8735 3.24588 2.91927 84.2097 449.292
210.428 68.6408 3.17196 2.87824 74.7009 425.623
229.974 55.9154 3.27485 2.96216 24.5529 1829.63
228.385 55.3279 3.28205 2.95833 24.5054 1816.32
227.653 56.4191 3.28342 2.94606 29.8553 1693.32
209.931 62.7622 2.15218 1.84455 109.223 505.604
211.063 63.7323 3.20106 2.84516 162.61 469.315
211.14 63.4057 3.19597 2.86781 179.294 495.682
218.547 60.1369 3.63739 3.41829 49.4606 1029.35
217.908 60.4896 3.23997 2.97507 91.0633 976.543
217.507 60.403 3.22707 2.91244 82.9938 968.527
218.338 61.0595 3.24113 2.93638 76.8286 948.289
216.296 60.3923 3.21983 2.88891 47.3115 925.179
216.716 60.1205 3.17236 2.80025 56.6909 963.306
215.271 60.5805 3.22104 2.89866 49.4536 872.869
216.679 60.2805 3.20786 2.8443 58.2382 948.393
218.244 60.7315 3.23649 2.94068 109.997 970.075
217.659 60.602 3.24039 2.96572 107.87 958.029
216.749 60.4427 3.22291 2.89404 69.2686 937.305
217.639 60.9231 3.23681 2.94148 116.81 931.699
218.995 60.8241 3.23507 2.96334 60.3817 992.199
216.976 61.3836 3.23187 2.91609 135.385 870.31
218.049 60.1785 3.22334 2.91601 87.9612 1007.24
216.031 60.2361 3.19882 2.88131 71.9405 929.111
217.533 61.187 3.2305 2.90777 134.41 907.042
218.652 60.2994 3.2303 2.94537 94.9176 1020.16
219.217 60.1294 3.22269 2.93564 89.6584 1055.5
216.221 60.072 3.18123 2.81046 41.2659 949.957
218.856 60.4399 3.23885 2.96421 89.6392 1016.75
216.546 61.2275 3.23 2.94188 178.87 865.959
