# evlo=223.669601 evla=64.575302
194.627 64.5646 3.26043 2.93304 55.4037 1379.92
217.908 60.4896 3.22483 2.99406 61.5859 542.969
217.654 61.036 3.23871 3.00683 80.3218 499.344
217.507 60.403 3.22169 2.9948 102.991 562.65
218.338 61.0595 3.22762 3.03169 112.384 476.591
220.363 59.9534 3.20287 2.96765 141.799 542.807
216.3 60.3932 3.21875 2.98107 91.195 600.625
225.144 58.5792 3.27772 3.01315 115.367 672.723
216.716 60.1205 3.16534 2.87547 97.0782 612.652
215.395 60.9677 3.24019 3.01565 130.071 582.476
209.013 64.0997 3.34138 3.08403 27.724 708.911
209.094 59.7511 3.25662 3.00315 140.095 927.209
209.259 59.7417 3.25099 2.99659 123.597 920.987
210.701 64.1732 3.40761 3.47562 40.9317 626.581
208.846 60.7683 3.20277 2.83063 107.912 867.096
207.916 63.4188 3.25103 2.89972 70.0586 779.545
212.195 64.6453 3.30307 3.01409 39.6601 548.514
204.378 55.8218 3.18314 2.91563 46.3451 1437.16
207.685 63.8827 3.26886 2.87765 19.4031 777.493
208.763 59.5251 3.25526 3.00886 114.374 957.923
209.796 67.2269 3.2038 2.93711 61.4347 696.081
216.907 60.7523 3.24057 3.00518 102.871 548.663
218.66 60.9649 3.23776 3.00562 135.152 476.54
209.738 62.4058 3.30652 3.05917 146.356 733.223
217.513 60.0823 3.18936 2.91519 95.9224 593.202
212.624 63.0753 3.28481 3.02715 156.815 568.125
214.225 61.1292 3.21907 2.99355 121.831 614.5
215.93 63.6482 3.2873 3.02078 85.3446 390.81
214.25 60.5487 3.19968 2.97938 119.4 659.177
196.582 54.8564 3.17914 2.70116 22.5178 1846.52
213.401 60.7277 3.22095 3.01944 118.053 677.69
209.784 61.1426 3.2747 3.03085 45.6142 801.559
214.766 66.5657 3.24257 3.06082 84.8897 466.562
188.296 63.7758 3.25951 2.91507 36.4835 1699.95
203.121 64.7461 3.28205 2.96336 48.725 977.557
211.074 61.771 3.29096 3.06073 146.064 705.654
216.188 61.4417 3.23791 2.99326 183.801 514.818
212.904 60.8792 3.23048 2.9944 124.338 686.203
215.271 60.5805 3.22709 2.9931 124.301 619.228
216.679 60.2805 3.20532 2.94829 77.2774 598.905
218.244 60.7315 3.24525 3.06 102.489 510.411
213.052 64.4091 3.30418 3.05031 26.4451 510.128
213.497 60.396 3.17855 2.93593 101.931 700.055
215.738 60.3351 3.22723 3.02441 47.5127 624.351
208.348 59.6572 3.25801 3.00445 94.425 965.626
217.659 60.6024 3.2363 3.03559 96.1588 539.363
216.749 60.4427 3.21807 2.99432 98.5006 581.804
217.639 60.9231 3.23695 3.02861 117.29 510.11
218.995 60.824 3.20442 2.9467 79.8467 481.456
216.976 61.3836 3.25513 3.0077 128.914 491.211
211.063 63.7318 3.25281 2.9153 73.8396 619.588
218.049 60.1785 3.20557 2.94775 65.5676 569.356
216.031 60.2361 3.19698 2.94014 54.9019 623.516
217.533 61.1871 3.2443 3.01162 117.353 489.57
218.652 60.2994 3.20882 2.94338 63.9899 542.076
211.14 63.4056 3.24882 2.98784 62.1293 625.915
219.217 60.1294 3.17821 2.94718 66.2099 546.221
216.221 60.072 3.14394 2.82996 89.7819 632.4
218.856 60.4399 3.21579 2.97674 92.9563 523.071
216.546 61.2275 3.25183 3.02237 129.169 519.46
212.138 64.8736 3.33084 3.03565 35.853 549.827
198.929 70.2043 2.99129 2.42392 36.3059 1220.82
203.383 71.3221 3.22156 2.77616 21.6953 1125.52
205.026 71.0033 3.35939 2.78093 21.8058 1056.45
234.753 71.9871 3.30046 2.91599 83.5547 941.652
198.198 69.3641 3.09029 2.67579 33.1632 1221.86
202.84 70.0079 3.00794 2.42406 39.1811 1074.48
205.387 69.6211 3.04465 2.49936 36.8909 967.335
206.58 70.34 3.13452 2.80574 35.5757 967.795
194.656 68.2746 3.1701 2.9012 27.0042 1344.81
196.822 68.4753 3.15923 2.84008 47.2203 1258.32
198.806 68.6483 3.15644 2.86739 31.074 1181.39
205.217 69.1565 3.13882 2.77633 36.874 951.426
209.387 69.836 3.1479 2.84274 40.9772 848.116
211.299 69.72 3.17032 2.80388 23.9847 782.583
215.088 69.9175 3.21767 2.9282 38.3732 700.18
216.289 69.626 3.22399 2.87089 62.4755 647.12
235.93 69.3475 3.33362 2.95405 62.1363 752.528
196.917 67.6988 3.21878 2.89762 21.4768 1246.21
201.885 68.4946 3.17495 2.80163 46.6407 1055.05
207.318 68.8799 3.15849 2.82808 64.6099 862.228
209.319 68.9656 3.12811 2.7579 72.7194 796.126
211.177 69.1532 3.17111 2.91312 87.1886 746.409
213.625 69.322 3.13721 2.64225 35.4117 686.037
219.035 69.243 3.24835 2.95352 83.5212 558.316
221.263 69.3286 3.16245 2.83701 148.851 540.318
199.397 67.4213 3.24116 2.91711 42.0608 1138.56
202.768 67.4572 3.23031 2.88503 59.8255 995.685
203.811 68.2575 3.18721 2.84646 61.0568 971.664
208.187 68.1343 3.20953 2.86028 43.4207 795.634
210.384 68.0584 3.20163 2.87834 59.1314 708.967
211.513 68.0748 3.19696 2.88323 42.6888 668.402
214.432 68.1207 3.19694 2.88044 43.9842 571.174
218.405 68.1861 3.26558 2.89169 52.1113 466.085
220.465 68.6043 3.23686 2.97039 96.668 471.086
222.103 68.3889 3.1855 2.85216 196.453 430.922
223.281 66.3701 3.21847 2.957 201.226 200.928
193.671 65.4742 3.29381 2.99015 22.5948 1403.95
198.75 66.442 3.26178 2.94781 49.3112 1163.65
200.349 66.6001 3.26965 2.99541 34.6669 1092.5
202.227 66.8332 3.26251 3.00287 48.5154 1010.92
204.275 67.0486 3.24766 2.8761 41.7199 924.561
206.517 67.2221 3.23542 2.88761 47.6002 832.427
207.821 67.5076 3.21154 2.95202 55.3125 786.444
214.357 67.5933 3.217 2.94438 85.1812 538.398
215.855 67.6946 3.21861 2.92245 71.5787 494.881
220.128 67.6136 3.2603 2.90644 120.223 374.622
224.214 67.6106 3.25078 2.92319 153.063 339.353
226.258 67.441 3.27577 2.85394 128.238 340.39
195.961 64.9941 3.27273 2.96123 48.116 1307.92
197.645 65.3936 3.28958 2.96381 67.0078 1222.99
199.349 65.5011 3.28484 2.96932 70.6274 1143.12
201.346 65.895 3.29613 3.00412 55.6291 1048.44
202.913 66.1434 3.29535 3.04236 29.5035 976.974
206.494 66.5156 3.25492 2.92639 46.4817 819.713
208.493 66.9214 3.24724 2.88164 77.7793 741.131
209.976 66.7108 3.25026 2.90359 93.1791 672.197
212.525 66.7004 3.24126 2.98791 74.6546 564.236
213.899 66.7653 3.2894 3.34166 48.9982 510.653
216.215 66.9498 3.24056 3.07772 85.1735 431.737
218.345 66.8088 3.23211 2.9563 78.6452 348.898
221.978 66.9116 3.24301 2.94131 164.232 271.79
223.778 66.9808 3.2668 2.94204 208.528 268.269
225.729 66.9227 3.27606 2.89183 158.192 278.221
197.761 64.6379 3.24848 2.87201 27.609 1231.58
200.087 64.937 3.24118 2.84619 35.7928 1116.84
203.551 65.5276 3.26762 2.86411 40.4503 949.09
205.119 65.4924 3.29907 3.03675 24.3619 876.722
207.195 65.6571 3.30292 3.05391 47.1069 780.825
210.457 65.8251 3.28711 3.06303 38.9268 632.869
212.122 65.8371 3.30202 3.04208 67.0036 557.684
214.181 66.267 3.23191 2.86456 24.9739 478.628
218.473 66.2305 3.25851 3.08941 97.4772 303.732
221.631 66.2191 3.31802 3.08113 143.663 206.293
225.657 65.8052 3.20691 2.88542 161.315 165.733
214.843 62.3987 3.25357 2.98187 180.311 501.67
213.052 64.4091 3.30418 3.05031 26.4451 510.128
208.018 65.18 3.2887 2.94672 56.6504 742.881
210.64 65.1479 3.33275 3.12983 71.3605 620.037
216.846 65.3064 3.27667 3.01154 83.3489 332.578
218.385 65.6035 3.30317 3.03028 74.144 273.543
220.064 65.4483 3.32119 3.16918 120.773 195.849
196.446 62.7492 3.23669 2.76251 15.9345 1352.6
199.398 63.2842 3.27994 2.96951 26.1629 1191.82
203.285 63.465 3.26266 2.8976 21.66 999.979
205.853 64.1767 3.28184 2.95736 25.4564 858.356
214.63 64.613 3.30194 3.04517 42.9369 432.547
198.469 62.2938 3.3341 3.03051 36.2289 1274.38
201.699 62.7161 3.33569 3.01816 20.8609 1102.33
214.222 63.8036 3.27554 2.95687 59.1433 466.702
217.924 64.0292 3.28069 3.01444 163.897 284.571
197.317 61.3416 3.25312 2.91509 31.9593 1373.79
198.513 61.678 3.24318 2.9349 45.6601 1300.13
200.525 61.7105 3.25007 2.9414 43.4822 1202.36
201.703 62.1344 3.2472 2.92918 41.6087 1126.48
203.311 62.2195 3.24571 2.91745 93.2211 1045.85
205.146 62.1816 3.26158 2.9883 48.2945 960.202
206.12 62.4787 3.24861 2.9093 18.3938 900.683
216.652 63.0254 3.2429 2.98828 259.199 386.297
218.173 63.0618 3.24412 2.99382 227.881 318.834
221.871 63.109 3.19428 2.96297 149.748 185.862
193.799 60.3849 3.31506 3.04932 20.1313 1592.61
196.65 60.4135 3.24346 2.89185 69.7941 1454.84
198.04 60.7515 3.25087 2.91715 79.5445 1369.99
199.312 60.6947 3.2522 2.92828 55.7579 1312.63
201.041 61.0224 3.26054 2.97303 61.2674 1212.79
202.562 61.4009 3.26033 2.95934 69.1616 1120.78
204.176 61.4907 3.27951 3.00224 84.0034 1039.89
205.609 61.9037 3.27182 3.00681 92.4163 951.452
206.868 61.8823 3.29013 2.99466 115.378 893.243
209.88 61.7531 3.3158 3.10321 87.8821 760.714
212.274 61.7929 3.26713 3.00984 184.743 650.972
213.825 62.1067 3.24003 2.95756 175.635 563.763
217.004 62.4013 3.23886 2.98375 169.163 410.806
218.122 62.3579 3.25574 2.98235 186.931 370.727
221.538 62.4435 3.22171 2.96653 152.152 260.226
223.206 62.5763 3.24842 2.92783 200.151 224.012
225.609 62.2024 3.24971 2.92079 98.7904 281.69
198.315 59.9237 3.27007 2.99637 68.5355 1404.15
199.908 60.1686 3.2719 2.98952 64.5227 1314.51
201.231 60.4742 3.27535 3.00601 86.7676 1234.41
202.813 60.5269 3.28543 3.00568 72.5095 1157.25
204.11 60.6801 3.30093 3.04995 72.1825 1087.9
205.516 60.8132 3.28957 3.07293 73.8777 1015.03
207.791 61.2001 3.30218 3.10224 33.9238 887.836
215.402 61.6061 3.21509 2.96795 132.154 532.195
222.911 61.4593 3.24987 2.95418 128.884 349.424
224.22 61.4862 3.22453 2.99543 243.538 345.441
226.918 61.1512 3.25233 2.99197 91.0355 415.813
198.736 59.2533 3.28114 3.02396 51.1093 1425.84
200.175 59.1767 3.28486 2.93243 32.5043 1363.91
201.907 59.5938 3.30024 3.04701 46.8142 1256.89
202.905 59.7733 3.29351 2.98622 68.2343 1199.43
204.792 59.8542 3.20705 2.84159 41.6518 1108.28
205.68 60.1952 3.19384 2.81515 68.7841 1045.9
207.376 60.0815 3.19676 2.81415 118.507 977.748
210.276 60.4814 3.2535 2.99839 171.925 824.393
219.809 60.7718 3.22818 2.99877 109.932 467.594
221.424 60.3024 3.24586 2.99437 97.7572 490.058
223.909 60.7704 3.24078 2.99709 178.495 424.257
190.452 56.6011 3.26081 2.92483 17.3625 1994.57
202.009 59.0314 3.28793 2.99623 60.7415 1289.51
203.561 59.1953 3.22012 2.84136 80.2063 1208.19
204.771 59.3922 3.21617 2.83649 96.7877 1140.46
206.768 59.6524 3.21373 2.85205 90.7399 1034.15
212.597 59.9979 3.17631 2.9377 131.121 766.604
222.262 59.6304 3.24531 2.99474 76.2874 555.939
223.04 60.1218 3.26241 2.99793 109.784 497.41
226.285 59.5898 3.26233 3.00925 62.776 572.06
227.183 60.2114 3.25967 2.98442 92.0625 519.003
212.566 65.1171 3.29646 3.10348 57.137 529.557
203.344 58.6774 3.23329 2.87846 81.0727 1254.26
204.113 58.2637 3.24625 2.92782 49.4358 1250.82
204.991 58.6484 3.23477 2.90949 62.525 1184.07
206.355 58.9287 3.25246 3.02878 28.0118 1104.46
207.606 58.6097 3.23934 3.00227 111.998 1076.28
213.66 59.4296 3.09784 2.64959 80.0204 775.373
227.731 58.9601 3.26642 3.02198 79.5507 661.154
202.426 57.5673 3.24259 2.89358 50.4765 1376.92
203.613 57.6397 3.22983 2.92644 37.2501 1320.01
205.548 57.5665 3.24472 2.98813 41.4976 1244.23
224.26 58.4133 3.2766 3.04288 143.308 687.386
225.482 58.2747 3.28255 3.0212 120.024 708.671
229.033 59.3946 3.26974 2.97805 72.4868 641.659
223.768 57.9616 3.27396 3.02253 137.3 737.003
225.424 57.4688 3.29588 3.00585 108.065 797.45
228.869 57.9128 3.26544 3.026 42.8133 792.533
227.048 56.8144 3.28754 3.04688 62.2474 883.898
229.75 56.9811 3.25974 2.98711 56.7007 907.746
212.138 64.8735 3.31639 2.99451 19.1752 549.837
210.428 68.6408 3.16579 2.83552 52.9065 739.085
226.879 56.1146 3.4452 3.02438 76.8674 958.871
229.974 55.9154 3.26451 3.00626 37.6803 1024.89
228.385 55.3279 3.27667 2.98495 93.6087 1062.7
227.653 56.4191 3.41465 3.00164 58.4793 934.308
209.931 62.7622 3.36493 3.15442 118.053 707.983
211.063 63.7323 3.25261 2.91512 73.8396 619.55
211.14 63.4057 3.2488 2.98781 62.1293 625.91
218.547 60.1369 2.92311 2.71116 124.29 560.899
217.908 60.4896 3.22483 2.99406 61.5859 542.969
217.507 60.403 3.22169 2.9948 102.991 562.65
218.338 61.0595 3.2276 3.03167 112.384 476.588
216.296 60.3923 3.21978 2.98202 91.195 600.817
216.716 60.1205 3.16534 2.87547 97.0782 612.652
215.271 60.5805 3.22709 2.9931 124.301 619.228
216.679 60.2805 3.20532 2.94829 77.2774 598.905
218.244 60.7315 3.24525 3.06 102.489 510.411
217.659 60.602 3.23661 3.03588 96.1588 539.415
216.749 60.4427 3.21807 2.99432 98.5006 581.804
217.639 60.9231 3.23699 3.02865 117.29 510.116
218.995 60.8241 3.20436 2.94664 79.8467 481.446
216.976 61.3836 3.25513 3.0077 128.914 491.211
218.049 60.1785 3.20557 2.94775 65.5676 569.356
216.031 60.2361 3.19698 2.94014 54.9019 623.516
217.533 61.187 3.24431 3.01163 117.353 489.573
218.652 60.2994 3.20882 2.94338 63.9899 542.076
219.217 60.1294 3.17821 2.94718 66.2099 546.221
216.221 60.072 3.14394 2.82996 89.7819 632.4
218.856 60.4399 3.21579 2.97674 92.9563 523.071
216.546 61.2275 3.25183 3.02237 129.169 519.46
