# evlo=202.813293 evla=60.526901
194.627 64.5646 3.15749 2.74812 77.7715 615.51
217.908 60.4896 3.15764 2.87736 97.3866 827.55
217.507 60.403 3.12665 2.84355 95.2434 806.809
218.338 61.0595 3.24203 3.00991 39.1331 845.528
216.3 60.3932 3.10194 2.67759 75.7787 740.914
216.716 60.1205 3.01783 2.54442 69.7752 768.07
215.395 60.9677 3.17669 2.86758 105.938 686.85
209.013 64.0997 3.27682 2.93493 122.729 511.31
209.094 59.7511 3.21904 2.8473 183.915 359.367
209.259 59.7417 3.22005 2.85231 179.526 368.553
210.701 64.1732 3.26181 2.91994 145.055 575.482
208.846 60.7683 3.18387 2.73717 64.0922 331.006
207.916 63.4188 3.27601 2.93602 148.556 418.641
212.195 64.6453 3.25653 2.91332 159.513 664.447
204.378 55.8218 3.17551 2.8689 36.8254 532.039
200.411 54.831 3.14224 2.57244 33.4222 650.245
207.685 63.8827 3.25697 2.83892 126.118 451.567
208.763 59.5251 3.25901 2.92051 113.155 349.844
209.796 67.2269 3.24402 2.8746 77.1684 820.78
216.907 60.7523 3.17413 2.90868 101.794 770.147
209.738 62.4058 3.249 2.96514 216.89 424.08
217.513 60.0823 3.05685 2.64719 61.7476 812.488
212.624 63.0753 3.26863 2.98002 150.77 589.375
214.225 61.1292 3.19352 2.85807 121.697 623.607
215.93 63.6482 3.27021 2.97495 83.2761 766.637
214.25 60.5487 3.14983 2.71911 117.177 626.996
196.582 54.8564 3.18092 2.66205 39.4312 732.034
213.401 60.7277 3.17635 2.75984 92.1788 579.393
209.784 61.1426 3.16784 2.7267 94.0818 385.066
214.766 66.5657 3.24382 2.83609 131.455 894.999
188.296 63.7758 3.21917 2.82845 91.2035 836.529
203.121 64.7461 3.22472 2.89625 142.117 470.516
216.188 61.4417 3.25863 2.93234 30.8286 729.825
212.904 60.8792 3.17232 2.77666 108.208 551.924
215.271 60.5805 3.12231 2.72151 89.4363 682.485
216.679 60.2805 3.08021 2.66655 67.441 763.337
218.244 60.7315 3.21752 2.94012 49.6049 843.005
213.052 64.4091 3.25537 2.96099 158.253 681.451
213.497 60.396 3.15653 2.7098 72.7339 587.337
215.738 60.3351 3.08817 2.6472 92.5562 710.956
208.348 59.6572 3.24543 2.8955 225.352 322.774
217.659 60.6024 3.17102 2.90082 105.729 812.569
215.581 59.9268 3.03609 2.42646 82.2779 709.587
216.749 60.4427 3.11484 2.73461 81.5937 764.832
217.639 60.9231 3.24225 2.94753 73.5649 808.604
214.077 61.4924 3.23433 2.97003 113.433 617.892
211.542 61.4131 3.20966 2.84814 122.601 482.519
197.4 66.8951 3.20814 2.83426 40.4752 757.97
209.077 63.5527 3.26225 2.92593 190.172 469.859
216.976 61.3836 3.22985 2.99289 36.745 771.742
211.063 63.7318 3.26226 2.99291 197.294 558.589
211.768 64.9602 3.25906 2.86949 69.911 672.355
218.049 60.1785 3.10008 2.80469 89.287 840.125
209.256 65.0304 3.25869 2.89774 113.08 599.475
216.031 60.2361 3.06382 2.60089 91.5232 728.519
218.652 60.2994 3.14492 2.85396 70.4778 871.027
211.14 63.4056 3.25788 3.0112 219.068 541.268
219.217 60.1294 3.12718 2.82861 86.4913 904.984
216.221 60.072 3.02905 2.48142 79.1115 741.814
218.856 60.4399 3.18785 2.92074 42.1035 879.943
216.546 61.2275 3.25087 2.95146 94.0644 748.551
207.417 57.7828 3.27295 2.98955 77.4715 403.314
212.138 64.8736 3.26897 2.91085 113.148 678.86
198.929 70.2043 3.09701 2.69094 83.6042 1093.48
203.383 71.3221 3.10814 2.64647 42.2152 1203.97
205.026 71.0033 3.10094 2.61958 67.2095 1172.34
198.198 69.3641 3.10931 2.70806 73.5828 1008.42
202.84 70.0079 3.11198 2.66295 48.4353 1057.08
205.387 69.6211 3.15465 2.74615 81.4834 1020.91
206.58 70.34 3.13997 2.69378 70.4587 1107.49
194.656 68.2746 3.17357 2.75131 44.2659 947.241
196.822 68.4753 3.18042 2.80667 48.355 930.663
198.806 68.6483 3.16752 2.81164 74.7785 925.059
200.413 69.1049 3.14784 2.78973 89.3956 962.937
205.217 69.1565 3.17576 2.80099 55.5103 968.655
209.387 69.836 3.14686 2.71642 66.3105 1081.16
211.299 69.72 3.17177 2.77045 124.646 1097.27
215.088 69.9175 3.20735 2.84561 70.8284 1189.03
216.289 69.626 3.21152 2.88877 34.7246 1190.33
235.93 69.3475 3.26753 2.91437 53.4778 1814.74
196.917 67.6988 3.19136 2.82619 56.5527 848.674
201.885 68.4946 3.34274 2.88929 76.1162 889.364
203.387 68.7132 3.19104 2.83056 92.3491 913.058
207.318 68.8799 3.19967 2.82448 90.1908 955.086
209.319 68.9656 3.20064 2.83472 111.065 989.2
211.177 69.1532 3.19485 2.81492 108.299 1038.21
213.625 69.322 3.22197 2.88219 72.6913 1102.24
219.035 69.243 3.21772 2.8511 82.7954 1230.89
221.263 69.3286 3.32258 2.82611 42.1488 1302.79
198.174 67.082 3.19974 2.82307 66.5515 765.13
199.397 67.4213 3.20207 2.84856 96.3948 786.264
202.768 67.4572 3.22958 2.90314 124.258 772.568
203.811 68.2575 3.20862 2.86818 98.6016 863.141
206.028 68.4414 3.21375 2.87559 86.0679 895.47
208.187 68.1343 3.23383 2.90666 121.529 886.185
210.384 68.0584 3.23483 2.87164 139.07 914.582
211.513 68.0748 3.22996 2.86194 59.1085 938.89
214.432 68.1207 3.23306 2.88196 56.7578 1012.47
218.405 68.1861 3.24211 2.82437 88.3852 1132.12
220.465 68.6043 3.34951 2.83859 52.736 1227
222.103 68.3889 3.24413 2.8462 70.6818 1266.68
223.281 66.3701 3.24709 2.93523 193.645 1202.71
193.671 65.4742 3.19865 2.81478 79.0235 718.776
195.352 65.7077 3.40011 2.86544 100.246 688.403
198.75 66.442 3.22366 2.87583 104.936 689.386
200.349 66.6001 3.20993 2.8452 57.538 687.833
202.227 66.8332 3.2298 2.88341 111.615 703.564
204.275 67.0486 3.23322 2.90575 103.303 730.506
206.517 67.2221 3.23757 2.87202 107.631 767.887
207.821 67.5076 3.2435 2.89859 127.479 815.167
212.113 67.5187 3.23558 2.87377 66.6391 900.201
214.357 67.5933 3.24276 2.86676 48.8151 965.325
215.855 67.6946 3.23902 2.83799 72.1644 1016.77
224.214 67.6106 3.25021 2.91841 73.998 1298.29
226.258 67.441 3.25178 2.93296 99.1659 1369.38
195.961 64.9941 3.20033 2.84523 100.921 607.914
197.645 65.3936 3.45428 2.82756 57.4409 602.045
199.349 65.5011 3.21683 2.8514 126.826 581.324
201.346 65.895 3.20899 2.8361 82.2924 602.846
202.913 66.1434 3.22981 2.89939 128.362 626.071
206.494 66.5156 3.24791 2.87752 140.668 691.939
208.493 66.9214 3.24475 2.86448 136.233 765.321
209.976 66.7108 3.23891 2.87551 84.7559 774.353
212.525 66.7004 3.25428 2.89015 86.4247 837.995
213.899 66.7653 3.24503 2.82589 79.3109 883.511
216.215 66.9498 3.24298 2.82595 101.777 971.095
218.345 66.8088 3.25075 2.90475 45.2433 1034.88
221.978 66.9116 3.26123 2.94334 106.477 1176.69
223.778 66.9808 3.25309 2.92709 125.774 1250.57
225.729 66.9227 3.2477 2.92205 153.892 1326.33
197.761 64.6379 3.20195 2.86284 76.9959 526.287
200.087 64.937 3.21055 2.85453 116.944 510.801
201.637 65.1527 3.21168 2.84093 110.128 519.036
203.551 65.5276 3.22762 2.90895 136.837 558.625
205.119 65.4924 3.23768 2.85979 117.575 565.557
207.195 65.6571 3.247 2.86382 157.205 612.813
208.623 65.8937 3.24191 2.85912 89.7502 665.14
210.457 65.8251 3.25519 2.87219 70.7037 703.883
212.122 65.8371 3.24641 2.86304 107.458 753.447
214.181 66.267 3.24578 2.8399 73.5272 853.175
218.473 66.2305 3.26489 2.94622 130.263 1004.03
221.631 66.2191 3.2504 2.93809 145.067 1128.27
225.657 65.8052 3.27015 2.97568 141.1 1282.63
214.843 62.3987 3.2585 2.98964 91.0393 673.313
213.052 64.4091 3.25537 2.96099 158.253 681.451
199.305 63.8864 3.21839 2.83378 105.123 416.413
205.522 64.7962 3.23502 2.83953 145.91 495.565
210.64 65.1479 3.25126 2.8604 85.0134 650.42
216.846 65.3064 3.26646 2.96038 151.503 886.913
218.385 65.6035 3.26405 2.95822 158.815 965.333
220.064 65.4483 3.25582 2.95344 184.269 1027.26
221.694 65.3609 3.26765 2.97949 181.719 1093.51
223.623 65.2225 3.2799 3.00656 127.492 1173.85
196.446 62.7492 3.21023 2.8708 111.138 418.382
199.398 63.2842 3.22257 2.82209 119.639 355.766
200.922 63.3965 3.22226 2.83639 93.213 334.8
203.285 63.465 3.21611 2.85238 165.787 328.365
204.379 63.994 3.23256 2.82749 176.107 394.84
205.853 64.1767 3.24358 2.86794 173.98 436.063
214.63 64.613 3.26347 2.96703 170.342 757.391
216.436 64.5012 3.25889 2.9717 263.426 827.332
221.784 64.453 3.2757 2.99471 57.4157 1066.15
221.784 64.4525 3.27602 2.99349 68.4435 1066.11
223.67 64.5753 3.28543 3.00568 72.5095 1157.25
195.344 61.9331 3.22614 2.88414 129.468 430.402
198.469 62.2938 3.22421 2.84779 97.8811 304.186
201.699 62.7161 3.20995 2.84236 181.747 251.017
205.93 63.3569 3.26448 2.88459 130.966 355.208
214.222 63.8036 3.25449 2.98393 207.152 696.265
217.924 64.0292 3.27496 2.97372 146.231 873.4
222.48 63.8433 3.24801 2.91234 25.4082 1083.6
197.317 61.3416 3.23518 2.89529 178.807 311.411
198.513 61.678 3.24496 2.95009 153.127 264.956
200.525 61.7105 3.20745 2.8513 143.299 180.552
201.703 62.1344 3.21234 2.78786 211.799 188.735
203.311 62.2195 3.2071 2.85089 227.477 190.485
205.146 62.1816 3.31398 2.98327 210.648 222.62
206.12 62.4787 3.29069 2.98064 202.664 279.779
216.652 63.0254 3.33089 3.07784 52.0369 779.812
221.871 63.109 3.30425 3.0176 48.0395 1040.55
193.799 60.3849 3.16737 2.73185 179.872 495.93
196.65 60.4135 3.19306 2.84934 197.65 339.131
198.04 60.7515 3.20399 2.88714 167.448 262.333
199.312 60.6947 3.1908 2.88504 210.191 192.667
204.176 61.4907 3.2896 3.02591 192.4 130.246
205.609 61.9037 3.27685 2.93055 238.999 214.681
206.868 61.8823 3.24991 2.98003 259.847 265.125
209.88 61.7531 3.26917 2.94197 147.754 404.183
212.274 61.7929 3.26787 2.99709 64.7889 527.949
213.825 62.1067 3.26311 2.97672 82.0431 614.714
217.004 62.4013 3.28532 2.98322 96.3352 783.081
218.122 62.3579 3.31153 2.78181 31.0072 839.675
221.538 62.4435 3.28537 3.0781 49.7456 1016.38
223.206 62.5763 3.31025 3.18716 38.1275 1103.06
225.609 62.2024 3.27134 3.04723 35.5682 1226.88
198.315 59.9237 3.25584 2.92374 112.864 258.149
199.908 60.1686 3.25877 2.98556 197.114 165.294
205.516 60.8132 3.30946 2.95103 169.494 151.155
207.791 61.2001 3.27353 2.93347 123.23 280.622
215.402 61.6061 3.25622 3.02598 29.5819 689.125
222.911 61.4593 3.23705 2.9655 43.6158 1088.27
224.22 61.4862 3.23888 2.96313 49.7213 1157.68
226.918 61.1512 3.24372 2.97634 43.7631 1305.25
198.736 59.2533 3.25878 2.99968 174.879 268.694
200.175 59.1767 3.25928 2.94414 202.577 210.891
204.792 59.8542 3.32801 2.96892 164.604 132.914
205.68 60.1952 3.23471 2.89908 242.351 162.455
207.376 60.0815 3.28438 2.97523 184.278 257.038
219.809 60.7718 3.13265 2.80785 24.9722 927.537
190.452 56.6011 3.23392 2.83003 47.3259 839.964
202.009 59.0314 3.26883 2.95259 210.342 172.619
203.561 59.1953 3.27885 2.9756 187.68 154.147
204.771 59.3922 3.28331 2.98658 185.349 167.144
206.768 59.6524 3.3176 2.94524 142.861 240.633
212.597 59.9979 3.17295 2.75267 137.989 544.281
223.04 60.1218 3.05691 2.67282 23.5081 1114.1
212.566 65.1171 3.26689 2.88923 71.551 711.954
203.344 58.6774 3.27202 3.00438 191.792 208.214
204.113 58.2637 3.30228 2.97994 125.285 262.711
204.991 58.6484 3.29631 2.98334 123.385 242.739
206.355 58.9287 3.2919 3.00175 137.316 267.164
207.606 58.6097 3.28283 2.95233 88.7896 344.828
213.66 59.4296 3.04765 2.45061 95.5052 617.109
227.731 58.9601 3.14447 2.73001 17.6324 1403.36
202.426 57.5673 3.21639 2.81025 129.766 330.435
203.613 57.6397 3.28929 2.9246 81.1218 324.868
205.548 57.5665 3.27271 2.97353 53.0955 365.142
197.939 55.703 3.22494 2.71533 28.931 608.897
200.447 56.2848 3.13932 2.55133 74.0864 492.261
212.138 64.8735 3.27293 2.90969 62.9499 678.846
210.428 68.6408 3.22233 2.86393 97.2089 973.648
209.931 62.7622 2.65082 2.15168 92.174 451.719
211.063 63.7323 3.26257 2.9932 197.294 558.641
211.14 63.4057 3.25792 3.01123 219.068 541.274
218.547 60.1369 3.76504 3.46136 88.5866 868.139
217.908 60.4896 3.15764 2.87736 97.3866 827.55
217.507 60.403 3.12665 2.84355 95.2434 806.809
218.338 61.0595 3.24205 3.00993 39.1331 845.533
216.296 60.3923 3.10121 2.67697 75.7787 740.74
216.716 60.1205 3.01783 2.54442 69.7752 768.07
215.271 60.5805 3.12231 2.72151 89.4363 682.485
216.679 60.2805 3.08021 2.66655 67.441 763.337
218.244 60.7315 3.21752 2.94012 49.6049 843.005
217.659 60.602 3.17094 2.90074 105.729 812.547
216.749 60.4427 3.11484 2.73461 81.5937 764.832
217.639 60.9231 3.24221 2.94749 73.5649 808.593
216.976 61.3836 3.22985 2.99289 36.745 771.742
218.049 60.1785 3.10008 2.80469 89.287 840.125
216.031 60.2361 3.06382 2.60089 91.5232 728.519
218.652 60.2994 3.14492 2.85396 70.4778 871.027
219.217 60.1294 3.12718 2.82861 86.4913 904.984
216.221 60.072 3.02905 2.48142 79.1115 741.814
218.856 60.4399 3.18785 2.92074 42.1035 879.943
216.546 61.2275 3.25087 2.95146 94.0644 748.551
