# evlo=222.911499 evla=61.459301
225.449 60.24 3.31517 3.11429 108.115 193.595
194.627 64.5646 3.2681 2.97311 33.0787 1460.5
217.908 60.4896 3.1944 3.01682 178.295 291.577
217.654 61.036 3.23586 3.08659 146.043 286.096
217.507 60.403 3.17982 3.04721 208.828 315.697
218.338 61.0595 3.23181 3.02914 274.795 249.406
220.363 59.9534 3.16398 2.94665 313.5 217.958
216.3 60.3932 3.18468 2.97844 189.921 377.55
225.144 58.5792 3.32706 3.14512 123.451 344.138
216.716 60.1205 3.07851 2.76372 152.281 368.755
215.395 60.9677 3.22364 3.04037 138.885 407.435
209.013 64.0997 3.27405 3.03431 54.6677 766.217
210.701 64.1732 3.25624 2.91397 54.9005 690.733
207.916 63.4188 3.30247 3.04629 67.324 802.523
212.195 64.6453 3.27106 2.97131 72.5492 646.78
207.685 63.8827 3.29685 3.00095 74.9793 823.293
216.907 60.7523 3.24765 3.12145 164.768 333.1
218.66 60.9649 3.20066 3.03534 335.76 235.009
209.738 62.4058 3.21015 2.72182 42.6473 698.551
217.513 60.0823 3.14818 2.90682 148.093 331.677
212.624 63.0753 3.32088 3.04908 90.097 563.118
214.225 61.1292 3.26853 3.08048 90.6595 466.747
215.93 63.6482 3.28223 2.98429 112.161 433.806
214.25 60.5487 3.1512 2.97133 122.261 479.067
213.401 60.7277 3.19292 3.03676 116.927 519.013
209.784 61.1426 3.26479 3.06988 53.8162 703.279
214.766 66.5657 3.28117 2.96337 119.816 693.628
188.296 63.7758 3.22112 2.78163 24.4752 1772.99
203.121 64.7461 3.26137 2.99798 48.2336 1059.02
211.074 61.771 3.2334 2.95063 108.793 628.161
216.188 61.4417 3.24182 3.07049 138.487 358.491
215.271 60.5805 3.21811 3.02834 59.0782 424.336
216.679 60.2805 3.14363 2.93952 243.262 363.009
218.244 60.7315 3.20422 3.05269 276.343 264.449
213.052 64.4091 3.27154 2.99558 66.2276 598.048
213.497 60.396 3.13709 2.91879 128.272 523.642
215.738 60.3351 3.18715 2.95592 76.9124 408.814
217.659 60.6024 3.22211 3.0646 222.391 299.43
225.615 58.2758 3.32465 3.05511 93.0122 385.583
215.581 59.9268 2.98794 2.54087 138.131 435.026
216.749 60.4427 3.18757 2.98152 240.541 352.479
217.639 60.9231 3.24975 3.10645 234.939 289.68
214.077 61.4924 3.26297 2.99975 157.235 470.483
211.542 61.4131 3.27814 3.04783 116.296 606.001
197.4 66.8951 3.2359 2.87209 45.7249 1367.29
209.077 63.5527 3.3074 3.06234 105.512 748.327
218.995 60.824 3.17544 2.95657 297.847 222.478
216.976 61.3836 3.22561 3.02214 166.714 316.894
211.063 63.7318 3.29079 3.04904 69.5872 658.058
211.768 64.9602 3.2712 2.97455 51.3157 681.562
218.049 60.1785 3.14979 2.88621 106.316 300.5
209.256 65.0304 3.25334 2.91803 82.5481 790.919
216.031 60.2361 3.13002 2.87725 160.439 397.903
217.533 61.1871 3.18384 2.90241 122.06 289.575
218.652 60.2994 3.21912 3.07781 151.691 264.917
211.14 63.4056 3.31311 3.06647 97.6635 644.467
219.217 60.1294 3.15041 2.92666 245.319 249.805
216.221 60.072 3.03029 2.63649 271.573 395.848
218.856 60.4399 3.22998 3.13971 312.407 247.355
216.546 61.2275 3.22604 3.00104 196.016 341.564
207.417 57.7828 3.09019 2.82457 54.7741 962.534
212.138 64.8736 3.2772 2.95163 51.3979 661.558
198.929 70.2043 3.09078 2.55165 22.8838 1449.44
203.383 71.3221 3.14916 2.75284 92.4695 1390.83
205.026 71.0033 3.15874 2.76225 67.3864 1323.33
234.753 71.9871 3.31207 2.95388 44.201 1279.51
205.387 69.6211 3.13647 2.60398 16.0143 1209.49
206.58 70.34 3.15186 2.74243 86.9005 1230.41
196.822 68.4753 3.20938 2.91826 21.9244 1442.61
198.806 68.6483 3.20537 2.91091 40.7108 1374.75
205.217 69.1565 3.29582 2.79246 23.2056 1182.12
209.387 69.836 3.18331 2.80586 104.223 1116.97
211.299 69.72 3.20627 2.91138 93.3426 1061.51
215.088 69.9175 3.21377 2.95144 190.697 1007.41
216.289 69.626 3.22157 2.97454 206.183 959.322
235.93 69.3475 3.29413 2.97202 107.269 1062.67
201.885 68.4946 3.22294 2.91886 32.8044 1254.44
203.387 68.7132 3.22161 2.94275 22.0852 1213.93
207.318 68.8799 3.21416 2.80541 23.6001 1097.69
209.319 68.9656 3.20595 2.85375 92.5513 1046.33
211.177 69.1532 3.20775 2.86514 125.217 1013.74
213.625 69.322 3.19001 2.88996 212.463 974.727
219.035 69.243 3.22928 2.92141 188.778 885.983
221.263 69.3286 3.20146 2.87485 125.626 880.663
199.397 67.4213 3.24683 2.9113 41.9171 1301.3
202.768 67.4572 3.25095 2.96526 38.4075 1169.2
203.811 68.2575 3.23369 2.95097 38.8114 1172.49
208.187 68.1343 3.22497 2.86053 38.0748 1016.59
210.384 68.0584 3.25244 2.93965 94.8519 943.419
211.513 68.0748 3.24825 2.91842 115.473 912.493
214.432 68.1207 3.2274 2.91425 150.289 843.322
218.405 68.1861 3.25 2.9937 240.564 779.397
220.465 68.6043 3.23179 2.90045 139.615 804.748
222.103 68.3889 3.20878 2.8907 186.706 773.514
223.281 66.3701 3.23326 2.99475 181.369 547.732
193.671 65.4742 3.24299 2.88535 51.6621 1509.28
195.352 65.7077 3.24072 2.87245 64.9831 1434.3
198.75 66.442 3.25348 2.90084 37.9852 1297.14
202.227 66.8332 3.26207 2.93217 50.5053 1163.4
204.275 67.0486 3.25797 2.9584 30.4723 1090.87
206.517 67.2221 3.26343 2.96422 61.8921 1014.8
207.821 67.5076 3.24729 2.96368 49.2027 985.798
212.113 67.5187 3.26363 2.92855 141.222 849.491
214.357 67.5933 3.24988 2.93975 168.41 796.097
215.855 67.6946 3.23484 2.94373 151.607 771.918
220.128 67.6136 3.22902 2.92496 173.824 698.815
224.214 67.6106 3.25 2.93957 82.4331 688.58
226.258 67.441 3.27849 2.90935 56.5791 685.8
195.961 64.9941 3.22821 2.82478 33.4262 1398.95
197.645 65.3936 3.23996 2.87832 64.4056 1324.88
199.349 65.5011 3.24122 2.8912 65.6099 1248.64
201.346 65.895 3.24784 2.90353 46.6871 1168.56
206.494 66.5156 3.26139 2.95362 62.6416 976.92
208.493 66.9214 3.2609 2.9559 54.4368 924.43
209.976 66.7108 3.20865 2.72175 34.7279 857.75
212.525 66.7004 3.29209 3.00426 46.6941 771.486
213.899 66.7653 3.26688 2.9202 123.502 735.251
216.215 66.9498 3.25791 2.95941 161.767 692.257
218.345 66.8088 3.22872 2.96846 268.878 636.061
221.978 66.9116 3.23234 2.91209 140.462 609.495
223.778 66.9808 3.25311 2.98016 172.027 616.959
225.729 66.9227 3.27387 2.89895 55.1055 624.102
197.761 64.6379 3.27028 2.97936 34.4449 1310.92
200.087 64.937 3.25509 2.98919 30.2275 1204.49
201.637 65.1527 3.2445 2.87848 75.2979 1136.65
203.551 65.5276 3.24434 2.9008 65.9982 1060.05
205.119 65.4924 3.25041 2.89511 53.8199 989.639
207.195 65.6571 3.25655 2.88587 69.057 906.928
208.623 65.8937 3.26348 2.93211 53.9585 859.743
210.457 65.8251 3.27167 2.95789 77.9082 783.678
214.18 66.267 3.28059 3.00801 45.3816 685.421
214.181 66.267 3.28301 2.98409 35.7335 685.39
218.473 66.2305 3.2402 2.993 164.78 574.608
221.631 66.2191 3.23363 2.93763 188.639 534.296
225.657 65.8052 3.30226 2.98776 78.0833 503.085
214.843 62.3987 3.27812 3.09357 136.348 436.171
213.052 64.4091 3.27154 2.99558 66.2276 598.048
199.305 63.8864 3.2777 2.96589 24.8145 1231.78
205.522 64.7962 3.24261 2.84143 52.1127 949.006
208.018 65.18 3.2512 2.88847 92.7448 850.975
210.64 65.1479 3.26118 2.90985 59.4731 738.177
216.846 65.3064 3.30497 3.01193 123.426 524.77
218.385 65.6035 3.27685 3.03741 148.209 513.621
220.064 65.4483 3.2269 2.96885 231.719 466.661
221.694 65.3609 3.23173 2.97286 303.759 439.117
223.623 65.2225 3.24724 2.99366 138.555 420.977
196.446 62.7492 3.27623 2.95194 25.1043 1379.55
199.398 63.2842 3.28496 2.95678 36.0605 1226.68
200.922 63.3965 3.28473 2.93115 21.7083 1150.31
203.285 63.465 3.29331 2.97133 32.4304 1032.77
204.379 63.994 3.28828 3.00684 56.1449 985.047
205.853 64.1767 3.28243 3.03736 50.3633 917.635
214.63 64.613 3.27734 2.98043 105.188 546.277
216.436 64.5012 3.30722 3.02607 54.8795 471.541
221.784 64.453 3.22962 2.9917 286.496 338.535
221.784 64.4525 3.23 2.97704 183.894 338.485
223.67 64.5753 3.24987 2.95418 128.884 349.424
195.344 61.9331 3.23234 2.89779 31.2363 1448.8
201.699 62.7161 3.2175 2.85631 20.5555 1111.97
205.93 63.3569 3.29035 3.001 33.74 900.069
214.222 63.8036 3.2722 2.99562 133.33 516.182
217.924 64.0292 3.30324 2.96263 81.767 383.232
222.48 63.8433 3.2401 3.02562 326.288 266.629
200.525 61.7105 3.24684 2.96065 41.7047 1183.38
203.311 62.2195 3.24962 2.92743 22.166 1031.89
216.652 63.0254 3.29809 3.02284 122.836 369.01
218.173 63.0618 3.27085 2.99842 105.492 304.029
221.871 63.109 3.23481 2.9956 336.974 191.622
198.04 60.7515 3.23808 2.96061 51.5626 1335.42
199.312 60.6947 3.24385 2.96598 38.495 1269.68
201.041 61.0224 3.2426 2.97275 43.5697 1169.9
202.562 61.4009 3.24007 2.98058 57.1482 1081.72
204.176 61.4907 3.24468 2.9852 50.0467 995.136
205.609 61.9037 3.2498 2.9963 105.674 914.712
206.868 61.8823 3.25372 2.98678 94.0572 848.832
209.88 61.7531 3.25153 2.99644 87.1319 691.264
212.274 61.7929 3.21895 2.81596 68.1442 564.804
213.825 62.1067 3.21346 3.02352 96.5519 484.482
217.004 62.4013 3.28801 3.0173 169.118 327.405
218.122 62.3579 3.30233 3.05365 190.303 270.822
221.538 62.4435 3.28779 3.01904 226.618 131.255
225.609 62.2024 3.24167 3.03355 405.42 164.493
198.315 59.9237 3.23834 2.9409 31.6675 1346.38
199.908 60.1686 3.25145 3.14864 22.075 1253.51
201.231 60.4742 3.23893 2.95063 35.3318 1173.92
202.813 60.5269 3.23705 2.9655 43.6158 1088.27
204.11 60.6801 3.23386 2.9287 35.962 1015.2
207.791 61.2001 3.21753 2.93733 44.7351 808.331
215.402 61.6061 3.24477 3.06241 111.107 399.622
226.918 61.1512 3.2634 3.01148 138.276 217.401
200.175 59.1767 3.26562 3.24343 16.3709 1275.01
201.907 59.5938 3.25162 3.23411 27.7119 1166.62
219.809 60.7718 3.19363 3.01659 348.605 183.924
221.424 60.3024 3.19439 3.00289 253.741 152.109
203.561 59.1953 3.21545 2.91473 18.9192 1094.02
204.771 59.3922 3.21461 2.96782 33.3025 1021.79
212.597 59.9979 3.10911 2.8072 116.396 585.223
222.262 59.6304 3.27414 2.99207 166.588 206.871
223.04 60.1218 3.26505 3.02806 283 149.197
226.285 59.5898 3.33066 3.09312 95.4929 278.703
227.183 60.2114 3.33988 3.04934 74.3852 270.654
212.566 65.1171 3.28452 2.9495 93.2172 658.692
207.606 58.6097 3.13924 2.91527 45.1224 907.712
213.66 59.4296 2.86706 1.98934 113.255 556.607
227.731 58.9601 3.28844 3.09409 131.795 385.738
202.426 57.5673 3.15146 2.7477 15.6482 1231.92
224.26 58.4133 3.30367 3.12003 275.208 347.615
225.482 58.2747 3.33278 3.10285 91.6334 382.834
223.768 57.9616 3.29257 3.04809 278.046 392.631
225.424 57.4688 3.33491 3.11452 116.784 466.729
228.869 57.9128 3.29721 3.04831 82.7291 517.959
227.048 56.8144 3.34185 3.07196 84.0722 568.762
229.75 56.9811 3.28697 3.04587 74.7696 632.876
212.138 64.8735 3.27832 2.96889 45.4387 661.561
210.428 68.6408 3.22627 2.89958 105.418 989.341
226.879 56.1146 3.3577 3.09695 95.3794 637.746
229.974 55.9154 3.27834 3.02805 17.0572 740.119
228.385 55.3279 3.33206 3.05659 69.0254 753.62
227.653 56.4191 3.33514 3.06696 77.7079 623.928
209.931 62.7622 3.96328 4.04782 116.865 691.799
211.063 63.7323 3.29075 3.049 69.5872 658.05
211.14 63.4057 3.3131 3.06647 97.6635 644.466
218.547 60.1369 2.33223 1.995 59.1804 279.538
217.908 60.4896 3.1944 3.01682 178.295 291.577
217.507 60.403 3.17982 3.04721 208.828 315.697
218.338 61.0595 3.23174 3.02907 274.795 249.401
216.296 60.3923 3.18646 2.98011 189.921 377.761
216.716 60.1205 3.07851 2.76372 152.281 368.755
215.271 60.5805 3.21811 3.02834 59.0782 424.336
216.679 60.2805 3.14363 2.93952 243.262 363.009
218.244 60.7315 3.20422 3.05269 276.343 264.449
217.659 60.602 3.22255 3.06502 222.391 299.471
216.749 60.4427 3.18757 2.98152 240.541 352.479
217.639 60.9231 3.24987 3.10656 234.939 289.69
218.995 60.8241 3.17539 2.95652 297.847 222.474
216.976 61.3836 3.22561 3.02214 166.714 316.894
218.049 60.1785 3.14979 2.88621 106.316 300.5
216.031 60.2361 3.13002 2.87725 160.439 397.903
217.533 61.187 3.18374 2.90232 122.06 289.566
218.652 60.2994 3.21912 3.07781 151.691 264.917
219.217 60.1294 3.15041 2.92666 245.319 249.805
216.221 60.072 3.03029 2.63649 271.573 395.848
218.856 60.4399 3.22998 3.13971 312.407 247.355
216.546 61.2275 3.22604 3.00104 196.016 341.564
