# evlo=203.560593 evla=59.195301
225.449 60.24 3.14444 2.77455 15.6328 1231.52
217.908 60.4896 3.14122 2.78113 134.259 815.524
217.507 60.403 3.12018 2.73709 108.611 792.828
218.338 61.0595 3.23043 3.01949 32.7375 845.232
220.363 59.9534 3.08015 2.63316 43.535 950.755
216.3 60.3932 3.12127 2.74086 122.298 726.382
215.395 60.9677 3.20511 2.8747 149.606 686.594
209.013 64.0997 3.2888 2.96868 275.283 617.731
209.094 59.7511 3.28015 2.87226 251.539 319.596
209.259 59.7417 3.28194 2.87663 237.661 328.611
210.701 64.1732 3.27063 3.01789 124.163 670.417
208.846 60.7683 3.21518 2.76139 175.386 343.063
207.916 63.4188 3.28574 2.99228 234.172 525.041
212.195 64.6453 3.25291 2.98751 133.297 756.67
204.378 55.8218 3.13749 2.74427 71.8967 378.873
200.411 54.831 3.23261 2.79467 39.2469 522.184
207.685 63.8827 3.29274 2.97678 91.888 566.263
208.763 59.5251 3.3054 2.91143 381.177 298.058
209.796 67.2269 3.26446 2.95625 49.2687 947.474
216.907 60.7523 3.17563 2.83102 141.286 763.806
209.738 62.4058 3.26154 2.98593 302.654 490.591
217.513 60.0823 3.0489 2.57019 59.8874 791.67
212.624 63.0753 3.28784 3.03386 76.168 651.16
214.225 61.1292 3.23656 2.90456 164.328 629.273
214.25 60.5487 3.19927 2.84051 173.749 616.701
196.582 54.8564 3.08675 2.50332 60.0625 642.031
213.401 60.7277 3.22695 2.84114 153.282 575.01
209.784 61.1426 3.17469 2.69185 60.1586 407.697
214.766 66.5657 3.25079 2.96142 83.7528 996.741
188.296 63.7758 3.23093 2.84073 95.6596 956.56
203.121 64.7461 3.24512 2.90526 154.648 619.033
211.074 61.771 3.28686 3.06316 132.642 502.539
216.188 61.4417 3.20884 2.84535 66.5208 739.903
212.904 60.8792 3.23214 2.85508 111.347 552.959
215.271 60.5805 3.15677 2.77198 168.465 672.571
216.679 60.2805 3.09007 2.6431 42.9683 746.335
218.244 60.7315 3.20611 2.89886 62.727 836.027
213.052 64.4091 3.26409 2.96506 235.092 765.326
213.497 60.396 3.22002 2.89207 127.927 573.048
215.738 60.3351 3.13641 2.77958 36.1275 694.919
208.348 59.6572 3.29671 2.86711 331.574 276.541
217.659 60.6024 3.15798 2.82068 123.305 802.878
215.581 59.9268 3.06007 2.47458 45.638 683.519
216.749 60.4427 3.1242 2.7352 128.405 751.524
217.639 60.9231 3.22761 2.92255 84.5405 805.75
214.077 61.4924 3.20551 2.81958 174.931 633.7
211.542 61.4131 3.18053 2.76917 214.08 505.238
209.077 63.5527 3.28273 3.03947 223.255 567.673
216.976 61.3836 3.23536 3.00449 23.6658 779.407
211.063 63.7318 3.26381 3.0349 144.352 643.775
211.768 64.9602 3.26933 2.99454 135.705 771.183
218.049 60.1785 3.07617 2.66902 107.452 821.721
209.256 65.0304 3.27668 2.91032 160.821 714.379
210.931 64.5928 3.2702 2.9764 165.624 714.526
191.145 52.9721 3.14175 2.56877 144.686 1035.13
218.652 60.2994 3.1148 2.75973 101.995 855.453
211.14 63.4056 3.27101 2.98994 316.61 619.779
219.217 60.1294 3.08533 2.69413 155.5 886.511
218.856 60.4399 3.15277 2.80583 109.131 867.244
207.417 57.7828 3.24413 2.92163 114.892 274.398
212.138 64.8736 3.26474 3.01562 122.728 774.472
198.929 70.2043 3.11762 2.71156 79.4595 1246.2
203.383 71.3221 3.21727 2.68892 92.4653 1352.09
205.026 71.0033 3.13656 2.6566 32.498 1318.2
198.198 69.3641 3.13214 2.7366 82.4815 1161.91
202.84 70.0079 3.34725 2.7048 68.2794 1205.91
205.387 69.6211 3.18498 2.77625 82.6221 1165.49
206.58 70.34 3.16166 2.72239 29.0944 1250.39
194.656 68.2746 3.42042 2.77603 58.5879 1100.93
198.806 68.6483 3.18208 2.82835 66.4994 1078.5
200.413 69.1049 3.16721 2.79843 94.3881 1114.91
205.217 69.1565 3.20162 2.82245 72.6449 1113.27
209.387 69.836 3.09939 2.60799 37.5122 1217.48
211.299 69.72 3.19712 2.85844 61.9449 1228.7
215.088 69.9175 3.23023 2.90413 43.6783 1311.83
216.289 69.626 3.2162 2.79456 59.2769 1308.75
235.93 69.3475 3.28136 2.94326 119.215 1897.3
196.917 67.6988 3.20364 2.85086 47.4143 1002.8
201.885 68.4946 3.2111 2.89839 87.5191 1039.8
203.387 68.7132 3.21319 2.85276 86.5869 1061.04
207.318 68.8799 3.24881 2.90261 36.4628 1094.6
209.319 68.9656 3.2316 2.92259 59.2337 1123.63
211.177 69.1532 3.21884 2.9108 41.5424 1168.12
213.625 69.322 3.23942 2.90615 102.65 1226.13
219.035 69.243 3.22627 2.87625 121.887 1340.23
221.263 69.3286 3.23334 2.88742 41.4358 1407.5
198.174 67.082 3.21119 2.84034 57.214 919.265
199.397 67.4213 3.21368 2.85516 89.6132 939.853
202.768 67.4572 3.2394 2.91459 99.1214 921.754
203.811 68.2575 3.2328 2.88389 90.8201 1010.25
206.028 68.4414 3.2364 2.8885 35.9838 1037.62
208.187 68.1343 3.26679 2.99474 46.2329 1021.73
210.384 68.0584 3.25586 2.96685 62.8798 1042.79
211.513 68.0748 3.24516 2.88399 88.6693 1063.38
214.432 68.1207 3.24582 2.88377 103.673 1127.53
218.405 68.1861 3.2531 2.91819 112.055 1235.57
220.465 68.6043 3.2508 2.91098 83.6846 1328.28
222.103 68.3889 3.25069 2.94153 121.882 1362.34
223.281 66.3701 3.26626 2.94581 97.7537 1276.23
193.671 65.4742 3.35446 2.83079 70.0855 865.276
195.352 65.7077 3.37859 2.88079 92.364 838.937
198.75 66.442 3.23283 2.87479 58.2078 843.52
200.349 66.6001 3.22344 2.85448 86.7435 841.059
202.227 66.8332 3.23411 2.91073 88.6982 853.952
204.275 67.0486 3.25046 2.90207 118.994 876.076
206.517 67.2221 3.27211 2.91755 76.3278 906.72
207.821 67.5076 3.27886 2.99729 54.3314 950.219
212.113 67.5187 3.27046 2.90771 103.961 1019.59
214.357 67.5933 3.25313 2.86998 180.685 1077.08
215.855 67.6946 3.24995 2.91258 70.4447 1124.17
220.128 67.6136 3.25384 2.9452 79.6175 1243.44
224.214 67.6106 3.25039 2.93991 124.669 1382.45
226.258 67.441 3.26534 2.94324 110.38 1448.03
195.961 64.9941 3.38462 2.8569 80.0746 757.271
197.645 65.3936 3.2255 2.88922 69.4073 755.16
199.349 65.5011 3.22883 2.87009 81.7524 735.471
201.346 65.895 3.22064 2.8533 143.449 755.232
202.913 66.1434 3.24058 2.89737 104.534 775.105
206.494 66.5156 3.287 2.96031 73.0764 829.243
208.493 66.9214 3.27009 2.97062 66.4867 895.876
212.525 66.7004 3.25371 2.8693 157.473 950.149
213.899 66.7653 3.26478 2.90547 115.058 990.513
216.215 66.9498 3.24981 2.92158 161.393 1070.99
218.345 66.8088 3.2573 2.96214 119.671 1126.27
221.978 66.9116 3.26396 2.96589 101.099 1258.99
223.778 66.9808 3.26571 2.96404 122.636 1329.48
225.729 66.9227 3.26773 2.94525 72.2306 1400.82
197.761 64.6379 3.4093 2.87119 81.9778 678.145
200.087 64.937 3.224 2.86243 98.7716 664.91
201.637 65.1527 3.22237 2.85574 130.302 671.383
203.551 65.5276 3.24464 2.90342 153.377 705.74
205.119 65.4924 3.27486 2.89213 73.2826 706.389
207.195 65.6571 3.28435 2.967 69.8479 743.947
208.623 65.8937 3.27608 2.94759 33.8212 790.089
210.457 65.8251 3.2748 2.90317 128.69 818.779
212.122 65.8371 3.265 2.91554 205.352 859.954
214.18 66.267 3.25321 2.95313 53.688 954.408
214.181 66.267 3.25518 2.96643 63.1483 954.437
218.473 66.2305 3.26477 2.97266 178.108 1088.84
221.631 66.2191 3.26858 2.96972 96.0973 1203.94
225.657 65.8052 3.2726 2.92873 16.5179 1345.24
214.843 62.3987 3.19391 2.73146 95.5594 709.14
213.052 64.4091 3.26409 2.96506 235.092 765.326
199.305 63.8864 3.46269 2.87025 108.555 569.36
205.522 64.7962 3.29447 2.98352 70.3517 632.519
208.018 65.18 3.28924 2.97345 75.1732 705.793
210.64 65.1479 3.27582 2.98185 100.583 758.007
216.846 65.3064 3.28129 2.99828 165.446 966.174
218.385 65.6035 3.27983 2.99701 191.208 1042.98
220.064 65.4483 3.2762 2.97303 95.4399 1097.81
221.694 65.3609 3.26711 2.93144 50.3079 1158.72
223.623 65.2225 3.32497 3.06523 25.0553 1233.17
196.446 62.7492 3.23226 2.90067 72.4546 551.915
199.398 63.2842 3.49741 2.87001 99.674 507.27
200.922 63.3965 3.24128 2.87923 90.4915 488.946
203.285 63.465 3.23604 2.89567 123.623 476.019
204.379 63.994 3.25963 2.88993 97.1778 536.509
205.853 64.1767 3.29513 2.94193 64.3367 568.146
214.63 64.613 3.27254 2.98354 184.431 836.279
216.436 64.5012 3.2787 2.97669 165.218 896.706
221.784 64.453 3.21039 2.84314 66.6366 1119.03
221.784 64.4525 3.20932 2.83531 68.0911 1118.98
223.67 64.5753 3.22012 2.84136 80.2063 1208.19
195.344 61.9331 3.24103 2.90654 79.6316 543.559
198.469 62.2938 3.25061 2.92927 108.493 442.801
201.699 62.7161 3.23077 2.86252 150.816 405.037
205.93 63.3569 3.31129 2.97367 97.1196 480.757
214.222 63.8036 3.27547 2.96692 128.885 763.813
222.48 63.8433 3.22343 2.84192 58.0359 1126.44
197.317 61.3416 3.24815 2.94215 100.562 419.959
198.513 61.678 3.26551 2.96649 95.1398 391.921
200.525 61.7105 3.2326 2.89673 130.589 326.175
201.703 62.1344 3.23539 2.86343 138.072 342.84
203.311 62.2195 3.23394 2.85135 112.836 337.243
205.146 62.1816 3.35385 3.05395 140.133 343.804
206.12 62.4787 3.32278 3.10922 156.769 391.369
216.652 63.0254 3.18713 2.81683 62.4872 822.657
218.173 63.0618 3.21241 2.77573 98.184 894.72
221.871 63.109 3.22885 2.85134 117.037 1073.27
193.799 60.3849 3.16802 2.75616 103.144 563.367
196.65 60.4135 3.19537 2.82693 71.8155 410.71
198.04 60.7515 3.22656 2.90866 96.5823 353.544
199.312 60.6947 3.2328 2.9524 113.014 290.266
201.041 61.0224 3.25873 2.93964 128.052 247.105
202.562 61.4009 3.25695 2.94765 154.23 251.856
204.176 61.4907 3.32446 3.02623 142.669 257.992
205.609 61.9037 3.32645 3.08805 129.456 321.978
206.868 61.8823 3.3063 3.03459 253.643 350.037
209.88 61.7531 3.31575 3.12951 114.498 449.111
212.274 61.7929 3.18892 2.67694 85.7979 558.926
213.825 62.1067 3.20516 2.76003 118.756 647.397
217.004 62.4013 3.20633 2.81068 103.556 812.437
218.122 62.3579 3.2113 2.92045 74.3495 865.683
221.538 62.4435 3.23178 2.93135 108.966 1038.84
223.206 62.5763 3.23917 2.9393 85.8327 1126.05
225.609 62.2024 3.22815 2.98419 45.575 1243.17
198.315 59.9237 3.22428 2.9468 97.7085 307.405
199.908 60.1686 3.24332 2.91418 109.496 232.55
201.231 60.4742 3.27612 2.98475 208.565 193.284
202.813 60.5269 3.27885 2.9756 187.68 154.147
204.11 60.6801 3.36256 3.08551 255.913 168.252
205.516 60.8132 3.31755 3.03963 316.682 210.684
207.791 61.2001 3.30964 3.07599 250.079 323.849
215.402 61.6061 3.21985 2.83651 193.598 704.569
222.911 61.4593 3.21545 2.91473 18.9192 1094.02
224.22 61.4862 3.23791 2.9767 21.4728 1163.82
198.736 59.2533 3.24755 2.99115 196.279 275.493
200.175 59.1767 3.2354 2.95723 180.07 193.505
205.68 60.1952 3.33644 3.08775 345.484 163.24
207.376 60.0815 3.34775 3.0139 249.32 236.738
210.276 60.4814 3.21069 2.74364 189.538 402.657
219.809 60.7718 3.15035 2.74749 34.1503 921.46
223.909 60.7704 3.167 2.79903 22.1512 1144.74
190.452 56.6011 3.23985 2.83258 49.2764 827.65
206.768 59.6524 3.35609 3.00443 310.388 189.047
212.597 59.9979 3.23553 2.88403 132.816 517.697
226.285 59.5898 3.10234 2.68888 24.1142 1285.65
227.183 60.2114 3.1753 2.72708 15.0477 1327.51
212.566 65.1171 3.26166 3.02913 86.2817 808.274
206.355 58.9287 3.35992 3.04899 110.703 163.057
207.606 58.6097 3.26689 2.97405 216.727 242.067
213.66 59.4296 3.04816 2.43822 111.534 575.242
202.426 57.5673 3.19237 2.77784 220.28 193.098
203.613 57.6397 3.31399 3.02011 168.77 173.297
205.548 57.5665 3.24566 2.88262 95.127 215.45
197.939 55.703 3.09968 2.52392 81.1725 514.606
212.138 64.8735 3.26354 3.01157 102.017 774.457
210.428 68.6408 3.24782 2.964 62.8781 1103.92
209.931 62.7622 2.95057 2.59782 153.283 525.762
211.063 63.7323 3.2641 3.03518 144.352 643.833
211.14 63.4057 3.27104 2.98997 316.61 619.785
218.547 60.1369 3.77358 3.50018 168.408 849.269
217.908 60.4896 3.14122 2.78113 134.259 815.524
217.507 60.403 3.12018 2.73709 108.611 792.828
218.338 61.0595 3.23045 3.01951 32.7375 845.238
216.296 60.3923 3.12043 2.74012 122.298 726.186
215.271 60.5805 3.15677 2.77198 168.465 672.571
216.679 60.2805 3.09007 2.6431 42.9683 746.335
218.244 60.7315 3.20611 2.89886 62.727 836.027
217.659 60.602 3.15786 2.82057 123.305 802.848
216.749 60.4427 3.1242 2.7352 128.405 751.524
217.639 60.9231 3.22756 2.92251 84.5405 805.739
216.976 61.3836 3.23536 3.00449 23.6658 779.407
218.049 60.1785 3.07617 2.66902 107.452 821.721
218.652 60.2994 3.1148 2.75973 101.995 855.453
219.217 60.1294 3.08533 2.69413 155.5 886.511
218.856 60.4399 3.15277 2.80583 109.131 867.244
