# evlo=204.113495 evla=58.263699
216.3 60.3932 3.08721 2.76084 52.2937 731.883
216.716 60.1205 2.92576 2.27578 31.1405 748.083
215.395 60.9677 3.20164 3.03113 32.3506 703.235
209.013 64.0997 3.2994 3.01845 99.1639 701.205
209.094 59.7511 3.26722 2.95938 162.68 330.56
209.259 59.7417 3.26848 2.97111 177.844 338.31
210.701 64.1732 3.28618 3.04131 88.723 746.734
208.846 60.7683 3.17277 2.69344 49.1476 386.649
207.916 63.4188 3.31285 3.025 112.147 610.226
212.195 64.6453 3.28303 3.0059 93.6812 830.118
204.378 55.8218 3.06484 2.6134 75.3449 272.403
200.411 54.831 3.26354 2.92809 95.6837 444.799
207.685 63.8827 3.3013 2.96588 105.204 654.88
208.763 59.5251 3.2543 2.96976 236.229 302.537
209.796 67.2269 3.28257 2.93897 74.1872 1039.33
216.907 60.7523 3.14306 2.94732 55.2501 774.149
209.738 62.4058 3.30779 3.0266 78.3946 555.873
212.624 63.0753 3.19066 2.77416 48.3735 708.703
214.225 61.1292 3.2579 3.04526 56.2221 651.787
215.93 63.6482 3.25439 2.94083 34.1664 874.968
214.25 60.5487 3.1881 2.90995 99.239 628.643
213.401 60.7277 3.23453 2.98174 43.9865 592.704
214.766 66.5657 3.27355 2.95149 93.7861 1073.4
188.296 63.7758 3.22896 2.85242 67.5313 1048.4
203.121 64.7461 3.2645 2.90636 122.612 724.286
212.904 60.8792 3.27138 2.98759 48.1627 575.31
215.271 60.5805 3.13919 2.83834 82.7571 682.898
213.052 64.4091 3.29816 3.02895 68.9961 833.755
213.497 60.396 3.21561 2.94792 58.8401 583.891
208.348 59.6572 3.27993 2.94768 140.903 288.846
217.659 60.6024 3.12104 2.87486 67.7253 809.962
215.581 59.9268 3.00818 2.48455 102.73 681.913
216.749 60.4427 3.10052 2.77099 57.0447 757.246
217.639 60.9231 3.14209 2.69227 32.6296 817.575
214.077 61.4924 3.29128 2.87269 42.4952 662.857
211.542 61.4131 3.18221 2.81283 63.5721 544.034
197.4 66.8951 3.23352 2.86089 49.6729 1020.63
209.077 63.5527 3.2872 3.05548 137.438 647.509
211.063 63.7318 3.2974 3.0406 98.2674 715.094
211.768 64.9602 3.28327 2.99956 40.8468 848.268
218.049 60.1785 3.05188 2.61234 37.8713 822.187
209.256 65.0304 3.2872 2.95083 106.615 801.188
210.931 64.5928 3.27838 2.98936 84.6074 792.603
191.145 52.9721 3.0821 2.42848 77.5168 1004.63
219.747 60.0959 3.16866 2.76219 46.5358 914.539
214.475 65.5174 3.29053 3.01017 79.0601 972.202
207.811 62.8962 3.3147 3.04095 113.888 554.306
217.533 61.1871 3.15006 2.75333 18.3021 820.326
211.667 60.8584 3.27223 2.92213 68.1358 515.185
218.652 60.2994 3.06278 2.7645 39.6523 857.265
211.14 63.4056 3.301 3.03522 54.6493 687.836
219.217 60.1294 3.15374 2.76932 62.1171 885.662
216.221 60.072 3.02698 2.5298 31.6991 720.023
218.856 60.4399 3.11011 2.83695 32.7188 870.881
207.417 57.7828 3.14118 2.92253 161.07 202.382
212.138 64.8736 3.28384 3.00409 97.6251 849.651
198.929 70.2043 3.1356 2.74509 85.8405 1353.49
198.198 69.3641 3.14708 2.77445 89.5275 1269.8
202.84 70.0079 3.1609 2.72583 51.8384 1310.6
205.387 69.6211 3.20609 2.80379 73.3197 1267.53
206.58 70.34 3.18888 2.77449 51.5334 1351.27
196.822 68.4753 3.20061 2.84031 53.0433 1193.3
198.806 68.6483 3.19607 2.85275 82.8983 1186.36
200.413 69.1049 3.1841 2.8218 63.207 1221.72
205.217 69.1565 3.21765 2.84248 78.2005 1215.4
209.387 69.836 3.18906 2.78787 60.9294 1314.31
211.299 69.72 3.21847 2.83902 75.3169 1322.46
215.088 69.9175 3.23514 2.91146 57.9567 1399.98
216.289 69.626 3.23621 2.9366 39.043 1394.16
196.917 67.6988 3.21684 2.86326 39.1158 1111.38
201.885 68.4946 3.22903 2.90313 71.6692 1145.64
203.387 68.7132 3.3395 2.86496 69.7907 1165.32
207.318 68.8799 3.2436 2.90909 42.7211 1193.63
209.319 68.9656 3.2322 2.87254 99.6804 1219.5
211.177 69.1532 3.2371 2.88165 64.0909 1261.11
213.625 69.322 3.25161 2.94184 62.8566 1315.21
219.035 69.243 3.22936 2.80545 29.9577 1419.79
221.263 69.3286 3.24898 2.91499 31.5491 1483.86
198.174 67.082 3.34696 2.86149 72.2848 1027.77
199.397 67.4213 3.22664 2.8863 92.4039 1047.84
202.768 67.4572 3.25604 2.9232 73.237 1026.91
203.811 68.2575 3.48871 2.9102 70.9443 1114.05
206.028 68.4414 3.25697 2.94285 54.5067 1138.37
208.187 68.1343 3.2563 2.91737 66.3193 1118.54
210.384 68.0584 3.27358 2.93385 51.9084 1135.15
211.513 68.0748 3.2712 2.93894 76.5222 1153.42
214.432 68.1207 3.25875 2.91851 94.7864 1211.55
218.405 68.1861 3.26779 2.92036 67.2271 1311.86
220.465 68.6043 3.2695 2.95475 37.1419 1402.76
222.103 68.3889 3.27117 2.98023 36.5011 1433.08
223.281 66.3701 3.24288 2.89542 35.7669 1333.15
193.671 65.4742 3.2127 2.84442 93.0187 970.786
195.352 65.7077 3.22845 2.88886 79.4222 946.272
198.75 66.442 3.2403 2.89841 76.8857 952.02
200.349 66.6001 3.23697 2.88875 74.9519 948.81
202.227 66.8332 3.25345 2.9163 79.1508 959.906
204.275 67.0486 3.2669 2.90217 93.7799 979.154
206.517 67.2221 3.27871 2.94661 116.229 1005.81
207.821 67.5076 3.26975 2.94739 61.6169 1046.97
212.113 67.5187 3.27457 2.96854 58.1232 1106.76
214.357 67.5933 3.25516 2.9098 98.2214 1159.32
215.855 67.6946 3.25815 2.91799 88.4919 1203.49
220.128 67.6136 3.2772 3.00769 33.3906 1313.63
226.258 67.441 3.21325 2.74401 27.2517 1507.34
195.961 64.9941 3.22278 2.87427 85.9066 864.169
197.645 65.3936 3.2452 2.8929 95.6776 863.531
199.349 65.5011 3.23888 2.88998 104.92 844.014
201.346 65.895 3.23667 2.88895 93.6998 862.476
206.494 66.5156 3.28473 2.94375 118.776 927.719
208.493 66.9214 3.27859 2.94333 81.3037 990.216
209.976 66.7108 3.28128 2.9394 73.0739 987.741
212.525 66.7004 3.26095 2.91908 108.403 1033.4
213.899 66.7653 3.26138 2.9243 66.0246 1070.4
216.215 66.9498 3.27508 2.96552 51.95 1145.99
218.345 66.8088 3.2782 3.00284 48.7583 1195.61
225.729 66.9227 3.24771 2.88983 26.905 1457.65
197.761 64.6379 3.23389 2.87825 73.7398 786.095
200.087 64.937 3.2375 2.88878 99.1718 773.376
201.637 65.1527 3.2373 2.89752 118.728 778.658
203.551 65.5276 3.26449 2.90384 125.865 810.044
205.119 65.4924 3.28853 2.94029 86.9862 807.296
207.195 65.6571 3.29784 2.96701 92.5396 839.409
208.623 65.8937 3.29092 2.92816 96.6398 881.828
210.457 65.8251 3.2857 2.9552 68.7377 904.608
212.122 65.8371 3.26999 2.95233 117.595 940.569
214.18 66.267 3.26616 2.91835 31.0814 1031.1
214.181 66.267 3.26936 2.92379 53.322 1031.13
225.657 65.8052 3.24746 2.87257 16.2067 1394.59
214.843 62.3987 3.22224 2.87595 115.721 749.159
213.052 64.4091 3.29816 3.02895 68.9961 833.755
199.305 63.8864 3.23992 2.89404 116.755 677.72
205.522 64.7962 3.28966 2.94063 72.4098 731.763
208.018 65.18 3.28557 2.93392 93.7441 797.545
210.64 65.1479 3.28239 2.99158 58.1578 840.255
218.385 65.6035 3.34919 3.26684 34.8243 1104.34
220.064 65.4483 3.24622 2.89311 27.5176 1154.17
221.694 65.3609 3.23506 2.85954 29.9301 1211.12
196.446 62.7492 3.23074 2.90362 79.7723 652.779
199.398 63.2842 3.46645 2.90122 110.808 615.216
200.922 63.3965 3.2565 2.90881 83.6394 597.506
203.285 63.465 3.26243 2.901 132.512 581.297
204.379 63.994 3.28353 2.95137 93.2176 638.69
205.853 64.1767 3.30907 2.98488 83.1612 665.433
216.436 64.5012 3.23886 2.87024 32.088 954.473
221.784 64.453 3.24985 2.91366 56.0274 1163.74
221.784 64.4525 3.24768 2.9018 42.1125 1163.69
223.67 64.5753 3.24625 2.92782 49.4358 1250.82
195.344 61.9331 3.22989 2.91356 58.5302 635.587
198.469 62.2938 3.49825 2.93863 106.138 546.516
201.699 62.7161 3.25541 2.91456 106.701 513.452
205.93 63.3569 3.31123 2.97285 108.239 576.001
214.222 63.8036 3.22832 2.86008 50.17 822.471
222.48 63.8433 3.25406 2.96723 40.8344 1164.45
197.317 61.3416 3.25682 2.93991 62.3742 512.494
198.513 61.678 3.24943 2.93217 82.6263 492.118
200.525 61.7105 3.25435 2.90624 127.055 432.962
201.703 62.1344 3.25413 2.9335 135.482 451.429
203.311 62.2195 3.26709 2.90495 114.686 442.965
205.146 62.1816 3.34572 3.03129 152.46 440.234
206.12 62.4787 3.32656 2.98674 121.882 482.443
216.652 63.0254 3.23714 2.87318 90.2498 864.774
218.173 63.0618 3.2409 2.92585 55.7628 933.229
193.799 60.3849 3.16958 2.7777 96.0346 632.169
196.65 60.4135 3.19411 2.83752 126.182 487.212
198.04 60.7515 3.23912 2.95694 89.3224 441.401
199.312 60.6947 3.23863 2.92183 111.827 383.755
201.041 61.0224 3.26221 2.91051 122.469 352.744
202.562 61.4009 3.28168 2.96822 139.602 360.148
204.176 61.4907 3.31514 3.03892 121.153 359.537
205.609 61.9037 3.33967 3.00363 100.444 413.966
206.868 61.8823 3.32994 3.06958 138.777 431.254
212.274 61.7929 3.20575 2.8278 112.745 600.559
213.825 62.1067 3.22218 2.86094 69.6077 687.083
217.004 62.4013 3.18576 2.80574 47.5469 845.965
218.122 62.3579 3.27136 3.03461 37.8331 895.998
225.609 62.2024 2.98964 2.48776 25.4401 1262.11
198.315 59.9237 3.2056 2.88526 114.523 380.166
199.908 60.1686 3.25452 2.96895 125.841 320.402
201.231 60.4742 3.26183 2.89939 138.852 295.747
202.813 60.5269 3.30228 2.97994 125.285 262.711
204.11 60.6801 3.33221 3.028 162.065 269.195
205.516 60.8132 3.36446 2.99221 172.033 294.887
207.791 61.2001 3.35241 3.22019 109.331 386.925
198.736 59.2533 3.2181 2.88637 134.398 330.056
200.175 59.1767 3.196 2.83649 146.989 249.765
201.907 59.5938 3.27816 2.93094 140.993 195.185
202.905 59.7733 3.2952 3.00743 228.579 181.912
204.792 59.8542 3.36807 3.06227 268.872 181.4
205.68 60.1952 3.39767 3.08307 219.47 232.996
207.376 60.0815 3.323 2.93864 165.9 275.285
221.424 60.3024 2.94424 2.27789 17.6634 1009.39
223.909 60.7704 3.14253 2.79888 24.2237 1150.08
190.452 56.6011 3.23268 2.79997 26.4092 839.657
202.009 59.0314 3.22522 2.85074 187.569 149.111
204.771 59.3922 3.38656 3.14349 251.854 131.313
206.768 59.6524 3.33915 2.87942 216.182 217.375
212.597 59.9979 3.19936 2.91811 116.493 522.276
212.566 65.1171 3.28513 3.00738 77.2502 883.452
206.355 58.9287 3.23899 3.04853 252.872 149.923
207.606 58.6097 3.19959 2.87369 313.392 207.573
213.66 59.4296 2.96849 2.33468 251.019 565.687
202.426 57.5673 3.21266 2.71941 322.273 126.574
229.033 59.3946 3.19874 2.68421 21.7578 1436.31
197.939 55.703 3.03026 2.35272 72.8747 471.124
212.138 64.8735 3.2831 3.0077 65.7065 849.637
210.428 68.6408 3.25671 2.92823 55.8585 1197.32
209.931 62.7622 3.24117 2.98786 43.9865 593.92
211.063 63.7323 3.29768 3.04086 98.2674 715.154
211.14 63.4057 3.30103 3.03525 54.6493 687.842
218.547 60.1369 3.69795 3.52827 82.6699 848.838
216.296 60.3923 3.08634 2.76007 52.2937 731.677
216.716 60.1205 2.92576 2.27578 31.1405 748.083
215.271 60.5805 3.13919 2.83834 82.7571 682.898
217.659 60.602 3.1209 2.87474 67.7253 809.926
216.749 60.4427 3.10052 2.77099 57.0447 757.246
217.639 60.9231 3.14205 2.69224 32.6296 817.564
218.049 60.1785 3.05188 2.61234 37.8713 822.187
217.533 61.187 3.15009 2.75335 18.3021 820.333
218.652 60.2994 3.06278 2.7645 39.6523 857.265
219.217 60.1294 3.15374 2.76932 62.1171 885.662
216.221 60.072 3.02698 2.5298 31.6991 720.023
218.856 60.4399 3.11011 2.83695 32.7188 870.881
