# evlo=224.260193 evla=58.4133
225.449 60.24 3.29594 3.05237 166.741 214.448
217.908 60.4896 3.26794 2.8373 56.2267 427.862
217.654 61.036 3.34043 3.21152 26.9242 472.421
220.363 59.9534 3.36973 3.03144 76.776 281.122
209.013 64.0997 3.25707 3.00491 37.1568 1030.6
210.701 64.1732 3.26794 3.04093 80.7405 966.199
212.195 64.6453 3.27592 2.9845 91.6059 942.688
209.796 67.2269 3.26756 2.98417 123.756 1221.99
218.66 60.9649 3.37431 3.05066 52.073 424.358
212.624 63.0753 3.26174 2.98808 37.102 818.062
214.225 61.1292 3.24271 2.80525 51.2936 638.945
215.93 63.6482 3.29179 3.04563 65.8716 735.672
214.25 60.5487 2.84582 1.95217 42.0639 614.368
214.766 66.5657 3.2735 3.00014 176.479 1029.49
188.296 63.7758 3.15902 2.78081 25.4768 1999.31
216.188 61.4417 3.34248 3.12918 54.0089 562.94
215.271 60.5805 2.83441 1.97415 43.8608 562.927
218.244 60.7315 3.33122 3.21933 21.3853 426.703
213.052 64.4091 3.28004 2.99519 94.1784 894.556
213.497 60.396 3.2032 2.80263 34.1762 649.146
216.749 60.4427 3.18025 2.77385 39.6817 482.184
217.639 60.9231 3.32103 3.16434 55.711 465.91
211.542 61.4131 3.26631 2.39844 44.8777 784.417
197.4 66.8951 3.31631 2.89471 36.7505 1649.51
218.995 60.824 3.32993 2.95672 26.1839 400.324
216.976 61.3836 3.45706 2.63439 55.8845 524.589
211.063 63.7318 3.26526 3.02584 61.4894 923.662
211.768 64.9602 3.27694 2.98575 77.9461 981.245
218.049 60.1785 3.43517 2.92742 36.0215 404.629
209.256 65.0304 3.25337 2.94983 109.862 1078.18
210.931 64.5928 3.26125 2.99061 103.564 985.293
214.53 62.9699 3.26216 3.05624 83.3329 733.657
219.747 60.0959 3.33985 2.93782 89.4678 318.347
220.599 59.667 3.40195 3.0786 104.469 252.315
214.475 65.5174 3.29124 3.05301 174.829 941.201
218.652 60.2994 3.2574 2.80118 65.1777 381.773
211.14 63.4056 3.14658 2.83086 20.7719 900.652
219.217 60.1294 3.29718 2.83193 73.3495 345.17
216.221 60.072 2.93655 2.27015 80.5513 494.213
218.856 60.4399 3.3048 2.99035 59.7778 380.704
216.546 61.2275 3.31375 2.89646 77.1167 533.893
212.138 64.8736 3.27896 2.98674 62.9765 961.801
198.929 70.2043 3.14835 2.64842 32.6661 1771.16
203.383 71.3221 3.23562 2.78259 154.955 1726.71
205.026 71.0033 3.32421 2.80431 86.4758 1660.19
234.753 71.9871 3.29039 2.96975 127.915 1585.58
198.198 69.3641 3.16944 2.83979 56.0281 1743.5
202.84 70.0079 3.17607 2.72183 24.9375 1640.6
205.387 69.6211 3.24922 2.65154 21.6638 1539.35
206.58 70.34 3.17248 2.80155 92.1746 1566.71
194.656 68.2746 3.22903 2.9092 39.9048 1815.92
196.822 68.4753 3.22112 2.92813 20.1266 1744.08
198.806 68.6483 3.21427 2.91938 50.0509 1681.88
200.413 69.1049 3.20423 2.88657 41.7036 1654.14
205.217 69.1565 3.22497 2.8953 77.4461 1508.26
209.387 69.836 3.37937 2.85846 125.063 1456.05
211.299 69.72 3.22071 2.93222 177.33 1403.5
215.088 69.9175 3.23603 2.97368 135.717 1354.32
216.289 69.626 3.24554 3.00299 120.242 1306.7
235.93 69.3475 3.37451 2.97328 59.8742 1341.68
196.917 67.6988 3.24341 2.93028 27.2572 1703.66
201.885 68.4946 3.22404 2.93493 54.8894 1566.62
203.387 68.7132 3.23802 2.94101 39.6911 1531.88
207.318 68.8799 3.23539 2.95001 64.7535 1426.85
209.319 68.9656 3.21952 2.90772 143.635 1380.95
211.177 69.1532 3.2222 2.90818 186.572 1353.42
213.625 69.322 3.22057 2.94252 198.616 1319.22
219.035 69.243 3.25641 2.96261 106.529 1233.23
221.263 69.3286 3.23154 2.94837 91.9346 1225.29
198.174 67.082 3.25076 2.93232 35.3163 1626.48
199.397 67.4213 3.25193 2.937 54.2356 1594.91
202.768 67.4572 3.24532 2.96882 46.3878 1471.59
203.811 68.2575 3.23941 2.95602 57.4565 1486.99
206.028 68.4414 3.25431 2.95708 57.5381 1430.1
208.187 68.1343 3.25854 2.9808 84.1332 1342.25
210.384 68.0584 3.35817 2.99246 109.264 1275.02
211.513 68.0748 3.25275 2.97337 154.062 1247.48
214.432 68.1207 3.24218 2.95006 210.62 1185.89
218.405 68.1861 3.26902 3.01995 169.994 1126.99
220.465 68.6043 3.26073 2.99749 74.5754 1151.04
222.103 68.3889 3.2423 2.95691 144.537 1116.99
223.281 66.3701 3.2639 3.02453 148.3 888.21
193.671 65.4742 3.18019 2.8188 26.9361 1764.3
195.352 65.7077 3.19089 2.82694 21.4302 1694.93
198.75 66.442 3.24496 2.8872 20.5678 1575.19
200.349 66.6001 3.25495 2.94473 29.8513 1517.3
202.227 66.8332 3.26165 2.95215 70.0088 1455.72
204.275 67.0486 3.25031 2.96915 46.1338 1392.21
206.517 67.2221 3.2547 2.96344 70.2932 1325.65
207.821 67.5076 3.26106 2.9894 76.3753 1304.31
212.113 67.5187 3.26191 2.98373 136.08 1182.63
214.357 67.5933 3.25683 2.96769 177.978 1136.42
215.855 67.6946 3.25462 2.99176 159.193 1116.11
220.128 67.6136 3.26092 2.98004 118.544 1046.03
224.214 67.6106 3.27446 2.99044 93.1938 1025.14
226.258 67.441 3.40393 2.99078 95.3965 1011.19
195.961 64.9941 3.15206 2.80076 21.0403 1648.15
197.645 65.3936 3.17837 2.8168 28.7489 1583.43
199.349 65.5011 3.18794 2.8215 18.6523 1512.15
201.346 65.895 3.23177 2.87175 35.3732 1443.52
202.913 66.1434 3.2531 2.93195 46.4628 1391.93
206.494 66.5156 3.25671 2.96269 59.3085 1278.15
208.493 66.9214 3.26544 2.97025 83.683 1238.66
209.976 66.7108 3.27067 2.98579 106.533 1175.28
212.525 66.7004 3.2756 3.00284 128.051 1099.45
213.899 66.7653 3.26591 2.98938 124.621 1069.23
216.215 66.9498 3.26457 2.99199 207.04 1034.88
218.345 66.8088 3.25934 3.00944 210.876 982.714
221.978 66.9116 3.40308 2.99414 79.6933 954.215
223.778 66.9808 3.279 3.01178 124.782 955.207
225.729 66.9227 3.41435 2.98785 86.5912 951.332
200.087 64.937 3.15617 2.8097 19.9218 1458.9
201.637 65.1527 3.17899 2.81418 21.1249 1398.69
203.551 65.5276 3.22877 2.81781 32.4822 1334.52
205.119 65.4924 3.23935 2.85145 44.6909 1268.59
207.195 65.6571 3.25864 2.95772 112.94 1196.87
208.623 65.8937 3.26367 2.96082 58.7205 1159.89
210.457 65.8251 3.26706 2.96174 54.4169 1091.29
212.122 65.8371 3.27766 3.00677 134.012 1038.26
214.18 66.267 3.27692 3.02071 33.665 1016.49
214.181 66.267 3.27917 3.01728 71.2033 1016.47
218.473 66.2305 3.2644 3.01913 178.827 920.496
221.631 66.2191 3.26739 3.02039 122.772 880.375
225.657 65.8052 3.27974 3.01791 92.0135 826.972
214.843 62.3987 3.19647 2.93182 40.627 681.894
213.052 64.4091 3.28004 2.99519 94.1784 894.556
208.018 65.18 3.24929 2.9341 110.151 1135.39
210.64 65.1479 3.26847 2.96168 68.4932 1035.03
216.846 65.3064 3.28767 3.04179 163.551 860.317
218.385 65.6035 3.28256 3.03257 163.845 857.506
220.064 65.4483 3.26402 3.02518 135.669 813.938
221.694 65.3609 3.27268 3.0428 149.14 785.773
223.623 65.2225 3.27454 3.0351 147.319 759.563
199.398 63.2842 3.05888 2.54148 16.5095 1444.99
205.853 64.1767 3.11855 2.92977 22.2937 1170.72
214.63 64.613 3.28463 3.0173 80.3201 858.338
216.436 64.5012 3.28441 3.052 155.116 795.164
221.784 64.453 3.27722 3.04959 142.638 685.755
221.784 64.4525 3.27656 3.04694 98.6291 685.706
223.67 64.5753 3.2766 3.04288 143.308 687.386
198.469 62.2938 3.14827 2.6061 20.1186 1476.57
205.93 63.3569 3.18385 2.98619 40.126 1131.91
214.222 63.8036 3.27804 3.02243 115.124 806.764
217.924 64.0292 3.28795 3.06541 196.122 711.622
222.48 63.8433 3.2912 3.05754 157.867 612.566
197.317 61.3416 3.31069 2.80893 21.2672 1532.06
200.525 61.7105 3.16161 2.72458 17.4652 1363.4
201.703 62.1344 3.10787 2.46796 17.1642 1307.43
203.311 62.2195 3.21948 2.71723 18.6619 1226.36
205.146 62.1816 3.17598 2.42808 27.3754 1132.08
216.652 63.0254 3.29242 3.03218 111.356 659.826
218.173 63.0618 3.29077 3.06886 160.221 614.698
221.871 63.109 3.28813 3.08481 224.084 539.089
193.799 60.3849 3.17 2.40893 19.6138 1728.49
199.312 60.6947 3.17653 2.45068 22.2107 1424.47
217.004 62.4013 3.2845 3.02733 178.251 597.118
218.122 62.3579 3.30467 3.06918 160.825 554.263
221.538 62.4435 3.277 3.04717 243.001 473.313
223.206 62.5763 3.29732 3.07399 179.646 467.429
225.609 62.2024 3.29485 3.06186 192.833 428.685
215.402 61.6061 3.34008 3.09861 48.0598 608.05
222.911 61.4593 3.30367 3.12003 275.208 347.615
224.22 61.4862 3.31066 3.08192 231.572 342.363
226.918 61.1512 3.28586 3.01422 185.27 339.534
198.736 59.2533 3.27398 2.70736 26.1204 1467.99
219.809 60.7718 3.35977 3.03381 57.4595 363.496
221.424 60.3024 3.3613 3.03282 167.779 265.096
223.909 60.7704 3.31884 3.11498 289.131 263.339
222.262 59.6304 3.39969 3.0327 185.01 177.625
223.04 60.1218 3.30548 3.09942 305.833 202.635
226.285 59.5898 3.29059 3.00989 366.971 175.261
227.183 60.2114 3.2856 3.00903 274.775 260.386
212.566 65.1171 3.28244 2.97076 64.2968 966.111
204.991 58.6484 3.24021 2.46176 26.0992 1118.95
206.355 58.9287 3.30856 2.87025 20.6671 1037.35
227.731 58.9601 3.29116 3.04749 228.681 210.274
202.426 57.5673 3.23251 2.63731 15.7515 1289.19
229.033 59.3946 3.28048 3.00703 198.787 295.906
228.869 57.9128 3.33945 3.05121 145.305 276.89
227.048 56.8144 3.41715 3.1364 53.8011 243.814
229.75 56.9811 3.33162 3.00777 98.8463 364.032
212.138 64.8735 3.28032 2.98692 51.7175 961.8
210.428 68.6408 3.23758 2.94682 121.055 1324.8
226.879 56.1146 3.43534 3.01057 103.498 300.787
229.974 55.9154 3.36767 3.05522 36.5492 443.488
228.385 55.3279 3.39658 3.01068 59.9582 425.653
227.653 56.4191 3.42124 2.99976 72.2546 301.425
211.063 63.7323 3.26529 3.02587 61.4894 923.671
211.14 63.4057 3.14658 2.83087 20.7719 900.653
217.908 60.4896 3.26794 2.8373 56.2267 427.862
215.271 60.5805 2.83441 1.97415 43.8608 562.927
218.244 60.7315 3.33122 3.21933 21.3853 426.703
216.749 60.4427 3.18025 2.77385 39.6817 482.184
217.639 60.9231 3.32109 3.1644 55.711 465.919
218.995 60.8241 3.32999 2.95677 26.1839 400.331
216.976 61.3836 3.45706 2.63439 55.8845 524.589
218.049 60.1785 3.43517 2.92742 36.0215 404.629
218.652 60.2994 3.2574 2.80118 65.1777 381.773
219.217 60.1294 3.29718 2.83193 73.3495 345.17
216.221 60.072 2.93655 2.27015 80.5513 494.213
218.856 60.4399 3.3048 2.99035 59.7778 380.704
216.546 61.2275 3.31375 2.89646 77.1167 533.893
