# evlo=227.254303 evla=60.169399
216.679 60.2805 3.20604 2.93411 19.9262 585.594
216.221 60.072 3.09627 2.6991 18.5171 612.797
235.766 58.6528 3.31358 3.04901 27.8052 511.616
235.227 58.6614 3.30955 3.05464 28.6286 482.517
234.769 58.8471 3.31563 3.05491 60.0781 449.982
234.233 58.9305 3.2948 3.0184 33.0573 417.883
233.891 59.4223 3.28956 3.02603 59.3127 381.624
233.05 59.6548 3.27406 2.95685 32.1645 329.168
232.224 60.0057 3.24798 2.93032 109.381 277.122
231.195 60.1197 3.26799 2.92096 51.4319 218.991
230.28 60.1576 3.2953 3.01114 66.4127 167.991
237.286 58.0965 3.27589 3.01568 38.295 618.262
237.146 57.39 3.29166 3.09314 34.6656 649.64
237.423 57.0779 3.29428 3.05386 31.0114 682.793
210.418 68.0789 3.37919 2.99758 23.2922 1196.47
211.489 65.5114 3.29558 3.02264 21.91 995.347
211.449 65.522 3.29961 3.00193 60.8434 997.543
211.554 70.2036 3.23438 3.00962 23.1895 1330.03
210.457 65.825 3.30026 3.01341 22.6423 1053.81
231.696 54.801 3.26987 3.12309 15.054 654.186
216.679 60.2805 3.20604 2.93411 19.9262 585.594
216.221 60.072 3.09627 2.6991 18.5171 612.797
