# evlo=209.328995 evla=66.7192
217.908 60.4896 3.22573 2.95211 93.3975 812.919
217.507 60.403 3.2116 2.91677 104.754 811.458
218.338 61.0595 3.21906 2.94393 169.232 769.05
216.3 60.3932 3.2105 2.83164 84.6697 784.587
218.244 60.7315 3.23051 2.97059 150.326 798.056
217.659 60.6024 3.22419 2.94736 93.7572 795.447
217.639 60.9231 3.2102 2.96249 129.88 763.408
218.995 60.824 3.37526 2.95084 21.5167 810.011
216.976 61.3836 3.22223 2.94701 186.963 701.241
218.049 60.1785 3.2144 2.90626 35.2008 847.285
216.031 60.2361 3.20157 2.79758 146.888 795.088
217.533 61.1871 3.22006 2.94403 196.241 734.895
218.652 60.2994 3.22017 2.96691 109.765 851.018
219.217 60.1294 3.20413 2.91621 99.6127 882.837
218.856 60.4399 3.24441 2.96931 112.67 842.879
216.546 61.2275 3.21101 2.90764 80.4012 705.888
231.887 52.1847 3.32248 2.9849 18.7243 2039.28
212.138 64.8736 3.20542 2.92399 387.273 242.605
218.842 64.7774 3.31399 3.09761 94.8072 486.298
228.256 59.933 3.28684 3.04086 15.2091 1204.79
225.753 60.434 3.40914 3.0196 16.2018 1069.55
210.176 67.8516 3.19085 2.95361 302.425 131.466
210.418 68.0789 3.16305 2.93524 240.376 158.676
211.301 69.7162 3.05196 2.63205 246.266 344.08
198.722 65.4015 3.24763 2.93571 139.964 501.714
211.164 69.0223 3.09718 2.74507 247.267 268.186
211.489 65.5114 3.18631 2.91843 434.673 166.317
211.449 65.522 3.20059 2.86862 59.1405 164.287
194.662 64.5695 3.24241 2.89817 118.734 714.482
211.554 70.2036 3.06022 2.62856 182.624 399.149
204.534 64.74 3.28423 3.0448 87.5738 311.467
211.306 69.424 3.06614 2.68128 273.015 312.702
210.41 68.6274 3.13674 2.91041 269.945 217.698
217.908 60.4896 3.22573 2.95211 93.3975 812.919
217.507 60.403 3.2116 2.91677 104.754 811.458
218.338 61.0595 3.21907 2.94394 169.232 769.053
216.296 60.3923 3.21058 2.83171 84.6697 784.605
218.244 60.7315 3.23051 2.97059 150.326 798.056
217.659 60.602 3.2243 2.94746 93.7572 795.474
217.639 60.9231 3.21018 2.96247 129.88 763.402
218.995 60.8241 3.37523 2.95081 21.5167 810.001
216.976 61.3836 3.22223 2.94701 186.963 701.241
218.049 60.1785 3.2144 2.90626 35.2008 847.285
216.031 60.2361 3.20157 2.79758 146.888 795.088
217.533 61.187 3.22013 2.94409 196.241 734.91
218.652 60.2994 3.22017 2.96691 109.765 851.018
219.217 60.1294 3.20413 2.91621 99.6127 882.837
218.856 60.4399 3.24441 2.96931 112.67 842.879
216.546 61.2275 3.21101 2.90764 80.4012 705.888
210.23 59.8351 3.23524 2.93301 19.0656 768.65
210.574 60.776 3.2291 2.89962 68.3189 665.319
210.502 61.001 3.22967 2.87912 22.3314 640.01
211.909 60.5183 3.24083 2.90366 28.7506 702.808
210.455 61.3427 3.21355 2.91293 44.5654 601.852
212.047 60.7098 3.24165 2.89986 28.3371 683.054
211.068 60.8049 3.23896 2.89307 67.3061 664.783
208.919 60.4641 3.13506 2.64551 28.8738 697.552
211.376 60.7866 3.22966 2.89052 29.0993 668.909
