# evlo=231.376007 evla=54.092999
217.507 60.403 3.19988 2.56994 24.3467 1089.27
216.679 60.2805 3.1676 2.48267 21.4037 1120.36
216.749 60.4427 3.25433 2.89265 18.324 1126.63
216.031 60.2361 3.11916 2.4642 22.372 1148.74
231.887 52.1847 3.24919 2.92767 91.8831 215.103
232.267 55.179 3.32308 3.08386 124.074 133.88
232.385 55.267 3.30293 3.05992 169.187 145.992
232.359 55.411 3.30388 3.03877 161.37 159.784
232.425 52.1577 3.33068 3.16613 58.9555 226.522
232.528 52.1871 3.33053 3.11334 43.3774 225.664
232.644 52.2602 3.32429 3.06295 79.2826 220.873
232.742 52.2882 3.35988 2.98039 20.1064 220.621
232.744 52.294 3.32179 2.99238 83.4381 220.095
232.847 52.3171 3.32132 2.96444 69.5104 220.717
233.021 52.3437 3.35038 3.05409 44.8677 223.535
233.165 52.3901 3.3721 3.1392 59.2585 223.996
233.315 52.3748 3.36654 3.07792 92.7538 230.921
233.445 52.404 3.36767 3.02974 73.3004 233.246
233.655 52.4415 3.30421 3.23636 23.0591 238.514
233.654 52.4412 3.35085 3.11276 78.8131 238.481
233.783 52.4386 3.32574 3.10602 79.3125 244.273
233.869 52.4069 3.32756 3.05606 85.9939 250.772
233.933 52.3681 3.3255 3.05288 85.2381 256.877
234.034 52.3981 3.31825 3.04549 105.384 258.908
234.15 52.4019 3.31217 3.06258 73.777 263.968
234.223 52.362 3.32014 3.10866 124.384 270.615
234.367 52.4126 3.3093 3.10644 139.214 273.516
234.492 52.3773 3.31519 3.09732 145.986 282.348
234.738 52.38 3.32417 3.07066 148.325 294.441
234.917 52.3782 3.32582 3.08669 172.206 303.783
217.507 60.403 3.19988 2.56994 24.3467 1089.27
216.679 60.2805 3.1676 2.48267 21.4037 1120.36
216.749 60.4427 3.25433 2.89265 18.324 1126.63
216.031 60.2361 3.11916 2.4642 22.372 1148.74
