# evlo=232.266998 evla=55.179001
217.507 60.403 3.15397 2.58455 32.1582 1049.56
216.3 60.3932 3.22741 2.85294 28.343 1109.01
216.716 60.1205 3.16801 2.68231 23.8671 1075.53
216.679 60.2805 3.11788 2.45773 54.4563 1084.73
216.749 60.4427 3.23394 2.93108 28.9648 1088.92
216.031 60.2361 3.09147 2.43138 38.4544 1115.53
231.887 52.1847 3.24412 2.91048 108.6 334.207
236.736 59.4036 3.50709 3.43742 32.0512 541.889
235.766 58.6528 3.24158 3.00223 22.4393 441.527
235.227 58.6614 3.24422 3.10309 20.5283 427.557
234.233 58.9305 3.2573 3.08662 24.3634 434.422
232.224 60.0057 3.26186 2.99408 27.0526 537.556
231.195 60.1197 3.25375 3.00656 29.5937 553.94
229.393 60.087 3.25815 3.03531 18.1809 572.799
228.256 59.933 3.25673 3.00727 17.1638 581.108
210.176 67.8516 3.27318 3.00923 21.3485 1816.79
230.745 53.425 3.29685 2.99187 174.876 218.929
230.743 53.517 3.2749 2.99678 124.706 209.86
230.943 53.673 3.28877 2.97981 133.612 188.371
230.974 53.769 3.32284 3.01671 52.293 177.926
231.098 53.819 2.68121 3.08997 22.4396 169.27
231.321 53.9 3.28916 3.07279 113.197 154.976
231.373 54.036 3.30104 3.05597 114.394 139.732
231.376 54.093 3.32308 3.08386 124.074 133.88
232.425 52.1577 3.28725 2.97125 44.8527 336.428
232.528 52.1871 3.27926 2.97317 45.54 333.44
232.644 52.2602 3.28614 3.03665 118.562 325.811
232.742 52.2882 3.28004 3.0155 36.8865 323.267
232.744 52.294 3.27771 3.04029 128.093 322.639
232.847 52.3171 3.27482 3.04884 132.433 320.816
233.021 52.3437 3.28914 3.05487 116.162 319.459
233.165 52.3901 3.29384 3.0115 89.6068 315.993
233.315 52.3748 3.28967 2.97515 91.3877 319.66
233.445 52.404 3.29115 2.96646 70.6837 318.462
233.582 52.4315 3.30335 2.98323 67.8248 317.829
233.655 52.4415 3.321 2.99017 22.733 318.092
233.654 52.4412 3.3064 3.01365 70.9934 318.098
233.783 52.4386 3.30896 3.03386 79.042 320.914
233.869 52.4069 3.31331 3.05158 65.6583 326.078
233.933 52.3681 3.31031 3.06466 71.1881 331.548
234.034 52.3981 3.30229 3.06505 84.5486 330.662
234.15 52.4019 3.30485 3.03872 61.5429 333.035
234.223 52.362 3.30091 3.03408 88.7875 338.982
234.367 52.4126 3.29601 3.03613 89.2498 337.541
234.492 52.3773 3.28778 3.02887 72.3668 344.564
234.738 52.38 3.28265 3.01343 65.3037 351.488
234.917 52.3782 3.27736 2.98076 72.3198 357.284
217.507 60.403 3.15397 2.58455 32.1582 1049.56
216.296 60.3923 3.22779 2.85327 28.343 1109.14
216.716 60.1205 3.16801 2.68231 23.8671 1075.53
216.679 60.2805 3.11788 2.45773 54.4563 1084.73
216.749 60.4427 3.23394 2.93108 28.9648 1088.92
216.031 60.2361 3.09147 2.43138 38.4544 1115.53
