# evlo=210.5905 evla=60.0084
217.908 60.4896 3.00357 2.70781 249.627 408.585
217.507 60.403 2.96992 2.55886 166.088 385.866
218.338 61.0595 3.17734 2.99348 176.863 440.847
216.3 60.3932 2.92979 2.59795 220.092 319.421
216.716 60.1205 2.77327 2.11905 117.672 341.238
215.271 60.5805 2.99313 2.63029 232.401 266.506
216.679 60.2805 2.89009 2.47195 145.752 339.49
218.244 60.7315 3.11604 2.83368 181.129 429.655
212.138 64.8736 3.27436 3.03709 85.1961 548.055
218.842 64.7774 3.28006 3.02409 199.731 680.544
209.768 62.6893 3.2702 3.1671 102.739 301.957
218.614 60.172 3.44932 2.60942 68.087 446.599
218.547 60.1369 3.91934 4.36261 231.105 442.962
218.545 60.2663 2.95178 2.60042 78.1474 442.699
212.952 61.1216 2.71127 3.10968 41.4953 179.307
210.176 67.8516 3.23503 2.92754 20.4631 874.553
209.736 66.2066 3.2306 2.9128 18.6998 692.195
217.908 60.4896 3.00357 2.70781 249.627 408.585
217.507 60.403 2.96992 2.55886 166.088 385.866
218.338 61.0595 3.17738 2.99352 176.863 440.853
216.296 60.3923 2.92799 2.59636 220.092 319.225
216.716 60.1205 2.77327 2.11905 117.672 341.238
215.271 60.5805 2.99313 2.63029 232.401 266.506
216.679 60.2805 2.89009 2.47195 145.752 339.49
218.244 60.7315 3.11604 2.83368 181.129 429.655
210.46 61.2448 3.28389 3.39993 133.984 137.948
210.183 61.5919 3.25341 3.10138 150.995 177.834
209.768 62.6892 3.27016 3.16706 102.739 301.953
209.947 62.0056 3.28015 3.05338 107.255 225.254
209.918 61.8636 3.25327 3.06648 183.068 209.906
210.331 61.4859 3.25183 3.23542 94.756 165.236
210.455 61.3427 3.28988 3.39666 122.6 148.858
209.971 61.6954 3.24102 2.9961 134.503 190.971
208.723 60.6622 3.02491 2.44148 210.976 126.271
