# evlo=210.230301 evla=59.835098
217.908 60.4896 2.99282 2.6798 117.582 432.274
217.507 60.403 2.96046 2.55208 80.1399 409.274
218.338 61.0595 3.16165 2.98622 67.6121 466.31
216.3 60.3932 2.94243 2.50319 65.9763 343.05
216.716 60.1205 2.79913 2.14789 44.6959 363.384
215.271 60.5805 3.00708 2.59823 42.5231 291.488
216.679 60.2805 2.89733 2.38369 54.3881 362.471
218.244 60.7315 3.09261 2.79697 79.697 454.146
212.138 64.8736 3.27649 3.02056 52.1788 570.107
218.842 64.7774 3.27942 3.02055 64.82 707.937
209.768 62.6893 3.25465 3.08158 44.8144 319.011
218.547 60.1369 3.84613 4.14225 42.5808 465.173
210.176 67.8516 3.23978 2.95064 19.4829 893.634
209.736 66.2066 3.23651 2.93976 17.7769 710.61
211.301 69.7162 3.30957 2.86689 18.6105 1102.75
209.329 66.7192 3.23524 2.93301 19.0656 768.65
217.908 60.4896 2.99282 2.6798 117.582 432.274
217.507 60.403 2.96046 2.55208 80.1399 409.274
218.338 61.0595 3.16169 2.98626 67.6121 466.316
216.296 60.3923 2.94072 2.50173 65.9763 342.851
216.716 60.1205 2.79913 2.14789 44.6959 363.384
215.271 60.5805 3.00708 2.59823 42.5231 291.488
216.679 60.2805 2.89733 2.38369 54.3881 362.471
218.244 60.7315 3.09261 2.79697 79.697 454.146
210.46 61.2448 3.32291 3.31454 39.7648 157.577
210.183 61.5919 3.0628 2.30962 21.1445 195.768
211.583 60.7746 3.24946 3.15712 101.99 128.638
209.768 62.6892 3.25461 3.08153 44.8144 319.006
209.947 62.0056 3.26785 3.09157 71.9108 242.343
211.822 60.7458 3.27851 3.21189 58.6152 134.329
208.982 60.799 3.10188 2.38332 56.5198 127.627
210.502 61.001 3.39591 3.35038 65.5466 130.764
209.918 61.8636 3.22777 3.07212 52.2124 226.664
210.331 61.4859 3.29043 3.26424 45.881 184.021
210.455 61.3427 3.31399 3.25817 62.8951 168.429
209.971 61.6954 3.22723 3.06536 51.1689 207.767
212.047 60.7098 3.26662 3.00755 149.748 139.994
