# evlo=221.784607 evla=59.090599
217.654 61.036 3.23132 3.05549 24.3361 315.969
218.338 61.0595 3.2552 3.11859 19.2819 291.375
225.144 58.5792 3.33932 3.08331 16.7444 202.177
212.195 64.6453 3.18339 2.95803 19.0044 796.953
217.513 60.0823 2.70431 2.14628 22.7759 265.357
212.624 63.0753 3.23796 3.01989 16.1354 663.381
215.93 63.6482 3.20931 3.04336 30.9672 596.085
216.188 61.4417 3.22812 3.1203 15.3791 405.459
213.052 64.4091 3.18934 2.9867 26.3982 749.705
217.639 60.9231 3.22465 3.06881 22.4693 308.376
218.049 60.1785 2.81185 2.29585 26.5237 243.032
219.747 60.0959 3.14964 2.7725 24.4538 160.556
214.475 65.5174 3.22848 3.04155 24.3434 809.233
215.154 63.7399 3.19633 3.04487 23.9378 626.84
218.652 60.2994 2.97039 2.5763 40.4911 221.886
216.01 63.9761 3.21254 3.05306 27.4386 624.568
217.161 60.1791 2.76293 2.27335 19.7699 287.554
218.249 60.3583 2.9705 2.66399 21.9195 243.911
213.052 64.4091 3.18934 2.9867 26.3982 749.705
212.138 64.8735 3.19422 2.97169 28.1095 817.399
218.842 64.7774 3.22548 3.07174 17.0859 652.149
218.338 61.0595 3.25516 3.11855 19.2819 291.371
217.639 60.9231 3.22474 3.0689 22.4693 308.384
218.049 60.1785 2.81185 2.29585 26.5237 243.032
218.652 60.2994 2.97039 2.5763 40.4911 221.886
