# evlo=214.25 evla=60.548698
217.908 60.4896 2.86806 2.66705 501.218 201.019
217.654 61.036 3.05247 3.1101 141.756 193.135
217.507 60.403 2.80632 2.50536 334.544 179.834
218.338 61.0595 3.09767 3.07101 315.364 229.662
220.363 59.9534 2.90955 2.77081 161.796 344.825
216.3 60.3932 2.71777 2.47246 326.972 114.057
216.716 60.1205 2.44911 2.1375 161.97 144.309
209.013 64.0997 3.17955 3.0009 195.646 479.605
209.094 59.7511 3.08616 2.97297 284.795 299.796
209.259 59.7417 3.07073 2.9064 312.944 291.426
210.701 64.1732 3.16595 2.96406 142.827 443.628
208.846 60.7683 2.99847 2.61719 97.6404 296.452
207.916 63.4188 3.15807 2.98452 125.478 460.692
212.195 64.6453 3.15376 2.91723 188.101 468.572
200.411 54.831 3.08596 2.73865 35.1758 1039.07
207.685 63.8827 3.16762 2.98403 167.218 504.229
208.763 59.5251 3.07931 2.92999 310.863 326.3
209.796 67.2269 3.14307 2.87537 124.231 775.456
216.907 60.7523 2.9081 2.81724 376.076 147.111
218.66 60.9649 3.09845 3.09545 224.936 244.812
209.738 62.4058 3.15946 2.94725 268.937 317.148
217.513 60.0823 2.64008 2.18772 144.217 187.644
212.624 63.0753 3.17743 2.94 233.453 294.305
215.93 63.6482 3.13201 2.90433 213.537 356.373
209.784 61.1426 3.09714 2.874 127.289 251.637
214.766 66.5657 3.16212 2.90981 150.396 671.198
188.296 63.7758 3.07498 2.74725 47.5996 1388.89
203.121 64.7461 3.14849 2.89904 149.62 736.218
211.074 61.771 3.07375 2.86889 401.045 218.559
216.188 61.4417 3.0319 2.94395 395.538 144.547
216.679 60.2805 2.65123 2.326 232.718 137.126
218.244 60.7315 3.0208 2.85971 254.071 219.47
213.052 64.4091 3.14447 2.90005 237.03 434.649
208.348 59.6572 3.0832 2.90015 98.1522 342.841
217.659 60.6024 2.89617 2.70355 508.839 187.005
216.749 60.4427 2.76947 2.47964 487.086 137.851
217.639 60.9231 3.0866 2.942 183.424 189.542
214.077 61.4924 3.04007 2.94646 262.915 105.57
211.542 61.4131 3.07079 2.91 369.502 175.421
209.077 63.5527 3.18263 3.03048 231.541 430.212
217.277 60.2474 2.72126 2.37546 186.823 170.179
218.995 60.824 3.07516 3.04903 225.249 261.028
216.976 61.3836 3.04842 2.88839 333.846 174.497
211.063 63.7318 3.17644 2.99433 161.693 391.655
211.768 64.9602 3.15824 2.94169 165.684 507.688
218.049 60.1785 2.75084 2.42817 294.7 213.668
209.256 65.0304 3.14555 2.87685 187.915 560.401
214.53 62.9699 3.10896 2.77321 345.38 270.227
219.747 60.0959 2.88385 2.67333 323.221 307.838
220.599 59.667 2.84997 2.67374 132.083 366.344
214.475 65.5174 3.16109 2.92643 176.046 553.937
207.811 62.8962 3.13819 2.99067 222.321 429.052
217.533 61.1871 3.08048 2.98573 476.095 191.997
211.667 60.8584 3.11114 2.96978 181.902 145.231
210.261 61.0889 3.12158 3.0073 190.465 225.214
197.092 68.0541 3.13576 2.89221 43.2906 1171.29
215.154 63.7399 3.12569 2.88932 375.705 358.752
218.652 60.2994 2.85801 2.65295 427.095 244.032
211.14 63.4056 3.19228 3.04516 211.552 357.632
219.217 60.1294 2.81925 2.58409 502.858 278.208
211.668 61.807 3.10678 3.04002 291.172 197.34
212.671 61.832 3.11328 3.05481 295.662 166.306
216.01 63.9761 3.13302 2.92249 237.494 392.728
208.468 61.98 3.08758 2.84726 257.461 348.659
209.777 60.5117 3.12549 2.91275 295.698 245.582
189.752 57.1766 3.14751 2.79316 77.0257 1453.21
209.253 61.4636 3.06635 2.90443 198.093 288.802
217.161 60.1791 2.65261 2.23788 170.188 165.836
216.221 60.072 2.43604 1.91787 230.628 121.2
210.547 60.1043 3.06962 3.00647 324.532 210.442
218.856 60.4399 2.9573 2.75686 459.949 253.393
217.171 60.7541 2.92063 2.82141 430.555 161.383
192.073 65.5598 3.13998 2.87762 116.963 1244.02
209.711 63.4502 3.18644 3.08541 259.536 401.214
193.495 53.8452 3.0112 2.58601 17.4346 1450.68
216.546 61.2275 3.01729 3.00163 471.229 145.783
211.449 62.8295 3.18967 3.09115 284.652 294.19
211.415 62.9628 3.18449 3.05219 133.383 307.84
211.462 62.6812 3.19249 3.07577 163.987 279.858
212.058 62.8349 3.17585 3.01367 121.554 279.91
211.771 63.0624 3.18398 3.02438 127.224 309.069
212.26 62.5808 3.17751 3.00516 325.88 249.904
211.152 62.8331 3.19463 3.08552 236.963 302.725
217.147 60.448 2.80106 2.47637 504.301 159.602
211.908 64.4716 3.16239 2.95648 180.249 453.485
218.249 60.3583 2.84265 2.65254 569.591 221.068
207.417 57.7828 3.01711 2.79919 137.287 497.292
195.352 65.7077 3.13662 2.89504 33.1022 1106.97
198.75 66.442 3.15737 2.91426 39.0782 1008.92
200.349 66.6001 3.17178 2.98763 24.2891 961.341
202.227 66.8332 3.17065 2.966 53.4448 915.852
204.275 67.0486 3.15952 2.94719 71.1835 873.334
212.113 67.5187 3.14931 2.87492 121.03 783.866
214.357 67.5933 3.13935 2.86504 103.046 785.332
215.855 67.6946 3.14672 2.88054 174.288 800.371
220.128 67.6136 3.13605 2.84866 36.9946 837.286
224.214 67.6106 3.14294 2.92118 96.3244 922.776
226.258 67.441 3.16007 2.93804 113.571 963.853
195.961 64.9941 3.12907 2.86412 73.1812 1051.94
197.645 65.3936 3.13701 2.91196 38.2816 995.873
199.349 65.5011 3.14199 2.89303 51.589 931.079
201.346 65.895 3.16037 2.9398 88.7555 878.007
202.913 66.1434 3.16578 2.97802 49.208 840.837
206.494 66.5156 3.15571 2.90687 117.027 767.671
209.976 66.7108 3.14452 2.87535 50.4447 718.425
212.525 66.7004 3.14811 2.86536 117.892 690.985
213.899 66.7653 3.13805 2.82672 134.314 693.188
216.215 66.9498 3.15159 2.91202 158.421 720.023
218.345 66.8088 3.16078 2.95647 88.9008 726.278
221.978 66.9116 3.14222 2.93213 60.8452 804.155
223.778 66.9808 3.15041 2.93431 137.064 855.355
225.729 66.9227 3.16038 2.96692 59.5818 906.119
197.761 64.6379 3.1243 2.85947 82.8448 958.008
200.087 64.937 3.13047 2.91069 42.0597 870.686
201.637 65.1527 3.14694 2.90372 90.538 819.727
203.551 65.5276 3.16174 2.96435 64.6905 773.407
205.119 65.4924 3.17296 2.986 50.5091 717.903
207.195 65.6571 3.1525 2.93723 107.256 670.765
210.457 65.8251 3.14819 2.92454 96.2067 618.087
212.122 65.8371 3.15355 2.89908 223.319 599.035
214.18 66.267 3.14973 2.87459 61.0294 637.414
214.181 66.267 3.15208 2.87362 78.3304 637.414
218.473 66.2305 3.14805 3.00384 71.8489 667.241
221.631 66.2191 3.14448 2.95375 94.662 730.855
225.657 65.8052 3.16599 2.99776 120.839 818.276
214.843 62.3987 3.03132 2.70901 271.068 208.567
213.052 64.4091 3.14447 2.90005 237.03 434.649
199.305 63.8864 3.11993 2.86104 148.939 859.177
205.522 64.7962 3.16884 3.00847 73.6229 650.162
208.018 65.18 3.15468 2.9556 131.53 605.278
210.64 65.1479 3.1479 2.89366 159.576 544.393
216.846 65.3064 3.16611 2.96721 147.825 546.327
218.385 65.6035 3.14932 2.95747 90.5467 600.615
220.064 65.4483 3.14368 2.97694 102.434 619.95
221.694 65.3609 3.15315 2.96713 123.449 655.133
223.623 65.2225 3.16569 3.02461 106.815 704.822
199.398 63.2842 3.11971 2.86345 90.7201 835.406
200.922 63.3965 3.12168 2.87118 102.411 765.775
203.285 63.465 3.1125 2.87068 126.216 658.785
204.379 63.994 3.14617 2.95764 87.4239 639.366
205.853 64.1767 3.15212 2.9384 163.517 592.847
214.63 64.613 3.14829 2.92233 226.982 453.405
216.201 64.5654 3.1445 2.94535 29.9837 458.734
216.436 64.5012 3.15126 2.96339 214.321 454.613
221.784 64.453 3.15269 2.9881 131.24 582.445
221.784 64.4525 3.15284 2.98665 97.1155 582.385
223.67 64.5753 3.16508 3.01218 123.084 659.177
195.344 61.9331 3.12871 2.9007 17.9709 1023.06
198.469 62.2938 3.0937 2.82316 27.8849 862.325
201.699 62.7161 3.11015 2.89004 66.0386 706.662
205.93 63.3569 3.13293 2.93998 119.228 536.549
214.222 63.8036 3.13775 2.89066 196.486 362.756
217.924 64.0292 3.11699 2.93211 210.534 432.076
222.48 63.8433 3.17049 3.01597 233.354 563.52
197.317 61.3416 3.1223 2.82505 29.8468 919.397
198.513 61.678 3.12793 2.86428 38.8369 855.557
200.525 61.7105 3.1099 2.83764 58.3272 749.354
201.703 62.1344 3.05689 2.73624 46.6191 693.223
203.311 62.2195 3.05343 2.73976 49.2732 612.757
205.146 62.1816 3.10106 2.8636 39.2734 519.292
206.12 62.4787 3.10329 2.8667 264.078 482.803
216.652 63.0254 3.07956 2.83914 248.429 303.67
218.173 63.0618 3.1072 2.941 159.941 348.036
221.871 63.109 3.16337 3.01562 184.695 492.112
193.799 60.3849 3.05488 2.56351 27.6236 1120.67
196.65 60.4135 3.08843 2.71572 43.0633 965.016
198.04 60.7515 3.09037 2.74401 36.0736 884.748
199.312 60.6947 3.08351 2.7521 54.7118 816.273
202.562 61.4009 3.09248 2.79888 21.1369 639.074
204.176 61.4907 3.09593 2.86351 36.7728 554.18
206.868 61.8823 3.11843 2.91154 101.82 423.334
209.88 61.7531 3.09974 2.92438 256.957 270.852
212.274 61.7929 3.1028 3.11572 315.644 174.72
213.825 62.1067 3.11824 2.96214 340.089 175.1
217.004 62.4013 3.09345 2.982 227.626 253.252
218.122 62.3579 3.10802 2.96648 358.975 288.517
221.538 62.4435 3.16021 3.00085 144.36 441.514
223.206 62.5763 3.16119 3.0014 174.517 526.334
225.609 62.2024 3.16784 2.99096 184.003 633.743
198.315 59.9237 3.09524 2.71084 68.1888 883.396
199.908 60.1686 3.0894 2.71255 60.1801 791.168
201.231 60.4742 3.07537 2.70103 106.84 714.099
202.813 60.5269 3.0613 2.67631 94.6885 626.996
204.11 60.6801 3.04024 2.63611 143.83 554.913
205.516 60.8132 3.01375 2.59108 132.503 477.85
207.791 61.2001 3.00325 2.61913 75.257 358.124
215.402 61.6061 3.05575 3.04723 281.434 133.217
222.911 61.4593 3.13168 3.06292 87.0687 479.067
224.22 61.4862 3.04627 2.67342 58.7764 548.629
226.918 61.1512 3.17327 3.07411 68.5152 690.84
198.736 59.2533 3.13486 2.82191 31.3774 878.026
200.175 59.1767 3.13407 2.81511 54.4149 801.651
201.907 59.5938 3.11829 2.78335 97.8914 694.389
202.905 59.7733 3.10763 2.75213 53.2761 635.031
205.68 60.1952 3.03698 2.53169 79.4706 474.131
207.376 60.0815 3.00491 2.4825 133.906 383.284
210.276 60.4814 3.12271 3.02568 288.79 218.395
219.809 60.7718 3.07806 3.10855 130.335 304.935
221.424 60.3024 3.09415 3.04239 88.2614 395.938
223.909 60.7704 3.14233 3.03925 106.376 528.329
204.771 59.3922 3.10144 2.75418 105.597 544.338
206.768 59.6524 3.05223 2.7387 75.5039 427.776
212.597 59.9979 2.90012 2.59389 308.296 110.154
223.04 60.1218 3.10944 3.08132 63.1736 487.477
226.285 59.5898 3.15968 3.06234 56.6121 677.635
227.183 60.2114 3.18065 3.07142 104.437 713.181
212.566 65.1171 3.15762 2.88771 265.356 516.318
203.344 58.6774 3.13364 2.88315 59.9115 649.057
204.113 58.2637 3.13563 2.89022 69.3234 628.643
204.991 58.6484 3.11622 2.86287 119.957 563.5
206.355 58.9287 3.09209 2.83627 129.451 478.892
207.606 58.6097 3.05654 2.88551 227.763 432.865
213.66 59.4296 2.50947 1.82991 219.172 128.954
227.731 58.9601 3.14548 2.95403 34.5862 776.691
203.613 57.6397 3.08345 2.75956 74.728 689.36
205.548 57.5665 3.04289 2.6925 49.5388 599.014
224.26 58.4133 2.62975 1.89509 26.0709 614.368
229.033 59.3946 3.18616 3.06803 47.013 833.698
200.447 56.2848 3.02086 2.35453 18.0822 933.482
223.768 57.9616 2.64815 1.65646 29.2044 613.947
229.75 56.9811 3.06492 2.80757 26.0012 978.003
212.138 64.8735 3.15038 2.89465 197.622 493.923
210.428 68.6408 3.12823 2.85898 196.522 920.095
226.879 56.1146 3.15302 2.49505 22.024 887.298
211.063 63.7323 3.17674 2.99462 161.693 391.693
211.14 63.4057 3.19231 3.04519 211.552 357.635
210.174 64.8537 3.14201 2.88861 143.255 522.961
210.069 64.7653 3.14332 2.88359 150.556 516.27
210.554 64.5756 3.15797 2.91142 91.4952 487.207
217.908 60.4896 2.86806 2.66705 501.218 201.019
217.507 60.403 2.80632 2.50536 334.544 179.834
218.338 61.0595 3.09774 3.07109 315.364 229.668
216.296 60.3923 2.71377 2.46881 326.972 113.889
216.716 60.1205 2.44911 2.1375 161.97 144.309
216.679 60.2805 2.65123 2.326 232.718 137.126
218.244 60.7315 3.0208 2.85971 254.071 219.47
217.659 60.602 2.89575 2.70316 508.839 186.978
216.749 60.4427 2.76947 2.47964 487.086 137.851
217.639 60.9231 3.08642 2.94184 183.424 189.531
217.277 60.2474 2.72126 2.37546 186.823 170.179
218.995 60.8241 3.07517 3.04905 225.249 261.029
216.976 61.3836 3.04842 2.88839 333.846 174.497
218.049 60.1785 2.75084 2.42817 294.7 213.668
217.533 61.187 3.08058 2.98583 476.095 192.003
218.652 60.2994 2.85801 2.65295 427.095 244.032
219.217 60.1294 2.81925 2.58409 502.858 278.208
216.221 60.072 2.43604 1.91787 230.628 121.2
218.856 60.4399 2.9573 2.75686 459.949 253.393
216.546 61.2275 3.01729 3.00163 471.229 145.783
212.567 65.1173 3.15423 2.89116 56.5166 516.338
212.57 65.1176 3.15424 2.89194 57.7849 516.347
209.518 60.7352 3.11685 2.89585 52.6985 259.705
209.518 60.7351 3.11659 2.8956 52.6985 259.683
