# evlo=211.062698 evla=63.7318
194.627 64.5646 3.15151 2.86759 40.0903 803.04
217.908 60.4896 3.22521 3.04122 120.191 507.723
217.654 61.036 3.20359 2.99331 162.329 454.093
217.507 60.403 3.18923 2.98229 73.0829 500.676
218.338 61.0595 3.22281 2.96719 207.054 479.387
220.363 59.9534 3.21523 2.99979 131.906 644.855
216.3 60.3932 3.1667 2.95576 125.517 461.672
225.144 58.5792 3.23899 3.08205 96.5973 947.663
216.716 60.1205 3.06883 2.7585 129.164 499.75
215.395 60.9677 3.20818 2.95583 213.809 380.945
209.013 64.0997 3.1354 2.80413 234.813 108.644
209.259 59.7417 3.21678 3.02821 144.434 454.722
208.846 60.7683 2.9064 2.20822 158.615 349.74
207.916 63.4188 3.19645 2.97711 181.08 160.154
212.195 64.6453 3.11953 2.64941 354.716 115.745
207.685 63.8827 3.25349 3.13172 170.119 167.252
209.796 67.2269 3.11233 2.76001 333.994 394.073
216.907 60.7523 3.22569 2.99187 170.826 449.737
218.66 60.9649 3.22061 3.00776 145.002 499.421
209.738 62.4058 3.1753 2.881 216.353 162.266
217.513 60.0823 3.12976 2.8547 188.91 528.959
212.624 63.0753 3.17703 2.93098 189.887 106.968
214.225 61.1292 3.21762 3.01902 324.903 332.813
215.93 63.6482 3.17006 2.77681 185.546 240.937
214.25 60.5487 3.17644 2.99433 161.693 391.655
196.582 54.8564 3.11999 2.65457 43.7712 1281.72
213.401 60.7277 3.23218 3.02517 207.776 356.15
209.784 61.1426 3.17159 2.82142 185.975 296.022
214.766 66.5657 3.15527 2.77827 227.395 360.434
203.121 64.7461 3.18058 2.98625 93.8774 401.232
211.074 61.771 3.2404 3.05298 368.759 218.547
216.188 61.4417 3.20093 2.98577 289.802 366.551
212.904 60.8792 3.22207 3.06566 296.074 331.928
215.271 60.5805 3.15917 2.95619 193.289 413.894
216.679 60.2805 3.14062 2.84345 133.623 483.892
218.244 60.7315 3.21125 2.98972 216.838 500.746
213.052 64.4091 3.11903 2.86586 373.472 122.981
213.497 60.396 3.20103 2.9684 219.449 392.871
215.738 60.3351 3.15168 2.91928 132.26 450.493
208.348 59.6572 2.96715 2.44098 97.7417 476.146
217.659 60.6024 3.22772 3.04619 139.747 489.245
225.615 58.2758 3.25466 3.10642 86.8299 990.895
215.581 59.9268 3.00117 2.62036 177.642 486.037
216.749 60.4427 3.16914 2.89261 196.801 471.481
217.639 60.9231 3.2185 3.03898 238.782 462.418
214.077 61.4924 3.21644 2.92002 185.59 293.62
211.542 61.4131 3.24186 2.99988 343.975 259.598
197.4 66.8951 3.11019 2.74015 165.802 725.943
217.277 60.2474 3.16113 2.90889 112.857 506.377
218.995 60.824 3.22034 2.99105 150.182 523.456
216.976 61.3836 3.20164 2.97705 242.179 400.989
211.768 64.9602 3.17107 2.84071 278.582 141.122
218.049 60.1785 3.18116 2.9557 99.5342 539.078
209.256 65.0304 3.054 2.64906 398.899 168.995
216.031 60.2361 3.12429 2.86869 139.724 468.329
214.53 62.9699 3.24393 2.9296 273.514 193.219
219.747 60.0959 3.2026 2.97921 191.522 609.366
220.599 59.667 3.20308 2.97974 126.402 676.851
214.475 65.5174 3.20302 2.8807 297.608 257.378
207.811 62.8962 3.1746 2.93581 479.965 187.722
211.667 60.8584 3.22779 3.00285 214.186 321.767
215.323 60.3863 3.11959 2.83823 110.517 434.123
210.261 61.0889 3.22577 2.96931 200.507 297.451
197.092 68.0541 3.11019 2.81485 115.076 795.804
218.652 60.2994 3.19892 2.95668 60.714 550.982
219.217 60.1294 3.18818 2.95577 140.875 586.206
211.668 61.807 3.23772 3.01522 346.973 216.751
212.671 61.832 3.2249 3.01118 393.595 227.091
216.01 63.9761 3.19159 2.9152 256.974 244.775
205.816 56.5593 3.1052 2.82848 46.8108 849.933
208.468 61.98 3.18446 2.90777 263.882 235.709
209.777 60.5117 3.22077 2.9831 132.71 365.072
189.752 57.1766 3.15435 2.815 124.687 1371.65
209.253 61.4636 3.20854 2.9823 162.722 269.321
217.161 60.1791 3.13632 2.84293 170.151 508.641
216.221 60.072 3.07337 2.75618 106.43 489.437
210.547 60.1043 3.25822 3.10226 207.549 405.165
218.856 60.4399 3.22325 3.04209 214.262 547.417
217.171 60.7541 3.22911 3.03491 178.5 458.909
192.073 65.5598 3.15533 2.83348 94.1757 926.426
216.546 61.2275 3.21536 3.03167 298.702 397.06
211.462 62.6812 3.18364 2.89261 214.84 118.818
212.058 62.8349 3.14676 2.96808 159.671 111.75
212.26 62.5808 3.19346 3.02533 410.81 141.773
217.147 60.448 3.18568 2.97896 149.577 484.333
218.249 60.3583 3.21464 3.03382 89.4784 531.13
226.475 68.3065 3.17615 2.94057 64.2879 861.694
212.138 64.8736 3.15596 2.73578 350.319 137.522
203.383 71.3221 3.05316 2.4313 93.3133 906.079
198.198 69.3641 2.99919 2.67184 96.5241 845.898
202.84 70.0079 2.93459 2.41105 64.9033 785.768
205.387 69.6211 3.01154 2.55649 109.466 702.323
206.58 70.34 2.93481 2.43799 93.6278 761.874
194.656 68.2746 3.097 2.79703 91.1003 896.4
196.822 68.4753 3.10293 2.80435 93.0788 829.954
198.806 68.6483 3.08886 2.81309 72.7381 775.659
200.413 69.1049 3.04848 2.71741 68.9266 762.828
205.217 69.1565 3.02888 2.63163 120.823 658.069
209.387 69.836 2.97657 2.51174 73.1407 684.643
211.299 69.72 3.05596 2.69392 68.2713 667.868
215.088 69.9175 3.1064 2.88749 94.0606 711.748
216.289 69.626 3.10814 2.80726 105.756 696.094
235.93 69.3475 3.20655 2.90767 219.342 1257.41
196.917 67.6988 3.1281 2.8375 56.2509 782.945
201.885 68.4946 3.09477 2.79308 123.384 672.497
203.387 68.7132 3.07789 2.7459 118.858 653.09
207.318 68.8799 3.06959 2.72701 144.067 597.876
209.319 68.9656 3.0523 2.68797 211.284 588.77
211.177 69.1532 3.06298 2.7238 127.751 604.579
213.625 69.322 3.07791 2.70405 56.3974 633.575
219.035 69.243 3.14071 2.77848 150.188 708.495
221.263 69.3286 3.14457 2.85887 70.2301 769.408
198.174 67.082 3.14177 2.83244 99.0664 703.743
199.397 67.4213 3.13769 2.83284 138.865 675.84
202.768 67.4572 3.13256 2.83557 104.683 563.818
203.811 68.2575 3.10202 2.77927 117.163 601.732
206.028 68.4414 3.10482 2.81867 134.909 572.009
208.187 68.1343 3.10601 2.80574 224.013 507.927
210.384 68.0584 3.10902 2.77769 197.672 483.425
211.513 68.0748 3.11165 2.78652 143.337 484.701
214.432 68.1207 3.12935 2.85863 132.339 512.689
218.405 68.1861 3.16804 2.85269 157.768 597.626
220.465 68.6043 3.17566 2.89133 113.737 687.719
222.103 68.3889 3.17021 2.87826 72.0666 718.957
223.281 66.3701 3.18145 2.91671 245.864 644.67
193.671 65.4742 3.14281 2.78444 38.5447 851.981
195.352 65.7077 3.14912 2.81555 61.5833 778.301
198.75 66.442 3.14103 2.82803 89.5303 651.562
200.349 66.6001 3.14836 2.83269 83.7648 594.296
202.227 66.8332 3.15154 2.8593 108.33 537.355
204.275 67.0486 3.13162 2.8221 124.94 485.601
206.517 67.2221 3.12084 2.79581 216.31 442.242
207.821 67.5076 3.10193 2.79974 204.79 446.576
212.113 67.5187 3.13331 2.86135 121.962 424.993
214.357 67.5933 3.12429 2.84673 139.708 456.303
215.855 67.6946 3.1334 2.74024 182.789 493.276
220.128 67.6136 3.18151 2.9254 121.254 599.83
224.214 67.6106 3.16206 2.88184 143.238 741.155
226.258 67.441 3.17924 2.91019 160.904 810.882
195.961 64.9941 3.14619 2.89067 49.8588 740.897
197.645 65.3936 3.15345 2.84949 43.8447 667.987
199.349 65.5011 3.14411 2.81235 80.1292 593.171
201.346 65.895 3.14725 2.84157 85.5957 520.038
202.913 66.1434 3.13526 2.83686 143.169 469.329
206.494 66.5156 3.12607 2.80811 251.829 377.094
208.493 66.9214 3.09585 2.75195 193.129 375.177
209.976 66.7108 3.1002 2.72493 309.556 336.001
212.525 66.7004 3.13599 2.89021 137.26 337.958
213.899 66.7653 3.14521 2.7947 116.935 363.178
216.215 66.9498 3.16008 2.84722 185.323 431.346
218.345 66.8088 3.17002 2.9131 153.997 482.496
221.978 66.9116 3.18432 2.91896 154.406 618.74
223.778 66.9808 3.17526 2.92214 213.956 692.04
225.729 66.9227 3.18073 2.9103 117.298 767.925
197.761 64.6379 3.15552 2.88628 39.8672 653.16
200.087 64.937 3.14657 2.89641 38.9872 546.588
201.637 65.1527 3.15497 2.83259 95.5985 480.224
203.551 65.5276 3.12874 2.80447 91.7526 410.934
205.119 65.4924 3.12422 2.80841 159.714 345.379
207.195 65.6571 3.10622 2.75384 220.778 282.971
208.623 65.8937 3.1059 2.73358 346.975 267.407
210.457 65.8251 3.06036 2.64526 335.701 235.151
212.122 65.8371 3.15559 2.94649 228.662 240.053
214.18 66.267 3.13326 2.6847 86.1707 318.543
214.181 66.267 3.13068 2.67164 125.3 318.564
218.473 66.2305 3.18338 2.92041 174.913 446.745
221.631 66.2191 3.18726 2.94814 136.825 569.891
225.657 65.8052 3.20614 2.95551 113.632 729.947
214.843 62.3987 3.2831 3.10379 193.776 242.039
213.052 64.4091 3.11903 2.86586 373.472 122.981
199.305 63.8864 3.17519 2.91856 70.2121 578.682
205.522 64.7962 3.1436 2.825 146.683 293.489
208.018 65.18 3.07013 2.67648 339.53 218.005
210.64 65.1479 3.04327 2.52516 504.465 159.181
216.846 65.3064 3.20818 2.97587 224.122 328.363
218.385 65.6035 3.21595 2.98998 221.249 406.872
220.064 65.4483 3.21424 2.99851 144.848 471.181
221.694 65.3609 3.21794 3.01787 116.122 540.593
223.623 65.2225 3.24167 2.99401 119.863 625.37
199.398 63.2842 3.20759 2.95345 50.8764 582.112
200.922 63.3965 3.21088 2.93128 32.7297 504.75
203.285 63.465 3.20272 2.88482 43.5554 386.951
204.379 63.994 3.17727 3.0078 93.8627 329.81
205.853 64.1767 3.19414 3.14581 103.614 260.016
214.63 64.613 3.17813 2.95941 358.08 199.334
216.201 64.5654 3.23193 3.02129 19.3036 266.705
216.436 64.5012 3.21352 2.98183 181.033 275.44
221.784 64.4525 3.19724 2.95524 42.005 528.344
223.67 64.5753 3.196 2.95864 30.574 619.588
195.344 61.9331 3.17861 2.89024 45.072 823.428
198.469 62.2938 3.17143 2.88509 57.0555 656.505
201.699 62.7161 3.17467 2.95325 90.6296 483.804
205.93 63.3569 3.15987 2.87495 192.488 258.559
214.222 63.8036 3.16347 2.81215 146.403 156.042
217.924 64.0292 3.20936 2.99477 127.603 338.637
222.48 63.8433 3.21952 3.01775 84.7484 562.288
197.317 61.3416 3.18729 2.87518 119.236 754.201
198.513 61.678 3.16874 2.85774 94.4998 680.55
200.525 61.7105 3.16659 2.84982 62.076 583.36
201.703 62.1344 3.16052 2.87009 85.9103 507.053
203.311 62.2195 3.1565 2.80426 128.51 427.372
205.146 62.1816 3.1733 2.88478 208.292 346.248
206.12 62.4787 3.18468 2.88234 230.783 285.869
216.652 63.0254 3.28278 3.03248 93.6523 290.332
218.173 63.0618 3.23752 3.00837 82.8932 362.934
193.799 60.3849 3.1856 2.85551 26.1015 973.027
196.65 60.4135 3.14855 2.80321 75.3783 836.773
198.04 60.7515 3.16314 2.85596 72.4944 752.216
199.312 60.6947 3.16441 2.85285 110.344 697.393
201.041 61.0224 3.16155 2.86965 96.7115 599.189
202.562 61.4009 3.1636 2.84326 214.562 507.894
204.176 61.4907 3.20023 3.00392 133.83 432.573
205.609 61.9037 3.20565 3.01694 230.885 344.572
206.868 61.8823 3.20565 3.06479 218.288 296.991
209.88 61.7531 3.22485 2.98717 293.418 228.674
212.274 61.7929 3.24082 3.02231 293.607 224.777
213.825 62.1067 3.20862 2.96922 253.796 229.109
217.004 62.4013 3.22558 3.00756 124.641 334.806
218.122 62.3579 3.2604 3.08141 212.255 388.347
221.538 62.4435 3.24497 3.07273 117.473 547.635
223.206 62.5763 3.24204 3.07647 53.3895 624.497
225.609 62.2024 3.25513 3.08298 33.774 755.585
198.315 59.9237 3.17008 2.88035 108.654 792.453
199.908 60.1686 3.174 2.87102 90.941 705.914
201.231 60.4742 3.15721 2.78022 122.268 627.752
202.813 60.5269 3.2165 3.00452 173.268 558.589
204.11 60.6801 3.20674 2.99491 139.164 496.089
205.516 60.8132 3.20842 3.07928 177.864 434.168
207.791 61.2001 3.13105 2.81037 130.288 328.709
215.402 61.6061 3.18059 2.91067 243.944 324.79
222.911 61.4593 3.25151 3.06991 61.2742 658.058
224.22 61.4862 3.24851 3.06689 58.3026 718.915
226.918 61.1512 3.24153 3.05702 68.1307 865.078
198.736 59.2533 3.183 2.89039 37.4737 822.475
200.175 59.1767 3.21762 3.00499 113.486 769.454
201.907 59.5938 3.21789 3.01196 199.782 668.112
202.905 59.7733 3.22939 3.05109 136.241 615.781
204.792 59.8542 3.23667 3.10927 140.106 543.691
205.68 60.1952 3.21284 3.08107 161.576 484.506
210.276 60.4814 3.24567 3.04597 278.962 364.563
221.424 60.3024 3.19038 3.00916 170.718 662.478
190.452 56.6011 3.15406 2.79791 21.7293 1383.1
202.009 59.0314 3.23432 3.07153 106.99 711.86
203.561 59.1953 3.23026 3.08012 122.106 643.775
204.771 59.3922 3.23359 3.04427 175.472 587.373
212.597 59.9979 3.21864 2.98346 131.59 423.848
222.262 59.6304 3.18702 2.9962 115.12 746.939
226.285 59.5898 3.26523 3.03859 44.948 925.918
212.566 65.1171 3.15085 2.77111 360.308 170.584
203.344 58.6774 3.21206 2.91273 51.1419 698.544
204.113 58.2637 3.25129 3.03214 114.523 715.094
204.991 58.6484 3.24073 3.05033 127.185 653.188
213.66 59.4296 3.01804 2.6046 238.147 498.783
227.731 58.9601 3.3724 2.96769 28.4978 1033.97
203.613 57.6397 3.24126 3.02492 107.933 790.353
205.548 57.5665 3.15618 2.889 43.9814 749.632
224.26 58.4133 3.2226 3.02095 73.9765 923.662
225.482 58.2747 3.24658 3.09057 55.6092 985.353
229.033 59.3946 3.2687 3.08221 29.8933 1065.4
223.768 57.9616 3.07466 2.96647 63.968 940.615
228.869 57.9128 3.24359 3.07587 28.0613 1159.62
227.048 56.8144 3.2474 3.03251 23.5482 1167.47
229.75 56.9811 3.24891 3.13959 19.8462 1268.88
212.138 64.8735 3.15381 2.73812 294.092 137.508
210.428 68.6408 3.08812 2.75589 262.567 548.142
228.385 55.3279 3.24318 3.00784 41.8124 1347.35
218.842 64.7774 3.22152 2.9573 146.905 394.489
227.653 56.4191 3.16702 3.02322 73.439 1225.07
209.768 62.6893 2.85237 2.88992 141.11 133.205
213.356 63.1033 2.8125 2.94964 15.684 134.277
212.856 63.0345 2.7907 3.01835 90.5663 118.677
210.135 62.8603 2.77146 2.94836 93.8233 107.711
209.336 62.3551 2.88818 2.69098 15.843 176.565
209.196 62.5277 2.91927 2.98132 175.358 163.938
209.939 62.15 2.94163 2.94223 189.12 185.306
218.547 60.1369 3.97504 4.00477 193.596 560.538
217.908 60.4896 3.22521 3.04122 120.191 507.723
217.507 60.403 3.18923 2.98229 73.0829 500.676
218.338 61.0595 3.22283 2.96722 207.054 479.391
216.296 60.3923 3.16655 2.95562 125.517 461.65
216.716 60.1205 3.06883 2.7585 129.164 499.75
215.271 60.5805 3.15917 2.95619 193.289 413.894
216.679 60.2805 3.14062 2.84345 133.623 483.892
218.244 60.7315 3.21125 2.98972 216.838 500.746
217.659 60.602 3.22783 3.04628 139.747 489.261
216.749 60.4427 3.16914 2.89261 196.801 471.481
217.639 60.9231 3.21845 3.03893 238.782 462.41
217.277 60.2474 3.16113 2.90889 112.857 506.377
218.995 60.8241 3.22029 2.99101 150.182 523.449
216.976 61.3836 3.20164 2.97705 242.179 400.989
218.049 60.1785 3.18116 2.9557 99.5342 539.078
216.031 60.2361 3.12429 2.86869 139.724 468.329
218.652 60.2994 3.19892 2.95668 60.714 550.982
219.217 60.1294 3.18818 2.95577 140.875 586.206
216.221 60.072 3.07337 2.75618 106.43 489.437
218.856 60.4399 3.22325 3.04209 214.262 547.417
216.546 61.2275 3.21536 3.03167 298.702 397.06
212.567 65.1173 3.15219 2.79624 80.2842 170.61
212.57 65.1176 3.15186 2.79744 78.442 170.697
209.768 62.6892 2.85257 2.89012 141.11 133.215
209.518 60.7352 3.1052 2.66621 87.179 343.469
209.518 60.7351 3.10525 2.66625 87.179 343.475
