# evlo=216.030807 evla=60.236099
194.627 64.5646 3.11668 2.89667 49.6809 1199.83
217.908 60.4896 2.75763 2.31225 538.29 107.402
217.654 61.036 2.93299 2.75607 221.372 125.82
218.338 61.0595 2.96533 2.73413 368.485 156.015
220.363 59.9534 2.78677 2.3797 147.868 243.054
209.013 64.0997 3.13316 2.82984 138.019 564.293
210.701 64.1732 3.11621 2.85447 130.969 518.733
208.846 60.7683 2.8599 2.50211 48.9077 399.035
207.916 63.4188 3.12613 2.89296 72.9731 554.879
212.195 64.6453 3.12428 2.81315 224.281 529.611
204.378 55.8218 3.03293 2.51806 34.1881 844.151
207.685 63.8827 3.13859 2.88575 109.079 595.524
209.796 67.2269 3.13729 2.85067 129.512 836.955
218.66 60.9649 2.97104 2.73537 252.418 165.333
209.738 62.4058 3.10064 2.97609 105.68 414.534
212.624 63.0753 3.10647 2.80068 126.356 364.16
214.225 61.1292 2.84396 2.68513 236.228 140.132
215.93 63.6482 3.10771 2.85116 106.31 380.296
196.582 54.8564 2.94691 2.5419 15.2039 1302.88
213.401 60.7277 2.68691 2.48072 140.618 154.601
209.784 61.1426 2.96608 2.69117 81.1746 355.789
214.766 66.5657 3.15163 2.91022 50.5908 708.333
188.296 63.7758 3.07832 2.80951 38.1803 1492.26
203.121 64.7461 3.13923 2.88943 66.1278 831.496
216.188 61.4417 3.03124 2.60697 223.315 134.606
212.904 60.8792 2.78675 2.53765 246.481 185.868
218.244 60.7315 2.89245 2.62394 288.221 133.624
213.052 64.4091 3.1283 2.84185 206.374 489.923
213.497 60.396 2.60593 2.10149 158.891 141.183
225.615 58.2758 2.64378 1.7983 70.5049 588.096
217.639 60.9231 2.8804 2.66223 324.092 116.771
214.077 61.4924 2.97039 2.80271 228.475 175.665
211.542 61.4131 2.95234 2.79626 189.956 277.145
197.4 66.8951 3.11925 2.80543 41.1084 1178.7
209.077 63.5527 3.13413 2.92547 142.198 519.376
218.995 60.824 2.97023 2.74029 300.646 175.427
216.976 61.3836 3.06173 2.8654 306.408 137.82
211.063 63.7318 3.12429 2.86869 139.724 468.329
211.768 64.9602 3.12743 2.81242 184.672 569.935
218.049 60.1785 2.56087 2.08011 246.64 112.117
209.256 65.0304 3.10055 2.78996 141.424 636.703
210.931 64.5928 3.11553 2.7826 201.236 552.105
214.53 62.9699 3.12973 2.79494 178.944 314.871
219.747 60.0959 2.72048 2.25345 260.779 206.914
220.599 59.667 2.69761 2.26803 146.62 262.953
214.475 65.5174 3.16059 2.89551 49.7083 593.901
207.811 62.8962 3.11525 2.95595 82.1686 527.317
217.533 61.1871 2.98292 2.8318 338.133 133.983
211.667 60.8584 2.86033 2.60408 209.707 249.271
210.261 61.0889 2.94975 2.69793 137.405 329.369
197.092 68.0541 3.12023 2.82815 47.0565 1259.01
215.154 63.7399 3.16775 3.32033 78.2511 393.169
218.652 60.2994 2.70423 2.2567 314.629 145.252
211.14 63.4056 3.12791 2.87223 189.099 437.023
219.217 60.1294 2.64744 2.23579 228.715 177.201
212.671 61.832 3.03997 2.85719 161.389 254.107
216.01 63.9761 3.11582 2.83936 138.429 416.814
208.468 61.98 3.0205 2.79665 128.58 451.371
209.777 60.5117 2.88654 2.5861 183.284 346.254
209.253 61.4636 2.95496 2.63858 138.988 392.788
218.856 60.4399 2.85997 2.43318 304.465 157.649
209.711 63.4502 3.1397 2.91975 122.556 488.545
211.449 62.8295 3.13256 2.90589 139.377 377.881
211.415 62.9628 3.12945 2.91672 97.2578 390.167
211.462 62.6812 3.12864 2.90624 77.4677 365.331
212.058 62.8349 3.10805 2.86181 120.71 358.377
211.771 63.0624 3.12247 2.85075 101.968 387.334
212.26 62.5808 3.09988 2.8952 179.704 329.786
211.152 62.8331 3.13441 2.90908 116.258 388.509
211.908 64.4716 3.11426 2.78482 186.718 517.836
218.249 60.3583 2.72115 2.22846 273.402 123.41
210.869 61.5922 2.98751 2.86985 20.8154 318.077
212.138 64.8736 3.13132 2.81797 276.621 554.049
198.929 70.2043 3.15184 2.63966 19.7679 1359.12
203.383 71.3221 2.99002 2.52381 62.9847 1358.6
234.753 71.9871 3.18574 2.91283 23.9932 1545.02
198.198 69.3641 3.05192 2.74481 26.1809 1314.21
196.822 68.4753 3.11873 2.85338 41.2694 1295.17
205.217 69.1565 3.07378 2.7057 62.2949 1116.62
216.289 69.626 3.11776 2.86024 61.643 1046.95
235.93 69.3475 3.22052 3.05083 40.3278 1375.57
201.885 68.4946 3.10337 2.83971 45.8589 1140.64
203.387 68.7132 3.18646 2.78827 67.5183 1119.03
209.319 68.9656 3.09364 2.77802 56.1854 1023.44
213.625 69.322 3.11149 2.83196 46.1357 1019.21
219.035 69.243 3.14905 2.9193 55.178 1014
221.263 69.3286 3.13836 2.88648 50.3504 1042.88
198.174 67.082 3.13952 2.84755 18.408 1160.67
202.768 67.4572 3.13954 2.88292 42.935 1031.81
203.811 68.2575 3.1067 2.80583 58.9599 1068.55
206.028 68.4414 3.12079 2.81629 70.0473 1031.73
208.187 68.1343 3.12881 2.83947 73.0486 957.735
214.432 68.1207 3.11157 2.84543 29.0137 882.323
218.405 68.1861 3.1505 2.91653 75.3451 893.563
220.465 68.6043 3.14741 2.90682 50.3697 956.466
222.103 68.3889 3.14662 2.91731 33.6875 954.088
223.281 66.3701 3.16457 2.94519 38.1507 773.243
193.671 65.4742 3.05326 2.88462 16.5949 1270.11
195.352 65.7077 3.05737 2.89266 18.9779 1205.07
198.75 66.442 3.14375 2.90277 15.9925 1101.66
204.275 67.0486 3.12863 2.86058 45.1757 953.854
206.517 67.2221 3.11615 2.81109 113.936 907.368
207.821 67.5076 3.23544 2.82181 75.2265 903.735
215.855 67.6946 3.13123 2.8641 50.3758 831.487
220.128 67.6136 3.14658 2.92052 69.0997 846.168
224.214 67.6106 3.13686 2.85582 26.8239 913.112
226.258 67.441 3.17012 2.94249 37.795 945.18
197.645 65.3936 3.04254 2.85448 32.0028 1093.69
199.349 65.5011 3.12806 2.87448 36.326 1027.17
201.346 65.895 3.14274 2.88635 43.4171 970.072
202.913 66.1434 3.13744 2.8464 52.7276 929.111
206.494 66.5156 3.12315 2.83875 88.0372 845.058
208.493 66.9214 3.12238 2.80375 90.5644 832.619
209.976 66.7108 3.13379 2.83471 84.7911 781.443
212.525 66.7004 3.13816 2.87191 24.644 741.178
218.345 66.8088 3.13584 2.89608 73.3192 741.521
221.978 66.9116 3.14751 2.91313 42.7898 799.762
225.729 66.9227 3.15913 2.93993 26.7156 885.246
197.761 64.6379 3.11555 2.90298 20.2155 1058.22
201.637 65.1527 3.13404 2.88587 39.7357 914.948
203.551 65.5276 3.13773 2.90889 27.0188 863.829
205.119 65.4924 3.1355 2.8161 41.561 805.217
208.623 65.8937 3.11153 2.79502 109.665 732.369
210.457 65.8251 3.11763 2.79131 138.453 683.26
212.122 65.8371 3.14118 2.86602 93.1904 654.582
218.473 66.2305 3.12768 2.90434 68.8483 679.222
221.631 66.2191 3.15234 2.90012 38.9839 723.226
225.657 65.8052 3.11646 2.813 21.5714 787.489
214.843 62.3987 3.04658 2.66776 238.119 249.233
213.052 64.4091 3.1283 2.84185 206.374 489.923
199.305 63.8864 3.10427 2.89098 24.5389 960.858
208.018 65.18 3.11613 2.84563 105.469 685.793
210.64 65.1479 3.10269 2.76546 196.84 612.612
216.846 65.3064 3.14347 2.88267 109.916 566.642
218.385 65.6035 3.12765 2.9045 93.2626 609.981
220.064 65.4483 3.14541 2.92916 63.6521 615.916
221.694 65.3609 3.16115 2.93703 52.0383 639.538
223.623 65.2225 3.1628 2.94856 20.801 676.982
196.446 62.7492 3.08207 2.83512 44.5906 1075.47
199.398 63.2842 3.09174 2.84888 36.8722 938.436
200.922 63.3965 3.1013 2.90564 28.0831 868.125
203.285 63.465 3.09896 2.91428 36.5157 759.679
204.379 63.994 3.12524 2.90701 40.1162 736.764
205.853 64.1767 3.13245 2.89242 86.1283 686.691
214.63 64.613 3.13418 2.88705 65.4385 493.121
216.436 64.5012 3.12341 2.86925 150.863 475.812
221.784 64.4525 3.13346 2.92824 30.3599 555.977
223.67 64.5753 3.1586 2.99116 56.4829 623.516
195.344 61.9331 3.07815 2.81333 39.3966 1127.19
198.469 62.2938 3.07473 2.83204 31.7524 966.488
201.699 62.7161 3.07842 2.83159 80.7655 810.232
214.222 63.8036 3.14215 2.89301 67.0783 408.672
217.924 64.0292 3.11379 2.96615 143.817 434.07
222.48 63.8433 3.16457 2.96747 73.0462 524.378
198.513 61.678 3.05491 2.78536 35.3969 959.567
200.525 61.7105 3.03676 2.76297 39.6253 853.421
201.703 62.1344 3.05319 2.7961 58.9423 797.375
203.311 62.2195 3.05603 2.80283 56.8227 716.755
205.146 62.1816 3.0506 2.80428 109.546 623.044
216.652 63.0254 3.07002 2.82844 183.829 312.576
221.871 63.109 3.13188 2.9635 125.776 444.828
193.799 60.3849 3.01083 2.61924 17.1364 1223.17
196.65 60.4135 3.02247 2.6351 16.4198 1067.15
199.312 60.6947 3.02722 2.70832 35.5352 918.721
201.041 61.0224 3.03166 2.65425 21.0428 823.341
202.562 61.4009 3.03387 2.78098 28.7181 742.895
204.176 61.4907 3.02443 2.77849 39.6874 658.2
205.609 61.9037 3.04548 2.80104 67.6536 591.805
206.868 61.8823 3.02309 2.75428 84.6462 527.197
209.88 61.7531 3.01098 2.77617 128.604 373.145
212.274 61.7929 3.04391 2.80996 82.8711 267.096
213.825 62.1067 3.04594 2.74237 149.019 239.845
217.004 62.4013 3.08293 2.80914 196.637 246.834
221.538 62.4435 3.10177 2.91768 171.318 383.7
223.206 62.5763 3.10958 2.92702 153.979 463.189
225.609 62.2024 3.12012 2.94282 133.078 558.717
198.315 59.9237 3.01976 2.65826 50.6985 983.816
199.908 60.1686 3.01155 2.64471 50.9088 891.966
201.231 60.4742 2.99684 2.62876 91.63 815.67
202.813 60.5269 2.97503 2.60415 66.3784 728.519
204.11 60.6801 2.95318 2.57403 91.7532 656.899
205.516 60.8132 2.92203 2.53892 114.182 580.334
207.791 61.2001 2.91398 2.56468 92.8326 462.082
215.402 61.6061 3.01781 2.69739 293.251 156.42
222.911 61.4593 3.08834 2.90495 145.797 397.903
224.22 61.4862 3.11437 2.94492 124.603 465.975
226.918 61.1512 3.13688 2.95024 48.1449 602.694
201.907 59.5938 3.00679 2.65552 35.8881 791.841
204.792 59.8542 2.94073 2.47377 55.291 626.95
205.68 60.1952 2.91282 2.44794 69.8004 573.247
210.276 60.4814 2.85101 2.52086 131.359 318.712
219.809 60.7718 3.02284 2.79056 206.297 216.005
221.424 60.3024 2.98905 2.78598 43.6059 298.527
206.768 59.6524 2.9011 2.48411 49.0789 521.355
212.597 59.9979 2.60436 2.04684 142.62 192.748
223.04 60.1218 2.83515 2.23 46.5294 389.036
226.285 59.5898 3.08419 2.83317 58.4699 577.605
212.566 65.1171 3.13748 2.84698 133.515 572.027
225.482 58.2747 2.63275 1.78631 43.9336 581.117
223.768 57.9616 2.68014 2.27469 42.4643 510.253
227.048 56.8144 2.86035 2.24233 18.116 745.155
212.138 64.8735 3.13096 2.81843 192.196 554.042
210.428 68.6408 3.10659 2.74308 37.8864 974.098
226.879 56.1146 3.10948 2.15413 25.0915 784.724
229.974 55.9154 2.91251 2.19002 15.2883 950.443
228.385 55.3279 2.926 2.17042 15.4766 913.608
218.842 64.7774 3.13265 2.96478 181.263 526.331
209.768 62.6893 3.1234 2.90806 71.2919 431.225
211.063 63.7323 3.12449 2.86887 139.724 468.358
211.14 63.4057 3.12793 2.87225 189.099 437.026
218.594 60.1556 2.59133 2.15403 33.5183 142.459
218.628 60.118 2.55537 2.09947 28.3534 144.754
218.674 60.1912 2.62058 2.18823 44.0509 146.641
218.614 60.172 2.6012 2.16659 41.6567 143.433
218.545 60.2663 2.65933 2.22115 51.77 139.276
218.45 60.2235 2.61529 2.18614 45.7803 134.064
218.556 60.2275 2.40293 2.1716 16.4597 139.897
218.652 60.1592 2.59156 2.16684 37.6751 145.637
218.546 60.2176 2.62666 2.22429 44.8337 139.376
218.626 60.2469 2.65195 2.20364 52.8378 143.745
210.176 67.8516 3.13164 2.86404 85.4338 894.886
209.736 66.2066 3.1191 2.78783 120.835 736.099
209.329 66.7192 3.12661 2.80293 123.649 795.088
198.722 65.4015 3.12489 2.87104 66.2551 1048.37
211.489 65.5114 3.13074 2.81048 134.212 631.397
194.662 64.5695 3.11669 2.89674 34.2621 1198.33
204.534 64.74 3.13978 2.89812 49.4615 774.743
209.89 67.3812 3.13655 2.84887 105.936 851.034
210.457 65.825 3.11856 2.7895 132.297 683.243
210.84 64.6544 3.11708 2.80542 140.758 560.212
210.867 64.709 3.11771 2.79763 165.46 564.796
210.853 64.7716 3.12001 2.80741 133 571.154
210.847 64.8338 3.12264 2.81369 122.239 577.313
210.819 64.8857 3.12095 2.82524 89.7339 583.006
210.44 64.87 3.10575 2.76694 151.937 590.646
210.917 64.5498 3.11537 2.79078 144.03 548.332
210.782 64.5716 3.11095 2.79979 118.686 553.771
210.554 64.5756 3.10877 2.80679 97.964 559.971
210.901 64.613 3.1163 2.78611 206.151 554.771
211.172 64.6917 3.11865 2.7846 157.747 555.918
231.376 54.093 2.98374 2.44693 18.5077 1148.74
232.267 55.179 2.96117 2.45677 26.995 1115.53
232.359 55.411 3.02509 2.76207 18.9545 1104.94
217.908 60.4896 2.75763 2.31225 538.29 107.402
218.338 61.0595 2.96542 2.73421 368.485 156.019
218.244 60.7315 2.89245 2.62394 288.221 133.624
217.639 60.9231 2.8802 2.66205 324.092 116.763
218.995 60.8241 2.97029 2.74035 300.646 175.431
216.976 61.3836 3.06173 2.8654 306.408 137.82
218.049 60.1785 2.56087 2.08011 246.64 112.117
217.533 61.187 2.98288 2.83176 338.133 133.981
218.652 60.2994 2.70423 2.2567 314.629 145.252
219.217 60.1294 2.64744 2.23579 228.715 177.201
218.856 60.4399 2.85997 2.43318 304.465 157.649
209.768 62.6892 3.12343 2.90809 71.2919 431.229
208.723 60.6622 2.87497 2.46952 70.566 404.813
212.047 60.7098 2.7998 2.56088 169.969 225.366
211.068 60.8049 2.88377 2.6037 115.229 279.738
209.968 60.4881 2.8682 2.56596 120.634 335.635
210.253 60.4731 2.85205 2.52267 82.0752 319.921
208.919 60.4641 2.8804 2.47535 55.5885 393.294
210.813 60.8045 2.88936 2.61083 149.8 293.41
209.81 60.4601 2.87455 2.55397 105.293 344.244
211.376 60.7866 2.8542 2.59498 94.4955 262.9
