# evlo=198.198395 evla=69.364098
217.507 60.403 3.05438 2.75171 17.7477 1343.02
218.338 61.0595 3.05313 2.7671 66.2661 1309.53
216.3 60.3932 3.06262 2.76831 21.4259 1307.36
213.401 60.7277 3.15763 2.7962 25.2548 1192.85
216.679 60.2805 3.12338 2.74168 18.6374 1329.25
218.244 60.7315 3.06633 2.79269 86.5466 1336.05
213.052 64.4091 2.99358 2.67373 139.253 849.962
216.749 60.4427 3.13345 2.75303 41.3147 1316.2
217.639 60.9231 3.06268 2.78765 76.0643 1299.54
218.995 60.824 3.05728 2.77925 90.4536 1351.85
216.976 61.3836 3.04762 2.75627 76.7436 1237.03
211.063 63.7318 2.99919 2.67184 96.5241 845.898
218.049 60.1785 3.09167 3.09718 15.0864 1380.53
216.031 60.2361 3.05192 2.74481 26.1809 1314.21
217.533 61.1871 3.05423 2.76579 97.6313 1272.33
218.652 60.2994 3.07212 2.80237 33.1171 1388.3
211.14 63.4056 3.01715 2.7097 61.5182 877.606
219.217 60.1294 3.06386 2.7789 42.7128 1421.77
218.856 60.4399 3.07206 2.80497 63.2711 1381.97
216.546 61.2275 3.06152 2.79423 66.9062 1237.69
202.84 70.0079 2.65357 1.79001 52.1079 193.66
205.387 69.6211 2.50852 1.74013 89.619 282.47
194.656 68.2746 2.63039 2.14031 31.6784 187.524
196.822 68.4753 2.61355 2.31957 64.7562 113.495
205.217 69.1565 2.52048 1.79647 111.967 278.291
209.387 69.836 2.55659 1.84541 37.4376 437.986
196.917 67.6988 2.71912 2.28787 115.692 192.981
201.885 68.4946 2.63767 2.18005 169.219 176.882
207.318 68.8799 2.62187 2.0703 24.8832 366.495
211.177 69.1532 2.51093 1.74318 56.7581 512.732
219.035 69.243 2.74183 2.21974 30.144 818.32
198.174 67.082 2.84328 2.67224 105.3 254.544
199.397 67.4213 2.74761 2.38364 256.874 222.225
202.768 67.4572 2.77626 2.43883 162.68 283.553
203.811 68.2575 2.71592 2.28272 102.727 257.827
208.187 68.1343 2.80335 2.34573 44.824 426.258
220.465 68.6043 2.77198 2.22386 19.7607 890.549
222.103 68.3889 2.76961 2.15718 22.7478 961.653
198.75 66.442 2.84902 2.58341 68.6902 326.732
200.349 66.6001 2.84081 2.49358 137.116 321.102
202.227 66.8332 2.84759 2.47553 143.141 328.23
204.275 67.0486 2.83801 2.51198 139.681 360.438
206.517 67.2221 2.84413 2.49343 100.371 417.87
220.128 67.6136 2.74192 2.06844 26.4128 913.419
224.214 67.6106 2.86161 2.39238 22.6317 1074.27
226.258 67.441 2.89116 2.48565 36.3766 1162
197.645 65.3936 2.93457 2.60657 65.9359 443.449
199.349 65.5011 2.9329 2.60705 126.169 433.621
201.346 65.895 2.89792 2.57782 141.686 409.243
202.913 66.1434 2.90077 2.58444 103.752 410.514
206.494 66.5156 3.08198 2.56523 143.992 470.394
208.493 66.9214 2.90167 2.55965 78.3112 506.295
209.976 66.7108 2.91896 2.57983 74.0749 572.575
218.345 66.8088 2.73015 1.98782 31.0101 881.677
225.729 66.9227 2.88185 2.47481 23.6292 1165.33
197.761 64.6379 2.97597 2.61941 39.67 527.414
200.087 64.937 2.9646 2.6281 131.548 500.411
201.637 65.1527 2.92921 2.58456 100.234 492.371
203.551 65.5276 2.93028 2.60349 114.762 484.982
205.119 65.4924 2.96542 2.60742 55.6466 523.161
207.195 65.6571 2.94827 2.61915 83.6747 563.309
208.623 65.8937 2.9379 2.62777 109.491 586.871
210.457 65.8251 2.94802 2.60367 68.5972 652.214
212.122 65.8371 2.95929 2.61274 76.6621 708.554
214.181 66.267 2.94677 2.5919 39.9893 754.081
221.631 66.2191 2.81416 2.11575 21.5049 1041.39
214.843 62.3987 3.04063 2.7493 66.9871 1079.36
213.052 64.4091 2.99358 2.67373 139.253 849.962
199.305 63.8864 3.00427 2.66019 94.6908 612.788
208.018 65.18 2.97651 2.69321 108.482 628.736
210.64 65.1479 2.96697 2.67074 110.232 711.429
221.694 65.3609 2.76607 1.97457 15.2218 1094.96
199.398 63.2842 3.01459 2.65304 104.302 680.074
200.922 63.3965 3.00131 2.68824 63.3967 676.354
203.285 63.465 2.99821 2.68676 111.747 695.38
204.379 63.994 3.12845 2.65512 115.667 657.442
205.853 64.1767 2.99419 2.68394 107.546 668.408
214.63 64.613 3.00027 2.6733 72.7438 887.019
221.784 64.4525 2.82955 2.10248 22.723 1158.6
223.67 64.5753 3.00978 2.68557 15.4519 1221.86
198.469 62.2938 3.03429 2.6578 64.7692 788.462
201.699 62.7161 3.00882 2.71913 85.3548 757.785
205.93 63.3569 3.13549 2.69082 89.76 752.68
214.222 63.8036 3.00584 2.6877 98.7555 938.258
222.48 63.8433 2.83549 2.13379 31.5214 1227.97
198.513 61.678 3.04776 2.69927 69.8753 857.115
200.525 61.7105 3.04947 2.68698 81.1822 859.969
201.703 62.1344 3.02795 2.72751 81.435 821.655
203.311 62.2195 3.01635 2.67891 130.57 829.619
205.146 62.1816 3.13196 2.70499 81.5412 860.506
206.12 62.4787 3.01945 2.68787 112.411 846.724
216.652 63.0254 3.03246 2.73292 75.0295 1083.73
218.173 63.0618 3.04964 2.74767 52.2077 1132.49
198.04 60.7515 3.06949 2.72455 43.452 960.265
199.312 60.6947 3.06555 2.70888 59.4598 967.948
201.041 61.0224 3.05824 2.71204 64.7963 939.277
202.562 61.4009 3.02637 2.69938 82.999 910.202
204.176 61.4907 3.02554 2.69624 101.02 919.631
205.609 61.9037 3.13371 2.71836 81.2093 897.617
206.868 61.8823 3.04074 2.74495 85.5947 922.875
212.274 61.7929 3.06032 2.77945 25.4114 1059.89
213.825 62.1067 3.04583 2.72361 57.9754 1074.84
217.004 62.4013 3.04147 2.73277 111.177 1148.32
218.122 62.3579 3.04799 2.76374 68.3538 1189.24
198.315 59.9237 3.07284 2.73317 55.5385 1052.48
199.908 60.1686 3.07745 2.73379 45.6665 1028.31
201.231 60.4742 3.06344 2.73663 57.6734 1001.16
202.813 60.5269 3.03728 2.73038 88.0548 1008.42
204.11 60.6801 3.13156 2.7107 121.532 1006.37
205.516 60.8132 3.04299 2.74354 91.7104 1011.87
207.791 61.2001 3.0462 2.75502 91.3792 1011.69
215.402 61.6061 3.04599 2.72401 42.3019 1168.04
224.22 61.4862 3.16935 2.85953 17.6616 1474.88
198.736 59.2533 3.08573 2.75261 54.2134 1127.44
200.175 59.1767 3.09453 2.75694 55.8963 1139.57
201.907 59.5938 3.07124 2.73972 37.6342 1103.23
202.905 59.7733 3.05532 2.76032 70.5101 1091.98
204.792 59.8542 3.14542 2.72649 99.8608 1104.66
205.68 60.1952 3.05578 2.74606 98.5873 1080.5
207.376 60.0815 3.07142 2.77343 44.7541 1120.69
210.276 60.4814 3.11956 2.71746 43.1866 1138.71
219.809 60.7718 3.05996 2.78616 58.264 1383.14
221.424 60.3024 3.07474 2.79654 58.6534 1478.47
202.009 59.0314 3.08369 2.78894 40.8619 1166.1
203.561 59.1953 3.05973 2.74458 112.865 1161.91
204.771 59.3922 3.1559 2.76838 77.4205 1154.48
206.768 59.6524 3.15382 2.77373 84.5346 1155.72
212.597 59.9979 3.15057 2.64575 23.0829 1243.23
222.262 59.6304 3.08584 2.82498 66.0619 1566.43
223.04 60.1218 3.16748 2.8229 42.5989 1549.22
226.285 59.5898 3.11084 2.81724 27.5552 1708.94
212.566 65.1171 2.97338 2.6354 76.321 777.506
203.344 58.6774 3.06133 2.68541 55.4387 1216.54
204.113 58.2637 3.08057 2.78798 108.491 1269.8
204.991 58.6484 3.15438 2.75749 63.4298 1238.08
207.606 58.6097 3.15392 2.76694 63.4089 1280.8
227.731 58.9601 3.11661 2.81683 24.1268 1815.2
202.426 57.5673 3.08529 2.77309 55.9249 1330.96
205.548 57.5665 3.08727 2.78381 40.2882 1362.82
224.26 58.4133 3.11059 2.8463 75.0172 1743.5
225.482 58.2747 3.12644 2.85347 21.129 1797.51
197.939 55.703 3.06718 2.6765 23.8837 1522.6
223.768 57.9616 3.11102 2.87084 44.7062 1768.58
210.428 68.6408 2.64324 2.09457 48.2039 494.98
209.931 62.7622 2.39478 2.12055 25.4211 904.666
211.063 63.7323 2.99909 2.67175 96.5241 845.87
211.14 63.4057 3.01714 2.70969 61.5182 877.602
210.84 64.6544 2.97701 2.64363 39.0387 758.729
210.867 64.709 2.97135 2.62243 52.1163 754.962
210.853 64.7716 2.97558 2.63621 22.5282 749.277
210.847 64.8338 2.96835 2.61975 45.5178 743.884
210.44 64.87 2.98515 2.67448 55.0874 728.087
210.174 64.8537 2.98622 2.66784 76.3128 721.218
210.069 64.7653 2.98474 2.65548 78.3118 725.526
210.917 64.5498 3.00276 2.76415 30.9775 769.975
210.782 64.5716 2.98977 2.65599 33.1102 763.95
210.554 64.5756 2.98383 2.65003 55.5147 756.601
210.901 64.613 2.98531 2.66302 46.4313 764.11
211.172 64.6917 2.97406 2.64523 68.2525 765.999
217.507 60.403 3.05438 2.75171 17.7477 1343.02
218.338 61.0595 3.05314 2.76711 66.2661 1309.53
216.296 60.3923 3.06258 2.76828 21.4259 1307.34
216.679 60.2805 3.12338 2.74168 18.6374 1329.25
218.244 60.7315 3.06633 2.79269 86.5466 1336.05
216.749 60.4427 3.13345 2.75303 41.3147 1316.2
217.639 60.9231 3.06266 2.78764 76.0643 1299.54
218.995 60.8241 3.05726 2.77923 90.4536 1351.84
216.976 61.3836 3.04762 2.75627 76.7436 1237.03
218.049 60.1785 3.09167 3.09718 15.0864 1380.53
216.031 60.2361 3.05192 2.74481 26.1809 1314.21
217.533 61.187 3.05427 2.76582 97.6313 1272.34
218.652 60.2994 3.07212 2.80237 33.1171 1388.3
219.217 60.1294 3.06386 2.7789 42.7128 1421.77
218.856 60.4399 3.07206 2.80497 63.2711 1381.97
216.546 61.2275 3.06152 2.79423 66.9062 1237.69
