# evlo=211.513199 evla=68.074799
217.654 61.036 3.29016 2.95376 123.19 837.19
218.338 61.0595 3.1718 2.96013 62.212 846.581
220.363 59.9534 3.16946 2.90315 172.519 1001.2
225.144 58.5792 3.21709 2.98447 37.8957 1253.48
215.395 60.9677 3.15912 2.93025 24.4259 813.563
209.013 64.0997 3.14927 2.88456 150.605 457.377
209.259 59.7417 3.15233 2.91798 68.4517 935.344
210.701 64.1732 3.09587 2.7643 172.506 436.599
208.846 60.7683 3.0593 2.60891 61.2323 824.436
207.916 63.4188 3.16048 2.92608 80.3994 544.515
212.195 64.6453 3.12213 2.85099 232.229 383.64
204.378 55.8218 3.154 2.87925 22.4721 1413.69
200.411 54.831 3.09949 2.69429 41.0233 1584.42
207.685 63.8827 3.1667 2.9304 97.9381 498.544
209.796 67.2269 3.117 3.09271 205.872 119.388
218.66 60.9649 3.17045 2.94707 66.58 862.43
209.738 62.4058 3.12483 2.84788 138.436 637.43
212.624 63.0753 3.13282 2.86947 193.853 559.778
214.225 61.1292 3.15877 2.88801 122.111 784.955
215.93 63.6482 3.18134 2.90139 112.647 532.87
213.401 60.7277 3.16893 2.92052 102.512 824.022
215.271 60.5805 3.14525 2.86788 60.2789 854.615
218.244 60.7315 3.1656 2.95648 49.7825 879.446
213.052 64.4091 3.13779 2.891 180.231 414.547
217.659 60.6024 3.30008 2.94581 55.9648 883.398
218.995 60.824 3.27929 2.92084 86.9147 883.501
216.976 61.3836 3.16119 2.95603 80.625 789.369
211.063 63.7318 3.11165 2.78652 143.337 484.701
218.049 60.1785 3.2725 2.92413 44.4844 934.845
217.533 61.1871 3.2864 2.94021 90.0112 819.164
218.652 60.2994 3.1628 2.93574 38.9501 932.228
211.14 63.4056 3.12396 2.83329 103.049 520.91
219.217 60.1294 3.15428 2.96051 54.3703 960.374
216.221 60.072 3.13109 2.84574 17.1165 920.589
218.856 60.4399 3.27872 2.99091 58.3427 921.09
212.138 64.8736 3.12207 2.84639 258.916 358.06
198.929 70.2043 2.70425 1.94053 63.1732 552.489
203.383 71.3221 2.79054 2.19827 65.186 479.251
205.026 71.0033 2.76392 2.15269 44.5823 412.868
194.656 68.2746 2.97858 2.65468 28.1965 697.832
196.822 68.4753 2.949 2.58046 32.0115 607.277
200.413 69.1049 2.90258 2.511 23.1349 466.049
209.387 69.836 2.77564 2.2087 345.129 214.119
211.299 69.72 2.92134 2.45179 187.515 183.72
215.088 69.9175 3.06932 2.84503 251.574 250.34
216.289 69.626 3.09319 2.94909 148.112 258.606
235.93 69.3475 3.08628 2.82546 57.6937 992.991
201.885 68.4946 3.05004 2.79922 57.0955 400.046
203.387 68.7132 2.98503 2.59738 73.1499 341.306
207.318 68.8799 2.83632 2.55512 63.9213 193.829
209.319 68.9656 2.78598 2.28032 375.126 133.838
211.177 69.1532 2.93722 2.57658 285.582 121.066
213.625 69.322 3.06203 2.80127 313.58 163.348
219.035 69.243 3.03775 2.83519 75.2201 331.96
198.174 67.082 3.10376 2.90091 37.6499 577.495
202.768 67.4572 3.07195 2.82543 70.8339 375.443
203.811 68.2575 3.0861 2.82752 85.2064 320.225
206.028 68.4414 3.04041 2.70374 87.2175 230.421
208.187 68.1343 3.01076 2.72676 159.478 138.629
214.432 68.1207 2.99907 2.96563 104.464 121.65
220.465 68.6043 3.08694 2.98499 65.5526 373.241
222.103 68.3889 3.08135 2.91268 73.1715 439.301
223.281 66.3701 3.10107 2.85453 82.4137 541.954
193.671 65.4742 3.05063 2.61077 19.048 833.691
198.75 66.442 3.10689 2.71021 22.7851 578.903
200.349 66.6001 3.10439 2.70702 17.8082 506.781
202.227 66.8332 3.14622 2.9378 29.3736 420.432
206.517 67.2221 3.19737 2.9531 56.8173 232.373
207.821 67.5076 3.13729 2.8909 84.8786 168.125
214.357 67.5933 3.03483 2.74973 126.102 131.255
215.855 67.6946 3.02678 2.68579 156.256 187.283
220.128 67.6136 3.09193 2.77432 61.4664 366.038
224.214 67.6106 3.1174 2.88445 41.6726 536.296
226.258 67.441 3.13397 2.97167 67.5519 625.561
197.645 65.3936 3.05366 2.9555 22.7136 678.704
206.494 66.5156 3.16049 2.97505 164.649 277.368
208.493 66.9214 3.13223 3.02251 219.245 182.177
209.976 66.7108 3.13334 2.93215 340.522 165.797
212.525 66.7004 3.15389 2.97431 470.405 159.307
213.899 66.7653 3.07479 2.89649 329.47 178.259
216.215 66.9498 3.5002 3.01327 159.938 236.666
221.978 66.9116 3.08821 2.84666 51.5045 464.988
223.778 66.9808 3.08135 2.79312 87.885 536.444
225.729 66.9227 3.08491 2.79235 43.4907 619.33
200.087 64.937 3.35713 2.98453 44.0442 615.782
203.551 65.5276 3.19476 3.00144 82.9147 450.319
205.119 65.4924 3.17919 2.96811 123.775 402.256
207.195 65.6571 3.14686 2.91697 258.476 329.332
208.623 65.8937 3.15776 2.96657 249.179 273.946
210.457 65.8251 3.1662 2.96826 134.15 255.092
212.122 65.8371 3.09851 2.83415 365.015 250.961
214.18 66.267 3.0717 2.82166 149.431 232.317
214.181 66.267 3.07302 2.81401 147.097 232.339
218.473 66.2305 3.09987 2.82067 91.0283 364.821
225.657 65.8052 3.1355 2.90545 24.8209 666.387
214.843 62.3987 3.16428 2.94849 68.9065 651.498
213.052 64.4091 3.13779 2.891 180.231 414.547
205.522 64.7962 3.16977 2.92674 90.9504 452.534
208.018 65.18 3.19044 2.99534 255.169 357.883
210.64 65.1479 3.13966 2.93077 170.486 328.675
216.846 65.3064 3.10697 2.82775 259.84 388.05
218.385 65.6035 3.08799 2.75677 53.5914 408.225
220.064 65.4483 3.11559 2.85916 83.0888 476.457
221.694 65.3609 3.12505 2.89633 115.822 540.64
196.446 62.7492 3.17607 2.89355 29.2805 913.586
199.398 63.2842 3.19702 2.91354 52.4233 769.267
200.922 63.3965 3.18462 2.91245 70.2964 711.012
203.285 63.465 3.19279 2.93321 94.698 636.321
204.379 63.994 3.167 2.87511 110.848 557.575
205.853 64.1767 3.17085 2.93167 152.777 503.863
214.63 64.613 3.16744 2.87013 121.811 410.382
216.436 64.5012 3.1315 2.85952 274.434 455.367
221.784 64.453 3.12195 2.91072 86.0867 611.94
221.784 64.4525 3.11496 2.91589 41.2124 611.96
223.67 64.5753 3.15255 2.96283 51.912 668.402
195.344 61.9331 3.17787 2.87711 41.8271 1019.38
198.469 62.2938 3.19886 2.93424 66.4137 884.772
201.699 62.7161 3.20113 2.91783 30.6622 749.881
205.93 63.3569 3.18258 2.92757 139.895 584.646
214.222 63.8036 3.16382 2.8635 109.905 491.841
217.924 64.0292 3.14141 2.88567 296.224 535.959
222.48 63.8433 3.12948 2.8721 90.548 684.78
197.317 61.3416 3.20178 2.91992 64.8868 1006.14
198.513 61.678 3.19025 2.90148 71.8922 938.682
201.703 62.1344 3.20775 2.97201 67.3724 804.931
203.311 62.2195 3.17162 2.9208 123.401 756.383
205.146 62.1816 3.17081 2.9104 111.129 720.998
206.12 62.4787 3.17675 2.91746 137.606 672.233
216.652 63.0254 3.18103 2.91206 104.042 610.54
218.173 63.0618 3.15458 2.89848 341.798 637.132
193.799 60.3849 3.17467 2.89063 25.3621 1205.74
198.04 60.7515 3.18162 2.85401 63.8762 1038.63
201.041 61.0224 3.19697 2.93409 64.1104 930.283
202.562 61.4009 3.16585 2.8926 177.872 855.657
204.176 61.4907 3.17676 2.89679 58.6012 811.49
205.609 61.9037 3.18109 2.90165 69.6715 741.532
206.868 61.8823 3.16529 2.91711 161.565 723.912
209.88 61.7531 3.13697 2.85205 136.807 708.975
212.274 61.7929 3.17437 2.93598 141.382 701.284
213.825 62.1067 3.1512 2.87829 118.415 674.102
218.122 62.3579 3.17061 2.90913 190.796 707.558
221.538 62.4435 3.19148 2.9638 118.632 781.286
223.206 62.5763 3.16352 3.06703 58.3523 817.598
225.609 62.2024 3.15652 2.88651 63.5721 926.706
199.908 60.1686 3.20128 2.92981 50.3083 1043.37
201.231 60.4742 3.18207 2.9175 184.182 980.064
202.813 60.5269 3.16709 2.90231 51.3352 938.89
204.11 60.6801 3.19284 2.89591 59.647 897.025
205.516 60.8132 3.1715 2.94306 92.93 858.555
207.791 61.2001 3.16396 2.90947 45.3106 786.473
222.911 61.4593 3.19149 2.94768 102.987 912.493
224.22 61.4862 3.18519 3.02339 60.2152 947.513
226.918 61.1512 3.16551 2.91931 48.6361 1061.69
198.736 59.2533 3.20819 2.92774 39.3872 1164.24
200.175 59.1767 3.18831 2.93369 65.1337 1136.06
201.907 59.5938 3.16622 2.88281 114.883 1054.26
202.905 59.7733 3.20119 2.922 85.3876 1015.01
204.792 59.8542 3.186 2.92899 108.966 972.414
205.68 60.1952 3.18879 2.93269 98.3086 922.21
210.276 60.4814 3.17258 2.91215 142.2 848.593
219.809 60.7718 3.15983 2.912 181.583 905.213
221.424 60.3024 3.17934 2.96567 191.911 988.637
223.909 60.7704 3.19831 2.89676 87.3809 1006
202.009 59.0314 3.20147 2.94405 40.4515 1110.36
203.561 59.1953 3.17284 2.8392 37.5556 1063.38
204.771 59.3922 3.19391 2.9495 100.449 1022.13
206.768 59.6524 3.18823 2.94447 68.3031 966.738
212.597 59.9979 3.17619 2.93907 59.6731 901.908
222.262 59.6304 3.18774 2.97763 151.672 1076.19
223.04 60.1218 3.18951 2.97103 156.338 1046
226.285 59.5898 3.28205 2.86291 31.0904 1186.62
227.183 60.2114 3.2961 3.03096 38.8737 1155.34
212.566 65.1171 3.11829 2.88109 270.362 333.108
203.344 58.6774 3.20017 2.97157 44.0277 1122.1
204.113 58.2637 3.21298 2.96384 110.494 1153.42
204.991 58.6484 3.21467 3.01451 79.2892 1098.79
206.355 58.9287 3.0859 2.93621 50.3435 1050.47
207.606 58.6097 3.01996 2.5794 38.0012 1072.49
213.66 59.4296 3.07286 2.71478 122.781 969.362
227.731 58.9601 3.27999 2.99412 61.9018 1289.34
202.426 57.5673 3.18587 2.88436 54.8126 1256.34
203.613 57.6397 3.21039 2.95299 82.8312 1228.33
205.548 57.5665 3.10966 2.76531 36.5271 1208.71
224.26 58.4133 3.20537 2.99238 140.946 1247.48
225.482 58.2747 3.21511 2.96934 53.9827 1292.65
229.033 59.3946 3.18339 2.91758 22.4624 1288.95
197.939 55.703 3.14698 2.75837 20.3868 1544.6
200.447 56.2848 3.10962 2.73774 40.8182 1429.72
223.768 57.9616 3.20971 2.98105 90.4395 1281.41
225.424 57.4688 3.22321 3.0004 82.4096 1371.96
227.048 56.8144 3.22296 2.99163 66.9313 1479.97
229.75 56.9811 3.21121 3.02379 53.9583 1539.91
212.138 64.8735 3.1223 2.84651 216.998 358.07
226.879 56.1146 3.23851 3.01714 34.9266 1546.11
228.385 55.3279 3.22878 2.99245 52.9142 1665.2
218.842 64.7774 3.15966 2.90846 121.019 491.575
227.653 56.4191 3.36769 2.99439 65.4619 1535.81
209.931 62.7622 2.38702 2.11509 102.616 596.836
211.063 63.7323 3.11129 2.7862 143.337 484.645
211.14 63.4057 3.12392 2.83326 103.049 520.904
218.547 60.1369 3.48738 3.17945 60.1772 947.578
210.84 64.6544 3.10107 2.81808 127.784 382.597
210.867 64.709 3.09217 2.78657 149.835 376.434
210.853 64.7716 3.10051 2.85228 120.955 369.521
210.847 64.8338 3.09585 2.84558 69.1757 362.629
210.819 64.8857 3.10372 2.88052 103.592 356.968
210.44 64.87 3.12905 2.88235 130.225 360.551
210.174 64.8537 3.12975 2.90996 171.142 364.1
210.069 64.7653 3.13267 2.9236 157.681 374.618
210.917 64.5498 3.10444 2.81258 196.712 393.983
210.782 64.5716 3.10207 2.80214 126.053 392.013
210.554 64.5756 3.08836 2.80668 87.7321 392.55
210.901 64.613 3.10265 2.8236 220.596 387.001
211.172 64.6917 3.11533 2.81984 199.806 377.565
218.338 61.0595 3.17181 2.96013 62.212 846.583
215.271 60.5805 3.14525 2.86788 60.2789 854.615
218.244 60.7315 3.1656 2.95648 49.7825 879.446
217.659 60.602 3.30021 2.94593 55.9648 883.433
218.995 60.8241 3.27926 2.9208 86.9147 883.491
216.976 61.3836 3.16119 2.95603 80.625 789.369
218.049 60.1785 3.2725 2.92413 44.4844 934.845
217.533 61.187 3.28646 2.94026 90.0112 819.178
218.652 60.2994 3.1628 2.93574 38.9501 932.228
219.217 60.1294 3.15428 2.96051 54.3703 960.374
216.221 60.072 3.13109 2.84574 17.1165 920.589
218.856 60.4399 3.27872 2.99091 58.3427 921.09
