# evlo=198.173798 evla=67.082001
194.627 64.5646 3.11343 2.91301 57.6407 324.063
217.908 60.4896 3.18068 2.91473 23.3863 1210.54
217.654 61.036 3.17001 2.90395 36.3272 1157.81
217.507 60.403 3.1677 2.88978 42.5957 1202.13
218.338 61.0595 3.1786 2.89231 60.6642 1182.83
220.363 59.9534 3.1771 2.93866 37.4012 1348.52
225.144 58.5792 3.19939 2.9642 17.4689 1648.46
215.395 60.9677 3.16976 2.86012 43.9279 1077
209.013 64.0997 3.13307 2.81128 52.8277 599.241
209.094 59.7511 3.18337 2.71933 43.695 979.419
209.259 59.7417 3.17489 2.71994 45.8476 984.839
210.701 64.1732 3.14146 2.80679 81.15 660.295
208.846 60.7683 3.0922 2.74861 49.1939 874.724
207.916 63.4188 3.1497 2.83396 99.4378 610.416
204.378 55.8218 3.11715 2.81243 16.615 1296.12
207.685 63.8827 3.14533 2.89156 128.274 565.874
208.763 59.5251 3.20842 2.77642 51.003 992.761
209.796 67.2269 3.15354 2.97743 121.062 503.273
216.907 60.7523 3.1762 2.895 48.6014 1151.3
218.66 60.9649 3.17855 2.92944 41.6994 1202.75
209.738 62.4058 3.13508 2.86513 44.1343 756.198
217.513 60.0823 3.13759 2.81901 46.0341 1228.46
212.624 63.0753 3.14881 2.8693 83.2913 810.392
214.225 61.1292 3.17869 2.88154 43.5155 1020.7
215.93 63.6482 3.18627 2.91599 25.3995 906.426
213.401 60.7277 3.16208 2.91542 58.3911 1024.86
215.271 60.5805 3.16341 2.90009 25.7642 1104.17
216.679 60.2805 3.14655 2.86273 30.9417 1180.95
218.244 60.7315 3.17608 2.91047 53.3072 1204.45
213.052 64.4091 3.16281 2.89017 35.5629 742.158
217.659 60.6024 3.18471 2.91787 30.5984 1191.99
216.749 60.4427 3.15586 2.85223 25.3597 1170.27
217.639 60.9231 3.1751 2.91609 69.5662 1166.01
218.995 60.824 3.17844 2.91097 46.9813 1226.77
216.976 61.3836 3.16632 2.87682 62.8074 1104.73
211.063 63.7318 3.14177 2.83244 99.0664 703.743
218.049 60.1785 3.15913 2.86647 27.1633 1240.93
216.031 60.2361 3.13952 2.84755 18.408 1160.67
217.533 61.1871 3.16773 2.88835 61.6188 1141.48
218.652 60.2994 3.17104 2.89096 25.0575 1254.36
211.14 63.4056 3.1453 2.85035 99.1676 729.508
219.217 60.1294 3.16666 2.90247 45.5096 1289.79
218.856 60.4399 3.18231 2.91675 56.1715 1251.13
216.546 61.2275 3.17038 2.90147 83.9397 1100.03
212.138 64.8736 3.1677 2.89593 48.5609 678.901
198.929 70.2043 2.76492 2.26123 32.3335 349.617
203.383 71.3221 2.8164 2.29366 31.3632 515.66
205.026 71.0033 2.81172 2.35323 22.4612 515.265
198.198 69.3641 2.84328 2.67224 105.3 254.544
202.84 70.0079 2.75571 2.24549 40.328 377.683
206.58 70.34 2.68839 2.11837 30.6851 497.351
194.656 68.2746 2.96839 2.6629 248.507 199.786
196.822 68.4753 3.03586 2.80644 170.798 165.533
198.806 68.6483 3.00741 2.68561 79.9044 176.704
205.217 69.1565 2.84757 2.36872 36.5771 372.998
235.93 69.3475 3.07659 2.81845 38.9897 1558.55
201.885 68.4946 2.95438 2.7143 49.55 222.084
203.387 68.7132 2.94735 2.79892 43.0442 284.537
202.768 67.4572 3.14322 3.02408 113.875 202.513
203.811 68.2575 3.01064 2.74401 36.908 272.573
208.187 68.1343 3.11708 2.90863 71.3093 441.154
210.384 68.0584 3.12002 2.88523 64.9586 530.434
211.513 68.0748 3.10376 2.90091 37.6499 577.495
214.432 68.1207 3.08861 2.87442 55.4015 699.129
218.405 68.1861 3.09235 2.87002 67.7688 864.191
220.465 68.6043 3.0949 2.87228 61.5793 948.282
222.103 68.3889 3.0994 2.86861 69.5096 1015.97
195.352 65.7077 2.96406 2.37664 106.656 198.457
200.349 66.6001 3.09609 2.76958 85.7171 109.56
202.227 66.8332 3.15942 2.83513 134.885 179.244
204.275 67.0486 3.13202 2.85049 130.169 265.335
206.517 67.2221 3.12089 2.89268 121.262 361.72
207.821 67.5076 3.13935 2.97808 87.023 417.977
212.113 67.5187 3.13692 2.95177 83.5229 601.201
214.357 67.5933 3.13475 2.94613 76.9088 696.432
215.855 67.6946 3.11805 2.91136 78.5222 759.358
220.128 67.6136 3.136 2.93035 86.8891 940.841
224.214 67.6106 3.12556 2.97194 21.9239 1112.96
226.258 67.441 3.10404 2.80554 27.981 1202.16
195.961 64.9941 3.04949 2.5538 59.4723 253.467
197.645 65.3936 3.06287 2.58809 136.113 189.768
199.349 65.5011 3.04899 2.54803 155.483 183.999
201.346 65.895 3.11687 2.81522 206.535 193.553
202.913 66.1434 3.15867 2.91333 142.926 234.565
206.494 66.5156 3.15318 2.82058 53.3667 371.05
208.493 66.9214 3.16386 2.89255 47.03 449.917
209.976 66.7108 3.1669 2.88271 56.6852 517.873
212.525 66.7004 3.17182 2.90024 34.6052 628.807
213.899 66.7653 3.16811 2.93649 38.8725 687.133
216.215 66.9498 3.14711 2.89432 35.4442 783.83
218.345 66.8088 3.13555 2.84335 23.009 878.498
221.978 66.9116 3.14665 2.88381 25.8385 1032.3
223.778 66.9808 3.14162 2.89126 26.2164 1107.61
225.729 66.9227 3.14174 2.79445 25.4351 1192.15
197.761 64.6379 3.10237 2.65994 160.71 273.179
200.087 64.937 3.0974 2.77826 142.234 254.436
201.637 65.1527 3.09611 2.77292 91.3048 265.959
203.551 65.5276 3.1385 2.83744 128.96 296.874
207.195 65.6571 3.19824 2.96654 47.658 433.33
208.623 65.8937 3.17822 2.90956 41.7195 483.192
210.457 65.8251 3.16296 2.77106 31.6295 564.398
212.122 65.8371 3.17056 2.8654 71.9558 635.739
214.181 66.267 3.14589 2.86885 20.9555 711.356
218.473 66.2305 3.08368 2.72409 30.0272 898.883
225.657 65.8052 3.15096 2.93294 23.8115 1224.17
214.843 62.3987 3.17311 2.88675 64.7231 945.716
213.052 64.4091 3.16281 2.89017 35.5629 742.158
199.305 63.8864 3.11446 2.7108 120.906 360.125
205.522 64.7962 3.1416 2.88167 125.956 420.046
208.018 65.18 3.1936 2.93697 89.9102 491.947
210.64 65.1479 3.35108 2.89118 50.4805 602.051
218.385 65.6035 3.15541 2.83871 47.671 915.941
220.064 65.4483 3.15205 2.83786 40.4114 994.866
221.694 65.3609 3.15477 2.8776 24.6749 1069.13
223.623 65.2225 3.16122 2.90254 25.291 1158.61
196.446 62.7492 3.11314 2.70755 71.606 489.891
199.398 63.2842 3.13166 2.76266 105.432 427.281
200.922 63.3965 3.10104 2.76135 57.8464 430.439
204.379 63.994 3.12602 2.82346 84.5065 447.704
205.853 64.1767 3.14908 2.81072 99.826 479.06
216.436 64.5012 3.19922 2.98203 40.0212 880.271
198.469 62.2938 3.12763 2.73647 122.428 534.009
201.699 62.7161 3.1076 2.78167 59.9167 514.38
205.93 63.3569 3.13986 2.86804 82.4519 550.755
214.222 63.8036 3.14859 2.87313 26.0022 826.196
197.317 61.3416 3.13004 2.74298 74.6451 641.275
198.513 61.678 3.14054 2.78456 122.607 602.673
200.525 61.7105 3.14294 2.76579 87.9827 609.369
203.311 62.2195 3.10513 2.78001 83.6072 594.65
205.146 62.1816 3.11053 2.79738 117.341 639.189
206.12 62.4787 3.27849 2.83665 82.4373 636.345
216.652 63.0254 3.16385 2.88305 60.7861 975.374
221.871 63.109 3.21843 2.98878 18.1314 1189.62
196.65 60.4135 3.12186 2.74453 43.3855 747.095
198.04 60.7515 3.15352 2.77179 62.3835 705.725
199.312 60.6947 3.14719 2.77471 84.9377 714.184
201.041 61.0224 3.14468 2.85229 63.7079 689.685
202.562 61.4009 3.11577 2.76337 95.388 667.756
204.176 61.4907 3.10203 2.79059 75.3828 687.044
205.609 61.9037 3.1103 2.80753 91.8439 677.946
206.868 61.8823 3.13172 2.8601 67.2032 713.342
209.88 61.7531 3.13203 2.81939 52.5576 816.789
212.274 61.7929 3.17145 2.89154 43.9631 895.765
213.825 62.1067 3.15989 2.86757 51.6113 928.213
217.004 62.4013 3.16326 2.85455 32.6112 1031.67
218.122 62.3579 3.16969 2.87902 84.1026 1080.18
221.538 62.4435 3.28337 2.85216 17.4224 1216.63
225.609 62.2024 3.3508 3.19535 16.114 1405.21
198.315 59.9237 3.1481 2.78305 53.7075 797.957
199.908 60.1686 3.16564 2.7975 34.5217 775.347
201.231 60.4742 3.14956 2.83251 96.9071 751.639
202.813 60.5269 3.12786 2.80289 86.6636 765.13
205.516 60.8132 3.12563 2.83307 60.8921 784.867
207.791 61.2001 3.25066 2.84369 90.1671 803.811
215.402 61.6061 3.15561 2.85973 90.6735 1026.8
198.736 59.2533 3.16147 2.829 57.6586 873.064
200.175 59.1767 3.16865 2.80358 42.7722 886.796
201.907 59.5938 3.15756 2.84161 52.5375 854.983
202.905 59.7733 3.13945 2.81783 74.5559 847.65
204.792 59.8542 3.1258 2.80427 80.4417 869.488
205.68 60.1952 3.25278 2.85664 113.562 851.684
207.376 60.0815 3.26116 2.8518 72.2612 902.223
210.276 60.4814 3.09778 2.78201 37.9595 944.043
221.424 60.3024 3.16862 2.91428 78.1513 1363.51
223.909 60.7704 3.19404 2.94144 19.5191 1430.39
202.009 59.0314 3.16229 2.8914 25.0045 917.628
203.561 59.1953 3.14428 2.85319 63.5964 919.265
204.771 59.3922 3.13973 2.8146 58.389 917.833
206.768 59.6524 3.13619 2.87674 47.297 931.193
212.597 59.9979 3.14471 2.85843 37.7025 1061.77
222.262 59.6304 3.17378 2.92169 64.9997 1449.23
226.285 59.5898 3.2002 2.92465 18.1145 1616.29
227.183 60.2114 3.21859 2.96738 16.7607 1607.73
212.566 65.1171 3.18847 2.90615 39.945 684.985
203.344 58.6774 3.15253 2.88102 55.3585 972.193
204.113 58.2637 3.25747 2.88014 71.9107 1027.77
204.991 58.6484 3.14819 2.83249 70.5099 1000.61
206.355 58.9287 3.25395 2.85099 28.3948 996.897
207.606 58.6097 3.13825 2.83089 85.8934 1056.85
213.66 59.4296 3.06996 2.69239 33.3415 1148.12
227.731 58.9601 3.2027 2.91217 17.8395 1724.38
202.426 57.5673 3.15272 2.83765 46.7866 1082.45
203.613 57.6397 3.24674 2.86536 32.7227 1088.37
205.548 57.5665 3.14546 2.82313 26.9244 1125.44
224.26 58.4133 3.19318 2.93094 36.8767 1626.48
225.482 58.2747 3.20848 2.96937 26.9587 1686.64
197.939 55.703 3.12006 2.68548 15.5194 1268.06
223.768 57.9616 3.17488 2.92544 27.5551 1644.35
229.75 56.9811 3.20408 2.99611 17.8455 1965.65
226.879 56.1146 3.15914 2.94213 20.3123 1923.31
218.842 64.7774 3.20074 2.88726 29.7636 970.385
209.931 62.7622 2.4947 2.0872 58.3909 733.717
211.063 63.7323 3.14171 2.83239 99.0664 703.73
211.14 63.4057 3.14529 2.85034 99.1676 729.507
218.547 60.1369 3.51856 3.3181 25.755 1263.32
210.84 64.6544 3.18245 2.85349 36.7751 636.818
210.867 64.709 3.19171 2.95698 40.478 634.828
210.847 64.8338 3.16595 2.8465 15.7636 627.09
210.819 64.8857 3.16685 2.83879 20.0203 623.103
210.44 64.87 3.19917 2.90498 46.19 608.282
210.174 64.8537 3.19044 2.89441 75.5543 598.226
210.917 64.5498 3.17069 2.85569 45.1727 645.986
210.782 64.5716 3.18118 2.87025 51.9099 639.21
210.901 64.613 3.179 2.86412 50.7495 641.664
211.172 64.6917 3.17401 2.82546 26.5242 648.368
217.908 60.4896 3.18068 2.91473 23.3863 1210.54
217.507 60.403 3.1677 2.88978 42.5957 1202.13
218.338 61.0595 3.17861 2.89232 60.6642 1182.84
215.271 60.5805 3.16341 2.90009 25.7642 1104.17
216.679 60.2805 3.14655 2.86273 30.9417 1180.95
218.244 60.7315 3.17608 2.91047 53.3072 1204.45
217.659 60.602 3.18475 2.9179 30.5984 1192.01
216.749 60.4427 3.15586 2.85223 25.3597 1170.27
217.639 60.9231 3.17508 2.91607 69.5662 1166
218.995 60.8241 3.17842 2.91095 46.9813 1226.76
216.976 61.3836 3.16632 2.87682 62.8074 1104.73
218.049 60.1785 3.15913 2.86647 27.1633 1240.93
216.031 60.2361 3.13952 2.84755 18.408 1160.67
217.533 61.187 3.16777 2.88839 61.6188 1141.5
218.652 60.2994 3.17104 2.89096 25.0575 1254.36
219.217 60.1294 3.16666 2.90247 45.5096 1289.79
218.856 60.4399 3.18231 2.91675 56.1715 1251.13
216.546 61.2275 3.17038 2.90147 83.9397 1100.03
