# evlo=202.227203 evla=66.833199
194.627 64.5646 3.20977 2.97957 27.2684 430.696
217.908 60.4896 3.19189 2.9185 41.386 1044.97
217.654 61.036 3.17933 2.91507 39.0675 990.309
217.507 60.403 3.17442 2.91487 44.6683 1038
218.338 61.0595 3.18447 2.93502 52.9875 1013.72
220.363 59.9534 3.17889 2.98729 32.2554 1179.74
216.3 60.3932 3.16709 2.91157 53.2527 996.967
225.144 58.5792 3.27681 3.00127 19.7167 1475.99
216.716 60.1205 3.11746 2.82368 33.7977 1035.1
215.395 60.9677 3.17955 2.8896 57.7828 916.092
209.013 64.0997 3.16058 2.94353 133.666 437.526
209.094 59.7511 3.09277 2.75841 65.6373 860.095
209.259 59.7417 3.0756 2.65564 47.3403 864.359
210.701 64.1732 3.15026 2.8299 109.726 491.059
208.846 60.7683 3.10968 2.7752 58.8934 749.696
207.916 63.4188 3.15876 2.88618 133.055 464.644
212.195 64.6453 3.18808 2.87826 57.2714 517.395
204.378 55.8218 3.14495 2.82571 31.4563 1232.24
200.411 54.831 3.14017 2.68374 27.8302 1340.84
207.685 63.8827 3.1717 2.84717 110.067 415.318
208.763 59.5251 3.12146 2.78714 71.5065 877.45
209.796 67.2269 3.18731 3.08102 124.067 332.449
216.907 60.7523 3.1926 2.91738 68.1423 987.056
218.66 60.9649 3.18478 2.96705 43.8994 1033.39
209.738 62.4058 3.14519 2.86672 132.25 609.66
217.513 60.0823 3.14813 2.84647 68.5236 1065.85
212.624 63.0753 3.15782 2.87476 84.1914 644.294
214.225 61.1292 3.1986 2.9683 72.6221 862.875
215.93 63.6482 3.19012 2.91076 36.8474 730.278
214.25 60.5487 3.17065 2.966 53.4448 915.852
213.401 60.7277 3.18565 2.94831 65.8544 873.076
215.271 60.5805 3.17017 2.94057 28.3986 945.945
216.679 60.2805 3.15374 2.86936 43.1368 1019.78
218.244 60.7315 3.18642 2.93226 72.5354 1036.98
213.052 64.4091 3.18134 2.89016 59.3216 566.246
217.659 60.6024 3.19197 2.92592 48.0779 1026.52
216.749 60.4427 3.1678 2.87903 35.4291 1008.06
217.639 60.9231 3.18247 2.91464 79.524 999.064
218.995 60.824 3.1808 2.93516 25.1327 1057.31
216.976 61.3836 3.17366 2.89584 59.2433 937.135
211.063 63.7318 3.15154 2.8593 108.33 537.355
218.049 60.1785 3.16829 2.90173 38.2558 1076.43
217.533 61.1871 3.17679 2.90211 69.6602 973.544
218.652 60.2994 3.1807 2.90027 47.3336 1087.85
211.14 63.4056 3.15365 2.9094 116.552 565.845
219.217 60.1294 3.17604 2.91785 54.1874 1122.72
218.856 60.4399 3.18662 2.94692 69.5511 1083.56
216.546 61.2275 3.18011 2.91553 90.8666 934.307
212.138 64.8736 3.17823 2.95081 62.185 501.842
198.929 70.2043 2.81886 2.33038 70.9107 399.332
203.383 71.3221 2.81776 2.28986 99.4722 502.826
205.026 71.0033 2.77395 2.18654 141.356 478.424
198.198 69.3641 2.84759 2.47553 143.141 328.23
202.84 70.0079 2.76493 2.23647 87.4247 354.998
205.387 69.6211 2.83234 2.1861 62.703 337.267
206.58 70.34 2.78664 2.09336 26.8037 429.274
194.656 68.2746 3.01237 2.67877 109.974 360.212
196.822 68.4753 3.01616 2.75713 205.153 293.374
198.806 68.6483 3.00414 2.72244 191.134 248.757
200.413 69.1049 2.92529 2.59474 190.37 264.496
209.387 69.836 2.84619 2.25551 43.7505 445.847
211.299 69.72 2.8941 2.36359 33.1155 493.315
235.93 69.3475 3.12451 2.877 39.163 1412.48
196.917 67.6988 3.08041 2.79617 94.0815 248.509
201.885 68.4946 3.02397 2.79975 224.92 185.865
203.387 68.7132 2.97881 2.61829 174.949 215.314
207.318 68.8799 3.03876 2.61069 65.3055 312.858
219.035 69.243 3.09412 2.84793 25.3933 748.531
221.263 69.3286 3.08735 2.88324 18.0116 836.628
198.174 67.082 3.15942 2.83513 134.885 179.244
199.397 67.4213 3.06538 2.80322 186.788 139.195
203.811 68.2575 3.04088 2.74561 136.038 172.606
206.028 68.4414 3.0951 2.80763 45.311 241.231
208.187 68.1343 3.10708 2.86773 49.3601 293.035
210.384 68.0584 3.21613 3.27766 48.2773 374.69
211.513 68.0748 3.14622 2.9378 29.3736 420.432
214.432 68.1207 3.15677 2.96698 73.8404 540.309
218.405 68.1861 3.13845 2.93112 63.8517 704.95
220.465 68.6043 3.08742 2.7716 28.2575 793.592
222.103 68.3889 3.14106 2.94649 63.8285 858.776
223.281 66.3701 3.18345 2.9177 29.7864 930.329
193.671 65.4742 3.17572 2.78759 62.7717 414.398
195.352 65.7077 3.17325 2.81876 60.2084 333.176
198.75 66.442 3.14024 2.67254 144.128 159.977
206.517 67.2221 3.17653 3.0517 144.963 191.832
207.821 67.5076 3.1633 2.95321 98.4382 253.595
212.113 67.5187 3.17902 3.03724 116.893 434.378
214.357 67.5933 3.15993 2.9772 94.6774 530.378
215.855 67.6946 3.14534 2.96387 120.967 594.506
220.128 67.6136 3.15813 2.96965 92.6819 775.786
224.214 67.6106 3.14389 2.85767 57.6952 949.177
226.258 67.441 3.14134 2.85468 34.2405 1037.95
195.961 64.9941 3.24319 3.03909 24.5355 351.228
197.645 65.3936 3.22381 2.78307 21.7885 261.936
199.349 65.5011 3.20954 3.08081 68.7053 197.255
201.346 65.895 3.19813 3.0412 138.224 111.806
206.494 66.5156 3.21969 2.99559 121.035 191.869
208.493 66.9214 3.19286 3.00638 94.7329 274.737
209.976 66.7108 3.19147 2.8778 87.2051 341.221
212.525 66.7004 3.19089 2.93915 85.8915 453.195
213.899 66.7653 3.19083 2.92029 60.5555 512.61
216.215 66.9498 3.17757 2.88088 48.0217 611.721
221.978 66.9116 3.11958 2.68529 35.1691 862.443
223.778 66.9808 3.11755 2.69243 51.7664 939.08
225.729 66.9227 3.13155 2.72837 43.9465 1024.22
200.087 64.937 3.18929 2.90759 160.906 232.842
201.637 65.1527 3.1682 2.91617 173.608 189.295
203.551 65.5276 3.18696 2.8703 202.432 157.33
205.119 65.4924 3.19319 2.94936 204.456 198.397
207.195 65.6571 3.21447 2.97204 137.088 258.94
208.623 65.8937 3.22565 2.90803 93.7847 304.65
210.457 65.8251 3.21348 2.91567 105.076 385.261
212.122 65.8371 3.18876 2.94738 141.979 456.527
214.181 66.267 3.15345 2.88578 31.485 533.955
218.473 66.2305 3.10106 2.73438 51.1476 723.301
225.657 65.8052 3.16122 2.98981 20.735 1050.42
214.843 62.3987 3.18267 2.9248 53.5498 777.859
213.052 64.4091 3.18134 2.89016 59.3216 566.246
199.305 63.8864 3.18026 2.86388 113.178 355.504
205.522 64.7962 3.18145 2.8386 192.285 272.486
208.018 65.18 3.21773 3.01209 126.981 320.855
210.64 65.1479 3.20827 2.91491 78.5443 425.362
216.846 65.3064 3.20575 2.92972 18.7978 681.726
218.385 65.6035 3.17282 2.88801 62.5051 737.953
220.064 65.4483 3.15703 2.84312 48.0306 817.115
223.623 65.2225 3.17135 2.89191 57.4486 981.765
196.446 62.7492 3.19522 2.92978 59.1585 531.363
199.398 63.2842 3.17057 2.8735 128.142 417.397
200.922 63.3965 3.15399 2.84824 99.9305 388.021
203.285 63.465 3.17796 2.8847 121.934 378.784
204.379 63.994 3.16692 2.85507 182.038 331.914
205.853 64.1767 3.16954 2.89555 180.701 340.316
214.63 64.613 3.21185 2.92772 50.4767 619.397
216.436 64.5012 3.35317 2.96795 88.7704 701.439
195.344 61.9331 3.19046 2.90001 34.0932 638.512
198.469 62.2938 3.19299 2.88593 123.941 536.959
201.699 62.7161 3.16851 2.86355 129.399 459.695
205.93 63.3569 3.16172 2.91638 127.777 424.703
214.222 63.8036 3.17022 2.87096 41.058 651.649
217.924 64.0292 3.2114 2.97652 83.648 790.047
222.48 63.8433 3.23112 2.91963 26.8264 995.144
197.317 61.3416 3.18476 2.88236 110.49 656.898
198.513 61.678 3.19444 2.86642 73.5276 601.997
200.525 61.7105 3.18035 2.85521 94.7265 576.953
201.703 62.1344 3.17975 2.87241 102.363 524.445
203.311 62.2195 3.16864 2.89088 116.435 516.965
205.146 62.1816 3.15876 2.87133 108.909 537.057
206.12 62.4787 3.1572 2.87656 132.86 519.646
216.652 63.0254 3.17493 2.87381 63.456 800.775
218.173 63.0618 3.22441 2.97896 40.9514 859.566
221.871 63.109 3.22749 3.00275 44.1189 1010.78
193.799 60.3849 3.10993 2.72176 17.9989 829.963
196.65 60.4135 3.17898 2.83695 68.1394 766.473
198.04 60.7515 3.19993 2.8853 64.9297 708.284
199.312 60.6947 3.18789 2.88343 80.8478 699.046
201.041 61.0224 3.17701 2.87755 116.377 650.342
202.562 61.4009 3.16296 2.91086 112.149 605.803
204.176 61.4907 3.14824 2.86028 76.0866 603
205.609 61.9037 3.15073 2.84618 96.8237 573.087
206.868 61.8823 3.34147 2.90705 98.4091 595.343
209.88 61.7531 3.14571 2.83459 154.442 675.719
212.274 61.7929 3.18271 2.92705 64.2729 741.213
213.825 62.1067 3.17662 2.89165 57.0795 765.246
217.004 62.4013 3.1754 2.87454 48.1058 859.199
218.122 62.3579 3.17578 2.88082 75.8593 906.131
221.538 62.4435 3.21068 2.94018 35.3134 1038.94
223.206 62.5763 3.23791 2.98134 30.314 1100.33
225.609 62.2024 3.24728 3.03295 27.2675 1226.19
198.315 59.9237 3.19152 2.85062 107.496 794.264
199.908 60.1686 3.18127 2.90931 37.5865 751.689
201.231 60.4742 3.18706 2.89507 108.305 710.538
202.813 60.5269 3.16678 2.88032 130.442 703.564
204.11 60.6801 3.15868 2.86385 103.688 692.092
205.516 60.8132 3.16291 2.88822 80.3661 690.1
207.791 61.2001 3.15737 2.88811 143.844 683.745
215.402 61.6061 3.16897 2.88169 108.779 862.118
222.911 61.4593 3.20473 2.93653 35.8476 1163.4
224.22 61.4862 3.31043 2.98438 47.9215 1215.52
226.918 61.1512 3.23911 3.0093 19.95 1351.79
198.736 59.2533 3.19869 2.90318 74.6636 862.796
200.175 59.1767 3.20582 2.91335 76.2942 859.589
201.907 59.5938 3.17423 2.90894 78.3421 807.092
202.905 59.7733 3.17439 2.92999 61.9603 787.659
204.792 59.8542 3.18247 2.91091 100.854 788.286
205.68 60.1952 3.17016 2.88404 115.341 759.341
207.376 60.0815 3.18119 2.88315 57.7701 794.561
210.276 60.4814 3.12489 2.82664 113.554 811.1
219.809 60.7718 3.18189 3.03864 22.8984 1092.29
221.424 60.3024 3.17548 2.92167 93.5846 1191.66
223.909 60.7704 3.20609 2.95029 30.3687 1254.28
202.009 59.0314 3.17865 2.88374 62.0393 869.654
203.561 59.1953 3.17565 2.90661 99.933 853.952
204.771 59.3922 3.19232 2.91878 89.8626 839.095
206.768 59.6524 3.30779 2.91 130.237 831.758
212.597 59.9979 3.16165 2.9229 33.1115 918.747
222.262 59.6304 3.18379 2.94177 90.3985 1278.16
223.04 60.1218 3.26735 2.80948 16.6691 1269.02
226.285 59.5898 3.15065 2.96265 22.3632 1440.39
212.566 65.1171 3.18721 2.90494 92.2083 506.623
203.344 58.6774 3.29809 2.91539 68.0182 910.772
204.113 58.2637 3.19206 2.91392 121.414 959.906
204.991 58.6484 3.19404 2.92461 37.6001 922.9
206.355 58.9287 3.29358 2.90495 44.6953 905.226
207.606 58.6097 3.17029 2.86607 80.3356 956.107
227.731 58.9601 3.22125 2.99644 37.9968 1548.33
202.426 57.5673 3.15921 2.85004 88.9026 1032.71
203.613 57.6397 3.27977 2.8884 60.3146 1027.06
205.548 57.5665 3.1968 2.92237 27.2944 1046.74
224.26 58.4133 3.2051 2.94576 75.4602 1455.72
225.482 58.2747 3.21852 3.00675 33.1086 1514.44
223.768 57.9616 3.18922 2.95845 44.8009 1475.64
225.424 57.4688 3.22135 2.96854 17.8712 1580.58
228.869 57.9128 3.21894 3.00332 26.529 1678.48
212.138 64.8735 3.18192 2.95165 33.0874 501.84
226.879 56.1146 3.16865 2.94984 33.7432 1754.03
227.653 56.4191 3.22332 2.96646 17.4929 1756.77
209.931 62.7622 2.29199 1.96579 65.7534 582.319
211.063 63.7323 3.15143 2.8592 108.33 537.336
211.14 63.4057 3.15364 2.90939 116.552 565.843
218.547 60.1369 3.5597 3.41278 28.4277 1097.77
210.84 64.6544 3.18832 2.89551 67.0683 463.151
210.867 64.709 3.19075 2.90735 76.4976 460.694
210.853 64.7716 3.18948 2.89802 67.8289 456.205
210.847 64.8338 3.1844 2.91256 76.6969 452.099
210.819 64.8857 3.18505 2.92254 74.2764 447.806
210.44 64.87 3.21218 2.96016 89.1705 433.799
210.174 64.8537 3.21279 2.93641 97.5085 424.43
210.069 64.7653 3.20041 2.92437 110.246 426.102
210.917 64.5498 3.18295 2.88272 78.5863 472.959
210.782 64.5716 3.18843 2.88433 83.1223 466.321
210.554 64.5756 3.18536 2.87822 83.4176 457.314
210.901 64.613 3.1868 2.89666 82.4949 468.184
211.172 64.6917 3.18375 2.87484 75.1635 473.768
217.908 60.4896 3.19189 2.9185 41.386 1044.97
217.507 60.403 3.17442 2.91487 44.6683 1038
218.338 61.0595 3.18448 2.93503 52.9875 1013.73
216.296 60.3923 3.16698 2.91146 53.2527 996.93
216.716 60.1205 3.11746 2.82368 33.7977 1035.1
215.271 60.5805 3.17017 2.94057 28.3986 945.945
216.679 60.2805 3.15374 2.86936 43.1368 1019.78
218.244 60.7315 3.18642 2.93226 72.5354 1036.98
217.659 60.602 3.19202 2.92597 48.0779 1026.53
216.749 60.4427 3.1678 2.87903 35.4291 1008.06
217.639 60.9231 3.18245 2.91462 79.524 999.056
218.995 60.8241 3.18077 2.93514 25.1327 1057.31
216.976 61.3836 3.17366 2.89584 59.2433 937.135
218.049 60.1785 3.16829 2.90173 38.2558 1076.43
217.533 61.187 3.17684 2.90216 69.6602 973.559
218.652 60.2994 3.1807 2.90027 47.3336 1087.85
219.217 60.1294 3.17604 2.91785 54.1874 1122.72
218.856 60.4399 3.18662 2.94692 69.5511 1083.56
216.546 61.2275 3.18011 2.91553 90.8666 934.307
