# evlo=200.087402 evla=64.936996
194.627 64.5646 3.19128 2.95348 74.1248 263.212
217.908 60.4896 3.18877 2.93694 56.6748 1032.89
217.654 61.036 3.18633 2.89854 53.2343 986.6
217.507 60.403 3.17279 2.92058 43.5579 1020.92
218.338 61.0595 3.1808 2.92197 49.1514 1016.03
220.363 59.9534 3.18164 2.9461 48.8903 1177.8
216.3 60.3932 3.1596 2.90364 56.4652 968.941
215.395 60.9677 3.18888 2.92262 103.387 890.791
209.013 64.0997 3.13953 2.84946 91.8609 438.27
209.094 59.7511 3.09812 2.72334 49.2074 741.369
209.259 59.7417 3.09554 2.62057 29.9085 747.567
210.701 64.1732 3.12728 2.80764 87.2031 515.444
208.846 60.7683 3.08056 2.72862 64.0222 643.013
207.916 63.4188 3.12812 2.86914 129.389 416.185
212.195 64.6453 3.13285 2.76894 54.7366 575.657
204.378 55.8218 3.27998 2.56321 22.2925 1042.2
200.411 54.831 3.12769 2.73409 29.4512 1126.04
207.685 63.8827 3.13351 2.831 88.7858 384.417
208.763 59.5251 3.12534 2.80881 53.3963 751.803
209.796 67.2269 3.22933 2.85634 70.488 507.424
216.907 60.7523 3.18829 2.94647 81.6995 971.349
218.66 60.9649 3.18654 2.93525 46.9261 1036.38
209.738 62.4058 3.11626 2.83626 140.218 554.001
217.513 60.0823 3.13444 2.84942 28.7005 1043.1
212.624 63.0753 3.16335 2.87275 33.3325 646.186
214.225 61.1292 3.18653 2.92235 52.1903 829.317
215.93 63.6482 3.13477 2.77414 37.6872 778.27
214.25 60.5487 3.13047 2.91069 42.0597 870.686
213.401 60.7277 3.13529 2.92857 66.6513 822.375
209.784 61.1426 3.09613 2.76173 42.2531 646.574
214.766 66.5657 3.15165 2.79755 101.075 695.202
203.121 64.7461 3.09009 2.7796 133.811 145.5
211.074 61.771 3.14304 2.86047 68.445 652.131
216.188 61.4417 3.16832 2.86374 101.989 895.97
212.904 60.8792 3.12993 2.89018 64.5927 790.821
216.679 60.2805 3.1463 2.8712 38.5796 993.158
218.244 60.7315 3.19616 2.90683 47.1617 1032.19
213.052 64.4091 3.12172 2.73181 86.2207 620.753
217.659 60.6024 3.18813 2.93112 64.1908 1014.44
217.639 60.9231 3.1895 2.90315 78.1498 992.992
218.995 60.824 3.19142 2.93477 56.9113 1060.23
216.976 61.3836 3.18064 2.89613 53.83 934.947
211.063 63.7318 3.14657 2.89641 38.9872 546.588
218.049 60.1785 3.16331 2.90004 16.3763 1059.95
217.533 61.1871 3.18254 2.89717 54.8646 971.899
218.652 60.2994 3.18539 2.92164 50.9996 1078.47
211.14 63.4056 3.14101 2.82807 87.026 563.106
219.217 60.1294 3.17526 2.91657 22.3489 1114.9
218.856 60.4399 3.19109 2.94817 54.7881 1078.31
216.546 61.2275 3.17327 2.87329 133.537 925.065
212.138 64.8736 3.14313 2.75043 53.5286 569.705
198.929 70.2043 2.9188 2.49349 87.7346 589.501
203.383 71.3221 2.92238 2.43065 93.7261 724.971
205.026 71.0033 2.88717 2.39661 105.329 706.938
198.198 69.3641 2.9646 2.6281 131.548 500.411
202.84 70.0079 2.89102 2.40995 75.7254 577.526
205.387 69.6211 2.9645 2.50012 60.6957 569.704
194.656 68.2746 3.0179 2.58856 79.0084 442.905
196.822 68.4753 3.087 2.78772 89.94 419.943
198.806 68.6483 3.08562 2.80633 206.865 417.679
200.413 69.1049 3.01829 2.73568 86.3045 465.026
205.217 69.1565 3.01341 2.58141 51.164 520.455
209.387 69.836 2.95849 2.45244 50.6305 675.144
211.299 69.72 3.0119 2.72822 42.7611 717.086
235.93 69.3475 3.17864 2.86912 19.851 1603.24
201.885 68.4946 3.08979 2.80167 141.831 404.543
203.387 68.7132 3.06729 2.727 113.626 445.214
207.318 68.8799 3.09699 2.7459 55.3256 541.078
209.319 68.9656 3.0759 2.74944 61.8098 602.646
211.177 69.1532 3.04601 2.68603 49.5326 672.102
219.035 69.243 3.15194 2.94554 21.035 947.514
221.263 69.3286 3.18271 3.25931 29.3129 1033.59
198.174 67.082 3.0974 2.77826 142.234 254.436
199.397 67.4213 3.14659 2.88332 242.109 278.762
202.768 67.4572 3.168 2.89713 159.648 305.821
203.811 68.2575 3.12251 2.81803 80.5905 405.269
206.028 68.4414 3.15107 2.90903 47.4279 470.29
208.187 68.1343 3.16367 2.89064 57.1773 505.955
210.384 68.0584 3.1935 3.01382 37.8154 574.382
211.513 68.0748 3.35713 2.98453 44.0442 615.782
218.405 68.1861 3.17851 2.91838 29.066 886.073
222.103 68.3889 3.17907 2.91141 28.4839 1039.9
223.281 66.3701 3.1508 2.80737 43.3606 1072.84
193.671 65.4742 3.18233 2.91473 113.146 306.13
195.352 65.7077 3.17034 2.99202 179.634 236.78
198.75 66.442 3.19296 2.86031 224.838 178.707
200.349 66.6001 3.19697 2.95069 161.041 185.828
202.227 66.8332 3.18929 2.90759 160.906 232.842
204.275 67.0486 3.1617 2.82843 63.8323 302.543
206.517 67.2221 3.17889 2.94086 75.356 386.479
207.821 67.5076 3.18585 2.91597 41.7786 450.379
212.113 67.5187 3.22111 2.90716 42.8761 611.552
214.357 67.5933 3.19684 2.89283 54.1515 704.166
215.855 67.6946 3.17763 2.8855 64.4661 768.259
220.128 67.6136 3.16954 2.8682 71.9007 943.391
224.214 67.6106 3.15468 2.8187 22.2515 1115.92
226.258 67.441 3.1492 2.80281 90.41 1202.22
195.961 64.9941 3.17931 2.85271 149.519 194.967
197.645 65.3936 3.163 3.0471 142.684 125.293
201.346 65.895 3.12116 2.83476 130.508 121.757
202.913 66.1434 3.1639 2.82751 97.0452 187.452
206.494 66.5156 3.19693 2.8086 108.359 342.441
208.493 66.9214 3.20724 2.84271 111.232 441.55
209.976 66.7108 3.16878 2.875 72.1571 492.77
212.525 66.7004 3.17205 2.88475 110.704 600.53
213.899 66.7653 3.1636 2.85989 58.636 661.263
216.215 66.9498 3.16322 2.83314 101.754 764.941
218.345 66.8088 3.15525 2.81447 95.5484 855.434
221.978 66.9116 3.16342 2.85173 74.8848 1015.19
223.778 66.9808 3.15602 2.83457 99.4709 1094.09
225.729 66.9227 3.15747 2.83338 57.5942 1179.36
197.761 64.6379 3.16746 2.96024 90.6844 115.529
203.551 65.5276 3.12583 2.78735 133.574 174.804
205.119 65.4924 3.15409 2.84369 133.451 243.404
207.195 65.6571 3.17944 2.90026 133.666 340.957
208.623 65.8937 3.19262 2.90477 109.818 410.135
210.457 65.8251 3.1936 2.88592 60.8486 491.66
212.122 65.8371 3.19576 2.89863 90.4292 567.512
214.181 66.267 3.15914 2.78716 66.4647 665.045
218.473 66.2305 3.14682 2.73033 35.7459 857.318
221.631 66.2191 3.15244 2.82568 41.3022 999.415
225.657 65.8052 3.14998 2.82763 33.6616 1185.14
214.843 62.3987 3.19518 2.92899 25.1761 781.212
213.052 64.4091 3.12172 2.73181 86.2207 620.753
199.305 63.8864 3.15846 2.86626 150.617 123.046
205.522 64.7962 3.11585 2.72362 75.4038 258.041
208.018 65.18 3.18016 2.91231 79.955 374.036
210.64 65.1479 3.1629 2.83707 26.1107 496.995
216.846 65.3064 3.21903 2.90662 40.7577 785.742
218.385 65.6035 3.12791 2.76369 28.3108 854.621
221.694 65.3609 3.23148 2.77812 24.028 1009.73
196.446 62.7492 3.1486 2.82632 83.1639 302.528
199.398 63.2842 3.15503 2.88749 221.668 187.289
200.922 63.3965 3.12063 2.81389 165.476 176.466
203.285 63.465 3.14917 2.93088 166.448 225.897
204.379 63.994 3.09816 2.79691 195.468 231.635
205.853 64.1767 3.13696 2.84517 141.319 289.089
214.63 64.613 3.15548 2.86122 38.8887 691.245
216.436 64.5012 3.16272 2.95063 24.3484 778.689
221.784 64.453 3.15916 2.71297 19.0428 1031.52
223.67 64.5753 3.17164 2.89578 20.6475 1116.84
195.344 61.9331 3.16564 2.86858 69.6355 409.849
198.469 62.2938 3.19041 2.87946 147.925 305.353
201.699 62.7161 3.1385 2.82149 172.047 259.951
205.93 63.3569 3.10759 2.78844 163.204 334.329
214.222 63.8036 3.11631 2.72898 73.6283 692.505
222.48 63.8433 3.04462 2.58236 18.8297 1081.47
197.317 61.3416 3.18353 2.83608 115.651 424.311
198.513 61.678 3.1944 2.87932 108.858 371.715
200.525 61.7105 3.16413 2.79569 175.81 360.313
201.703 62.1344 3.13307 2.8446 124.26 322.547
203.311 62.2195 3.11466 2.80099 104.886 342.54
205.146 62.1816 3.12286 2.85357 98.1167 396.672
206.12 62.4787 3.11052 2.81589 143.464 404.739
216.652 63.0254 3.18021 2.89283 44.5723 835.914
218.173 63.0618 3.14035 2.76723 45.2011 905.896
221.871 63.109 3.17479 2.85672 24.7427 1078.65
193.799 60.3849 3.17826 2.95755 24.3006 600.473
196.65 60.4135 3.17103 2.79915 64.5652 533.854
198.04 60.7515 3.20814 2.90424 49.766 477.964
199.312 60.6947 3.18308 2.85978 134.43 474.482
201.041 61.0224 3.15855 2.77085 138.045 438.982
202.562 61.4009 3.1291 2.79176 142.124 413.324
204.176 61.4907 3.10549 2.77215 105.979 435.523
205.609 61.9037 3.3669 2.84177 63.4726 435.978
206.868 61.8823 3.13513 2.79863 76.5484 479.845
209.88 61.7531 3.1039 2.83203 160.775 604.242
212.274 61.7929 3.15564 2.89614 105.217 701.679
217.004 62.4013 3.18269 2.93459 56.0596 880.755
218.122 62.3579 3.19595 2.77357 56.5895 934.905
221.538 62.4435 3.16333 2.83166 28.8563 1091.1
223.206 62.5763 3.18623 2.8952 39.881 1163.91
225.609 62.2024 3.19279 2.92419 28.5498 1294.41
198.315 59.9237 3.19482 2.87519 121.883 566.139
199.908 60.1686 3.19314 2.8765 102.115 531.537
201.231 60.4742 3.1668 2.83341 122.67 500.819
202.813 60.5269 3.14108 2.82439 140.625 510.801
204.11 60.6801 3.14005 2.82816 111.696 516.688
205.516 60.8132 3.13766 2.83531 65.5954 535.848
207.791 61.2001 3.12414 2.84039 84.9584 569.478
215.402 61.6061 3.16394 2.87226 59.9155 850.868
222.911 61.4593 3.21675 2.88591 21.646 1204.49
224.22 61.4862 3.16294 2.84186 47.961 1264.45
226.918 61.1512 3.1939 2.92719 25.1628 1409.22
198.736 59.2533 3.19596 2.88135 127.793 637.311
200.175 59.1767 3.20679 2.8886 122.852 641.978
201.907 59.5938 3.16191 2.82903 92.9061 602.884
202.905 59.7733 3.15155 2.86697 126.113 593.566
204.792 59.8542 3.32122 2.83633 83.2755 616.129
205.68 60.1952 3.14279 2.86212 108.839 601.154
207.376 60.0815 3.15746 2.92256 47.9142 657.8
210.276 60.4814 3.05258 2.65466 48.6687 718.497
219.809 60.7718 3.27656 2.88404 16.1557 1100.39
221.424 60.3024 3.16408 2.91715 23.9121 1203.14
223.909 60.7704 3.2121 2.93587 28.0725 1289.45
190.452 56.6011 3.13631 2.7632 20.5995 1064.35
202.009 59.0314 3.17522 2.88796 102.999 665.737
203.561 59.1953 3.15911 2.8727 121.218 664.91
204.771 59.3922 3.31762 2.87333 80.6522 663.979
206.768 59.6524 3.15143 2.91188 45.745 682.601
212.597 59.9979 3.11167 2.82026 100.166 845.68
222.262 59.6304 3.07451 2.92464 32.1357 1284.77
223.04 60.1218 3.17808 2.9543 28.7642 1288.42
226.285 59.5898 3.16521 2.86515 26.5403 1471.75
227.183 60.2114 3.18526 2.8643 22.7661 1475.14
203.344 58.6774 3.16931 2.91965 110.722 718.172
204.113 58.2637 3.17605 2.90219 125.28 773.376
204.991 58.6484 3.31076 2.87843 94.5091 746.501
206.355 58.9287 3.32001 2.86621 78.5301 745.291
207.606 58.6097 3.15479 2.8386 97.4775 807.9
213.66 59.4296 3.02649 2.64817 47.9066 932.792
227.731 58.9601 3.30012 2.88287 17.1451 1579.61
202.426 57.5673 3.16255 2.85769 89.0592 830.616
203.613 57.6397 3.17517 2.87881 43.4302 834.515
205.548 57.5665 3.16643 2.86873 44.5621 871.268
224.26 58.4133 3.09858 2.89201 17.4433 1458.9
229.033 59.3946 3.229 2.98623 19.6841 1611.98
200.447 56.2848 3.13608 2.78859 19.4616 964.238
228.869 57.9128 3.20683 2.9618 15.0033 1703.69
229.75 56.9811 3.15953 2.87079 15.7658 1811.18
212.138 64.8735 3.14064 2.75275 25.1285 569.697
210.428 68.6408 3.12229 2.80962 57.0429 613.073
226.879 56.1146 3.23354 2.90958 18.8077 1748.32
227.653 56.4191 3.18999 2.93575 15.1714 1758.9
209.931 62.7622 2.23184 1.92568 66.7432 540.764
211.063 63.7323 3.14661 2.89645 38.9872 546.594
211.14 63.4057 3.14101 2.82807 87.026 563.107
217.908 60.4896 3.18877 2.93694 56.6748 1032.89
217.507 60.403 3.17279 2.92058 43.5579 1020.92
218.338 61.0595 3.18082 2.92198 49.1514 1016.04
216.296 60.3923 3.15933 2.90339 56.4652 968.856
216.679 60.2805 3.1463 2.8712 38.5796 993.158
218.244 60.7315 3.19616 2.90683 47.1617 1032.19
217.659 60.602 3.18814 2.93113 64.1908 1014.44
217.639 60.9231 3.18947 2.90313 78.1498 992.983
218.995 60.8241 3.1914 2.93476 56.9113 1060.22
216.976 61.3836 3.18064 2.89613 53.83 934.947
218.049 60.1785 3.16331 2.90004 16.3763 1059.95
217.533 61.187 3.18259 2.89722 54.8646 971.914
218.652 60.2994 3.18539 2.92164 50.9996 1078.47
219.217 60.1294 3.17526 2.91657 22.3489 1114.9
218.856 60.4399 3.19109 2.94817 54.7881 1078.31
216.546 61.2275 3.17327 2.87329 133.537 925.065
