# evlo=201.636703 evla=65.152702
194.627 64.5646 3.15102 2.83964 116.737 338.659
217.908 60.4896 3.19012 2.92938 47.4508 974.67
217.654 61.036 3.18931 2.91496 31.9778 926.342
217.507 60.403 3.27871 2.89748 39.4217 963.785
218.338 61.0595 3.1846 2.93296 32.5876 954.648
220.363 59.9534 3.18239 2.94727 38.9782 1117.92
216.3 60.3932 3.1615 2.88824 40.8769 914.16
216.716 60.1205 3.11043 2.83485 50.1183 951.63
215.395 60.9677 3.20134 2.94542 70.1649 834.911
209.013 64.0997 3.14288 2.82583 102.659 371.583
209.094 59.7511 3.07334 2.71592 58.8399 713.526
209.259 59.7417 3.06391 2.69955 57.4963 719.011
210.701 64.1732 3.11966 2.87511 83.9812 446.116
208.846 60.7683 3.07485 2.72053 82.3395 609.654
207.916 63.4188 3.13471 2.87561 172.09 360.091
212.195 64.6453 3.14437 2.81282 87.3223 502.549
204.378 55.8218 3.12703 2.8048 52.4429 1050.26
200.411 54.831 3.13229 2.73008 30.1203 1151.93
207.685 63.8827 3.14194 2.84633 147.227 322.953
209.796 67.2269 3.21539 2.94034 52.3213 433.918
216.907 60.7523 3.18946 2.93486 38.6734 913.665
218.66 60.9649 3.18211 2.92303 46.6168 974.944
209.738 62.4058 3.12973 2.84234 168.984 502.741
217.513 60.0823 3.13302 2.83593 34.5844 987.401
212.624 63.0753 3.16322 2.85227 75.0173 582.398
214.225 61.1292 3.19701 2.9156 83.9652 775.064
215.93 63.6482 3.1367 2.76089 52.0241 707.81
214.25 60.5487 3.14694 2.90372 90.538 819.727
196.582 54.8564 3.11138 2.65892 19.9642 1180.35
213.401 60.7277 3.15768 2.91273 82.1177 772.589
209.784 61.1426 3.08567 2.74511 34.5902 606.133
214.766 66.5657 3.15887 2.7982 98.3556 618.478
188.296 63.7758 3.14579 2.79039 77.3356 658.65
211.074 61.771 3.15616 2.87578 112.498 601.965
216.188 61.4417 3.17051 2.8777 116.004 836.117
212.904 60.8792 3.15671 2.896 64.9876 741.479
215.271 60.5805 3.16358 2.88365 52.7631 858.144
216.679 60.2805 3.15223 2.8675 40.9757 938.157
218.244 60.7315 3.1904 2.92319 33.2885 972.373
217.659 60.6024 3.19214 2.92843 66.6485 956.136
216.749 60.4427 3.17416 2.92368 32.7165 929.137
217.639 60.9231 3.1954 2.91405 65.7469 933.27
218.995 60.824 3.18723 2.93823 65.0953 998.901
216.976 61.3836 3.18907 2.88946 47.8764 874.111
211.063 63.7318 3.15497 2.83259 95.5985 480.224
218.049 60.1785 3.15936 2.86295 42.2921 1002.85
216.031 60.2361 3.13404 2.88587 39.7357 914.948
217.533 61.1871 3.18487 2.91381 37.8924 911.134
218.652 60.2994 3.18834 2.93251 37.6806 1019.84
211.14 63.4056 3.13998 2.8288 101.51 499.242
219.217 60.1294 3.17996 2.93489 31.1148 1056.07
216.221 60.072 3.11944 2.79704 28.3812 935.16
218.856 60.4399 3.19561 2.95395 57.3391 1018.78
216.546 61.2275 3.17718 2.88623 106.556 865.691
212.138 64.8736 3.18256 2.76965 46.5305 495.581
198.929 70.2043 2.90068 2.44538 123.533 574.848
203.383 71.3221 2.89935 2.40068 68.7745 691.834
205.026 71.0033 2.87774 2.3393 98.3593 667.41
198.198 69.3641 2.92921 2.58456 100.234 492.371
202.84 70.0079 2.8752 2.34978 55.0522 543.889
205.387 69.6211 2.95795 2.46166 46.0292 523.469
206.58 70.34 2.93138 2.39857 44.8507 614.667
194.656 68.2746 3.03311 2.65507 158.427 464.33
196.822 68.4753 3.08369 2.78439 94.743 426.416
198.806 68.6483 3.05792 2.79604 105.772 408.968
200.413 69.1049 2.99728 2.68386 176.022 443.928
205.217 69.1565 3.02785 2.58964 56.4387 472.518
211.299 69.72 2.98907 2.54586 30.8588 654.808
215.088 69.9175 3.2796 3.37627 17.6371 779.011
235.93 69.3475 3.18215 2.87972 22.0109 1529.04
196.917 67.6988 3.04328 2.669 69.7518 353.374
201.885 68.4946 3.07692 2.75609 108.692 372.844
203.387 68.7132 3.06394 2.74535 127.984 404.339
207.318 68.8799 3.10701 2.77471 69.7575 483.405
209.319 68.9656 3.09891 2.77104 61.8117 540.09
213.625 69.322 3.19543 3.0883 17.5722 693.817
219.035 69.243 3.13488 2.88336 35.1561 875.623
221.263 69.3286 3.1298 2.88455 21.82 961.1
198.174 67.082 3.09611 2.77292 91.3048 265.959
199.397 67.4213 3.14097 2.87914 209.316 272.178
202.768 67.4572 3.15358 2.86895 188.152 261.935
203.811 68.2575 3.11981 2.8778 137.427 359.249
206.028 68.4414 3.15744 2.88139 78.263 414.266
208.187 68.1343 3.18154 2.94281 75.8538 440.671
214.432 68.1207 3.17884 2.91171 27.5785 654.266
218.405 68.1861 3.17379 2.91113 34.2789 811.499
220.465 68.6043 3.16999 2.88299 32.0054 905.912
222.103 68.3889 3.11263 2.77277 19.4361 965.044
223.281 66.3701 3.15757 2.81843 52.2014 996.013
193.671 65.4742 3.17384 2.85799 130.983 372.84
195.352 65.7077 3.16154 2.90625 129.072 298.077
198.75 66.442 3.1362 2.80881 235.707 195.213
200.349 66.6001 3.1594 2.883 160.548 171.751
202.227 66.8332 3.1682 2.91617 173.608 189.295
204.275 67.0486 3.19097 2.93414 102.267 242.707
206.517 67.2221 3.21275 2.96199 99.5461 318.625
212.113 67.5187 3.20339 2.92107 57.0815 537.512
214.357 67.5933 3.197 2.89696 63.3474 629.308
215.855 67.6946 3.17828 2.87056 67.0573 693.191
220.128 67.6136 3.1729 2.85633 83.9757 867.465
224.214 67.6106 3.16157 2.83813 19.8732 1039.76
226.258 67.441 3.15127 2.79764 50.7195 1125.86
195.961 64.9941 3.14432 2.78192 117.933 267.495
197.645 65.3936 3.15025 2.86906 163.834 188.265
199.349 65.5011 3.08297 2.84934 151.363 113.469
202.913 66.1434 3.18484 2.89147 169.087 125.109
206.494 66.5156 3.20561 2.86106 88.4361 268.906
208.493 66.9214 3.20813 2.88024 79.2483 367.832
209.976 66.7108 3.19418 2.93045 101.443 417.099
212.525 66.7004 3.18381 2.90527 119.126 524.146
213.899 66.7653 3.17551 2.8865 94.0101 584.794
216.215 66.9498 3.17492 2.87585 85.1863 688.484
218.345 66.8088 3.15644 2.79028 88.1132 778.753
221.978 66.9116 3.16582 2.85839 81.7297 938.505
223.778 66.9808 3.15883 2.83653 74.953 1017.43
225.729 66.9227 3.16221 2.83904 46.4303 1102.68
197.761 64.6379 3.14831 2.96877 146.212 192.282
205.119 65.4924 3.1717 2.84822 140.452 166.642
207.195 65.6571 3.19896 2.89737 118.994 264.199
208.623 65.8937 3.20826 2.91784 121.137 333.31
210.457 65.8251 3.19159 2.87523 57.5236 414.932
212.122 65.8371 3.21063 2.90479 76.1046 490.837
214.181 66.267 3.16294 2.78328 63.8085 588.221
218.473 66.2305 3.15547 2.77366 38.784 780.506
221.631 66.2191 3.16128 2.81849 35.9484 922.603
225.657 65.8052 3.16273 2.83834 34.2741 1108.4
214.843 62.3987 3.19874 2.9152 60.1379 718.302
199.305 63.8864 3.18345 2.87362 65.9931 180.164
205.522 64.7962 3.13267 2.79062 137.781 187.676
208.018 65.18 3.2109 2.8976 114.518 299.047
216.846 65.3064 3.22618 2.93732 32.7623 709.82
218.385 65.6035 3.20541 2.97498 30.8105 778.212
221.694 65.3609 3.1296 2.76968 19.1605 933.437
223.623 65.2225 3.21833 2.97692 34.3998 1024.77
196.446 62.7492 3.13531 2.7411 72.3575 369.272
199.398 63.2842 3.2065 2.87953 137.554 234.921
200.922 63.3965 3.19976 2.91145 128.7 198.817
203.285 63.465 3.11776 2.80143 226.79 204.333
204.379 63.994 3.1343 2.78126 216.943 184.241
205.853 64.1767 3.14216 2.89387 183.638 228.861
214.63 64.613 3.17202 2.84531 42.6374 617.486
195.344 61.9331 3.14965 2.81199 84.5053 475.706
198.469 62.2938 3.23317 2.92844 100.543 354.951
201.699 62.7161 3.15719 2.82335 247.81 271.64
205.93 63.3569 3.12886 2.786 201.541 288.696
214.222 63.8036 3.11235 2.7603 117.935 622.51
217.924 64.0292 3.30463 2.94612 37.9171 787.799
222.48 63.8433 3.30414 2.83412 28.0854 1007.52
197.317 61.3416 3.22984 2.93407 41.2729 476.784
198.513 61.678 3.20086 2.8345 107.004 417.443
200.525 61.7105 3.19041 2.92177 148.973 387.672
201.703 62.1344 3.17223 2.86633 200.983 336.471
203.311 62.2195 3.13207 2.81887 163.221 337.277
205.146 62.1816 3.1125 2.8245 177.974 373.87
206.12 62.4787 3.13236 2.81878 122.9 370.783
216.652 63.0254 3.11103 2.73383 59.9529 767.67
218.173 63.0618 3.14584 2.83909 70.4166 836.284
198.04 60.7515 3.20127 2.87798 109.451 523.222
199.312 60.6947 3.21099 2.91736 68.2262 510.65
201.041 61.0224 3.17387 2.86098 144.945 461.353
202.562 61.4009 3.14224 2.83342 161.185 420.759
204.176 61.4907 3.12839 2.80643 171.121 427.478
205.609 61.9037 3.11369 2.78613 102.615 412.391
206.868 61.8823 3.3686 2.8775 96.278 447.685
209.88 61.7531 3.11459 2.82794 128.504 558.399
212.274 61.7929 3.16979 2.899 131.31 647.886
213.825 62.1067 3.17012 2.86727 63.7903 691.518
217.004 62.4013 3.1848 2.93133 40.3493 815.029
218.122 62.3579 3.19591 2.96786 70.271 868.189
221.538 62.4435 3.17126 2.86685 48.4535 1021.28
223.206 62.5763 3.17997 2.89811 28.1187 1092.72
225.609 62.2024 3.20403 2.91755 24.9312 1222.88
198.315 59.9237 3.19877 2.82177 99.9155 607.149
199.908 60.1686 3.19203 2.92676 43.9296 562.477
201.231 60.4742 3.18441 2.87437 160.129 521.865
202.813 60.5269 3.14229 2.8271 124.196 519.036
204.11 60.6801 3.13237 2.80588 174.708 514.021
205.516 60.8132 3.14995 2.87364 116.424 521.918
207.791 61.2001 3.12502 2.8648 112.764 538.175
215.402 61.6061 3.16896 2.86999 49.2382 791.499
222.911 61.4593 3.16924 2.82381 34.2423 1136.65
224.22 61.4862 3.17547 2.8557 34.0112 1195.54
226.918 61.1512 3.19079 2.92113 22.0173 1339.33
198.736 59.2533 3.21497 2.92115 52.8605 674.409
200.175 59.1767 3.21365 2.90837 94.9181 670.305
201.907 59.5938 3.17295 2.9039 123.957 619.702
202.905 59.7733 3.15334 2.85629 130.261 603.08
204.792 59.8542 3.15857 2.86411 97.9083 612.321
205.68 60.1952 3.33853 2.89636 145.155 589.812
207.376 60.0815 3.32338 2.87549 130.605 636.806
210.276 60.4814 3.07126 2.68998 75.5593 680.815
219.809 60.7718 3.18814 2.94061 31.5234 1038.17
221.424 60.3024 3.0877 2.91849 65.4519 1140.59
223.909 60.7704 3.16599 2.8377 39.5134 1222.8
202.009 59.0314 3.18309 2.8773 115.371 682.472
203.561 59.1953 3.15238 2.83957 149.702 671.383
204.771 59.3922 3.17594 2.89573 106.406 662.109
206.768 59.6524 3.1561 2.88581 64.0124 667.458
212.597 59.9979 3.12708 2.83443 70.321 802.607
222.262 59.6304 3.09162 2.83278 35.0733 1223.43
226.285 59.5898 3.24848 2.90266 40.3889 1406.13
227.183 60.2114 3.19019 2.87196 32.0584 1407.24
212.566 65.1171 3.19251 2.92549 59.035 512.392
203.344 58.6774 3.16273 2.84151 131.022 727.119
204.113 58.2637 3.17607 2.90034 168.696 778.658
204.991 58.6484 3.17723 2.86712 74.0163 745.742
206.355 58.9287 3.16613 2.89669 21.8084 735.783
207.606 58.6097 3.15123 2.83175 102.748 793.08
213.66 59.4296 3.03816 2.65805 53.2128 889.512
227.731 58.9601 3.18283 2.91251 29.7009 1514.2
202.426 57.5673 3.16111 2.83461 112.977 846.31
203.613 57.6397 3.29626 2.86652 60.6837 843.736
205.548 57.5665 3.29207 2.87142 58.221 870.451
229.033 59.3946 3.20386 2.91265 19.6152 1544.49
200.447 56.2848 3.09228 2.56661 17.8887 990.178
223.768 57.9616 3.09194 2.83938 33.1488 1411.59
228.869 57.9128 3.17655 2.89943 16.9029 1639.56
229.75 56.9811 3.17467 2.90403 21.0449 1748.15
212.138 64.8735 3.16662 2.78438 30.6769 495.573
209.931 62.7622 2.0687 1.83023 82.1127 485.459
211.063 63.7323 3.15498 2.8326 95.5985 480.226
211.14 63.4057 3.13998 2.8288 101.51 499.242
218.547 60.1369 3.65115 3.45076 52.7382 1026.92
217.908 60.4896 3.19012 2.92938 47.4508 974.67
217.507 60.403 3.27871 2.89748 39.4217 963.785
218.338 61.0595 3.18461 2.93297 32.5876 954.653
216.296 60.3923 3.16125 2.888 40.8769 914.087
216.716 60.1205 3.11043 2.83485 50.1183 951.63
215.271 60.5805 3.16358 2.88365 52.7631 858.144
216.679 60.2805 3.15223 2.8675 40.9757 938.157
218.244 60.7315 3.1904 2.92319 33.2885 972.373
217.659 60.602 3.19216 2.92845 66.6485 956.144
216.749 60.4427 3.17416 2.92368 32.7165 929.137
217.639 60.9231 3.19537 2.91402 65.7469 933.262
218.995 60.8241 3.18721 2.93821 65.0953 998.895
216.976 61.3836 3.18907 2.88946 47.8764 874.111
218.049 60.1785 3.15936 2.86295 42.2921 1002.85
216.031 60.2361 3.13404 2.88587 39.7357 914.948
217.533 61.187 3.18492 2.91386 37.8924 911.149
218.652 60.2994 3.18834 2.93251 37.6806 1019.84
219.217 60.1294 3.17996 2.93489 31.1148 1056.07
216.221 60.072 3.11944 2.79704 28.3812 935.16
218.856 60.4399 3.19561 2.95395 57.3391 1018.78
216.546 61.2275 3.17718 2.88623 106.556 865.691
