# evlo=205.521698 evla=64.796204
194.627 64.5646 3.13173 2.83647 63.8129 520.101
217.908 60.4896 3.20346 2.96439 55.7729 794.028
217.654 61.036 3.18821 2.9368 34.9268 743.6
217.507 60.403 3.17882 2.90844 51.826 784.475
218.338 61.0595 3.19381 2.93949 80.5894 770.735
220.363 59.9534 3.19226 2.97591 68.7381 935.148
216.3 60.3932 3.16698 2.91125 43.6952 738.149
225.144 58.5792 3.22403 3.00979 32.9942 1240.46
216.716 60.1205 3.10244 2.83818 43.3749 776.06
215.395 60.9677 3.19834 2.9221 41.5576 657.843
209.013 64.0997 3.15119 2.86732 170.533 185.117
209.259 59.7417 3.19562 2.56291 107.702 595.565
210.701 64.1732 3.12167 2.83285 64.3204 258.449
207.916 63.4188 3.14832 2.82525 282.307 192.83
212.195 64.6453 3.14581 2.74123 63.9977 318.381
204.378 55.8218 3.14963 2.83742 35.3539 1001.85
200.411 54.831 3.09296 2.60006 21.3172 1145.74
207.685 63.8827 3.1328 2.88125 254.587 145.943
208.763 59.5251 3.10729 2.76281 91.2932 611.06
209.796 67.2269 3.19894 2.89535 99.5938 333.154
216.907 60.7523 3.19842 2.93033 66.34 733.87
218.66 60.9649 3.19454 2.94135 76.2372 790.942
209.738 62.4058 3.11846 2.84911 127.625 338.639
217.513 60.0823 3.13589 2.82581 62.1327 809.809
212.624 63.0753 3.16578 2.90759 127.976 397.351
214.225 61.1292 3.20732 2.90079 80.6128 600.772
215.93 63.6482 3.13145 2.78541 50.7095 520.559
214.25 60.5487 3.16884 3.00847 73.6229 650.162
213.401 60.7277 3.1747 2.94874 116.67 605.492
209.784 61.1426 3.08287 2.73263 45.2187 460.827
214.766 66.5657 3.13548 2.73246 78.5558 467.944
188.296 63.7758 3.13639 2.77082 53.1108 839.277
203.121 64.7461 3.13169 2.69744 84.329 114.361
211.074 61.771 3.16098 2.97084 177.955 437.1
216.188 61.4417 3.18111 2.9123 98.0217 654.088
212.904 60.8792 3.17033 2.93905 110.189 575.557
215.271 60.5805 3.17981 2.9442 47.0619 684.249
216.679 60.2805 3.1501 2.88558 49.3956 761.719
218.244 60.7315 3.19144 2.94893 50.2111 789.967
213.497 60.396 3.15755 2.91906 106.023 638.072
208.348 59.6572 3.12678 2.8205 48.883 591.156
217.659 60.6024 3.20713 2.95851 63.7629 775.458
216.749 60.4427 3.17274 2.92305 46.599 751.525
217.639 60.9231 3.19954 2.9597 59.425 751.074
218.995 60.824 3.19738 2.95553 60.6657 814.961
216.976 61.3836 3.19037 2.91141 36.6666 690.92
211.063 63.7318 3.1436 2.825 146.683 293.489
218.049 60.1785 3.17156 2.90303 58.3213 823.446
217.533 61.1871 3.18615 2.93094 80.331 727.916
218.652 60.2994 3.1884 2.96504 40.9366 838.604
211.14 63.4056 3.15528 2.90664 126.739 314.58
219.217 60.1294 3.17955 2.95128 39.8888 874.52
216.221 60.072 3.06466 3.03273 16.6627 761.481
218.856 60.4399 3.20321 2.98123 78.6715 836.569
216.546 61.2275 3.19031 2.92889 117.548 684.093
212.138 64.8736 3.13529 2.73801 122.903 314.047
203.383 71.3221 2.90912 2.40377 106.974 733.204
202.84 70.0079 2.90109 2.42043 71.5096 592.375
205.387 69.6211 2.99611 2.52815 123.307 538.124
206.58 70.34 2.95712 2.38964 40.7999 619.913
194.656 68.2746 3.08469 2.81316 75.6226 617.999
196.822 68.4753 3.08549 2.78134 181.016 561.735
198.806 68.6483 3.08854 2.82597 80.0906 521.219
200.413 69.1049 3.23384 2.73459 80.7512 529.448
205.217 69.1565 3.03149 2.63462 98.9528 486.446
209.387 69.836 2.96774 2.48556 73.1817 585.905
211.299 69.72 3.0212 2.62958 180.648 602.471
215.088 69.9175 3.14044 2.91139 64.2613 702.053
216.289 69.626 3.14397 2.92364 63.6625 709.96
235.93 69.3475 3.26179 2.8917 19.05 1398.5
196.917 67.6988 3.122 2.85396 82.6698 503.684
201.885 68.4946 3.10662 2.87606 108.573 442.54
203.387 68.7132 3.08446 2.78154 132.035 446.761
207.318 68.8799 3.0999 2.80438 113.703 462.139
209.319 68.9656 3.08111 2.73445 89.5422 493.644
211.177 69.1532 3.07264 2.73602 125.724 544.526
213.625 69.322 3.16126 2.9184 114.446 614.617
219.035 69.243 3.14805 2.80961 46.7629 767.07
221.263 69.3286 3.13996 2.91093 46.5644 847.192
198.174 67.082 3.1416 2.88167 125.956 420.046
199.397 67.4213 3.13342 2.82079 194.528 402.586
202.768 67.4572 3.18411 3.02246 126.575 321.67
203.811 68.2575 3.12885 2.88864 133.492 393.367
206.028 68.4414 3.13792 2.89316 105.316 407.113
210.384 68.0584 3.17128 2.91182 151.466 423.334
211.513 68.0748 3.16977 2.92674 90.9504 452.534
214.432 68.1207 3.19936 2.97492 63.4584 542.467
218.405 68.1861 3.18526 2.97391 41.589 685.008
220.465 68.6043 3.15838 2.84261 40.001 781.61
222.103 68.3889 3.18848 2.89671 52.4302 833.725
223.281 66.3701 3.18308 2.89631 32.8262 835.019
193.671 65.4742 3.13512 2.76868 82.4726 560.482
195.352 65.7077 3.14239 2.8034 104.624 485.419
198.75 66.442 3.144 2.88235 136.458 361.74
200.349 66.6001 3.15135 2.87996 143.664 311.179
202.227 66.8332 3.18145 2.8386 192.285 272.486
204.275 67.0486 3.15981 2.93113 196.223 257.482
206.517 67.2221 3.17585 2.87773 214.213 274.243
207.821 67.5076 3.19855 3.10732 123.457 319.608
212.113 67.5187 3.21422 2.96292 96.8477 424.584
214.357 67.5933 3.20213 2.96355 79.5094 504.966
215.855 67.6946 3.17433 2.90368 82.3812 564.896
220.128 67.6136 3.14983 2.80681 72.8492 726.72
224.214 67.6106 3.13959 2.79931 89.1648 894.298
226.258 67.441 3.14585 2.82427 71.2609 977.088
195.961 64.9941 3.13172 2.81001 66.0848 452.883
197.645 65.3936 3.13328 2.8221 87.7395 375.937
199.349 65.5011 3.11929 2.77587 110.399 299.937
201.346 65.895 3.15885 2.95296 156.387 229.752
202.913 66.1434 3.14095 2.78554 308.299 192.791
206.494 66.5156 3.20337 2.9531 248.818 196.864
208.493 66.9214 3.17659 2.86326 152.494 272.978
209.976 66.7108 3.22622 2.98272 114.76 295.288
212.525 66.7004 3.1845 2.87899 72.0116 384.614
213.899 66.7653 3.15835 2.79339 69.0258 441.501
216.215 66.9498 3.13653 2.76126 62.5048 542.897
221.978 66.9116 3.17556 2.86653 54.7601 784.903
223.778 66.9808 3.16594 2.87301 51.2554 863.872
225.729 66.9227 3.17516 2.8685 43.4472 947.872
197.761 64.6379 3.13242 2.81481 42.7597 370.171
200.087 64.937 3.11585 2.72362 75.4038 258.041
201.637 65.1527 3.13267 2.79062 137.781 187.676
203.551 65.5276 3.11452 2.84479 205.324 123.247
207.195 65.6571 3.20719 2.85188 172.831 123.844
208.623 65.8937 3.23632 2.9352 135.145 189.241
212.122 65.8371 3.17701 2.86188 97.027 328.647
218.473 66.2305 3.18687 2.87282 56.8347 618.975
221.631 66.2191 3.18752 2.87603 24.1445 759.932
225.657 65.8052 3.19484 2.93586 28.4145 941.787
214.843 62.3987 3.21932 2.96741 51.3064 533.568
199.305 63.8864 3.16543 2.82801 80.8935 316.98
208.018 65.18 3.12433 2.77409 119.114 125.328
210.64 65.1479 3.16614 2.80512 118.442 244.786
216.846 65.3064 3.2032 2.9167 48.3003 535.49
218.385 65.6035 3.20109 2.92633 54.3659 607.865
220.064 65.4483 3.19362 2.90863 74.653 685.231
221.694 65.3609 3.19243 2.88032 30.7275 761.166
223.623 65.2225 3.20743 2.94564 54.8904 852.033
196.446 62.7492 3.17061 2.85244 84.6406 501.874
199.398 63.2842 3.20741 2.94996 106.451 343.223
200.922 63.3965 3.19116 2.87681 76.088 273.118
203.285 63.465 3.24636 2.92816 126.474 184.08
204.379 63.994 3.14971 2.7426 70.7073 105.062
214.63 64.613 3.17594 2.85124 39.8713 434.546
216.436 64.5012 3.17209 2.8324 47.7363 522.044
221.784 64.453 3.23485 2.98616 23.2193 776.735
221.784 64.4525 3.21867 3.0219 21.175 776.717
195.344 61.9331 3.18886 2.90255 47.0854 599.966
198.469 62.2938 3.19273 2.87765 86.5681 447.675
201.699 62.7161 3.26159 2.92951 69.3066 298.85
205.93 63.3569 3.18477 2.87252 194.879 161.683
214.222 63.8036 3.09876 2.75207 103.237 435.04
217.924 64.0292 3.18541 2.85599 57.0389 602.99
222.48 63.8433 3.19869 2.89063 41.8363 824.605
197.317 61.3416 3.20165 2.86522 79.5999 565.166
198.513 61.678 3.20102 2.82825 35.0864 494.347
200.525 61.7105 3.21594 2.86163 50.8595 425.521
201.703 62.1344 3.23718 2.98214 68.789 352.424
203.311 62.2195 3.16979 2.87682 153.418 307.54
205.146 62.1816 3.17163 2.86514 196.621 292.048
206.12 62.4787 3.17733 2.87723 181.526 260.031
216.652 63.0254 3.1065 2.72758 49.8745 580.009
218.173 63.0618 3.14448 2.83195 69.1634 648.739
221.871 63.109 3.1876 2.86077 39.3547 820.611
193.799 60.3849 3.19222 2.8598 49.9665 775.473
196.65 60.4135 3.16088 2.75165 28.5196 666.811
201.041 61.0224 3.21695 2.95168 73.9233 478.071
202.562 61.4009 3.16378 2.85208 142.906 406.782
204.176 61.4907 3.17277 2.8753 120.192 374.62
205.609 61.9037 3.17707 2.87227 140.54 322.448
206.868 61.8823 3.17144 2.93597 114.837 331.711
209.88 61.7531 3.12144 2.80253 130.979 403.416
212.274 61.7929 3.19696 2.93591 121.969 475.752
213.825 62.1067 3.17799 2.92303 64.3953 510.708
218.122 62.3579 3.20833 3.01734 63.98 680.83
221.538 62.4435 3.17889 2.87361 62.481 833.819
223.206 62.5763 3.18941 2.91976 43.8409 905.969
225.609 62.2024 3.20949 2.9434 34.8859 1036.4
198.315 59.9237 3.24964 2.96003 28.2759 658.031
199.908 60.1686 3.22153 2.95776 94.5113 590.942
202.813 60.5269 3.16164 2.83737 158.479 495.565
204.11 60.6801 3.17439 2.9108 116.215 464.38
205.516 60.8132 3.18508 2.92517 149.131 443.939
207.791 61.2001 3.1565 2.91974 182.185 416.932
215.402 61.6061 3.17166 2.87412 86.8667 610.205
222.911 61.4593 3.16512 2.8253 33.1868 949.006
198.736 59.2533 3.22376 2.90596 83.2847 711.716
200.175 59.1767 3.16157 2.84659 15.5652 685.549
201.907 59.5938 3.16928 2.83769 173.358 609.336
204.792 59.8542 3.2052 2.93434 125.209 552.077
205.68 60.1952 3.19629 2.91194 123.709 512.861
207.376 60.0815 3.2162 2.99291 67.1393 534.06
210.276 60.4814 3.09487 2.79019 143.309 538.87
219.809 60.7718 3.19671 2.97729 34.3231 853.384
221.424 60.3024 3.18185 2.95044 73.2342 955.423
223.909 60.7704 3.17212 2.83997 30.7516 1035.36
190.452 56.6011 3.14325 2.71621 19.0581 1223.19
202.009 59.0314 3.17183 2.86528 132.661 668.18
203.561 59.1953 3.23768 3.0026 45.9097 632.519
204.771 59.3922 3.22174 2.94156 89.5667 603.523
206.768 59.6524 3.1989 2.93633 67.1308 576.895
212.597 59.9979 3.15169 2.92273 56.5355 647.144
222.262 59.6304 3.08934 2.85258 37.135 1039.16
223.04 60.1218 3.19731 3.04766 27.076 1038.44
212.566 65.1171 3.13711 2.78226 74.2554 334.62
203.344 58.6774 3.1887 2.90693 28.7036 691.42
204.113 58.2637 3.22945 2.97085 72.9095 731.763
204.991 58.6484 3.2388 2.97162 72.9477 685.681
206.355 58.9287 3.21258 2.95424 90.6288 655.347
207.606 58.6097 3.18674 2.90908 26.0838 698.09
202.426 57.5673 3.14292 2.67263 44.8835 822.317
203.613 57.6397 3.22078 2.94254 57.0085 803.939
205.548 57.5665 3.21148 2.95817 64.9836 805.617
225.482 58.2747 3.2285 3.00883 23.3551 1277.93
229.033 59.3946 3.21753 2.93543 19.6875 1356.86
200.447 56.2848 3.08985 2.64879 40.8921 987.632
223.768 57.9616 3.09463 2.86119 31.5508 1230.02
228.869 57.9128 3.22328 3.04947 17.6359 1453.09
229.75 56.9811 3.22969 3.03353 17.7553 1562.3
212.138 64.8735 3.13021 2.74263 74.4894 314.038
210.428 68.6408 3.13551 2.87765 70.1833 479.947
226.879 56.1146 3.15047 2.91238 16.7488 1509.2
209.931 62.7622 1.73755 1.52807 117.047 314.021
211.063 63.7323 3.14359 2.82499 146.683 293.488
211.14 63.4057 3.15527 2.90663 126.739 314.579
217.908 60.4896 3.20346 2.96439 55.7729 794.028
217.507 60.403 3.17882 2.90844 51.826 784.475
218.338 61.0595 3.19383 2.93951 80.5894 770.74
216.296 60.3923 3.16673 2.91102 43.6952 738.092
216.716 60.1205 3.10244 2.83818 43.3749 776.06
215.271 60.5805 3.17981 2.9442 47.0619 684.249
216.679 60.2805 3.1501 2.88558 49.3956 761.719
218.244 60.7315 3.19144 2.94893 50.2111 789.967
217.659 60.602 3.20718 2.95855 63.7629 775.468
216.749 60.4427 3.17274 2.92305 46.599 751.525
217.639 60.9231 3.19951 2.95966 59.425 751.066
218.995 60.8241 3.19735 2.95551 60.6657 814.954
216.976 61.3836 3.19037 2.91141 36.6666 690.92
218.049 60.1785 3.17156 2.90303 58.3213 823.446
217.533 61.187 3.18621 2.931 80.331 727.932
218.652 60.2994 3.1884 2.96504 40.9366 838.604
219.217 60.1294 3.17955 2.95128 39.8888 874.52
216.221 60.072 3.06466 3.03273 16.6627 761.481
218.856 60.4399 3.20321 2.98123 78.6715 836.569
216.546 61.2275 3.19031 2.92889 117.548 684.093
209.518 60.7352 2.99852 2.55113 20.3247 496.292
209.518 60.7351 2.99863 2.55122 20.3247 496.311
