# evlo=203.612793 evla=57.639702
194.627 64.5646 3.12285 2.81652 81.4776 909.307
217.908 60.4896 3.00284 2.72617 44.5347 877.212
217.654 61.036 3.1225 2.87819 18.5882 881.788
217.507 60.403 2.9798 2.68352 37.7673 853.363
218.338 61.0595 3.116 2.87065 32.0225 917.651
216.3 60.3932 2.98895 2.65445 38.9043 789.131
216.716 60.1205 2.8517 2.45559 33.4655 803.015
215.395 60.9677 3.11323 2.88359 36.4707 765.238
209.013 64.0997 3.24361 3.02565 115.979 776.644
209.094 59.7511 3.12698 2.76856 134.267 395.154
209.259 59.7417 3.12453 2.76525 117.554 402.293
210.701 64.1732 3.23635 3.02755 62.6006 822.246
207.916 63.4188 3.25289 2.98658 129.381 685.51
212.195 64.6453 3.22524 2.99363 88.1607 905.472
204.378 55.8218 2.93894 2.58257 115.808 207.77
200.411 54.831 3.18906 2.86142 83.0643 370.368
207.685 63.8827 3.24017 2.96019 142.753 729.818
208.763 59.5251 3.10698 2.71339 192.449 365.689
209.796 67.2269 3.21848 2.94358 124.408 1113.9
216.907 60.7523 3.05878 2.79366 37.2181 833.198
209.738 62.4058 3.24957 2.99013 91.2225 630.749
212.624 63.0753 3.11887 2.84684 38.8816 782.234
214.225 61.1292 3.16992 2.88576 44.5366 716.267
215.93 63.6482 3.18048 2.92818 20.3194 946.931
214.25 60.5487 3.08345 2.75956 74.728 689.36
213.401 60.7277 3.12897 2.80116 37.7926 655.902
188.296 63.7758 3.12659 2.75419 144.179 1075.5
203.121 64.7461 3.19309 2.90664 131.528 792.313
211.074 61.771 3.06961 2.74266 43.6562 622.356
212.904 60.8792 3.15628 2.83569 36.4003 640.286
215.271 60.5805 3.04487 2.72957 43.7518 742.541
213.052 64.4091 3.23577 2.98673 85.7608 908.676
213.497 60.396 3.09468 2.76648 61.7112 644.573
208.348 59.6572 3.12068 2.68482 140.219 354.965
217.659 60.6024 3.02719 2.7662 24.0151 867.409
216.749 60.4427 2.99144 2.67724 54.0432 814.419
217.639 60.9231 3.09209 2.78862 16.8256 877
214.077 61.4924 3.17089 2.92249 52.7821 729.486
197.4 66.8951 3.25255 2.83975 32.7451 1079.51
209.077 63.5527 3.24004 3.00824 108.4 723.058
211.063 63.7318 3.24126 3.02492 107.933 790.353
211.768 64.9602 3.20114 2.88308 45.8455 923.787
209.256 65.0304 3.22138 2.94744 144.568 876.406
210.931 64.5928 3.22222 2.97329 77.6798 868.15
219.747 60.0959 3.0234 2.5869 17.0373 967.478
214.475 65.5174 3.23235 2.99816 78.7496 1047.35
207.811 62.8962 3.25993 3.03796 123.752 629.742
217.533 61.1871 3.11491 2.82818 20.2528 881.356
216.546 61.2275 3.05723 2.7539 19.2387 833.692
207.417 57.7828 3.09898 2.73952 145.674 227.261
212.138 64.8736 3.22808 2.98277 79.4548 925.096
198.929 70.2043 3.05826 2.6962 44.4934 1418.33
203.383 71.3221 3.0587 2.67316 63.4094 1525.37
205.026 71.0033 3.06889 2.61726 15.201 1491.23
202.84 70.0079 3.2133 2.68912 36.8174 1379.2
205.387 69.6211 3.12584 2.74785 54.3328 1338.31
206.58 70.34 3.10679 2.70319 21.9643 1422.77
198.806 68.6483 3.07967 2.72851 24.3755 1249.82
200.413 69.1049 3.11577 2.80775 68.0433 1287.53
205.217 69.1565 3.14584 2.80439 45.5769 1286.12
209.387 69.836 3.11474 2.69079 53.7366 1387.62
211.299 69.72 3.14863 2.81619 79.7808 1396.67
215.088 69.9175 3.18108 2.92804 84.3737 1475.17
216.289 69.626 3.18167 2.9473 37.5983 1469.58
201.885 68.4946 3.24319 2.89015 60.783 1212.93
207.318 68.8799 3.18108 2.89948 31.8754 1266.05
209.319 68.9656 3.16847 2.87307 54.336 1293.11
211.177 69.1532 3.17422 2.88247 89.8875 1335.49
213.625 69.322 3.1955 2.93681 96.6692 1390.28
219.035 69.243 3.15712 2.81217 22.7222 1495.33
221.263 69.3286 3.1921 2.93569 17.08 1559.28
198.174 67.082 3.24674 2.86536 32.7227 1088.37
199.397 67.4213 3.16493 2.88336 47.4203 1110.95
202.768 67.4572 3.28015 2.92762 54.2417 1095.02
203.811 68.2575 3.18044 2.90081 66.8131 1183.49
206.028 68.4414 3.19514 2.93507 35.4279 1209.92
208.187 68.1343 3.20984 2.99858 36.6067 1191.82
210.384 68.0584 3.21235 2.94752 99.3838 1209.64
211.513 68.0748 3.21039 2.95299 82.8312 1228.33
214.432 68.1207 3.19229 2.91951 101.6 1287.04
218.405 68.1861 3.19463 2.89952 42.2123 1387.28
220.465 68.6043 3.21243 2.95856 33.3231 1478.06
223.281 66.3701 3.17143 2.88118 30.5373 1405.87
193.671 65.4742 3.33992 2.87843 31.8914 1017.88
195.352 65.7077 3.25733 2.85797 58.6428 997.957
198.75 66.442 3.18458 2.77551 23.9751 1012.69
202.227 66.8332 3.27977 2.8884 60.3146 1027.06
204.275 67.0486 3.19688 2.90599 62.3146 1049.16
206.517 67.2221 3.21331 2.93821 122.493 1078.16
207.821 67.5076 3.21908 2.98665 57.1514 1120.25
214.357 67.5933 3.1908 2.8882 111.527 1234.86
215.855 67.6946 3.19329 2.89803 47.084 1279.04
220.128 67.6136 3.29585 2.98204 20.0561 1388.54
195.961 64.9941 3.3744 2.81868 54.2106 914.81
197.645 65.3936 3.28736 2.87726 62.4858 919.623
199.349 65.5011 3.176 2.89251 39.8834 904.369
201.346 65.895 3.16799 2.86658 77.657 927.575
202.913 66.1434 3.29391 2.91018 79.8947 948.374
206.494 66.5156 3.21961 2.94101 110.556 1000.31
208.493 66.9214 3.21894 2.93074 86.0157 1064.21
209.976 66.7108 3.21905 2.95636 104.39 1062.6
212.525 66.7004 3.19329 2.88358 110.229 1108.9
213.899 66.7653 3.20323 2.91481 53.9829 1145.96
216.215 66.9498 3.2168 2.96776 49.0645 1221.37
218.345 66.8088 3.22138 2.97523 39.398 1270.46
225.729 66.9227 3.17892 2.89097 21.9062 1530.27
197.761 64.6379 3.28748 2.86716 68.9201 840.283
200.087 64.937 3.17517 2.87881 43.4302 834.515
201.637 65.1527 3.29626 2.86652 60.6837 843.736
203.551 65.5276 3.19241 2.90087 91.8935 879.016
205.119 65.4924 3.2138 2.92044 84.2123 878.675
207.195 65.6571 3.23567 2.96945 118.371 913.03
208.623 65.8937 3.22332 2.92998 151.828 956.368
210.457 65.8251 3.21665 2.9211 106.135 979.942
212.122 65.8371 3.20958 2.93578 97.8267 1016.13
214.18 66.267 3.20091 2.88996 29.958 1106.59
214.181 66.267 3.19821 2.89714 37.1889 1106.61
218.473 66.2305 3.02594 2.542 27.0702 1228.69
214.843 62.3987 3.14777 2.83536 53.9913 818.637
213.052 64.4091 3.23577 2.98673 85.7608 908.676
199.305 63.8864 3.31461 2.87146 76.0701 734.171
205.522 64.7962 3.22078 2.94254 57.0085 803.939
208.018 65.18 3.2214 2.92826 135.744 872.047
210.64 65.1479 3.22824 2.94686 57.1362 915.774
218.385 65.6035 3.07091 2.70954 15.9887 1178.08
221.694 65.3609 3.1581 2.83455 22.4382 1282.92
223.623 65.2225 3.19447 2.95184 28.2057 1351.77
196.446 62.7492 3.29303 2.85316 62.9977 693.476
200.922 63.3965 3.19294 2.91058 44.0153 658.081
203.285 63.465 3.18761 2.9096 100.578 649.309
204.379 63.994 3.20779 2.93698 101.204 709.242
205.853 64.1767 3.24025 2.95253 124.967 738.357
214.63 64.613 3.12527 2.91359 44.6448 975.076
216.436 64.5012 3.15839 2.8821 41.2288 1027.69
221.784 64.453 3.17408 2.90462 49.8761 1233.63
221.784 64.4525 3.17402 2.91001 20.1874 1233.58
223.67 64.5753 3.17303 2.9098 28.5912 1320.01
198.469 62.2938 3.17029 2.92805 72.1566 592.376
201.699 62.7161 3.18926 2.88951 99.1892 575.412
205.93 63.3569 3.24298 2.96855 142.241 649.508
214.222 63.8036 3.14624 2.85696 33.4686 896.013
217.924 64.0292 3.17805 2.91489 46.5111 1050.56
222.48 63.8433 3.19187 2.96501 26.5563 1232.37
198.513 61.678 3.15538 2.90436 89.9797 533.551
200.525 61.7105 3.17047 2.89738 114.791 485.602
201.703 62.1344 3.18857 2.88874 109.14 511.989
203.311 62.2195 3.1976 2.9026 93.6721 510.516
205.146 62.1816 3.26852 3.02769 157.15 513.194
206.12 62.4787 3.25864 2.99996 169.327 556.817
216.652 63.0254 3.16598 2.87752 26.038 934.494
218.173 63.0618 3.16648 2.89116 36.9127 1001.75
193.799 60.3849 3.06571 2.6143 63.9969 640.554
196.65 60.4135 3.08497 2.67722 117.891 504.918
199.312 60.6947 3.13383 2.83207 125.566 419.743
201.041 61.0224 3.17937 2.9245 91.7293 404.201
202.562 61.4009 3.1954 2.91931 70.915 423.195
204.176 61.4907 3.2539 2.99959 94.9642 430.194
205.609 61.9037 3.26425 2.95423 155.124 488.038
206.868 61.8823 3.26921 3.03345 121.613 506.679
212.274 61.7929 3.12734 2.85124 50.1419 671.048
217.004 62.4013 3.1791 2.82471 29.9361 913.208
225.609 62.2024 3.13192 2.83692 16.6993 1322.98
198.315 59.9237 3.09869 2.72933 127.383 398.075
199.908 60.1686 3.119 2.78818 147.974 353.372
201.231 60.4742 3.16544 2.91091 157.861 344.005
202.813 60.5269 3.2167 2.88301 102.564 324.868
204.11 60.6801 3.26069 3.05307 138.268 339.885
205.516 60.8132 3.27921 2.99005 172.408 369.813
207.791 61.2001 3.28879 3.09234 136.087 461.953
215.402 61.6061 3.11446 2.66119 38.2535 796.867
198.736 59.2533 3.084 2.64704 156.034 336.619
200.175 59.1767 3.07484 2.63017 156.003 263.926
201.907 59.5938 3.14556 2.86592 169.121 239.159
202.905 59.7733 3.22722 2.89313 212.106 241.169
204.792 59.8542 3.2788 2.96894 234.308 255.937
205.68 60.1952 3.29733 3.033 142.732 308.537
207.376 60.0815 3.21395 3.07805 38.0785 347.945
210.276 60.4814 3.136 2.78951 40.5644 495.935
219.809 60.7718 3.10269 2.64167 18.3041 985.791
223.909 60.7704 3.10814 2.8624 15.5051 1205.32
202.009 59.0314 3.04887 2.71957 257.093 181.236
203.561 59.1953 3.24603 2.90244 221.993 173.297
204.771 59.3922 3.27129 2.89458 268.634 206.534
206.768 59.6524 3.16743 2.92202 64.0034 289.466
212.597 59.9979 3.07527 2.70315 98.7207 581.108
212.566 65.1171 3.22947 2.98213 60.2554 958.888
203.344 58.6774 3.2392 2.94094 178.569 116.654
204.991 58.6484 3.14399 2.85172 225.944 138.61
206.355 58.9287 3.07755 2.67998 334.39 215.605
213.66 59.4296 2.81048 2.3023 93.3152 617.552
205.548 57.5665 3.13829 2.73286 97.0644 115.957
212.138 64.8735 3.22766 2.98486 69.4759 925.082
210.428 68.6408 3.19944 2.92597 99.7955 1271.59
209.931 62.7622 3.19155 2.85718 37.7921 669.02
211.063 63.7323 3.2415 3.02515 107.933 790.412
218.547 60.1369 3.55557 3.31809 43.7475 902.639
217.908 60.4896 3.00284 2.72617 44.5347 877.212
217.507 60.403 2.9798 2.68352 37.7673 853.363
218.338 61.0595 3.11602 2.87067 32.0225 917.656
216.296 60.3923 2.98816 2.65375 38.9043 788.922
216.716 60.1205 2.8517 2.45559 33.4655 803.015
215.271 60.5805 3.04487 2.72957 43.7518 742.541
217.659 60.602 3.02706 2.76608 24.0151 867.371
216.749 60.4427 2.99144 2.67724 54.0432 814.419
217.639 60.9231 3.09205 2.78859 16.8256 876.99
217.533 61.187 3.11493 2.8282 20.2528 881.362
216.546 61.2275 3.05723 2.7539 19.2387 833.692
