# evlo=224.260193 evla=58.4133
225.449 60.24 3.25473 3.06234 236.844 214.448
217.908 60.4896 3.20685 3.00284 33.773 427.862
217.654 61.036 3.31611 3.17184 19.0702 472.421
220.363 59.9534 3.32823 3.17534 85.8165 281.122
209.013 64.0997 3.21155 3.00029 53.1151 1030.6
210.701 64.1732 3.22639 3.026 72.6429 966.199
212.195 64.6453 3.22411 2.98931 117.512 942.688
209.796 67.2269 3.21972 3.00651 83.56 1221.99
212.624 63.0753 3.21337 2.9961 44.3408 818.062
214.225 61.1292 3.14347 2.69191 25.1038 638.945
215.93 63.6482 3.2483 3.04674 58.969 735.672
214.25 60.5487 2.62975 1.89509 26.0709 614.368
214.766 66.5657 3.23049 3.04489 161.97 1029.49
188.296 63.7758 3.08859 2.78244 20.5602 1999.31
216.188 61.4417 3.28906 2.98841 56.5777 562.94
218.244 60.7315 3.30627 3.15341 17.8764 426.703
213.052 64.4091 3.22952 2.99968 116.982 894.556
216.749 60.4427 3.11573 2.85976 35.1318 482.184
217.639 60.9231 3.3012 3.20779 46.5222 465.91
211.542 61.4131 3.07764 2.38778 30.9406 784.417
197.4 66.8951 3.23631 2.88334 37.408 1649.51
216.976 61.3836 3.31355 2.81998 68.4874 524.589
211.063 63.7318 3.2226 3.02095 73.9765 923.662
211.768 64.9602 3.22641 2.99686 105.759 981.245
218.049 60.1785 3.30449 2.68385 56.209 404.629
209.256 65.0304 3.19513 2.92387 75.482 1078.18
210.931 64.5928 3.2117 2.98022 108.85 985.293
214.53 62.9699 3.22574 3.04973 94.1731 733.657
219.747 60.0959 3.28169 3.02964 38.9759 318.347
220.599 59.667 3.35039 3.12224 108.832 252.315
214.475 65.5174 3.24944 3.05498 196.117 941.201
218.652 60.2994 3.17641 2.85516 64.2357 381.773
211.14 63.4056 3.09958 2.99908 24.5436 900.652
216.221 60.072 2.80229 2.27019 72.504 494.213
218.856 60.4399 3.25217 3.02308 81.0013 380.704
216.546 61.2275 3.22344 2.80946 65.3225 533.893
212.138 64.8736 3.22774 2.99622 80.5726 961.801
198.929 70.2043 3.04466 2.57639 51.3502 1771.16
203.383 71.3221 3.14938 2.77484 91.4404 1726.71
205.026 71.0033 3.22388 2.79423 57.0635 1660.19
234.753 71.9871 3.2333 2.97539 153.82 1585.58
198.198 69.3641 3.11059 2.8463 75.0172 1743.5
202.84 70.0079 3.0782 2.57162 24.9662 1640.6
205.387 69.6211 3.1139 2.53165 15.4302 1539.35
206.58 70.34 3.10213 2.78745 68.8813 1566.71
194.656 68.2746 3.16912 2.89388 45.2224 1815.92
198.806 68.6483 3.16181 2.92384 57.742 1681.88
205.217 69.1565 3.16115 2.86548 77.6469 1508.26
209.387 69.836 3.27719 2.83633 146.923 1456.05
211.299 69.72 3.16739 2.91454 234.691 1403.5
215.088 69.9175 3.19297 3.00064 131.594 1354.32
216.289 69.626 3.20519 3.02033 129.867 1306.7
235.93 69.3475 3.30174 2.98329 89.8638 1341.68
196.917 67.6988 3.1867 2.92907 34.2077 1703.66
201.885 68.4946 3.17383 2.94315 57.6702 1566.62
203.387 68.7132 3.18509 2.94358 29.4651 1531.88
207.318 68.8799 3.18299 2.93892 51.4711 1426.85
209.319 68.9656 3.1628 2.90492 121.032 1380.95
211.177 69.1532 3.16697 2.9186 216.356 1353.42
213.625 69.322 3.17487 2.97423 199.991 1319.22
219.035 69.243 3.20248 2.95974 125.969 1233.23
221.263 69.3286 3.18089 2.94982 124.046 1225.29
198.174 67.082 3.19318 2.93094 36.8767 1626.48
199.397 67.4213 3.19518 2.93729 64.0715 1594.91
202.768 67.4572 3.19647 2.97143 49.5744 1471.59
203.811 68.2575 3.19129 2.97241 53.2573 1486.99
206.028 68.4414 3.20314 2.98 44.3681 1430.1
208.187 68.1343 3.20861 2.98047 92.0297 1342.25
210.384 68.0584 3.29136 2.99026 120.316 1275.02
211.513 68.0748 3.20537 2.99238 140.946 1247.48
214.432 68.1207 3.19202 2.96802 263.549 1185.89
218.405 68.1861 3.2281 3.04367 161.259 1126.99
220.465 68.6043 3.21163 2.97552 129.466 1151.04
222.103 68.3889 3.19319 2.97044 196.993 1116.99
223.281 66.3701 3.22475 3.05131 203.879 888.21
193.671 65.4742 3.11571 2.89777 22.0516 1764.3
195.352 65.7077 3.12407 2.83057 28.5112 1694.93
200.349 66.6001 3.19775 2.93518 32.8963 1517.3
202.227 66.8332 3.2051 2.94576 75.4602 1455.72
204.275 67.0486 3.19968 2.96565 52.3315 1392.21
206.517 67.2221 3.20513 2.98551 75.0167 1325.65
207.821 67.5076 3.21641 3.01237 67.6671 1304.31
212.113 67.5187 3.21365 2.99267 153.142 1182.63
214.357 67.5933 3.20649 2.97923 233.606 1136.42
215.855 67.6946 3.20931 3.00083 202.596 1116.11
220.128 67.6136 3.20946 2.96438 146.946 1046.03
224.214 67.6106 3.22384 2.99303 145.517 1025.14
226.258 67.441 3.33115 3.0167 131.342 1011.19
195.961 64.9941 3.08273 2.60396 20.2594 1648.15
197.645 65.3936 3.11522 2.86799 20.821 1583.43
199.349 65.5011 3.12111 2.84007 21.4419 1512.15
201.346 65.895 3.15875 2.81348 28.8662 1443.52
202.913 66.1434 3.19491 2.93203 47.004 1391.93
206.494 66.5156 3.20547 2.97437 69.499 1278.15
208.493 66.9214 3.21481 2.99067 77.4974 1238.66
209.976 66.7108 3.22124 2.99636 101.144 1175.28
212.525 66.7004 3.22556 2.99136 156.024 1099.45
213.899 66.7653 3.22018 3.01468 115.45 1069.23
216.215 66.9498 3.21919 3.01766 284.12 1034.88
218.345 66.8088 3.21921 3.0412 249.03 982.714
221.978 66.9116 3.32873 3.00275 124.287 954.215
223.778 66.9808 3.23338 3.02891 170.918 955.207
225.729 66.9227 3.33778 3.00987 113.15 951.332
200.087 64.937 3.09858 2.89201 17.4433 1458.9
203.551 65.5276 3.15103 2.80207 34.6241 1334.52
205.119 65.4924 3.15978 2.79437 42.2791 1268.59
207.195 65.6571 3.20177 2.9362 132.5 1196.87
208.623 65.8937 3.20875 2.95939 88.3711 1159.89
210.457 65.8251 3.21405 2.98513 45.4107 1091.29
212.122 65.8371 3.23169 3.02317 127.626 1038.26
214.18 66.267 3.2332 3.03186 53.1013 1016.49
214.181 66.267 3.23462 3.03002 85.2064 1016.47
218.473 66.2305 3.22345 3.03686 207.423 920.496
221.631 66.2191 3.22531 3.03092 153.89 880.375
225.657 65.8052 3.23631 3.04365 117.738 826.972
214.843 62.3987 3.153 2.95355 39.7109 681.894
213.052 64.4091 3.22952 2.99968 116.982 894.556
208.018 65.18 3.19203 2.93434 53.4227 1135.39
210.64 65.1479 3.21395 2.96822 93.9291 1035.03
216.846 65.3064 3.25042 3.08733 176.958 860.317
218.385 65.6035 3.24108 3.05256 217.645 857.506
220.064 65.4483 3.22521 3.05068 164.509 813.938
221.694 65.3609 3.2333 3.05085 167.241 785.773
223.623 65.2225 3.23586 3.06717 189.994 759.563
199.398 63.2842 2.94542 2.50482 17.5242 1444.99
205.853 64.1767 3.09365 2.98327 29.9875 1170.72
214.63 64.613 3.24179 3.05395 61.1672 858.338
216.436 64.5012 3.24548 3.06638 161.484 795.164
221.784 64.453 3.24061 3.07514 141.741 685.755
221.784 64.4525 3.23997 3.0757 111.343 685.706
223.67 64.5753 3.23789 3.06329 190.034 687.386
198.469 62.2938 3.02273 2.40052 16.471 1476.57
205.93 63.3569 3.14827 2.97017 34.247 1131.91
214.222 63.8036 3.23234 3.02065 132.085 806.764
217.924 64.0292 3.25089 3.07911 191.799 711.622
222.48 63.8433 3.25331 3.08467 200.385 612.566
216.652 63.0254 3.24605 3.03562 112.546 659.826
218.173 63.0618 3.25291 3.07428 156.451 614.698
221.871 63.109 3.25318 3.08962 244.199 539.089
193.799 60.3849 3.00556 2.39111 15.594 1728.49
217.004 62.4013 3.24069 3.04554 198.78 597.118
218.122 62.3579 3.25955 3.03942 145.097 554.263
221.538 62.4435 3.24007 3.07712 303.968 473.313
223.206 62.5763 3.2611 3.0962 202.023 467.429
225.609 62.2024 3.25834 3.09914 229.211 428.685
215.402 61.6061 3.294 3.06273 44.985 608.05
222.911 61.4593 3.2733 3.12802 314.685 347.615
224.22 61.4862 3.27011 3.08456 326.649 342.363
226.918 61.1512 3.24599 3.08606 270.434 339.534
219.809 60.7718 3.29449 3.00223 75.5653 363.496
221.424 60.3024 3.30522 3.07523 183.061 265.096
223.909 60.7704 3.28376 3.11989 399.376 263.339
222.262 59.6304 3.33398 3.05989 186.511 177.625
223.04 60.1218 3.27319 3.12288 345.8 202.635
226.285 59.5898 3.24081 3.01028 417.827 175.261
227.183 60.2114 3.23584 3.00805 337.919 260.386
212.566 65.1171 3.22963 3.01111 63.8548 966.111
204.991 58.6484 3.05396 2.29555 17.4309 1118.95
227.731 58.9601 3.24575 3.01701 198.027 210.274
229.033 59.3946 3.23589 3.03703 224.418 295.906
225.424 57.4688 3.40247 3.33844 74.5824 125.755
228.869 57.9128 3.2934 3.07451 106.666 276.89
229.75 56.9811 3.27812 3.06586 66.2968 364.032
212.138 64.8735 3.22857 2.99408 72.1876 961.8
210.428 68.6408 3.18701 2.96223 126.517 1324.8
226.879 56.1146 3.3461 2.94514 116.688 300.787
229.974 55.9154 3.31565 3.08026 25.1082 443.488
228.385 55.3279 3.30115 2.83008 40.901 425.653
227.653 56.4191 3.34232 2.98941 67.9259 301.425
211.063 63.7323 3.22263 3.02098 73.9765 923.671
211.14 63.4057 3.09958 2.99908 24.5436 900.653
217.908 60.4896 3.20685 3.00284 33.773 427.862
218.244 60.7315 3.30627 3.15341 17.8764 426.703
216.749 60.4427 3.11573 2.85976 35.1318 482.184
217.639 60.9231 3.30127 3.20785 46.5222 465.919
216.976 61.3836 3.31355 2.81998 68.4874 524.589
218.049 60.1785 3.30449 2.68385 56.209 404.629
218.652 60.2994 3.17641 2.85516 64.2357 381.773
216.221 60.072 2.80229 2.27019 72.504 494.213
218.856 60.4399 3.25217 3.02308 81.0013 380.704
216.546 61.2275 3.22344 2.80946 65.3225 533.893
