# evlo=211.617065 evla=63.373405
212.138 64.8736 2.87336 2.81936 176.911 169.156
210.8 64.3306 2.75743 2.82654 79.1193 114.01
209.768 62.6893 3.16923 3.0443 190.738 120.714
209.931 62.7622 2.77597 3.00558 38.8717 109.119
210.921 64.5797 3.13778 2.68323 216.823 138.719
209.336 62.3551 3.21406 3.04179 48.5018 162.361
209.196 62.5277 3.17628 2.96938 227.18 154.858
209.686 62.3147 2.91783 2.9156 80.1035 153.622
209.939 62.15 3.30403 3.11225 198.893 161.055
209.796 62.5604 2.83886 2.94871 60.8552 129.39
209.146 63.4621 2.82733 2.8284 27.4078 123.824
209.768 62.6892 3.16951 3.04457 190.738 120.725
