# evlo=218.628296 evla=60.118
218.338 61.0595 3.04788 2.71092 90.4138 106.105
216.3 60.3932 2.72365 2.41295 64.9812 132.525
216.716 60.1205 2.4763 1.95682 101.89 106.324
215.271 60.5805 2.80106 2.49987 97.6674 192.375
216.679 60.2805 2.66561 2.29716 68.1342 109.617
216.749 60.4427 2.77013 2.40616 55.8328 110.086
216.976 61.3836 3.13573 2.96493 83.1606 167.334
216.031 60.2361 2.55537 2.09947 28.3534 144.754
217.533 61.1871 3.08796 2.81577 78.1503 133.34
216.221 60.072 2.33248 1.75535 97.5529 134.033
216.546 61.2275 3.12747 2.98427 100.256 168.048
212.952 61.1216 3.06371 2.8984 16.4459 330.174
218.338 61.0595 3.04785 2.71089 90.4138 106.104
216.296 60.3923 2.72697 2.41589 64.9812 132.687
216.716 60.1205 2.4763 1.95682 101.89 106.324
215.271 60.5805 2.80106 2.49987 97.6674 192.375
216.679 60.2805 2.66561 2.29716 68.1342 109.617
216.749 60.4427 2.77013 2.40616 55.8328 110.086
216.976 61.3836 3.13573 2.96493 83.1606 167.334
216.031 60.2361 2.55537 2.09947 28.3534 144.754
217.533 61.187 3.08762 2.81546 78.1503 133.325
216.221 60.072 2.33248 1.75535 97.5529 134.033
216.546 61.2275 3.12747 2.98427 100.256 168.048
210.406 60.5508 2.95649 2.83971 24.274 456.421
210.402 60.8738 3.02873 2.8517 29.843 459.577
209.918 61.8636 3.15168 2.95592 29.5804 509.462
210.519 60.6717 2.99121 2.87177 28.4557 451.035
209.518 60.7352 3.02225 2.91755 21.2368 506.081
212.047 60.7098 2.94231 2.84099 51.5527 368.442
209.968 60.4881 2.96678 2.85432 34.8233 480.217
208.919 60.4641 2.96095 2.65806 21.2793 537.931
210.813 60.8045 3.01805 2.91632 24.9225 436.495
209.518 60.7351 3.02211 2.91742 21.2368 506.059
