# evlo=218.546997 evla=60.136902
217.654 61.036 2.5265 2.55598 211.371 111.499
225.144 58.5792 2.2975 2.00055 61.3574 413.17
209.013 64.0997 3.91186 3.83804 106.555 664.148
209.094 59.7511 3.83847 4.26473 278.117 529.673
209.259 59.7417 3.8361 4.21955 314.596 520.67
210.701 64.1732 3.85298 3.83075 155.139 607.159
208.846 60.7683 3.87975 4.08704 104.126 538.008
212.195 64.6453 3.68273 3.573 186.141 599.734
200.411 54.831 3.2605 3.08901 44.6777 1232.27
207.685 63.8827 3.92739 3.74833 77.0357 704.206
208.763 59.5251 3.76321 4.11891 351.904 552.443
209.796 67.2269 3.57861 3.265 198.013 899.272
216.907 60.7523 3.75838 3.50657 253.684 113.345
209.738 62.4058 4.36313 4.45131 160.194 535.354
212.624 63.0753 4.17417 4.31503 216.294 453.572
209.784 61.1426 4.10711 4.74273 105.974 492.036
214.766 66.5657 3.53674 3.29963 77.5772 740.841
188.296 63.7758 3.38965 2.96776 38.8889 1621.39
203.121 64.7461 3.70717 3.49643 74.4599 944.1
211.074 61.771 4.24587 4.96779 197.253 443.651
213.052 64.4091 3.93162 3.53143 256.142 554.651
215.581 59.9268 3.93967 3.75498 333.623 166.966
216.749 60.4427 3.63891 3.30667 310.173 105.12
209.077 63.5527 4.04294 3.9389 125.234 626.396
216.976 61.3836 3.97946 3.93187 272.622 163.181
211.063 63.7318 3.97504 4.00477 193.596 560.538
211.768 64.9602 3.86035 3.5351 119.902 640.051
210.931 64.5928 3.75749 3.71404 171.286 633.235
214.53 62.9699 3.97336 3.98488 259.179 380.992
214.475 65.5174 3.6757 3.41452 91.9049 634.277
207.811 62.8962 4.08429 4.06579 123.193 647.823
217.533 61.1871 2.93207 2.81158 336.128 129.489
210.261 61.0889 4.1895 4.84624 170.812 465.667
197.092 68.0541 3.44839 3.25698 54.0659 1356.28
215.154 63.7399 3.93433 3.6425 98.1017 439.137
211.14 63.4056 4.08868 4.17809 142.944 533.815
216.01 63.9761 3.70466 3.41451 94.5584 447.886
208.468 61.98 4.19508 4.16498 152.628 581.045
209.777 60.5117 4.09322 4.61528 328.045 486.005
189.752 57.1766 3.42857 3.11618 69.3507 1689.34
209.253 61.4636 3.97968 4.31552 152.793 526.644
216.221 60.072 4.24535 3.47065 84.6943 129.577
210.547 60.1043 4.05603 4.69362 354.71 444.495
192.073 65.5598 3.50076 3.26671 44.2831 1463.35
209.711 63.4502 4.09229 4.04806 128.839 593.797
216.546 61.2275 5.09357 4.63681 227.017 163.478
211.449 62.8295 4.36106 4.35089 140.461 482.322
211.415 62.9628 4.28833 4.40567 102.032 492.459
211.462 62.6812 4.42189 4.41902 113.121 472.407
212.058 62.8349 4.31653 4.48001 104.459 457.799
211.771 63.0624 3.86843 4.3896 114.864 484.996
212.26 62.5808 4.05124 4.57568 168.896 432.443
211.152 62.8331 4.34098 4.35011 149.634 494.989
211.908 64.4716 3.74196 3.73303 146.686 592.633
226.475 68.3065 3.08792 2.86989 52.4693 986.852
207.417 57.7828 3.53592 3.40697 137.661 691.006
212.138 64.8736 3.63638 3.49712 251.86 622.02
198.929 70.2043 3.2632 3.0492 33.1808 1437.42
203.383 71.3221 3.2393 2.75318 81.9071 1418.81
205.026 71.0033 3.18176 2.79324 57.0939 1355.72
234.753 71.9871 3.1326 2.86826 49.8917 1500.22
205.387 69.6211 3.29189 2.98126 33.0313 1221.71
206.58 70.34 3.27896 2.80244 110.685 1262.42
194.656 68.2746 3.43458 3.26129 17.8706 1456.92
196.822 68.4753 3.42747 3.22107 40.8501 1389.84
198.806 68.6483 3.51207 3.26794 33.5873 1332.95
200.413 69.1049 3.36112 3.13761 52.9738 1313.49
209.387 69.836 3.32555 2.97525 30.7902 1161.6
215.088 69.9175 3.3212 3.06696 27.9029 1102.13
235.93 69.3475 3.08917 2.8341 92.5143 1309.31
196.917 67.6988 3.57668 3.33174 19.791 1343.35
201.885 68.4946 3.41947 3.21787 72.6651 1223.97
203.387 68.7132 3.39163 3.19309 67.7049 1196.35
207.318 68.8799 3.45387 3.11812 81.3053 1110.08
209.319 68.9656 3.4153 3.07169 77.1477 1076.48
213.625 69.322 3.36256 3.04444 31.9777 1049.71
219.035 69.243 3.27095 3.04546 41.7789 1015.47
221.263 69.3286 3.21165 2.97169 39.3288 1032.64
198.174 67.082 3.51856 3.3181 25.755 1263.32
199.397 67.4213 3.50325 3.32113 26.7307 1236.37
202.768 67.4572 3.51005 3.34639 67.4768 1120.97
203.811 68.2575 3.42902 3.23984 73.537 1148.02
206.028 68.4414 3.40292 3.20108 49.2926 1102.03
208.187 68.1343 3.51894 3.21004 125.891 1021.32
210.384 68.0584 3.50695 3.20393 115.67 966.733
211.513 68.0748 3.48738 3.17945 60.1772 947.578
218.405 68.1861 3.29149 3.05668 58.2307 897.34
220.465 68.6043 3.23991 3.01499 54.7288 948.377
222.103 68.3889 3.1898 2.91949 19.753 935.557
223.281 66.3701 3.0808 2.92196 90.1582 733.847
195.352 65.7077 3.53684 3.30945 20.4422 1321.29
200.349 66.6001 3.57081 3.39648 27.09 1153.76
202.227 66.8332 3.5597 3.41278 28.4277 1097.77
206.517 67.2221 3.4908 3.32537 106.448 985.507
207.821 67.5076 3.57083 3.2879 64.2621 973.775
212.113 67.5187 3.52056 3.20693 55.0138 880.634
220.128 67.6136 3.24196 3.03414 73.0721 837.008
224.214 67.6106 3.09919 2.84845 57.2208 877.579
226.258 67.441 3.06586 2.87364 63.0903 897.029
195.961 64.9941 3.55235 3.34554 21.5445 1272.22
197.645 65.3936 3.56774 3.32623 49.3358 1209.69
199.349 65.5011 3.59056 3.37165 42.3283 1140.13
201.346 65.895 3.61252 3.41937 31.4551 1076.23
202.913 66.1434 3.60411 3.47916 42.4971 1029.35
206.494 66.5156 3.55725 3.38911 90.6015 929.693
208.493 66.9214 3.62122 3.34553 47.4051 904.335
209.976 66.7108 3.62358 3.2685 119.367 846.913
212.525 66.7004 3.58658 3.26191 72.5512 790.182
213.899 66.7653 3.52815 3.14104 46.7909 773.872
216.215 66.9498 3.41227 3.15261 40.4831 768.095
218.345 66.8088 3.30361 3.08341 70.9308 743.773
221.978 66.9116 3.14154 2.91257 53.6851 773.934
223.778 66.9808 3.09469 2.89826 59.8855 805.299
225.729 66.9227 3.0455 2.86018 43.8963 835.312
201.637 65.1527 3.65115 3.45076 52.7382 1026.92
205.119 65.4924 3.67453 3.54396 33.8429 905.125
207.195 65.6571 3.63333 3.44619 86.8211 841.265
208.623 65.8937 3.59027 3.43421 98.6287 813.136
210.457 65.8251 3.7189 3.42569 63.917 753.853
212.122 65.8371 3.69824 3.36084 183.319 713.145
214.18 66.267 3.41674 3.32568 23.2014 717.328
218.473 66.2305 3.29739 3.07011 55.25 679.226
221.631 66.2191 3.12921 2.90904 71.0654 695.301
225.657 65.8052 2.96322 2.77878 94.0865 726.481
214.843 62.3987 4.20362 4.35197 164.994 320.85
213.052 64.4091 3.93162 3.53143 256.142 554.651
210.64 65.1479 3.64929 3.52179 184.792 689.154
216.846 65.3064 3.46529 3.22525 50.2755 582.655
218.385 65.6035 3.31246 3.08618 108.298 609.358
220.064 65.4483 3.179 2.92894 51.8364 596.996
221.694 65.3609 3.07768 2.9331 88.2673 603.867
223.623 65.2225 2.97496 2.82187 103.079 623.162
196.446 62.7492 3.56879 3.35242 44.1561 1207.95
199.398 63.2842 3.6443 3.45925 70.4651 1067.07
200.922 63.3965 3.68744 3.52791 46.5929 994.955
203.285 63.465 3.77161 3.67521 51.4728 883.417
205.853 64.1767 3.82464 3.65386 74.7767 798.141
214.63 64.613 3.79983 3.55784 110.788 538.232
216.436 64.5012 3.56601 3.31693 78.6517 498.491
221.784 64.453 2.96501 2.7946 92.9081 509.355
221.784 64.4525 2.96533 2.78638 100.129 509.292
223.67 64.5753 2.88701 2.71779 99.7759 560.899
195.344 61.9331 3.55082 3.39222 31.1269 1262.88
198.469 62.2938 3.61531 3.48501 58.3428 1100.62
201.699 62.7161 3.72593 3.57457 75.4674 940.998
217.924 64.0292 3.3629 3.15756 140.086 434.997
222.48 63.8433 2.81762 2.6813 147.082 461.442
197.317 61.3416 3.59799 3.41544 28.7289 1160.61
198.513 61.678 3.61531 3.46552 44.8502 1096.08
200.525 61.7105 3.66459 3.5268 45.0288 989.692
201.703 62.1344 3.71937 3.58748 74.36 931.483
203.311 62.2195 3.79726 3.67258 65.7182 849.695
205.146 62.1816 3.90098 3.82153 120.642 754.997
206.12 62.4787 3.95918 3.84538 132.315 713.765
216.652 63.0254 3.73688 3.47832 185.16 337.22
218.173 63.0618 3.23956 3.05341 130.216 326.551
221.871 63.109 2.68663 2.54455 59.4778 375.103
193.799 60.3849 3.44228 3.08829 25.6528 1362.27
198.04 60.7515 3.60081 3.43584 24.4547 1126.38
201.041 61.0224 3.67809 3.52081 36.6774 961.851
202.562 61.4009 3.74942 3.62637 43.17 880.158
204.176 61.4907 3.83254 3.77992 54.7002 794.825
205.609 61.9037 3.94322 3.91654 99.9839 725.411
206.868 61.8823 4.04533 4.07102 114.445 659.929
209.88 61.7531 4.0894 4.69451 182.506 502.647
217.004 62.4013 3.76521 3.54629 145.331 265.547
218.122 62.3579 3.10412 3.07469 222.805 248.541
221.538 62.4435 2.45904 2.33857 150.569 302.871
223.206 62.5763 2.47338 2.33188 166.893 368.654
225.609 62.2024 2.57906 2.30465 135.246 443.995
198.315 59.9237 3.56007 3.2623 88.6275 1123.76
199.908 60.1686 3.60653 3.34491 45.1992 1031.83
201.231 60.4742 3.65347 3.3931 74.7301 955.281
202.813 60.5269 3.70451 3.42396 86.1124 868.139
204.11 60.6801 3.75765 3.48804 107.847 796.295
205.516 60.8132 3.82752 3.52736 105.463 719.412
207.791 61.2001 4.04878 3.92458 82.6771 599.113
222.911 61.4593 2.27139 2.01124 34.3554 279.538
224.22 61.4862 2.31501 1.97488 53.0563 343.292
226.918 61.1512 2.50415 2.27994 88.0392 471.38
198.736 59.2533 3.58285 3.31277 33.3904 1115.69
200.175 59.1767 3.61594 3.37015 46.5963 1037.83
201.907 59.5938 3.67103 3.41934 75.8935 931.772
202.905 59.7733 3.70432 3.43964 71.3982 872.874
204.792 59.8542 3.77487 3.44722 122.319 766.887
205.68 60.1952 3.81551 3.4893 103.52 713.282
207.376 60.0815 3.91869 3.54032 100.193 620.576
210.276 60.4814 4.12704 4.6778 291.334 458.517
223.909 60.7704 2.20063 1.96024 89.7243 303.345
190.452 56.6011 3.41826 3.07512 15.5498 1676.82
202.009 59.0314 3.66596 3.40156 64.1403 939.902
203.561 59.1953 3.72248 3.47438 78.9201 849.269
204.771 59.3922 3.76809 3.51834 96.9919 777.162
206.768 59.6524 3.86138 3.67121 151.978 660.671
223.04 60.1218 1.97138 1.78816 100.596 249.699
226.285 59.5898 2.3686 2.16188 62.1559 437.58
227.183 60.2114 2.46606 2.23817 84.2814 479.062
212.566 65.1171 3.8028 3.42632 241.071 633.644
203.344 58.6774 3.68578 3.51881 56.1532 876.545
204.113 58.2637 3.67087 3.53338 52.3965 848.838
204.991 58.6484 3.72032 3.57938 83.8823 786.367
206.355 58.9287 3.78928 3.66616 89.5208 701.798
207.606 58.6097 3.7311 3.70321 125.984 644.03
213.66 59.4296 3.87021 3.27909 384.353 285.482
227.731 58.9601 2.471 2.22409 53.2535 535.231
202.426 57.5673 3.55313 3.32477 51.0406 970.73
203.613 57.6397 3.55557 3.31809 43.7475 902.639
205.548 57.5665 3.51624 3.23406 35.6782 801.482
229.033 59.3946 2.56051 2.35048 44.0536 594.36
223.768 57.9616 2.13334 1.76007 29.0463 385.179
225.424 57.4688 2.1662 1.62926 24.4109 495.917
227.048 56.8144 2.33242 1.78698 21.0094 618.07
212.138 64.8735 3.85996 3.49229 177.064 622.016
210.428 68.6408 3.45384 3.1251 177.22 1023.75
229.974 55.9154 2.4741 1.82848 17.9736 821.056
218.842 64.7774 3.27086 3.076 84.4785 517.418
227.653 56.4191 2.35596 1.64459 29.2552 675.011
209.768 62.6893 4.00209 4.3974 29.6238 547.679
211.063 63.7323 3.97517 4.00489 193.596 560.556
211.14 63.4057 4.08869 4.1781 142.944 533.817
212.952 61.1216 3.06995 2.86386 19.8879 325.194
210.84 64.6544 3.74938 3.73497 88.1823 641.227
210.867 64.709 3.73711 3.7129 117.695 644.929
210.853 64.7716 3.72841 3.6992 109.18 650.614
210.847 64.8338 3.71575 3.70619 95.599 656.06
210.44 64.87 3.70515 3.6057 113.106 671.84
210.174 64.8537 3.71023 3.62247 123.102 679.033
210.069 64.7653 3.72325 3.62359 148.033 675.347
210.917 64.5498 3.76931 3.70566 136.717 630.115
210.782 64.5716 3.76423 3.72227 85.179 636.266
210.554 64.5756 3.75862 3.69498 103.771 644.048
210.901 64.613 3.75515 3.73342 175.611 635.864
211.172 64.6917 3.72567 3.67921 150.195 633.97
216.749 60.4427 3.63891 3.30667 310.173 105.12
216.976 61.3836 3.97946 3.93187 272.622 163.181
217.533 61.187 2.93174 2.81127 336.128 129.475
216.221 60.072 4.24535 3.47065 84.6943 129.577
216.546 61.2275 5.09357 4.63681 227.017 163.478
212.567 65.1173 3.80392 3.44045 61.5167 633.655
212.57 65.1176 3.80392 3.43918 63.2811 633.614
220.454 59.9722 2.75423 2.03117 67.5512 107.815
209.768 62.6892 4.00213 4.39744 29.6238 547.685
210.59 60.0084 4.00705 4.58087 274.53 442.962
210.23 59.8351 3.91854 4.42824 38.4315 465.173
210.402 60.8738 4.20988 5.00153 99.2363 454.682
210.574 60.776 4.25501 4.95285 72.4308 444.177
209.918 61.8636 4.10441 4.67272 133.783 504.477
210.331 61.4859 4.15334 4.70092 42.6806 471.376
209.538 60.4832 4.05253 4.48664 99.7522 499.073
210.519 60.6717 4.21903 4.89541 173.925 446.192
210.455 61.3427 4.2042 4.82425 43.8476 461.08
210.626 60.4754 4.18811 4.90577 82.1954 439.248
209.518 60.7352 4.06578 4.56039 55.2639 501.23
209.971 61.6954 4.0937 4.60945 64.0106 496.168
209.968 60.4881 4.09523 4.65729 152.059 475.435
210.253 60.4731 4.12249 4.64208 61.6833 459.747
209.81 60.4601 4.07385 4.53077 78.3672 484.107
209.518 60.7351 4.0656 4.56019 55.2639 501.207
