# evlo=218.6259 evla=60.246899
221.171 59.4924 2.84607 2.27292 175.174 165.498
216.3 60.3932 2.81065 2.45806 81.375 129.574
216.716 60.1205 2.54919 2.00941 67.4044 106.914
215.271 60.5805 2.88977 2.55761 67.1516 188.55
216.679 60.2805 2.72041 2.28688 53.4722 107.832
216.749 60.4427 2.84594 2.57956 63.4364 105.907
216.976 61.3836 3.1614 3.0217 99.9068 155.246
216.031 60.2361 2.65195 2.20364 52.8378 143.745
217.533 61.1871 3.17264 3.05669 103.764 120.559
216.221 60.072 2.40303 1.85655 81.7105 134.954
216.546 61.2275 3.19648 3.11788 110.29 157.528
226.475 68.3065 3.18152 2.96953 49.1331 973.838
207.417 57.7828 2.90848 2.6151 87.7688 698.924
212.138 64.8736 3.1777 2.9694 106.292 613.532
218.842 64.7774 3.39102 3.02928 94.634 505.062
212.952 61.1216 3.43698 2.94442 35.8879 324.884
216.296 60.3923 2.81446 2.46139 81.375 129.749
216.716 60.1205 2.54919 2.00941 67.4044 106.914
215.271 60.5805 2.88977 2.55761 67.1516 188.55
216.679 60.2805 2.72041 2.28688 53.4722 107.832
216.749 60.4427 2.84594 2.57956 63.4364 105.907
216.976 61.3836 3.1614 3.0217 99.9068 155.246
216.031 60.2361 2.65195 2.20364 52.8378 143.745
217.533 61.187 3.17225 3.05632 103.764 120.544
216.221 60.072 2.40303 1.85655 81.7105 134.954
216.546 61.2275 3.19648 3.11788 110.29 157.528
220.454 59.9722 2.80227 2.24192 143.888 106.183
210.813 60.8045 3.06788 2.98392 40.4618 433.244
