# evlo=231.195404 evla=60.119701
235.227 58.6614 3.27716 3.07244 53.472 280.786
234.769 58.8471 3.24954 3.09765 71.1701 247.13
234.233 58.9305 3.23538 3.03046 76.1965 217.009
233.891 59.4223 3.2316 3.01244 35.2207 170.212
233.05 59.6548 3.21616 2.95365 46.3691 116.028
228.256 59.933 3.20297 2.92077 91.5639 165.211
227.254 60.1694 3.20528 2.92843 49.431 218.991
226.693 60.4834 3.22112 2.96529 87.1436 252.153
225.753 60.434 3.24149 3.00065 85.8723 303.108
237.284 58.3883 3.19753 3.01858 29.8191 397.094
237.286 58.0965 3.33676 3.41445 15.1016 415.175
237.423 57.0779 3.26596 3.06357 50.7304 495.513
210.176 67.8516 3.18511 2.96544 16.8332 1330.59
210.418 68.0789 3.25397 2.9376 31.2691 1334.87
204.534 64.74 3.20042 2.92367 22.3908 1457.05
210.41 68.6274 3.15375 2.91587 15.906 1368.09
209.89 67.3812 3.19722 2.97442 29.06 1315.91
230.745 53.425 3.36016 3.00639 16.6747 745.994
230.743 53.517 3.36044 2.99924 27.9027 735.766
230.943 53.673 3.20215 2.9745 35.3897 718.052
231.321 53.9 3.20088 2.98168 23.9681 692.665
231.373 54.036 3.35045 2.97862 24.5073 677.571
231.424 54.17 3.35717 2.9813 22.5413 662.715
231.479 54.262 3.19357 2.99587 26.9767 652.554
231.436 54.358 3.19424 3.00992 19.8648 641.808
231.416 54.467 3.19216 2.9709 32.5221 629.651
231.542 54.539 3.19228 2.98527 33.6848 621.845
231.6 54.636 3.19461 2.97235 25.5022 611.181
231.677 54.722 3.19518 2.97176 28.2634 601.818
231.696 54.801 3.19727 2.9804 35.4229 593.089
231.665 54.851 3.18862 2.96219 36.8881 587.437
231.681 55.018 3.19415 2.94912 36.1504 568.913
231.846 55.084 3.19904 2.97616 30.3466 562.167
232.267 55.179 3.21004 2.99868 31.196 553.94
232.385 55.267 3.21395 3.02319 29.3979 545.068
232.359 55.411 3.21587 3.01388 23.2145 528.955
233.021 52.3437 3.32564 2.94154 15.0784 873.106
233.165 52.3901 3.2131 2.98227 20.2578 869.172
233.315 52.3748 3.21862 2.99 22.7245 872.2
233.445 52.404 3.22733 3.00659 22.5327 870.222
233.582 52.4315 3.23217 3.02338 26.8046 868.583
233.654 52.4412 3.23389 3.029 23.6694 868.267
233.783 52.4386 3.23676 3.04325 17.9829 869.972
233.869 52.4069 3.23683 3.02799 16.2537 874.439
233.933 52.3681 3.23834 3.04457 18.5822 879.439
234.034 52.3981 3.2372 3.05933 15.0156 877.367
234.223 52.362 3.23583 3.04074 18.1392 883.706
