# evlo=237.012001 evla=57.7103
216.679 60.2805 3.19168 2.99733 16.6374 1198.09
235.766 58.6528 3.21906 2.93676 34.2537 128.027
235.227 58.6614 3.31641 3.11312 51.3431 149.132
234.233 58.9305 3.32172 3.03595 38.8083 212.09
233.891 59.4223 3.2831 3.16024 43.237 263.291
233.05 59.6548 3.34023 3.76623 35.4533 315.702
232.224 60.0057 3.41713 3.84482 35.7172 376.297
230.28 60.1576 3.28217 3.29594 25.9176 473.565
228.256 59.933 3.29163 3.09429 15.8697 562.63
226.693 60.4834 3.25518 3.01636 33.2415 666.221
225.753 60.434 3.2545 3.10685 47.6667 712.3
204.534 64.74 3.21148 2.94666 17.6033 1885.28
216.679 60.2805 3.19168 2.99733 16.6374 1198.09
