# evlo=209.736496 evla=66.206596
217.908 60.4896 3.17155 2.93142 67.2774 755.965
217.507 60.403 3.15646 2.90216 58.5067 753.952
218.338 61.0595 3.16313 2.94119 155.577 713.518
216.3 60.3932 3.14094 2.84458 55.3891 725.913
216.679 60.2805 3.11985 2.81344 40.1584 746.006
218.244 60.7315 3.18065 2.97409 118.47 741.852
217.659 60.6024 3.17096 2.92853 49.6006 738.346
217.639 60.9231 3.16048 2.93963 60.2952 706.72
217.277 60.2474 3.14344 2.87864 42.6228 763.619
218.995 60.824 3.15893 2.94933 20.4887 754.973
216.976 61.3836 3.17021 2.94306 108.268 644.392
218.049 60.1785 3.27474 2.87081 27.5455 790.114
216.031 60.2361 3.1191 2.78783 120.835 736.099
217.533 61.1871 3.16544 2.9465 183.667 678.476
218.652 60.2994 3.17021 2.94663 71.7963 794.694
219.217 60.1294 3.15543 2.94274 105.559 826.962
216.221 60.072 3.20855 2.73111 57.64 757.041
218.856 60.4399 3.19396 2.97539 62.4792 787.011
216.546 61.2275 3.1412 2.84142 31.9599 648.278
225.753 60.434 3.24318 3.02811 21.2267 1023.7
210.176 67.8516 3.1591 2.90834 241.567 184.452
210.418 68.0789 3.15867 2.98561 204.326 210.886
198.722 65.4015 3.21309 2.96592 82.938 511.169
211.164 69.0223 3.05676 2.76038 208.509 319.825
211.489 65.5114 3.1121 2.93755 204.794 111.386
211.449 65.522 3.14087 3.07121 34.0103 109.239
211.554 70.2036 3.01063 2.72108 79.5239 452.09
204.534 64.74 3.24425 3.0527 59.5574 291.166
211.306 69.424 3.01796 2.66361 194.804 364.865
210.41 68.6274 3.11742 2.88272 226.353 271.522
209.89 67.3812 3.18921 3.0839 240.449 131.165
217.908 60.4896 3.17155 2.93142 67.2774 755.965
217.507 60.403 3.15646 2.90216 58.5067 753.952
218.338 61.0595 3.16314 2.9412 155.577 713.521
216.296 60.3923 3.141 2.84464 55.3891 725.928
216.679 60.2805 3.11985 2.81344 40.1584 746.006
218.244 60.7315 3.18065 2.97409 118.47 741.852
217.659 60.602 3.17107 2.92864 49.6006 738.373
217.639 60.9231 3.16046 2.93961 60.2952 706.714
217.277 60.2474 3.14344 2.87864 42.6228 763.619
218.995 60.8241 3.15889 2.9493 20.4887 754.964
216.976 61.3836 3.17021 2.94306 108.268 644.392
218.049 60.1785 3.27474 2.87081 27.5455 790.114
216.031 60.2361 3.1191 2.78783 120.835 736.099
217.533 61.187 3.16551 2.94656 183.667 678.491
218.652 60.2994 3.17021 2.94663 71.7963 794.694
219.217 60.1294 3.15543 2.94274 105.559 826.962
216.221 60.072 3.20855 2.73111 57.64 757.041
218.856 60.4399 3.19396 2.97539 62.4792 787.011
216.546 61.2275 3.1412 2.84142 31.9599 648.278
210.406 60.5508 3.17094 2.90865 24.9055 631.314
210.59 60.0084 3.17697 2.93676 19.2029 692.195
210.402 60.8738 3.14801 2.8772 25.4473 595.358
210.574 60.776 3.16244 2.87916 117.519 606.766
210.502 61.001 3.15574 2.83713 34.0307 581.503
211.909 60.5183 3.16367 2.8682 31.8812 643.208
210.455 61.3427 3.14917 2.86035 24.7017 543.342
209.971 61.6954 3.08139 2.63305 41.9319 503.021
212.047 60.7098 3.165 2.86003 39.1577 623.351
211.068 60.8049 3.16856 2.85881 105.017 605.728
208.919 60.4641 2.98666 2.43534 20.9985 641.391
211.376 60.7866 3.16145 2.85906 39.129 609.604
