# evlo=209.328995 evla=66.7192
217.908 60.4896 3.17536 2.94299 80.9052 812.919
217.507 60.403 3.15721 2.90918 92.396 811.458
218.338 61.0595 3.16956 2.9413 155.548 769.05
216.3 60.3932 3.14378 2.8477 51.5294 784.587
218.244 60.7315 3.18295 2.95778 126.495 798.056
217.659 60.6024 3.17144 2.92641 57.0131 795.447
217.639 60.9231 3.16207 2.93285 94.0156 763.408
218.995 60.824 3.29703 2.95014 22.5259 810.011
216.976 61.3836 3.17087 2.92856 115.856 701.241
218.049 60.1785 3.15472 2.87773 34.9977 847.285
216.031 60.2361 3.12661 2.80293 123.649 795.088
217.533 61.1871 3.17015 2.93774 189.921 734.895
218.652 60.2994 3.1726 2.94231 75.928 851.018
219.217 60.1294 3.15784 2.95326 106.189 882.837
218.856 60.4399 3.1933 2.9559 65.9906 842.879
216.546 61.2275 3.1552 2.90917 46.5841 705.888
212.138 64.8736 3.15441 2.92392 348.184 242.605
218.842 64.7774 3.28629 3.17096 89.268 486.298
225.753 60.434 3.33951 3.03173 16.3193 1069.55
210.176 67.8516 3.1442 2.93801 294.238 131.466
210.418 68.0789 3.13132 2.99028 250.865 158.676
198.722 65.4015 3.18856 2.90761 135.258 501.714
211.164 69.0223 3.03124 2.7243 337.552 268.186
211.489 65.5114 3.13971 2.92547 406.284 166.317
211.449 65.522 3.1423 2.88182 55.045 164.287
194.662 64.5695 3.18634 2.94813 83.2447 714.482
211.554 70.2036 2.96267 2.5335 89.1277 399.149
211.306 69.424 2.98369 2.58353 256.605 312.702
210.41 68.6274 3.09254 2.86213 263.966 217.698
210.457 65.825 3.18139 3.03739 331.131 111.848
217.908 60.4896 3.17536 2.94299 80.9052 812.919
217.507 60.403 3.15721 2.90918 92.396 811.458
218.338 61.0595 3.16957 2.94131 155.548 769.053
216.296 60.3923 3.14386 2.84776 51.5294 784.605
218.244 60.7315 3.18295 2.95778 126.495 798.056
217.659 60.602 3.17155 2.92651 57.0131 795.474
217.639 60.9231 3.16205 2.93283 94.0156 763.402
218.995 60.8241 3.297 2.9501 22.5259 810.001
216.976 61.3836 3.17087 2.92856 115.856 701.241
218.049 60.1785 3.15472 2.87773 34.9977 847.285
216.031 60.2361 3.12661 2.80293 123.649 795.088
217.533 61.187 3.17022 2.9378 189.921 734.91
218.652 60.2994 3.1726 2.94231 75.928 851.018
219.217 60.1294 3.15784 2.95326 106.189 882.837
218.856 60.4399 3.1933 2.9559 65.9906 842.879
216.546 61.2275 3.1552 2.90917 46.5841 705.888
210.59 60.0084 3.31771 2.92526 15.1277 750.65
210.23 59.8351 3.1809 2.94129 15.0898 768.65
210.574 60.776 3.16747 2.88829 62.4001 665.319
210.502 61.001 3.16376 2.86899 23.7562 640.01
211.909 60.5183 3.17546 2.87587 37.8598 702.808
210.455 61.3427 3.15873 2.89304 31.6424 601.852
212.047 60.7098 3.17516 2.87104 43.1178 683.054
211.068 60.8049 3.17296 2.87433 85.1073 664.783
208.919 60.4641 3.00968 2.50936 19.1339 697.552
211.376 60.7866 3.16723 2.88636 34.8887 668.909
