# evlo=210.440201 evla=64.870003
194.627 64.5646 3.15294 2.83374 97.8074 752.68
217.908 60.4896 3.22319 3.11808 46.4588 619.428
217.654 61.036 3.16324 2.91507 164.92 562.048
217.507 60.403 3.19434 3.04097 33.7596 615.113
218.338 61.0595 3.17621 2.99044 116.555 583.084
220.363 59.9534 3.16865 3.00486 28.4817 748.927
216.3 60.3932 3.14785 2.85578 115.879 582.006
225.144 58.5792 3.21101 2.9845 65.1355 1042.29
216.716 60.1205 3.07747 2.74104 99.6477 619.714
215.395 60.9677 3.15025 2.85185 105.112 502.226
209.013 64.0997 3.16513 2.77508 350.381 109.931
209.094 59.7511 2.93441 2.4022 99.2557 574.727
209.259 59.7417 3.14002 2.88607 103.612 574.801
208.846 60.7683 2.99297 2.49887 145.592 464.3
207.916 63.4188 3.18512 2.86675 297.708 203.132
207.685 63.8827 3.14527 2.77625 431.971 172.62
209.796 67.2269 3.13363 2.88677 327.805 264.425
216.907 60.7523 3.18875 2.87596 73.3718 564.581
218.66 60.9649 3.17755 2.99181 66.2147 602.362
209.738 62.4058 3.12482 2.79117 232.518 276.883
217.513 60.0823 3.12917 2.81464 54.2627 645.555
212.624 63.0753 3.11741 2.79292 311.065 226.837
215.93 63.6482 3.14434 2.81052 182.805 298.843
215.271 60.5805 3.13904 2.88571 113.1 537.813
216.679 60.2805 3.12368 2.83347 59.3491 603.132
218.244 60.7315 3.17999 2.96944 120.34 608.475
217.659 60.6024 3.20613 3.02937 17.9371 601.311
216.749 60.4427 3.14513 2.83856 104.946 589.392
217.277 60.2474 3.14863 2.84595 18.0913 623.025
218.995 60.824 3.17982 3.02777 71.6564 626.105
216.976 61.3836 3.16039 2.9613 76.7839 509.147
218.049 60.1785 3.1475 2.89623 50.0773 652.485
216.031 60.2361 3.10575 2.76694 151.937 590.646
217.533 61.1871 3.1588 2.89593 81.047 544.74
218.652 60.2994 3.18014 2.94911 31.5931 660.47
219.217 60.1294 3.16638 2.94001 122.946 694.302
216.546 61.2275 3.16771 2.92416 136.123 509.659
198.929 70.2043 2.93052 2.4773 45.0038 768.849
203.383 71.3221 3.05353 2.46943 65.6211 776.147
198.198 69.3641 2.98515 2.67448 55.0874 728.087
202.84 70.0079 2.91078 2.37161 97.975 657.935
205.387 69.6211 2.99474 2.52044 78.2017 572.576
206.58 70.34 2.91057 2.38357 103.762 631.46
194.656 68.2746 3.12825 2.83805 48.5643 793.649
196.822 68.4753 3.1068 2.83176 21.3139 721.49
200.413 69.1049 3.02624 2.72361 69.6007 642.353
205.217 69.1565 3.02 2.61401 128.186 529.075
209.387 69.836 2.96101 2.54425 119.552 555.664
211.299 69.72 3.04854 2.72958 77.4568 542.149
215.088 69.9175 3.09707 2.85414 105.829 596.808
216.289 69.626 3.09485 2.83614 115.837 586.845
235.93 69.3475 3.19898 2.89605 78.1657 1202.67
196.917 67.6988 3.17188 2.89359 51.6914 682.273
201.885 68.4946 3.0924 2.83409 66.7502 552.502
203.387 68.7132 3.09096 2.81245 127.568 528.437
207.318 68.8799 3.07692 2.76896 140.336 467.519
209.319 68.9656 3.05016 2.74606 227.909 459.35
211.177 69.1532 3.05575 2.72802 119.105 478.738
213.625 69.322 3.11296 2.87676 216.994 515.248
219.035 69.243 3.08907 2.76734 53.5911 613.448
221.263 69.3286 3.11275 2.77374 62.7369 682.47
198.174 67.082 3.19917 2.90498 46.19 608.282
199.397 67.4213 3.17468 2.91414 104.3 572.856
202.768 67.4572 3.17162 2.96564 95.0342 450.039
203.811 68.2575 3.11507 2.89131 79.6101 478.345
206.028 68.4414 3.11806 2.84921 137.637 443.27
208.187 68.1343 3.1257 2.86461 149.287 377.519
210.384 68.0584 3.13236 2.88937 210.478 355.56
211.513 68.0748 3.12905 2.88235 130.225 360.551
214.432 68.1207 3.09715 2.79748 151.398 403.532
218.405 68.1861 3.12982 2.73347 178.276 511.275
220.465 68.6043 3.14157 2.78607 87.3613 605.951
222.103 68.3889 3.15081 2.8189 128.988 646.933
223.281 66.3701 3.18798 2.87697 200.568 613.634
193.671 65.4742 3.16691 2.87513 59.3715 786.516
195.352 65.7077 3.16627 2.87668 66.5356 708.521
198.75 66.442 3.37216 2.89623 36.4032 564.788
200.349 66.6001 3.19952 2.89884 21.6345 500.825
202.227 66.8332 3.21218 2.96016 89.1705 433.799
204.275 67.0486 3.16547 2.94815 83.0919 370.69
206.517 67.2221 3.14039 2.89369 239.333 316.739
207.821 67.5076 3.12475 2.86523 193.658 316.856
212.113 67.5187 3.12102 2.82333 264.645 304.794
214.357 67.5933 3.10243 2.74786 205.285 350.954
215.855 67.6946 3.11241 2.75493 105.242 397.591
220.128 67.6136 3.1626 2.87239 102.525 531.481
224.214 67.6106 3.15162 2.87384 143.597 688.778
226.258 67.441 3.15296 2.85754 91.025 766.578
218.842 64.7774 3.23312 2.97988 172.42 398.805
218.547 60.1369 3.70515 3.6057 113.106 671.84
217.908 60.4896 3.22319 3.11808 46.4588 619.428
217.507 60.403 3.19434 3.04097 33.7596 615.113
218.338 61.0595 3.17623 2.99045 116.555 583.088
216.296 60.3923 3.14784 2.85577 115.879 582.004
216.716 60.1205 3.07747 2.74104 99.6477 619.714
215.271 60.5805 3.13904 2.88571 113.1 537.813
216.679 60.2805 3.12368 2.83347 59.3491 603.132
218.244 60.7315 3.17999 2.96944 120.34 608.475
217.659 60.602 3.20624 3.02948 17.9371 601.333
216.749 60.4427 3.14513 2.83856 104.946 589.392
217.277 60.2474 3.14863 2.84595 18.0913 623.025
218.995 60.8241 3.17977 3.02773 71.6564 626.096
216.976 61.3836 3.16039 2.9613 76.7839 509.147
218.049 60.1785 3.1475 2.89623 50.0773 652.485
216.031 60.2361 3.10575 2.76694 151.937 590.646
217.533 61.187 3.15889 2.89601 81.047 544.755
218.652 60.2994 3.18014 2.94911 31.5931 660.47
219.217 60.1294 3.16638 2.94001 122.946 694.302
216.546 61.2275 3.16771 2.92416 136.123 509.659
