# evlo=210.916901 evla=64.549797
194.627 64.5646 3.13211 2.76577 81.1216 779.047
217.908 60.4896 3.20193 2.97739 51.1905 577.634
217.654 61.036 3.18404 2.95647 218.989 520.588
218.338 61.0595 3.1976 3.01938 165.023 542.154
220.363 59.9534 3.0854 2.79909 70.2075 708.109
216.3 60.3932 3.15946 2.87629 160.32 539.691
225.144 58.5792 3.21838 3.04702 35.5276 1003.15
216.716 60.1205 3.08436 2.74009 118.162 577.408
215.395 60.9677 3.17176 2.90712 190.521 459.905
209.259 59.7417 3.17674 2.99628 70.1428 542.736
207.916 63.4188 3.10918 2.64023 322.009 193.583
200.411 54.831 3.19792 2.59933 32.6808 1230.24
207.685 63.8827 3.09154 2.57536 280.609 173.632
209.796 67.2269 3.10116 2.78273 315.219 302.843
216.907 60.7523 3.20878 2.89556 90.746 522.502
218.66 60.9649 3.19855 3.02808 105.708 561.554
209.738 62.4058 3.13856 2.82974 229.835 246.102
217.513 60.0823 3.13946 2.83646 81.4827 603.394
212.624 63.0753 3.16206 2.9006 281.066 184.617
215.93 63.6482 3.16635 2.90307 123.441 264.212
196.582 54.8564 3.12065 2.65653 33.9304 1341.54
215.271 60.5805 3.15306 2.91416 136.978 495.563
216.679 60.2805 3.13644 2.84557 84.7028 560.843
218.244 60.7315 3.1969 3.00416 139.254 567.084
217.659 60.6024 3.21928 3.03197 62.9412 559.473
216.749 60.4427 3.15812 2.85404 122 547.149
217.639 60.9231 3.18828 2.98533 157.635 530.044
217.277 60.2474 3.16036 2.83665 27.8559 580.855
218.995 60.824 3.19787 3.02305 108.142 585.365
216.976 61.3836 3.18039 2.98949 128.845 467.606
218.049 60.1785 3.16526 2.94443 62.1919 610.557
216.031 60.2361 3.11537 2.79078 144.03 548.332
217.533 61.1871 3.18044 2.9564 190.682 503.366
218.652 60.2994 3.19432 2.99046 90.2468 618.925
219.217 60.1294 3.17739 2.97867 172.071 652.935
216.221 60.072 3.06823 2.71386 92.471 569.408
218.856 60.4399 3.20066 3.03671 145.418 613.352
216.546 61.2275 3.18928 2.96136 149.784 467.712
198.929 70.2043 2.93785 2.5167 37.312 811.155
203.383 71.3221 3.15782 2.43453 87.4623 817.321
198.198 69.3641 3.00276 2.76415 30.9775 769.975
202.84 70.0079 2.91321 2.38029 86.6634 699.995
205.387 69.6211 2.99134 2.52481 83.7274 613.943
194.656 68.2746 3.11358 2.80185 59.6432 833.107
198.806 68.6483 3.09451 2.87342 36.3476 703.024
200.413 69.1049 3.02437 2.73472 68.1852 684.487
205.217 69.1565 3.01648 2.60117 131.817 570.845
209.387 69.836 2.95481 2.50208 90.6238 593.195
215.088 69.9175 3.07657 2.71035 66.4778 624.808
216.289 69.626 3.08964 2.79623 39.907 611.817
235.93 69.3475 3.22335 2.95282 56.7944 1205.62
196.917 67.6988 3.15219 2.84604 60.8109 721.21
201.885 68.4946 3.07723 2.80969 79.3642 594.57
203.387 68.7132 3.07981 2.79101 100.273 570.759
207.318 68.8799 3.05694 2.73512 130.276 508.12
209.319 68.9656 3.03462 2.68318 182.853 497.402
211.177 69.1532 3.04621 2.69808 115.03 513.493
213.625 69.322 3.07787 2.76024 155.549 545.084
219.035 69.243 3.12143 2.85614 68.1066 631.653
198.174 67.082 3.17069 2.85569 45.1727 645.986
199.397 67.4213 3.16105 2.86432 92.9643 612.141
202.768 67.4572 3.16706 2.98209 80.1132 491.208
203.811 68.2575 3.10303 2.89049 84.7679 520.638
206.028 68.4414 3.10352 2.80186 122.751 485.157
208.187 68.1343 3.0987 2.82247 183.287 417.906
210.384 68.0584 3.10282 2.79746 250.248 391.977
211.513 68.0748 3.10444 2.81258 196.712 393.983
214.432 68.1207 3.11757 2.79372 123.407 428.053
220.465 68.6043 3.1677 2.89367 58.4925 618.339
222.103 68.3889 3.18544 2.95346 88.3503 655.448
223.281 66.3701 3.20399 2.92031 145.31 606.883
193.671 65.4742 3.14262 2.80739 82.5156 817.082
195.352 65.7077 3.13973 2.81429 70.4543 740.071
198.75 66.442 3.16822 2.78872 57.6432 600.348
200.349 66.6001 3.17945 2.85935 43.1396 537.849
202.227 66.8332 3.18295 2.88272 78.5863 472.959
204.275 67.0486 3.14519 2.90591 64.6076 411.945
206.517 67.2221 3.11893 2.83838 236.356 359.061
207.821 67.5076 3.09917 2.79985 200.132 358.357
212.113 67.5187 3.07685 2.66711 241.025 335.452
214.357 67.5933 3.10159 2.55696 74.9094 373.28
215.855 67.6946 3.12732 2.75818 140.601 415.36
220.128 67.6136 3.19072 3.02015 70.4453 538.089
224.214 67.6106 3.1857 2.93094 151.326 689.889
226.258 67.441 3.17435 2.89441 108.718 765.003
218.842 64.7774 3.27329 3.01378 144.705 379.161
218.547 60.1369 3.76931 3.70566 136.717 630.115
217.908 60.4896 3.20193 2.97739 51.1905 577.634
218.338 61.0595 3.19762 3.0194 165.023 542.158
216.296 60.3923 3.15945 2.87629 160.32 539.689
216.716 60.1205 3.08436 2.74009 118.162 577.408
215.271 60.5805 3.15306 2.91416 136.978 495.563
216.679 60.2805 3.13644 2.84557 84.7028 560.843
218.244 60.7315 3.1969 3.00416 139.254 567.084
217.659 60.602 3.2194 3.03209 62.9412 559.494
216.749 60.4427 3.15812 2.85404 122 547.149
217.639 60.9231 3.18824 2.98529 157.635 530.037
217.277 60.2474 3.16036 2.83665 27.8559 580.855
218.995 60.8241 3.19782 3.023 108.142 585.356
216.976 61.3836 3.18039 2.98949 128.845 467.606
218.049 60.1785 3.16526 2.94443 62.1919 610.557
216.031 60.2361 3.11537 2.79078 144.03 548.332
217.533 61.187 3.18053 2.95649 190.682 503.381
218.652 60.2994 3.19432 2.99046 90.2468 618.925
219.217 60.1294 3.17739 2.97867 172.071 652.935
216.221 60.072 3.06823 2.71386 92.471 569.408
218.856 60.4399 3.20066 3.03671 145.418 613.352
216.546 61.2275 3.18928 2.96136 149.784 467.712
