# evlo=231.436005 evla=54.358002
231.887 52.1847 3.22747 3.07048 40.5969 243.73
236.736 59.4036 3.44555 3.33541 31.3515 647.679
235.766 58.6528 3.20867 3.03542 24.3366 547.278
231.195 60.1197 3.19424 3.00992 19.8648 641.808
230.745 53.425 2.5917 3.09786 46.0133 113.348
232.267 55.179 3.25368 2.9715 87.9509 105.891
232.385 55.267 3.2544 2.97359 87.8259 118.158
232.359 55.411 3.25319 3.04088 86.3419 131.335
232.425 52.1577 3.32037 3.16395 19.198 253.601
232.644 52.2602 3.225 2.94229 27.851 246.948
232.744 52.294 3.2462 3.03623 35.0224 245.679
232.847 52.3171 3.27036 3.12143 38.9138 245.8
233.021 52.3437 3.28092 3.12879 38.2838 247.766
233.165 52.3901 3.27255 3.16357 33.73 247.387
233.445 52.404 3.21771 3.03411 20.2485 255.263
233.582 52.4315 3.26167 3.10941 40.7866 257.577
233.654 52.4412 3.28312 3.16439 39.1318 259.326
233.783 52.4386 3.26689 2.97863 21.1379 264.533
233.869 52.4069 3.28075 3.0846 33.042 270.821
233.933 52.3681 3.29262 3.13219 34.5923 276.864
234.15 52.4019 3.26345 3.05962 30.4465 282.805
234.223 52.362 3.27764 3.09391 35.8888 289.382
234.367 52.4126 3.26917 3.05286 30.9421 291.358
234.492 52.3773 3.26739 3.10894 39.9976 299.903
234.738 52.38 3.27413 3.10435 35.0926 311.005
234.917 52.3782 3.28198 3.11992 33.6132 319.678
