# evlo=230.973999 evla=53.769001
231.887 52.1847 3.22339 3.2147 40.1001 186.662
231.677 54.722 3.33851 3.01534 54.6064 115.553
231.696 54.801 3.34619 3.09068 47.6824 124.122
231.665 54.851 3.33588 3.1079 51.5698 128.56
231.681 55.018 3.27742 2.97271 48.1009 146.416
231.846 55.084 3.26099 3.05535 50.8796 156.933
232.267 55.179 3.27326 3.04986 59.3811 177.926
232.385 55.267 3.24615 3.07056 48.2616 190.134
232.359 55.411 3.2409 3.07224 44.6102 203.521
232.644 52.2602 3.35919 3.08526 31.8459 201.857
232.744 52.294 3.34789 3.14725 39.8972 202.591
232.847 52.3171 3.33773 3.22505 21.4444 204.647
233.021 52.3437 3.29444 3.03159 48.1698 209.738
233.165 52.3901 3.3117 3.19373 30.8141 212.364
233.315 52.3748 3.27285 3.18107 65.6479 220.658
233.445 52.404 3.26834 3.20552 67.0717 224.69
233.582 52.4315 3.25049 3.1606 68.6331 229.502
233.654 52.4412 3.25666 3.1783 67.2366 232.438
233.783 52.4386 3.24922 3.16333 61.1329 239.352
233.869 52.4069 3.25841 3.18271 62.8904 246.141
233.933 52.3681 3.2578 3.1668 53.3139 252.236
234.034 52.3981 3.25725 3.17646 41.1572 255.511
234.223 52.362 3.25101 3.13667 52.183 268.183
234.367 52.4126 3.24967 3.15947 50.754 272.845
234.492 52.3773 3.25868 3.18284 57.4095 282.056
234.738 52.38 3.27211 3.16699 54.9473 295.793
234.917 52.3782 3.273 3.13762 54.1963 306.197
