# evlo=216.715897 evla=60.120499
217.654 61.036 2.81246 2.35974 238.972 114.231
218.338 61.0595 2.84567 2.59292 414.584 137.277
220.363 59.9534 2.62903 2.20668 273.259 204.111
225.144 58.5792 2.95695 2.56267 100.415 508.875
215.395 60.9677 2.67802 2.36204 194.883 119.019
209.013 64.0997 3.09151 2.81191 120.68 597.88
209.094 59.7511 2.74279 2.43805 85.2408 427.883
209.259 59.7417 2.72699 2.38216 90.6461 418.885
210.701 64.1732 3.07984 2.75879 137.961 549.39
208.846 60.7683 2.77086 2.33553 43.3297 438.925
207.916 63.4188 3.0832 2.83801 122.788 591.564
207.685 63.8827 3.09368 2.81157 125.381 631.195
208.763 59.5251 2.74529 2.39483 102.873 450.779
218.66 60.9649 2.86641 2.71123 392.784 142.241
209.738 62.4058 3.06155 2.85075 115.82 452.472
212.624 63.0753 3.04187 2.69229 166.449 394.306
214.225 61.1292 2.7799 2.42851 201.829 176.686
215.93 63.6482 3.04584 2.79393 117.473 395.297
214.25 60.5487 2.44911 2.1375 161.97 144.309
213.401 60.7277 2.59343 2.30079 233.533 194.687
209.784 61.1426 2.88481 2.57703 81.9416 395.93
214.766 66.5657 3.10784 2.9176 79.5206 724.94
188.296 63.7758 3.02907 2.54307 36.2303 1531.95
216.188 61.4417 2.86779 2.54929 207.736 150
212.904 60.8792 2.69691 2.42849 223.122 225.853
218.244 60.7315 2.74091 2.49633 421.561 108.258
213.497 60.396 2.45282 2.05204 143.072 180.845
214.077 61.4924 2.87286 2.57551 220.23 209.728
197.4 66.8951 3.09984 2.79769 27.8819 1214.16
209.077 63.5527 3.08748 2.80302 146.844 554.53
218.995 60.824 2.87477 2.58107 398.115 147.843
216.976 61.3836 2.87317 2.54349 211.848 141.453
211.063 63.7318 3.06883 2.7585 129.164 499.75
209.256 65.0304 3.07404 2.71644 170.71 667.292
210.931 64.5928 3.084 2.74743 131.618 581.029
219.747 60.0959 2.58111 2.07137 461.008 168.618
220.599 59.667 2.55061 1.96784 247.411 223.109
214.475 65.5174 3.10204 2.90248 50.5181 612.182
207.811 62.8962 3.07137 2.84023 75.9564 565.358
217.533 61.1871 2.85262 2.41308 346.924 126.963
211.667 60.8584 2.78191 2.50641 118.765 289.415
210.261 61.0889 2.86852 2.59153 149.191 369.509
197.092 68.0541 3.17689 2.80597 48.1885 1292.77
215.154 63.7399 3.0379 2.85765 80.2953 411.588
218.652 60.2994 2.5686 2.01133 361.93 109.191
211.14 63.4056 3.07608 2.77272 119.322 469.468
219.217 60.1294 2.51171 1.97901 405.023 139.041
211.668 61.807 2.97958 2.73989 120.936 331.63
212.671 61.832 2.95257 2.69109 230.467 290.323
216.01 63.9761 3.04842 2.82391 121.59 431.271
214.792 60.5341 2.41097 2.0227 233.726 115.856
209.777 60.5117 2.8036 2.50227 131.24 385.782
189.752 57.1766 3.10249 2.62229 27.8655 1587.6
209.253 61.4636 2.89902 2.60545 96.6341 432.8
210.547 60.1043 2.68216 2.36167 147.228 342.914
218.856 60.4399 2.67771 2.37054 472.879 123.616
192.073 65.5598 3.11821 2.82859 48.5173 1382.07
209.711 63.4502 3.08638 2.80638 157.76 523.215
216.546 61.2275 2.77245 2.49935 254.3 123.697
211.449 62.8295 3.06423 2.74317 154.13 411.975
211.415 62.9628 3.06737 2.74895 82.2499 423.783
211.462 62.6812 3.05428 2.75719 79.1752 400.017
212.058 62.8349 3.05496 2.71294 112.817 391.106
211.771 63.0624 3.06964 2.74491 69.43 419.77
212.26 62.5808 3.02693 2.68753 143.861 363.178
211.152 62.8331 3.06482 2.77515 135.446 423.147
211.908 64.4716 3.06941 2.7506 95.6627 544.984
226.475 68.3065 3.15603 2.89354 79.987 1025.47
198.929 70.2043 3.0579 2.6042 23.6043 1388.56
203.383 71.3221 2.97508 2.56984 38.1067 1383.59
234.753 71.9871 3.17952 2.88443 61.2251 1541.25
202.84 70.0079 3.06409 2.58201 15.8678 1274.44
206.58 70.34 3.00264 2.74064 22.7546 1230.24
196.822 68.4753 3.09691 2.80114 32.3777 1328.37
200.413 69.1049 3.05264 2.7391 42.5655 1261.28
215.088 69.9175 3.0886 2.83392 39.2033 1094.87
216.289 69.626 3.09393 2.84876 65.0668 1059.95
235.93 69.3475 3.19759 2.92909 85.0859 1365.16
201.885 68.4946 3.08306 2.78204 39.4462 1171.12
203.387 68.7132 3.07858 2.75316 36.3772 1148.05
207.318 68.8799 3.1774 2.91691 26.2212 1073.11
213.625 69.322 3.08426 2.82485 74.05 1036.04
219.035 69.243 3.1277 2.90443 29.0288 1022.86
221.263 69.3286 3.15521 3.13528 19.6995 1048.5
199.397 67.4213 3.19319 2.80764 35.7117 1172.45
202.768 67.4572 3.11427 2.81825 46.7169 1063.57
203.811 68.2575 3.08769 2.76666 43.4431 1098.04
208.187 68.1343 3.24753 3.30452 21.5374 983.137
214.432 68.1207 3.08409 2.81328 54.585 898.607
218.405 68.1861 3.12312 2.88713 63.6262 902.805
220.465 68.6043 3.13403 2.89655 39.5062 962.524
222.103 68.3889 3.12659 2.86095 27.1063 957.174
223.281 66.3701 3.14331 2.87853 64.4855 769.809
193.671 65.4742 3.0386 2.79065 17.651 1308.26
198.75 66.442 3.11716 2.84233 34.2244 1137.35
202.227 66.8332 3.11746 2.82368 33.7977 1035.1
204.275 67.0486 3.10294 2.8011 48.3692 985.263
206.517 67.2221 3.09429 2.76943 80.2099 936.339
214.357 67.5933 3.09462 2.84335 43.4363 840.91
215.855 67.6946 3.10098 2.83992 43.854 845.36
220.128 67.6136 3.12681 2.88578 53.1136 851.648
224.214 67.6106 3.13689 2.84182 18.1104 911.197
226.258 67.441 3.14932 2.88459 65.4922 939.632
195.961 64.9941 3.09069 2.71616 22.4805 1190.24
199.349 65.5011 3.1047 2.84838 38.6478 1064.11
202.913 66.1434 3.10717 2.82458 31.3873 963.306
206.494 66.5156 3.09802 2.76369 70.3394 875.523
209.976 66.7108 3.22978 2.99098 30.3285 807.003
213.899 66.7653 3.09466 2.8278 28.7937 753.713
216.215 66.9498 3.10779 2.86767 44.5324 761.658
218.345 66.8088 3.10449 2.8628 48.8034 749.881
221.978 66.9116 3.12538 2.85558 29.7864 800.345
223.778 66.9808 3.14558 2.86657 52.1567 840.245
225.729 66.9227 3.14196 2.88312 47.5919 879.033
197.761 64.6379 3.01964 2.86757 16.1559 1096.68
201.637 65.1527 3.11043 2.83485 50.1183 951.63
203.551 65.5276 3.10842 2.84984 46.1489 898.847
205.119 65.4924 3.10316 2.83783 38.1465 839.214
207.195 65.6571 3.08911 2.74305 112.545 782.72
208.623 65.8937 3.08627 2.7474 76.3531 761.69
214.181 66.267 3.10271 2.84518 22.5384 696.747
218.473 66.2305 3.10263 2.85719 56.8642 686.704
221.631 66.2191 3.13075 2.85671 31.8158 722.938
225.657 65.8052 3.13042 2.90212 58.2241 777.715
214.843 62.3987 2.98551 2.71779 116.236 273.008
199.305 63.8864 3.09082 2.82824 32.8571 999.893
205.522 64.7962 3.10244 2.83818 43.3749 776.06
208.018 65.18 3.07528 2.73075 113.404 717.669
216.846 65.3064 3.09613 2.86439 99.2028 578.041
218.385 65.6035 3.09978 2.86133 82.2912 616.951
220.064 65.4483 3.09524 2.87611 37.4771 617.721
221.694 65.3609 3.13619 2.8739 91.5396 636.646
223.623 65.2225 3.13716 2.91656 54.7514 668.958
199.398 63.2842 3.07621 2.82174 30.2068 978.003
200.922 63.3965 3.08112 2.84632 18.1737 907.432
203.285 63.465 3.0784 2.82207 31.7897 798.469
204.379 63.994 2.9785 2.86097 42.5218 774.328
205.853 64.1767 3.09692 2.82706 96.0589 723.08
214.63 64.613 3.07891 2.87755 72.2169 512.132
216.201 64.5654 3.07321 2.85977 25.6384 496.101
216.436 64.5012 3.06814 2.84643 110.597 488.444
221.784 64.453 3.115 2.86608 74.805 549.481
221.784 64.4525 3.11546 2.85391 42.8225 549.419
223.67 64.5753 3.1164 2.89065 75.0041 612.652
201.699 62.7161 3.02503 2.65741 19.2854 850.032
217.924 64.0292 3.06734 2.81604 118.937 440.145
222.48 63.8433 3.10743 2.86899 86.4005 512.86
203.311 62.2195 3.0154 2.79475 27.76 756.753
206.12 62.4787 2.86201 2.4869 56.7608 624.785
216.652 63.0254 3.02138 2.75641 115.691 323.735
218.173 63.0618 3.04647 2.74571 105.318 336.754
221.871 63.109 3.09047 2.83403 139.42 430.694
198.04 60.7515 2.95845 2.5131 19.12 1027.28
201.041 61.0224 2.91729 2.4719 21.7789 863.288
202.562 61.4009 2.88229 2.3824 20.3753 783.001
205.609 61.9037 2.99274 2.75565 49.6849 631.84
206.868 61.8823 2.97856 2.64399 34.4469 567.144
209.88 61.7531 2.96781 2.78756 74.0275 412.602
212.274 61.7929 2.96656 2.76205 97.7763 304.281
213.825 62.1067 2.97734 2.63006 130.675 270.641
217.004 62.4013 2.98407 2.75207 113.871 254.625
218.122 62.3579 3.03488 2.66854 172.774 260.488
221.538 62.4435 3.04504 2.83904 159.362 365.702
223.206 62.5763 3.07267 2.86491 143.529 441.849
225.609 62.2024 3.09534 2.93295 166.387 531.417
198.315 59.9237 2.97554 2.60202 32.9938 1023.01
199.908 60.1686 2.96439 2.56552 27.5571 931.285
201.231 60.4742 2.96219 2.64521 44.0339 855.218
202.813 60.5269 2.93435 2.59152 35.9576 768.07
204.11 60.6801 2.91136 2.58368 34.5617 696.584
205.516 60.8132 2.82267 2.30848 45.8109 620.157
207.791 61.2001 2.86382 2.56633 50.9518 502.215
215.402 61.6061 2.89363 2.47891 153.059 180.272
222.911 61.4593 3.03559 2.87368 168.809 368.755
224.22 61.4862 3.05409 2.90036 129.02 435.672
200.175 59.1767 2.97589 2.63559 17.0821 936.136
201.907 59.5938 2.9385 2.51807 28.4285 830.226
202.905 59.7733 2.92112 2.49952 53.9783 771.418
204.792 59.8542 2.87873 2.45091 84.5728 665.362
205.68 60.1952 2.84557 2.39146 73.8956 612.216
207.376 60.0815 2.94031 2.28683 92.7582 519.162
210.276 60.4814 2.77101 2.48083 152.329 358.2
219.809 60.7718 2.90505 2.66035 141.721 185.083
223.909 60.7704 3.06299 2.87731 56.5393 402.34
202.009 59.0314 2.94581 2.53878 41.8151 838.111
204.771 59.3922 2.88636 2.4871 60.7935 675.371
206.768 59.6524 2.95613 2.41329 76.8185 558.888
212.597 59.9979 2.45332 1.92534 116.482 229.798
222.262 59.6304 2.82912 2.52864 100.915 315.293
223.04 60.1218 2.92 2.49912 60.2329 351.471
226.285 59.5898 3.02042 2.81487 72.318 539.072
227.183 60.2114 3.08426 3.00313 63.2185 580.594
203.344 58.6774 2.87276 2.26073 20.6268 775.008
204.113 58.2637 2.79651 2.29412 21.5388 748.083
204.991 58.6484 2.86743 2.50977 46.1004 685.219
206.355 58.9287 2.81514 2.46153 50.0445 600.555
207.606 58.6097 2.74329 2.32238 52.0411 544.185
227.731 58.9601 3.04803 2.78862 72.543 635.612
203.613 57.6397 2.8517 2.45559 33.4655 803.015
229.033 59.3946 3.08048 2.84407 51.2091 695.974
223.768 57.9616 2.64418 1.8209 78.1842 470.53
225.424 57.4688 2.73579 1.88203 42.4069 583.05
228.869 57.9128 3.05757 2.74993 44.9316 738.915
227.048 56.8144 2.84063 2.10607 48.0229 705.373
229.75 56.9811 2.86743 2.13132 38.9533 833.726
229.974 55.9154 2.92123 2.24641 29.2344 910.517
218.842 64.7774 3.09448 2.82719 127.354 530.425
209.768 62.6893 3.07305 2.83679 96.1316 468.284
211.063 63.7323 3.06899 2.75864 129.164 499.776
211.14 63.4057 3.07609 2.77274 119.322 469.47
218.628 60.118 2.4763 1.95682 101.89 106.324
218.674 60.1912 2.52722 1.98741 88.7305 109.056
218.614 60.172 2.50546 1.96854 101.045 105.61
218.652 60.1592 2.5039 1.98309 108.252 107.666
218.626 60.2469 2.54919 2.00941 67.4044 106.914
211.301 69.7162 3.07679 2.80206 24.3112 1099.03
198.722 65.4015 3.10366 2.8424 64.34 1085.64
211.489 65.5114 3.29824 3.43607 50.0069 656.803
194.662 64.5695 3.06802 2.66055 23.974 1237.25
204.534 64.74 3.10649 2.83294 64.5563 810.762
209.89 67.3812 3.22516 2.98833 58.7359 875.495
210.84 64.6544 3.08359 2.76698 74.3876 589.135
210.867 64.709 3.08213 2.76162 94.6673 593.509
210.847 64.8338 3.08515 2.77122 71.6628 605.714
210.819 64.8857 3.0758 2.69721 27.6024 611.32
210.44 64.87 3.07747 2.74104 99.6477 619.714
210.174 64.8537 3.0736 2.72515 94.8512 625.433
210.069 64.7653 3.07448 2.72335 119.169 620.399
210.917 64.5498 3.08436 2.74009 118.162 577.408
210.554 64.5756 3.07939 2.74416 90.3212 589.671
210.901 64.613 3.08442 2.75461 120.495 583.694
211.172 64.6917 3.07816 2.75043 105.062 584.065
231.846 55.084 2.94295 2.34023 18.5478 1060.69
232.267 55.179 3.07983 2.7133 18.9712 1075.53
218.338 61.0595 2.84575 2.59299 414.584 137.281
218.244 60.7315 2.74091 2.49633 421.561 108.258
218.995 60.8241 2.87488 2.58117 398.115 147.849
216.976 61.3836 2.87317 2.54349 211.848 141.453
217.533 61.187 2.85247 2.41296 346.924 126.957
218.652 60.2994 2.5686 2.01133 361.93 109.191
219.217 60.1294 2.51171 1.97901 405.023 139.041
218.856 60.4399 2.67771 2.37054 472.879 123.616
216.546 61.2275 2.77245 2.49935 254.3 123.697
210.183 61.5919 2.92384 2.6996 64.5502 390.892
209.296 60.5169 2.82982 2.53917 59.1436 412.19
211.583 60.7746 2.75941 2.47151 136.318 291.707
209.768 62.6892 3.07308 2.83682 96.1316 468.288
211.822 60.7458 2.7307 2.47512 55.258 278.288
208.982 60.799 2.75365 2.24126 29.1424 431.924
210.406 60.5508 2.77509 2.49522 110.601 351.667
210.644 60.2564 2.70971 2.38158 77.2466 337.098
210.59 60.0084 2.66029 2.28109 103.867 341.238
210.23 59.8351 2.67339 2.21671 52.8135 363.384
210.574 60.776 2.81874 2.55555 72.7321 345.705
210.502 61.001 2.85159 2.61335 69.0591 354.528
209.918 61.8636 2.99702 2.82917 76.223 415.737
210.331 61.4859 2.90873 2.70062 57.3122 379.227
209.538 60.4832 2.8187 2.53882 68.7602 398.706
210.519 60.6717 2.80318 2.55101 81.744 346.984
211.909 60.5183 2.64964 2.36978 101.758 269.266
210.455 61.3427 2.88207 2.59948 77.9775 367.596
210.626 60.4754 2.98428 2.45895 62.7286 338.94
209.971 61.6954 2.96029 2.81024 63.8699 405.664
212.047 60.7098 2.71514 2.44899 161.889 265.458
211.068 60.8049 2.79741 2.52379 75.2337 319.829
209.968 60.4881 2.79371 2.52938 98.0544 375.121
210.253 60.4731 2.76936 2.48309 72.153 359.388
208.919 60.4641 3.00337 2.39406 64.4536 432.69
210.813 60.8045 2.81276 2.60286 94.3991 333.481
209.81 60.4601 2.79276 2.49715 69.9789 383.658
