# evlo=188.296402 evla=63.775799
217.908 60.4896 3.90437 3.65745 37.892 1572.16
217.654 61.036 3.9023 3.57485 56.0222 1533.67
217.507 60.403 3.90142 3.59413 15.5667 1556.64
218.338 61.0595 3.90131 3.64026 36.662 1566.31
220.363 59.9534 3.87883 3.5277 23.665 1720.48
216.3 60.3932 3.89714 3.6039 37.0967 1497.59
225.144 58.5792 3.90149 3.647 25.347 2033.05
216.716 60.1205 3.87467 3.60561 23.5836 1531.95
215.395 60.9677 3.88233 3.61777 34.4374 1425.4
209.013 64.0997 3.84512 3.79526 70.3857 1012.09
209.094 59.7511 3.85307 3.77247 41.2203 1179.52
209.259 59.7417 3.85307 3.76096 37.7526 1188
210.701 64.1732 3.84741 3.76144 75.9223 1092.51
208.846 60.7683 3.83302 3.6993 59.7664 1112.89
207.916 63.4188 3.87855 3.80735 63.8889 970.768
212.195 64.6453 3.8399 3.78627 84.0536 1157.66
207.685 63.8827 3.86192 3.83735 104.683 950.894
208.763 59.5251 3.84645 3.75849 41.3281 1176.91
209.796 67.2269 3.87993 3.76044 149.255 1060.34
216.907 60.7523 3.89079 3.57489 23.4317 1510.08
218.66 60.9649 3.89723 3.63832 28.3626 1586.52
209.738 62.4058 3.90412 3.66908 56.1703 1088.51
217.513 60.0823 3.88933 3.61021 30.1369 1573.2
212.624 63.0753 3.90737 3.76329 41.299 1209.89
214.225 61.1292 3.89664 3.61542 28.684 1360.36
215.93 63.6482 3.85862 3.81345 47.2888 1355.48
214.25 60.5487 3.87689 3.60677 47.4125 1388.89
196.582 54.8564 3.87207 3.83661 24.5449 1097.89
213.401 60.7277 3.86641 3.62579 45.9333 1338.4
209.784 61.1426 3.85958 3.67025 34.3619 1141.01
214.766 66.5657 3.85047 3.73617 94.6424 1268.52
203.121 64.7461 3.79384 3.71702 96.8769 724.98
211.074 61.771 3.91582 3.64127 28.5915 1177.74
216.188 61.4417 3.89172 3.62449 54.3687 1443.47
212.904 60.8792 3.87111 3.6194 44.6748 1306.72
215.271 60.5805 3.86715 3.60565 33.8776 1437.64
216.679 60.2805 3.88888 3.60595 30.6234 1521.96
218.244 60.7315 3.89686 3.60425 36.0749 1577
213.052 64.4091 3.84871 3.78135 96.5367 1201.7
213.497 60.396 3.87203 3.59423 46.3697 1359.41
215.738 60.3351 3.88363 3.6357 20.0164 1472.81
208.348 59.6572 3.84554 3.73832 34.3091 1149.27
217.659 60.6024 3.90258 3.63315 42.3025 1554.37
225.615 58.2758 3.89607 3.64923 22.8412 2074.4
215.581 59.9268 3.87977 3.65856 38.6061 1486.2
216.749 60.4427 3.89155 3.61677 30.9939 1517.29
217.639 60.9231 3.90829 3.60597 56.5827 1538.16
214.077 61.4924 3.91115 3.67347 39.0526 1337.27
211.542 61.4131 3.89746 3.67662 45.2097 1215.58
197.4 66.8951 3.92777 3.71951 74.5915 547.55
209.077 63.5527 3.87458 3.83417 87.9078 1024.76
218.995 60.824 3.89284 3.62586 35.6079 1609.63
216.976 61.3836 3.89196 3.64275 45.2729 1484.81
211.063 63.7318 3.86979 3.7879 96.4623 1117.84
211.768 64.9602 3.82849 3.78178 118.941 1134.36
218.049 60.1785 3.88646 3.6014 39.1624 1594.72
209.256 65.0304 3.80896 3.78592 139.909 1015.58
210.931 64.5928 3.83317 3.77962 93.7744 1098.08
216.031 60.2361 3.88976 3.63438 24.1294 1492.26
214.53 62.9699 3.89515 3.80079 64.3476 1306.13
219.747 60.0959 3.89139 3.53983 21.3334 1682.71
220.599 59.667 3.89032 3.56719 32.8194 1747.31
214.475 65.5174 3.83346 3.75041 142.233 1256.8
207.811 62.8962 3.89168 3.82093 75.5159 978.481
217.533 61.1871 3.8931 3.58499 51.5915 1520.88
211.667 60.8584 3.85284 3.63471 29.315 1246.8
215.323 60.3863 3.88026 3.64461 28.5827 1449.79
210.261 61.0889 3.87764 3.6663 58.4308 1166.93
197.092 68.0541 3.90148 3.68577 72.4018 621.834
215.154 63.7399 3.85996 3.84006 80.8401 1315.76
218.652 60.2994 3.8771 3.55828 16.4985 1618.31
211.14 63.4056 3.88647 3.79892 65.1305 1128.78
219.217 60.1294 3.88646 3.53427 24.8656 1654.83
211.668 61.807 3.90783 3.69701 66.5949 1205.63
212.671 61.832 3.90671 3.66245 43.8945 1254.1
216.01 63.9761 3.85098 3.80082 87.4589 1351.51
214.792 60.5341 3.88579 3.6287 28.7013 1416.3
205.816 56.5593 3.87596 3.7208 43.3932 1254.7
208.468 61.98 3.89542 3.6341 66.7631 1041.13
209.777 60.5117 3.83699 3.65433 52.6938 1171.24
189.752 57.1766 3.8959 3.73042 36.9956 739.578
209.253 61.4636 3.85976 3.62111 50.6043 1100.7
217.161 60.1791 3.88668 3.60798 35.0386 1550.89
216.221 60.072 3.8704 3.66199 23.7037 1510.08
210.547 60.1043 3.84559 3.68563 41.8714 1230.2
218.856 60.4399 3.88848 3.58683 21.0188 1621.33
217.171 60.7541 3.89795 3.5905 29.859 1522.99
209.711 63.4502 3.8736 3.80312 99.8706 1057.94
193.495 53.8452 3.85946 3.60365 27.6777 1145.33
216.546 61.2275 3.89312 3.6304 48.9899 1470.42
211.449 62.8295 3.91226 3.75117 49.8676 1159.37
211.415 62.9628 3.894 3.78468 16.6915 1153.8
212.058 62.8349 3.90777 3.72263 16.9103 1189.1
211.152 62.8331 3.91637 3.74991 57.3875 1144.69
217.147 60.448 3.8905 3.60694 30.1859 1536.66
211.908 64.4716 3.84395 3.78675 91.4084 1146.19
218.249 60.3583 3.8949 3.55292 23.0998 1595.47
207.417 57.7828 3.86727 3.71084 51.9923 1230.03
200.087 64.937 3.80157 3.72536 63.4512 583.19
201.637 65.1527 3.80167 3.68731 108.937 658.65
203.551 65.5276 3.79368 3.73403 81.1825 752.597
205.119 65.4924 3.79596 3.6983 86.8529 824.198
207.195 65.6571 3.79915 3.70615 165.871 921.258
208.623 65.8937 3.81856 3.67804 149.229 988.49
210.457 65.8251 3.81868 3.71363 116.091 1071.66
212.122 65.8371 3.82934 3.72036 164.511 1147.77
214.18 66.267 3.85543 3.68948 35.2382 1241.62
214.181 66.267 3.83145 3.75949 63.2553 1241.66
218.473 66.2305 3.85063 3.7475 90.7775 1434.65
221.631 66.2191 3.86809 3.73896 72.4966 1576.43
225.657 65.8052 3.88768 3.75061 79.9518 1763.7
213.052 64.4091 3.84871 3.78135 96.5367 1201.7
199.305 63.8864 3.87756 3.7626 86.6557 541.386
205.522 64.7962 3.80931 3.73074 60.8897 839.277
208.018 65.18 3.79244 3.77397 123.913 957.223
210.64 65.1479 3.81432 3.775 128.917 1080.18
216.846 65.3064 3.84075 3.73757 91.0757 1368.43
218.385 65.6035 3.85041 3.75635 110.764 1436.02
220.064 65.4483 3.85666 3.7636 100.459 1515.19
221.694 65.3609 3.86807 3.75068 89.7412 1591.5
223.623 65.2225 3.87376 3.76558 89.6119 1682.84
199.398 63.2842 3.89715 3.84851 79.9253 554.322
200.922 63.3965 3.88582 3.92307 72.216 627.322
203.285 63.465 3.87807 3.84539 67.0674 742.427
204.379 63.994 3.85052 3.9313 74.9163 788.441
205.853 64.1767 3.85308 3.8164 97.6238 858.241
214.63 64.613 3.84459 3.73674 88.5233 1273.73
216.436 64.5012 3.84575 3.72139 114.586 1361.22
221.784 64.453 3.86417 3.72718 59.4372 1614.69
221.784 64.4525 3.84891 3.75493 45.2521 1614.68
223.67 64.5753 3.86693 3.76902 110.999 1699.95
198.469 62.2938 3.84697 3.71099 47.9538 540.036
201.699 62.7161 3.87867 3.72328 43.1084 682.361
205.93 63.3569 3.88626 3.84578 91.2695 874.636
214.222 63.8036 3.86993 3.77909 61.3173 1269.3
217.924 64.0292 3.84352 3.80692 110.907 1441.95
222.48 63.8433 3.86318 3.71911 58.1561 1663.87
197.317 61.3416 3.81531 3.76532 57.0317 536.795
198.513 61.678 3.84274 3.75736 41.0184 571.639
200.525 61.7105 3.84132 3.58472 57.4367 664.876
201.703 62.1344 3.84006 3.55371 62.3445 703.081
203.311 62.2195 3.8547 3.64206 44.7276 778.463
205.146 62.1816 3.85517 3.67119 54.4297 869.973
206.12 62.4787 3.89097 3.76372 69.4319 907.705
216.652 63.0254 3.87073 3.79852 51.686 1407.91
218.173 63.0618 3.86199 3.79774 65.95 1480.64
221.871 63.109 3.85739 3.73226 66.2971 1657.82
196.65 60.4135 3.93937 3.69926 29.9173 574.383
198.04 60.7515 3.81849 3.71191 22.3366 607.113
199.312 60.6947 3.83144 3.92179 27.4724 666.483
201.041 61.0224 3.84916 3.75909 33.0341 725.314
202.562 61.4009 3.81959 3.66665 53.2754 777.383
204.176 61.4907 3.8183 3.68254 43.4535 851.019
205.609 61.9037 3.84404 3.65834 50.1329 903.343
206.868 61.8823 3.85158 3.59684 74.1173 966.101
209.88 61.7531 3.88545 3.5552 50.8283 1119.55
212.274 61.7929 3.89711 3.62733 41.8116 1236.05
213.825 62.1067 3.91867 3.66346 57.9359 1300.49
217.004 62.4013 3.87097 3.73927 61.0663 1445.88
218.122 62.3579 3.86852 3.80925 44.3309 1502.17
221.538 62.4435 3.86301 3.77787 54.0677 1665.48
223.206 62.5763 3.85824 3.75176 48.6542 1741.32
225.609 62.2024 3.85878 3.75277 51.2036 1872.3
198.315 59.9237 3.82978 3.55286 21.364 678.839
199.908 60.1686 3.8219 3.73703 34.7558 728.047
201.231 60.4742 3.84647 3.82755 34.4361 766.805
202.813 60.5269 3.8267 3.74749 52.405 836.529
204.11 60.6801 3.82257 3.74696 32.5105 888.883
205.516 60.8132 3.80512 3.72369 44.5909 949.033
207.791 61.2001 3.81676 3.61211 46.9523 1040.65
215.402 61.6061 3.8944 3.6803 47.7842 1397.83
222.911 61.4593 3.8705 3.79376 46.2544 1772.99
224.22 61.4862 3.86458 3.77684 43.0276 1835.73
226.918 61.1512 3.88049 3.84452 32.6662 1982.7
198.736 59.2533 3.84761 3.59889 26.7818 748.566
200.175 59.1767 3.81519 3.69262 31.806 812.384
201.907 59.5938 3.84399 3.74765 55.2397 855.477
202.905 59.7733 3.86287 3.7178 45.2183 887.891
204.792 59.8542 3.83091 3.70312 33.5427 969.399
205.68 60.1952 3.82299 3.69951 53.6848 990.761
207.376 60.0815 3.83361 3.71108 44.9772 1078.16
210.276 60.4814 3.83985 3.60839 31.925 1197.16
219.809 60.7718 3.87971 3.59348 24.3017 1652.23
221.424 60.3024 3.87823 3.55886 26.5821 1754.86
190.452 56.6011 3.82834 3.72884 24.4539 808.143
202.009 59.0314 3.82421 3.73234 37.5283 900.424
203.561 59.1953 3.83161 3.73275 31.8439 956.56
204.771 59.3922 3.82072 3.74555 38.3006 997.972
206.768 59.6524 3.83805 3.77948 37.1427 1074.48
212.597 59.9979 3.85318 3.66439 44.2358 1335.97
222.262 59.6304 3.8787 3.51289 29.8483 1831.32
223.04 60.1218 3.8734 3.62237 35.0862 1843.68
226.285 59.5898 3.86565 3.59595 27.5125 2031.74
212.566 65.1171 3.8309 3.73805 120.8 1170.69
203.344 58.6774 3.84747 3.7346 26.7132 984.217
204.113 58.2637 3.84613 3.66411 39.8952 1048.4
204.991 58.6484 3.83431 3.68337 39.6691 1058.94
206.355 58.9287 3.83534 3.73536 34.6811 1101.53
207.606 58.6097 3.84436 3.7098 41.903 1180.67
213.66 59.4296 3.87407 3.70131 40.6745 1419.32
227.731 58.9601 3.85202 3.63334 29.6321 2138.3
203.613 57.6397 3.86355 3.65994 36.0777 1075.5
205.548 57.5665 3.85435 3.68159 18.1196 1163.52
197.939 55.703 3.902 3.80326 32.3456 1047.68
223.768 57.9616 3.88167 3.64525 19.5881 2002.48
225.424 57.4688 3.89571 3.63872 18.9053 2114.94
228.869 57.9128 3.86566 3.67391 22.8842 2257.01
227.048 56.8144 3.88657 3.66402 17.0056 2237.29
229.75 56.9811 3.86668 3.65822 29.9158 2359.67
212.138 64.8735 3.82912 3.79462 91.7523 1152.57
210.428 68.6408 3.88726 3.64467 87.7073 1125.86
226.879 56.1146 3.8916 3.65384 20.7413 2275.84
228.385 55.3279 3.88455 3.71457 25.2676 2404.42
227.653 56.4191 3.89387 3.61403 28.6009 2293.4
209.931 62.7622 3.66977 2.94393 45.7351 1086.73
211.063 63.7323 3.86984 3.78795 96.4623 1117.86
211.14 63.4057 3.88648 3.79892 65.1305 1128.78
218.547 60.1369 3.84442 4.06699 34.1691 1621.39
217.908 60.4896 3.90437 3.65745 37.892 1572.16
217.507 60.403 3.90142 3.59413 15.5667 1556.64
218.338 61.0595 3.90132 3.64027 36.662 1566.31
216.296 60.3923 3.89683 3.60356 37.0925 1497.47
216.716 60.1205 3.87467 3.60561 23.5836 1531.95
215.271 60.5805 3.86715 3.60565 33.8776 1437.64
216.679 60.2805 3.88888 3.60595 30.6234 1521.96
218.244 60.7315 3.89686 3.60425 36.0749 1577
217.659 60.602 3.90257 3.63314 42.3025 1554.36
216.749 60.4427 3.89155 3.61677 30.9939 1517.29
217.639 60.9231 3.90827 3.60594 56.5827 1538.15
218.995 60.8241 3.89283 3.62585 35.6079 1609.63
216.976 61.3836 3.89196 3.64275 45.2729 1484.81
218.049 60.1785 3.88646 3.6014 39.1624 1594.72
216.031 60.2361 3.88976 3.63438 24.1294 1492.26
217.533 61.187 3.89314 3.58503 51.5915 1520.89
218.652 60.2994 3.8771 3.55828 16.4985 1618.31
219.217 60.1294 3.88646 3.53427 24.8656 1654.83
216.221 60.072 3.8704 3.66199 23.7037 1510.08
218.856 60.4399 3.88848 3.58683 21.0188 1621.33
216.546 61.2275 3.89312 3.6304 48.9899 1470.42
212.567 65.1173 3.82955 3.68209 18.9541 1170.7
212.57 65.1176 3.83404 3.65088 18.8419 1170.83
209.518 60.7352 3.84469 3.71229 17.2579 1147.34
209.518 60.7351 3.84477 3.71237 17.2579 1147.37
