# evlo=191.145004 evla=52.972099
194.627 64.5646 3.86596 3.63241 32.7453 1306.41
217.908 60.4896 3.90255 3.66796 26.9666 1822.02
217.507 60.403 3.90676 3.71364 20.9545 1798.14
218.338 61.0595 3.90371 3.79667 31.5923 1862.01
216.716 60.1205 3.91832 3.67759 33.4688 1747.49
215.395 60.9677 3.94229 3.67665 23.7572 1707.86
209.013 64.0997 3.87715 3.68985 47.1982 1606.95
209.094 59.7511 3.91552 3.72336 45.3813 1335.06
209.259 59.7417 3.9091 3.73319 42.3903 1342.9
210.701 64.1732 3.88656 3.66612 36.4165 1674.81
208.846 60.7683 3.89577 3.62272 22.2128 1377.69
207.916 63.4188 3.87572 3.72232 49.2572 1515.87
212.195 64.6453 3.90324 3.62846 50.0612 1763.96
204.378 55.8218 3.91083 3.75802 21.1435 914.367
200.411 54.831 3.96783 3.46441 31.5912 642.632
207.685 63.8827 3.87853 3.721 47.2827 1542.97
208.763 59.5251 3.92466 3.63057 66.9961 1307.15
218.66 60.9649 3.89513 3.91906 22.363 1875.78
209.738 62.4058 3.86389 3.64613 61.3786 1517.33
217.513 60.0823 3.90676 3.69018 38.3823 1789.18
212.624 63.0753 3.89232 3.61422 56.1866 1681.51
214.225 61.1292 3.93135 3.62293 28.7566 1655.77
215.93 63.6482 3.88799 3.65273 40.1416 1856.66
214.25 60.5487 3.92948 3.67556 46.6177 1633
213.401 60.7277 3.92011 3.6677 35.4679 1597.25
209.784 61.1426 3.87557 3.6006 48.4345 1442.69
203.121 64.7461 3.88063 3.76928 39.9965 1476.79
211.074 61.771 3.8543 3.60756 24.7655 1537.57
216.188 61.4417 3.91426 3.62342 16.8708 1766.4
212.904 60.8792 3.9083 3.66429 32.1121 1579.12
216.679 60.2805 3.91792 3.7383 30.2524 1750.43
218.244 60.7315 3.9048 3.71893 44.8318 1846.95
213.052 64.4091 3.89761 3.64259 44.8521 1781.49
213.497 60.396 3.92368 3.68807 39.8969 1588.21
208.348 59.6572 3.91812 3.63142 47.7988 1292.93
217.659 60.6024 3.91135 3.68392 21.6918 1812.26
215.581 59.9268 3.91256 3.66907 32.6075 1680.71
216.749 60.4427 3.91806 3.74276 25.3783 1759.28
214.077 61.4924 3.92001 3.58294 37.0762 1664.7
211.542 61.4131 3.88155 3.55437 35.1278 1539.58
197.4 66.8951 3.85882 3.66325 17.5915 1588.15
209.077 63.5527 3.86789 3.67553 57.6978 1569.19
217.277 60.2474 3.91571 3.69655 20.9638 1781.25
218.995 60.824 3.90048 3.76249 26.6419 1889.14
211.063 63.7318 3.89334 3.68527 34.2911 1658.57
211.768 64.9602 3.88759 3.64305 50.7965 1769.79
218.049 60.1785 3.90583 3.6847 33.266 1820.73
209.256 65.0304 3.87191 3.73898 48.0934 1686.35
210.931 64.5928 3.8858 3.65128 56.5511 1713.01
214.53 62.9699 3.90444 3.58037 43.3221 1759.01
220.599 59.667 3.91367 3.71368 36.4005 1948.68
214.475 65.5174 3.88884 3.70941 31.8736 1908.04
207.811 62.8962 3.86403 3.67021 64.5747 1473.24
211.667 60.8584 3.91117 3.60699 35.7535 1517.26
210.261 61.0889 3.88506 3.62276 45.4339 1461.95
197.092 68.0541 3.86226 3.69846 29.0024 1709.96
215.154 63.7399 3.89691 3.61655 47.8948 1827.99
218.652 60.2994 3.91351 3.66213 24.3936 1856.38
211.14 63.4056 3.89149 3.62711 55.5208 1640.11
211.668 61.807 3.87508 3.58397 56.3253 1566.73
212.671 61.832 3.88666 3.58945 52.9619 1614.42
216.01 63.9761 3.88836 3.62421 62.5889 1877.58
205.816 56.5593 3.92785 3.78194 43.4766 1022.68
208.468 61.98 3.87393 3.65894 74.2204 1435.98
209.777 60.5117 3.90367 3.64207 31.6097 1407.77
209.253 61.4636 3.87684 3.63552 43.9887 1437.39
217.161 60.1791 3.91051 3.72178 44.1147 1773.07
216.221 60.072 3.91474 3.67663 31.399 1719.53
210.547 60.1043 3.91459 3.69923 52.7075 1425.37
218.856 60.4399 3.89629 3.76278 29.7424 1871.03
192.073 65.5598 3.87844 3.65563 15.4257 1403.2
209.711 63.4502 3.87875 3.6477 57.0499 1586.29
211.449 62.8295 3.89814 3.60002 52.0532 1616.52
211.415 62.9628 3.89332 3.62605 26.2668 1623.28
211.462 62.6812 3.8959 3.58847 21.1719 1608.05
212.058 62.8349 3.88828 3.60806 31.298 1642.92
211.771 63.0624 3.89235 3.62062 34.7457 1644.48
212.26 62.5808 3.88806 3.60424 44.7423 1636.85
211.152 62.8331 3.89333 3.61149 42.972 1604.15
217.147 60.448 3.90918 3.69241 23.6317 1780.46
211.908 64.4716 3.90459 3.64978 45.4412 1741.27
218.249 60.3583 3.92135 3.64888 28.3517 1836.38
213.052 64.4091 3.89761 3.64259 44.8521 1781.49
198.736 59.2533 3.90262 3.6878 37.1571 842.739
200.175 59.1767 3.89532 3.74391 41.3346 889.202
201.907 59.5938 3.89249 3.68694 53.4682 991.546
202.905 59.7733 3.88328 3.72249 75.1349 1046.64
204.792 59.8542 3.87562 3.60612 45.09 1134.83
205.68 60.1952 3.87522 3.64541 35.0389 1197.21
207.376 60.0815 3.90681 3.60655 41.6799 1268.76
210.276 60.4814 3.90767 3.67156 31.5949 1430.47
219.809 60.7718 3.89858 3.80774 29.3282 1930.63
221.424 60.3024 3.90609 3.72165 36.9188 2006.32
223.909 60.7704 3.91338 3.68738 49.8277 2149.58
202.009 59.0314 3.88899 3.66639 45.5639 954.151
203.561 59.1953 3.87815 3.67786 39.5701 1035.13
204.771 59.3922 3.89586 3.60258 44.88 1104.03
206.768 59.6524 3.90892 3.59609 45.6316 1214.89
212.597 59.9979 3.90271 3.71156 34.2367 1525.59
212.566 65.1171 3.89141 3.68954 42.7092 1810.1
203.344 58.6774 3.89193 3.73434 59.7602 991.447
204.113 58.2637 3.87576 3.66606 51.3956 1004.63
204.991 58.6484 3.91346 3.59462 36.833 1070.49
206.355 58.9287 3.91109 3.5273 43.0729 1154.55
207.606 58.6097 3.91131 3.61581 40.6447 1203.63
202.426 57.5673 3.87068 3.61356 41.4112 879.066
203.613 57.6397 3.92513 3.5561 28.5539 944.857
205.548 57.5665 3.88706 3.66548 30.4009 1045.72
197.939 55.703 3.92084 3.64715 50.018 535.989
200.447 56.2848 3.88721 3.646 31.8132 704.027
212.138 64.8735 3.89165 3.62834 29.9088 1777.43
228.385 55.3279 3.94645 3.86128 38.4094 2417.91
209.931 62.7622 3.80074 3.55533 35.4179 1548.57
211.063 63.7323 3.89347 3.68539 34.2911 1658.62
211.14 63.4057 3.8915 3.62713 55.5208 1640.11
217.908 60.4896 3.90255 3.66796 26.9666 1822.02
217.507 60.403 3.90676 3.71364 20.9545 1798.14
218.338 61.0595 3.90372 3.79669 31.5923 1862.01
216.716 60.1205 3.91832 3.67759 33.4688 1747.49
216.679 60.2805 3.91792 3.7383 30.2524 1750.43
218.244 60.7315 3.9048 3.71893 44.8318 1846.95
217.659 60.602 3.91127 3.68385 21.6918 1812.23
216.749 60.4427 3.91806 3.74276 25.3783 1759.28
217.277 60.2474 3.91571 3.69655 20.9638 1781.25
218.995 60.8241 3.90049 3.76249 26.6419 1889.14
218.049 60.1785 3.90583 3.6847 33.266 1820.73
218.652 60.2994 3.91351 3.66213 24.3936 1856.38
216.221 60.072 3.91474 3.67663 31.399 1719.53
218.856 60.4399 3.89629 3.76278 29.7424 1871.03
