# evlo=217.532806 evla=61.187099
194.627 64.5646 3.92873 3.58156 32.5485 1217.07
209.013 64.0997 3.9657 3.48286 58.6293 543.662
207.916 63.4188 4.00909 3.85923 53.2464 556.728
204.378 55.8218 3.93295 3.67069 24.9494 969.332
200.411 54.831 3.90782 3.59726 37.0232 1229.3
207.685 63.8827 4.03533 3.81754 65.1423 588.377
209.796 67.2269 3.86844 3.69375 52.1776 769.783
214.766 66.5657 3.84315 3.70318 33.4632 614.656
188.296 63.7758 3.8931 3.58499 51.5915 1520.88
203.121 64.7461 3.94792 3.53239 41.0786 829.175
208.348 59.6572 3.92466 3.68067 148.076 533.35
225.615 58.2758 4.01642 3.91253 100.116 557.862
197.4 66.8951 3.82418 3.53408 15.6751 1163.45
209.256 65.0304 3.8207 3.50338 90.0333 597.536
207.811 62.8962 3.97027 3.6563 102.142 542.567
197.092 68.0541 3.86127 3.75575 62.5899 1232.04
205.816 56.5593 3.93129 3.75961 86.9655 848.023
189.752 57.1766 3.88241 3.67461 85.134 1635.88
192.073 65.5598 3.92127 3.63911 32.8385 1352.12
193.495 53.8452 3.91158 3.65535 70.6381 1642.62
226.475 68.3065 3.9857 3.73049 37.9832 898.69
207.417 57.7828 3.90636 3.52661 109.455 686.2
203.383 71.3221 3.89065 3.65471 38.5165 1289.46
234.753 71.9871 3.98809 3.73444 42.8203 1414.53
198.198 69.3641 3.89739 3.57957 21.2634 1272.33
206.58 70.34 3.88937 3.74631 29.286 1133.29
194.656 68.2746 3.87162 3.77931 38.4049 1333.39
200.413 69.1049 3.87759 3.59729 28.1493 1185.42
211.299 69.72 3.84295 3.56278 40.5479 993.119
215.088 69.9175 3.89457 3.70399 39.9746 979.77
216.289 69.626 3.89368 3.67407 48.1788 942.64
235.93 69.3475 3.98635 3.75141 85.0822 1241.77
196.917 67.6988 3.86152 3.67512 21.1136 1220.26
201.885 68.4946 3.87662 3.62922 29.2979 1096.12
203.387 68.7132 3.87354 3.51984 24.2847 1067.6
209.319 68.9656 3.85315 3.8159 36.106 947.506
213.625 69.322 3.86124 3.60496 37.3938 924.736
219.035 69.243 3.89578 3.90999 46.9015 900.868
221.263 69.3286 3.93239 3.8032 38.4082 923.895
198.174 67.082 3.84013 3.67036 20.3843 1141.48
199.397 67.4213 3.84231 3.7097 37.2907 1112.5
202.768 67.4572 3.82747 3.78341 38.9517 994.572
203.811 68.2575 3.87545 3.59311 30.9976 1019.6
208.187 68.1343 3.88283 3.65714 26.356 891.828
218.405 68.1861 3.88988 3.69775 30.8267 781.387
220.465 68.6043 3.89673 3.75996 48.4273 838.286
222.103 68.3889 3.92026 3.69859 35.5664 831.25
223.281 66.3701 3.86376 3.61643 60.5124 642.956
193.671 65.4742 3.90966 3.58671 17.4725 1277.66
195.352 65.7077 3.91605 3.57655 27.0643 1207.62
198.75 66.442 3.92276 3.65673 28.4331 1088.53
200.349 66.6001 3.87335 3.68882 24.7521 1032.03
202.227 66.8332 3.8511 3.57727 43.7485 973.544
204.275 67.0486 3.80719 3.71376 30.5521 915.305
206.517 67.2221 3.84901 3.61455 40.1818 857.067
207.821 67.5076 3.86645 3.62166 37.0033 844.502
212.113 67.5187 3.78375 3.52017 34.2 752.187
214.357 67.5933 3.84458 3.64456 48.7739 730.193
215.855 67.6946 3.88728 3.58919 35.5633 729.899
220.128 67.6136 3.89451 3.66522 42.4909 727.138
224.214 67.6106 3.93536 3.59816 38.5969 784.235
226.258 67.441 3.90575 3.6631 66.4301 813.345
195.961 64.9941 3.94861 3.55633 29.7569 1162.27
197.645 65.3936 3.9154 3.51605 24.8556 1096.19
199.349 65.5011 3.92103 3.50991 26.7179 1024.6
201.346 65.895 3.88933 3.59702 27.6066 956.676
202.913 66.1434 3.84573 3.59754 36.9551 907.027
206.494 66.5156 3.82528 3.6926 43.3856 802.552
209.976 66.7108 3.8529 3.78102 54.4129 717.483
212.525 66.7004 3.85633 3.56515 34.1452 661.338
213.899 66.7653 3.80483 3.61482 26.2404 646.535
216.215 66.9498 3.86328 3.5883 36.1601 645.588
218.345 66.8088 3.90371 3.59834 40.3284 627.935
221.978 66.9116 3.93038 3.68268 46.9127 673.663
223.778 66.9808 3.92659 3.71086 83.1111 713.319
225.729 66.9227 3.86779 3.63951 59.9651 752.988
197.761 64.6379 3.95126 3.48633 31.3845 1070.52
200.087 64.937 3.92459 3.43237 25.2023 971.899
203.551 65.5276 3.90042 3.64581 32.9279 847.881
205.119 65.4924 3.87723 3.50687 37.447 783.119
207.195 65.6571 3.82033 3.56587 51.5525 715.865
208.623 65.8937 3.83838 3.54357 34.3202 685.459
210.457 65.8251 3.82653 3.78777 105.585 624.831
212.122 65.8371 3.85493 3.6958 58.1915 583.665
214.181 66.267 3.89436 3.38834 23.5132 589.777
218.473 66.2305 3.89771 3.58508 43.4644 564.104
221.631 66.2191 3.91818 3.70835 61.8936 596.11
225.657 65.8052 3.84944 3.62277 49.7001 653.752
199.305 63.8864 3.93363 3.70026 34.2173 981.344
205.522 64.7962 3.90999 3.49843 24.0216 727.916
208.018 65.18 3.83809 3.51658 55.6371 652.716
210.64 65.1479 3.80899 3.79295 71.2054 561.065
223.623 65.2225 3.85369 3.54796 53.8356 543.76
196.446 62.7492 3.88122 3.63364 68.3016 1114.48
199.398 63.2842 3.91818 3.64186 44.7329 967.826
200.922 63.3965 3.94592 3.69738 49.1314 893.618
203.285 63.465 3.93157 3.64245 57.6839 779.043
204.379 63.994 3.98527 3.65304 34.2233 742.962
205.853 64.1767 3.9978 3.6112 32.6493 683.357
195.344 61.9331 3.86714 3.7035 49.0961 1176.49
198.469 62.2938 3.86846 3.63476 95.9708 1011.15
201.699 62.7161 3.88614 3.66457 58.9037 845.992
205.93 63.3569 3.96279 3.60914 79.4126 648.111
197.317 61.3416 3.85141 3.65281 106.022 1080.52
198.513 61.678 3.854 3.62278 57.1835 1012.93
200.525 61.7105 3.84303 3.59953 86.8207 906.492
201.703 62.1344 3.85752 3.63105 98.149 843.131
203.311 62.2195 3.88118 3.52975 88.0718 759.563
205.146 62.1816 3.8745 3.52091 91.9366 663.998
206.12 62.4787 3.92234 3.50161 92.2018 617.369
193.799 60.3849 3.84684 3.59841 74.5012 1288.75
196.65 60.4135 3.84808 3.62038 83.5032 1135.38
198.04 60.7515 3.8496 3.56818 102.968 1052.92
199.312 60.6947 3.83496 3.59537 102.796 986.045
201.041 61.0224 3.8429 3.58955 86.3568 887.237
202.562 61.4009 3.85527 3.63038 98.4583 801.1
204.176 61.4907 3.85442 3.49496 120.799 714.546
205.609 61.9037 3.86052 3.48779 124.122 638.187
206.868 61.8823 3.87532 3.46942 133.735 571.91
198.315 59.9237 3.85095 3.5188 112.418 1059.75
199.908 60.1686 3.84858 3.52247 99.1717 966.94
201.231 60.4742 3.84761 3.57515 98.8629 887.958
202.813 60.5269 3.84793 3.59778 92.741 801.669
204.11 60.6801 3.84559 3.60004 139.002 728.669
205.516 60.8132 3.83837 3.57487 136.898 650.596
198.736 59.2533 3.8675 3.61936 88.7022 1059.97
200.175 59.1767 3.8789 3.66788 118.751 985.73
201.907 59.5938 3.8777 3.64618 109.144 877.475
202.905 59.7733 3.86783 3.65351 95.0397 817.8
204.792 59.8542 3.88226 3.61235 125.692 714.093
205.68 60.1952 3.8662 3.58551 109.313 655.962
207.376 60.0815 3.87938 3.59627 144.112 568.724
190.452 56.6011 3.8925 3.69585 31.0492 1628.91
202.009 59.0314 3.89558 3.70501 99.5647 893.724
203.561 59.1953 3.89368 3.74585 79.5716 804.515
204.771 59.3922 3.91157 3.65167 104.695 732.324
206.768 59.6524 3.92832 3.60846 139.872 616.395
227.183 60.2114 3.82301 3.62431 166.421 537.621
203.344 58.6774 3.93681 3.69353 72.7359 839.134
204.113 58.2637 3.96219 3.7261 60.7271 820.326
204.991 58.6484 3.97859 3.70542 69.4696 754.914
206.355 58.9287 3.98532 3.60294 114.995 670.467
207.606 58.6097 3.96214 3.59198 94.4113 624.562
227.731 58.9601 3.87196 3.64922 121.607 618.789
202.426 57.5673 3.93618 3.54493 48.9709 945.823
203.613 57.6397 3.93509 3.58418 33.5392 881.356
205.548 57.5665 3.90735 3.54762 34.3743 790.024
229.033 59.3946 3.82319 3.63079 95.9581 665.649
197.939 55.703 3.90273 3.63672 34.9975 1290.04
200.447 56.2848 3.90934 3.57647 39.4095 1125.44
225.424 57.4688 3.99253 3.3923 24.3251 610.294
228.869 57.9128 3.929 3.73255 65.5163 736.216
227.048 56.8144 3.88763 3.43494 20.8575 731.064
229.75 56.9811 3.94616 3.72548 53.5007 840.706
210.428 68.6408 3.8454 3.67948 41.6687 895.097
226.879 56.1146 3.84081 3.8373 40.5164 781.946
228.385 55.3279 3.84693 3.60867 31.3581 909.833
210.176 67.8516 3.85022 3.62551 47.1431 821.394
209.736 66.2066 3.84872 3.8311 29.1692 678.476
211.301 69.7162 3.84902 3.69302 19.7808 992.689
198.722 65.4015 3.8937 3.52331 19.7192 1048.57
211.164 69.0223 3.85322 3.69659 22.088 922.241
211.306 69.424 3.84975 3.73013 24.9502 962.016
210.41 68.6274 3.83778 3.7512 22.1041 894.053
209.89 67.3812 3.847 3.69394 35.8411 782.194
210.457 65.825 3.82793 3.8122 24.8859 624.813
210.847 64.8338 3.82224 3.71978 23.7663 528.505
210.819 64.8857 3.82154 3.72537 34.1373 533.675
210.44 64.87 3.82849 3.59849 37.6234 544.74
210.174 64.8537 3.81874 3.52902 34.5914 552.373
210.069 64.7653 3.84776 3.49522 45.5087 549.169
232.385 55.267 3.99521 3.25684 16.901 1089.64
