# evlo=193.495499 evla=53.8452
194.627 64.5646 3.88375 3.63508 71.3309 1195.81
217.908 60.4896 3.90127 3.67952 73.3364 1638.79
217.654 61.036 3.92421 3.71073 64.6143 1643.42
217.507 60.403 3.89692 3.69294 51.5517 1614.88
218.338 61.0595 3.91075 3.6588 51.3049 1679.41
216.3 60.3932 3.9002 3.68622 93.053 1550.92
216.716 60.1205 3.90197 3.69016 62.5094 1564.05
215.395 60.9677 3.89768 3.65128 47.3764 1525.9
209.094 59.7511 3.92305 3.55856 95.6146 1153.46
209.259 59.7417 3.92153 3.56322 113.949 1161.19
210.701 64.1732 3.87175 3.64341 64.7068 1506.96
208.846 60.7683 3.90178 3.57971 93.8814 1199.24
207.916 63.4188 3.86248 3.62753 86.7449 1349.54
212.195 64.6453 3.8856 3.63572 73.4603 1595.86
204.378 55.8218 3.93283 3.71696 67.1215 732.163
207.685 63.8827 3.87172 3.66408 88.5754 1379.18
208.763 59.5251 3.91891 3.56474 123.071 1125.23
209.796 67.2269 3.87826 3.73691 84.2777 1726.76
216.907 60.7523 3.89742 3.66427 70.1606 1595.03
218.66 60.9649 3.90598 3.66932 62.6491 1692.99
209.738 62.4058 3.88242 3.63002 65.3357 1343.78
217.513 60.0823 3.90407 3.70679 63.6922 1605.6
212.624 63.0753 3.88072 3.61164 119.239 1507.04
214.225 61.1292 3.91282 3.61539 57.4163 1474.57
215.93 63.6482 3.90182 3.58576 141.442 1681.13
214.25 60.5487 3.91149 3.65464 49.4813 1450.68
213.401 60.7277 3.91657 3.61739 46.0039 1415.59
209.784 61.1426 3.8924 3.58508 60.9353 1264.54
188.296 63.7758 3.85946 3.60365 27.6777 1145.33
203.121 64.7461 3.8767 3.7353 67.8182 1329.01
211.074 61.771 3.88434 3.61519 39.0899 1360.23
216.188 61.4417 3.90851 3.61709 66.8855 1585.05
212.904 60.8792 3.92554 3.62606 61.9072 1398.01
215.271 60.5805 3.89828 3.65787 36.5651 1504.24
216.679 60.2805 3.89965 3.696 89.8222 1567.16
218.244 60.7315 3.89936 3.70553 51.967 1663.94
213.052 64.4091 3.8885 3.6363 83.137 1611.39
213.497 60.396 3.90654 3.66878 41.5647 1405.88
215.738 60.3351 3.89118 3.72683 40.6065 1519.43
208.348 59.6572 3.91247 3.602 70.9233 1111.6
217.659 60.6024 3.90282 3.68252 63.7177 1629.2
215.581 59.9268 3.89245 3.65456 49.8969 1497.24
216.749 60.4427 3.89888 3.6932 74.1776 1576.18
217.639 60.9231 3.90865 3.68147 62.8759 1638.78
214.077 61.4924 3.9058 3.59591 88.0704 1484.41
211.542 61.4131 3.9009 3.5917 82.7208 1360.73
197.4 66.8951 3.85398 3.6204 24.5358 1469.13
209.077 63.5527 3.86577 3.62853 79.0958 1401.35
217.277 60.2474 3.89741 3.68516 21.8718 1597.86
218.995 60.824 3.90341 3.67659 62.5152 1706.11
216.976 61.3836 3.91084 3.62869 77.6233 1621.93
211.063 63.7318 3.88061 3.63644 99.0577 1488.42
218.049 60.1785 3.89228 3.69448 70.8085 1637.18
209.256 65.0304 3.87147 3.65707 97.5423 1524.55
216.031 60.2361 3.89852 3.68164 67.6792 1531.43
214.53 62.9699 3.88945 3.56651 151.726 1582.48
214.475 65.5174 3.89203 3.6448 67.2305 1740.41
207.811 62.8962 3.86206 3.5642 84.7213 1304.78
217.533 61.1871 3.91158 3.65535 70.6381 1642.62
211.667 60.8584 3.9267 3.59488 74.5911 1336.79
215.323 60.3863 3.88748 3.68158 37.164 1499.61
210.261 61.0889 3.9 3.58525 78.7744 1283.18
197.092 68.0541 3.86484 3.5447 37.227 1594.52
215.154 63.7399 3.90258 3.59521 99.2822 1653.39
218.652 60.2994 3.8892 3.73317 59.9133 1672.87
211.14 63.4056 3.87715 3.65634 104.421 1468.58
211.668 61.807 3.88907 3.6007 117.313 1388.96
212.671 61.832 3.88928 3.59168 84.6314 1435.92
216.01 63.9761 3.89561 3.61102 137.163 1703.02
214.792 60.5341 3.91528 3.68531 27.6899 1477.81
205.816 56.5593 3.92509 3.69662 82.7626 839.189
208.468 61.98 3.87313 3.60863 99.9456 1262.52
209.777 60.5117 3.91827 3.58026 86.1688 1227.69
209.253 61.4636 3.88369 3.59698 127.09 1260.91
217.161 60.1791 3.90261 3.67956 89.9696 1589.62
216.221 60.072 3.89647 3.69327 55.0252 1536.11
210.547 60.1043 3.92375 3.61334 77.8663 1243.75
218.856 60.4399 3.90401 3.67067 89.378 1687.63
192.073 65.5598 3.8667 3.6864 39.4987 1307.44
209.711 63.4502 3.86837 3.64712 113.634 1416.98
216.546 61.2275 3.90831 3.63572 80.0502 1594.22
211.449 62.8295 3.88522 3.62369 69.109 1442.45
212.26 62.5808 3.8813 3.61956 89.1097 1461.06
211.152 62.8331 3.88288 3.63678 84.5975 1430.44
217.147 60.448 3.89951 3.67583 73.854 1597.3
211.908 64.4716 3.88318 3.64261 107.28 1572.88
218.249 60.3583 3.90584 3.65321 42.9862 1652.97
213.052 64.4091 3.8885 3.6363 83.137 1611.39
228.385 55.3279 3.94179 3.83103 77.5295 2237.92
227.653 56.4191 3.93797 3.83375 78.5172 2174.45
209.931 62.7622 3.80746 3.51658 45.979 1376.15
211.063 63.7323 3.88076 3.63657 99.0577 1488.47
211.14 63.4057 3.87716 3.65635 104.421 1468.58
218.547 60.1369 3.81456 4.04837 36.7421 1662.83
217.908 60.4896 3.90127 3.67952 73.3364 1638.79
217.507 60.403 3.89692 3.69294 51.5517 1614.88
218.338 61.0595 3.91077 3.65882 51.3049 1679.41
216.296 60.3923 3.89967 3.68573 93.053 1550.71
216.716 60.1205 3.90197 3.69016 62.5094 1564.05
215.271 60.5805 3.89828 3.65787 36.5651 1504.24
216.679 60.2805 3.89965 3.696 89.8222 1567.16
218.244 60.7315 3.89936 3.70553 51.967 1663.94
217.659 60.602 3.90272 3.68243 63.7177 1629.16
216.749 60.4427 3.89888 3.6932 74.1776 1576.18
217.639 60.9231 3.90863 3.68144 62.8759 1638.77
217.277 60.2474 3.89741 3.68516 21.8718 1597.86
218.995 60.8241 3.90341 3.6766 62.5152 1706.12
216.976 61.3836 3.91084 3.62869 77.6233 1621.93
218.049 60.1785 3.89228 3.69448 70.8085 1637.18
216.031 60.2361 3.89852 3.68164 67.6792 1531.43
217.533 61.187 3.9116 3.65537 70.6381 1642.63
218.652 60.2994 3.8892 3.73317 59.9133 1672.87
216.221 60.072 3.89647 3.69327 55.0252 1536.11
218.856 60.4399 3.90401 3.67067 89.378 1687.63
216.546 61.2275 3.90831 3.63572 80.0502 1594.22
