# evlo=205.387207 evla=69.621101
194.627 64.5646 3.94201 3.73311 78.8399 730.451
216.3 60.3932 3.85992 3.6242 19.2704 1146.4
216.716 60.1205 3.9181 3.75149 20.1445 1183.16
213.401 60.7277 3.90479 3.54701 24.6404 1058.21
213.052 64.4091 3.9148 3.57419 17.6942 669.318
211.063 63.7318 3.94692 3.66179 37.1192 702.323
218.652 60.2994 3.85955 3.59129 15.3277 1207.75
211.14 63.4056 3.97602 3.66074 40.1452 738.092
234.753 71.9871 3.95309 3.70768 60.037 1097.78
235.93 69.3475 3.98364 3.69691 64.9413 1183.04
219.035 69.243 3.93011 3.79831 164.69 535.858
221.263 69.3286 3.95417 3.72149 92.7707 620.581
218.405 68.1861 3.96341 3.72138 62.6737 545.851
220.465 68.6043 3.93512 3.69556 123.938 609.151
222.103 68.3889 3.94588 3.7109 130.761 680.342
223.281 66.3701 3.95128 3.68416 27.7125 827.588
193.671 65.4742 3.96734 3.62342 52.3254 678.731
195.352 65.7077 3.97361 3.73456 84.0571 608.329
220.128 67.6136 3.94839 3.67073 81.9123 638.519
224.214 67.6106 3.94665 3.81495 88.5673 794.874
226.258 67.441 3.97821 3.75376 57.4683 881.864
195.961 64.9941 3.92192 3.73364 73.0788 655.089
197.645 65.3936 3.92554 3.54435 58.1778 574.952
199.349 65.5011 3.91628 3.78839 87.9742 526.091
216.215 66.9498 4.04382 3.41772 38.7779 536.268
218.345 66.8088 4.02292 3.65107 26.3522 620.034
221.978 66.9116 3.99064 3.59693 35.1627 746.435
223.778 66.9808 3.94592 3.72165 62.2413 810.398
225.729 66.9227 3.97146 3.72268 63.576 887.951
197.761 64.6379 3.83916 3.59326 45.2992 645.727
200.087 64.937 3.9253 3.79811 65.7652 569.704
218.473 66.2305 3.9554 3.60808 33.989 664.563
221.631 66.2191 3.9938 3.54897 32.3223 776.779
225.657 65.8052 3.97874 3.65856 22.9784 951.837
213.052 64.4091 3.9148 3.57419 17.6942 669.318
199.305 63.8864 3.94161 3.75656 38.4882 692.612
205.522 64.7962 3.96188 3.54149 35.7052 538.124
210.64 65.1479 3.98849 3.80462 52.3036 547.015
216.846 65.3064 4.01026 3.66437 24.7858 684.962
218.385 65.6035 3.89774 3.74085 42.2175 709.053
220.064 65.4483 3.96953 3.60622 34.1702 776.913
221.694 65.3609 3.98003 3.57129 27.7973 839.363
223.623 65.2225 3.97105 3.61548 34.8487 917.476
196.446 62.7492 3.88174 3.6862 74.378 863.797
199.398 63.2842 3.9016 3.69925 42.5592 754.602
200.922 63.3965 3.92041 3.71019 54.524 721.539
203.285 63.465 3.96269 3.64247 56.7741 692.721
204.379 63.994 3.97099 3.69481 49.7656 629.069
205.853 64.1767 3.90838 3.4346 43.0006 607.497
214.63 64.613 3.87818 3.76006 39.5723 686.159
216.436 64.5012 3.95469 3.66362 42.6368 744.184
221.784 64.453 4.10133 4.07471 15.8845 912.764
223.67 64.5753 3.99896 3.64543 26.2687 967.335
198.469 62.2938 3.88924 3.62527 64.412 874.226
201.699 62.7161 3.93673 3.72095 62.297 787.386
205.93 63.3569 3.89292 3.58667 42.9457 698.956
217.924 64.0292 3.87008 3.43884 22.3279 828.882
222.48 63.8433 4.00046 3.67136 29.8997 985.654
197.317 61.3416 3.86393 3.67694 63.9748 993.994
198.513 61.678 3.92107 3.77759 53.8586 939.092
200.525 61.7105 3.94021 3.7724 40.7966 909.253
201.703 62.1344 3.92188 3.71728 64.9224 851.174
203.311 62.2195 3.95013 3.67735 44.5395 830.594
205.146 62.1816 3.90152 3.5852 35.5368 829.613
206.12 62.4787 3.89678 3.58304 41.6239 797.107
216.652 63.0254 3.94767 3.86343 30.1753 889.166
218.173 63.0618 3.87023 3.68093 25.7177 925.17
196.65 60.4135 3.85114 3.58273 43.1903 1103.55
198.04 60.7515 3.90697 3.69723 48.9952 1045.33
199.312 60.6947 3.92599 3.75874 76.0068 1034
201.041 61.0224 3.92523 3.78688 54.2644 979.283
202.562 61.4009 3.92037 3.66247 38.2136 925.57
204.176 61.4907 3.91954 3.55575 41.009 908.217
205.609 61.9037 3.87424 3.65847 35.5558 860.57
206.868 61.8823 3.89382 3.72712 35.9684 865.5
212.274 61.7929 3.97482 3.77936 21.4938 927.016
213.825 62.1067 3.81204 3.63008 25.5917 920.21
218.122 62.3579 3.93683 3.73256 32.4169 991.046
221.538 62.4435 3.85304 3.79229 28.0928 1078.26
198.315 59.9237 3.91823 3.83083 50.5784 1130.5
199.908 60.1686 3.92941 3.76699 77.0828 1084.28
201.231 60.4742 3.91719 3.72172 44.9776 1037.83
202.813 60.5269 3.90279 3.62239 39.214 1020.91
204.11 60.6801 3.89719 3.62732 31.8247 998.606
207.791 61.2001 3.88259 3.62271 48.1193 945.353
222.911 61.4593 3.87871 3.71755 32.3418 1209.49
198.736 59.2533 3.93863 3.82994 37.1519 1197.71
200.175 59.1767 3.94401 3.74546 44.132 1190.13
201.907 59.5938 3.90644 3.64629 42.7002 1129.78
202.905 59.7733 3.88065 3.61252 31.5746 1104.03
204.792 59.8542 3.8867 3.61617 30.5577 1089.24
207.376 60.0815 3.90751 3.63594 66.8079 1067.59
210.276 60.4814 3.89477 3.77006 24.6346 1043.86
223.909 60.7704 3.88296 3.94079 48.8742 1303.19
202.009 59.0314 3.89792 3.64435 24.3783 1191.34
203.561 59.1953 3.85975 3.5888 29.3091 1165.49
204.771 59.3922 3.89101 3.64899 26.5994 1140.72
206.768 59.6524 3.90424 3.66773 50.0142 1113.25
222.262 59.6304 3.90091 3.59639 18.9032 1365.53
223.04 60.1218 3.89754 3.62671 19.0448 1339.36
212.566 65.1171 3.8871 3.57739 27.9104 588.586
203.344 58.6774 3.86154 3.65179 31.2439 1223.85
204.113 58.2637 3.87188 3.63301 35.0562 1267.53
206.355 58.9287 3.90794 3.66613 43.3113 1192.87
207.606 58.6097 3.90728 3.5739 64.0799 1232.07
202.426 57.5673 3.86938 3.67286 21.6694 1351.25
197.939 55.703 3.98361 3.921 24.5683 1594.7
200.447 56.2848 3.91568 3.69946 40.8754 1506.24
228.385 55.3279 3.88924 3.7487 19.3238 1960.16
218.842 64.7774 3.89633 3.69237 19.1303 791.003
211.063 63.7323 3.94667 3.66157 37.1192 702.28
211.14 63.4057 3.97599 3.66071 40.1452 738.087
210.867 64.709 3.94385 3.52465 15.5599 596.501
210.819 64.8857 3.98285 3.77329 23.811 577.297
210.174 64.8537 3.98335 3.64401 18.8297 570.068
210.917 64.5498 3.95683 3.68933 20.2222 613.943
210.782 64.5716 3.94512 3.5875 19.3635 609.42
210.901 64.613 3.9519 3.67185 17.1887 607.075
216.296 60.3923 3.86 3.62427 19.2704 1146.42
216.716 60.1205 3.9181 3.75149 20.1445 1183.16
218.652 60.2994 3.85955 3.59129 15.3277 1207.75
