# evlo=193.671204 evla=65.474197
217.908 60.4896 3.91494 3.61036 15.6132 1337.63
220.363 59.9534 3.88835 3.67913 20.6193 1483.18
216.3 60.3932 3.90226 3.71139 16.5737 1271.67
216.716 60.1205 3.8867 3.57358 27.5804 1308.26
215.395 60.9677 3.88226 3.67281 24.7182 1194.41
209.013 64.0997 3.94886 3.82443 33.6927 743.428
210.701 64.1732 3.96879 3.88339 33.1889 818.931
207.916 63.4188 3.87179 3.55318 57.2932 721.269
212.195 64.6453 3.87154 3.76348 43.1261 873.568
207.685 63.8827 3.93617 3.8404 35.3825 690.546
209.796 67.2269 3.83623 3.83028 107.139 745.688
218.66 60.9649 3.87636 3.55929 17.0259 1342.29
209.738 62.4058 3.84719 3.73503 26.9195 855.806
217.513 60.0823 3.91667 3.48031 24.3372 1346.34
212.624 63.0753 3.9647 3.56128 26.9334 952.27
214.225 61.1292 3.90206 3.61589 21.7896 1132
215.93 63.6482 3.95377 3.80378 15.4927 1080.51
214.25 60.5487 3.88003 3.74868 23.4227 1170.61
213.401 60.7277 3.8625 3.69248 22.3567 1121.44
216.679 60.2805 3.88087 3.61891 25.4318 1296
218.244 60.7315 3.90005 3.64182 16.4655 1337.63
213.052 64.4091 3.90453 3.80054 40.2368 920.196
216.749 60.4427 3.89433 3.66562 35.6746 1288.52
217.639 60.9231 3.91128 3.57309 20.2259 1298.41
218.995 60.824 3.8681 3.59661 23.4129 1366.1
216.976 61.3836 3.91551 3.61309 16.8463 1240.75
211.063 63.7318 3.96767 3.75622 54.3832 851.981
217.533 61.1871 3.90966 3.58671 17.4725 1277.66
211.14 63.4056 3.93137 3.645 30.187 869.16
216.546 61.2275 3.90885 3.61671 21.9132 1230.4
212.138 64.8736 3.85441 3.78002 47.0898 864.98
198.929 70.2043 3.91914 3.44891 57.577 571.646
203.383 71.3221 3.89793 3.72283 68.0587 762.676
205.026 71.0033 3.9599 3.80884 94.8329 772.775
234.753 71.9871 3.95087 3.68112 86.8009 1770.22
202.84 70.0079 3.91354 3.80676 76.332 635.82
205.387 69.6211 3.96734 3.62342 52.3254 678.731
206.58 70.34 3.95067 3.61775 78.698 764.125
205.217 69.1565 3.96403 3.6518 70.609 643.03
209.387 69.836 3.94511 3.74936 119.729 821.71
211.299 69.72 3.94909 3.70787 89.1231 882.159
215.088 69.9175 3.94003 3.67169 73.8157 1026.2
216.289 69.626 3.92358 3.62642 38.8736 1061.3
203.387 68.7132 3.97162 3.64174 128.217 554.523
207.318 68.8799 3.93736 3.69531 107.691 700.16
209.319 68.9656 3.93842 3.70239 119.815 777.285
211.177 69.1532 3.92757 3.61909 91.1464 853.921
213.625 69.322 3.91859 3.65406 82.2786 951.729
219.035 69.243 3.92648 3.68348 72.5901 1157.87
221.263 69.3286 3.92171 3.72661 76.7187 1246.33
203.811 68.2575 3.94242 3.65361 167.529 541.328
206.028 68.4414 3.90112 3.69985 97.0714 631.605
208.187 68.1343 3.87872 3.64849 103.534 701.618
210.384 68.0584 3.87102 3.67301 94.1907 787.344
211.513 68.0748 3.8679 3.72091 86.7994 833.691
214.432 68.1207 3.88434 3.70147 106.11 954.271
218.405 68.1861 3.89207 3.6951 66.1606 1119.15
220.465 68.6043 3.90559 3.65559 86.897 1206.86
222.103 68.3889 3.91289 3.63326 72.949 1272.73
223.281 66.3701 3.87243 3.72178 78.1178 1339.5
206.517 67.2221 3.8194 3.75708 141.405 606.11
207.821 67.5076 3.84117 3.71816 80.7176 667.862
212.113 67.5187 3.86741 3.75451 106.488 848.519
214.357 67.5933 3.86691 3.72805 99.7699 944.511
215.855 67.6946 3.8695 3.66765 90.7877 1008.76
220.128 67.6136 3.87982 3.69669 114.294 1189.85
224.214 67.6106 3.89674 3.67663 74.0816 1363.37
226.258 67.441 3.91034 3.66788 95.0223 1452.02
206.494 66.5156 3.78883 3.78987 123.372 592.685
208.493 66.9214 3.83037 3.83429 137.54 685.175
209.976 66.7108 3.82558 3.79352 131.894 748.141
212.525 66.7004 3.84089 3.72536 85.5019 860.555
213.899 66.7653 3.83893 3.72292 107.812 921.149
216.215 66.9498 3.8583 3.68413 83.9433 1022.48
218.345 66.8088 3.85473 3.71044 108.142 1116.45
221.978 66.9116 3.86477 3.69072 84.1941 1274.23
223.778 66.9808 3.87751 3.70063 100.397 1351.59
225.729 66.9227 3.90178 3.70942 88.5201 1436.95
205.119 65.4924 3.8582 3.68185 94.7274 529.562
207.195 65.6571 3.82629 3.64034 93.285 623.598
208.623 65.8937 3.81151 3.66123 86.3024 687.209
210.457 65.8251 3.79672 3.77569 82.1561 771.266
212.122 65.8371 3.81877 3.74638 128.477 846.927
214.181 66.267 3.83544 3.73416 51.5276 935.872
218.473 66.2305 3.84564 3.74706 92.5794 1128.3
221.631 66.2191 3.86317 3.74526 90.2223 1269.14
225.657 65.8052 3.8865 3.77278 117.012 1457.32
214.843 62.3987 3.95134 3.55991 34.9302 1087.34
213.052 64.4091 3.90453 3.80054 40.2368 920.196
205.522 64.7962 3.93241 3.76394 55.5962 560.482
208.018 65.18 3.8677 3.68217 70.3067 667.873
210.64 65.1479 3.8404 3.7334 67.5749 789.611
216.846 65.3064 3.84836 3.79757 133.453 1071.38
218.385 65.6035 3.85477 3.77955 63.1725 1135.08
220.064 65.4483 3.85783 3.76854 97.5605 1214.64
221.694 65.3609 3.85989 3.76615 116.407 1290.62
223.623 65.2225 3.88158 3.78502 123.047 1381.7
204.379 63.994 3.96417 3.60929 45.3911 535.397
205.853 64.1767 3.95188 3.82647 53.082 595.217
214.63 64.613 3.88644 3.7981 53.0446 987.159
216.436 64.5012 3.87767 3.79693 82.8228 1073.95
221.784 64.453 3.88538 3.78396 16.6123 1321.75
221.784 64.4525 3.86748 3.8203 72.0941 1321.74
223.67 64.5753 3.88663 3.80745 115.126 1403.95
205.93 63.3569 3.83673 3.30391 32.2676 635.028
214.222 63.8036 3.94522 3.73585 36.137 995.321
217.924 64.0292 3.88395 3.80131 38.2448 1158.51
222.48 63.8433 3.88576 3.77362 58.1396 1375.91
200.525 61.7105 3.9182 3.87667 37.8176 539.568
201.703 62.1344 3.77503 3.53284 43.2214 542.607
203.311 62.2195 3.75645 3.78732 68.2673 596.111
205.146 62.1816 3.85008 3.75922 37.2754 672.172
206.12 62.4787 3.84075 3.508 18.8691 693.447
216.652 63.0254 3.90734 3.56697 27.6457 1140.36
218.173 63.0618 3.91432 3.65264 26.1233 1209.11
221.871 63.109 3.87913 3.69028 41.9343 1378.36
193.799 60.3849 3.88069 3.82393 85.298 567.29
196.65 60.4135 3.81109 3.47503 70.4683 583.826
198.04 60.7515 3.80133 3.60243 67.1731 570.409
199.312 60.6947 3.8788 3.67102 60.9265 603.637
201.041 61.0224 3.92142 3.83031 32.295 618.297
204.176 61.4907 3.79253 3.7748 71.6126 684.952
205.609 61.9037 3.84667 3.72362 25.5306 710.428
206.868 61.8823 3.76328 3.76262 39.0472 763.924
212.274 61.7929 3.8834 3.67457 30.6854 1004.46
213.825 62.1067 3.93737 3.6411 31.9795 1056.44
217.004 62.4013 3.92653 3.5153 29.6956 1186.52
218.122 62.3579 3.93819 3.57962 39.9736 1240.3
221.538 62.4435 3.89113 3.64391 25.8436 1394.07
223.206 62.5763 3.88609 3.70671 35.5242 1464.93
225.609 62.2024 3.87814 3.68208 40.7984 1594.78
198.315 59.9237 3.80271 3.59115 35.683 662.313
199.908 60.1686 3.88373 3.63648 44.6398 670.688
202.813 60.5269 3.85316 3.49301 37.6448 718.776
204.11 60.6801 3.81806 3.5669 41.2448 749.148
205.516 60.8132 3.83281 3.90605 60.0407 789.388
207.791 61.2001 3.82539 3.62416 44.4851 849.79
215.402 61.6061 3.93845 3.64573 28.5129 1156.27
222.911 61.4593 3.87186 3.57741 20.6842 1509.28
224.22 61.4862 3.89229 3.6343 20.2275 1568.37
226.918 61.1512 3.86878 3.60999 19.4095 1712.08
198.736 59.2533 3.78911 3.8066 42.7856 740.688
201.907 59.5938 3.91607 3.81893 30.5733 779.182
202.905 59.7733 3.87142 3.54454 24.223 791.01
204.792 59.8542 3.80347 3.71762 42.2891 844.54
205.68 60.1952 3.81257 3.78484 32.2682 846.358
207.376 60.0815 3.8469 3.75477 36.7557 919.019
219.809 60.7718 3.90755 3.53062 21.9067 1406.43
221.424 60.3024 3.9562 3.68747 18.9829 1509.21
202.009 59.0314 3.92229 3.88258 27.1221 837.088
212.597 59.9979 3.81377 3.66495 44.1398 1137.31
222.262 59.6304 3.8966 3.61707 16.9977 1590.59
223.04 60.1218 3.92885 3.70307 24.9859 1594.54
226.285 59.5898 3.89068 3.58395 19.3328 1777.62
227.183 60.2114 3.88426 3.62218 28.0216 1779.91
212.566 65.1171 3.83624 3.74905 61.601 879.112
204.991 58.6484 3.88278 3.57893 28.2241 960.922
206.355 58.9287 3.82683 3.76228 32.3186 980.345
213.66 59.4296 3.85302 3.59186 37.4335 1224.02
197.939 55.703 3.83563 3.66841 44.3902 1112.92
200.447 56.2848 3.88096 3.5914 23.423 1086.57
223.768 57.9616 3.89941 3.62263 20.0611 1774.29
212.138 64.8735 3.83059 3.78269 26.6802 864.973
210.428 68.6408 3.90209 3.58781 93.9681 806.735
209.931 62.7622 3.5135 2.78451 22.8774 845.016
211.063 63.7323 3.96769 3.75624 54.3832 851.986
211.14 63.4057 3.93137 3.64501 30.187 869.16
210.84 64.6544 3.89744 3.77869 16.8222 810.603
210.867 64.709 3.88897 3.78416 20.5038 810.372
210.853 64.7716 3.87634 3.80527 21.9952 808.098
210.819 64.8857 3.87013 3.75359 30.2997 803.65
210.44 64.87 3.87263 3.80212 52.8304 786.516
210.174 64.8537 3.88141 3.76312 42.6066 774.606
210.069 64.7653 3.89274 3.74742 56.383 771.944
210.917 64.5498 3.89789 3.82757 41.6668 817.082
210.782 64.5716 3.90071 3.83294 29.5557 810.215
210.554 64.5756 3.916 3.76332 44.0335 799.546
210.901 64.613 3.90016 3.77513 39.6396 814.541
211.172 64.6917 3.86972 3.78484 38.8572 824.951
217.908 60.4896 3.91494 3.61036 15.6132 1337.63
216.296 60.3923 3.90197 3.71112 16.5737 1271.58
216.716 60.1205 3.8867 3.57358 27.5804 1308.26
216.679 60.2805 3.88087 3.61891 25.4318 1296
218.244 60.7315 3.90005 3.64182 16.4655 1337.63
216.749 60.4427 3.89433 3.66562 35.6746 1288.52
217.639 60.9231 3.91125 3.57307 20.2259 1298.4
218.995 60.8241 3.86808 3.5966 23.4129 1366.09
216.976 61.3836 3.91551 3.61309 16.8463 1240.75
217.533 61.187 3.90971 3.58675 17.4725 1277.68
216.546 61.2275 3.90885 3.61671 21.9132 1230.4
