# evlo=199.348602 evla=65.501099
217.908 60.4896 3.89199 3.63773 23.2042 1087.94
217.507 60.403 3.87737 3.63348 23.6079 1076.89
218.338 61.0595 3.96255 3.45312 19.1196 1068.12
220.363 59.9534 3.87751 3.55036 17.2044 1231.36
216.3 60.3932 3.88222 3.69506 23.3588 1026.75
215.395 60.9677 3.87089 3.72469 28.3197 947.736
209.094 59.7511 3.88744 3.58452 25.7232 811.044
209.259 59.7417 3.86859 3.64089 36.2388 817.083
210.701 64.1732 3.94943 3.90898 36.8857 557.912
208.846 60.7683 3.82233 3.66664 42.6898 711.128
212.195 64.6453 3.88821 3.63033 75.2039 610.737
218.66 60.9649 3.93539 3.50045 26.9805 1088.41
209.738 62.4058 3.8194 3.5532 30.9116 613.93
217.513 60.0823 3.88878 3.68043 38.6094 1100.23
212.624 63.0753 3.96887 3.62074 38.1729 695.764
214.225 61.1292 3.84009 3.64727 25.4901 887.459
215.93 63.6482 3.96716 3.73034 18.7009 818.408
214.25 60.5487 3.84446 3.64039 30.9983 931.079
196.582 54.8564 3.92636 3.82209 21.4564 1195.57
213.401 60.7277 3.82463 3.71022 26.1255 883.463
209.784 61.1426 3.88214 3.63045 33.5247 712.174
214.766 66.5657 3.83887 3.81636 97.6388 707.208
215.271 60.5805 3.84595 3.74396 19.2611 970.372
216.679 60.2805 3.87802 3.76959 23.5309 1050.81
218.244 60.7315 3.90319 3.60697 27.2524 1085.8
213.052 64.4091 3.91234 3.7489 69.4449 657.499
217.659 60.6024 3.87926 3.56833 23.1454 1069.42
216.749 60.4427 3.86287 3.71798 26.1341 1042
217.639 60.9231 3.90703 3.50086 28.8393 1046.69
218.995 60.824 3.92725 3.50799 19.394 1112.37
216.976 61.3836 3.90297 3.51896 17.8653 987.576
211.063 63.7318 3.99589 3.81688 70.0349 593.171
218.049 60.1785 3.90492 3.71851 51.2745 1115.96
216.031 60.2361 3.86297 3.68426 25.7615 1027.17
217.533 61.1871 3.92103 3.50991 26.7179 1024.6
218.652 60.2994 3.90528 3.78052 21.5534 1133.17
211.14 63.4056 3.97332 3.68759 63.8518 612.626
219.217 60.1294 3.89231 3.63915 27.4547 1169.42
216.221 60.072 3.89366 3.6181 21.3924 1047.27
216.546 61.2275 3.89174 3.57911 25.4959 979.075
212.138 64.8736 3.841 3.62536 64.5997 602.144
203.383 71.3221 3.95093 3.69895 58.3178 669.726
205.026 71.0033 3.95984 3.84009 56.4644 656.435
234.753 71.9871 3.96211 3.488 33.0806 1573.47
205.387 69.6211 3.91628 3.78839 87.9742 526.091
206.58 70.34 3.9055 3.7243 65.1601 618.241
209.387 69.836 3.9252 3.65854 102.367 642.701
211.299 69.72 3.96904 3.69389 67.8068 690.413
215.088 69.9175 3.98054 3.65175 55.5191 824.806
216.289 69.626 3.95399 3.74059 60.3038 851.59
209.319 68.9656 3.96386 3.73038 134.464 577.421
211.177 69.1532 3.98494 3.63131 113.265 650.077
213.625 69.322 3.96278 3.55642 82.3913 743.083
219.035 69.243 3.94622 3.61533 61.9803 937.323
221.263 69.3286 3.93261 3.63055 84.5328 1024.67
210.384 68.0584 3.95051 3.56459 96.3758 562.089
211.513 68.0748 3.95831 3.56884 93.7845 605.9
214.432 68.1207 3.91598 3.57381 90.0136 722.15
218.405 68.1861 3.89045 3.63231 64.9543 884.22
220.465 68.6043 3.88771 3.61055 64.2846 976.11
222.103 68.3889 3.89526 3.66294 101.081 1038.6
223.281 66.3701 3.89472 3.7307 78.2932 1086.93
212.113 67.5187 3.89191 3.6521 96.1667 609.526
214.357 67.5933 3.87421 3.59927 112.456 704.351
215.855 67.6946 3.85604 3.65699 73.921 768.914
220.128 67.6136 3.87031 3.71667 118.34 947.469
224.214 67.6106 3.91173 3.68009 114.262 1120.97
226.258 67.441 3.92167 3.66412 69.4132 1208.52
212.525 66.7004 3.83753 3.76378 136.625 609.47
213.899 66.7653 3.83372 3.79504 105.205 670.488
216.215 66.9498 3.85043 3.80904 104.805 773.485
218.345 66.8088 3.85758 3.76661 82.1556 866.067
221.978 66.9116 3.88567 3.6949 82.2347 1025.32
223.778 66.9808 3.90093 3.71969 102.523 1103.68
225.729 66.9227 3.9146 3.69324 89.9269 1189.18
212.122 65.8371 3.80833 3.72935 95.5122 587.645
214.181 66.267 3.83822 3.82106 51.0876 680.259
218.473 66.2305 3.85947 3.719 124.991 873.246
221.631 66.2191 3.87904 3.70856 135.601 1014.98
225.657 65.8052 3.89926 3.75429 97.3939 1202.36
214.843 62.3987 3.92123 3.63861 23.3466 831.721
213.052 64.4091 3.91234 3.7489 69.4449 657.499
210.64 65.1479 3.85649 3.63256 85.1859 526.95
216.846 65.3064 3.82352 3.75501 81.5037 810.636
218.385 65.6035 3.85007 3.69431 108.073 876.172
220.064 65.4483 3.85304 3.73757 104.535 955.593
221.694 65.3609 3.86356 3.7788 78.8689 1031.8
223.623 65.2225 3.89062 3.76033 138.553 1123.08
214.63 64.613 3.86963 3.7829 85.8373 724.323
216.436 64.5012 3.86208 3.85661 102.145 811.182
221.784 64.453 3.88853 3.87626 22.3538 1060
221.784 64.4525 3.87667 3.79315 65.8192 1059.99
223.67 64.5753 3.8895 3.78233 109.046 1143.12
214.222 63.8036 3.99312 3.8213 36.9944 733.575
217.924 64.0292 3.88189 3.8057 76.7975 895.639
222.48 63.8433 3.89283 3.76965 61.1153 1113.34
216.652 63.0254 3.99553 3.73616 16.5409 879.644
218.173 63.0618 3.91947 3.75478 47.6155 947.387
221.871 63.109 3.90067 3.74721 51.8871 1115.56
193.799 60.3849 3.77857 3.71947 102.57 635.509
196.65 60.4135 3.85233 3.69964 77.6738 583.233
198.04 60.7515 3.82657 3.69898 106.954 533.477
199.312 60.6947 3.87934 3.78561 75.3657 535.738
206.868 61.8823 3.83296 3.70467 63.4717 548.031
209.88 61.7531 3.85709 3.58703 28.5363 667.304
212.274 61.7929 3.82242 3.65053 33.1555 760.076
213.825 62.1067 3.88113 3.56073 29.9241 804.878
217.004 62.4013 3.97043 3.62404 32.8731 927.944
218.122 62.3579 3.95729 3.75152 36.3118 980.765
221.538 62.4435 3.91044 3.69711 30.5206 1132.11
225.609 62.2024 3.89538 3.71922 30.2056 1332.03
198.315 59.9237 3.87553 3.74928 88.7746 623.863
199.908 60.1686 3.8956 3.64636 58.8171 595.03
201.231 60.4742 3.87643 3.54327 33.4506 568.306
202.813 60.5269 3.84485 3.55977 54.3094 581.324
205.516 60.8132 3.91178 3.76455 32.8003 607.375
207.791 61.2001 3.80333 3.60545 53.3686 638.082
215.402 61.6061 3.91526 3.59989 33.4945 904.872
222.911 61.4593 3.91762 3.64138 22.9691 1248.64
224.22 61.4862 3.92196 3.70397 26.9171 1306.9
226.918 61.1512 3.91499 3.77151 35.0627 1449.96
198.736 59.2533 3.91758 3.68315 49.1543 697.036
200.175 59.1767 3.87616 3.60371 57.3385 706.142
201.907 59.5938 3.80607 3.72599 33.9847 671.281
202.905 59.7733 3.83249 3.75075 52.2121 663.696
210.276 60.4814 3.83614 3.63412 35.0611 785.256
219.809 60.7718 3.91624 3.47292 18.5856 1151.6
221.424 60.3024 3.92895 3.5131 15.3533 1254
203.561 59.1953 3.84973 3.81456 32.6739 735.471
212.597 59.9979 3.84037 3.68013 24.5252 910.332
222.262 59.6304 3.8958 3.59055 22.4157 1336.9
223.04 60.1218 3.89011 3.52505 20.1458 1337.81
226.285 59.5898 3.88618 3.56985 25.7358 1518.93
227.183 60.2114 3.90606 3.60285 27.9688 1519.12
212.566 65.1171 3.82313 3.62026 66.4536 616.688
203.344 58.6774 3.83832 3.81161 37.6757 788.218
204.113 58.2637 3.83338 3.75752 29.8748 844.014
213.66 59.4296 3.8563 3.62597 18.4784 997.407
202.426 57.5673 3.88031 3.75206 25.5054 898.875
205.548 57.5665 3.88682 3.83402 36.797 942.622
197.939 55.703 3.89315 3.69052 43.2328 1094.37
200.447 56.2848 3.82664 3.67035 32.4359 1028.63
223.768 57.9616 3.89496 3.6665 21.1745 1524.91
228.869 57.9128 3.91757 3.61446 32.4549 1752.71
229.75 56.9811 3.8907 3.69652 16.3924 1861.47
212.138 64.8735 3.8345 3.71813 35.215 602.138
210.428 68.6408 3.98831 3.66558 99.1133 594.259
209.931 62.7622 3.29768 2.51898 28.634 597.936
211.063 63.7323 3.9959 3.81688 70.0349 593.172
211.14 63.4057 3.97332 3.68759 63.8518 612.626
218.547 60.1369 3.77016 4.38298 20.2885 1140.13
217.908 60.4896 3.89199 3.63773 23.2042 1087.94
217.507 60.403 3.87737 3.63348 23.6079 1076.89
218.338 61.0595 3.96257 3.45314 19.1196 1068.12
216.296 60.3923 3.88193 3.69479 23.3588 1026.67
215.271 60.5805 3.84595 3.74396 19.2611 970.372
216.679 60.2805 3.87802 3.76959 23.5309 1050.81
218.244 60.7315 3.90319 3.60697 27.2524 1085.8
217.659 60.602 3.87929 3.56835 23.1454 1069.42
216.749 60.4427 3.86287 3.71798 26.1341 1042
217.639 60.9231 3.907 3.50083 28.8393 1046.68
218.995 60.8241 3.92722 3.50797 19.394 1112.36
216.976 61.3836 3.90297 3.51896 17.8653 987.576
218.049 60.1785 3.90492 3.71851 51.2745 1115.96
216.031 60.2361 3.86297 3.68426 25.7615 1027.17
217.533 61.187 3.92109 3.50996 26.7179 1024.61
218.652 60.2994 3.90528 3.78052 21.5534 1133.17
219.217 60.1294 3.89231 3.63915 27.4547 1169.42
216.221 60.072 3.89366 3.6181 21.3924 1047.27
216.546 61.2275 3.89174 3.57911 25.4959 979.075
