# evlo=205.119202 evla=65.492401
217.908 60.4896 3.82615 3.75962 20.6654 852.325
217.654 61.036 3.85039 3.66468 17.8699 799.432
217.507 60.403 3.80386 3.70642 28.7532 844.253
218.338 61.0595 3.91844 3.55947 26.8527 824.622
220.363 59.9534 3.8959 3.75053 16.8732 990.214
216.3 60.3932 3.82405 3.6972 36.2424 801.118
216.716 60.1205 3.82227 3.59471 31.7812 839.214
215.395 60.9677 3.80504 3.56044 34.81 720.342
209.094 59.7511 3.87305 3.56973 48.695 671.302
209.259 59.7417 3.88689 3.62223 45.7466 674.898
204.378 55.8218 3.8502 3.5235 19.6807 1078.26
200.411 54.831 3.92987 3.64493 21.4098 1215.42
208.763 59.5251 3.8786 3.56212 75.5137 690.774
216.907 60.7523 3.83774 3.58317 27.9375 793.369
218.66 60.9649 3.89789 3.67234 27.1598 844.59
217.513 60.0823 3.83679 3.66416 34.3729 871.128
214.225 61.1292 3.85695 3.72372 41.7388 665.8
215.93 63.6482 4.06634 4.02287 45.6679 556.615
214.25 60.5487 3.91047 3.81741 50.2341 717.903
196.582 54.8564 3.84314 3.69961 17.5752 1273.53
213.401 60.7277 3.90217 3.79305 43.1738 674.789
209.784 61.1426 4.00004 3.69714 33.3974 537.94
188.296 63.7758 3.79596 3.6983 86.8529 824.198
216.188 61.4417 3.81244 3.51645 42.1253 711.372
212.904 60.8792 3.87829 3.72401 42.9332 645.605
215.271 60.5805 3.85747 3.68308 25.094 749.078
216.679 60.2805 3.80211 3.64247 26.1918 824.233
218.244 60.7315 3.83279 3.69278 21.2389 846.068
217.659 60.6024 3.81465 3.80779 25.4662 833.792
216.749 60.4427 3.79382 3.74369 28.6617 813.072
217.639 60.9231 3.84383 3.68137 34.2493 807.631
218.995 60.824 3.88208 3.68443 25.0977 868.616
216.976 61.3836 3.86845 3.52536 31.8447 746.351
218.049 60.1785 3.83229 3.66845 33.9657 882.968
216.031 60.2361 3.82515 3.58299 32.9104 805.217
217.533 61.1871 3.87723 3.50687 37.447 783.119
218.652 60.2994 3.85868 3.65542 26.1903 896.023
219.217 60.1294 3.86088 3.67592 30.3523 931.42
216.221 60.072 3.83246 3.54172 35.318 826.101
218.856 60.4399 3.84694 3.67916 22.9651 892.746
216.546 61.2275 3.82161 3.51902 47.1137 741.763
203.383 71.3221 3.9522 3.54415 77.9217 654.083
205.026 71.0033 3.94046 3.58686 65.0933 614.69
234.753 71.9871 3.93465 3.71732 46.5307 1380.09
206.58 70.34 3.96634 3.78669 84.3074 544.1
194.656 68.2746 3.9132 3.83679 50.0493 552.574
211.299 69.72 3.90673 3.7801 78.3105 539.219
215.088 69.9175 3.91572 3.58499 85.3665 647.906
216.289 69.626 3.90726 3.61186 62.7331 660.81
235.93 69.3475 3.9756 3.71037 33.6712 1371.72
213.625 69.322 3.91051 3.63566 121.334 560.698
219.035 69.243 3.94061 3.67377 91.4195 727.016
221.263 69.3286 3.98069 3.64893 81.7767 810.168
218.405 68.1861 3.93827 3.64357 62.3698 654.336
220.465 68.6043 3.92978 3.6793 84.9501 750.028
222.103 68.3889 3.92621 3.75242 66.5238 806.467
223.281 66.3701 3.90826 3.80443 95.2196 829.622
193.671 65.4742 3.8582 3.68185 94.7274 529.562
215.855 67.6946 3.92534 3.71134 82.9099 534.723
220.128 67.6136 3.9121 3.67904 79.7322 705.295
224.214 67.6106 3.92271 3.64594 88.6523 876.522
226.258 67.441 3.92657 3.74423 76.609 961.838
218.345 66.8088 3.87376 3.71185 70.9146 613.472
221.978 66.9116 3.89094 3.7187 81.0648 773.153
223.778 66.9808 3.92157 3.77925 78.5559 852.181
225.729 66.9227 3.93453 3.75703 83.7316 937.262
218.473 66.2305 3.85192 3.75555 110.78 613.96
221.631 66.2191 3.88761 3.80798 136.146 756.051
225.657 65.8052 3.92604 3.78743 93.3508 941.761
214.843 62.3987 3.88577 3.43398 40.0022 587.392
216.846 65.3064 3.8522 3.78866 125.198 544.545
218.385 65.6035 3.84338 3.77148 101.296 611.948
220.064 65.4483 3.87195 3.75283 145.9 691.022
221.694 65.3609 3.87343 3.80651 76.0027 767.335
223.623 65.2225 3.90432 3.81467 90.9753 858.68
216.436 64.5012 3.88243 3.69398 93.1077 544.48
221.784 64.453 3.86881 3.71289 31.7694 793.056
221.784 64.4525 3.88768 3.73232 94.1437 793.044
223.67 64.5753 3.89026 3.76416 100.36 876.722
195.344 61.9331 3.93159 3.67311 77.4591 624.058
217.924 64.0292 3.88821 3.73581 48.1725 629.698
222.48 63.8433 3.89027 3.80755 102.55 846.362
197.317 61.3416 3.8496 3.80953 90.3539 604.064
198.513 61.678 3.84864 3.76995 74.9651 536.447
216.652 63.0254 4.09789 4.04828 39.0009 621.858
218.173 63.0618 4.01737 3.89398 45.496 686.368
221.871 63.109 3.9182 3.79925 69.9325 850.293
193.799 60.3849 3.84854 3.67235 57.7437 806.804
196.65 60.4135 3.85837 3.82975 79.4402 709.545
198.04 60.7515 3.82964 3.73656 65.5847 637.026
199.312 60.6947 3.85783 3.77702 70.8535 609.369
201.041 61.0224 3.8981 3.79974 82.0432 538.45
212.274 61.7929 3.80922 3.67994 33.3954 543.197
213.825 62.1067 3.86556 3.51909 37.9669 570.54
217.004 62.4013 4.03252 3.75292 38.7418 675.354
218.122 62.3579 4.04261 3.76445 29.8031 725.463
223.206 62.5763 3.91075 3.76116 76.083 937.828
198.315 59.9237 3.8608 3.72758 76.7347 710.783
199.908 60.1686 3.88876 3.79076 102.219 649.599
201.231 60.4742 3.86717 3.72283 62.2284 592.785
202.813 60.5269 3.87311 3.67093 70.7256 565.557
204.11 60.6801 3.89899 3.78736 53.9367 538.79
215.402 61.6061 3.77183 3.4747 41.2856 668.694
222.911 61.4593 3.96494 3.779 31.5231 989.639
224.22 61.4862 3.94964 3.74664 57.268 1045.75
226.918 61.1512 3.93153 3.80392 38.8626 1186.92
198.736 59.2533 3.86242 3.72716 39.6005 768.946
200.175 59.1767 3.85412 3.79793 65.7247 748.512
201.907 59.5938 3.85402 3.82083 91.9692 677.669
202.905 59.7733 3.85521 3.82593 67.2192 647.363
204.792 59.8542 3.87774 3.56876 49.3234 628.633
205.68 60.1952 3.91974 3.62194 19.9973 591.103
207.376 60.0815 3.8836 3.55928 60.8418 613.889
210.276 60.4814 3.97087 3.74064 28.2017 616.21
219.809 60.7718 3.97141 3.70864 23.6989 905.348
221.424 60.3024 3.88634 3.5415 16.5592 1006.27
190.452 56.6011 3.87495 3.73414 24.0861 1262.27
202.009 59.0314 3.87433 3.81893 76.9596 737.746
203.561 59.1953 3.86576 3.67525 50.0924 706.389
204.771 59.3922 3.89672 3.58112 60.069 680.116
206.768 59.6524 3.86585 3.62117 42.7539 656.332
226.285 59.5898 3.95819 3.58397 19.4953 1263.41
227.183 60.2114 3.95978 3.69958 24.7318 1259.26
203.344 58.6774 3.85771 3.74495 63.9277 765.069
204.113 58.2637 3.86913 3.57166 50.5861 807.296
204.991 58.6484 3.87428 3.51729 36.3125 762.765
206.355 58.9287 3.88722 3.65493 31.1889 734.3
207.606 58.6097 3.85551 3.70746 40.4428 777.844
213.66 59.4296 3.93622 3.72982 19.3841 805.223
202.426 57.5673 3.87459 3.68765 57.4074 894.492
203.613 57.6397 3.9174 3.73609 36.4815 878.675
229.033 59.3946 3.91898 3.73745 17.4708 1397.13
197.939 55.703 3.88262 3.69607 31.1516 1157.75
200.447 56.2848 3.90086 3.78597 41.4583 1056.15
223.768 57.9616 3.86223 3.62923 35.2314 1285.99
225.424 57.4688 3.83522 3.59002 23.0849 1392.63
226.879 56.1146 3.86367 3.68971 25.6423 1565
228.385 55.3279 3.86754 3.67784 35.2628 1692.66
227.653 56.4191 3.85017 3.59191 17.3139 1570.01
218.547 60.1369 3.7027 4.47478 26.2928 905.125
217.908 60.4896 3.82615 3.75962 20.6654 852.325
217.507 60.403 3.80386 3.70642 28.7532 844.253
218.338 61.0595 3.91846 3.55949 26.8527 824.626
216.296 60.3923 3.82384 3.697 36.2424 801.074
216.716 60.1205 3.82227 3.59471 31.7812 839.214
215.271 60.5805 3.85747 3.68308 25.094 749.078
216.679 60.2805 3.80211 3.64247 26.1918 824.233
218.244 60.7315 3.83279 3.69278 21.2389 846.068
217.659 60.602 3.81471 3.80785 25.4662 833.806
216.749 60.4427 3.79382 3.74369 28.6617 813.072
217.639 60.9231 3.84379 3.68133 34.2493 807.624
218.995 60.8241 3.88204 3.6844 25.0977 868.608
216.976 61.3836 3.86845 3.52536 31.8447 746.351
218.049 60.1785 3.83229 3.66845 33.9657 882.968
216.031 60.2361 3.82515 3.58299 32.9104 805.217
217.533 61.187 3.87731 3.50694 37.447 783.134
218.652 60.2994 3.85868 3.65542 26.1903 896.023
219.217 60.1294 3.86088 3.67592 30.3523 931.42
216.221 60.072 3.83246 3.54172 35.318 826.101
218.856 60.4399 3.84694 3.67916 22.9651 892.746
216.546 61.2275 3.82161 3.51902 47.1137 741.763
