# evlo=200.087402 evla=64.936996
217.908 60.4896 3.90785 3.53602 19.3385 1032.89
217.654 61.036 3.92636 3.46419 21.4148 986.6
217.507 60.403 3.86576 3.55488 19.9207 1020.92
220.363 59.9534 3.8966 3.46311 36.1998 1177.8
216.3 60.3932 3.86756 3.64153 23.5146 968.941
216.716 60.1205 3.85181 3.86071 27.262 1005.95
215.395 60.9677 3.89438 3.57315 22.0926 890.791
209.094 59.7511 3.88242 3.53936 38.575 741.369
209.259 59.7417 3.87266 3.62778 43.5828 747.567
208.846 60.7683 3.84552 3.65495 27.8549 643.013
212.195 64.6453 3.86138 3.6381 60.0133 575.657
200.411 54.831 3.86748 3.70772 22.148 1126.04
208.763 59.5251 3.89225 3.51615 41.3713 751.803
216.907 60.7523 3.90339 3.47289 26.4185 971.349
218.66 60.9649 3.94724 3.42033 38.3497 1036.38
209.738 62.4058 3.90652 3.52094 28.3813 554.001
217.513 60.0823 3.86885 3.72261 24.4305 1043.1
212.624 63.0753 4.00616 3.76377 52.5548 646.186
214.225 61.1292 3.87737 3.59479 34.1688 829.317
215.93 63.6482 3.90491 3.77814 29.3992 778.27
214.25 60.5487 3.84525 3.75767 49.3315 870.686
196.582 54.8564 3.95182 3.90622 23.5649 1139.64
213.401 60.7277 3.83987 3.77626 26.9907 822.375
209.784 61.1426 3.89019 3.96603 39.9108 646.574
214.766 66.5657 3.84224 3.76427 78.2524 695.202
188.296 63.7758 3.80157 3.72536 63.4512 583.19
216.188 61.4417 3.95554 3.55864 54.7914 895.97
212.904 60.8792 3.90877 3.73295 29.0559 790.821
215.271 60.5805 3.8369 3.73863 19.3275 911.69
216.679 60.2805 3.85427 3.7683 26.0325 993.158
218.244 60.7315 3.93026 3.48893 26.363 1032.19
213.052 64.4091 3.85739 3.64608 63.0766 620.753
217.659 60.6024 3.91448 3.46454 20.5143 1014.44
216.749 60.4427 3.8551 3.70396 34.2763 985.047
217.639 60.9231 3.92933 3.46199 38.4517 992.992
218.995 60.824 3.94773 3.3322 26.5204 1060.23
216.976 61.3836 3.95204 3.51057 23.525 934.947
211.063 63.7318 3.96156 3.81292 113.681 546.588
218.049 60.1785 3.88062 3.62885 31.1496 1059.95
216.031 60.2361 3.84789 3.88834 31.7938 968.394
217.533 61.1871 3.92459 3.43237 25.2023 971.899
218.652 60.2994 3.92202 3.58351 19.6124 1078.47
211.14 63.4056 3.97898 3.88613 49.3463 563.106
219.217 60.1294 3.89412 3.47499 25.9408 1114.9
216.221 60.072 3.85871 3.90198 29.742 988.214
216.546 61.2275 3.94346 3.52113 29.3572 925.065
212.138 64.8736 3.82776 3.71093 79.4916 569.705
198.929 70.2043 3.92667 3.56168 43.1407 589.501
203.383 71.3221 3.95379 3.68674 53.4474 724.971
205.026 71.0033 3.9329 3.73701 46.6292 706.938
234.753 71.9871 3.96482 3.55757 31.9066 1591.71
202.84 70.0079 3.95181 3.58458 61.8356 577.526
205.387 69.6211 3.9253 3.79811 65.7652 569.704
206.58 70.34 3.9282 3.8604 87.923 661.855
209.387 69.836 3.87039 3.57009 76.4742 675.144
211.299 69.72 3.92304 3.68899 57.9671 717.086
215.088 69.9175 3.98604 3.65872 43.5143 845.561
216.289 69.626 3.96774 3.60403 56.2463 868.166
235.93 69.3475 3.94935 3.74687 50.6207 1603.24
207.318 68.8799 3.91597 3.66042 95.5023 541.078
209.319 68.9656 3.92337 3.64641 72.2542 602.646
211.177 69.1532 3.96283 3.70488 62.2995 672.102
213.625 69.322 3.98114 3.7298 76.4369 761.433
219.035 69.243 3.95464 3.74388 51.4852 947.514
221.263 69.3286 3.96723 3.66519 71.4756 1033.59
210.384 68.0584 3.97081 3.66951 79.6923 574.382
211.513 68.0748 3.97136 3.64285 73.8048 615.782
214.432 68.1207 3.91908 3.59469 114.545 727.516
218.405 68.1861 3.90055 3.58566 40.7614 886.073
220.465 68.6043 3.9029 3.65596 71.6738 980.01
222.103 68.3889 3.88739 3.6608 70.4624 1039.9
223.281 66.3701 3.90438 3.74441 67.3137 1072.84
212.113 67.5187 3.93036 3.62163 87.2348 611.552
214.357 67.5933 3.89478 3.62319 100.931 704.166
215.855 67.6946 3.88722 3.62131 72.4821 768.259
220.128 67.6136 3.85574 3.66921 72.6233 943.391
224.214 67.6106 3.89915 3.65484 69.9563 1115.92
226.258 67.441 3.91649 3.68191 75.7123 1202.22
212.525 66.7004 3.86515 3.69 66.8639 600.53
213.899 66.7653 3.84099 3.71656 70.624 661.263
216.215 66.9498 3.85636 3.74204 79.8435 764.941
218.345 66.8088 3.85412 3.7436 75.5619 855.434
221.978 66.9116 3.89257 3.74489 93.8296 1015.19
223.778 66.9808 3.91402 3.72968 70.2419 1094.09
225.729 66.9227 3.92548 3.73087 58.6709 1179.36
212.122 65.8371 3.80495 3.76095 133.139 567.512
214.181 66.267 3.83384 3.82428 90.5729 665.045
218.473 66.2305 3.86098 3.76686 133.148 857.318
221.631 66.2191 3.89105 3.76646 108.176 999.415
225.657 65.8052 3.91287 3.75937 73.5256 1185.14
214.843 62.3987 3.99458 3.64187 28.1157 781.212
213.052 64.4091 3.85739 3.64608 63.0766 620.753
216.846 65.3064 3.83814 3.76281 116.14 785.742
218.385 65.6035 3.86125 3.72852 74.0477 854.621
220.064 65.4483 3.86379 3.73109 142.072 933.425
221.694 65.3609 3.87421 3.72932 55.7799 1009.73
223.623 65.2225 3.89994 3.74795 127.756 1101.04
214.63 64.613 3.8443 3.66897 78.0361 691.245
216.436 64.5012 3.82967 3.74838 66.5318 778.689
221.784 64.453 3.85529 3.73109 28.6437 1031.52
221.784 64.4525 3.86638 3.79371 75.4778 1031.51
223.67 64.5753 3.88561 3.75549 108.263 1116.84
214.222 63.8036 3.93678 3.83445 85.6271 692.505
217.924 64.0292 3.85496 3.7798 80.797 860.706
222.48 63.8433 3.86714 3.75487 96.8204 1081.47
216.652 63.0254 3.93878 3.78721 45.7111 835.914
218.173 63.0618 3.90558 3.8312 74.3928 905.896
221.871 63.109 3.88386 3.74952 71.5508 1078.65
193.799 60.3849 3.80287 3.80351 81.6643 600.473
196.65 60.4135 3.88407 3.75451 93.8245 533.854
209.88 61.7531 3.87609 3.57163 42.9833 604.242
212.274 61.7929 3.87168 3.60144 24.6305 701.679
213.825 62.1067 3.96229 3.62509 27.4273 750.933
217.004 62.4013 3.97005 3.69334 50.5649 880.755
218.122 62.3579 3.92939 3.72165 77.794 934.905
221.538 62.4435 3.89254 3.76452 60.6001 1091.1
223.206 62.5763 3.87681 3.74735 89.251 1163.91
225.609 62.2024 3.86698 3.72376 85.6399 1294.41
198.315 59.9237 3.84485 3.72847 79.2074 566.139
199.908 60.1686 3.88132 3.8418 56.2797 531.537
205.516 60.8132 3.93717 3.71992 32.2119 535.848
207.791 61.2001 3.873 3.69869 38.8936 569.478
215.402 61.6061 3.94826 3.62872 49.8769 850.868
222.911 61.4593 3.93287 3.76684 38.2006 1204.49
224.22 61.4862 3.91676 3.76063 55.3956 1264.45
226.918 61.1512 3.9006 3.77187 56.5863 1409.22
198.736 59.2533 3.87796 3.7399 69.2817 637.311
200.175 59.1767 3.9106 3.61444 53.3171 641.978
201.907 59.5938 3.84512 3.59588 44.8744 602.884
202.905 59.7733 3.82922 3.63855 62.2857 593.566
205.68 60.1952 3.89708 3.70019 25.6695 601.154
207.376 60.0815 3.87676 3.47571 36.805 657.8
210.276 60.4814 3.91959 3.76543 26.9003 718.497
221.424 60.3024 3.97972 3.45232 26.9524 1203.14
202.009 59.0314 3.80913 3.71612 37.785 665.737
203.561 59.1953 3.84752 3.68947 33.0858 664.91
212.597 59.9979 3.87501 3.72683 20.4274 845.68
222.262 59.6304 3.88975 3.50326 16.7709 1284.77
223.04 60.1218 3.94685 3.48901 17.1625 1288.42
226.285 59.5898 3.91524 3.57655 37.4645 1471.75
212.566 65.1171 3.81235 3.68347 89.6287 587.497
203.344 58.6774 3.82809 3.78009 31.5628 718.172
204.113 58.2637 3.83038 3.77868 36.3337 773.376
213.66 59.4296 3.9135 3.64308 17.6453 932.792
202.426 57.5673 3.86798 3.61695 20.9581 830.616
203.613 57.6397 3.86215 3.88898 20.7024 834.515
197.939 55.703 3.92631 3.76424 51.0524 1035.49
200.447 56.2848 3.84214 3.62345 32.7663 964.238
223.768 57.9616 3.89766 3.62679 25.4553 1469.85
225.424 57.4688 3.89985 3.69258 21.0983 1579.94
228.869 57.9128 3.89343 3.56653 19.855 1703.69
212.138 64.8735 3.81213 3.78137 30.6998 569.697
210.428 68.6408 3.95267 3.73473 85.9773 613.073
227.653 56.4191 3.87922 3.68326 16.2394 1758.9
211.063 63.7323 3.96161 3.81297 113.681 546.594
211.14 63.4057 3.97899 3.88613 49.3463 563.107
218.547 60.1369 3.77245 4.46548 19.4363 1084.69
217.908 60.4896 3.90785 3.53602 19.3385 1032.89
217.507 60.403 3.86576 3.55488 19.9207 1020.92
216.296 60.3923 3.86722 3.64121 23.5146 968.856
216.716 60.1205 3.85181 3.86071 27.262 1005.95
215.271 60.5805 3.8369 3.73863 19.3275 911.69
216.679 60.2805 3.85427 3.7683 26.0325 993.158
218.244 60.7315 3.93026 3.48893 26.363 1032.19
217.659 60.602 3.9145 3.46456 20.5143 1014.44
216.749 60.4427 3.8551 3.70396 34.2763 985.047
217.639 60.9231 3.92929 3.46196 38.4517 992.983
218.995 60.8241 3.94771 3.33218 26.5204 1060.22
216.976 61.3836 3.95204 3.51057 23.525 934.947
218.049 60.1785 3.88062 3.62885 31.1496 1059.95
216.031 60.2361 3.84789 3.88834 31.7938 968.394
217.533 61.187 3.92465 3.43243 25.2023 971.914
218.652 60.2994 3.92202 3.58351 19.6124 1078.47
219.217 60.1294 3.89412 3.47499 25.9408 1114.9
216.221 60.072 3.85871 3.90198 29.742 988.214
216.546 61.2275 3.94346 3.52113 29.3572 925.065
