# evlo=214.843201 evla=62.398701
225.144 58.5792 4.02359 3.56518 30.5092 707.041
204.378 55.8218 3.88426 3.70939 45.9191 944.371
200.411 54.831 3.95228 3.54972 29.3992 1184.11
209.796 67.2269 3.93247 3.78622 54.0074 588.827
196.582 54.8564 3.91279 3.60681 49.1187 1345.2
203.121 64.7461 4.00663 3.79696 39.1306 637.201
234.753 71.9871 3.98112 3.79606 78.6636 1359.57
198.198 69.3641 3.87468 3.58175 47.8714 1079.36
202.84 70.0079 3.92544 3.75482 30.5406 1002.15
206.58 70.34 3.83207 3.66784 37.2659 957.625
194.656 68.2746 3.84294 3.76916 32.2447 1137.6
196.822 68.4753 3.84846 3.90404 43.2653 1069.36
198.806 68.6483 3.84174 3.82198 42.6792 1012.1
200.413 69.1049 3.89095 3.60047 25.5619 993.496
205.217 69.1565 3.89456 3.75595 46.547 870.762
211.299 69.72 3.9383 3.77478 46.5045 831.668
215.088 69.9175 3.91798 3.75065 24.6931 838.483
216.289 69.626 3.89015 3.70912 43.8407 808.5
235.93 69.3475 4.00555 3.78513 49.9246 1224.52
196.917 67.6988 3.82921 3.62412 20.5461 1024.44
201.885 68.4946 3.87556 3.5909 37.2021 903.753
203.387 68.7132 3.90657 3.71666 44.0573 877.837
207.318 68.8799 3.83126 3.54344 21.5564 800.099
211.177 69.1532 3.90838 3.80788 44.3321 771.304
213.625 69.322 3.93925 3.65889 27.26 773.941
219.035 69.243 3.87257 3.54197 62.6322 786.417
221.263 69.3286 3.91553 3.56088 58.6833 825.364
198.174 67.082 3.84507 3.6419 27.7352 945.716
199.397 67.4213 3.82328 3.63066 36.4967 916.754
202.768 67.4572 3.81412 3.524 35.0211 800.125
206.028 68.4414 3.8558 3.78512 38.8714 786.657
208.187 68.1343 3.87391 3.51056 24.4836 710.136
210.384 68.0584 3.88082 3.66114 47.7664 664.194
211.513 68.0748 3.85719 3.61167 40.8802 651.498
214.432 68.1207 3.96389 3.78931 39.4673 638.265
218.405 68.1861 3.85538 3.5964 52.3103 666.057
220.465 68.6043 3.89996 3.53119 66.3221 738.517
222.103 68.3889 3.89259 3.65089 50.5862 747.15
223.281 66.3701 3.9103 3.74813 90.8555 600.541
193.671 65.4742 3.95134 3.55991 34.9302 1087.34
195.352 65.7077 3.92757 3.54243 26.7379 1015.76
200.349 66.6001 3.88236 3.776 19.1841 836.303
202.227 66.8332 3.77465 3.6296 45.0133 777.859
204.275 67.0486 3.78842 3.52338 37.9577 721.02
207.821 67.5076 3.84012 3.60794 49.6994 658.317
212.113 67.5187 3.88734 3.57291 45.51 585.089
214.357 67.5933 3.93531 3.73532 43.21 579.606
215.855 67.6946 3.9214 3.59819 52.8635 592.352
220.128 67.6136 3.87479 3.62832 74.7601 632.071
224.214 67.6106 3.92168 3.71091 66.4635 728.462
226.258 67.441 3.96767 3.79628 66.8751 777.303
197.645 65.3936 3.95963 3.6345 31.9077 904.647
199.349 65.5011 3.92123 3.63861 23.3466 831.721
201.346 65.895 3.91143 3.68372 30.1184 761.625
202.913 66.1434 3.79754 3.74854 31.295 711.229
206.494 66.5156 3.78966 3.67104 47.51 609.028
208.493 66.9214 3.82547 3.71745 46.9871 587.811
209.976 66.7108 3.89058 3.93642 65.0382 534.041
221.978 66.9116 3.90454 3.62858 64.3302 606.935
223.778 66.9808 3.92601 3.73286 103.057 664.144
225.729 66.9227 3.96568 3.83769 55.1824 722.608
197.761 64.6379 3.97036 3.70895 34.9469 883.001
200.087 64.937 3.99458 3.64187 28.1157 781.212
201.637 65.1527 3.99004 3.64489 35.0412 718.302
203.551 65.5276 3.93626 3.68507 27.4468 652.659
205.119 65.4924 3.88577 3.43398 40.0022 587.392
221.631 66.2191 3.90442 3.7053 71.036 537.241
225.657 65.8052 3.93337 3.67408 53.5682 648.375
199.305 63.8864 3.92633 3.6924 53.3568 798.734
205.522 64.7962 3.99 3.70415 15.5205 533.568
223.623 65.2225 3.91585 3.75111 59.0083 534.199
196.446 62.7492 3.84033 3.74705 65.4282 943.385
199.398 63.2842 3.8597 3.70304 97.1599 791.095
200.922 63.3965 3.90802 3.67666 40.4611 715.09
203.285 63.465 3.92309 3.56108 72.9156 598.103
204.379 63.994 3.99071 3.80763 68.116 555.154
195.344 61.9331 3.82368 3.70019 66.356 1013.59
198.469 62.2938 3.8265 3.58702 72.6832 846.029
201.699 62.7161 3.8594 3.49629 75.3997 675.886
197.317 61.3416 3.83973 3.63374 89.2485 926.811
198.513 61.678 3.84832 3.61782 72.2084 856.044
200.525 61.7105 3.84122 3.61944 83.3573 751.241
201.703 62.1344 3.85407 3.58271 89.388 681.967
203.311 62.2195 3.84717 3.58095 115.028 597.654
193.799 60.3849 3.85621 3.61005 105.805 1141.36
196.65 60.4135 3.86624 3.6644 92.4573 993.059
198.04 60.7515 3.86056 3.65683 78.3208 908.608
199.312 60.6947 3.85446 3.66399 114.155 845.203
201.041 61.0224 3.84905 3.65979 106.826 744.48
202.562 61.4009 3.84868 3.61724 127.785 654.065
204.176 61.4907 3.845 3.58698 157.545 568.349
225.609 62.2024 3.81117 3.71537 143.036 558.346
198.315 59.9237 3.8708 3.64609 100.641 928.553
199.908 60.1686 3.87096 3.63976 96.2493 836.366
201.231 60.4742 3.87304 3.63494 115.337 755.762
202.813 60.5269 3.90145 3.59385 115.736 673.313
204.11 60.6801 3.9111 3.6279 169.947 601.287
205.516 60.8132 3.91872 3.6402 160.12 525.04
226.918 61.1512 3.79883 3.59713 108.906 651.321
198.736 59.2533 3.88294 3.60889 80.9519 940.632
200.175 59.1767 3.89487 3.59135 62.7979 873.351
201.907 59.5938 3.91854 3.6276 100.583 764.915
202.905 59.7733 3.93868 3.61026 188.349 706.126
204.792 59.8542 3.95507 3.533 75.494 610.501
205.68 60.1952 3.96379 3.57823 101.175 548.466
190.452 56.6011 3.88324 3.64425 37.0711 1512.87
202.009 59.0314 3.90972 3.56221 79.2966 792.836
203.561 59.1953 3.92962 3.5342 90.4771 709.14
204.771 59.3922 3.94277 3.49757 102.455 640.219
206.768 59.6524 3.91365 3.47012 122.742 532.548
226.285 59.5898 3.88754 3.68055 78.0042 692.525
227.183 60.2114 3.80213 3.64494 118.126 703.395
203.344 58.6774 3.88449 3.49322 65.3266 753.555
204.113 58.2637 3.88677 3.58426 63.749 749.159
204.991 58.6484 3.88757 3.53446 63.8191 682.408
206.355 58.9287 3.8457 3.61768 152.136 603.232
207.606 58.6097 3.89892 3.74421 124.78 579.333
227.731 58.9601 3.91487 3.77305 53.6023 799.834
202.426 57.5673 3.87968 3.59106 53.0742 875.258
203.613 57.6397 3.8852 3.69211 82.4654 818.637
205.548 57.5665 3.90326 3.63079 46.5918 746.407
229.033 59.3946 3.84765 3.76772 116.734 837.599
197.939 55.703 3.88758 3.55607 110.666 1217.57
200.447 56.2848 3.8916 3.59778 60.1058 1061.29
223.768 57.9616 3.77952 3.44545 36.0638 698.635
228.869 57.9128 3.96767 3.65818 59.6551 922.574
227.048 56.8144 3.81073 3.55387 18.0731 925.672
229.75 56.9811 3.95094 3.58436 23.8935 1030.1
210.428 68.6408 3.90725 3.75255 40.6408 724.891
228.385 55.3279 3.8421 3.64907 46.4787 1105.32
227.653 56.4191 3.85998 3.45286 25.2517 983.254
