# evlo=207.195007 evla=65.657097
194.627 64.5646 3.77244 3.77962 160.1 601.802
217.908 60.4896 3.80779 3.70191 62.6837 788.549
217.654 61.036 3.80732 3.60276 52.555 732.833
217.507 60.403 3.84035 3.67549 24.0262 782.595
218.338 61.0595 3.78453 3.54754 47.8713 755.468
220.363 59.9534 3.82575 3.62002 24.0104 921.498
216.3 60.3932 3.82669 3.78214 56.9216 744.641
225.144 58.5792 3.81744 3.51545 16.4146 1217.07
216.716 60.1205 3.84207 3.67703 32.2949 782.72
215.395 60.9677 3.8461 3.74517 60.6077 663.893
209.094 59.7511 3.88388 3.45914 30.1072 665.319
209.259 59.7417 3.89739 3.51343 36.5488 667.626
208.846 60.7683 3.94306 3.43008 23.8172 551.172
204.378 55.8218 3.93067 3.52303 20.8941 1106.33
200.411 54.831 3.91032 3.69971 27.9329 1261.62
208.763 59.5251 3.88492 3.51364 33.1595 688.114
216.907 60.7523 3.82074 3.62189 32.6439 731.716
218.66 60.9649 3.81159 3.57403 50.4522 775.02
217.513 60.0823 3.83613 3.72391 45.2932 811.535
214.225 61.1292 3.81918 3.68369 70.9154 614.235
214.25 60.5487 3.87248 3.67554 81.5419 670.765
196.582 54.8564 3.8806 3.74936 25.0303 1334.97
213.401 60.7277 3.89502 3.68703 73.0595 631.394
188.296 63.7758 3.79915 3.70615 165.871 921.258
216.188 61.4417 3.79288 3.59475 65.5164 647.444
212.904 60.8792 3.91975 3.78317 47.5602 604.258
215.271 60.5805 3.86918 3.76421 50.3455 696.202
216.679 60.2805 3.84599 3.68372 67.7977 766.837
218.244 60.7315 3.79947 3.56281 37.9216 779.464
217.659 60.6024 3.80843 3.62465 45.8311 770.2
216.749 60.4427 3.8311 3.66315 63.4656 754.267
217.639 60.9231 3.79661 3.65985 62.3163 741.89
217.277 60.2474 3.84193 3.84179 16.4712 788.945
218.995 60.824 3.83318 3.58968 32.1156 798.899
216.976 61.3836 3.81464 3.49986 123.381 679.696
218.049 60.1785 3.81915 3.73216 40.0675 820.674
217.533 61.1871 3.82033 3.56587 51.5525 715.865
218.652 60.2994 3.83517 3.70082 38.0601 830.784
219.217 60.1294 3.81292 3.75436 36.5332 865.296
218.856 60.4399 3.82007 3.74742 38.4127 825.931
216.546 61.2275 3.80268 3.55747 70.2637 678.047
198.929 70.2043 3.95082 3.83078 39.0816 613.235
203.383 71.3221 3.99504 3.5746 40.2587 650.556
205.026 71.0033 3.92825 3.53759 47.3622 602.885
198.198 69.3641 3.84641 3.52757 34.7885 563.309
194.656 68.2746 4.01898 3.70047 37.722 619.076
196.822 68.4753 4.00331 3.77694 33.5659 548.8
215.088 69.9175 3.90963 3.71014 103.917 579.34
216.289 69.626 3.88509 3.65907 98.8313 586.256
235.93 69.3475 3.99494 3.70187 61.2284 1280.54
219.035 69.243 3.91565 3.63544 93.2211 643.874
221.263 69.3286 3.91778 3.63324 65.2688 724.775
218.405 68.1861 3.91807 3.63387 102.471 564.667
220.465 68.6043 3.92665 3.70725 101.074 661.013
222.103 68.3889 3.93999 3.72989 91.213 715.169
223.281 66.3701 3.9169 3.73865 140.327 732.237
193.671 65.4742 3.82629 3.64034 93.285 623.598
195.352 65.7077 3.8531 3.64075 97.6001 543.645
220.128 67.6136 3.91053 3.67828 88.3714 611.346
224.214 67.6106 3.9257 3.623 77.8194 781.521
226.258 67.441 3.94441 3.66487 68.416 866.186
195.961 64.9941 3.78751 3.72438 96.5562 527.956
221.978 66.9116 3.90265 3.70724 99.8158 676.58
223.778 66.9808 3.93411 3.72828 121.033 755.654
225.729 66.9227 3.92977 3.71661 81.9114 840.586
221.631 66.2191 3.88811 3.7675 125.93 658.552
225.657 65.8052 3.91974 3.79814 116.522 844.205
220.064 65.4483 3.86286 3.75594 184.144 593.967
221.694 65.3609 3.87168 3.73532 181.79 670.261
223.623 65.2225 3.89445 3.78803 153.306 761.602
196.446 62.7492 3.91059 3.74406 115.261 613.406
221.784 64.453 3.87193 3.74783 95.8319 698.151
221.784 64.4525 3.90144 3.68344 65.4953 698.141
223.67 64.5753 3.89216 3.72885 103.48 780.825
195.344 61.9331 3.915 3.72732 78.8037 714.793
198.469 62.2938 3.93887 3.75303 66.6148 567.624
217.924 64.0292 3.94222 3.75185 64.3501 539.694
222.48 63.8433 3.8887 3.81577 82.0449 753.245
197.317 61.3416 3.9057 3.77489 74.9758 686.634
198.513 61.678 3.88616 3.84573 102.563 616.648
200.525 61.7105 3.85312 3.72718 114.104 549.365
216.652 63.0254 4.00993 4.02153 45.082 542.331
218.173 63.0618 4.06112 3.85379 70.6548 602.903
221.871 63.109 3.93981 3.74923 54.7745 760.895
193.799 60.3849 3.87704 3.81739 54.6662 894.27
198.04 60.7515 3.88118 3.80013 62.8502 713.574
199.312 60.6947 3.84037 3.75154 78.2314 679.825
201.041 61.0224 3.88271 3.70177 84.367 600.959
202.562 61.4009 3.89832 3.7984 94.2241 527.134
217.004 62.4013 3.98319 3.5804 37.8531 600.26
218.122 62.3579 4.03859 3.75662 55.8371 647.47
221.538 62.4435 3.96864 3.71514 55.2098 784.397
223.206 62.5763 3.92706 3.73413 55.3302 849.384
225.609 62.2024 3.91808 3.78481 55.1268 977.389
198.315 59.9237 3.86753 3.8353 73.3584 781.867
199.908 60.1686 3.88093 3.73798 73.9314 714.104
201.231 60.4742 3.86867 3.79535 92.6281 651.006
202.813 60.5269 3.8824 3.74165 85.789 612.813
204.11 60.6801 3.85411 3.73064 83.3121 575.94
205.516 60.8132 3.89506 3.73511 78.5256 546.429
215.402 61.6061 3.78858 3.68875 66.8961 606.881
222.911 61.4593 3.9849 3.71194 43.5593 906.928
224.22 61.4862 3.94527 3.73567 69.8655 960.833
226.918 61.1512 3.95608 3.78398 29.9355 1099.78
198.736 59.2533 3.8735 3.75461 90.0092 835.075
200.175 59.1767 3.84244 3.75469 29.4487 807.119
201.907 59.5938 3.84918 3.72369 104.62 727.641
202.905 59.7733 3.8407 3.77387 115.753 691.152
204.792 59.8542 3.87097 3.67967 62.8772 658.204
205.68 60.1952 3.92165 3.66695 44.4268 613.583
207.376 60.0815 3.93452 3.57697 56.5548 621.518
210.276 60.4814 3.93165 3.46435 41.514 597.371
219.809 60.7718 3.85156 3.65459 31.8978 833.499
221.424 60.3024 3.86462 3.64594 28.895 932.728
223.909 60.7704 3.98428 3.74915 24.3801 997.06
190.452 56.6011 3.87158 3.7341 28.2152 1345.19
202.009 59.0314 3.84322 3.77078 82.2242 785.15
203.561 59.1953 3.86597 3.73554 78.9899 743.947
204.771 59.3922 3.88924 3.66395 79.5596 709.182
206.768 59.6524 3.93374 3.60024 51.1733 669.611
212.597 59.9979 3.98519 3.73095 46.6944 687.655
222.262 59.6304 3.83775 3.66949 18.3501 1019.28
226.285 59.5898 3.9568 3.60434 24.8005 1182.96
203.344 58.6774 3.86256 3.72414 70.1578 802.961
204.113 58.2637 3.88837 3.6711 50.99 839.409
204.991 58.6484 3.90088 3.59008 42.5101 789.381
206.355 58.9287 3.90852 3.53617 51.5347 751.125
207.606 58.6097 3.92255 3.51705 41.1828 785.699
213.66 59.4296 3.91147 3.47429 53.6305 768.782
227.731 58.9601 3.96706 3.6133 19.1045 1291.05
202.426 57.5673 3.85179 3.64824 53.314 935.702
203.613 57.6397 3.91411 3.69382 34.8846 913.03
205.548 57.5665 3.87229 3.63138 53.437 905.75
225.482 58.2747 3.80003 3.6036 16.1355 1255.5
229.033 59.3946 3.95419 3.72253 21.8903 1313.18
197.939 55.703 3.83363 3.68654 66.878 1216.06
200.447 56.2848 3.88866 3.76908 54.2556 1104.93
223.768 57.9616 3.8486 3.69046 31.1403 1217.28
225.424 57.4688 3.82932 3.65361 27.8024 1321.81
226.879 56.1146 3.8605 3.7397 42.4279 1495.44
228.385 55.3279 3.85764 3.75568 34.7203 1622.19
227.653 56.4191 3.85197 3.67051 34.8246 1497.86
218.547 60.1369 3.6608 4.51849 49.1842 841.265
217.908 60.4896 3.80779 3.70191 62.6837 788.549
217.507 60.403 3.84035 3.67549 24.0262 782.595
218.338 61.0595 3.78454 3.54756 47.8713 755.472
216.296 60.3923 3.82657 3.78202 56.9216 744.618
216.716 60.1205 3.84207 3.67703 32.2949 782.72
215.271 60.5805 3.86918 3.76421 50.3455 696.202
216.679 60.2805 3.84599 3.68372 67.7977 766.837
218.244 60.7315 3.79947 3.56281 37.9216 779.464
217.659 60.602 3.80852 3.62473 45.8311 770.219
216.749 60.4427 3.8311 3.66315 63.4656 754.267
217.639 60.9231 3.79657 3.65981 62.3163 741.883
217.277 60.2474 3.84193 3.84179 16.4712 788.945
218.995 60.8241 3.83314 3.58964 32.1156 798.89
216.976 61.3836 3.81464 3.49986 123.381 679.696
218.049 60.1785 3.81915 3.73216 40.0675 820.674
217.533 61.187 3.82041 3.56595 51.5525 715.881
218.652 60.2994 3.83517 3.70082 38.0601 830.784
219.217 60.1294 3.81292 3.75436 36.5332 865.296
218.856 60.4399 3.82007 3.74742 38.4127 825.931
216.546 61.2275 3.80268 3.55747 70.2637 678.047
