# evlo=199.907898 evla=60.168598
225.449 60.24 3.8542 3.66043 29.6084 1407.57
194.627 64.5646 3.89893 3.68869 61.3681 560.627
217.908 60.4896 3.84135 3.60768 98.6488 991.98
217.654 61.036 3.83651 3.51568 65.2782 973.923
217.507 60.403 3.8382 3.61262 65.5347 970.995
218.338 61.0595 3.85861 3.53805 74.0745 1010.74
220.363 59.9534 3.85377 3.67109 62.2446 1134.99
216.3 60.3932 3.86233 3.63991 51.3226 904.897
225.144 58.5792 3.86947 3.70105 66.9836 1436.6
216.716 60.1205 3.85787 3.65169 48.7529 931.285
215.395 60.9677 3.8667 3.62477 82.3078 851.945
209.013 64.0997 3.87776 3.77731 83.4629 645.085
210.701 64.1732 3.87866 3.69035 58.2131 716.377
207.916 63.4188 3.87077 3.68201 100.163 555.756
204.378 55.8218 4.05554 3.65978 17.8228 551.31
200.411 54.831 3.94721 3.45397 18.5047 595.199
207.685 63.8827 3.85258 3.71136 87.4863 579.854
209.796 67.2269 3.85824 3.62946 39.8381 923.986
216.907 60.7523 3.84198 3.56991 41.158 934.982
218.66 60.9649 3.85167 3.53607 80.9153 1028.67
209.738 62.4058 3.86934 3.64906 118.795 582.251
217.513 60.0823 3.85313 3.66086 53.8975 975.78
212.624 63.0753 3.90111 3.67726 88.4152 746.588
214.225 61.1292 3.85351 3.63125 76.4852 788.852
215.93 63.6482 3.90015 3.59106 28.2606 923.767
214.25 60.5487 3.85415 3.64088 127.306 791.168
196.582 54.8564 3.92841 3.63567 23.804 624.086
213.401 60.7277 3.8489 3.66876 83.6476 744.008
209.784 61.1426 3.84582 3.59634 89.2589 550.355
214.766 66.5657 3.87875 3.70444 43.2696 1025.3
188.296 63.7758 3.8219 3.73703 34.7558 728.047
203.121 64.7461 3.88743 3.76768 74.3032 536.277
211.074 61.771 3.8416 3.55757 83.8731 629.647
216.188 61.4417 3.85682 3.5868 86.2498 895.094
212.904 60.8792 3.83501 3.64398 78.767 716.869
215.271 60.5805 3.86508 3.59376 68.7506 846.846
216.679 60.2805 3.84585 3.65612 83.2012 927.058
218.244 60.7315 3.84474 3.57512 71.5562 1007.88
213.052 64.4091 3.89132 3.6689 64.6421 827.416
213.497 60.396 3.84689 3.62814 97.242 750.868
215.738 60.3351 3.86682 3.62212 54.9712 874.67
217.659 60.6024 3.84266 3.60177 85.0075 977.195
215.581 59.9268 3.84877 3.60842 101.416 871.675
216.749 60.4427 3.84895 3.61865 90.7346 929.012
217.639 60.9231 3.84225 3.56019 81.5615 973.693
214.077 61.4924 3.84887 3.61929 89.1718 783.089
211.542 61.4131 3.84277 3.62909 139.215 647.657
197.4 66.8951 3.90048 3.7347 18.2757 759.952
209.077 63.5527 3.89166 3.68491 91.7547 611.548
218.995 60.824 3.8527 3.54069 86.6449 1047.89
216.976 61.3836 3.84517 3.53078 108.031 937.03
211.063 63.7318 3.90221 3.6212 86.3193 705.914
218.049 60.1785 3.8608 3.63751 76.6744 1003.82
209.256 65.0304 3.86892 3.79863 83.068 722.561
216.031 60.2361 3.8566 3.6607 105.826 891.966
217.533 61.1871 3.84858 3.52247 99.1717 966.94
218.652 60.2994 3.85504 3.65521 56.2432 1035.14
211.14 63.4056 3.90669 3.64598 101.267 692.393
219.217 60.1294 3.85667 3.62695 72.5885 1068.79
216.221 60.072 3.85902 3.64246 84.1652 904.721
218.856 60.4399 3.85293 3.58052 57.1324 1044.38
216.546 61.2275 3.84725 3.51992 84.2834 913.833
198.929 70.2043 3.85998 3.61698 41.5817 1119.82
203.383 71.3221 3.91116 3.65933 34.3374 1253.29
205.026 71.0033 3.94372 3.74464 37.5583 1229.86
198.198 69.3641 3.85197 3.71193 44.1807 1028.31
202.84 70.0079 3.92862 3.71897 42.2932 1105.32
205.387 69.6211 3.92941 3.76699 77.0828 1084.28
206.58 70.34 3.93568 3.79562 51.0723 1174.45
194.656 68.2746 3.8368 3.69236 37.1249 938.102
196.822 68.4753 3.84443 3.70197 49.4951 937.695
198.806 68.6483 3.85093 3.65038 41.9618 946.791
200.413 69.1049 3.87968 3.59183 43.0962 996.553
205.217 69.1565 3.92573 3.83182 69.2693 1032.68
209.387 69.836 3.906 3.76997 40.4679 1163.73
211.299 69.72 3.8651 3.66657 45.0241 1188.82
215.088 69.9175 3.86321 3.79675 88.1273 1292.99
216.289 69.626 3.88453 3.83456 63.6424 1300.06
235.93 69.3475 3.99163 3.76224 44.6125 1954.23
196.917 67.6988 3.83525 3.69513 43.6211 851.905
201.885 68.4946 3.91183 3.70584 44.9533 932.981
203.387 68.7132 3.92654 3.76453 75.9463 966.814
207.318 68.8799 3.89186 3.78932 60.5197 1032.54
209.319 68.9656 3.87448 3.6543 67.4566 1076.7
211.177 69.1532 3.84021 3.67931 55.7956 1133.06
213.625 69.322 3.85782 3.78582 83.7703 1205.54
219.035 69.243 3.89009 3.73189 52.6334 1350.68
221.263 69.3286 3.88951 3.63355 46.9049 1426.7
198.174 67.082 3.81292 3.48669 51.1924 775.347
199.397 67.4213 3.84552 3.60763 41.3086 808.867
202.768 67.4572 3.8801 3.82513 56.8844 824.394
203.811 68.2575 3.90671 3.77052 64.6094 920.998
206.028 68.4414 3.89882 3.82124 51.1335 967.519
208.187 68.1343 3.8463 3.71918 38.5094 973.165
210.384 68.0584 3.83332 3.67942 67.1121 1013.89
211.513 68.0748 3.84004 3.71101 90.316 1043.37
218.405 68.1861 3.90178 3.62978 35.1115 1258.5
220.465 68.6043 3.89811 3.64946 59.3441 1354.62
223.281 66.3701 3.91201 3.70678 39.9709 1349.99
193.671 65.4742 3.88373 3.63648 44.6398 670.688
195.352 65.7077 3.82047 3.68737 38.0835 658.904
198.75 66.442 3.8447 3.5857 54.7757 701.646
200.349 66.6001 3.8764 3.67105 50.4992 717.234
202.227 66.8332 3.89203 3.81112 72.4283 751.689
204.275 67.0486 3.85281 3.85091 74.0149 796.457
206.517 67.2221 3.84436 3.77727 43.053 850.409
207.821 67.5076 3.86876 3.67399 52.0277 904.422
212.113 67.5187 3.88628 3.7595 71.027 1012.05
215.855 67.6946 3.92366 3.77544 51.4346 1140.45
224.214 67.6106 3.90645 3.78726 70.5907 1438.69
226.258 67.441 3.92123 3.77851 49.7647 1512.93
195.961 64.9941 3.83495 3.53024 44.7649 574.535
197.645 65.3936 3.82901 3.5316 30.2039 593.614
199.349 65.5011 3.8956 3.64636 58.8171 595.03
201.346 65.895 3.86988 3.82944 82.9053 642.368
202.913 66.1434 3.84181 3.79869 72.2592 682.783
206.494 66.5156 3.85495 3.66812 72.595 779.604
208.493 66.9214 3.85568 3.59977 42.1634 863.594
209.976 66.7108 3.87784 3.75627 110.27 883.296
212.525 66.7004 3.89842 3.84741 61.6146 959.112
213.899 66.7653 3.89936 3.78275 38.976 1009.17
216.215 66.9498 3.87948 3.70857 60.7654 1102.12
218.345 66.8088 3.87175 3.75227 81.8549 1172
221.978 66.9116 3.8962 3.75214 58.9717 1318.97
225.729 66.9227 3.91572 3.7425 38.9735 1472.48
200.087 64.937 3.88132 3.8418 56.2797 531.537
201.637 65.1527 3.84735 3.71212 93.8205 562.477
203.551 65.5276 3.8502 3.73347 59.9003 625.206
205.119 65.4924 3.88876 3.79076 102.219 649.599
207.195 65.6571 3.88093 3.73798 73.9314 714.104
208.623 65.8937 3.8739 3.75261 101.564 774.254
210.457 65.8251 3.86171 3.85217 76.4102 824.468
212.122 65.8371 3.87976 3.80931 71.5641 881.536
218.473 66.2305 3.88437 3.75548 57.5381 1145.91
221.631 66.2191 3.91122 3.68001 54.7192 1274.76
225.657 65.8052 3.93016 3.68329 35.1047 1434.89
214.843 62.3987 3.87096 3.63976 96.2493 836.366
213.052 64.4091 3.89132 3.6689 64.6421 827.416
205.522 64.7962 3.87169 3.72135 62.5375 590.942
208.018 65.18 3.89059 3.76551 72.7883 695.028
210.64 65.1479 3.89088 3.84501 101.117 779.514
216.846 65.3064 3.89707 3.75774 68.5927 1033.15
218.385 65.6035 3.90462 3.72544 76.3763 1111.81
220.064 65.4483 3.907 3.68283 54.8552 1177.03
221.694 65.3609 3.93572 3.65041 46.2535 1245.44
223.623 65.2225 3.92342 3.67407 53.8281 1327.93
205.853 64.1767 3.88949 3.75708 88.966 543.104
214.63 64.613 3.8926 3.72017 78.7769 905.154
216.436 64.5012 3.89723 3.71133 62.5239 979.125
221.784 64.453 3.94037 3.63766 23.0653 1223.09
221.784 64.4525 3.88895 3.61808 41.5726 1223.05
223.67 64.5753 3.88529 3.6476 65.2367 1314.51
214.222 63.8036 3.90189 3.6763 79.3511 850.101
217.924 64.0292 3.88541 3.62759 58.8969 1030.01
222.48 63.8433 3.87762 3.61894 134.161 1243.54
216.652 63.0254 3.88347 3.65104 74.8793 940.944
218.173 63.0618 3.88214 3.63445 106.937 1017.19
221.871 63.109 3.87508 3.63816 100.417 1202.94
209.88 61.7531 3.84256 3.61339 124.152 567.652
212.274 61.7929 3.8444 3.59879 117.947 692.334
213.825 62.1067 3.8528 3.63906 116.216 778.51
217.004 62.4013 3.87226 3.62395 114.295 946.732
218.122 62.3579 3.86947 3.63358 109.451 1003.63
221.538 62.4435 3.87172 3.61434 85.4167 1180.45
223.206 62.5763 3.87225 3.61853 115.781 1266.94
225.609 62.2024 3.87501 3.58983 107.327 1391.39
215.402 61.6061 3.8551 3.61259 117.713 854.26
222.911 61.4593 3.85126 3.59362 73.1386 1253.51
224.22 61.4862 3.85047 3.59634 151.386 1322.9
226.918 61.1512 3.8599 3.61701 58.3643 1470.52
210.276 60.4814 3.81491 3.55956 67.0591 573.313
219.809 60.7718 3.84828 3.59226 120.86 1092.55
221.424 60.3024 3.84968 3.60104 73.8041 1186.88
223.909 60.7704 3.83721 3.59933 103.895 1314.58
190.452 56.6011 3.88137 3.66798 45.1624 680.076
212.597 59.9979 3.84279 3.60281 89.1703 705.435
222.262 59.6304 3.84997 3.65643 85.4049 1246.58
223.04 60.1218 3.83906 3.60948 86.0109 1278.55
226.285 59.5898 3.84553 3.64717 91.7516 1468.78
227.183 60.2114 3.84826 3.64158 89.261 1502.41
213.66 59.4296 3.85223 3.62022 71.568 774.968
227.731 58.9601 3.85943 3.62665 64.2148 1566.87
224.26 58.4133 3.87079 3.78447 59.5377 1393.36
229.033 59.3946 3.85031 3.62761 73.5042 1624.83
225.424 57.4688 3.88511 3.80037 72.6011 1494.6
228.869 57.9128 3.85776 3.72847 63.2749 1667.54
210.428 68.6408 3.84729 3.63523 60.1759 1068.75
226.879 56.1146 3.90806 3.73947 85.6209 1638.49
228.385 55.3279 3.90084 3.77092 52.6754 1763.32
227.653 56.4191 3.90366 3.7913 77.4032 1666.26
209.931 62.7622 4.23462 2.98831 83.5704 606.609
211.063 63.7323 3.90248 3.62145 86.3193 705.963
211.14 63.4057 3.90672 3.646 101.267 692.398
218.547 60.1369 3.83247 4.3818 68.7982 1031.83
217.908 60.4896 3.84135 3.60768 98.6488 991.98
217.507 60.403 3.8382 3.61262 65.5347 970.995
218.338 61.0595 3.85863 3.53807 74.0745 1010.75
216.296 60.3923 3.86157 3.6392 51.3226 904.72
216.716 60.1205 3.85787 3.65169 48.7529 931.285
215.271 60.5805 3.86508 3.59376 68.7506 846.846
216.679 60.2805 3.84585 3.65612 83.2012 927.058
218.244 60.7315 3.84474 3.57512 71.5562 1007.88
217.659 60.602 3.84257 3.60168 85.0075 977.172
216.749 60.4427 3.84895 3.61865 90.7346 929.012
217.639 60.9231 3.8422 3.56015 81.5615 973.683
218.995 60.8241 3.8527 3.54069 86.6449 1047.89
216.976 61.3836 3.84517 3.53078 108.031 937.03
218.049 60.1785 3.8608 3.63751 76.6744 1003.82
216.031 60.2361 3.8566 3.6607 105.826 891.966
217.533 61.187 3.84863 3.52251 99.1717 966.951
218.652 60.2994 3.85504 3.65521 56.2432 1035.14
219.217 60.1294 3.85667 3.62695 72.5885 1068.79
216.221 60.072 3.85902 3.64246 84.1652 904.721
218.856 60.4399 3.85293 3.58052 57.1324 1044.38
216.546 61.2275 3.84725 3.51992 84.2834 913.833
