# evlo=198.736206 evla=59.2533
225.449 60.24 3.88121 3.65246 21.4507 1495.64
194.627 64.5646 3.79811 3.55606 27.7321 629.761
217.908 60.4896 3.87062 3.57557 69.4726 1078.83
217.654 61.036 3.85792 3.62097 57.3054 1065.64
217.507 60.403 3.86582 3.56785 46.9654 1056.92
218.338 61.0595 3.88175 3.57942 67.4247 1102.66
220.363 59.9534 3.87391 3.57423 63.9436 1218.22
216.3 60.3932 3.88135 3.57901 73.3048 990.389
225.144 58.5792 3.87807 3.72292 52.762 1513.35
215.395 60.9677 3.87527 3.58371 90.3699 943.192
209.013 64.0997 3.88449 3.78375 85.2924 764.981
209.094 59.7511 3.83733 3.62112 92.5226 588.616
209.259 59.7417 3.8347 3.63277 124.423 597.872
210.701 64.1732 3.86972 3.72417 52.5371 834.947
208.846 60.7683 3.84063 3.6105 61.5742 587.982
207.916 63.4188 3.86112 3.78356 79.5466 674.821
212.195 64.6453 3.88899 3.66275 67.7375 924.127
207.685 63.8827 3.87074 3.84213 70.7917 700.373
208.763 59.5251 3.85308 3.6142 95.1716 570.02
209.796 67.2269 3.8438 3.72604 44.5432 1044.85
216.907 60.7523 3.86021 3.58038 55.4672 1024.09
218.66 60.9649 3.8802 3.59114 74.2285 1119.82
209.738 62.4058 3.89814 3.71214 78.2059 692.62
217.513 60.0823 3.87512 3.56006 62.0145 1058.63
212.624 63.0753 3.89426 3.63737 54.6618 857.827
214.225 61.1292 3.87475 3.63836 113.092 882.045
215.93 63.6482 3.90935 3.61281 23.398 1035.14
214.25 60.5487 3.87683 3.64029 115.038 878.026
213.401 60.7277 3.87524 3.68009 112.275 833.001
209.784 61.1426 3.85652 3.54769 85.5214 646.963
214.766 66.5657 3.91351 3.70487 43.5379 1146.08
188.296 63.7758 3.84761 3.59889 26.7818 748.566
203.121 64.7461 3.88014 3.79171 63.0146 653.465
211.074 61.771 3.85896 3.66035 73.1395 732.099
216.188 61.4417 3.87612 3.64151 159.106 990.621
212.904 60.8792 3.86605 3.66557 67.5342 807.783
215.271 60.5805 3.86364 3.62294 58.7465 934.109
216.679 60.2805 3.87273 3.56997 83.2849 1011.52
218.244 60.7315 3.87218 3.59981 69.3502 1096.98
213.052 64.4091 3.87215 3.71779 49.9713 944.642
213.497 60.396 3.87457 3.6951 106.118 835.882
215.738 60.3351 3.86176 3.63125 65.6542 959.41
208.348 59.6572 3.85101 3.61022 90.7642 546.529
217.659 60.6024 3.8677 3.57365 79.9242 1065.02
225.615 58.2758 3.8807 3.71582 62.1524 1548.6
215.581 59.9268 3.86245 3.6215 82.4165 951.912
216.749 60.4427 3.87056 3.55516 82.4232 1015.11
217.639 60.9231 3.8696 3.56361 125.443 1064.41
214.077 61.4924 3.8654 3.66154 108.499 880.019
211.542 61.4131 3.86243 3.60019 87.0209 745.692
209.077 63.5527 3.85268 3.69347 84.1323 729.696
218.995 60.824 3.87561 3.587 74.4504 1137.89
216.976 61.3836 3.86703 3.59528 104.964 1031.84
211.063 63.7318 3.87984 3.63498 68.8502 822.475
218.049 60.1785 3.88012 3.58168 77.871 1087.84
209.256 65.0304 3.88111 3.86968 72.5176 843.734
210.931 64.5928 3.87834 3.68085 81.4006 871.662
216.031 60.2361 3.86935 3.58066 78.0274 975.751
191.145 52.9721 3.90262 3.6878 37.1571 842.739
217.533 61.1871 3.8675 3.61936 88.7022 1059.97
218.652 60.2994 3.87049 3.60381 50.394 1120.52
211.14 63.4056 3.87899 3.66084 75.9788 807.317
219.217 60.1294 3.88273 3.62196 53.9819 1152.91
216.221 60.072 3.878 3.62771 96.3808 986.856
218.856 60.4399 3.87437 3.61679 80.806 1131.07
216.546 61.2275 3.87079 3.58151 122.027 1007.35
207.417 57.7828 3.886 3.77882 98.458 531.26
198.929 70.2043 3.86253 3.68096 45.8703 1220.92
203.383 71.3221 3.9288 3.72002 46.9659 1361.98
205.026 71.0033 3.95455 3.80903 59.7119 1341.16
198.198 69.3641 3.86119 3.68495 47.2592 1127.44
202.84 70.0079 3.94845 3.73355 56.8134 1214.26
205.387 69.6211 3.93863 3.82994 37.1519 1197.71
206.58 70.34 3.94325 3.81493 60.0284 1288.52
194.656 68.2746 3.83529 3.63114 32.98 1025.02
196.822 68.4753 3.83233 3.68781 51.5118 1032.18
198.806 68.6483 3.87399 3.66954 52.8946 1047.31
200.413 69.1049 3.91116 3.626 43.1443 1101.16
205.217 69.1565 3.93946 3.81084 51.3944 1146.47
209.387 69.836 3.87406 3.66431 33.8312 1281.35
211.299 69.72 3.8536 3.72853 73.8548 1307.98
215.088 69.9175 3.88649 3.81212 56.0457 1413.64
216.289 69.626 3.89879 3.79404 43.4866 1421.18
235.93 69.3475 3.96928 3.75228 36.9996 2073.85
196.917 67.6988 3.8368 3.60838 51.3737 945.657
201.885 68.4946 3.93456 3.74923 47.5563 1041.39
203.387 68.7132 3.92727 3.7642 62.1672 1078.09
207.318 68.8799 3.899 3.7168 47.7809 1149.43
209.319 68.9656 3.86725 3.67136 52.4794 1195.38
211.177 69.1532 3.84936 3.72004 65.6685 1252.77
213.625 69.322 3.87209 3.77956 53.8187 1326.19
219.035 69.243 3.87785 3.69153 54.9941 1472.12
221.263 69.3286 3.88392 3.65821 34.6865 1548.05
198.174 67.082 3.86013 3.57231 53.2384 873.064
199.397 67.4213 3.88913 3.66744 43.909 911.042
202.768 67.4572 3.90168 3.82988 39.9251 935.978
203.811 68.2575 3.92144 3.77511 101.239 1033.66
206.028 68.4414 3.91197 3.7502 42.005 1083.46
208.187 68.1343 3.85478 3.69897 53.9933 1091.96
210.384 68.0584 3.83848 3.75419 75.5393 1134.29
211.513 68.0748 3.85595 3.82654 88.7604 1164.24
218.405 68.1861 3.89062 3.64555 54.0891 1379.7
223.281 66.3701 3.90346 3.74996 34.6779 1467.11
193.671 65.4742 3.78911 3.8066 42.7856 740.688
195.352 65.7077 3.82464 3.76898 27.6697 739.965
198.75 66.442 3.85884 3.66492 57.9397 801.241
200.349 66.6001 3.89575 3.77109 58.8954 822.887
202.227 66.8332 3.90445 3.81025 57.0945 862.796
204.275 67.0486 3.87133 3.77936 68.3881 911.781
206.517 67.2221 3.84618 3.70178 68.482 968.788
207.821 67.5076 3.83308 3.60457 33.7735 1023.72
212.113 67.5187 3.88517 3.84648 63.9358 1133.38
214.357 67.5933 3.91383 3.70743 34.8257 1206.55
215.855 67.6946 3.89599 3.65988 36.8309 1261.77
224.214 67.6106 3.92168 3.76467 39.0545 1557.97
226.258 67.441 3.92895 3.79136 89.6769 1631.39
197.645 65.3936 3.85591 3.57668 54.8847 686.644
199.349 65.5011 3.91758 3.68315 49.1543 697.036
201.346 65.895 3.88941 3.85459 64.379 752.141
202.913 66.1434 3.85644 3.84067 107.702 796.723
206.494 66.5156 3.833 3.6361 44.8594 898.992
208.493 66.9214 3.81997 3.67276 39.4363 984.084
209.976 66.7108 3.87523 3.80114 101.962 1004.56
212.525 66.7004 3.91249 3.81753 58.9996 1080.49
218.345 66.8088 3.88478 3.73302 70.2243 1291.85
221.978 66.9116 3.90679 3.79043 47.3779 1437.71
223.778 66.9808 3.91594 3.75841 48.5751 1512.81
225.729 66.9227 3.91953 3.7533 41.194 1590.07
197.761 64.6379 3.89599 3.60261 52.203 602.244
200.087 64.937 3.87796 3.7399 69.2817 637.311
201.637 65.1527 3.86518 3.76892 124.01 674.409
203.551 65.5276 3.84672 3.72141 49.9717 741.779
205.119 65.4924 3.86242 3.72716 39.6005 768.946
207.195 65.6571 3.8735 3.75461 90.0092 835.075
208.623 65.8937 3.88769 3.75755 75.063 895.583
210.457 65.8251 3.88585 3.84915 75.9071 945.819
212.122 65.8371 3.88819 3.73765 53.1327 1002.45
218.473 66.2305 3.89195 3.71538 60.896 1264.67
221.631 66.2191 3.90884 3.73554 54.4538 1392.14
225.657 65.8052 3.89546 3.67152 35.2208 1549.71
214.843 62.3987 3.88294 3.60889 80.9519 940.632
213.052 64.4091 3.87215 3.71779 49.9713 944.642
205.522 64.7962 3.85833 3.68444 39.6147 711.716
208.018 65.18 3.88629 3.77237 66.8085 816.461
216.846 65.3064 3.9047 3.75642 58.796 1150.47
218.385 65.6035 3.90217 3.73465 64.36 1229.11
220.064 65.4483 3.90428 3.7003 65.4455 1293.01
221.694 65.3609 3.92098 3.71933 38.7419 1360.38
223.623 65.2225 3.8967 3.66239 60.4553 1441.62
203.285 63.465 3.9132 3.83241 59.2663 528.352
204.379 63.994 3.87835 3.71316 74.9525 606.665
205.853 64.1767 3.86066 3.726 64.5219 664.515
214.63 64.613 3.89323 3.76939 82.2876 1021.8
216.436 64.5012 3.89858 3.69057 63.7831 1094
221.784 64.453 3.90701 3.57905 16.3894 1334.68
221.784 64.4525 3.88261 3.6276 60.0949 1334.63
223.67 64.5753 3.8854 3.63178 55.2177 1425.84
205.93 63.3569 3.87038 3.68883 82.8778 597.381
214.222 63.8036 3.88884 3.68821 46.0477 963.736
217.924 64.0292 3.87632 3.63307 60.5972 1141.83
222.48 63.8433 3.86879 3.64911 72.869 1352.2
206.12 62.4787 3.87206 3.7516 92.3435 538.063
216.652 63.0254 3.88977 3.56432 69.2234 1048.19
221.871 63.109 3.86203 3.67941 83.1009 1308.13
206.868 61.8823 3.8708 3.6324 86.0079 532.988
209.88 61.7531 3.87465 3.61774 80.4781 671.575
212.274 61.7929 3.8601 3.57989 94.6328 793.654
213.825 62.1067 3.8664 3.63652 93.4938 881.257
217.004 62.4013 3.88986 3.60026 117.039 1049.58
218.122 62.3579 3.88709 3.57461 87.7712 1105.62
221.538 62.4435 3.8715 3.64312 71.7977 1281.92
223.206 62.5763 3.86507 3.65562 72.8763 1368.89
225.609 62.2024 3.8801 3.63535 105.278 1491.16
207.791 61.2001 3.86431 3.63292 104.654 546.088
215.402 61.6061 3.87095 3.65986 144.016 951.56
222.911 61.4593 3.87489 3.58528 103.881 1348.69
224.22 61.4862 3.87223 3.59526 64.6003 1418.41
226.918 61.1512 3.88187 3.60896 93.6826 1564.67
210.276 60.4814 3.85399 3.62837 93.1285 659.89
219.809 60.7718 3.8703 3.57119 102.206 1182.28
221.424 60.3024 3.8498 3.60382 102.327 1273.45
223.909 60.7704 3.86158 3.58229 79.3748 1405.45
190.452 56.6011 3.88141 3.73734 51.7811 572.322
212.597 59.9979 3.85703 3.67948 90.4992 785.069
222.262 59.6304 3.85406 3.63592 121.074 1328.45
223.04 60.1218 3.86121 3.59036 104.258 1364.57
226.285 59.5898 3.86527 3.64707 120.866 1553.22
227.183 60.2114 3.87001 3.63824 122.785 1591.21
213.66 59.4296 3.86201 3.61475 105.722 847.693
227.731 58.9601 3.87154 3.66717 90.5323 1648.52
224.26 58.4133 3.87949 3.73169 66.4015 1467.99
225.482 58.2747 3.88865 3.71335 36.6826 1541.1
223.768 57.9616 3.88357 3.74701 79.9966 1453.45
225.424 57.4688 3.88467 3.77963 63.2998 1564.03
227.048 56.8144 3.88709 3.77528 52.7302 1681.24
229.75 56.9811 3.87301 3.75571 66.562 1828.33
210.428 68.6408 3.84475 3.70423 97.7743 1188.58
226.879 56.1146 3.89606 3.79618 94.7984 1701.21
229.974 55.9154 3.88465 3.79824 52.5828 1886.72
228.385 55.3279 3.89977 3.83544 62.2173 1823.83
227.653 56.4191 3.89627 3.8006 62.0197 1732.13
209.931 62.7622 3.34674 3.1801 112.724 719.347
211.063 63.7323 3.87928 3.63689 69.1349 822.525
211.14 63.4057 3.87902 3.66086 75.9788 807.322
218.547 60.1369 3.82077 4.33181 58.3371 1115.69
217.908 60.4896 3.87062 3.57557 69.4726 1078.83
217.507 60.403 3.86582 3.56785 46.9654 1056.92
218.338 61.0595 3.88177 3.57943 67.4247 1102.67
216.296 60.3923 3.88062 3.57834 73.3048 990.202
215.271 60.5805 3.86364 3.62294 58.7465 934.109
216.679 60.2805 3.87273 3.56997 83.2849 1011.52
218.244 60.7315 3.87218 3.59981 69.3502 1096.98
217.659 60.602 3.86761 3.57356 79.9242 1064.99
216.749 60.4427 3.87056 3.55516 82.4232 1015.11
217.639 60.9231 3.86956 3.56357 125.443 1064.4
218.995 60.8241 3.87561 3.587 74.4504 1137.89
216.976 61.3836 3.86703 3.59528 104.964 1031.84
218.049 60.1785 3.88012 3.58168 77.871 1087.84
216.031 60.2361 3.86935 3.58066 78.0274 975.751
217.533 61.187 3.86754 3.6194 88.7022 1059.98
218.652 60.2994 3.87049 3.60381 50.394 1120.52
219.217 60.1294 3.88273 3.62196 53.9819 1152.91
216.221 60.072 3.878 3.62771 96.3808 986.856
218.856 60.4399 3.87437 3.61679 80.806 1131.07
216.546 61.2275 3.87079 3.58151 122.027 1007.35
