# evlo=205.679901 evla=60.195202
225.449 60.24 3.86645 3.64494 71.6596 1091.78
194.627 64.5646 3.8145 3.76668 50.9582 749.378
217.908 60.4896 3.8557 3.66801 84.989 675.113
217.654 61.036 3.85875 3.58563 96.8384 661.392
217.507 60.403 3.86155 3.63811 59.7355 653.51
218.338 61.0595 3.85767 3.63183 86.7464 698.427
220.363 59.9534 3.86039 3.64982 76.1608 816.241
216.3 60.3932 3.88026 3.60055 78.2246 587.087
225.144 58.5792 3.87073 3.74798 66.7654 1116.44
216.716 60.1205 3.8684 3.61805 61.9049 612.216
215.395 60.9677 3.88366 3.64797 81.4126 538.947
212.195 64.6453 3.90438 3.64269 68.2924 598.786
200.411 54.831 3.88915 3.56674 33.209 675.253
209.796 67.2269 3.88716 3.58206 42.4374 809.385
216.907 60.7523 3.86551 3.5756 48.6828 619.857
218.66 60.9649 3.85453 3.64527 113.868 715.515
217.513 60.0823 3.85666 3.65332 84.502 656.749
215.93 63.6482 3.8945 3.56543 51.6927 660.629
196.582 54.8564 3.88712 3.63188 43.1332 805.203
214.766 66.5657 3.88361 3.66673 44.0952 841.205
188.296 63.7758 3.82299 3.69951 53.6848 990.761
216.188 61.4417 3.89325 3.56706 111.374 587.709
215.271 60.5805 3.85632 3.58482 81.0443 530.159
216.679 60.2805 3.87623 3.58089 76.0666 608.707
218.244 60.7315 3.84722 3.69825 82.085 692.768
213.052 64.4091 3.9106 3.70263 70.948 604.882
215.738 60.3351 3.86242 3.64077 70.149 556.406
217.659 60.6024 3.86293 3.65232 80.7108 661.029
225.615 58.2758 3.87246 3.77643 114.375 1153.2
215.581 59.9268 3.87292 3.62314 110.056 551.766
216.749 60.4427 3.85764 3.64813 108.114 611.599
217.639 60.9231 3.85246 3.66326 128.891 660.104
217.277 60.2474 3.87229 3.65543 27.3643 641.968
218.995 60.824 3.85459 3.66249 105.838 733.604
216.976 61.3836 3.88659 3.58458 129.388 628.477
211.768 64.9602 3.88837 3.62061 64.9472 615.815
218.049 60.1785 3.86876 3.663 77.1187 685.326
209.256 65.0304 3.89943 3.57612 54.0341 569.102
210.931 64.5928 3.90168 3.65672 77.6809 559.903
216.031 60.2361 3.87097 3.63173 105.861 573.247
191.145 52.9721 3.87522 3.64541 35.0389 1197.21
217.533 61.1871 3.8662 3.58551 109.313 655.962
218.652 60.2994 3.85821 3.65006 87.4432 717.381
219.217 60.1294 3.86219 3.63304 92.789 750.397
216.221 60.072 3.88522 3.63187 85.328 585.358
218.856 60.4399 3.85852 3.62715 100.695 727.446
216.546 61.2275 3.88066 3.56588 125.939 603.538
212.138 64.8736 3.90005 3.63062 61.8437 617.726
203.383 71.3221 3.93207 3.65031 21.3512 1244.9
234.753 71.9871 3.93568 3.67565 43.0138 1824.77
202.84 70.0079 3.9051 3.58165 23.5889 1101.85
198.806 68.6483 3.83588 3.84234 24.0166 997.447
209.387 69.836 3.91363 3.63586 22.4584 1088.49
211.299 69.72 3.91275 3.65425 47.4941 1093.49
215.088 69.9175 3.90466 3.6547 48.2359 1167.79
216.289 69.626 3.90633 3.70338 45.6296 1161.34
196.917 67.6988 3.87217 3.83876 17.0757 938.278
201.885 68.4946 3.90441 3.59944 30.5336 942.788
203.387 68.7132 3.89453 3.62448 18.2902 955.839
207.318 68.8799 3.92656 3.65377 22.4777 971.306
209.319 68.9656 3.94744 3.59703 32.8108 992.762
211.177 69.1532 3.91912 3.66081 32.4567 1031.61
213.625 69.322 3.90253 3.67877 47.417 1083.42
219.035 69.243 3.87743 3.66319 49.4828 1187.08
221.263 69.3286 3.89936 3.6715 34.0607 1251.92
199.397 67.4213 3.81105 3.69377 26.6271 861.907
202.768 67.4572 3.89672 3.71154 20.3391 821.889
206.028 68.4414 3.88529 3.62186 16.1964 919.445
208.187 68.1343 3.89469 3.7169 17.7921 893.217
210.384 68.0584 3.89943 3.5686 53.8831 905.385
211.513 68.0748 3.88554 3.59744 55.6039 922.21
214.432 68.1207 3.88087 3.65581 66.2637 978.608
218.405 68.1861 3.89126 3.70111 43.903 1079.88
220.465 68.6043 3.89345 3.71384 37.709 1171.43
222.103 68.3889 3.90749 3.67091 38.7793 1203.42
223.281 66.3701 3.92019 3.68524 63.7221 1113.25
193.671 65.4742 3.81257 3.78484 32.2682 846.358
195.352 65.7077 3.84808 3.65565 25.4616 805.662
200.349 66.6001 3.83221 3.69539 15.8768 761.387
202.227 66.8332 3.88078 3.76306 29.7521 759.341
206.517 67.2221 3.89447 3.61949 36.1706 784.376
207.821 67.5076 3.9118 3.66235 40.3314 821.795
212.113 67.5187 3.88187 3.71124 43.4285 874.447
214.357 67.5933 3.87903 3.71275 39.8672 926.326
215.855 67.6946 3.88093 3.68368 53.2886 970.769
220.128 67.6136 3.90656 3.62345 26.8841 1084.2
224.214 67.6106 3.94676 3.64672 32.5653 1220.7
226.258 67.441 3.94581 3.64723 37.3044 1285.44
195.961 64.9941 3.8337 3.62137 27.9068 730.146
197.645 65.3936 3.86975 3.70308 26.5436 708.634
202.913 66.1434 3.82106 3.67215 28.4723 677.337
206.494 66.5156 3.93636 3.69408 39.2091 705.676
208.493 66.9214 3.90629 3.54194 37.7057 762.495
209.976 66.7108 3.87543 3.63026 51.6983 756.806
212.525 66.7004 3.8849 3.71136 40.4368 800.432
213.899 66.7653 3.86959 3.65365 30.6784 837.556
216.215 66.9498 3.89209 3.57691 38.3344 914.351
218.345 66.8088 3.88518 3.65519 98.5268 966.56
221.978 66.9116 3.91883 3.66327 53.8697 1097.05
223.778 66.9808 3.93366 3.709 49.173 1166.99
225.729 66.9227 3.93757 3.65771 45.0656 1237.86
197.761 64.6379 3.83096 3.64862 25.2307 641.443
200.087 64.937 3.89708 3.70019 25.6695 601.154
203.551 65.5276 3.83207 3.80921 26.8293 604.062
205.119 65.4924 3.91974 3.62194 19.9973 591.103
207.195 65.6571 3.92165 3.66695 44.4268 613.583
208.623 65.8937 3.89371 3.64148 42.3069 652.203
210.457 65.8251 3.90154 3.6411 55.3238 672.093
212.122 65.8371 3.88809 3.62543 82.5627 707.62
214.18 66.267 3.86206 3.60338 21.651 798.876
214.181 66.267 3.91641 3.63411 31.761 798.903
218.473 66.2305 3.89642 3.64766 40.3188 927.614
221.631 66.2191 3.90914 3.67499 67.2657 1041.19
225.657 65.8052 3.93782 3.69652 28.0475 1182.07
214.843 62.3987 3.96379 3.57823 101.175 548.466
213.052 64.4091 3.9106 3.70263 70.948 604.882
199.305 63.8864 3.89994 3.94807 29.2862 529.119
208.018 65.18 3.9479 3.67099 55.4548 568.243
210.64 65.1479 3.88208 3.61681 83.2468 607.272
216.846 65.3064 3.89287 3.67681 49.496 804.165
218.385 65.6035 3.89705 3.69208 50.5977 880.616
220.064 65.4483 3.8994 3.65755 47.9493 934.731
221.694 65.3609 3.91025 3.68439 54.0196 995.481
223.623 65.2225 3.9072 3.63447 37.1042 1070.12
196.446 62.7492 3.84708 3.5376 43.6806 567.803
214.63 64.613 3.90767 3.70111 63.9998 674.51
216.436 64.5012 3.89182 3.66318 71.0809 733.69
221.784 64.453 3.8857 3.6349 64.3886 956.433
221.784 64.4525 3.86934 3.62082 37.5385 956.386
223.67 64.5753 3.90103 3.60651 43.3762 1045.9
195.344 61.9331 3.86698 3.72981 29.015 589.971
214.222 63.8036 3.88008 3.68824 61.8264 600.82
217.924 64.0292 3.85826 3.57174 78.1557 766.927
222.48 63.8433 3.86852 3.61333 86.5922 965.336
216.652 63.0254 3.92115 3.42804 70.5393 661
218.173 63.0618 3.90107 3.47706 78.109 733.92
221.871 63.109 3.88789 3.5373 58.1663 914.381
193.799 60.3849 3.81059 3.67434 69.2321 656.596
217.004 62.4013 3.96178 3.53326 127.571 653.757
218.122 62.3579 3.93993 3.54589 130.763 708.173
221.538 62.4435 3.90325 3.58225 59.8293 882.992
223.206 62.5763 3.88505 3.58992 75.7854 970.221
225.609 62.2024 3.90002 3.59517 100.154 1090.03
215.402 61.6061 3.90848 3.61377 175.549 549.991
222.911 61.4593 3.87201 3.67208 95.6249 945.074
224.22 61.4862 3.88357 3.6352 96.7331 1014.86
226.918 61.1512 3.89546 3.6297 85.7254 1160.63
219.809 60.7718 3.85113 3.67532 92.5763 778.024
221.424 60.3024 3.86283 3.63612 110.8 869.954
223.909 60.7704 3.87043 3.59295 98.5809 1001.15
190.452 56.6011 3.87859 3.74836 45.7408 973.398
222.262 59.6304 3.85347 3.66523 73.8527 927.382
223.04 60.1218 3.84981 3.61321 107.03 961.323
226.285 59.5898 3.86433 3.65425 76.8355 1150.77
227.183 60.2114 3.87206 3.62139 105.352 1187.2
212.566 65.1171 3.89477 3.63095 72.8502 651.56
227.731 58.9601 3.86127 3.65755 102.032 1247.74
224.26 58.4133 3.88162 3.76832 78.2917 1073.15
225.482 58.2747 3.87399 3.78179 47.2448 1145.85
229.033 59.3946 3.85858 3.62513 80.573 1307.29
197.939 55.703 3.85525 3.57866 92.6981 677.707
200.447 56.2848 3.85131 3.69775 72.5562 532.737
225.424 57.4688 3.89481 3.7648 76.8034 1175.1
227.048 56.8144 3.91651 3.80671 54.057 1294.79
212.138 64.8735 3.87794 3.63429 48.0937 617.711
210.428 68.6408 3.91201 3.61073 78.8236 968.242
228.385 55.3279 3.94068 3.77554 71.989 1447.08
218.547 60.1369 3.80242 4.76417 78.7797 713.282
217.908 60.4896 3.8557 3.66801 84.989 675.113
217.507 60.403 3.86155 3.63811 59.7355 653.51
218.338 61.0595 3.8577 3.63186 86.7464 698.433
216.296 60.3923 3.87905 3.59943 78.2246 586.904
216.716 60.1205 3.8684 3.61805 61.9049 612.216
215.271 60.5805 3.85632 3.58482 81.0443 530.159
216.679 60.2805 3.87623 3.58089 76.0666 608.707
218.244 60.7315 3.84722 3.69825 82.085 692.768
217.659 60.602 3.86278 3.65218 80.7108 661.003
216.749 60.4427 3.85764 3.64813 108.114 611.599
217.639 60.9231 3.8524 3.6632 128.891 660.093
217.277 60.2474 3.87229 3.65543 27.3643 641.968
218.995 60.8241 3.85459 3.66249 105.838 733.604
216.976 61.3836 3.88659 3.58458 129.388 628.477
218.049 60.1785 3.86876 3.663 77.1187 685.326
216.031 60.2361 3.87097 3.63173 105.861 573.247
217.533 61.187 3.86626 3.58556 109.313 655.972
218.652 60.2994 3.85821 3.65006 87.4432 717.381
219.217 60.1294 3.86219 3.63304 92.789 750.397
216.221 60.072 3.88522 3.63187 85.328 585.358
218.856 60.4399 3.85852 3.62715 100.695 727.446
216.546 61.2275 3.88066 3.56588 125.939 603.538
