# evlo=219.809402 evla=60.771801
194.627 64.5646 3.9247 3.48596 47.8794 1347.47
209.013 64.0997 4.0134 3.50419 62.5776 668.393
209.094 59.7511 3.89231 3.67801 126.82 603.295
209.259 59.7417 3.8902 3.63602 147.112 594.645
210.701 64.1732 3.98229 3.41259 20.5643 602.775
208.846 60.7683 3.82863 3.56223 73.8211 596.786
207.916 63.4188 3.99366 3.60044 36.1621 686.376
212.195 64.6453 3.8646 3.32481 35.7552 580.834
204.378 55.8218 3.90307 3.71274 56.2646 1055.87
200.411 54.831 3.94658 3.60417 40.4953 1322.48
208.763 59.5251 3.90178 3.66548 134.336 628.349
209.796 67.2269 3.85255 3.67271 75.1489 868.295
209.738 62.4058 3.93218 3.62398 80.6117 564.298
196.582 54.8564 3.88585 3.69818 15.3663 1518.85
209.784 61.1426 3.8367 3.5502 88.0987 544.231
214.766 66.5657 3.83857 3.54883 28.8357 691.915
188.296 63.7758 3.87971 3.59348 24.3017 1652.23
213.052 64.4091 3.83727 3.44006 33.635 533.198
208.348 59.6572 3.88987 3.67229 108.84 646.513
209.077 63.5527 4.00983 3.66904 33.2106 638.376
211.063 63.7318 4.05229 3.7093 78.6513 560.859
209.256 65.0304 3.87772 3.46879 38.8414 714.798
210.931 64.5928 3.91282 3.37846 35.0407 622.047
191.145 52.9721 3.89858 3.80774 29.3282 1930.63
207.417 57.7828 3.91353 3.52023 90.0334 779.469
198.929 70.2043 3.87774 3.66072 17.9984 1414.31
234.753 71.9871 4.00342 3.77031 41.5182 1408.86
198.198 69.3641 3.88857 3.73973 38.9649 1383.14
194.656 68.2746 3.87907 3.65126 28.4331 1452.5
196.822 68.4753 3.87667 3.72565 32.5762 1381.19
198.806 68.6483 3.88678 3.83561 34.987 1320.01
205.217 69.1565 3.86519 3.63953 15.8737 1155.19
211.299 69.72 3.86011 3.63706 41.5647 1071.67
216.289 69.626 3.84888 3.58421 44.7343 1000.45
235.93 69.3475 3.97654 3.79823 48.3805 1212.79
196.917 67.6988 3.86906 3.56158 16.7594 1340.17
201.885 68.4946 3.88286 3.73979 42.4015 1206.33
203.387 68.7132 3.85827 3.65198 22.8037 1173.94
207.318 68.8799 3.85735 3.53482 23.385 1076.68
209.319 68.9656 3.85986 3.61518 47.086 1036.87
211.177 69.1532 3.85363 3.67846 31.9311 1017.29
213.625 69.322 3.8385 3.64638 41.9005 995.567
219.035 69.243 3.89625 3.66751 36.0425 945.152
221.263 69.3286 3.92827 3.71377 25.9935 956.4
199.397 67.4213 3.83482 3.65823 27.9795 1231.49
202.768 67.4572 3.8207 3.80043 38.1277 1109.15
203.811 68.2575 3.86328 3.67038 29.3414 1127.75
206.028 68.4414 3.87023 3.56386 17.5962 1074.85
208.187 68.1343 3.87955 3.60322 19.4703 989.834
211.513 68.0748 3.83868 3.58061 53.0472 905.213
218.405 68.1861 3.89414 3.57781 40.9575 829.274
220.465 68.6043 3.90192 3.69759 32.1946 873.768
222.103 68.3889 3.92358 3.88837 38.0039 856.127
223.281 66.3701 3.98504 3.70601 44.228 647.191
193.671 65.4742 3.90755 3.53062 21.9067 1406.43
195.352 65.7077 3.91692 3.57199 22.739 1335.44
202.227 66.8332 3.87359 3.72777 16.4211 1092.29
204.275 67.0486 3.81342 3.69942 29.3187 1029.75
206.517 67.2221 3.82831 3.76957 58.7704 965.698
207.821 67.5076 3.85545 3.76639 49.0501 947.695
212.113 67.5187 3.8643 3.6345 47.3072 838.845
214.357 67.5933 3.79602 3.58883 66.1544 804.584
215.855 67.6946 3.79948 3.66045 41.9242 794.857
220.128 67.6136 3.90301 3.70227 33.5535 762.875
224.214 67.6106 3.9832 3.64781 33.8953 791.374
226.258 67.441 3.96899 3.77839 67.5064 806.189
195.961 64.9941 3.96138 3.60458 20.1283 1291.7
197.645 65.3936 3.94326 3.54272 28.6337 1224.21
199.349 65.5011 3.91624 3.47292 18.5856 1151.6
201.346 65.895 3.93101 3.54068 23.945 1080.9
202.913 66.1434 3.90915 3.58668 33.8178 1028.54
206.494 66.5156 3.81692 3.5912 40.2926 915.924
208.493 66.9214 3.82111 3.77271 46.377 880.416
209.976 66.7108 3.82859 3.72661 91.095 819.038
212.525 66.7004 3.87887 3.69778 75.2347 751.362
213.899 66.7653 3.84722 3.56129 35.8011 728.227
216.215 66.9498 3.80794 3.59265 37.1459 710.715
218.345 66.8088 3.87565 3.62354 49.5699 676.778
221.978 66.9116 3.85587 3.58686 32.9517 692.589
223.778 66.9808 3.95731 3.68027 36.4359 718.751
225.729 66.9227 3.9897 3.80921 58.81 744.182
197.761 64.6379 3.95846 3.54637 24.1024 1200.39
201.637 65.1527 3.95304 3.41487 39.1391 1038.17
203.551 65.5276 3.90945 3.53267 18.1831 971.786
205.119 65.4924 3.97141 3.70864 23.6989 905.348
207.195 65.6571 3.85156 3.65459 31.8978 833.499
208.623 65.8937 3.79538 3.6107 35.4271 797.813
210.457 65.8251 3.78505 3.59968 52.8411 731.494
212.122 65.8371 3.82618 3.74756 75.1334 682.611
214.18 66.267 3.85126 3.68693 24.0701 672.952
214.181 66.267 3.83833 3.61472 36.3199 672.932
218.473 66.2305 3.84023 3.68734 41.5272 612.066
221.631 66.2191 3.91496 3.49453 40.2646 613.881
225.657 65.8052 3.87792 3.65737 72.6385 632.53
213.052 64.4091 3.83727 3.44006 33.635 533.198
205.522 64.7962 3.9552 3.50066 26.8724 853.384
208.018 65.18 3.94564 3.38374 28.476 771.892
210.64 65.1479 3.78981 3.57603 49.1501 672.85
216.846 65.3064 3.85989 3.66539 38.7676 527.07
218.385 65.6035 3.8413 3.56555 38.9776 543.281
223.623 65.2225 3.87893 3.75824 68.0348 532.172
196.446 62.7492 3.8575 3.70411 52.5802 1246.09
199.398 63.2842 3.90111 3.61188 68.1257 1099.39
200.922 63.3965 3.92884 3.69976 38.1685 1025.04
204.379 63.994 3.94661 3.54848 31.8054 872.554
205.853 64.1767 3.98008 3.55909 48.028 811.414
195.344 61.9331 3.83723 3.69692 63.7964 1307.54
198.469 62.2938 3.86118 3.64779 74.8196 1142.48
201.699 62.7161 3.88172 3.60589 49.8936 977.625
205.93 63.3569 3.92943 3.56812 65.51 778.861
197.317 61.3416 3.84743 3.63568 71.7497 1210.46
198.513 61.678 3.85806 3.63546 76.9968 1143.4
200.525 61.7105 3.84418 3.60308 84.1992 1036.9
201.703 62.1344 3.85335 3.62251 68.9543 974.264
203.311 62.2195 3.85953 3.66999 80.2357 890.844
205.146 62.1816 3.84379 3.62876 98.0614 795.301
206.12 62.4787 3.85875 3.62555 72.6996 749
193.799 60.3849 3.84851 3.63715 84.2158 1417.29
196.65 60.4135 3.84618 3.62254 80.6305 1263.15
198.04 60.7515 3.84157 3.67929 104.53 1181.26
199.312 60.6947 3.84449 3.6268 83.0245 1113.86
201.041 61.0224 3.83725 3.63142 139.645 1015.7
202.562 61.4009 3.83599 3.71881 83.8791 930.55
204.176 61.4907 3.82744 3.6436 72.6611 844.146
205.609 61.9037 3.83726 3.56277 65.7669 768.982
209.88 61.7531 3.86024 3.52608 97.2893 543.375
198.315 59.9237 3.85753 3.57879 83.6443 1185.18
199.908 60.1686 3.84828 3.59226 120.86 1092.55
201.231 60.4742 3.84903 3.60618 106.204 1014.26
202.813 60.5269 3.84332 3.59492 98.6954 927.537
204.11 60.6801 3.84476 3.62153 108.053 854.765
205.516 60.8132 3.82657 3.61852 111.809 776.883
207.791 61.2001 3.83478 3.5267 108.807 651.389
198.736 59.2533 3.8703 3.57119 102.206 1182.28
200.175 59.1767 3.89498 3.62125 99.2054 1106.41
201.907 59.5938 3.87003 3.58859 122.242 998.885
202.905 59.7733 3.86732 3.64763 109.837 939.402
204.792 59.8542 3.861 3.65506 100.213 834.443
205.68 60.1952 3.85113 3.67532 92.5763 778.024
207.376 60.0815 3.86029 3.63012 102.409 688.083
190.452 56.6011 3.88975 3.63088 29.7078 1748.43
202.009 59.0314 3.89339 3.62395 111.204 1011.56
203.561 59.1953 3.8918 3.68058 141.113 921.46
204.771 59.3922 3.88428 3.68658 158.324 849.094
206.768 59.6524 3.88091 3.68172 114.806 732.445
212.566 65.1171 3.77516 3.68166 46.0319 607.319
203.344 58.6774 3.90627 3.69882 98.895 952.507
204.113 58.2637 3.91796 3.70458 78.3599 928.819
204.991 58.6484 3.911 3.69175 105.072 864.848
206.355 58.9287 3.90329 3.68076 87.834 780.018
207.606 58.6097 3.92947 3.60334 137.469 727.001
202.426 57.5673 3.9463 3.65759 65.6288 1052.56
203.613 57.6397 3.94715 3.6134 65.5252 985.791
205.548 57.5665 3.90948 3.57045 40.3606 888.064
229.033 59.3946 3.81278 3.64881 124.294 535.289
197.939 55.703 3.87465 3.72362 42.348 1394.71
200.447 56.2848 3.88443 3.57935 25.3332 1227.86
228.869 57.9128 3.96368 3.68784 54.8381 605.193
229.75 56.9811 3.98637 3.73684 39.6231 710.904
210.428 68.6408 3.85213 3.6261 46.8005 982.311
226.879 56.1146 3.7746 3.51715 34.5925 662.235
229.974 55.9154 4.02285 3.67509 34.5857 802.764
228.385 55.3279 3.7831 3.66554 29.6845 788.699
211.063 63.7323 4.05234 3.70934 78.6513 560.866
