# evlo=222.261902 evla=59.630402
194.627 64.5646 3.91134 3.53875 34.3632 1529.5
209.013 64.0997 3.94499 3.32253 24.5692 854.279
209.094 59.7511 3.85964 3.70797 136.792 740.535
209.259 59.7417 3.85574 3.72156 125.396 731.379
208.846 60.7683 3.83855 3.66745 88.7891 753.431
207.916 63.4188 3.97239 3.49949 34.7237 869.651
212.195 64.6453 3.80254 3.77581 29.4337 765.177
204.378 55.8218 3.85927 3.69831 26.3152 1142.5
200.411 54.831 3.88175 3.85217 30.8738 1415.65
208.763 59.5251 3.87142 3.73179 173.504 761.61
209.796 67.2269 3.88116 3.7293 35.4452 1046.8
209.738 62.4058 3.96144 3.63921 65.4422 742.956
212.624 63.0753 4.06859 3.58316 35.9992 641.814
215.93 63.6482 3.80273 3.53295 28.5702 559.055
196.582 54.8564 3.92138 3.70395 34.7109 1626.8
209.784 61.1426 3.83344 3.69038 79.0391 707.279
188.296 63.7758 3.8787 3.51289 29.8483 1831.32
203.121 64.7461 3.95111 3.40442 28.862 1141.76
212.904 60.8792 3.86625 3.59629 93.101 535.98
213.052 64.4091 3.79026 3.67984 30.6368 717.12
208.348 59.6572 3.86746 3.74625 166.18 783.267
211.542 61.4131 3.86031 3.57037 109.022 620.507
197.4 66.8951 4.22051 4.38053 15.0743 1472.54
211.063 63.7318 3.97725 3.3417 48.5222 746.939
211.768 64.9602 3.78555 4.02856 17.4063 803.842
209.256 65.0304 3.84032 3.71261 37.2426 900.603
211.14 63.4056 4.00981 3.4033 26.9992 724.666
207.417 57.7828 3.89247 3.80485 108.665 882.718
212.138 64.8736 3.7932 3.84958 33.5221 784.449
203.383 71.3221 3.87665 3.69138 31.4414 1554.98
205.026 71.0033 3.88831 3.69321 20.1808 1489.04
234.753 71.9871 3.99272 3.81817 41.4602 1484.46
198.198 69.3641 3.88781 3.63777 23.6641 1566.43
202.84 70.0079 3.84953 3.64393 27.0605 1465.94
205.387 69.6211 3.90091 3.59639 18.9032 1365.53
206.58 70.34 3.8519 3.71008 26.3573 1395.42
194.656 68.2746 3.85529 3.69329 27.8495 1638.35
196.822 68.4753 3.88545 3.74372 34.1613 1566.46
198.806 68.6483 3.90232 3.81503 36.3087 1504.42
205.217 69.1565 3.87632 3.59973 20.3993 1333.45
209.387 69.836 3.86904 3.67507 40.1707 1286.52
211.299 69.72 3.861 3.6544 44.2376 1236.28
235.93 69.3475 3.9672 3.72373 53.0407 1260.53
196.917 67.6988 3.87079 3.62646 20.2172 1526.16
201.885 68.4946 3.90085 3.78432 33.1812 1389.55
203.387 68.7132 3.86863 3.69424 31.33 1355.49
209.319 68.9656 3.85662 3.6948 42.9638 1209.19
213.625 69.322 3.85237 3.67722 43.1271 1154.92
219.035 69.243 3.86963 3.60312 38.3643 1082.47
198.174 67.082 3.8258 3.58682 27.2243 1449.23
199.397 67.4213 3.83771 3.63557 23.7624 1417.35
202.768 67.4572 3.86033 3.71839 24.9511 1294.02
203.811 68.2575 3.87138 3.7505 26.6836 1310.2
208.187 68.1343 3.87238 3.56807 20.4809 1167.56
210.384 68.0584 3.86552 3.54425 40.7185 1102.26
211.513 68.0748 3.8425 3.5591 32.9944 1076.19
214.432 68.1207 3.84204 3.69192 56.6046 1019.81
218.405 68.1861 3.86356 3.61999 42.9779 971.887
222.103 68.3889 3.94962 3.69712 24.6785 976.394
223.281 66.3701 3.90774 3.62403 42.6632 752.96
193.671 65.4742 3.8966 3.61707 16.9977 1590.59
195.352 65.7077 3.95321 3.71231 31.7679 1520.31
202.227 66.8332 3.81052 3.62733 24.9618 1278.16
204.275 67.0486 3.82387 3.69742 42.8955 1214.64
206.517 67.2221 3.84007 3.7975 51.6473 1148.63
207.821 67.5076 3.87107 3.72263 33.2657 1128.25
212.113 67.5187 3.86165 3.57727 34.4926 1010.71
214.357 67.5933 3.83478 3.70508 48.3966 968.608
220.128 67.6136 3.85983 3.65503 22.4122 896.024
224.214 67.6106 3.9595 3.88892 43.3661 894.694
226.258 67.441 3.9545 3.83269 32.7647 892.586
195.961 64.9941 3.91734 3.60038 25.7731 1475.18
197.645 65.3936 3.91397 3.61878 24.5746 1408.94
199.349 65.5011 3.8958 3.59055 22.4157 1336.9
206.494 66.5156 3.81315 3.75834 35.8981 1100.61
208.493 66.9214 3.84232 3.88441 31.0218 1062.09
209.976 66.7108 3.85256 3.85855 59.9683 999.268
212.525 66.7004 3.89096 3.74642 29.6042 925.947
213.899 66.7653 3.88187 3.58148 25.2036 898.038
221.978 66.9116 3.96628 3.75364 39.1258 811.722
223.778 66.9808 3.9535 3.71923 43.9775 822.775
225.729 66.9227 3.91051 3.72989 39.2401 830.938
197.761 64.6379 3.88362 3.52303 31.2131 1383.32
200.087 64.937 3.88975 3.50326 16.7709 1284.77
201.637 65.1527 3.94432 3.51503 30.65 1223.43
203.551 65.5276 3.93424 3.66894 19.7299 1157.87
207.195 65.6571 3.83775 3.66949 18.3501 1019.28
208.623 65.8937 3.80836 3.63171 42.2529 982.362
210.457 65.8251 3.80646 3.67017 36.883 914.251
212.122 65.8371 3.83375 3.74214 38.7597 862.327
214.18 66.267 3.85701 3.55764 18.859 844.332
214.181 66.267 3.90376 3.68796 23.4983 844.307
218.473 66.2305 3.80175 3.63735 41.145 760.052
221.631 66.2191 3.91359 3.67507 34.8138 735.064
225.657 65.8052 3.89207 3.59116 32.2036 709.549
213.052 64.4091 3.79026 3.67984 30.6368 717.12
205.522 64.7962 3.90339 3.511 17.2234 1039.16
210.64 65.1479 3.78814 3.81935 26.2101 857.479
218.385 65.6035 3.86102 3.50719 50.6525 694.525
220.064 65.4483 3.84736 3.50257 44.4528 658.114
221.694 65.3609 3.8884 3.7138 49.7337 639.346
196.446 62.7492 3.88966 3.69663 53.2327 1420.74
199.398 63.2842 3.94678 3.65837 36.4206 1277.36
200.922 63.3965 3.96663 3.59446 26.7571 1204.09
203.285 63.465 3.95682 3.68998 32.7919 1090.6
204.379 63.994 3.94513 3.41609 29.145 1055.88
205.853 64.1767 3.93467 3.41921 22.4711 996.072
214.63 64.613 3.77885 3.75562 34.0171 682.371
216.436 64.5012 3.82109 3.89335 89.7615 621.872
221.784 64.453 3.85507 3.42246 16.4273 538.036
221.784 64.4525 3.86012 3.60934 28.0194 537.981
223.67 64.5753 3.86547 3.57572 66.2469 555.939
195.344 61.9331 3.86668 3.79431 59.8182 1477.52
198.469 62.2938 3.8901 3.69142 94.2022 1314.5
201.699 62.7161 3.93558 3.76348 62.1991 1153
205.93 63.3569 3.95151 3.56941 54.648 960.365
214.222 63.8036 3.83595 3.33706 23.8825 629.238
217.924 64.0292 3.82879 3.83519 39.0933 540.585
197.317 61.3416 3.85515 3.73078 97.8181 1375.97
198.513 61.678 3.86336 3.75866 100.757 1311.13
200.525 61.7105 3.87764 3.69863 73.3225 1204.67
203.311 62.2195 3.89911 3.72194 83.6315 1063.15
205.146 62.1816 3.89366 3.69355 93.846 968.068
193.799 60.3849 3.8513 3.67807 111.184 1577.7
196.65 60.4135 3.85733 3.66797 95.836 1421.82
198.04 60.7515 3.84427 3.70016 75.3568 1341.84
199.312 60.6947 3.8461 3.66811 74.9276 1273.26
201.041 61.0224 3.8537 3.70283 104.23 1177.35
202.562 61.4009 3.86563 3.69015 94.3617 1095.49
204.176 61.4907 3.86128 3.72385 113.298 1010
205.609 61.9037 3.87801 3.68063 100.609 939.394
206.868 61.8823 3.87665 3.77492 131.457 873.602
209.88 61.7531 3.89718 3.66559 73.2951 715.29
212.274 61.7929 3.90916 3.65188 88.9429 595.392
213.825 62.1067 3.97528 3.93096 83.5322 534.428
198.315 59.9237 3.84046 3.67891 86.4334 1338.28
199.908 60.1686 3.84997 3.65643 85.4049 1246.58
201.231 60.4742 3.85016 3.71281 97.4015 1170.4
202.813 60.5269 3.8526 3.69177 108.447 1083.25
204.11 60.6801 3.85021 3.67457 98.53 1011.57
205.516 60.8132 3.84138 3.71877 119.16 934.824
207.791 61.2001 3.8495 3.6638 115.124 814.468
198.736 59.2533 3.85406 3.63592 121.074 1328.45
200.175 59.1767 3.87994 3.66188 98.4687 1249.76
201.907 59.5938 3.87343 3.66514 165.69 1144.59
202.905 59.7733 3.86496 3.6636 119.96 1086.04
204.792 59.8542 3.86047 3.68714 130.551 979.859
205.68 60.1952 3.85347 3.66523 73.8527 927.382
207.376 60.0815 3.85271 3.74189 157.531 833.979
210.276 60.4814 3.84962 3.63363 65.4594 673.422
190.452 56.6011 3.89292 3.68665 30.5096 1886.01
202.009 59.0314 3.89701 3.65941 117.589 1150.27
203.561 59.1953 3.88985 3.65742 144.386 1059.55
204.771 59.3922 3.87368 3.66525 109.741 987.852
212.597 59.9979 3.83243 3.69929 113.229 543.384
212.566 65.1171 3.81592 3.70049 48.4983 789.272
203.344 58.6774 3.90149 3.65828 122.326 1083.9
204.113 58.2637 3.92041 3.65722 79.547 1052.32
204.991 58.6484 3.89235 3.64712 91.5601 991.788
206.355 58.9287 3.89897 3.6666 119.105 907.972
207.606 58.6097 3.89097 3.75291 143.969 845.32
202.426 57.5673 3.93342 3.72056 86.071 1171.31
203.613 57.6397 3.93772 3.7204 109.965 1101.74
205.548 57.5665 3.90603 3.7881 96.0232 995.732
197.939 55.703 3.90771 3.69006 60.1619 1506.3
200.447 56.2848 3.9172 3.72268 39.3393 1337.27
229.75 56.9811 3.94718 3.84447 91.4747 528.512
210.428 68.6408 3.86099 3.63191 42.9924 1153.53
229.974 55.9154 4.00382 3.68698 31.0252 617.218
211.063 63.7323 3.97729 3.34174 48.5222 746.946
211.14 63.4057 4.00981 3.4033 26.9992 724.666
