# evlo=224.260193 evla=58.4133
194.627 64.5646 3.92059 3.55484 15.3345 1700.83
215.395 60.9677 3.97763 3.94529 41.5773 574.027
208.846 60.7683 3.90695 3.78922 34.7683 906.932
204.378 55.8218 3.91757 3.94512 27.2637 1233.62
200.411 54.831 3.93569 3.85673 30.0899 1508.47
207.685 63.8827 3.94811 3.38593 19.3044 1075.86
209.796 67.2269 3.87207 3.66784 18.8023 1221.99
209.738 62.4058 3.96611 3.52674 24.8138 912.77
214.225 61.1292 3.99925 3.82929 34.9507 638.945
214.25 60.5487 3.91475 3.74709 72.471 614.368
213.401 60.7277 3.9027 3.73345 48.3489 664.717
209.784 61.1426 3.9151 3.78501 38.4107 865.966
203.121 64.7461 3.90682 3.43123 15.588 1316.62
212.904 60.8792 3.93184 3.79233 48.4126 695.697
215.271 60.5805 3.94576 3.73487 39.4492 562.927
213.052 64.4091 3.82784 3.72679 26.9277 894.556
213.497 60.396 3.87901 3.76045 57.1684 649.146
215.738 60.3351 3.9551 3.81117 38.2485 529.199
214.077 61.4924 4.01902 3.67487 50.4913 663.357
211.063 63.7318 3.94003 3.4546 18.757 923.662
211.768 64.9602 3.82793 3.69586 17.4733 981.245
209.256 65.0304 3.81758 3.60539 21.5282 1078.18
210.931 64.5928 3.84561 4.01321 16.8887 985.293
214.53 62.9699 3.93141 3.23759 20.6466 733.657
214.475 65.5174 3.8561 3.73492 23.4742 941.201
207.811 62.8962 3.95805 3.47375 25.8379 1024.89
211.667 60.8584 3.90471 3.74466 44.4295 759.378
216.546 61.2275 4.03616 3.93744 24.2876 533.893
207.417 57.7828 3.92214 3.787 107.597 993.151
212.138 64.8736 3.82803 3.59816 18.3797 961.801
198.929 70.2043 3.88898 3.70696 15.34 1771.16
196.822 68.4753 3.90144 3.70676 18.7065 1744.08
215.088 69.9175 3.88707 3.74788 24.5546 1354.32
216.289 69.626 3.87716 3.72808 25.7261 1306.7
207.318 68.8799 3.86489 3.62016 15.6953 1426.85
209.319 68.9656 3.87665 3.63471 18.9893 1380.95
211.177 69.1532 3.8883 3.74349 15.3554 1353.42
213.625 69.322 3.86904 3.6839 22.4038 1319.22
219.035 69.243 3.91385 3.79729 20.0644 1233.23
211.513 68.0748 3.85735 3.61174 19.3791 1247.48
214.432 68.1207 3.858 3.78662 21.096 1185.89
218.405 68.1861 3.89077 3.69421 19.3672 1126.99
222.103 68.3889 3.91667 3.69927 23.6261 1116.99
223.281 66.3701 3.90196 3.70561 26.0548 888.21
202.227 66.8332 3.83036 3.69719 16.4655 1455.72
204.275 67.0486 3.84922 3.74785 16.5708 1392.21
206.517 67.2221 3.86177 3.82554 28.1734 1325.65
207.821 67.5076 3.88386 3.73287 25.0977 1304.31
212.113 67.5187 3.85958 3.5927 20.3368 1182.63
214.357 67.5933 3.88909 3.73528 17.9267 1136.42
215.855 67.6946 3.88082 3.73409 16.5196 1116.11
220.128 67.6136 3.91278 3.8314 22.4375 1046.03
224.214 67.6106 3.9304 3.6617 15.8568 1025.14
206.494 66.5156 3.84965 3.78062 24.4033 1278.15
208.493 66.9214 3.88933 3.82366 27.02 1238.66
209.976 66.7108 3.8706 3.78943 22.9075 1175.28
212.525 66.7004 3.88068 3.57618 20.313 1099.45
216.215 66.9498 3.87828 3.64036 25.2272 1034.88
218.345 66.8088 3.88031 3.91458 25.4509 982.714
223.778 66.9808 3.9393 3.72845 17.3198 955.207
197.761 64.6379 3.91177 3.56356 18.0874 1555.74
201.637 65.1527 3.94176 3.58071 20.2733 1398.69
203.551 65.5276 3.86612 3.70965 15.0129 1334.52
208.623 65.8937 3.83681 3.7005 19.8526 1159.89
210.457 65.8251 3.8405 3.89575 30.8472 1091.29
212.122 65.8371 3.85249 3.80586 18.0677 1038.26
218.473 66.2305 3.89399 3.81277 21.0299 920.496
225.657 65.8052 3.91118 3.87372 21.5303 826.972
213.052 64.4091 3.82784 3.72679 26.9277 894.556
205.522 64.7962 3.93007 3.6861 16.7099 1215.23
210.64 65.1479 3.84147 3.81192 16.0816 1035.03
216.846 65.3064 3.88868 3.61313 17.3352 860.317
218.385 65.6035 3.91525 3.73498 17.2713 857.506
221.694 65.3609 3.83815 3.62802 22.713 785.773
223.623 65.2225 3.88304 3.78998 29.5657 759.563
196.446 62.7492 3.91203 3.63928 22.9874 1584.96
199.398 63.2842 3.93474 3.49566 20.4424 1444.99
203.285 63.465 3.96223 3.51451 17.9502 1260.91
204.379 63.994 3.91819 3.4333 23.4474 1229.03
214.63 64.613 3.80445 3.67699 24.6328 858.338
216.436 64.5012 3.82449 3.6857 29.0544 795.164
221.784 64.4525 3.87838 3.60023 15.2135 685.706
223.67 64.5753 3.88775 3.74306 25.4888 687.386
195.344 61.9331 3.89238 3.68035 34.0765 1637.29
198.469 62.2938 3.90545 3.70421 26.2641 1476.57
201.699 62.7161 3.96433 3.61041 46.8491 1318.56
205.93 63.3569 3.95463 3.45822 24.7167 1131.91
214.222 63.8036 3.78908 3.8522 27.8745 806.764
217.924 64.0292 3.88257 3.73718 17.5362 711.622
222.48 63.8433 3.87372 3.62874 29.5816 612.566
197.317 61.3416 3.88909 3.79033 40.1442 1532.06
198.513 61.678 3.8942 3.74043 30.6966 1469.4
200.525 61.7105 3.91236 3.70361 43.605 1363.4
201.703 62.1344 3.94186 3.67513 42.9933 1307.43
203.311 62.2195 3.94605 3.63026 50.8135 1226.36
205.146 62.1816 3.95611 3.72733 63.8807 1132.08
216.652 63.0254 3.77405 3.7637 24.5613 659.826
218.173 63.0618 3.80759 3.83253 35.567 614.698
221.871 63.109 3.90219 3.68001 31.7707 539.089
193.799 60.3849 3.87358 3.74123 35.052 1728.49
199.312 60.6947 3.8754 3.75462 46.8166 1424.47
201.041 61.0224 3.87985 3.78394 53.809 1331
202.562 61.4009 3.90795 3.77166 60.3309 1252.36
204.176 61.4907 3.9191 3.74971 33.8244 1168.12
205.609 61.9037 3.93035 3.78615 45.3447 1101.63
206.868 61.8823 3.94192 3.74377 45.8535 1036.6
209.88 61.7531 3.96244 3.75443 52.0806 880.222
212.274 61.7929 3.96918 3.72093 42.8239 764.086
218.122 62.3579 3.75097 3.52578 27.0235 554.263
198.315 59.9237 3.8789 3.73386 50.0282 1483.71
199.908 60.1686 3.87079 3.78447 59.5377 1393.36
201.231 60.4742 3.87164 3.73696 64.6426 1319.45
202.813 60.5269 3.87691 3.8071 66.6587 1232.58
204.11 60.6801 3.88542 3.76044 92.6498 1162.38
205.516 60.8132 3.89234 3.76303 77.2757 1087.21
207.791 61.2001 3.9264 3.77065 62.4757 971.972
215.402 61.6061 4.02151 3.67881 27.011 608.05
198.736 59.2533 3.87949 3.73169 66.4015 1467.99
200.175 59.1767 3.88426 3.70368 59.5035 1387.49
204.792 59.8542 3.87915 3.75036 69.6213 1121.9
205.68 60.1952 3.88162 3.76832 78.2917 1073.15
210.276 60.4814 3.88084 3.88582 72.2128 824.278
190.452 56.6011 3.90416 3.72371 31.2706 2014.95
202.009 59.0314 3.893 3.74584 47.0862 1285.01
206.768 59.6524 3.89617 3.8452 72.2275 1010.82
212.597 59.9979 3.87792 3.81114 75.5992 688.32
212.566 65.1171 3.82569 3.62949 27.417 966.111
203.344 58.6774 3.90009 3.74684 81.853 1213.36
204.113 58.2637 3.91266 3.75773 62.451 1175.77
204.991 58.6484 3.89789 3.81074 52.4075 1118.95
206.355 58.9287 3.89539 3.77067 88.4795 1037.35
207.606 58.6097 3.88261 3.77837 72.1299 968.493
213.66 59.4296 3.86741 3.67768 98.8196 620.335
202.426 57.5673 3.91694 3.76925 46.3493 1289.19
203.613 57.6397 3.91687 3.74404 49.3728 1218.25
205.548 57.5665 3.9407 3.82976 45.6588 1107.23
197.939 55.703 3.9199 3.75755 30.1333 1614.42
200.447 56.2848 3.93803 3.79357 21.3005 1445.16
210.428 68.6408 3.88215 3.61375 23.9369 1324.8
211.063 63.7323 3.94007 3.45463 18.757 923.671
215.271 60.5805 3.94576 3.73487 39.4492 562.927
216.546 61.2275 4.03616 3.93744 24.2876 533.893
