# evlo=234.233002 evla=58.9305
216.3 60.3932 3.82926 3.75493 21.2271 1020.62
216.679 60.2805 3.84891 3.73931 21.2734 999.421
216.749 60.4427 3.85039 3.66613 16.6884 996.04
216.031 60.2361 3.84271 3.641 16.7856 1035.26
210.176 67.8516 3.98569 3.74221 15.446 1542.95
209.736 66.2066 3.90428 3.77045 20.0205 1483.07
216.296 60.3923 3.82996 3.75562 21.227 1020.81
216.679 60.2805 3.84891 3.73931 21.2734 999.421
216.749 60.4427 3.85039 3.66613 16.6884 996.04
216.031 60.2361 3.84271 3.641 16.7856 1035.26
