# evlo=210.176407 evla=67.851601
217.908 60.4896 3.86079 3.5768 24.3718 901.167
217.507 60.403 3.84287 3.6882 28.4903 902.426
218.338 61.0595 3.85831 3.60536 20.2159 851.419
216.3 60.3932 3.90508 3.74075 39.6169 882.324
218.244 60.7315 3.84804 3.5858 17.2105 883.013
217.659 60.6024 3.85469 3.60332 36.3594 884.532
216.749 60.4427 3.88438 3.68214 49.7326 884.565
217.639 60.9231 3.83256 3.59118 20.2082 850.837
216.976 61.3836 3.87486 3.48849 26.8899 790.009
216.031 60.2361 3.89397 3.70289 28.9372 894.886
217.533 61.1871 3.85022 3.62551 47.1431 821.394
218.652 60.2994 3.85274 3.6246 43.6515 936.069
219.217 60.1294 3.86772 3.65285 30.6014 965.67
216.221 60.072 3.94271 3.8092 28.3661 915.381
216.546 61.2275 3.79428 3.78737 27.8338 798.254
235.766 58.6528 3.98664 3.66254 15.857 1623.83
234.233 58.9305 3.98569 3.74221 15.446 1542.95
198.722 65.4015 3.93417 3.50388 106.604 574.979
194.662 64.5695 3.89367 3.59589 61.8173 785.714
231.434 54.502 3.85233 3.71185 24.5131 1856.08
231.542 54.539 3.8462 3.67739 28.2024 1855.82
231.6 54.636 3.85533 3.66067 22.2802 1848.16
231.677 54.722 3.8469 3.64835 28.2299 1842.2
231.696 54.801 3.84509 3.6207 22.4326 1835.11
231.665 54.851 3.83411 3.64342 16.9975 1829.28
231.681 55.018 3.84064 3.62692 20.0671 1813.6
232.385 55.267 3.83592 3.56244 24.6651 1812.16
232.359 55.411 3.85387 3.58343 18.7849 1797.54
232.425 52.1577 3.85138 3.65337 23.6368 2118.23
232.528 52.1871 3.84319 3.68074 16.0195 2118.39
232.744 52.294 3.87201 3.73443 29.8894 2114.29
232.847 52.3171 3.86389 3.73546 18.3528 2115.12
233.165 52.3901 3.8613 3.65809 20.548 2117.63
234.034 52.3981 3.8522 3.61924 16.937 2143.93
217.908 60.4896 3.86079 3.5768 24.3718 901.167
217.507 60.403 3.84287 3.6882 28.4903 902.426
218.338 61.0595 3.85832 3.60537 20.2159 851.421
216.296 60.3923 3.90526 3.74092 39.6169 882.365
218.244 60.7315 3.84804 3.5858 17.2105 883.013
217.659 60.602 3.85483 3.60345 36.3594 884.564
216.749 60.4427 3.88438 3.68214 49.7326 884.565
217.639 60.9231 3.83255 3.59116 20.2082 850.833
216.976 61.3836 3.87486 3.48849 26.8899 790.009
216.031 60.2361 3.89397 3.70289 28.9372 894.886
217.533 61.187 3.85029 3.62557 47.1431 821.408
218.652 60.2994 3.85274 3.6246 43.6515 936.069
219.217 60.1294 3.86772 3.65285 30.6014 965.67
216.221 60.072 3.94271 3.8092 28.3661 915.381
216.546 61.2275 3.79428 3.78737 27.8338 798.254
210.406 60.5508 3.92488 3.63701 19.3756 813.965
210.574 60.776 3.89488 3.61926 26.5217 789.028
209.971 61.6954 3.89456 3.41864 21.074 686.415
