# evlo=210.782196 evla=64.571602
194.627 64.5646 3.80006 3.81618 95.5855 772.329
217.908 60.4896 3.77834 3.89122 34.4222 583.755
217.654 61.036 3.82009 3.64941 26.9224 526.85
217.507 60.403 3.85141 3.97239 32.6843 579.072
218.338 61.0595 3.85587 3.22947 31.344 548.57
220.363 59.9534 3.76807 3.77438 29.53 714.544
216.3 60.3932 3.83591 3.76358 30.4273 545.291
209.094 59.7511 3.97003 3.60295 37.8843 544.345
209.259 59.7417 3.9702 3.63556 45.9114 544.069
204.378 55.8218 3.90193 3.70654 23.3853 1036.32
200.411 54.831 3.882 3.66485 23.2085 1228.75
208.763 59.5251 3.98168 3.69902 44.1935 572.175
216.907 60.7523 3.86169 4.08697 28.0693 528.451
218.66 60.9649 3.85991 3.31428 21.6475 567.998
217.513 60.0823 3.82024 3.81555 38.8558 609.266
196.582 54.8564 3.91496 3.68495 28.457 1338.91
216.679 60.2805 3.80944 3.7403 36.4341 566.531
218.244 60.7315 3.8178 3.61806 18.4399 573.368
217.659 60.6024 3.8017 3.88164 32.2817 565.573
216.749 60.4427 3.8077 3.8962 47.3058 552.923
217.639 60.9231 3.82818 3.54711 31.6115 536.26
218.995 60.824 3.8899 3.37495 28.6566 591.822
218.049 60.1785 3.82647 4.08614 38.1141 616.605
216.031 60.2361 3.84379 3.51724 30.079 553.771
218.652 60.2994 3.74618 4.27625 19.2033 625.152
198.929 70.2043 3.88313 3.76716 22.5668 805.548
234.753 71.9871 3.93558 3.72249 32.0152 1275.01
198.198 69.3641 3.86856 3.67917 19.9033 763.95
202.84 70.0079 3.90597 3.70302 16.6041 694.982
205.387 69.6211 3.94512 3.5875 19.3635 609.42
206.58 70.34 3.92808 3.70116 31.4004 667.613
200.413 69.1049 3.84921 3.73005 27.1677 678.632
205.217 69.1565 3.955 3.74918 18.4113 566.069
209.387 69.836 3.89584 3.56906 25.4347 590.16
211.299 69.72 3.91618 3.52784 40.0945 574.599
215.088 69.9175 3.9054 3.68635 41.217 624.143
216.289 69.626 3.88626 3.6264 42.4424 611.767
235.93 69.3475 3.99719 3.77413 47.9743 1209.29
196.917 67.6988 3.96886 3.57498 21.0624 714.535
201.885 68.4946 3.79475 3.60316 23.6212 588.665
203.387 68.7132 3.85615 3.75771 30.1812 565.266
213.625 69.322 3.89678 3.71313 51.8072 544.002
219.035 69.243 3.8601 3.73815 33.3515 632.867
221.263 69.3286 3.92906 3.75305 45.0581 699.069
199.397 67.4213 3.91922 3.70385 28.904 605.509
218.405 68.1861 3.85115 3.79168 41.7118 527.189
220.465 68.6043 3.89853 3.83579 42.1907 620.523
222.103 68.3889 3.90737 3.67882 62.2335 658.244
223.281 66.3701 3.979 3.69529 96.5579 611.72
193.671 65.4742 3.90071 3.83294 29.5557 810.215
195.352 65.7077 3.91863 3.77839 31.3796 733.184
198.75 66.442 3.97234 3.91638 37.3159 593.477
200.349 66.6001 4.03054 3.90882 16.7109 531.037
220.128 67.6136 3.90537 3.64156 39.4149 541.132
224.214 67.6106 3.92934 3.76846 49.2064 693.751
226.258 67.441 3.96215 3.77098 61.2141 769.233
218.547 60.1369 3.53993 4.85202 19.3931 636.266
217.908 60.4896 3.77834 3.89122 34.4222 583.755
217.507 60.403 3.85141 3.97239 32.6843 579.072
218.338 61.0595 3.8559 3.22949 31.344 548.574
216.296 60.3923 3.83588 3.76356 30.4273 545.288
216.679 60.2805 3.80944 3.7403 36.4341 566.531
218.244 60.7315 3.8178 3.61806 18.4399 573.368
217.659 60.602 3.80184 3.88178 32.2817 565.593
216.749 60.4427 3.8077 3.8962 47.3058 552.923
217.639 60.9231 3.82813 3.54707 31.6115 536.253
218.995 60.8241 3.88985 3.3749 28.6566 591.814
218.049 60.1785 3.82647 4.08614 38.1141 616.605
216.031 60.2361 3.84379 3.51724 30.079 553.771
218.652 60.2994 3.74618 4.27625 19.2033 625.152
