# evlo=217.908493 evla=60.489601
194.627 64.5646 3.89824 3.53401 34.1397 1273.01
209.013 64.0997 3.89246 3.35505 41.5099 611.391
210.701 64.1732 3.84401 3.47983 27.9302 554.41
207.916 63.4188 4.0639 3.84255 62.6131 616.701
212.195 64.6453 3.83433 3.79693 61.782 548.029
204.378 55.8218 3.90947 3.68214 33.1812 948.546
200.411 54.831 3.9189 3.6903 37.0798 1214.31
207.685 63.8827 3.96104 3.42108 33.9886 651.86
209.796 67.2269 3.86506 3.60474 39.5015 848.845
196.582 54.8564 3.886 3.70916 25.5438 1410.17
188.296 63.7758 3.90437 3.65745 37.892 1572.16
203.121 64.7461 3.92608 3.51837 46.8048 891.948
208.348 59.6572 3.87091 3.6668 121.537 539.781
197.4 66.8951 3.81654 3.71023 25.4775 1231.32
209.077 63.5527 3.98892 3.53296 31.507 573.994
211.768 64.9602 3.8383 3.74884 49.2475 588.418
209.256 65.0304 3.80908 3.76189 79.4071 670.82
210.931 64.5928 3.80605 3.86932 44.0177 580.791
191.145 52.9721 3.90255 3.66796 26.9666 1822.02
214.475 65.5174 3.92073 3.58181 32.3699 586.565
207.811 62.8962 4.04018 3.87556 75.8504 597.071
205.816 56.5593 3.87671 3.68935 50.1048 827.652
208.468 61.98 3.92906 3.68183 97.6306 532.95
189.752 57.1766 3.87004 3.70397 66.2333 1653.7
192.073 65.5598 3.90839 3.5695 18.28 1411.88
209.711 63.4502 4.00995 3.69472 39.1272 541.311
193.495 53.8452 3.90127 3.67952 73.3364 1638.79
211.908 64.4716 3.83215 3.81686 56.7116 540.54
231.887 52.1847 3.84072 3.88264 34.6409 1260.87
226.475 68.3065 3.9842 3.67746 49.5919 962.367
207.417 57.7828 3.92485 3.56944 92.537 671.062
212.138 64.8736 3.8416 3.74204 87.6485 570.554
203.383 71.3221 3.89943 3.68396 37.936 1369.05
234.753 71.9871 4.00017 3.78045 34.1215 1477.36
202.84 70.0079 3.89416 3.63816 17.4564 1265.94
196.822 68.4753 3.88581 3.70691 24.2596 1337.08
200.413 69.1049 3.89795 3.54135 15.6243 1261.3
205.217 69.1565 3.92212 3.59109 15.6717 1133.84
215.088 69.9175 3.88287 3.74222 32.2323 1059.14
216.289 69.626 3.87415 3.67919 24.9352 1021.39
235.93 69.3475 3.97488 3.75761 49.1607 1294.73
196.917 67.6988 3.86142 3.75562 22.7672 1290.54
203.387 68.7132 3.88634 3.48364 16.8685 1144.53
209.319 68.9656 3.86199 3.72245 23.7832 1027.53
213.625 69.322 3.86066 3.58482 23.4859 1004.78
219.035 69.243 3.89913 3.74713 38.9781 977.328
221.263 69.3286 3.9567 3.92927 29.6603 997.8
198.174 67.082 3.83062 3.78488 34.0187 1210.54
199.397 67.4213 3.86318 3.71954 35.0976 1183.56
202.768 67.4572 3.87355 3.64946 15.1261 1068.36
203.811 68.2575 3.89001 3.52404 20.1891 1096.01
206.028 68.4414 3.92168 3.63961 16.8755 1050.85
210.384 68.0584 3.83773 3.73384 29.2034 917.623
218.405 68.1861 3.84804 3.76873 21.1591 858.345
220.465 68.6043 3.91471 3.94043 31.0084 912.742
222.103 68.3889 3.9521 3.74347 32.4417 902.998
223.281 66.3701 3.93371 3.71484 52.8598 707.632
193.671 65.4742 3.91494 3.61036 15.6132 1337.63
198.75 66.442 3.83799 3.72991 26.6144 1155.61
200.349 66.6001 3.84164 3.75351 20.3679 1100.98
202.227 66.8332 3.79614 3.75331 25.8168 1044.97
204.275 67.0486 3.84924 3.6807 35.0101 989.284
206.517 67.2221 3.87978 3.62279 28.8185 933.524
212.113 67.5187 3.82676 3.61164 31.3992 832.445
214.357 67.5933 3.87234 3.71425 30.8824 810.358
215.855 67.6946 3.84547 3.55929 42.9617 809.308
220.128 67.6136 3.8785 3.68027 20.7248 801.4
224.214 67.6106 4.00198 3.74396 33.1778 850.449
226.258 67.441 3.9328 3.69039 70.9881 874.526
197.645 65.3936 3.9014 3.64943 16.8146 1157.8
199.349 65.5011 3.89199 3.63773 23.2042 1087.94
201.346 65.895 3.84534 3.66188 27.1473 1023.59
202.913 66.1434 3.8698 3.66068 17.0346 976.543
206.494 66.5156 3.84249 3.70954 41.1528 877.245
208.493 66.9214 3.86359 3.61535 31.8662 852.866
209.976 66.7108 3.88929 3.68419 37.5862 796.048
213.899 66.7653 3.81068 3.84886 23.4673 726.892
216.215 66.9498 3.85776 3.54558 28.7596 724.911
218.345 66.8088 3.85384 3.56323 17.3712 704.736
221.978 66.9116 3.97701 3.65307 31.5032 743.232
223.778 66.9808 3.96168 3.64489 49.2001 778.71
225.729 66.9227 3.9117 3.66672 33.3686 813.329
197.761 64.6379 3.89231 3.45831 17.5225 1128.26
200.087 64.937 3.90785 3.53602 19.3385 1032.89
201.637 65.1527 3.87766 3.59823 19.1761 974.67
203.551 65.5276 3.85291 3.70817 31.559 915.359
205.119 65.4924 3.82615 3.75962 20.6654 852.325
207.195 65.6571 3.80779 3.70191 62.6837 788.549
208.623 65.8937 3.80936 3.6923 32.1785 760.858
210.457 65.8251 3.86353 3.79675 94.2672 702.338
214.181 66.267 3.83148 3.62001 25.3143 670.137
218.473 66.2305 3.92221 3.59734 24.7215 640.537
221.631 66.2191 3.97464 3.73711 34.7029 664.99
225.657 65.8052 3.84129 3.64435 26.1527 708.592
205.522 64.7962 3.88526 3.51667 26.2942 794.028
208.018 65.18 3.82507 3.69712 44.1392 724.626
210.64 65.1479 3.82389 3.84164 58.1575 637.061
216.846 65.3064 3.80161 3.5882 25.0176 539.57
220.064 65.4483 3.95612 3.73961 36.2948 563.333
221.694 65.3609 3.93016 3.62718 61.5158 575.751
223.623 65.2225 3.85647 3.55483 36.3042 601.926
196.446 62.7492 3.90528 3.6498 44.523 1160.26
199.398 63.2842 3.93662 3.66684 32.3276 1017.92
200.922 63.3965 4.0025 3.72992 26.4327 945.299
203.285 63.465 3.99562 3.67921 24.6917 833.052
205.853 64.1767 3.92462 3.44935 22.1723 745.961
223.67 64.5753 3.84962 3.47639 39.628 542.969
195.344 61.9331 3.8762 3.6634 40.1554 1217.05
198.469 62.2938 3.88966 3.68167 53.3898 1053.87
201.699 62.7161 3.94235 3.62218 48.7084 892.745
205.93 63.3569 3.98984 3.66063 61.3218 704.247
197.317 61.3416 3.86359 3.70479 63.0452 1116.44
198.513 61.678 3.8832 3.69563 52.1106 1051.01
200.525 61.7105 3.86894 3.63275 66.5967 944.498
201.703 62.1344 3.90301 3.67918 96.1987 884.868
203.311 62.2195 3.8971 3.65306 60.9192 802.533
205.146 62.1816 3.91431 3.63304 121.053 707.489
206.12 62.4787 3.96225 3.64895 84.7018 664.93
193.799 60.3849 3.85429 3.67378 66.1465 1320.14
196.65 60.4135 3.85755 3.66705 58.81 1164.96
198.04 60.7515 3.84886 3.67639 64.9457 1084.07
199.312 60.6947 3.84387 3.64452 61.9527 1015.96
201.041 61.0224 3.83735 3.66776 129.179 919.019
202.562 61.4009 3.86013 3.65859 54.8992 835.956
204.176 61.4907 3.86883 3.60444 83.5432 750.149
205.609 61.9037 3.88913 3.58508 125.474 678.787
206.868 61.8823 3.90455 3.5615 84.3511 612.973
198.315 59.9237 3.85361 3.5881 57.8227 1084.3
199.908 60.1686 3.84135 3.60768 98.6488 991.98
201.231 60.4742 3.83003 3.60999 105.595 914.584
202.813 60.5269 3.84927 3.62775 63.0869 827.55
204.11 60.6801 3.83868 3.63223 95.4849 755.216
205.516 60.8132 3.84542 3.56902 106.782 677.797
207.791 61.2001 3.86113 3.52365 62.8404 555.185
198.736 59.2533 3.87062 3.57557 69.4726 1078.83
200.175 59.1767 3.88293 3.62544 75.5687 1002.03
201.907 59.5938 3.86959 3.63922 137.602 895.083
202.905 59.7733 3.85577 3.68566 90.5758 835.82
204.792 59.8542 3.86588 3.65287 96.9067 730.304
205.68 60.1952 3.8557 3.66801 84.989 675.113
207.376 60.0815 3.86246 3.65869 127.941 583.782
202.009 59.0314 3.89408 3.68911 96.8097 905.88
203.561 59.1953 3.88266 3.75238 70.9761 815.524
204.771 59.3922 3.88349 3.69213 120.169 743.198
206.768 59.6524 3.88169 3.67035 134.6 626.494
212.566 65.1171 3.85863 3.67819 64.2356 582.875
203.344 58.6774 3.90059 3.7356 81.9428 845.349
204.113 58.2637 3.92032 3.76646 86.2534 820.678
204.991 58.6484 3.91604 3.68075 99.5166 756.993
206.355 58.9287 3.91147 3.64887 147.017 672.178
207.606 58.6097 3.93436 3.60994 101.648 618.392
227.731 58.9601 3.83139 3.61196 92.6538 577.672
202.426 57.5673 3.92399 3.66368 61.3607 944.142
203.613 57.6397 3.95783 3.65007 53.5383 877.212
205.548 57.5665 3.93247 3.61904 37.6619 779.413
229.033 59.3946 3.80654 3.62325 87.7138 632.858
197.939 55.703 3.89016 3.60143 31.4848 1286.08
200.447 56.2848 3.90459 3.56064 43.365 1119.18
225.424 57.4688 4.04443 3.88703 43.6973 547.202
227.048 56.8144 4.04233 3.74713 15.6996 669.159
229.75 56.9811 3.9017 3.80412 64.0431 787.74
212.138 64.8735 3.83934 3.71926 55.92 570.55
210.428 68.6408 3.86804 3.66917 35.8039 975.282
226.879 56.1146 3.86392 3.60611 38.1681 715.898
229.974 55.9154 3.97343 3.70258 25.1861 871.318
228.385 55.3279 3.88604 3.69361 19.1587 844.519
210.176 67.8516 3.86079 3.5768 24.3718 901.167
209.736 66.2066 3.88556 3.83938 44.1031 755.965
211.301 69.7162 3.8838 3.64702 18.0511 1073.04
209.329 66.7192 3.88497 3.69516 27.1758 812.919
198.722 65.4015 3.91411 3.55286 24.1065 1110.95
211.489 65.5114 3.87099 3.68774 42.5452 646.674
194.662 64.5695 3.86729 3.43847 19.4185 1271.46
211.554 70.2036 3.90272 3.67573 18.6318 1121.3
211.306 69.424 3.84335 3.63463 30.9947 1042.38
210.41 68.6274 3.86346 3.62518 24.9239 974.23
209.89 67.3812 3.8639 3.59674 26.962 861.467
210.457 65.825 3.86419 3.78089 24.3269 702.32
210.84 64.6544 3.8014 3.74362 17.3547 588.797
210.867 64.709 3.7995 3.825 25.7498 592.553
210.853 64.7716 3.82553 3.77837 23.6917 598.283
210.847 64.8338 3.83252 3.72896 17.6547 603.779
210.819 64.8857 3.81598 3.96595 24.8214 609.087
210.44 64.87 3.81145 3.93698 38.9179 619.428
210.174 64.8537 3.79604 3.91888 33.9856 626.522
210.069 64.7653 3.79982 3.86671 51.0454 622.751
210.917 64.5498 3.80189 3.72932 27.1393 577.634
210.782 64.5716 3.77834 3.89122 34.4222 583.755
210.554 64.5756 3.79124 3.84552 55.8107 591.469
210.901 64.613 3.80154 3.78962 25.2086 583.425
211.172 64.6917 3.78929 3.77952 35.3219 581.709
232.385 55.267 3.90488 3.61868 22.1524 1033.88
