# evlo=217.639297 evla=60.9231
194.627 64.5646 3.92489 3.55378 32.2391 1236.15
209.013 64.0997 3.92767 3.3995 50.4132 567.411
207.916 63.4188 4.02148 3.77657 84.6126 577.144
204.378 55.8218 3.93716 3.66899 42.1238 958.964
200.411 54.831 3.91266 3.63027 48.7775 1221.19
207.685 63.8827 4.01392 3.69828 40.3744 610.318
209.796 67.2269 3.86183 3.64497 73.6771 798.823
196.582 54.8564 3.91584 3.78218 17.989 1411.16
214.766 66.5657 3.81651 3.66001 44.5714 644.63
188.296 63.7758 3.90827 3.60594 56.5827 1538.15
203.121 64.7461 3.94829 3.54693 46.3446 850.952
208.348 59.6572 3.89964 3.6785 142.085 532.372
225.615 58.2758 4.00156 3.86309 77.0844 537.836
197.4 66.8951 3.82312 3.6336 22.3358 1187.46
209.077 63.5527 4.02113 3.83669 38.6038 532.313
211.768 64.9602 3.80076 3.727 91.259 539.28
209.256 65.0304 3.81045 3.61622 98.7401 623.79
210.931 64.5928 3.84027 3.5765 62.6045 533.082
214.475 65.5174 3.88551 3.70562 57.3138 536.086
207.811 62.8962 3.99488 3.71331 134.511 560.663
197.092 68.0541 3.86679 3.80812 50.5945 1257.59
205.816 56.5593 3.92083 3.72671 66.1003 837.699
189.752 57.1766 3.88174 3.67538 85.0348 1640.15
192.073 65.5598 3.9219 3.62185 24.2378 1372.79
193.495 53.8452 3.90863 3.68144 62.8759 1638.77
231.887 52.1847 3.8743 3.89367 18.4822 1303.84
226.475 68.3065 3.98985 3.71633 47.3045 923.305
207.417 57.7828 3.90602 3.51462 88.9126 677.564
203.383 71.3221 3.88484 3.64375 60.1372 1318.8
234.753 71.9871 3.9934 3.75349 47.8581 1438.96
198.198 69.3641 3.87804 3.55963 21.3483 1299.54
194.656 68.2746 3.87849 3.79669 48.6994 1358.64
196.822 68.4753 3.87719 3.78483 50.9809 1290.65
200.413 69.1049 3.88264 3.54569 27.7993 1212.94
205.217 69.1565 3.91002 3.56424 34.9207 1084.08
211.299 69.72 3.84776 3.59211 52.8703 1023.05
215.088 69.9175 3.88941 3.7004 36.3263 1009.61
216.289 69.626 3.87179 3.64239 38.943 972.32
235.93 69.3475 3.98217 3.75917 84.4248 1262.64
196.917 67.6988 3.85554 3.76772 34.1184 1245.31
201.885 68.4946 3.87707 3.58978 23.6453 1123.5
203.387 68.7132 3.88306 3.50003 56 1095.6
209.319 68.9656 3.86252 3.81457 33.3817 977.105
213.625 69.322 3.86122 3.59957 35.2374 954.701
219.035 69.243 3.8828 3.80817 41.364 929.866
221.263 69.3286 3.92991 3.86561 36.9493 952.066
198.174 67.082 3.82024 3.72172 34.384 1166
199.397 67.4213 3.85043 3.72938 38.0547 1137.88
202.768 67.4572 3.85886 3.77119 41.351 1021.13
203.811 68.2575 3.88265 3.5546 49.6687 1047.36
208.187 68.1343 3.86535 3.63847 38.2321 920.854
214.432 68.1207 3.85574 3.6534 30.2407 816.79
218.405 68.1861 3.87419 3.74055 32.4186 810.531
220.465 68.6043 3.90271 3.79332 43.0876 866.628
222.103 68.3889 3.92115 3.68465 48.7229 858.678
223.281 66.3701 3.87699 3.67597 68.1235 667.819
193.671 65.4742 3.91125 3.57307 20.2259 1298.4
195.352 65.7077 3.93081 3.61862 22.8903 1229.1
198.75 66.442 3.90468 3.62312 24.4412 1112.2
200.349 66.6001 3.8556 3.75226 29.1592 1056.49
202.227 66.8332 3.81683 3.71851 26.6317 999.056
204.275 67.0486 3.82001 3.74235 36.8051 941.94
206.517 67.2221 3.86698 3.64446 42.0109 884.831
207.821 67.5076 3.88794 3.62135 58.5475 873.019
212.113 67.5187 3.79496 3.58256 38.9123 781.958
214.357 67.5933 3.83715 3.67009 47.782 760.167
215.855 67.6946 3.84175 3.58014 46.8489 759.74
220.128 67.6136 3.896 3.67723 32.764 755.399
224.214 67.6106 3.95434 3.64459 40.986 809.714
226.258 67.441 3.92514 3.68686 77.8751 837.033
195.961 64.9941 3.95703 3.54682 24.6521 1182.45
197.645 65.3936 3.92423 3.52747 28.8223 1117.57
199.349 65.5011 3.907 3.50083 28.8393 1046.68
201.346 65.895 3.88302 3.60427 25.7702 980.244
202.913 66.1434 3.85217 3.59735 42.3684 931.699
206.494 66.5156 3.83178 3.76383 53.5897 829.494
208.493 66.9214 3.84805 3.58963 35.9901 803.554
209.976 66.7108 3.87466 3.73779 64.5161 746.262
212.525 66.7004 3.85512 3.58966 40.4623 691.002
213.899 66.7653 3.81994 3.68326 33.3697 676.464
216.215 66.9498 3.8558 3.61193 45.7477 675.406
218.345 66.8088 3.8875 3.66494 31.5933 657.013
221.978 66.9116 3.93911 3.63044 33.5968 700.29
223.778 66.9808 3.94779 3.69953 80.7402 738.476
225.729 66.9227 3.87175 3.64761 84.3904 776.343
197.761 64.6379 3.94262 3.45143 37.5197 1090.3
200.087 64.937 3.92929 3.46196 38.4517 992.983
201.637 65.1527 3.943 3.48348 31.8656 933.262
203.551 65.5276 3.84921 3.68246 36.4945 871.66
205.119 65.4924 3.84379 3.68133 34.2493 807.624
207.195 65.6571 3.79657 3.65981 62.3163 741.883
208.623 65.8937 3.84239 3.61417 34.6107 712.706
210.457 65.8251 3.83747 3.78074 80.0417 653.072
212.122 65.8371 3.86614 3.68551 57.8582 612.798
214.18 66.267 3.77444 3.8398 18.8023 619.706
214.181 66.267 3.86657 3.36233 31.2961 619.692
218.473 66.2305 3.908 3.5895 43.1156 593.053
221.631 66.2191 3.93351 3.75162 81.4431 622.46
225.657 65.8052 3.83911 3.59312 53.8371 675.027
199.305 63.8864 3.94157 3.66128 27.3757 999.605
205.522 64.7962 3.88376 3.47288 29.5543 751.066
208.018 65.18 3.80422 3.60436 83.264 678.368
210.64 65.1479 3.7998 3.73321 75.7593 588.566
221.694 65.3609 3.87428 3.5975 73.7721 534.978
223.623 65.2225 3.84896 3.46855 51.7513 566.157
196.446 62.7492 3.89367 3.67044 78.4515 1129.44
199.398 63.2842 3.92489 3.65334 54.2248 984.452
200.922 63.3965 3.95695 3.67592 58.4379 910.848
203.285 63.465 3.95539 3.73313 59.3229 797.155
205.853 64.1767 3.96617 3.55109 55.8851 704.989
195.344 61.9331 3.87489 3.70595 46.8604 1189.41
198.469 62.2938 3.8814 3.63368 79.5221 1024.84
201.699 62.7161 3.90722 3.68561 66.6975 861.201
205.93 63.3569 3.97499 3.66627 72.6237 667.001
197.317 61.3416 3.85178 3.6695 110.901 1091.57
198.513 61.678 3.86392 3.64362 59.5607 1024.79
200.525 61.7105 3.84865 3.63784 84.2365 918.255
201.703 62.1344 3.86917 3.68226 91.6608 856.328
203.311 62.2195 3.88541 3.62459 78.6765 773.183
205.146 62.1816 3.89433 3.56134 96.8745 677.729
206.12 62.4787 3.93294 3.57397 118.003 632.694
193.799 60.3849 3.84654 3.62811 79.8882 1298.12
196.65 60.4135 3.84548 3.61956 90.8423 1143.99
198.04 60.7515 3.84994 3.61381 85.8334 1062.09
199.312 60.6947 3.8355 3.61355 77.9461 994.69
201.041 61.0224 3.83747 3.63201 124.849 896.539
202.562 61.4009 3.85447 3.65067 111.951 811.534
204.176 61.4907 3.85564 3.55617 101.342 725.184
205.609 61.9037 3.87999 3.53537 130.419 650.722
206.868 61.8823 3.90506 3.50125 147.133 584.533
198.315 59.9237 3.85913 3.55651 145.361 1066.37
199.908 60.1686 3.8422 3.56015 81.5615 973.683
201.231 60.4742 3.83633 3.58107 84.6519 895.252
202.813 60.5269 3.84727 3.60725 93.5849 808.593
204.11 60.6801 3.84038 3.60978 164.043 735.768
205.516 60.8132 3.83305 3.55419 138.2 657.842
207.791 61.2001 3.85639 3.58164 104.495 532.217
198.736 59.2533 3.86956 3.56357 125.443 1064.4
200.175 59.1767 3.8816 3.65773 137.182 989.133
201.907 59.5938 3.87374 3.63539 125.144 881.287
202.905 59.7733 3.85729 3.66956 110.322 821.71
204.792 59.8542 3.86541 3.67283 135.149 717.183
205.68 60.1952 3.8524 3.6632 128.891 660.093
207.376 60.0815 3.86245 3.63148 191.409 571.115
190.452 56.6011 3.88949 3.69149 27.9097 1631.77
202.009 59.0314 3.90139 3.68403 113.658 895.475
203.561 59.1953 3.88444 3.71734 98.7455 805.739
204.771 59.3922 3.89759 3.66925 158.967 733.406
206.768 59.6524 3.90338 3.62568 185.126 616.994
227.183 60.2114 3.81178 3.70169 184.923 528.859
212.566 65.1171 3.80648 3.70972 77.1908 533.019
203.344 58.6774 3.93196 3.67785 90.6307 838.587
204.113 58.2637 3.95684 3.73217 86.9324 817.564
204.991 58.6484 3.95809 3.73904 91.6831 752.717
206.355 58.9287 3.95628 3.6312 123.261 668.006
207.606 58.6097 3.97141 3.61688 95.8909 619.094
227.731 58.9601 3.85872 3.67669 111.212 604.249
202.426 57.5673 3.93778 3.62618 59.4903 942.429
203.613 57.6397 3.952 3.63937 43.1545 876.99
205.548 57.5665 3.9201 3.49147 31.185 783.18
225.482 58.2747 4.01605 3.95021 35.8261 531.647
229.033 59.3946 3.81609 3.65427 97.4511 654.278
197.939 55.703 3.90052 3.61585 36.9558 1286.01
200.447 56.2848 3.90492 3.56922 46.5509 1120.48
225.424 57.4688 4.03562 3.67329 31.4896 587.528
228.869 57.9128 3.914 3.70409 59.8183 719.104
227.048 56.8144 3.9912 3.67537 18.4067 708.839
229.75 56.9811 3.92411 3.71239 43.5304 821.951
210.428 68.6408 3.84717 3.68707 46.0254 924.808
226.879 56.1146 3.89269 3.54773 43.6359 758.157
229.974 55.9154 4.0462 3.74892 16.2702 909.035
228.385 55.3279 3.85903 3.57012 37.3249 886.379
227.653 56.4191 3.9682 3.63971 41.5913 766.225
210.176 67.8516 3.83255 3.59116 20.2082 850.833
211.301 69.7162 3.80603 3.61378 16.0628 1022.62
209.329 66.7192 3.83345 3.74269 17.8417 763.402
198.722 65.4015 3.91221 3.59217 15.4886 1070.26
211.489 65.5114 3.84057 3.71379 31.6308 597.105
209.89 67.3812 3.86935 3.59676 27.0769 811.348
210.84 64.6544 3.77683 3.79362 17.7569 541.047
210.867 64.709 3.78601 3.77162 25.7945 544.659
210.853 64.7716 3.80897 3.79993 21.9341 550.276
210.847 64.8338 3.79251 3.90812 21.5999 555.656
210.819 64.8857 3.80487 3.8691 37.607 560.893
210.44 64.87 3.80129 3.76291 39.5535 571.622
210.174 64.8537 3.7859 3.66648 33.1255 579.007
210.069 64.7653 3.81088 3.57609 42.5043 575.541
210.917 64.5498 3.83418 3.52931 31.8772 530.037
210.782 64.5716 3.82813 3.54707 31.6115 536.253
210.554 64.5756 3.7995 3.71358 32.9702 544.203
210.901 64.613 3.82361 3.5951 31.339 535.703
211.172 64.6917 3.80497 3.68856 40.6696 533.546
232.385 55.267 3.95045 3.58176 19.9391 1069.94
232.528 52.1871 3.9038 3.99097 20.0899 1329.83
232.744 52.294 3.87643 3.93066 20.4827 1329.41
232.847 52.3171 3.86724 4.00112 16.8395 1331.69
212.567 65.1173 3.8829 3.59159 28.1681 533.03
212.57 65.1176 3.88143 3.57358 29.1913 532.991
