# evlo=216.030807 evla=60.236099
194.627 64.5646 3.88149 3.66856 37.013 1199.83
225.144 58.5792 3.87879 3.58821 101.426 548.969
207.916 63.4188 3.85704 3.35303 33.8623 554.879
212.195 64.6453 3.89898 3.63155 70.7804 529.611
200.411 54.831 3.90859 3.7087 62.2115 1108.37
207.685 63.8827 3.85616 3.52131 50.0012 595.524
209.796 67.2269 3.87469 3.63401 36.7762 836.955
196.582 54.8564 3.93445 3.72415 20.8851 1302.88
214.766 66.5657 3.89799 3.65299 22.273 708.333
188.296 63.7758 3.88976 3.63438 24.1294 1492.26
203.121 64.7461 3.90204 3.70484 53.3106 831.496
225.615 58.2758 3.88347 3.64649 83.0386 588.096
197.4 66.8951 3.83796 3.76667 26.6361 1178.7
211.768 64.9602 3.91724 3.56366 54.0233 569.935
209.256 65.0304 3.85017 3.65127 59.982 636.703
210.931 64.5928 3.84053 3.51223 68.6803 552.105
214.475 65.5174 3.86018 3.8072 26.3139 593.901
207.811 62.8962 4.01017 3.73047 39.8233 527.317
197.092 68.0541 3.90985 3.55193 32.6124 1259.01
205.816 56.5593 3.90306 3.64319 76.158 723.012
189.752 57.1766 3.87454 3.6762 55.5128 1549.71
192.073 65.5598 3.87375 3.48138 33.7355 1343.82
193.495 53.8452 3.89852 3.68164 67.6792 1531.43
226.475 68.3065 3.94602 3.74519 54.0915 1029.12
207.417 57.7828 3.94915 3.52907 120.654 564.798
212.138 64.8736 3.92114 3.67612 74.537 554.049
203.383 71.3221 3.91674 3.78437 26.0849 1358.6
234.753 71.9871 3.97268 3.75093 47.5914 1545.02
196.822 68.4753 3.87938 3.52151 20.8297 1295.17
205.217 69.1565 3.89555 3.82557 34.0027 1116.62
209.387 69.836 3.88585 3.49234 15.3113 1113.56
211.299 69.72 4.0451 4.59019 35.6189 1079.92
215.088 69.9175 3.91754 3.63732 37.4641 1080.28
216.289 69.626 3.89359 3.65277 31.5782 1046.95
235.93 69.3475 3.97223 3.83091 57.9503 1375.57
209.319 68.9656 3.85145 3.53286 39.0552 1023.44
213.625 69.322 3.90022 3.73761 20.5126 1019.21
219.035 69.243 3.88971 3.75714 49.4823 1014
221.263 69.3286 3.91102 3.65763 29.5219 1042.88
198.174 67.082 3.88433 3.72145 22.5451 1160.67
199.397 67.4213 3.88401 3.68125 43.4222 1138.66
202.768 67.4572 3.90609 3.47906 15.4828 1031.81
203.811 68.2575 3.91716 3.61194 18.6486 1068.55
208.187 68.1343 3.85501 3.65105 24.9051 957.735
210.384 68.0584 3.86001 3.58461 19.9087 913.4
214.432 68.1207 3.90754 3.56761 27.5439 882.323
218.405 68.1861 3.89199 3.7984 34.485 893.563
220.465 68.6043 3.88812 3.64317 33.076 956.466
222.103 68.3889 3.89939 3.55287 35.0546 954.088
223.281 66.3701 3.82604 3.702 93.3808 773.243
195.352 65.7077 3.85314 3.60251 22.1314 1205.07
198.75 66.442 3.85377 3.69047 25.7133 1101.66
206.517 67.2221 3.89975 3.63403 29.6109 907.368
214.357 67.5933 3.90497 3.58447 22.683 824.172
215.855 67.6946 3.90587 3.69115 21.1738 831.487
220.128 67.6136 3.88904 3.59669 49.2474 846.168
224.214 67.6106 3.90119 3.6822 46.5643 913.112
226.258 67.441 3.89411 3.73619 83.2851 945.18
195.961 64.9941 3.87739 3.6247 18.5983 1151.9
197.645 65.3936 3.87153 3.69824 17.3455 1093.69
199.349 65.5011 3.86297 3.68426 25.7615 1027.17
201.346 65.895 3.85733 3.6139 31.1723 970.072
202.913 66.1434 3.84873 3.59845 23.6186 929.111
208.493 66.9214 3.86286 3.60891 24.9815 832.619
209.976 66.7108 3.82945 3.42835 39.9687 781.443
213.899 66.7653 3.92235 3.61178 23.1919 735.398
216.215 66.9498 3.90047 3.73601 20.8373 748.433
218.345 66.8088 3.89908 3.64346 49.2599 741.521
221.978 66.9116 3.88977 3.54817 45.8033 799.762
223.778 66.9808 3.87856 3.64352 51.7728 842.962
225.729 66.9227 3.88886 3.76056 48.5314 885.246
197.761 64.6379 3.84459 3.75548 23.9333 1058.22
200.087 64.937 3.84789 3.88834 31.7938 968.394
201.637 65.1527 3.88254 3.79409 17.9631 914.948
203.551 65.5276 3.83517 3.68251 25.168 863.829
205.119 65.4924 3.82515 3.58299 32.9104 805.217
208.623 65.8937 3.8891 3.67365 32.173 732.369
210.457 65.8251 3.8681 3.47848 35.8032 683.26
212.122 65.8371 3.88958 3.65802 31.5464 654.582
214.181 66.267 3.98466 3.78243 29.8835 678.549
218.473 66.2305 3.86381 3.59755 50.5735 679.222
221.631 66.2191 3.86703 3.64892 37.5717 723.226
225.657 65.8052 3.85823 3.72232 39.1434 787.489
199.305 63.8864 3.90449 3.49098 16.9729 960.858
205.522 64.7962 3.88704 3.53285 25.0821 740.824
208.018 65.18 3.83583 3.70465 49.9008 685.793
210.64 65.1479 3.88308 3.55256 58.4619 612.612
216.846 65.3064 3.9125 3.63382 40.2357 566.642
218.385 65.6035 3.91507 3.60679 33.6771 609.981
220.064 65.4483 3.86702 3.66767 55.265 615.916
221.694 65.3609 3.84181 3.52999 47.0543 639.538
223.623 65.2225 3.83908 3.61942 41.0081 676.982
196.446 62.7492 3.91908 3.73058 57.042 1075.47
199.398 63.2842 3.93963 3.6965 43.9472 938.436
200.922 63.3965 3.95114 3.54914 17.4842 868.125
204.379 63.994 3.8753 3.4837 27.3714 736.764
205.853 64.1767 3.8203 3.62186 43.5432 686.691
221.784 64.453 3.86673 3.46932 25.7967 556.039
221.784 64.4525 3.85021 3.54994 29.6574 555.977
223.67 64.5753 3.83578 3.63549 67.727 623.516
195.344 61.9331 3.89044 3.6625 41.0107 1127.19
198.469 62.2938 3.90818 3.70651 70.0597 966.488
201.699 62.7161 3.95171 3.72574 33.8076 810.232
205.93 63.3569 3.99258 3.53296 44.772 635.178
197.317 61.3416 3.87107 3.71984 52.103 1023.08
198.513 61.678 3.89468 3.7078 65.0816 959.567
200.525 61.7105 3.88277 3.69287 72.4999 853.421
201.703 62.1344 3.92185 3.70473 46.8157 797.375
203.311 62.2195 3.93539 3.76327 85.5404 716.755
205.146 62.1816 3.94473 3.69809 106.081 623.044
206.12 62.4787 4.01381 3.83562 83.2649 585.347
193.799 60.3849 3.86338 3.73492 55.8996 1223.17
196.65 60.4135 3.8632 3.67953 65.2679 1067.15
198.04 60.7515 3.85117 3.72548 66.2711 987.445
199.312 60.6947 3.84421 3.67401 76.316 918.721
201.041 61.0224 3.84397 3.69863 69.172 823.341
202.562 61.4009 3.88996 3.62922 53.2765 742.895
204.176 61.4907 3.89946 3.65312 89.1409 658.2
205.609 61.9037 3.93405 3.68576 110.363 591.805
206.868 61.8823 3.94813 3.75253 95.3769 527.197
225.609 62.2024 3.91407 3.57893 75.4515 558.717
198.315 59.9237 3.85306 3.69501 88.468 983.816
199.908 60.1686 3.8566 3.6607 105.826 891.966
201.231 60.4742 3.8518 3.66283 67.5722 815.67
202.813 60.5269 3.87147 3.64571 58.8047 728.519
204.11 60.6801 3.85421 3.62254 74.6601 656.899
205.516 60.8132 3.8682 3.58381 164.133 580.334
226.918 61.1512 3.86867 3.70248 102.536 602.694
198.736 59.2533 3.86935 3.58066 78.0274 975.751
200.175 59.1767 3.8904 3.63704 55.8096 898.098
201.907 59.5938 3.87184 3.67579 112.125 791.841
202.905 59.7733 3.86839 3.65982 97.8705 732.888
204.792 59.8542 3.8608 3.64949 102.107 626.95
205.68 60.1952 3.87097 3.63173 105.861 573.247
190.452 56.6011 3.88255 3.641 23.9232 1537.85
202.009 59.0314 3.88638 3.73482 111.984 800.741
203.561 59.1953 3.89174 3.69061 132.995 710.201
204.771 59.3922 3.88673 3.68551 106.332 637.978
226.285 59.5898 3.80785 3.59714 136.815 577.605
227.183 60.2114 3.8227 3.63982 188.622 617.334
212.566 65.1171 3.94508 3.64575 48.3455 572.027
203.344 58.6774 3.91148 3.69993 96.1919 738.864
204.113 58.2637 3.95421 3.71214 90.5953 713.435
204.991 58.6484 3.93994 3.63542 84.032 649.956
206.355 58.9287 3.92231 3.6849 108.331 565.17
227.731 58.9601 3.81976 3.639 109.035 674.92
202.426 57.5673 3.95475 3.68931 58.9143 836.762
203.613 57.6397 3.9861 3.66598 62.7798 769.815
205.548 57.5665 3.93763 3.60578 59.1732 672.451
225.482 58.2747 3.89646 3.6451 53.5201 581.117
229.033 59.3946 3.81032 3.6631 64.0178 734.319
197.939 55.703 3.91402 3.59609 48.2723 1178.7
200.447 56.2848 3.91498 3.59165 31.5341 1011.9
225.424 57.4688 3.94538 3.72071 54.5458 622.863
228.869 57.9128 3.83592 3.7767 66.8835 778.92
227.048 56.8144 3.95922 3.71181 36.9575 745.155
229.75 56.9811 3.87375 3.73384 62.0751 873.87
212.138 64.8735 3.91759 3.69492 52.5171 554.042
210.428 68.6408 3.90708 3.56285 23.3968 974.098
229.974 55.9154 3.92073 3.77143 30.9566 950.443
228.385 55.3279 3.95045 3.63522 42.1151 913.608
218.842 64.7774 3.84751 3.67649 92.6726 526.331
227.653 56.4191 3.94425 3.7164 88.9064 801.138
235.766 58.6528 3.85725 3.70781 24.87 1129.05
234.233 58.9305 3.84271 3.641 16.7856 1035.26
232.224 60.0057 3.86042 3.73891 17.1369 898.397
231.195 60.1197 3.83435 3.76717 18.818 839.885
229.393 60.087 3.84341 3.7479 15.904 740.89
228.256 59.933 3.84753 3.76072 38.5101 680.263
226.693 60.4834 3.80995 4.05543 19.7276 588.495
225.753 60.434 3.77593 3.88316 45.8036 536.945
237.286 58.0965 3.8764 3.6463 19.6874 1233.19
237.012 57.7103 3.83687 3.72771 23.9958 1233.48
237.146 57.39 3.83067 3.63739 16.0873 1254.67
210.176 67.8516 3.89397 3.70289 28.9372 894.886
209.736 66.2066 3.88242 3.46902 37.8872 736.099
211.301 69.7162 3.9339 3.91684 21.8286 1079.48
209.329 66.7192 3.88843 3.5653 40.3658 795.088
198.722 65.4015 3.82899 3.74202 21.9689 1048.37
211.164 69.0223 3.91091 3.75473 16.6123 1006.04
211.489 65.5114 3.90191 3.63687 59.0808 631.397
194.662 64.5695 3.88864 3.53187 21.0061 1198.33
204.534 64.74 3.83698 3.64292 24.4932 774.743
211.306 69.424 3.92085 3.93824 33.393 1047.85
210.41 68.6274 3.90692 3.72372 27.6423 972.911
209.89 67.3812 3.86611 3.65083 28.7403 851.034
210.457 65.825 3.90798 3.50584 25.8972 683.243
210.84 64.6544 3.83665 3.44053 20.7761 560.212
210.867 64.709 3.88544 3.52834 27.7515 564.796
210.853 64.7716 3.87688 3.54406 30.1942 571.154
210.847 64.8338 3.89956 3.51214 24.3094 577.313
210.819 64.8857 3.87755 3.58583 22.9334 583.006
210.44 64.87 3.86244 3.60915 40.3526 590.646
210.917 64.5498 3.83915 3.46794 36.7592 548.332
210.782 64.5716 3.84379 3.51724 30.079 553.771
210.554 64.5756 3.8258 3.53781 56.8398 559.971
210.901 64.613 3.85541 3.52993 29.1831 554.771
211.172 64.6917 3.85532 3.51532 37.2272 555.918
231.321 53.9 3.92404 3.69926 16.4146 1160.78
231.373 54.036 3.90476 3.61624 21.1335 1152.9
231.376 54.093 3.89302 3.58065 17.7705 1148.74
231.479 54.262 3.90221 3.57439 18.9322 1141.06
231.416 54.467 3.90748 3.89782 21.336 1122.89
231.434 54.502 3.94757 3.74611 22.2147 1121.21
231.542 54.539 3.92737 3.75097 29.6638 1123.82
231.6 54.636 3.92453 3.76097 28.0665 1119.69
231.677 54.722 3.92276 3.76547 33.1897 1117.36
231.665 54.851 3.93905 3.74818 28.9055 1107.66
231.681 55.018 3.92466 3.76752 27.0793 1096.83
231.846 55.084 3.93237 3.86078 25.7491 1100.6
232.267 55.179 3.88262 3.77955 33.0841 1115.53
232.385 55.267 3.88436 3.74568 40.964 1115.71
232.359 55.411 3.88359 3.7717 41.4735 1104.94
232.425 52.1577 3.89913 3.7341 16.425 1351.52
232.744 52.294 3.90242 3.59377 16.4352 1355.01
234.15 52.4019 3.88834 3.6034 25.0991 1412.61
234.917 52.3782 3.89578 3.57754 29.131 1451.53
