# evlo=209.518097 evla=60.7351
225.449 60.24 3.81308 3.56843 39.9331 875.41
194.627 64.5646 3.83697 3.62756 18.0676 871.801
220.363 59.9534 3.82088 3.60395 41.5022 604.438
225.144 58.5792 3.88001 3.70712 36.49 910.639
204.378 55.8218 3.81672 3.74135 15.1325 624.436
200.411 54.831 4.00057 3.70223 21.2295 850.457
188.296 63.7758 3.84477 3.71237 17.2579 1147.37
225.615 58.2758 3.88212 3.70124 45.4971 949.09
226.475 68.3065 3.88794 3.82768 21.3135 1165.27
203.383 71.3221 4.00887 3.39463 19.7267 1211.37
234.753 71.9871 3.93844 3.79828 27.9594 1662.86
211.299 69.72 3.89293 3.79217 36.5387 1005.12
215.088 69.9175 3.91587 3.647 26.9492 1055.12
216.289 69.626 3.90743 3.60455 34.9831 1039.3
235.93 69.3475 3.98657 3.84354 28.5955 1550.59
211.177 69.1532 3.93831 3.7136 18.1517 941.72
213.625 69.322 3.9035 3.65161 30.4796 976.193
211.513 68.0748 3.902 3.63309 26.8706 823.777
214.432 68.1207 3.90846 3.6212 36.0907 856.077
218.405 68.1861 3.88564 3.59052 23.0995 932.18
223.281 66.3701 3.91175 3.73696 45.8656 925.154
207.821 67.5076 3.92352 3.44695 17.7684 759.429
212.113 67.5187 3.92566 3.61384 19.2009 766.546
214.357 67.5933 3.88887 3.6898 35.7851 799.372
215.855 67.6946 3.90047 3.56017 31.5111 833.607
226.258 67.441 3.9454 3.75084 44.4548 1100.6
206.494 66.5156 3.90292 3.38859 16.4899 661.38
209.976 66.7108 3.95128 3.56468 29.7819 666.506
212.525 66.7004 3.90857 3.63827 32.8963 681.169
213.899 66.7653 3.91196 3.70749 21.9588 705.713
216.215 66.9498 3.84627 3.62245 26.2488 766.166
218.345 66.8088 3.87036 3.56621 36.6685 803.326
223.778 66.9808 3.91756 3.81935 54.8518 983.873
210.457 65.8251 3.94954 3.49563 37.2305 569.297
212.122 65.8371 3.94674 3.53345 31.5468 583.386
214.18 66.267 3.84572 3.8341 18.4167 658.467
218.473 66.2305 3.89313 3.67758 52.2374 756.365
216.846 65.3064 3.8976 3.57612 78.2288 629.468
218.385 65.6035 3.89018 3.70667 61.1176 701.54
221.694 65.3609 3.87726 3.71911 62.6454 800.949
216.436 64.5012 3.86637 3.64698 52.7817 549.22
221.784 64.453 3.84974 3.57548 36.8814 752.289
198.469 62.2938 3.83016 3.54539 18.4926 612.379
217.924 64.0292 3.8154 3.71397 43.9754 568.39
222.48 63.8433 3.86227 3.51082 45.8047 754.808
197.317 61.3416 3.86045 3.77545 20.5386 661.841
198.513 61.678 3.83819 3.62414 19.9725 600.08
221.871 63.109 3.91572 3.50775 37.6238 699.377
193.799 60.3849 3.8274 3.76166 26.8971 861.082
196.65 60.4135 3.84789 3.55035 38.9977 705.334
198.04 60.7515 3.82506 3.68468 40.4972 625.262
199.312 60.6947 3.83044 3.58443 37.2757 556.648
221.538 62.4435 3.9324 3.62683 59.813 664.928
223.206 62.5763 3.94038 3.63848 46.3902 752.166
225.609 62.2024 3.91337 3.67722 54.3934 870.849
218.842 64.7774 3.86294 3.65874 83.3422 654.515
