# evlo=194.626801 evla=64.564598
217.908 60.4896 3.72078 3.37703 61.9642 1273.01
217.654 61.036 3.6951 3.29257 72.2292 1230.78
217.507 60.403 3.72578 3.43272 52.7976 1259.07
218.338 61.0595 3.69635 3.23611 73.1287 1262.04
220.363 59.9534 3.70927 3.33661 84.6194 1420.22
216.3 60.3932 3.73465 3.34407 84.4042 1202.99
225.144 58.5792 3.72597 3.30564 69.1676 1731.87
216.716 60.1205 3.73581 3.34251 64.4341 1238.75
215.395 60.9677 3.72234 3.39284 83.7087 1127.71
209.013 64.0997 3.79787 3.48434 169.835 695.98
209.094 59.7511 3.7184 3.35329 57.5792 922.055
209.259 59.7417 3.72074 3.35319 64.2552 929.685
210.701 64.1732 3.782 3.47441 152.345 775.285
208.846 60.7683 3.71582 3.41932 84.2286 839.983
207.916 63.4188 3.80879 3.36802 98.3234 661.559
212.195 64.6453 3.78416 3.57897 168.802 838.351
200.411 54.831 3.75418 3.50306 78.5388 1131.09
207.685 63.8827 3.80742 3.46412 174.143 637.224
208.763 59.5251 3.71832 3.37297 98.047 925.3
209.796 67.2269 3.78589 3.48769 178.313 750.135
216.907 60.7523 3.7187 3.37554 60.1614 1210.92
218.66 60.9649 3.69631 3.259 59.7483 1282.38
209.738 62.4058 3.72485 3.30769 82.8764 788.265
217.513 60.0823 3.73458 3.35108 88.7409 1278.31
212.624 63.0753 3.78989 3.33148 91.5384 898.501
214.225 61.1292 3.72675 3.36273 92.7025 1063.88
215.93 63.6482 3.80516 3.55368 121.447 1038.49
214.25 60.5487 3.73207 3.34314 129.945 1098.35
196.582 54.8564 3.79736 3.51263 45.1196 1087.01
213.401 60.7277 3.7288 3.35496 112.276 1048.43
209.784 61.1426 3.72764 3.40135 84.0454 858.099
214.766 66.5657 3.78111 3.51542 164.899 951.767
203.121 64.7461 3.75808 3.47228 192.857 406.063
211.074 61.771 3.72661 3.34916 83.6844 882.114
216.188 61.4417 3.70224 3.30165 79.1358 1140.05
212.904 60.8792 3.7316 3.34775 81.8205 1016.53
215.271 60.5805 3.72582 3.3592 82.0646 1143.93
216.679 60.2805 3.73061 3.35725 85.6915 1227.42
218.244 60.7315 3.70681 3.31776 72.9967 1275.3
213.052 64.4091 3.79164 3.56761 174.448 882.903
213.497 60.396 3.73306 3.34509 70.6457 1072.9
215.738 60.3351 3.73564 3.34205 76.8563 1180.22
208.348 59.6572 3.71635 3.3673 63.5102 898.18
217.659 60.6024 3.719 3.37234 68.2761 1254.84
225.615 58.2758 3.72796 3.29643 82.2311 1773.96
215.581 59.9268 3.73571 3.31576 62.699 1198.07
216.749 60.4427 3.73161 3.35998 91.1945 1221.14
217.639 60.9231 3.7009 3.30272 71.6756 1236.16
214.077 61.4924 3.71824 3.34538 94.6645 1037.54
211.542 61.4131 3.72154 3.35407 118.987 923.062
209.077 63.5527 3.8081 3.40052 112.561 712.919
217.277 60.2474 3.72956 3.37361 47.9713 1257.37
218.995 60.824 3.68352 3.3098 56.0824 1305.89
216.976 61.3836 3.70013 3.26279 81.4009 1180.47
211.063 63.7318 3.80617 3.48761 154.376 803.04
211.768 64.9602 3.77224 3.57982 191.665 814.506
218.049 60.1785 3.72947 3.38262 68.6966 1297.75
209.256 65.0304 3.76119 3.59588 217.073 695.717
210.931 64.5928 3.77575 3.5533 215.153 779.088
216.031 60.2361 3.73672 3.32854 69.5851 1199.83
191.145 52.9721 3.77089 3.53925 100.782 1306.41
214.53 62.9699 3.78523 3.32559 90.8673 993.627
219.747 60.0959 3.70621 3.34911 53.8837 1382.69
220.599 59.667 3.71287 3.33064 62.6676 1448.55
214.475 65.5174 3.76912 3.56365 245.502 936.969
207.811 62.8962 3.73809 3.30863 109.347 675.941
217.533 61.1871 3.69639 3.27399 55.8218 1217.07
211.667 60.8584 3.72437 3.40405 89.5175 960.88
215.323 60.3863 3.73202 3.34957 76.0592 1157.85
210.261 61.0889 3.72332 3.40252 104.788 882.969
197.092 68.0541 3.74995 3.48278 194.879 404.446
215.154 63.7399 3.80713 3.5345 131.314 998.743
218.652 60.2994 3.70702 3.37787 35.4235 1319.06
211.14 63.4056 3.8082 3.40507 131.525 816.281
219.217 60.1294 3.70874 3.38679 68.7845 1355.66
211.668 61.807 3.72701 3.35113 116.003 908.079
212.671 61.832 3.72103 3.35532 99.2792 953.983
216.01 63.9761 3.79795 3.54868 205.449 1033.31
214.792 60.5341 3.73088 3.3133 75.6625 1124.36
205.816 56.5593 3.73352 3.54665 63.9339 1079.33
208.468 61.98 3.71427 3.50162 128.475 750.26
209.777 60.5117 3.69936 3.3705 80.2412 897.932
189.752 57.1766 3.77713 3.55234 130.806 864.143
209.253 61.4636 3.73077 3.44724 111.614 814.997
217.161 60.1791 3.73077 3.36319 85.0257 1256.03
216.221 60.072 3.73773 3.32654 75.478 1218.66
210.547 60.1043 3.71668 3.34936 85.9519 959.323
218.856 60.4399 3.70557 3.38257 85.0303 1320.61
217.171 60.7541 3.71823 3.36511 76.1587 1223.26
209.711 63.4502 3.80278 3.39603 102.397 746.416
193.495 53.8452 3.73374 3.39589 81.1706 1195.81
216.546 61.2275 3.71168 3.30283 70.7182 1168.08
211.449 62.8295 3.7671 3.29583 131.47 851.477
211.415 62.9628 3.76884 3.32817 47.6895 844.723
211.462 62.6812 3.75271 3.31689 32.1086 858.046
212.058 62.8349 3.76353 3.33111 55.0601 880.341
211.771 63.0624 3.76501 3.31607 55.8243 858.136
212.26 62.5808 3.75654 3.29491 77.2186 900.208
211.152 62.8331 3.77627 3.29033 100.086 837.18
217.147 60.448 3.72951 3.3891 92.4838 1239.53
211.908 64.4716 3.78579 3.53849 219.193 827.415
218.249 60.3583 3.7164 3.38726 74.8531 1296.62
207.417 57.7828 3.74024 3.38499 84.5788 1018.44
212.138 64.8736 3.77575 3.59237 207.39 832.824
198.198 69.3641 3.75991 3.2543 94.3152 557.289
202.84 70.0079 3.7684 3.47972 178.65 701.417
205.387 69.6211 3.72606 3.23509 108.125 730.451
206.58 70.34 3.72663 3.3003 146.972 819.663
194.656 68.2746 3.77778 3.48023 129.187 413.716
196.822 68.4753 3.79673 3.32285 148.726 446.83
198.806 68.6483 3.7481 3.35983 131.164 491.36
200.413 69.1049 3.74691 3.46906 113.964 565.947
205.217 69.1565 3.7401 3.2833 92.3239 689.588
209.387 69.836 3.76757 3.29717 132.698 863.881
211.299 69.72 3.77501 3.29125 122.572 918.623
215.088 69.9175 3.77394 3.30479 172.497 1058.31
216.289 69.626 3.76455 3.28137 117.055 1088.73
235.93 69.3475 3.78324 3.30795 134.772 1841.52
196.917 67.6988 3.78767 3.53183 125.838 364.418
201.885 68.4946 3.7509 3.28982 122.745 543.503
203.387 68.7132 3.75586 3.26848 104.765 602.519
207.318 68.8799 3.78217 3.35018 144.983 735.824
209.319 68.9656 3.77198 3.33477 211.775 808.754
211.177 69.1532 3.76559 3.28388 143.893 883.78
213.625 69.322 3.75853 3.31037 157.461 979.361
219.035 69.243 3.74703 3.29685 113.305 1178.63
221.263 69.3286 3.75569 3.30335 113.647 1266.48
199.397 67.4213 3.78243 3.66842 146.288 385.01
202.768 67.4572 3.7711 3.43545 168.818 489.81
203.811 68.2575 3.77802 3.3705 178.945 580.222
206.028 68.4414 3.78323 3.4045 110.765 664.855
208.187 68.1343 3.75961 3.35498 177.898 723.731
210.384 68.0584 3.74456 3.34407 190.982 803.752
211.513 68.0748 3.75412 3.38451 154.944 848.525
214.432 68.1207 3.7387 3.37661 143.572 966.216
218.405 68.1861 3.74816 3.37188 97.4532 1129.08
220.465 68.6043 3.74932 3.35033 87.7573 1220.25
222.103 68.3889 3.76504 3.40535 95.2981 1283.45
223.281 66.3701 3.79082 3.53288 135.396 1331.1
200.349 66.6001 3.78399 3.45064 153 347.944
202.227 66.8332 3.79425 3.4709 219.877 430.696
204.275 67.0486 3.7723 3.43346 181.681 520.259
206.517 67.2221 3.76491 3.44715 194.773 616.433
207.821 67.5076 3.75241 3.41128 145.123 680.43
212.113 67.5187 3.75722 3.45721 168.069 854.693
214.357 67.5933 3.7572 3.46855 144.399 949.77
215.855 67.6946 3.75483 3.44832 136.351 1014.35
220.128 67.6136 3.76945 3.51474 117.076 1193.14
224.214 67.6106 3.76865 3.45314 59.0234 1366.65
226.258 67.441 3.77562 3.44364 97.5574 1454.19
201.346 65.895 3.75922 3.61305 314.417 347.274
202.913 66.1434 3.75738 3.57625 173.704 423.572
206.494 66.5156 3.77016 3.54959 285.471 588.947
208.493 66.9214 3.78416 3.53596 176.218 686.222
209.976 66.7108 3.77586 3.5113 190.498 743.943
212.525 66.7004 3.77963 3.50107 156.504 854.644
213.899 66.7653 3.78331 3.51374 143.504 915.667
216.215 66.9498 3.78126 3.51554 134.34 1018.85
218.345 66.8088 3.7719 3.4951 111.008 1111.1
221.978 66.9116 3.77769 3.49854 112.914 1270.53
223.778 66.9808 3.77643 3.49311 156.145 1349.01
225.729 66.9227 3.78645 3.52119 82.4037 1434.5
201.637 65.1527 3.74494 3.63085 250.875 338.659
203.551 65.5276 3.73473 3.61102 224.863 433.348
205.119 65.4924 3.73419 3.54223 179.401 504.527
207.195 65.6571 3.74949 3.57642 277.012 601.802
208.623 65.8937 3.75048 3.53388 205.225 669.641
210.457 65.8251 3.7489 3.53047 262.998 752.418
212.122 65.8371 3.75893 3.55297 350.256 828.5
214.18 66.267 3.77284 3.52647 114.695 923.64
214.181 66.267 3.77659 3.56495 108.201 923.685
218.473 66.2305 3.7778 3.5232 174.052 1116.58
221.631 66.2191 3.79049 3.53468 129.059 1258.56
225.657 65.8052 3.80736 3.51065 124.967 1445.3
213.052 64.4091 3.79164 3.56761 174.448 882.903
205.522 64.7962 3.76766 3.50948 115.635 520.101
208.018 65.18 3.74727 3.58338 190.09 637.217
210.64 65.1479 3.76361 3.59403 291.046 760.186
216.846 65.3064 3.77813 3.54141 161.069 1048.48
218.385 65.6035 3.77938 3.54367 227.28 1116.47
220.064 65.4483 3.77862 3.51364 165.285 1195.53
221.694 65.3609 3.78866 3.51214 161.995 1271.85
223.623 65.2225 3.79781 3.53453 134.146 1363.19
203.285 63.465 3.79828 3.25525 63.4462 440.406
204.379 63.994 3.8142 3.44554 126.111 476.182
205.853 64.1767 3.80869 3.47018 174.545 543.049
214.63 64.613 3.78001 3.55275 150.067 954.198
216.436 64.5012 3.78257 3.545 155.411 1041.68
221.784 64.453 3.77474 3.51282 102.185 1294.73
221.784 64.4525 3.7758 3.52304 95.0335 1294.71
223.67 64.5753 3.78046 3.49962 146.105 1379.92
201.699 62.7161 3.73776 3.69724 97.0443 406.234
205.93 63.3569 3.77901 3.32848 125.67 569.148
214.222 63.8036 3.80489 3.52174 145.476 952.418
217.924 64.0292 3.78592 3.53202 152.786 1123.08
222.48 63.8433 3.7862 3.53884 115.715 1344.42
197.317 61.3416 3.76398 3.45044 73.3388 384.229
198.513 61.678 3.76515 3.43772 94.7255 376.654
200.525 61.7105 3.73732 3.23164 71.5167 435.212
201.703 62.1344 3.72288 3.58513 85.7509 445.55
203.311 62.2195 3.74064 3.48534 70.2694 506.16
205.146 62.1816 3.73927 3.65284 129.076 588.486
206.12 62.4787 3.71948 3.44763 132.693 616.344
216.652 63.0254 3.80786 3.41418 79.0974 1093.35
218.173 63.0618 3.80271 3.50448 123.255 1164.9
221.871 63.109 3.79892 3.5762 97.0064 1340.06
193.799 60.3849 3.81588 3.60082 155.679 467.783
196.65 60.4135 3.72996 3.58629 113.152 474.204
198.04 60.7515 3.73907 3.39807 77.711 459.445
199.312 60.6947 3.76665 3.45795 105.052 493.492
201.041 61.0224 3.73911 3.29715 68.5307 512.338
202.562 61.4009 3.70923 3.53602 81.1044 534.342
204.176 61.4907 3.72365 3.37444 77.0381 591.563
205.609 61.9037 3.74695 3.59346 163.923 625.495
206.868 61.8823 3.73906 3.57915 146.973 682.841
209.88 61.7531 3.73238 3.44511 129.975 827.537
212.274 61.7929 3.71455 3.34213 78.6434 937.231
213.825 62.1067 3.72438 3.30586 74.2753 995.534
217.004 62.4013 3.76263 3.32093 94.0297 1134.5
218.122 62.3579 3.7904 3.38195 69.8703 1189.92
221.538 62.4435 3.78932 3.48603 83.1546 1350.06
223.206 62.5763 3.79487 3.54912 96.4044 1424.46
225.609 62.2024 3.80213 3.55713 96.6326 1555.25
198.315 59.9237 3.73261 3.49139 71.6934 551.381
199.908 60.1686 3.78969 3.54563 131.4 560.627
201.231 60.4742 3.77161 3.29116 54.9539 568.188
202.813 60.5269 3.70079 3.5956 103.613 615.51
204.11 60.6801 3.70357 3.40993 105.93 650.262
205.516 60.8132 3.74222 3.4349 101.039 695.491
207.791 61.2001 3.74828 3.38217 62.3708 765.531
215.402 61.6061 3.7096 3.30766 81.1258 1094.46
222.911 61.4593 3.81161 3.49639 61.0097 1460.5
224.22 61.4862 3.79022 3.48653 87.591 1521.94
226.918 61.1512 3.80586 3.47351 72.7333 1667.92
198.736 59.2533 3.72346 3.45816 102.036 629.761
200.175 59.1767 3.76072 3.55912 78.8371 667.085
202.905 59.7733 3.72722 3.44935 112.133 685.342
204.792 59.8542 3.72659 3.44345 77.737 743.624
205.68 60.1952 3.73208 3.44459 73.2097 749.378
207.376 60.0815 3.72876 3.39804 96.5822 826.097
210.276 60.4814 3.70965 3.38882 102.536 921.996
219.809 60.7718 3.69299 3.27418 57.1542 1347.47
221.424 60.3024 3.69823 3.29962 71.2186 1450.39
190.452 56.6011 3.78042 3.78258 72.7969 915.852
204.771 59.3922 3.72647 3.48039 80.4934 782.558
206.768 59.6524 3.72403 3.45315 67.1292 835.164
212.597 59.9979 3.73841 3.39344 83.3047 1057.51
222.262 59.6304 3.71308 3.27852 58.3653 1529.5
223.04 60.1218 3.70402 3.30255 50.7035 1537.68
226.285 59.5898 3.71195 3.34119 47.7954 1723.69
212.566 65.1171 3.763 3.57043 193.908 850.68
203.344 58.6774 3.72369 3.38699 56.2892 801.146
204.991 58.6484 3.73057 3.44699 45.5541 856.495
206.355 58.9287 3.7386 3.42762 122.69 879.703
207.606 58.6097 3.73129 3.41825 80.3343 953.452
213.66 59.4296 3.7492 3.42914 98.2251 1143.45
227.731 58.9601 3.72511 3.34534 44.8169 1831.02
203.613 57.6397 3.72697 3.42403 42.4179 909.307
224.26 58.4133 3.7247 3.30981 33.7521 1700.83
225.482 58.2747 3.7287 3.30124 40.4315 1767.72
197.939 55.703 3.75738 3.50231 57.2649 1003.97
200.447 56.2848 3.75598 3.52422 83.4391 975.657
223.768 57.9616 3.74054 3.42703 55.659 1707.81
225.424 57.4688 3.75165 3.37579 43.9712 1819.37
228.869 57.9128 3.72282 3.3531 58.1694 1952.55
229.75 56.9811 3.73351 3.35751 67.2681 2057.75
212.138 64.8735 3.77764 3.59888 146.932 832.815
210.428 68.6408 3.75999 3.33741 225.535 831.349
226.879 56.1146 3.77241 3.47843 49.9612 1984.32
228.385 55.3279 3.78275 3.50675 36.7085 2113.25
218.842 64.7774 3.78198 3.53944 164.919 1149.59
227.653 56.4191 3.75515 3.4546 53.0601 1998.41
209.931 62.7622 3.1378 2.50214 111.949 781.88
211.063 63.7323 3.80623 3.48766 154.376 803.051
211.14 63.4057 3.80821 3.40508 131.525 816.282
218.547 60.1369 3.9041 3.8876 82.1991 1323.62
210.84 64.6544 3.77233 3.5485 120.916 773.987
210.867 64.709 3.76934 3.55438 176.605 774.581
210.853 64.7716 3.771 3.57447 127.068 773.209
210.847 64.8338 3.77057 3.55334 107.929 772.255
210.819 64.8857 3.76484 3.5822 127.559 770.413
210.44 64.87 3.76635 3.57977 226.043 752.68
210.174 64.8537 3.76524 3.57952 134.034 740.261
210.069 64.7653 3.7676 3.55274 249.448 736.13
210.917 64.5498 3.77541 3.53755 152.561 779.047
210.782 64.5716 3.77359 3.54472 126.373 772.329
210.554 64.5756 3.7705 3.52799 158.635 761.442
210.901 64.613 3.77475 3.55497 173.639 777.395
211.172 64.6917 3.7749 3.57743 202.156 789.246
217.908 60.4896 3.72078 3.37703 61.9642 1273.01
217.507 60.403 3.72578 3.43272 52.7976 1259.07
218.338 61.0595 3.69637 3.23612 73.1287 1262.04
216.296 60.3923 3.73432 3.34378 84.4042 1202.89
216.716 60.1205 3.73581 3.34251 64.4341 1238.75
215.271 60.5805 3.72582 3.3592 82.0646 1143.93
216.679 60.2805 3.73061 3.35725 85.6915 1227.42
218.244 60.7315 3.70681 3.31776 72.9967 1275.3
217.659 60.602 3.719 3.37233 68.2761 1254.84
216.749 60.4427 3.73161 3.35998 91.1945 1221.14
217.639 60.9231 3.70088 3.3027 71.6756 1236.15
217.277 60.2474 3.72956 3.37361 47.9713 1257.37
218.995 60.8241 3.68351 3.30979 56.0824 1305.89
216.976 61.3836 3.70013 3.26279 81.4009 1180.47
218.049 60.1785 3.72947 3.38262 68.6966 1297.75
216.031 60.2361 3.73672 3.32854 69.5851 1199.83
217.533 61.187 3.69644 3.27403 55.8218 1217.08
218.652 60.2994 3.70702 3.37787 35.4235 1319.06
219.217 60.1294 3.70874 3.38679 68.7845 1355.66
216.221 60.072 3.73773 3.32654 75.478 1218.66
218.856 60.4399 3.70557 3.38257 85.0303 1320.61
216.546 61.2275 3.71168 3.30283 70.7182 1168.08
212.567 65.1173 3.75201 3.56956 52.9331 850.693
212.57 65.1176 3.75022 3.5627 53.911 850.822
209.518 60.7352 3.75197 3.4213 44.6203 871.777
209.518 60.7351 3.75207 3.42139 44.6203 871.801
