# evlo=220.363098 evla=59.9534
194.627 64.5646 3.70927 3.33661 84.6194 1420.22
209.013 64.0997 3.68184 3.23998 85.9756 750.955
209.259 59.7417 3.72312 3.37524 281.708 622.194
210.701 64.1732 3.68121 3.23057 110.379 688.916
208.846 60.7683 3.69054 3.26428 167.204 641.234
212.195 64.6453 3.70033 3.30192 125.615 672.024
204.378 55.8218 3.8235 3.69531 96.2855 1050.41
207.685 63.8827 3.65316 3.26985 55.1197 795.006
208.763 59.5251 3.73132 3.39742 285.166 653.288
209.796 67.2269 3.70143 3.39362 71.3246 962.854
209.738 62.4058 3.74602 3.20056 123.383 632.637
212.624 63.0753 3.63705 3.10644 94.7624 538.577
214.225 61.1292 3.71338 3.25885 235.091 361.296
215.93 63.6482 3.69507 3.23293 99.479 473.245
214.25 60.5487 3.67264 3.33972 294.772 344.825
196.582 54.8564 3.77625 3.43057 60.2414 1527.61
213.401 60.7277 3.67189 3.2614 191.726 393.825
209.784 61.1426 3.69979 3.2699 173.061 594.759
188.296 63.7758 3.71498 3.39065 75.8628 1720.48
203.121 64.7461 3.70171 3.26436 54.9815 1035.7
211.074 61.771 3.71205 3.21212 123.277 543.298
212.904 60.8792 3.67899 3.31956 237.883 423.462
213.052 64.4091 3.69064 3.24715 79.0949 624.981
213.497 60.396 3.68132 3.29174 231.35 384.131
225.615 58.2758 3.85068 3.49258 124.258 354.027
214.077 61.4924 3.75049 3.26721 181.5 383.323
211.542 61.4131 3.70707 3.29016 217.681 508.285
197.4 66.8951 3.7287 3.39023 33.0786 1370.69
209.077 63.5527 3.6509 3.20395 55.2647 716.996
211.063 63.7318 3.65687 3.24401 123.543 644.855
211.768 64.9602 3.6903 3.29299 96.0101 711.6
209.256 65.0304 3.70435 3.2511 74.0727 802.905
210.931 64.5928 3.71294 3.27768 114.363 710.838
214.53 62.9699 3.60092 3.23116 116.584 457.618
214.475 65.5174 3.71784 3.31856 79.5372 688.672
207.811 62.8962 3.7301 3.14691 67.5276 744.371
211.667 60.8584 3.70379 3.34375 178.854 489.409
210.261 61.0889 3.70601 3.29642 192.366 568.427
197.092 68.0541 3.74753 3.28471 74.3908 1438.11
215.154 63.7399 3.67981 3.28008 97.5265 502.959
211.14 63.4056 3.64788 3.21317 73.929 620.707
211.668 61.807 3.7207 3.24699 190.973 514.894
212.671 61.832 3.7711 3.27197 162.643 466.737
216.01 63.9761 3.67006 3.27465 83.8772 502.864
205.816 56.5593 3.80882 3.69056 144.057 931.466
208.468 61.98 3.73191 3.26055 164.351 681.525
209.777 60.5117 3.70645 3.28148 216.644 589.199
189.752 57.1766 3.7544 3.43271 103.268 1791.33
209.253 61.4636 3.70682 3.27298 214.814 628.655
210.547 60.1043 3.70739 3.34259 222.091 546.994
192.073 65.5598 3.71944 3.32825 29.73 1557.55
209.711 63.4502 3.66587 3.15523 53.2976 683.877
211.449 62.8295 3.72002 3.04263 105.116 573.38
211.415 62.9628 3.69108 2.97305 23.6162 582.444
211.462 62.6812 3.72239 2.94532 38.5846 564.712
212.058 62.8349 3.70128 3.10217 47.9934 547.113
211.771 63.0624 3.69572 3.15034 36.2054 573.064
212.26 62.5808 3.73633 3.04641 78.6117 523.568
211.152 62.8331 3.73492 3.06081 74.0199 586.741
211.908 64.4716 3.7056 3.23043 110.679 667.564
207.417 57.7828 3.81034 3.49687 200.576 783.611
212.138 64.8736 3.6873 3.29371 80.5102 692.708
194.656 68.2746 3.74413 3.26866 28.4521 1539.8
196.822 68.4753 3.73228 3.25635 38.2168 1470.06
198.806 68.6483 3.72075 3.27043 36.9478 1410.32
200.413 69.1049 3.7128 3.2818 38.79 1386.7
205.217 69.1565 3.72338 3.29557 38.3242 1249.67
211.299 69.72 3.73424 3.36366 58.9358 1167.83
215.088 69.9175 3.73912 3.34646 64.8088 1137.53
216.289 69.626 3.73316 3.44889 64.8173 1095.04
235.93 69.3475 3.8281 3.38116 93.4313 1276.61
196.917 67.6988 3.7453 3.31912 41.164 1426.91
201.885 68.4946 3.71717 3.29373 67.0792 1298.02
203.387 68.7132 3.7082 3.37148 53.0571 1266.88
207.318 68.8799 3.73068 3.29031 36.8359 1171.77
209.319 68.9656 3.72355 3.34965 46.8567 1132.68
211.177 69.1532 3.72406 3.37423 64.8181 1113.44
213.625 69.322 3.72354 3.34251 65.6457 1091.46
219.035 69.243 3.73476 3.2664 28.4777 1037.54
198.174 67.082 3.7284 3.37184 39.1197 1348.52
199.397 67.4213 3.73153 3.32607 54.87 1318.83
202.768 67.4572 3.73396 3.30418 40.1937 1198.93
203.811 68.2575 3.70983 3.33166 61.2589 1220.12
208.187 68.1343 3.71811 3.36379 36.223 1084.57
210.384 68.0584 3.73087 3.319 43.8149 1024.1
211.513 68.0748 3.72967 3.34526 45.9753 1001.2
214.432 68.1207 3.72583 3.36019 61.8818 954.433
218.405 68.1861 3.7193 3.3105 49.8238 922.604
220.465 68.6043 3.78436 3.499 44.9452 964.418
222.103 68.3889 3.78361 3.34569 40.279 944.084
223.281 66.3701 3.79766 3.41563 60.1066 729.986
193.671 65.4742 3.70582 3.2924 27.352 1483.18
195.352 65.7077 3.72692 3.25016 42.4292 1413.9
198.75 66.442 3.73355 3.41516 20.8177 1295.83
200.349 66.6001 3.72753 3.3979 27.7288 1239.12
202.227 66.8332 3.71856 3.37946 44.6488 1179.74
204.275 67.0486 3.71899 3.32053 65.9638 1119.56
206.517 67.2221 3.69058 3.30876 57.9949 1057.8
207.821 67.5076 3.69965 3.33978 56.8206 1041.34
212.113 67.5187 3.72597 3.34014 61.2956 934.772
214.357 67.5933 3.72995 3.38042 68.2373 900.7
220.128 67.6136 3.74506 3.43418 51.4012 853.982
224.214 67.6106 3.80224 3.43483 96.1338 874.019
226.258 67.441 3.79969 3.37361 58.7062 883.171
195.961 64.9941 3.71709 3.33815 41.4492 1367.09
197.645 65.3936 3.71289 3.28198 45.3295 1302.38
199.349 65.5011 3.69478 3.2985 38.4915 1231.36
201.346 65.895 3.72781 3.28674 38.7621 1163.97
202.913 66.1434 3.71994 3.34553 46.0872 1114.01
206.494 66.5156 3.72469 3.31307 79.6035 1006.15
208.493 66.9214 3.70964 3.27076 43.4469 973.492
209.976 66.7108 3.70193 3.33366 58.5416 912.944
212.525 66.7004 3.71753 3.35341 58.7848 846.97
213.899 66.7653 3.73575 3.32347 44.0721 824.334
216.215 66.9498 3.71753 3.52119 87.2201 806.422
218.345 66.8088 3.71158 3.27836 79.6626 770.683
221.978 66.9116 3.76874 3.33962 49.9558 779.724
223.778 66.9808 3.78719 3.42236 39.2013 801.327
225.729 66.9227 3.76479 3.28035 65.338 820.999
197.761 64.6379 3.70394 3.37673 39.9264 1274.78
200.087 64.937 3.70282 3.27413 45.3981 1177.8
201.637 65.1527 3.70198 3.25808 44.6928 1117.92
203.551 65.5276 3.72347 3.28293 42.7034 1055.17
205.119 65.4924 3.72204 3.26431 51.7066 990.214
207.195 65.6571 3.69979 3.34477 90.5539 921.498
208.623 65.8937 3.7048 3.35808 72.4067 888.37
210.457 65.8251 3.71909 3.30116 95.2362 823.979
212.122 65.8371 3.72937 3.30661 126.559 776.883
214.18 66.267 3.72829 3.35411 20.2813 768.98
214.181 66.267 3.70768 3.31768 32.1235 768.959
218.473 66.2305 3.7199 3.30824 47.3439 706.059
221.631 66.2191 3.75544 3.33796 50.9637 701.285
225.657 65.8052 3.7655 3.29995 65.4139 705.091
214.843 62.3987 3.66058 2.93493 102.985 402.823
213.052 64.4091 3.69064 3.24715 79.0949 624.981
205.522 64.7962 3.70245 3.27228 45.1407 935.148
208.018 65.18 3.72053 3.26514 65.0293 858.908
210.64 65.1479 3.68345 3.32938 86.96 763.479
216.846 65.3064 3.69786 3.44162 76.6258 623.081
218.385 65.6035 3.70323 3.28161 50.685 637.715
220.064 65.4483 3.72086 3.27897 71.108 612.631
223.623 65.2225 3.768 3.25859 72.928 610.492
196.446 62.7492 3.74423 3.27172 49.9328 1308.82
199.398 63.2842 3.72685 3.24661 24.1784 1166.3
203.285 63.465 3.70318 3.18925 42.577 980.662
204.379 63.994 3.6661 3.25624 32.9432 947.93
205.853 64.1767 3.67025 3.28304 95.8033 889.758
214.63 64.613 3.69786 3.26056 100.125 598.005
216.436 64.5012 3.71786 3.38446 87.7731 546.193
221.784 64.453 3.79357 3.31945 37.1506 506.867
221.784 64.4525 3.71565 3.32472 66.4726 506.807
223.67 64.5753 3.75037 3.29466 92.4747 542.807
195.344 61.9331 3.73706 3.30516 71.1077 1365.07
198.469 62.2938 3.72844 3.27886 80.6349 1202.24
201.699 62.7161 3.74089 3.3035 83.1968 1041.32
205.93 63.3569 3.70641 3.11454 36.5616 851.143
214.222 63.8036 3.6801 3.24754 96.1784 536.621
217.924 64.0292 3.70783 3.36733 83.252 471.786
222.48 63.8433 3.73755 3.28712 107.104 447.499
197.317 61.3416 3.72496 3.29814 135.178 1263.46
198.513 61.678 3.72422 3.26907 119.343 1198.62
200.525 61.7105 3.71345 3.26878 116.792 1092.17
201.703 62.1344 3.72211 3.26716 134.195 1033.18
203.311 62.2195 3.723 3.23814 100.558 950.998
205.146 62.1816 3.71876 3.24806 156.809 856.014
206.12 62.4787 3.72836 3.25137 154.531 813.439
216.652 63.0254 3.6507 3.26586 115.202 395.17
218.173 63.0618 3.66968 3.30855 133.768 365.447
221.871 63.109 3.72666 3.38272 153.361 360.662
193.799 60.3849 3.71749 3.32889 106.246 1465.49
196.65 60.4135 3.71748 3.3323 100.145 1309.74
198.04 60.7515 3.71709 3.31736 96.5758 1229.57
199.312 60.6947 3.70872 3.31752 131.862 1161.08
201.041 61.0224 3.70437 3.30316 129.871 1064.98
202.562 61.4009 3.70847 3.23642 129.55 982.977
204.176 61.4907 3.70551 3.21966 114.358 897.477
205.609 61.9037 3.70198 3.22988 157.442 827.083
206.868 61.8823 3.71434 3.25418 164.445 761.364
209.88 61.7531 3.7193 3.26561 149.478 603.303
212.274 61.7929 3.73637 3.23509 150.177 484.453
213.825 62.1067 3.79802 3.1122 155.438 426.871
225.609 62.2024 3.67532 3.31937 266.182 377.934
198.315 59.9237 3.71131 3.31816 122.959 1226.87
199.908 60.1686 3.711 3.3109 98.8167 1134.99
201.231 60.4742 3.70637 3.32459 159.142 1058.51
202.813 60.5269 3.70323 3.28947 132.224 971.368
204.11 60.6801 3.7049 3.2804 186.426 899.536
205.516 60.8132 3.70251 3.26435 203.165 822.639
207.791 61.2001 3.69682 3.22755 121.228 701.961
226.918 61.1512 3.74493 3.23602 205.332 383.421
198.736 59.2533 3.72801 3.36896 119.842 1218.22
200.175 59.1767 3.73379 3.36461 107.842 1140.03
201.907 59.5938 3.72643 3.3617 163.887 1034.3
202.905 59.7733 3.72348 3.33968 184.741 975.523
204.792 59.8542 3.72433 3.3416 148.384 869.448
205.68 60.1952 3.70606 3.29469 145.916 816.241
207.376 60.0815 3.71681 3.32403 195.349 723.273
210.276 60.4814 3.71036 3.30599 222.607 561.694
190.452 56.6011 3.76601 3.45683 44.6102 1778
202.009 59.0314 3.7386 3.37612 135.667 1041.45
203.561 59.1953 3.74109 3.38908 130.238 950.755
204.771 59.3922 3.7368 3.37665 242.249 878.797
206.768 59.6524 3.72797 3.36407 195.664 762.5
212.597 59.9979 3.69458 3.32724 203.978 433.452
227.183 60.2114 3.738 3.47919 440.657 380.497
212.566 65.1171 3.70193 3.33254 79.5611 700.555
203.344 58.6774 3.75147 3.39457 193.133 976.763
204.113 58.2637 3.75984 3.35483 158.308 947.281
204.991 58.6484 3.75269 3.37069 128.748 885.661
206.355 58.9287 3.74797 3.37607 199.147 801.378
207.606 58.6097 3.77425 3.41185 204.725 741.237
213.66 59.4296 3.74993 3.392 337.153 381.817
227.731 58.9601 3.74535 3.45825 131.735 431.994
202.426 57.5673 3.77371 3.34758 145.573 1067.92
203.613 57.6397 3.77126 3.3638 131.748 999.085
205.548 57.5665 3.78564 3.43425 81.4876 895.508
225.482 58.2747 3.87449 3.58396 113.807 347.641
229.033 59.3946 3.7223 3.4172 207.453 492.103
197.939 55.703 3.7547 3.39451 99.2362 1405.72
200.447 56.2848 3.7564 3.41073 70.6856 1237.19
225.424 57.4688 3.85863 3.36306 118.027 403.054
228.869 57.9128 3.79157 3.46221 156.814 539.473
227.048 56.8144 3.8559 3.45399 34.5629 524.105
229.75 56.9811 3.78814 3.40278 114.091 639.261
212.138 64.8735 3.68811 3.31063 82.2423 692.706
210.428 68.6408 3.71985 3.32506 76.8683 1078.26
226.879 56.1146 3.86352 3.60751 77.51 574.792
229.974 55.9154 3.79637 3.47858 48.6139 724.394
218.842 64.7774 3.72578 3.40526 65.883 543.336
227.653 56.4191 3.82792 3.53331 121.356 581.538
211.063 63.7323 3.65693 3.24407 123.543 644.866
211.14 63.4057 3.64788 3.21317 73.929 620.708
210.84 64.6544 3.73482 3.18539 49.5587 718.65
210.867 64.709 3.7252 3.20164 56.959 721.83
210.853 64.7716 3.71954 3.26447 45.7517 727.071
210.847 64.8338 3.71967 3.24803 37.5532 732.055
210.819 64.8857 3.70254 3.24356 49.2557 737.028
210.44 64.87 3.70333 3.26043 64.9247 748.927
210.174 64.8537 3.70589 3.26943 56.9143 757.092
210.069 64.7653 3.71371 3.26648 70.1578 754.399
210.917 64.5498 3.71907 3.27925 86.6289 708.109
210.782 64.5716 3.72281 3.24109 92.6083 714.544
210.554 64.5756 3.72046 3.23364 78.7961 723.045
210.901 64.613 3.71816 3.27174 93.2473 713.409
211.172 64.6917 3.72103 3.24221 61.9858 709.928
209.518 60.7352 3.69519 3.27473 104.387 604.46
209.518 60.7351 3.69506 3.27461 104.387 604.438
