# evlo=208.348495 evla=59.6572
194.627 64.5646 3.71635 3.3673 63.5102 898.18
217.908 60.4896 3.72889 3.30203 246.072 539.781
217.654 61.036 3.74815 3.27607 184.704 535.739
217.507 60.403 3.72505 3.30097 169.045 516.853
218.338 61.0595 3.73135 3.25774 194.725 572.43
216.716 60.1205 3.74158 3.32819 190.303 470.979
215.395 60.9677 3.77636 3.29394 228.885 415.691
209.013 64.0997 3.73592 3.2453 140.553 496.311
210.701 64.1732 3.69149 3.16288 156.571 518.147
207.916 63.4188 3.71444 3.26134 77.7071 419.814
212.195 64.6453 3.68124 3.22058 154.194 590.713
204.378 55.8218 3.70697 3.19889 184.69 488.07
200.411 54.831 3.71049 3.0537 107.364 719.141
207.685 63.8827 3.69235 3.21149 69.0393 472.191
209.796 67.2269 3.75864 3.3526 86.7486 846.805
216.907 60.7523 3.73232 3.3158 225.099 489.671
218.66 60.9649 3.72927 3.24814 205.9 587.609
217.513 60.0823 3.74067 3.34213 275.434 515.138
221.785 59.0906 3.76673 3.52775 17.8833 765.137
212.624 63.0753 3.6809 3.2053 175.141 444.053
214.225 61.1292 3.77532 3.3071 273.818 362.982
215.93 63.6482 3.67548 3.20836 177.399 598.599
214.25 60.5487 3.76073 3.29737 367.286 342.841
196.582 54.8564 3.75029 3.34916 94.4412 886.801
214.766 66.5657 3.71775 3.30007 137.747 834.385
188.296 63.7758 3.76556 3.49098 84.6151 1149.27
203.121 64.7461 3.75353 3.22603 62.6026 628.56
216.188 61.4417 3.76109 3.20668 188.779 473.489
215.271 60.5805 3.75285 3.32736 201.518 398.178
216.679 60.2805 3.73057 3.31016 229.248 470.106
218.244 60.7315 3.7235 3.28266 202.819 561.254
213.052 64.4091 3.67905 3.25911 200.728 583.632
215.738 60.3351 3.73657 3.26291 171.491 418.99
217.659 60.6024 3.72699 3.28867 235.299 527.64
215.581 59.9268 3.73691 3.35313 291.822 407.021
216.749 60.4427 3.72554 3.30639 251.39 475.807
217.639 60.9231 3.73908 3.28453 248.349 532.383
214.077 61.4924 3.72604 3.12852 193.392 374.6
209.077 63.5527 3.70573 3.2202 160.091 435.82
217.277 60.2474 3.72912 3.3009 145.667 502.823
218.995 60.824 3.73788 3.27795 209.155 603.199
216.976 61.3836 3.77413 3.26615 153.657 510.903
211.063 63.7318 3.66754 3.17736 163.725 476.146
211.768 64.9602 3.69962 3.20434 161.959 616.837
218.049 60.1785 3.74032 3.32328 325.168 545.255
209.256 65.0304 3.74211 3.31443 123.158 600.673
210.931 64.5928 3.6954 3.1519 165.088 566.203
216.031 60.2361 3.73061 3.28194 311.527 433.924
191.145 52.9721 3.75712 3.40139 140.146 1292.93
214.53 62.9699 3.68989 3.18646 181.055 495.504
219.747 60.0959 3.71923 3.35267 185.484 639.499
220.599 59.667 3.7481 3.42984 187.673 689.535
214.475 65.5174 3.70926 3.27002 144.558 724.292
207.811 62.8962 3.76259 3.22524 116.47 362.081
217.533 61.1871 3.7556 3.26308 189.016 533.35
215.323 60.3863 3.73755 3.31399 221.548 397.095
215.154 63.7399 3.69448 3.22813 135.219 579.602
218.652 60.2994 3.72511 3.30331 131.877 579.149
211.14 63.4056 3.66488 3.11687 148.331 443.221
219.217 60.1294 3.71861 3.31173 229.236 609.998
212.671 61.832 3.6586 3.28645 246.607 337.953
216.01 63.9761 3.688 3.20105 177.12 627.428
214.792 60.5341 3.75177 3.26839 241.875 371.401
205.816 56.5593 3.71446 3.14694 164.763 375.897
189.752 57.1766 3.76513 3.46547 128.962 1117.31
217.161 60.1791 3.73539 3.33536 258.356 496.002
216.221 60.072 3.73761 3.31345 315.82 443.226
218.856 60.4399 3.72864 3.28467 241.2 591.247
217.171 60.7541 3.72904 3.30408 202.737 503.833
192.073 65.5598 3.74545 3.39494 74.8092 1058.32
209.711 63.4502 3.66966 3.15645 191.039 428.818
193.495 53.8452 3.73827 3.3609 155.385 1111.6
216.546 61.2275 3.77583 3.29494 226.97 483.596
211.449 62.8295 3.66158 3.12698 275.293 390.633
211.415 62.9628 3.64608 3.03147 104.358 403.218
211.462 62.6812 3.65029 3.12511 116.03 376.239
212.058 62.8349 3.67179 3.19406 142.206 406.112
211.771 63.0624 3.64811 3.06207 162.915 421.188
212.26 62.5808 3.66861 3.24747 277.735 387.907
211.152 62.8331 3.66286 3.06231 248.472 384.501
217.147 60.448 3.72377 3.29811 192.289 497.643
211.908 64.4716 3.6799 3.20678 178.519 567.697
218.249 60.3583 3.73326 3.30961 204.549 557.27
213.052 64.4091 3.67905 3.25911 200.728 583.632
199.305 63.8864 3.74435 3.24839 41.0533 669.7
205.522 64.7962 3.67661 3.42498 72.9933 591.156
208.018 65.18 3.71972 3.14049 50.3622 615.761
210.64 65.1479 3.69833 3.2182 109.626 623.205
216.846 65.3064 3.70958 3.22962 118 765.694
218.385 65.6035 3.71678 3.2446 143.2 837.258
220.064 65.4483 3.72185 3.2284 98.8307 880.428
221.694 65.3609 3.71779 3.27564 162.613 932.989
223.623 65.2225 3.71296 3.28251 91.9829 999.094
196.446 62.7492 3.72778 3.43626 57.4204 725.234
199.398 63.2842 3.72964 3.32949 51.0766 624.333
200.922 63.3965 3.75743 3.35549 35.5177 573.571
205.853 64.1767 3.67699 3.24382 90.4923 520.352
214.63 64.613 3.70983 3.26252 153.428 641.531
216.201 64.5654 3.74522 3.77567 17.5416 682.545
216.436 64.5012 3.69905 3.18887 117.549 684.563
221.784 64.453 3.6843 3.27487 104.798 879.985
221.784 64.4525 3.68025 3.2623 53.516 879.932
223.67 64.5753 3.69384 3.2741 106.205 965.626
195.344 61.9331 3.728 3.39933 72.4512 750.622
198.469 62.2938 3.72791 3.39827 71.913 609.432
201.699 62.7161 3.75821 3.33375 49.4216 493.649
205.93 63.3569 3.68644 3.19034 116.161 431.849
214.222 63.8036 3.6861 3.14976 166.497 556.197
217.924 64.0292 3.68952 3.23088 178.957 699.899
222.48 63.8433 3.70072 3.30036 125.744 877.439
197.317 61.3416 3.78519 3.41735 67.3233 633.742
198.513 61.678 3.74306 3.28284 53.1445 582.226
200.525 61.7105 3.7617 3.23289 65.6657 484.43
201.703 62.1344 3.72804 3.33436 55.6114 453.883
203.311 62.2195 3.71592 3.42878 72.3151 394.862
206.12 62.4787 3.66756 3.05371 118.387 336.584
216.652 63.0254 3.66867 3.22851 184.655 580.973
218.173 63.0618 3.66407 3.27575 131.955 647.073
221.871 63.109 3.70118 3.30522 128.22 816.602
193.799 60.3849 3.7475 3.40878 90.4162 813.708
196.65 60.4135 3.7516 3.42407 113.046 656.611
198.04 60.7515 3.76681 3.44685 107.586 583.866
199.312 60.6947 3.75712 3.48631 148.711 514.277
201.041 61.0224 3.79695 3.44149 136.549 431.014
202.562 61.4009 3.80533 3.15141 82.4786 372.193
213.825 62.1067 3.6618 3.21185 189.234 403.434
217.004 62.4013 3.65541 3.23412 135.84 558.247
218.122 62.3579 3.67979 3.22641 166.923 607.457
221.538 62.4435 3.69605 3.18414 93.0682 775.406
223.206 62.5763 3.69815 3.25742 82.1331 862.038
225.609 62.2024 3.70971 3.2397 116.216 974.648
198.315 59.9237 3.70698 3.37102 134.558 563.656
199.908 60.1686 3.72925 3.38468 98.819 475.315
201.231 60.4742 3.74755 3.43685 159.28 406.466
215.402 61.6061 3.75515 3.19593 165.616 442.599
222.911 61.4593 3.72037 3.21612 98.9666 821.818
224.22 61.4862 3.72321 3.22378 123.456 891.435
226.918 61.1512 3.73548 3.25941 137.414 1033.33
198.736 59.2533 3.70165 3.39151 203.69 546.529
200.175 59.1767 3.70838 3.39841 113.001 466.834
201.907 59.5938 3.69471 3.42788 243.754 363.427
219.809 60.7718 3.72691 3.27869 207.021 646.513
221.424 60.3024 3.72467 3.3043 174.52 732.395
223.909 60.7704 3.7238 3.26959 238.764 869.444
190.452 56.6011 3.76734 3.44586 58.3736 1104.07
202.009 59.0314 3.69459 3.37343 262.374 367.222
222.262 59.6304 3.7481 3.39245 194.676 783.267
223.04 60.1218 3.729 3.34652 198.879 822.45
227.183 60.2114 3.74176 3.35482 241.987 1051.24
212.566 65.1171 3.69452 3.24981 129.841 646.107
227.731 58.9601 3.77778 3.49255 133.777 1102.8
202.426 57.5673 3.73398 3.23135 140.526 415.317
203.613 57.6397 3.72438 3.15854 128.76 354.965
197.939 55.703 3.74273 3.39404 132.931 759.968
200.447 56.2848 3.71738 3.42187 124 599.133
223.768 57.9616 3.85741 3.69596 109.222 908.71
225.424 57.4688 3.85979 3.72066 152.52 1020.13
227.048 56.8144 3.86603 3.76097 81.1748 1138.83
229.75 56.9811 3.82441 3.66447 112.118 1283.07
212.138 64.8735 3.68825 3.19783 126.506 613.507
210.428 68.6408 3.76939 3.2085 69.5578 1006.43
226.879 56.1146 3.90097 3.82937 81.0367 1163.25
229.974 55.9154 3.86343 3.75376 74.3009 1345.15
228.385 55.3279 3.90373 3.8773 71.958 1288.38
227.653 56.4191 3.87223 3.75284 136.581 1191.04
209.931 62.7622 4.41281 3.9365 284.389 356.27
211.063 63.7323 3.668 3.17776 163.725 476.206
211.14 63.4057 3.66493 3.11692 148.331 443.228
217.908 60.4896 3.72889 3.30203 246.072 539.781
217.507 60.403 3.72505 3.30097 169.045 516.853
218.338 61.0595 3.73139 3.25777 194.725 572.436
216.716 60.1205 3.74158 3.32819 190.303 470.979
215.271 60.5805 3.75285 3.32736 201.518 398.178
216.679 60.2805 3.73057 3.31016 229.248 470.106
218.244 60.7315 3.7235 3.28266 202.819 561.254
217.659 60.602 3.72676 3.28847 235.299 527.607
216.749 60.4427 3.72554 3.30639 251.39 475.807
217.639 60.9231 3.739 3.28446 248.349 532.372
217.277 60.2474 3.72912 3.3009 145.667 502.823
218.995 60.8241 3.73789 3.27796 209.155 603.2
216.976 61.3836 3.77413 3.26615 153.657 510.903
218.049 60.1785 3.74032 3.32328 325.168 545.255
216.031 60.2361 3.73061 3.28194 311.527 433.924
217.533 61.187 3.75565 3.26313 189.016 533.357
218.652 60.2994 3.72511 3.30331 131.877 579.149
219.217 60.1294 3.71861 3.31173 229.236 609.998
216.221 60.072 3.73761 3.31345 315.82 443.226
218.856 60.4399 3.72864 3.28467 241.2 591.247
216.546 61.2275 3.77583 3.29494 226.97 483.596
212.567 65.1173 3.68041 3.21406 45.5368 646.133
212.57 65.1176 3.67573 3.20278 43.3066 646.212
