# evlo=214.077301 evla=61.492401
194.627 64.5646 3.71824 3.34538 94.6645 1037.54
220.363 59.9534 3.75049 3.26721 181.5 383.323
225.144 58.5792 3.73779 3.22166 70.1787 695.81
209.013 64.0997 3.66326 3.44379 207.188 388.663
210.701 64.1732 3.73184 3.38698 141.688 344.696
207.916 63.4188 3.76813 3.18259 132.425 383.47
212.195 64.6453 3.76678 3.40902 97.9049 364.049
204.378 55.8218 3.72402 3.18409 60.4664 844.434
200.411 54.831 3.74851 3.17477 108.933 1090.46
207.685 63.8827 3.65716 3.16717 101.37 421.756
208.763 59.5251 3.71932 3.17953 275.79 364.928
209.796 67.2269 3.75914 3.33837 101.911 671.521
196.582 54.8564 3.73074 3.29147 82.7927 1260.87
214.766 66.5657 3.7419 3.32071 128.903 566.549
188.296 63.7758 3.72683 3.34135 74.1204 1337.27
203.121 64.7461 3.73122 3.42271 98.3733 659.908
208.348 59.6572 3.72604 3.12852 193.392 374.6
225.615 58.2758 3.70219 3.20909 77.9193 737.348
197.4 66.8951 3.74541 3.44106 51.009 1004.5
209.077 63.5527 3.64688 3.34256 182.444 344.859
211.768 64.9602 3.71549 3.18976 96.9165 403.532
209.256 65.0304 3.6809 3.20577 131.073 462.477
210.931 64.5928 3.67027 3.24628 232.184 380.383
191.145 52.9721 3.7491 3.36016 142.434 1664.7
219.747 60.0959 3.75832 3.30446 234.665 345.617
220.599 59.667 3.80163 3.19378 181.418 411.046
214.475 65.5174 3.72995 3.21997 106.746 449.1
207.811 62.8962 3.77274 3.23718 232.922 361.641
197.092 68.0541 3.71214 3.31438 82.9859 1083.47
205.816 56.5593 3.75282 3.26762 134.906 724.927
189.752 57.1766 3.75285 3.37198 156.605 1455.37
192.073 65.5598 3.74318 3.35173 57.6242 1177.29
193.495 53.8452 3.72803 3.32895 128.431 1484.41
211.908 64.4716 3.68786 3.29348 193.812 349.754
197.317 61.3416 3.70137 3.30359 167.844 892.632
198.513 61.678 3.69762 3.28032 144.306 824.89
200.525 61.7105 3.6888 3.28896 189.876 718.467
201.703 62.1344 3.69185 3.27731 185.735 655.257
203.311 62.2195 3.69352 3.22741 176.723 571.854
205.146 62.1816 3.684 3.26085 259.923 476.328
206.12 62.4787 3.70874 3.20328 212.32 431.065
221.871 63.109 3.6576 3.19111 211.03 442.301
193.799 60.3849 3.70181 3.34203 119.764 1101.69
196.65 60.4135 3.70242 3.34625 138.881 949.052
198.04 60.7515 3.69854 3.29557 188.98 866.122
199.312 60.6947 3.6903 3.28841 186.441 799.779
201.041 61.0224 3.67549 3.30226 177.421 700.441
202.562 61.4009 3.6703 3.26448 183.09 613.556
204.176 61.4907 3.67321 3.20159 209.338 526.94
205.609 61.9037 3.66011 3.2367 281.034 450.148
206.868 61.8823 3.64762 3.20776 342.482 383.873
221.538 62.4435 3.69458 3.24986 278.727 405.16
223.206 62.5763 3.70213 3.24826 230.491 492.385
225.609 62.2024 3.72873 3.3067 211.903 611.58
198.315 59.9237 3.70243 3.31105 164.712 875.952
199.908 60.1686 3.68688 3.31235 151.193 783.089
201.231 60.4742 3.6771 3.28969 213.346 703.442
202.813 60.5269 3.68165 3.28228 258.741 617.892
204.11 60.6801 3.67721 3.24857 408.655 544.829
205.516 60.8132 3.66055 3.20368 376.982 466.81
207.791 61.2001 3.62861 3.19941 225.612 337.861
222.911 61.4593 3.62536 3.2228 351 470.483
224.22 61.4862 3.64729 3.24614 314.605 539.811
226.918 61.1512 3.68099 3.29385 192.382 687.681
198.736 59.2533 3.71478 3.30756 157.478 880.019
200.175 59.1767 3.72393 3.34046 177.839 808.211
201.907 59.5938 3.71305 3.28543 305.843 699.439
202.905 59.7733 3.70543 3.26317 244.693 639.817
204.792 59.8542 3.71762 3.21188 205.749 538.812
205.68 60.1952 3.70013 3.20674 225.924 478.528
207.376 60.0815 3.71137 3.19419 228.124 397.196
221.424 60.3024 3.64071 3.1413 208.409 420.015
223.909 60.7704 3.62571 3.20893 277.848 535.334
190.452 56.6011 3.74763 3.35444 65.2624 1451.28
202.009 59.0314 3.73442 3.24896 168.572 720.794
203.561 59.1953 3.72754 3.20111 135.176 633.7
204.771 59.3922 3.72706 3.19503 181.107 562.606
206.768 59.6524 3.72065 3.1475 236.387 449.837
222.262 59.6304 3.72995 3.22602 104.948 494.111
223.04 60.1218 3.64707 3.20207 229.785 510.762
226.285 59.5898 3.68725 3.26938 187.216 701.564
227.183 60.2114 3.66846 3.30485 237.476 725.236
212.566 65.1171 3.79145 3.36599 99.0647 411.043
203.344 58.6774 3.72193 3.17994 132.076 673.57
204.113 58.2637 3.70676 3.25472 151.69 662.857
204.991 58.6484 3.71158 3.1951 136.61 596.171
206.355 58.9287 3.69062 3.16412 214.977 514.173
207.606 58.6097 3.70655 3.2868 218.821 482.462
227.731 58.9601 3.71653 3.27882 137.883 805.7
202.426 57.5673 3.71082 3.33432 148.265 789.431
203.613 57.6397 3.725 3.32554 142.858 729.486
205.548 57.5665 3.71387 3.20675 116.35 650.447
224.26 58.4133 3.72239 3.21445 32.6487 663.357
225.482 58.2747 3.69204 3.131 52.2591 730.935
229.033 59.3946 3.69404 3.31797 180.103 853.692
197.939 55.703 3.72347 3.30638 92.1346 1133.73
200.447 56.2848 3.71162 3.26473 72.0524 973.732
223.768 57.9616 3.80141 3.28973 75.1706 671.201
225.424 57.4688 3.79259 3.37714 65.4414 782.154
228.869 57.9128 3.71623 3.21467 67.8534 920.572
212.138 64.8735 3.76015 3.28687 72.6727 389.269
210.428 68.6408 3.76645 3.35493 99.9119 814.935
226.879 56.1146 3.82129 3.53158 65.9255 949.234
229.974 55.9154 3.76475 3.48183 49.7674 1106.81
228.385 55.3279 3.81498 3.56074 47.5065 1078.1
227.653 56.4191 3.78744 3.5372 55.7133 961.248
212.567 65.1173 3.77437 3.43618 25.522 411.062
212.57 65.1176 3.77519 3.47458 27.6147 411.068
