# evlo=214.530106 evla=62.969898
225.449 60.24 3.76496 3.41316 106.202 653.377
194.627 64.5646 3.78523 3.32559 90.8673 993.627
220.363 59.9534 3.60092 3.23116 116.584 457.618
225.144 58.5792 3.71161 3.26732 92.3839 755.904
216.716 60.1205 3.67169 3.34606 142.257 338.089
209.094 59.7511 3.71184 3.32257 216.95 461.445
209.259 59.7417 3.71367 3.31192 200.236 456.809
208.846 60.7683 3.65849 3.21153 201.908 386.628
207.916 63.4188 3.73035 3.33058 229.336 336.528
204.378 55.8218 3.72265 3.16387 66.3442 980.834
200.411 54.831 3.7299 3.19643 85.7912 1213.08
207.685 63.8827 3.77937 3.28916 245.285 356.425
208.763 59.5251 3.71013 3.27066 223.551 492.791
209.796 67.2269 3.78326 3.35475 119.246 523.848
217.513 60.0823 3.68782 3.12321 106.494 358.709
196.582 54.8564 3.73382 3.33676 102.977 1365.05
214.766 66.5657 3.82294 3.36711 145.743 401.048
188.296 63.7758 3.7963 3.42113 56.0718 1306.13
203.121 64.7461 3.80321 3.28567 120.287 594.029
208.348 59.6572 3.68989 3.18646 181.055 495.504
225.615 58.2758 3.72008 3.25709 87.427 799.274
215.581 59.9268 3.76033 3.04165 68.3853 343.704
217.277 60.2474 3.72484 3.66266 132.893 336.516
218.049 60.1785 3.64877 3.19342 130.756 362.82
209.256 65.0304 3.75051 3.34666 96.3102 345.299
191.145 52.9721 3.73952 3.38513 117.061 1759.01
219.747 60.0959 3.60039 3.22422 99.97 423.545
220.599 59.667 3.61986 3.27451 111.686 490.642
207.811 62.8962 3.70465 3.42607 285.054 341.22
197.092 68.0541 3.7407 3.3985 79.9247 980.646
218.652 60.2994 3.6104 3.3789 102.197 369.087
219.217 60.1294 3.6174 3.26092 170.656 402.66
205.816 56.5593 3.73342 3.25227 129.016 864.335
209.777 60.5117 3.70758 3.45257 260.355 371.477
189.752 57.1766 3.7613 3.42666 84.3556 1510.39
217.161 60.1791 3.72467 3.52007 228.411 340.904
210.547 60.1043 3.70944 3.28612 264.05 383.061
218.856 60.4399 3.5825 3.18833 147.646 362.968
192.073 65.5598 3.77321 3.44326 132.228 1119.37
193.495 53.8452 3.72571 3.37297 184.308 1582.48
218.249 60.3583 3.59999 3.3011 120.379 351.321
203.344 58.6774 3.70796 3.34174 162.509 772.271
204.113 58.2637 3.69239 3.25749 128.226 773.126
204.991 58.6484 3.69038 3.2563 193.845 706.834
206.355 58.9287 3.6893 3.19018 216.229 630.801
207.606 58.6097 3.69679 3.12388 229 614.332
213.66 59.4296 3.73219 3.2478 153.667 397.257
227.731 58.9601 3.75387 3.27596 62.6573 840.809
202.426 57.5673 3.70286 3.26889 127.291 898.052
203.613 57.6397 3.69707 3.23132 115.701 844.671
205.548 57.5665 3.68879 3.18285 101.845 779.329
224.26 58.4133 3.70401 3.31044 49.5182 733.657
225.482 58.2747 3.70459 3.29854 58.798 793.893
229.033 59.3946 3.78716 3.49136 74.8565 873.377
197.939 55.703 3.72104 3.35281 117.173 1237.33
200.447 56.2848 3.71461 3.30145 81.286 1084.81
223.768 57.9616 3.6855 3.35916 99.8937 753.355
225.424 57.4688 3.70619 3.3616 85.3973 858.253
228.869 57.9128 3.7269 3.24286 72.5314 966.453
227.048 56.8144 3.71847 3.42517 29.6053 977.343
229.75 56.9811 3.72754 3.24945 64.0499 1076.01
210.428 68.6408 3.77172 3.39723 124.82 659.24
226.879 56.1146 3.74718 3.39382 77.6485 1031.6
229.974 55.9154 3.70441 3.45032 41.6279 1171.6
228.385 55.3279 3.74486 3.39436 70.6131 1158.59
227.653 56.4191 3.71736 3.42073 98.6078 1034.97
218.547 60.1369 3.71352 4.46101 102.692 380.992
216.716 60.1205 3.67169 3.34606 142.257 338.089
217.277 60.2474 3.72484 3.66266 132.893 336.516
218.049 60.1785 3.64877 3.19342 130.756 362.82
218.652 60.2994 3.6104 3.3789 102.197 369.087
219.217 60.1294 3.6174 3.26092 170.656 402.66
218.856 60.4399 3.5825 3.18833 147.646 362.968
