# evlo=197.091995 evla=68.0541
194.627 64.5646 3.74995 3.48278 194.879 404.446
217.654 61.036 3.73841 3.27225 58.4318 1248.82
217.507 60.403 3.75194 3.27922 38.6091 1296.37
218.338 61.0595 3.73917 3.30271 94.1656 1272.08
220.363 59.9534 3.74753 3.28471 74.3908 1438.11
216.3 60.3932 3.71653 3.30446 43.3184 1254.65
225.144 58.5792 3.76387 3.35795 54.0999 1733.04
215.395 60.9677 3.72812 3.28496 49.9829 1173.81
209.013 64.0997 3.72137 3.41756 102.93 694.895
209.094 59.7511 3.73343 3.36058 68.9302 1093.04
209.259 59.7417 3.7283 3.33395 64.3687 1098.23
210.701 64.1732 3.73675 3.5103 56.7986 749.57
208.846 60.7683 3.73427 3.33122 51.2403 986.84
207.916 63.4188 3.71933 3.30527 92.6665 714.793
212.195 64.6453 3.78704 3.29452 126.12 772.954
204.378 55.8218 3.74853 3.40126 27.6885 1413.51
200.411 54.831 3.72172 3.43565 22.3859 1483.57
207.685 63.8827 3.73211 3.37763 74.7072 667.873
209.796 67.2269 3.69618 3.07782 224.985 546.355
216.907 60.7523 3.73648 3.26311 49.029 1245.43
218.66 60.9649 3.7441 3.31256 100.442 1291.69
209.738 62.4058 3.70881 3.36017 98.9901 860.779
217.513 60.0823 3.70424 3.27764 37.3481 1324
212.624 63.0753 3.75222 3.4203 84.6515 902.76
214.225 61.1292 3.71048 3.36142 65.7933 1119.64
215.93 63.6482 3.81919 3.27199 64.002 984.986
214.25 60.5487 3.71693 3.36798 98.8745 1171.29
196.582 54.8564 3.77877 3.47781 33.1641 1470.91
213.401 60.7277 3.72306 3.3096 89.4367 1127.41
209.784 61.1426 3.73301 3.28453 59.805 977.444
214.766 66.5657 3.72889 3.23767 124.489 776.106
188.296 63.7758 3.80219 3.48177 191.731 621.834
203.121 64.7461 3.75084 3.30693 113.421 456.378
211.074 61.771 3.715 3.43373 64.2972 959.386
216.188 61.4417 3.73868 3.27044 66.481 1162.26
212.904 60.8792 3.71743 3.31354 74.6559 1097.7
215.271 60.5805 3.71645 3.31973 55.7872 1202.91
216.679 60.2805 3.69616 3.32103 50.2222 1277.62
218.244 60.7315 3.74423 3.24625 81.4149 1295.5
213.052 64.4091 3.80809 3.28688 81.8856 821.7
213.497 60.396 3.73417 3.33512 74.1626 1160.29
215.738 60.3351 3.71125 3.36895 52.7276 1240.31
217.659 60.6024 3.75701 3.24562 55.1311 1285.01
225.615 58.2758 3.76479 3.33309 46.3251 1776.61
215.581 59.9268 3.72498 3.39411 45.5634 1271.04
216.749 60.4427 3.71239 3.30388 41.2265 1266.12
217.639 60.9231 3.73973 3.2719 74.4922 1257.6
214.077 61.4924 3.71214 3.31438 82.9859 1083.47
211.542 61.4131 3.71356 3.35676 56.9945 1006.19
209.077 63.5527 3.73624 3.33942 83.6648 741.116
217.277 60.2474 3.71286 3.3045 39.0406 1301.47
218.995 60.824 3.74356 3.31025 88.9021 1315.59
216.976 61.3836 3.74666 3.28584 63.2553 1195.65
211.063 63.7318 3.73543 3.48033 100.784 795.804
211.768 64.9602 3.78299 3.2534 115.968 736.123
209.256 65.0304 3.76897 3.31065 95.6102 635.462
210.931 64.5928 3.7911 3.36981 80.5953 728.237
216.031 60.2361 3.7156 3.3569 63.0657 1259.01
191.145 52.9721 3.75874 3.47109 35.1775 1709.96
214.53 62.9699 3.7407 3.3985 79.9247 980.646
219.747 60.0959 3.74237 3.27341 35.057 1403.49
220.599 59.667 3.753 3.27671 49.6846 1470.83
214.475 65.5174 3.74902 3.20793 113.499 812.225
207.811 62.8962 3.71168 3.35676 106.576 757.791
217.533 61.1871 3.73696 3.28864 75.0189 1232.04
211.667 60.8584 3.72244 3.3395 59.3854 1060.35
215.323 60.3863 3.71771 3.3018 36.0259 1221.66
210.261 61.0889 3.71975 3.28599 53.2642 996.469
215.154 63.7399 3.82704 3.31841 49.713 948.486
218.652 60.2994 3.74893 3.26668 42.6289 1346.38
211.14 63.4056 3.74179 3.42071 85.9774 823.908
219.217 60.1294 3.74197 3.2708 32.462 1381.24
211.668 61.807 3.70586 3.37588 96.3383 975.401
212.671 61.832 3.71377 3.33434 83.9534 1006.53
216.01 63.9761 3.8146 3.30226 85.2964 965.975
214.792 60.5341 3.7208 3.33414 45.0316 1190.71
208.468 61.98 3.74152 3.38222 92.1914 861.112
209.777 60.5117 3.70966 3.213 47.9321 1037.14
189.752 57.1766 3.76626 3.54262 111.051 1267.43
217.161 60.1791 3.7086 3.29237 41.5117 1303.27
216.221 60.072 3.70505 3.35165 54.2075 1279.91
210.547 60.1043 3.70988 3.29599 50.782 1097.89
218.856 60.4399 3.7457 3.26567 59.9615 1342.06
217.171 60.7541 3.74147 3.24428 48.4419 1254.71
192.073 65.5598 3.77668 3.47721 327.057 354.825
209.711 63.4502 3.73503 3.37783 85.8578 770.865
193.495 53.8452 3.73532 3.4781 102.656 1594.52
216.546 61.2275 3.73851 3.2642 63.3193 1192.81
212.058 62.8349 3.73583 3.33487 50.8271 901.822
211.771 63.0624 3.75569 3.38793 44.8001 873.445
212.26 62.5808 3.74063 3.33042 69.1721 929.604
211.152 62.8331 3.75956 3.3313 68.8767 870.676
217.147 60.448 3.72689 3.25876 31.03 1279.74
211.908 64.4716 3.78245 3.32272 107.1 773.58
218.249 60.3583 3.73424 3.26873 35.3704 1326.81
213.052 64.4091 3.80809 3.28688 81.8856 821.7
197.939 55.703 3.78139 3.50645 98.4819 1377.11
200.447 56.2848 3.73439 3.44205 40.3611 1322.76
223.768 57.9616 3.74022 3.30978 21.978 1733.96
229.75 56.9811 3.74557 3.42637 32.9118 2046.29
212.138 64.8735 3.79037 3.26354 87.626 756.03
210.428 68.6408 3.71321 3.08776 215.819 552.115
226.879 56.1146 3.73205 3.33244 19.6586 2012.2
228.385 55.3279 3.73618 3.41709 21.9105 2138.93
209.931 62.7622 3.08684 2.45442 89.5333 835.922
211.063 63.7323 3.73534 3.48025 100.784 795.785
211.14 63.4057 3.74178 3.4207 85.9774 823.906
218.547 60.1369 3.81323 3.74361 55.7831 1356.28
217.507 60.403 3.75194 3.27922 38.6091 1296.37
218.338 61.0595 3.73918 3.30272 94.1656 1272.08
216.296 60.3923 3.71641 3.30435 43.3184 1254.61
215.271 60.5805 3.71645 3.31973 55.7872 1202.91
216.679 60.2805 3.69616 3.32103 50.2222 1277.62
218.244 60.7315 3.74423 3.24625 81.4149 1295.5
217.659 60.602 3.75705 3.24566 55.1311 1285.03
216.749 60.4427 3.71239 3.30388 41.2265 1266.12
217.639 60.9231 3.73971 3.27188 74.4922 1257.59
217.277 60.2474 3.71286 3.3045 39.0406 1301.47
218.995 60.8241 3.74353 3.31023 88.9021 1315.59
216.976 61.3836 3.74666 3.28584 63.2553 1195.65
216.031 60.2361 3.7156 3.3569 63.0657 1259.01
217.533 61.187 3.73701 3.28869 75.0189 1232.05
218.652 60.2994 3.74893 3.26668 42.6289 1346.38
219.217 60.1294 3.74197 3.2708 32.462 1381.24
216.221 60.072 3.70505 3.35165 54.2075 1279.91
218.856 60.4399 3.7457 3.26567 59.9615 1342.06
216.546 61.2275 3.73851 3.2642 63.3193 1192.81
