# evlo=193.495499 evla=53.8452
194.627 64.5646 3.73374 3.39589 81.1706 1195.81
217.908 60.4896 3.73492 3.31866 100.255 1638.79
217.654 61.036 3.74283 3.32665 78.6577 1643.42
217.507 60.403 3.73553 3.32059 80.4304 1614.88
218.338 61.0595 3.73447 3.31612 99.5716 1679.41
216.3 60.3932 3.737 3.33845 77.0324 1550.92
216.716 60.1205 3.73428 3.32265 100.309 1564.05
215.395 60.9677 3.74252 3.36109 106.117 1525.9
209.094 59.7511 3.73636 3.35585 142.526 1153.46
209.259 59.7417 3.73595 3.35756 141.989 1161.19
210.701 64.1732 3.77266 3.51148 89.9475 1506.96
208.846 60.7683 3.73561 3.38297 143.675 1199.24
207.916 63.4188 3.7704 3.5394 145.309 1349.54
212.195 64.6453 3.77544 3.49101 105.973 1595.86
204.378 55.8218 3.75866 3.3359 122.34 732.163
200.411 54.831 3.76358 3.30424 198.087 462.755
207.685 63.8827 3.77794 3.5532 144.655 1379.18
208.763 59.5251 3.73528 3.34769 154.162 1125.23
209.796 67.2269 3.76936 3.42149 60.3079 1726.76
216.907 60.7523 3.73966 3.35621 80.6148 1595.03
218.66 60.9649 3.73414 3.31669 109.549 1692.99
209.738 62.4058 3.73161 3.37322 129.765 1343.78
217.513 60.0823 3.73738 3.30763 99.324 1605.6
212.624 63.0753 3.73243 3.40562 184.52 1507.04
214.225 61.1292 3.73514 3.33984 118.203 1474.57
215.93 63.6482 3.73128 3.35063 117.42 1681.13
214.25 60.5487 3.75166 3.35381 174.432 1450.68
213.401 60.7277 3.74384 3.34711 122.959 1415.59
209.784 61.1426 3.72866 3.37388 152.446 1264.54
188.296 63.7758 3.73789 3.4669 75.133 1145.33
203.121 64.7461 3.77763 3.49509 104.889 1329.01
211.074 61.771 3.72679 3.36205 152.308 1360.23
216.188 61.4417 3.7373 3.33109 151.767 1585.05
212.904 60.8792 3.74249 3.33788 121.825 1398.01
215.271 60.5805 3.75009 3.36868 86.7116 1504.24
216.679 60.2805 3.73323 3.323 126.5 1567.16
218.244 60.7315 3.72947 3.29974 76.1568 1663.94
213.052 64.4091 3.75937 3.43627 128.076 1611.39
213.497 60.396 3.7532 3.35829 116.501 1405.88
215.738 60.3351 3.73717 3.33626 128.672 1519.43
208.348 59.6572 3.73827 3.3609 155.385 1111.6
217.659 60.6024 3.73801 3.32455 112.138 1629.2
215.581 59.9268 3.73441 3.34311 82.2728 1497.24
216.749 60.4427 3.73197 3.32777 127.343 1576.18
217.639 60.9231 3.74486 3.33442 104.625 1638.78
214.077 61.4924 3.72803 3.32895 128.431 1484.41
211.542 61.4131 3.72738 3.34468 168.705 1360.73
197.4 66.8951 3.74622 3.4829 57.4459 1469.13
209.077 63.5527 3.76309 3.48845 115.347 1401.35
217.277 60.2474 3.72478 3.29469 43.0182 1597.86
218.995 60.824 3.73172 3.31333 91.7248 1706.11
216.976 61.3836 3.74038 3.343 100.283 1621.93
211.063 63.7318 3.75389 3.43133 158.258 1488.42
218.049 60.1785 3.74006 3.33067 141.849 1637.18
209.256 65.0304 3.77455 3.53462 90.879 1524.55
216.031 60.2361 3.73517 3.33878 101.428 1531.43
214.53 62.9699 3.72571 3.37297 184.308 1582.48
214.475 65.5174 3.77245 3.44797 82.8422 1740.41
207.811 62.8962 3.75692 3.52647 146.281 1304.78
217.533 61.1871 3.73949 3.33971 98.9633 1642.62
211.667 60.8584 3.73997 3.34951 106.722 1336.79
215.323 60.3863 3.74147 3.36253 62.2155 1499.61
210.261 61.0889 3.72747 3.35099 151.866 1283.18
197.092 68.0541 3.73532 3.4781 102.656 1594.52
215.154 63.7399 3.7319 3.34474 148.019 1653.39
218.652 60.2994 3.7329 3.32274 70.3526 1672.87
211.14 63.4056 3.74473 3.39505 111.735 1468.58
211.668 61.807 3.72543 3.35204 162.6 1388.96
212.671 61.832 3.72572 3.35472 140.338 1435.92
216.01 63.9761 3.73352 3.3665 125.074 1703.02
214.792 60.5341 3.75653 3.34916 65.8497 1477.81
205.816 56.5593 3.75241 3.30493 122.123 839.189
208.468 61.98 3.73359 3.40151 140.641 1262.52
209.777 60.5117 3.73619 3.35926 184.111 1227.69
189.752 57.1766 3.71623 3.39673 98.1567 439.727
209.253 61.4636 3.7275 3.38753 169.569 1260.91
217.161 60.1791 3.73643 3.32467 145.219 1589.62
216.221 60.072 3.73177 3.31761 136.301 1536.11
210.547 60.1043 3.74279 3.34539 160.431 1243.75
218.856 60.4399 3.7378 3.32819 116.07 1687.63
192.073 65.5598 3.79126 3.56592 84.6977 1307.44
209.711 63.4502 3.75843 3.43967 150.752 1416.98
216.546 61.2275 3.74535 3.3555 129.793 1594.22
211.449 62.8295 3.73543 3.40061 130.822 1442.45
212.26 62.5808 3.72763 3.38039 155.976 1461.06
211.152 62.8331 3.73616 3.39591 131.262 1430.44
217.147 60.448 3.73662 3.33074 120.197 1597.3
211.908 64.4716 3.76967 3.48636 118.8 1572.88
218.249 60.3583 3.73267 3.31343 96.9613 1652.97
213.052 64.4091 3.75937 3.43627 128.076 1611.39
228.385 55.3279 3.89292 3.77263 118.383 2237.92
227.653 56.4191 3.87809 3.72406 112.564 2174.45
209.931 62.7622 3.63954 3.25385 122.954 1376.15
211.063 63.7323 3.75403 3.43145 158.258 1488.47
211.14 63.4057 3.74474 3.39506 111.735 1468.58
218.547 60.1369 3.83915 3.72307 86.824 1662.83
217.908 60.4896 3.73492 3.31866 100.255 1638.79
217.507 60.403 3.73553 3.32059 80.4304 1614.88
218.338 61.0595 3.73448 3.31613 99.5716 1679.41
216.296 60.3923 3.7365 3.338 77.0324 1550.71
216.716 60.1205 3.73428 3.32265 100.309 1564.05
215.271 60.5805 3.75009 3.36868 86.7116 1504.24
216.679 60.2805 3.73323 3.323 126.5 1567.16
218.244 60.7315 3.72947 3.29974 76.1568 1663.94
217.659 60.602 3.73792 3.32447 112.138 1629.16
216.749 60.4427 3.73197 3.32777 127.343 1576.18
217.639 60.9231 3.74484 3.3344 104.625 1638.77
217.277 60.2474 3.72478 3.29469 43.0182 1597.86
218.995 60.8241 3.73173 3.31333 91.7248 1706.12
216.976 61.3836 3.74038 3.343 100.283 1621.93
218.049 60.1785 3.74006 3.33067 141.849 1637.18
216.031 60.2361 3.73517 3.33878 101.428 1531.43
217.533 61.187 3.7395 3.33972 98.9633 1642.63
218.652 60.2994 3.7329 3.32274 70.3526 1672.87
216.221 60.072 3.73177 3.31761 136.301 1536.11
218.856 60.4399 3.7378 3.32819 116.07 1687.63
216.546 61.2275 3.74535 3.3555 129.793 1594.22
