# evlo=211.152405 evla=62.833099
225.449 60.24 3.69658 3.2491 89.5654 811.421
194.627 64.5646 3.77627 3.29033 100.086 837.18
217.908 60.4896 3.788 3.08778 70.6391 442.72
217.654 61.036 3.74226 3.12792 182.139 395.539
217.507 60.403 3.78825 3.12059 66.4016 432.097
218.338 61.0595 3.72807 3.12312 190.703 425.494
220.363 59.9534 3.73492 3.06081 74.0199 586.741
216.3 60.3932 3.7018 3.37151 107.731 385.171
225.144 58.5792 3.69921 3.17199 66.637 896.321
216.716 60.1205 3.66813 3.36787 70.6336 423.147
209.094 59.7511 3.65859 3.02744 231.746 360.691
209.259 59.7417 3.66838 3.0428 215.352 359.101
204.378 55.8218 3.70461 3.21046 117.996 870.004
208.763 59.5251 3.6638 3.03551 278.14 390.329
209.796 67.2269 3.80122 3.18385 76.555 493.997
216.907 60.7523 3.79966 3.07025 113.988 381.796
218.66 60.9649 3.72342 3.13296 177.004 445.856
217.513 60.0823 3.682 3.30952 61.1733 456.808
196.582 54.8564 3.7418 3.39227 89.101 1218.1
214.766 66.5657 3.75382 3.36055 154.001 450.251
188.296 63.7758 3.78628 3.41179 63.783 1144.69
203.121 64.7461 3.80701 3.28028 94.4425 449.28
216.679 60.2805 3.71763 3.26157 66.1891 408.67
218.244 60.7315 3.7381 3.13498 98.7824 441.129
215.738 60.3351 3.63977 3.38738 121.567 369.687
208.348 59.6572 3.66286 3.06231 248.472 384.501
217.659 60.6024 3.79392 3.09281 118.998 424.189
225.615 58.2758 3.70064 3.20079 59.5537 938.865
215.581 59.9268 3.65604 3.24833 93.0423 400.987
216.749 60.4427 3.74974 3.11685 58.1342 398.508
217.639 60.9231 3.75203 3.18816 144.987 401.935
197.4 66.8951 3.72842 3.56523 58.927 791.214
217.277 60.2474 3.72162 3.18806 42.6411 434.56
218.995 60.824 3.7411 3.11823 155.783 469.578
216.976 61.3836 3.74863 3.19213 172.393 344.136
218.049 60.1785 3.72416 3.10987 45.3501 471.144
216.031 60.2361 3.6693 3.48032 149.7 388.509
191.145 52.9721 3.74968 3.43919 108.17 1604.15
219.747 60.0959 3.75558 3.10156 86.3314 549.805
220.599 59.667 3.72562 3.05974 58.9114 616.803
214.475 65.5174 3.75886 3.44271 243.845 339.977
217.533 61.1871 3.72587 3.12542 199.987 381.009
215.323 60.3863 3.61047 3.38869 79.6368 351.033
197.092 68.0541 3.75956 3.3313 68.8767 870.676
218.652 60.2994 3.76509 3.08454 69.9608 487.954
219.217 60.1294 3.77886 3.04079 62.4033 524.254
205.816 56.5593 3.71026 3.19762 158.551 760.193
189.752 57.1766 3.76608 3.42124 84.9149 1341.16
217.161 60.1791 3.68882 3.20463 90.4103 435.376
216.221 60.072 3.6825 3.56356 141.316 409.341
218.856 60.4399 3.7666 3.07061 98.8808 487.321
217.171 60.7541 3.79908 3.09762 125.24 392.782
192.073 65.5598 3.7742 3.41332 77.4147 971.128
193.495 53.8452 3.73616 3.39591 131.262 1430.44
217.147 60.448 3.75284 3.07808 63.1631 414.018
218.249 60.3583 3.77383 3.02491 64.1809 466.502
227.653 56.4191 3.71726 3.40916 54.6707 1168.04
218.547 60.1369 3.98243 4.88934 114.818 494.989
217.908 60.4896 3.788 3.08778 70.6391 442.72
217.507 60.403 3.78825 3.12059 66.4016 432.097
218.338 61.0595 3.72812 3.12316 190.703 425.499
216.296 60.3923 3.70128 3.37103 107.731 385.117
216.716 60.1205 3.66813 3.36787 70.6336 423.147
216.679 60.2805 3.71763 3.26157 66.1891 408.67
218.244 60.7315 3.7381 3.13498 98.7824 441.129
217.659 60.602 3.79398 3.09286 118.998 424.197
216.749 60.4427 3.74974 3.11685 58.1342 398.508
217.639 60.9231 3.75195 3.18809 144.987 401.927
217.277 60.2474 3.72162 3.18806 42.6411 434.56
218.995 60.8241 3.74105 3.11819 155.783 469.572
216.976 61.3836 3.74863 3.19213 172.393 344.136
218.049 60.1785 3.72416 3.10987 45.3501 471.144
216.031 60.2361 3.6693 3.48032 149.7 388.509
217.533 61.187 3.72601 3.12554 199.987 381.024
218.652 60.2994 3.76509 3.08454 69.9608 487.954
219.217 60.1294 3.77886 3.04079 62.4033 524.254
216.221 60.072 3.6825 3.56356 141.316 409.341
218.856 60.4399 3.7666 3.07061 98.8808 487.321
