# evlo=205.387207 evla=69.621101
194.627 64.5646 3.72606 3.23509 108.125 730.451
216.3 60.3932 3.71245 3.30578 39.4722 1146.4
216.716 60.1205 3.72182 3.26813 39.9574 1183.16
213.401 60.7277 3.7229 3.30298 57.9364 1058.21
216.679 60.2805 3.71517 3.18051 25.3882 1165.86
218.244 60.7315 3.70834 3.27535 30.8066 1154.64
213.052 64.4091 3.72956 3.33132 49.5637 669.318
211.063 63.7318 3.76064 3.26635 45.8139 702.323
218.652 60.2994 3.70349 3.3049 24.304 1207.75
211.14 63.4056 3.76921 3.23329 57.0273 738.092
218.856 60.4399 3.71635 3.24365 31.0054 1198.45
234.753 71.9871 3.76992 3.2213 113.45 1097.78
194.656 68.2746 3.71867 3.1943 195.593 455.101
196.822 68.4753 3.71163 3.15446 279.793 364.662
215.088 69.9175 3.77159 3.38803 216.909 375.579
216.289 69.626 3.76175 3.35229 254.356 423.225
235.93 69.3475 3.78147 3.22021 87.9685 1183.04
196.917 67.6988 3.7419 3.12083 173.105 404.95
219.035 69.243 3.75166 3.25074 253.386 535.858
221.263 69.3286 3.75173 3.21687 198.195 620.581
198.174 67.082 3.75003 3.08032 171.019 409.979
199.397 67.4213 3.74409 3.04198 241.74 346.363
214.432 68.1207 3.77161 3.11232 77.3907 400.141
218.405 68.1861 3.75073 3.23976 112.017 545.851
220.465 68.6043 3.75429 3.2479 146.117 609.151
222.103 68.3889 3.7671 3.26248 173.992 680.342
223.281 66.3701 3.79319 3.31763 65.5873 827.588
193.671 65.4742 3.7583 3.2672 166.592 678.731
195.352 65.7077 3.73935 3.21343 156.873 608.329
198.75 66.442 3.72805 3.23728 114.448 449.574
200.349 66.6001 3.76044 3.11931 104.963 396.604
202.227 66.8332 3.70529 3.18045 166.517 337.267
212.113 67.5187 3.74606 3.1499 86.4271 360.573
214.357 67.5933 3.81351 3.06425 60.9017 429.031
215.855 67.6946 3.75691 3.07779 79.9099 475.679
220.128 67.6136 3.76108 3.28824 93.6176 638.519
224.214 67.6106 3.77935 3.25731 143.64 794.874
226.258 67.441 3.78609 3.2637 115.057 881.864
195.961 64.9941 3.72242 3.1633 93.6226 655.089
197.645 65.3936 3.72181 3.27667 127.379 574.952
199.349 65.5011 3.73114 3.22896 121.845 526.091
201.346 65.895 3.75408 3.25127 152.963 449.071
202.913 66.1434 3.72627 3.08669 131.438 401.501
206.494 66.5156 3.71178 3.07197 123.92 349.424
209.976 66.7108 3.77739 3.11912 78.595 376.172
212.525 66.7004 3.76587 3.30185 98.4634 439.909
213.899 66.7653 3.76117 3.06177 53.8705 474.721
216.215 66.9498 3.74456 3.12066 37.3551 536.268
218.345 66.8088 3.74092 3.13039 52.5399 620.034
221.978 66.9116 3.77926 3.26896 68.6655 746.435
223.778 66.9808 3.78873 3.31 84.228 810.398
225.729 66.9227 3.78672 3.27488 74.3144 887.951
197.761 64.6379 3.75311 3.49661 189.204 645.727
200.087 64.937 3.74914 3.17595 109.836 569.704
201.637 65.1527 3.7015 3.1935 198.427 523.469
203.551 65.5276 3.74446 3.17353 132.596 463.145
205.119 65.4924 3.71852 3.17034 116.156 460.611
207.195 65.6571 3.69802 3.18905 110.246 448.675
208.623 65.8937 3.74125 3.17984 118.622 437.484
210.457 65.8251 3.75543 3.11935 60.1079 474.271
212.122 65.8371 3.70059 3.27593 66.1366 508.597
214.181 66.267 3.81973 3.2166 44.5586 524.3
218.473 66.2305 3.71896 3.17262 49.6959 664.563
221.631 66.2191 3.75095 3.224 56.621 776.779
225.657 65.8052 3.79669 3.3184 55.2311 951.837
213.052 64.4091 3.72956 3.33132 49.5637 669.318
199.305 63.8864 3.73832 3.20288 86.1911 692.612
205.522 64.7962 3.71624 3.27615 63.2254 538.124
208.018 65.18 3.7251 3.17124 64.8858 507.88
210.64 65.1479 3.78625 3.22104 60.2331 547.015
216.846 65.3064 3.76813 3.25562 42.3533 684.962
218.385 65.6035 3.75919 3.363 58.1247 709.053
220.064 65.4483 3.7551 3.24879 56.2433 776.913
221.694 65.3609 3.7365 3.23995 50.4352 839.363
223.623 65.2225 3.75902 3.25015 70.7414 917.476
196.446 62.7492 3.75999 3.4355 93.7639 863.797
199.398 63.2842 3.73765 3.26057 83.9288 754.602
200.922 63.3965 3.76583 3.31984 106.002 721.539
203.285 63.465 3.74082 3.24391 78.7441 692.721
204.379 63.994 3.75264 3.22784 87.0326 629.069
205.853 64.1767 3.72352 3.35032 92.8388 607.497
214.63 64.613 3.74627 3.25696 66.6098 686.159
216.436 64.5012 3.73874 3.33281 57.7903 744.184
221.784 64.453 3.8429 3.07853 24.7592 912.764
221.784 64.4525 3.74965 3.26433 41.7077 912.785
223.67 64.5753 3.76628 3.25432 52.546 967.335
198.469 62.2938 3.72616 3.33436 107.608 874.226
201.699 62.7161 3.75702 3.29387 104.228 787.386
205.93 63.3569 3.75028 3.38009 78.7283 698.956
217.924 64.0292 3.7425 3.37607 41.9039 828.882
222.48 63.8433 3.77238 3.35626 40.9657 985.654
197.317 61.3416 3.73699 3.40213 113.447 993.994
198.513 61.678 3.75497 3.2812 90.0934 939.092
200.525 61.7105 3.77753 3.32343 87.0099 909.253
201.703 62.1344 3.75734 3.34811 111.632 851.174
203.311 62.2195 3.75592 3.27513 79.2297 830.594
205.146 62.1816 3.74551 3.38636 66.0652 829.613
206.12 62.4787 3.75384 3.36914 56.4734 797.107
216.652 63.0254 3.76533 3.30897 46.3656 889.166
218.173 63.0618 3.75405 3.40657 70.5628 925.17
196.65 60.4135 3.74388 3.48693 135.133 1103.55
198.04 60.7515 3.75295 3.33998 87.5045 1045.33
199.312 60.6947 3.76443 3.30136 97.7529 1034
201.041 61.0224 3.77982 3.35393 101.108 979.283
202.562 61.4009 3.73858 3.30609 70.6021 925.57
204.176 61.4907 3.74164 3.35761 131.581 908.217
205.609 61.9037 3.73773 3.37915 64.5307 860.57
206.868 61.8823 3.72646 3.24695 90.4208 865.5
212.274 61.7929 3.74253 3.23505 43.6975 927.016
213.825 62.1067 3.72789 3.40352 106.722 920.21
218.122 62.3579 3.7399 3.25939 50.4785 991.046
221.538 62.4435 3.75356 3.38971 48.2832 1078.26
225.609 62.2024 3.78484 3.35748 23.9441 1227.58
198.315 59.9237 3.77239 3.28226 61.7817 1130.5
199.908 60.1686 3.78211 3.3531 82.147 1084.28
201.231 60.4742 3.76162 3.34636 78.0686 1037.83
202.813 60.5269 3.73684 3.34178 66.2648 1020.91
204.11 60.6801 3.7511 3.39044 77.1666 998.606
207.791 61.2001 3.72098 3.34241 113.762 945.353
222.911 61.4593 3.75437 3.39237 49.41 1209.49
198.736 59.2533 3.79163 3.32133 61.6082 1197.71
200.175 59.1767 3.77769 3.31776 83.804 1190.13
201.907 59.5938 3.75305 3.3728 88.7105 1129.78
202.905 59.7733 3.73977 3.3981 76.5351 1104.03
204.792 59.8542 3.77312 3.48141 44.496 1089.24
207.376 60.0815 3.71399 3.30361 69.2611 1067.59
210.276 60.4814 3.74855 3.21601 34.579 1043.86
223.909 60.7704 3.76605 3.37667 44.0398 1303.19
202.009 59.0314 3.74854 3.37548 60.4841 1191.34
203.561 59.1953 3.75083 3.45306 70.1174 1165.49
204.771 59.3922 3.77583 3.47209 46.0365 1140.72
206.768 59.6524 3.70762 3.2882 79.6169 1113.25
222.262 59.6304 3.75184 3.34365 55.1878 1365.53
223.04 60.1218 3.74716 3.42512 47.9065 1339.36
212.566 65.1171 3.69071 3.30914 70.2455 588.586
203.344 58.6774 3.74763 3.42721 59.5523 1223.85
204.113 58.2637 3.75977 3.4734 48.3322 1267.53
206.355 58.9287 3.72025 3.27426 47.3712 1192.87
207.606 58.6097 3.71781 3.35072 91.1443 1232.07
213.66 59.4296 3.73024 3.30679 33.3273 1201.05
202.426 57.5673 3.76099 3.43617 69.8706 1351.25
203.613 57.6397 3.77827 3.54127 30.4044 1338.31
229.033 59.3946 3.76457 3.4201 51.5369 1589.64
197.939 55.703 3.93387 3.72143 40.7565 1594.7
200.447 56.2848 3.76858 3.36046 50.7582 1506.24
229.75 56.9811 3.70734 3.41499 28.5139 1839.13
228.385 55.3279 3.78742 3.42865 23.191 1960.16
218.842 64.7774 3.76871 3.3718 38.1366 791.003
209.931 62.7622 3.59571 2.46045 50.0896 791.234
211.063 63.7323 3.76041 3.26614 45.8139 702.28
211.14 63.4057 3.76918 3.23327 57.0273 738.087
210.84 64.6544 3.7274 3.23025 32.532 601.739
210.867 64.709 3.72905 3.26344 40.0968 596.501
210.819 64.8857 3.7643 3.16761 43.8876 577.297
210.174 64.8537 3.76895 3.25923 41.8531 570.068
210.917 64.5498 3.75985 3.23597 50.4142 613.943
210.782 64.5716 3.73709 3.22738 33.3965 609.42
210.901 64.613 3.74936 3.23073 36.8012 607.075
216.296 60.3923 3.71253 3.30585 39.4722 1146.42
216.716 60.1205 3.72182 3.26813 39.9574 1183.16
216.679 60.2805 3.71517 3.18051 25.3882 1165.86
218.244 60.7315 3.70834 3.27535 30.8066 1154.64
218.652 60.2994 3.70349 3.3049 24.304 1207.75
218.856 60.4399 3.71635 3.24365 31.0054 1198.45
