# evlo=201.636703 evla=65.152702
194.627 64.5646 3.74494 3.63085 250.875 338.659
217.908 60.4896 3.72092 3.31502 28.9291 974.67
217.654 61.036 3.71843 3.30444 30.509 926.342
220.363 59.9534 3.70198 3.25808 44.6928 1117.92
216.3 60.3932 3.74065 3.34185 37.2639 914.16
225.144 58.5792 3.72845 3.34417 33.1417 1425.25
216.716 60.1205 3.73925 3.28204 27.1865 951.63
215.395 60.9677 3.7567 3.38635 57.1672 834.911
209.013 64.0997 3.87229 3.48582 133.445 371.583
209.094 59.7511 3.70755 3.38438 75.7969 713.526
209.259 59.7417 3.70994 3.40991 125.183 719.011
210.701 64.1732 3.84565 3.45551 71.6231 446.116
208.846 60.7683 3.7241 3.43917 43.2459 609.654
207.916 63.4188 3.76452 3.15049 88.8749 360.091
212.195 64.6453 3.7755 3.56388 146.603 502.549
204.378 55.8218 3.73694 3.35311 41.3608 1050.26
200.411 54.831 3.77799 3.46805 49.432 1151.93
209.796 67.2269 3.78712 3.33741 179.09 433.918
216.907 60.7523 3.74658 3.38756 42.8807 913.665
218.66 60.9649 3.68726 3.29354 47.9422 974.944
209.738 62.4058 3.73264 3.35388 72.1676 502.741
217.513 60.0823 3.74919 3.34317 24.6123 987.401
212.624 63.0753 3.78409 3.21676 54.6067 582.398
214.225 61.1292 3.74652 3.37721 65.3649 775.064
215.93 63.6482 3.84176 3.46679 43.641 707.81
214.25 60.5487 3.73588 3.31134 58.3006 819.727
196.582 54.8564 3.7642 3.39213 41.5732 1180.35
213.401 60.7277 3.73065 3.32377 69.8001 772.589
209.784 61.1426 3.72057 3.33288 46.495 606.133
214.766 66.5657 3.78551 3.55564 165.539 618.478
188.296 63.7758 3.76194 3.64559 131.691 658.65
211.074 61.771 3.71815 3.35729 49.0727 601.965
216.188 61.4417 3.70737 3.31182 71.0516 836.117
212.904 60.8792 3.71239 3.33818 77.8475 741.479
215.271 60.5805 3.74983 3.29881 48.3219 858.144
216.679 60.2805 3.75061 3.27903 31.5523 938.157
218.244 60.7315 3.71216 3.31525 57.0038 972.373
213.052 64.4091 3.79472 3.58018 128.313 548.432
217.659 60.6024 3.7237 3.33316 37.6548 956.136
216.749 60.4427 3.75681 3.32521 34.0005 929.137
217.639 60.9231 3.70487 3.29151 46.47 933.27
218.995 60.824 3.68786 3.31065 66.83 998.901
216.976 61.3836 3.70449 3.25724 54.6339 874.111
211.063 63.7318 3.84084 3.32831 85.5122 480.224
218.049 60.1785 3.73976 3.26783 30.4929 1002.85
216.031 60.2361 3.75171 3.31616 29.9547 914.948
217.533 61.1871 3.69736 3.28241 45.8329 911.134
218.652 60.2994 3.72477 3.25851 20.3606 1019.84
211.14 63.4056 3.80932 3.23394 65.6255 499.242
219.217 60.1294 3.7083 3.23257 47.2468 1056.07
216.221 60.072 3.72798 3.29931 32.9252 935.16
218.856 60.4399 3.71064 3.283 38.4995 1018.78
216.546 61.2275 3.71542 3.33185 53.0114 865.691
212.138 64.8736 3.7583 3.53698 152.281 495.581
198.929 70.2043 3.71952 3.25545 76.6335 574.848
203.383 71.3221 3.71386 3.15475 108.176 691.834
205.026 71.0033 3.75903 3.24901 122.385 667.41
234.753 71.9871 3.72927 3.16459 79.8845 1522.71
198.198 69.3641 3.73839 3.19388 68.6993 492.371
202.84 70.0079 3.71945 3.13982 107.82 543.889
205.387 69.6211 3.7015 3.1935 198.427 523.469
206.58 70.34 3.7347 3.26482 118.768 614.667
194.656 68.2746 3.70222 3.19598 85.2456 464.33
196.822 68.4753 3.77119 3.33188 94.8137 426.416
198.806 68.6483 3.77678 3.35585 97.7799 408.968
200.413 69.1049 3.70719 3.23112 111.285 443.928
205.217 69.1565 3.71129 3.21601 181.182 472.518
209.387 69.836 3.73583 3.33279 130.97 617.45
211.299 69.72 3.7452 3.35895 146.925 654.808
215.088 69.9175 3.73445 3.17143 108.582 779.011
216.289 69.626 3.73755 3.24091 77.9749 799.3
235.93 69.3475 3.81224 3.41902 66.9396 1529.04
196.917 67.6988 3.75186 3.51445 83.0482 353.374
201.885 68.4946 3.74071 3.36541 150.571 372.844
203.387 68.7132 3.71962 3.24283 173.635 404.339
207.318 68.8799 3.7488 3.2841 170.605 483.405
209.319 68.9656 3.72247 3.34518 160.24 540.09
211.177 69.1532 3.75307 3.2985 143.787 607.016
213.625 69.322 3.74376 3.19842 104.004 693.817
219.035 69.243 3.75754 3.24036 139.704 875.623
221.263 69.3286 3.76385 3.26646 123.753 961.1
203.811 68.2575 3.72281 3.2662 137.051 359.249
206.028 68.4414 3.74357 3.37154 154.278 414.266
208.187 68.1343 3.79157 3.36429 92.3152 440.671
210.384 68.0584 3.7832 3.34339 133.498 504.505
211.513 68.0748 3.76177 3.25747 133.609 544.614
214.432 68.1207 3.75578 3.34959 162.245 654.266
218.405 68.1861 3.75681 3.41182 131.483 811.499
220.465 68.6043 3.76785 3.40122 98.0087 905.912
222.103 68.3889 3.77542 3.45351 139.636 965.044
223.281 66.3701 3.80268 3.49479 187.529 996.013
193.671 65.4742 3.80482 3.50683 178.227 372.84
207.821 67.5076 3.76159 3.3848 199.746 381.49
212.113 67.5187 3.75982 3.38638 159.366 537.512
214.357 67.5933 3.75941 3.38069 207.535 629.308
215.855 67.6946 3.74724 3.43188 153.537 693.191
220.128 67.6136 3.77595 3.51076 154.485 867.465
224.214 67.6106 3.77761 3.47809 128.854 1039.76
226.258 67.441 3.8038 3.50822 146.585 1125.86
208.493 66.9214 3.79984 3.33 218.772 367.832
209.976 66.7108 3.77151 3.44188 235.74 417.099
212.525 66.7004 3.77649 3.4579 201.745 524.146
213.899 66.7653 3.7747 3.53737 168.062 584.794
216.215 66.9498 3.79009 3.5618 178.131 688.484
218.345 66.8088 3.79092 3.55784 150.099 778.753
221.978 66.9116 3.79657 3.52948 110.993 938.505
223.778 66.9808 3.80793 3.52798 132.999 1017.43
225.729 66.9227 3.80961 3.50759 122.939 1102.68
210.457 65.8251 3.74397 3.59095 210.21 414.932
212.122 65.8371 3.75669 3.60594 244.204 490.837
214.181 66.267 3.78354 3.53922 152.986 588.221
218.473 66.2305 3.77371 3.51262 238.627 780.506
221.631 66.2191 3.80031 3.48322 199.2 922.603
225.657 65.8052 3.80629 3.48819 145.608 1108.4
214.843 62.3987 3.73918 3.23006 64.1264 718.302
213.052 64.4091 3.79472 3.58018 128.313 548.432
210.64 65.1479 3.76331 3.52488 198.589 421.975
216.846 65.3064 3.77717 3.54043 162.975 709.82
218.385 65.6035 3.77777 3.50266 211.625 778.212
220.064 65.4483 3.77748 3.49621 152.323 857.122
221.694 65.3609 3.77414 3.48493 164.65 933.437
223.623 65.2225 3.78835 3.49007 156.431 1024.77
196.446 62.7492 3.84309 3.42204 188.333 369.272
214.63 64.613 3.79833 3.6234 142.218 617.486
216.436 64.5012 3.77894 3.55766 139.064 704.794
221.784 64.453 3.79429 3.5532 62.1117 956.525
221.784 64.4525 3.79661 3.53723 99.3316 956.511
223.67 64.5753 3.79159 3.49295 166.457 1041.34
195.344 61.9331 3.78143 3.40068 146.294 475.706
198.469 62.2938 3.80408 3.53861 216.074 354.951
214.222 63.8036 3.83354 3.50567 117.753 622.51
217.924 64.0292 3.80374 3.52355 82.9141 787.799
222.48 63.8433 3.79722 3.51801 93.7395 1007.52
197.317 61.3416 3.76803 3.46293 182.54 476.784
198.513 61.678 3.78212 3.40283 136.507 417.443
200.525 61.7105 3.76926 3.50941 158.281 387.672
201.703 62.1344 3.81413 3.55943 134.875 336.471
203.311 62.2195 3.79325 3.39666 94.314 337.277
205.146 62.1816 3.77697 3.41184 108.363 373.87
206.12 62.4787 3.73882 3.27159 87.2352 370.783
216.652 63.0254 3.80171 3.45318 49.7789 767.67
218.173 63.0618 3.81949 3.49735 69.9225 836.284
193.799 60.3849 3.78136 3.48707 128.298 664.302
196.65 60.4135 3.76409 3.54838 145.888 585.945
198.04 60.7515 3.78501 3.39796 133.134 523.222
199.312 60.6947 3.76755 3.47548 189.499 510.65
201.041 61.0224 3.79964 3.4978 252.796 461.353
202.562 61.4009 3.79908 3.46291 111.473 420.759
204.176 61.4907 3.73337 3.39293 80.5782 427.478
205.609 61.9037 3.8148 3.47197 78.9563 412.391
209.88 61.7531 3.73069 3.23893 70.494 558.399
212.274 61.7929 3.74201 3.51198 72.1059 647.886
213.825 62.1067 3.74026 3.3967 78.064 691.518
217.004 62.4013 3.76422 3.24219 52.6617 815.029
218.122 62.3579 3.80233 3.31655 40.3094 868.189
221.538 62.4435 3.79575 3.50508 56.1267 1021.28
223.206 62.5763 3.79737 3.53522 77.6999 1092.72
225.609 62.2024 3.80321 3.57057 72.9073 1222.88
198.315 59.9237 3.78391 3.48605 149.189 607.149
199.908 60.1686 3.78662 3.51938 155.28 562.477
201.231 60.4742 3.77989 3.40815 112.466 521.865
202.813 60.5269 3.7627 3.46921 76.6546 519.036
204.11 60.6801 3.74533 3.4163 99.2729 514.021
205.516 60.8132 3.79603 3.55185 133.911 521.918
207.791 61.2001 3.7024 3.37577 123.286 538.175
215.402 61.6061 3.72411 3.36143 51.3122 791.499
222.911 61.4593 3.81169 3.4727 34.4805 1136.65
224.22 61.4862 3.80214 3.43 35.8158 1195.54
226.918 61.1512 3.7984 3.49526 58.6326 1339.33
198.736 59.2533 3.80286 3.5194 152.184 674.409
200.175 59.1767 3.78779 3.44333 115.684 670.305
201.907 59.5938 3.77782 3.54172 89.0048 619.702
202.905 59.7733 3.76639 3.49521 122.263 603.08
204.792 59.8542 3.75354 3.4482 104.021 612.321
210.276 60.4814 3.71063 3.27496 36.1102 680.815
219.809 60.7718 3.69734 3.28263 64.3149 1038.17
221.424 60.3024 3.70192 3.30821 68.4742 1140.59
190.452 56.6011 3.77146 3.56407 61.0382 1126.43
202.009 59.0314 3.7637 3.52092 58.5048 682.472
203.561 59.1953 3.75505 3.43114 55.4247 671.383
204.771 59.3922 3.74646 3.45295 93.4091 662.109
212.597 59.9979 3.71631 3.37991 56.4961 802.607
222.262 59.6304 3.72267 3.27212 61.3773 1223.43
223.04 60.1218 3.71187 3.28094 56.6143 1224.58
227.183 60.2114 3.8362 3.51886 33.1875 1407.24
212.566 65.1171 3.74824 3.52871 184 512.392
203.344 58.6774 3.75948 3.48964 57.6795 727.119
204.113 58.2637 3.74501 3.3752 71.0039 778.658
204.991 58.6484 3.73656 3.46394 76.9261 745.742
213.66 59.4296 3.72263 3.36778 56.2234 889.512
202.426 57.5673 3.77836 3.58564 54.6707 846.31
224.26 58.4133 3.71894 3.26853 33.6942 1398.69
225.482 58.2747 3.74152 3.29407 41.881 1462.41
197.939 55.703 3.80858 3.37215 52.5489 1071.93
200.447 56.2848 3.77637 3.47619 98.1953 990.178
223.768 57.9616 3.7291 3.27798 60.8369 1411.59
225.424 57.4688 3.74498 3.30313 30.8918 1520.79
228.869 57.9128 3.73264 3.37286 37.0113 1639.56
227.048 56.8144 3.74798 3.37923 22.8035 1642.02
229.75 56.9811 3.72899 3.35335 40.8373 1748.15
212.138 64.8735 3.75462 3.56214 120.487 495.573
210.428 68.6408 3.76755 3.29829 148.633 546.405
226.879 56.1146 3.74107 3.3701 26.6959 1690.56
229.974 55.9154 3.74465 3.44356 16.394 1840.65
228.385 55.3279 3.75101 3.43738 32.9139 1819.13
227.653 56.4191 3.74303 3.39436 40.0879 1699.45
209.931 62.7622 2.77296 2.08825 69.939 485.459
211.063 63.7323 3.84086 3.32832 85.5122 480.226
211.14 63.4057 3.80932 3.23394 65.6255 499.242
218.547 60.1369 3.93648 3.94963 48.2555 1026.92
217.908 60.4896 3.72092 3.31502 28.9291 974.67
216.296 60.3923 3.74035 3.34158 37.2639 914.087
216.716 60.1205 3.73925 3.28204 27.1865 951.63
215.271 60.5805 3.74983 3.29881 48.3219 858.144
216.679 60.2805 3.75061 3.27903 31.5523 938.157
218.244 60.7315 3.71216 3.31525 57.0038 972.373
217.659 60.602 3.72373 3.33319 37.6548 956.144
216.749 60.4427 3.75681 3.32521 34.0005 929.137
217.639 60.9231 3.70484 3.29148 46.47 933.262
218.995 60.8241 3.68783 3.31063 66.83 998.895
216.976 61.3836 3.70449 3.25724 54.6339 874.111
218.049 60.1785 3.73976 3.26783 30.4929 1002.85
216.031 60.2361 3.75171 3.31616 29.9547 914.948
217.533 61.187 3.69742 3.28246 45.8329 911.149
218.652 60.2994 3.72477 3.25851 20.3606 1019.84
219.217 60.1294 3.7083 3.23257 47.2468 1056.07
216.221 60.072 3.72798 3.29931 32.9252 935.16
218.856 60.4399 3.71064 3.283 38.4995 1018.78
216.546 61.2275 3.71542 3.33185 53.0114 865.691
