# evlo=207.195007 evla=65.657097
194.627 64.5646 3.74949 3.57642 277.012 601.802
217.908 60.4896 3.70538 3.3667 125.503 788.549
217.654 61.036 3.69085 3.32262 97.3561 732.833
217.507 60.403 3.7176 3.33014 61.0919 782.595
218.338 61.0595 3.70274 3.35061 92.8632 755.468
220.363 59.9534 3.69979 3.34477 90.5539 921.498
216.3 60.3932 3.72561 3.34364 103.753 744.641
225.144 58.5792 3.72496 3.50738 35.6544 1217.07
216.716 60.1205 3.72049 3.36634 63.1929 782.72
215.395 60.9677 3.71299 3.33753 93.4145 663.893
209.094 59.7511 3.67546 3.25613 78.8464 665.319
209.259 59.7417 3.6892 3.25729 94.6529 667.626
208.846 60.7683 3.67462 3.20044 86.5935 551.172
204.378 55.8218 3.76156 3.42308 56.1788 1106.33
200.411 54.831 3.78693 3.44489 62.3003 1261.62
208.763 59.5251 3.67906 3.23658 109.321 688.114
216.907 60.7523 3.71115 3.35285 80.9495 731.716
218.66 60.9649 3.69429 3.31212 71.7428 775.02
209.738 62.4058 3.77135 3.31257 136.803 383.082
217.513 60.0823 3.71708 3.34006 70.8775 811.535
212.624 63.0753 3.70554 3.50211 101.039 389.067
214.225 61.1292 3.72915 3.29606 93.2528 614.235
215.93 63.6482 3.90575 3.42483 152.57 473.161
214.25 60.5487 3.7242 3.29389 117.395 670.765
196.582 54.8564 3.79531 3.52995 61.2486 1334.97
213.401 60.7277 3.73186 3.40056 110.184 631.394
209.784 61.1426 3.73596 3.35158 91.8356 519.474
214.766 66.5657 3.78627 3.4947 246.775 356.675
188.296 63.7758 3.76765 3.63701 239.437 921.258
211.074 61.771 3.7627 3.37543 75.8082 473.522
216.188 61.4417 3.68012 3.35351 109.075 647.444
212.904 60.8792 3.71814 3.28958 101.899 604.258
215.271 60.5805 3.72466 3.29783 96.3512 696.202
216.679 60.2805 3.72264 3.35945 80.5342 766.837
218.244 60.7315 3.68834 3.34197 81.0977 779.464
217.659 60.6024 3.7089 3.35718 112.685 770.2
216.749 60.4427 3.71971 3.36124 92.9288 754.267
217.639 60.9231 3.69358 3.3419 122.701 741.89
217.277 60.2474 3.70707 3.29921 35.2065 788.945
218.995 60.824 3.69395 3.30759 78.8821 798.899
216.976 61.3836 3.68887 3.32461 161.57 679.696
218.049 60.1785 3.71107 3.33255 100.086 820.674
217.533 61.1871 3.69302 3.30847 111.65 715.865
218.652 60.2994 3.71059 3.32015 62.8238 830.784
219.217 60.1294 3.70533 3.33624 75.0161 865.296
218.856 60.4399 3.70268 3.28661 90.878 825.931
216.546 61.2275 3.68629 3.34076 144.908 678.047
198.929 70.2043 3.72659 3.19574 83.6575 613.235
203.383 71.3221 3.71411 3.15311 101.41 650.556
205.026 71.0033 3.73477 3.2609 76.9822 602.885
198.198 69.3641 3.72017 3.39935 92.7794 563.309
202.84 70.0079 3.71646 3.18076 92.2215 518.464
205.387 69.6211 3.69802 3.18905 110.246 448.675
206.58 70.34 3.70417 3.31398 95.8027 522.934
194.656 68.2746 3.77148 3.22084 92.4458 619.076
196.822 68.4753 3.75556 3.1817 86.4466 548.8
198.806 68.6483 3.73104 3.28326 71.1057 492.729
200.413 69.1049 3.6968 3.25297 84.1692 481.777
205.217 69.1565 3.69182 3.22687 106.052 399.344
209.387 69.836 3.74845 3.20109 123.821 475.132
211.299 69.72 3.72085 3.21657 187.799 485.121
215.088 69.9175 3.72584 3.20931 163.774 579.34
216.289 69.626 3.725 3.32964 187.844 586.256
235.93 69.3475 3.84453 3.44952 85.9574 1280.54
196.917 67.6988 3.79664 3.28595 68.2113 507.293
201.885 68.4946 3.70817 3.33724 100.136 391.444
203.387 68.7132 3.75561 3.29875 111.754 378.439
207.318 68.8799 3.74304 3.2842 130.603 359.463
209.319 68.9656 3.73005 3.26188 205.234 380.097
211.177 69.1532 3.72034 3.14068 172.686 425.467
213.625 69.322 3.71038 3.24257 229.465 491.988
219.035 69.243 3.75303 3.3046 131.667 643.874
221.263 69.3286 3.7658 3.41963 124.565 724.775
198.174 67.082 3.85322 3.4277 106.251 433.33
199.397 67.4213 3.81085 3.22081 108.343 398.113
214.432 68.1207 3.77797 3.47627 275.998 419.121
218.405 68.1861 3.77567 3.44496 192.519 564.667
220.465 68.6043 3.78903 3.45555 133.994 661.013
222.103 68.3889 3.81741 3.41264 123.369 715.169
223.281 66.3701 3.80463 3.46131 210.195 732.237
193.671 65.4742 3.76412 3.55514 120.389 623.598
195.352 65.7077 3.75862 3.53407 156.454 543.645
198.75 66.442 3.84302 3.40782 119.375 392.259
214.357 67.5933 3.81292 3.40913 236.23 383.364
215.855 67.6946 3.77811 3.39002 247.489 444.55
220.128 67.6136 3.79705 3.49883 133.013 611.346
224.214 67.6106 3.78005 3.46538 139.398 781.521
226.258 67.441 3.80849 3.48935 198.042 866.186
195.961 64.9941 3.73857 3.54891 210.609 527.956
197.645 65.3936 3.73785 3.49473 235.862 442.193
199.349 65.5011 3.74375 3.5235 238.16 362.307
216.215 66.9498 3.81284 3.54437 237.427 429.13
218.345 66.8088 3.79695 3.49744 227.199 517.046
221.978 66.9116 3.79883 3.52889 170.657 676.58
223.778 66.9808 3.81931 3.50835 209.049 755.654
225.729 66.9227 3.81571 3.51854 105.494 840.586
197.761 64.6379 3.7606 3.58717 221.811 456.47
200.087 64.937 3.72051 3.64356 274.258 340.957
218.473 66.2305 3.7595 3.49188 257.454 516.471
221.631 66.2191 3.79614 3.47814 221.988 658.552
225.657 65.8052 3.8146 3.45214 192.543 844.205
214.843 62.3987 3.73368 3.44895 93.5264 520.611
199.305 63.8864 3.78542 3.4734 217.528 423.726
216.846 65.3064 3.77649 3.56006 271.187 448.331
218.385 65.6035 3.76775 3.5398 318.466 514.764
220.064 65.4483 3.78211 3.50628 195.053 593.967
221.694 65.3609 3.78279 3.48651 324.747 670.261
223.623 65.2225 3.80491 3.4662 145.645 761.602
196.446 62.7492 3.8023 3.49241 181.928 613.406
199.398 63.2842 3.83889 3.4672 239.425 458.495
200.922 63.3965 3.88532 3.56939 136.294 392.379
214.63 64.613 3.85538 3.49354 214.494 367.635
216.436 64.5012 3.81679 3.48121 183.888 452.903
221.784 64.453 3.78732 3.48926 132.003 698.151
221.784 64.4525 3.78698 3.47223 97.6219 698.141
223.67 64.5753 3.78294 3.47315 157.875 780.825
195.344 61.9331 3.79526 3.44033 112.079 714.793
198.469 62.2938 3.81234 3.46073 193.732 567.624
201.699 62.7161 3.79618 3.61288 194.175 422.616
214.222 63.8036 3.92433 3.38965 139.455 393.129
217.924 64.0292 3.82049 3.46757 136.177 539.694
222.48 63.8433 3.80967 3.46858 171.432 753.245
197.317 61.3416 3.79913 3.56442 181.166 686.634
198.513 61.678 3.81905 3.53627 190.9 616.648
200.525 61.7105 3.80213 3.65465 193.15 549.365
201.703 62.1344 3.80454 3.54925 168.954 476.042
203.311 62.2195 3.78934 3.47382 203.097 427.741
205.146 62.1816 3.79254 3.41288 227.812 400.22
206.12 62.4787 3.81349 3.5681 162.565 358.172
216.652 63.0254 3.85593 3.39236 79.4213 542.331
218.173 63.0618 3.87468 3.41844 100.519 602.903
221.871 63.109 3.81896 3.51405 118.322 760.895
193.799 60.3849 3.78863 3.49173 118.98 894.27
198.04 60.7515 3.81161 3.48643 127.292 713.574
199.312 60.6947 3.8079 3.67805 158.16 679.825
201.041 61.0224 3.78162 3.52 205.379 600.959
202.562 61.4009 3.78766 3.44071 142.787 527.134
204.176 61.4907 3.77468 3.51468 150.333 487.909
205.609 61.9037 3.79734 3.50867 183.437 425.622
206.868 61.8823 3.76958 3.50063 165.468 421.097
209.88 61.7531 3.74439 3.41362 119.102 454.879
212.274 61.7929 3.74888 3.30994 88.822 498.171
213.825 62.1067 3.69431 3.38247 164.123 512.08
217.004 62.4013 3.78271 3.40344 100.988 600.26
218.122 62.3579 3.79858 3.32064 81.05 647.47
221.538 62.4435 3.82497 3.47292 48.9931 784.397
223.206 62.5763 3.82251 3.55719 116.459 849.384
225.609 62.2024 3.82826 3.55194 118.666 977.389
198.315 59.9237 3.8303 3.61577 151.275 781.867
199.908 60.1686 3.79076 3.54255 144.659 714.104
201.231 60.4742 3.77679 3.45839 153.17 651.006
202.813 60.5269 3.78544 3.52203 147.443 612.813
204.11 60.6801 3.79313 3.54259 163.753 575.94
205.516 60.8132 3.79371 3.48127 208.687 546.429
207.791 61.2001 3.73631 3.32245 107.279 497.698
215.402 61.6061 3.68601 3.36167 123.925 606.881
222.911 61.4593 3.78281 3.33859 45.281 906.928
224.22 61.4862 3.79408 3.4141 84.1575 960.833
226.918 61.1512 3.83196 3.4737 54.09 1099.78
198.736 59.2533 3.79957 3.56143 105.175 835.075
200.175 59.1767 3.75809 3.50938 126.005 807.119
201.907 59.5938 3.77154 3.51903 176.601 727.641
202.905 59.7733 3.78636 3.5463 255.334 691.152
204.792 59.8542 3.77644 3.48848 147.135 658.204
205.68 60.1952 3.78033 3.45411 84.8052 613.583
207.376 60.0815 3.75678 3.37269 79.6092 621.518
210.276 60.4814 3.71946 3.34288 73.8374 597.371
219.809 60.7718 3.7196 3.33742 52.0706 833.499
221.424 60.3024 3.74895 3.40875 40.5937 932.728
223.909 60.7704 3.78766 3.32315 46.0762 997.06
190.452 56.6011 3.77996 3.49216 62.2174 1345.19
202.009 59.0314 3.78801 3.53748 125.93 785.15
203.561 59.1953 3.77507 3.48347 121.221 743.947
204.771 59.3922 3.77952 3.47887 116.721 709.182
206.768 59.6524 3.77558 3.42143 125.968 669.611
212.597 59.9979 3.76779 3.23452 79.0372 687.655
222.262 59.6304 3.71919 3.41005 34.3378 1019.28
223.04 60.1218 3.77843 3.5783 40.3927 1010.27
226.285 59.5898 3.77987 3.42982 49.6042 1182.96
203.344 58.6774 3.7783 3.51064 140.51 802.961
204.113 58.2637 3.7667 3.47374 92.1537 839.409
204.991 58.6484 3.76511 3.45612 106.32 789.381
206.355 58.9287 3.77147 3.4952 99.9224 751.125
207.606 58.6097 3.69806 3.19789 72.7732 785.699
213.66 59.4296 3.74267 3.46347 92.386 768.782
227.731 58.9601 3.79529 3.4568 41.7199 1291.05
202.426 57.5673 3.75426 3.52046 97.3494 935.702
203.613 57.6397 3.77946 3.45042 100.493 913.03
205.548 57.5665 3.74774 3.41489 69.0023 905.75
224.26 58.4133 3.7438 3.49986 45.7375 1196.87
225.482 58.2747 3.72464 3.50591 30.2961 1255.5
229.033 59.3946 3.79848 3.40034 43.1669 1313.18
197.939 55.703 3.78399 3.59398 126.809 1216.06
200.447 56.2848 3.77037 3.41123 50.5484 1104.93
223.768 57.9616 3.73926 3.416 56.3997 1217.28
225.424 57.4688 3.73854 3.45886 54.969 1321.81
228.869 57.9128 3.75716 3.47551 35.1753 1420.58
210.428 68.6408 3.73647 3.2892 246.147 360.944
226.879 56.1146 3.76889 3.45763 62.4134 1495.44
228.385 55.3279 3.76501 3.45203 56.6654 1622.19
227.653 56.4191 3.74266 3.42551 48.0502 1497.86
209.931 62.7622 2.54358 1.87932 109.357 348.927
218.547 60.1369 3.84233 3.989 95.7773 841.265
217.908 60.4896 3.70538 3.3667 125.503 788.549
217.507 60.403 3.7176 3.33014 61.0919 782.595
218.338 61.0595 3.70275 3.35062 92.8632 755.472
216.296 60.3923 3.7255 3.34354 103.753 744.618
216.716 60.1205 3.72049 3.36634 63.1929 782.72
215.271 60.5805 3.72466 3.29783 96.3512 696.202
216.679 60.2805 3.72264 3.35945 80.5342 766.837
218.244 60.7315 3.68834 3.34197 81.0977 779.464
217.659 60.602 3.70898 3.35726 112.685 770.219
216.749 60.4427 3.71971 3.36124 92.9288 754.267
217.639 60.9231 3.69355 3.34186 122.701 741.883
217.277 60.2474 3.70707 3.29921 35.2065 788.945
218.995 60.8241 3.69392 3.30756 78.8821 798.89
216.976 61.3836 3.68887 3.32461 161.57 679.696
218.049 60.1785 3.71107 3.33255 100.086 820.674
217.533 61.187 3.6931 3.30854 111.65 715.881
218.652 60.2994 3.71059 3.32015 62.8238 830.784
219.217 60.1294 3.70533 3.33624 75.0161 865.296
218.856 60.4399 3.70268 3.28661 90.878 825.931
216.546 61.2275 3.68629 3.34076 144.908 678.047
209.518 60.7352 3.66805 3.26569 30.2991 560.837
209.518 60.7351 3.66814 3.26578 30.2991 560.852
