# evlo=221.537598 evla=62.443501
194.627 64.5646 3.78932 3.48603 83.1546 1350.06
216.3 60.3932 3.64282 3.34011 150.472 360.954
225.144 58.5792 3.75026 3.46191 98.5503 473.788
216.716 60.1205 3.64867 3.25472 195.27 365.702
215.395 60.9677 3.70599 3.12836 217.778 364.017
209.013 64.0997 3.76209 3.44897 176.285 654.081
209.094 59.7511 3.70137 3.28288 110.197 733.708
209.259 59.7417 3.70108 3.29945 138.381 726.162
210.701 64.1732 3.77109 3.45734 104.243 575.661
208.846 60.7683 3.67112 3.12242 148.623 697.689
207.916 63.4188 3.74287 3.47508 152.975 698.998
212.195 64.6453 3.84466 3.53326 132.655 524.741
204.378 55.8218 3.74287 3.37919 57.3622 1222.29
200.411 54.831 3.72296 3.28277 60.2147 1480.58
207.685 63.8827 3.76101 3.46944 188.435 714.69
208.763 59.5251 3.70493 3.28997 111.986 762.482
209.796 67.2269 3.77908 3.45122 51.6327 769.084
209.738 62.4058 3.67743 3.39766 279.896 608.849
217.513 60.0823 3.64962 3.20921 208.51 340.273
212.624 63.0753 3.69983 3.50241 225.289 460.411
214.225 61.1292 3.70478 3.12404 158.175 412.427
214.25 60.5487 3.68763 3.16433 151.089 441.514
196.582 54.8564 3.7105 3.24146 57.5132 1661.75
213.401 60.7277 3.69029 3.11226 128.772 472.098
209.784 61.1426 3.68363 3.19027 161.622 635.814
214.766 66.5657 3.73309 3.46684 54.9385 562.417
188.296 63.7758 3.79819 3.5424 52.7589 1665.48
203.121 64.7461 3.78406 3.49377 133.465 945.72
211.074 61.771 3.68039 3.28971 172.058 550.838
212.904 60.8792 3.69213 3.12923 146.968 489.024
215.271 60.5805 3.69115 3.20396 186.251 392.684
216.679 60.2805 3.65676 3.287 181.584 354.288
213.052 64.4091 3.82818 3.43282 101.848 476.498
213.497 60.396 3.67399 3.1593 137.454 485.729
215.738 60.3351 3.68274 3.28408 161.682 388.716
208.348 59.6572 3.69605 3.18414 93.0682 775.406
225.615 58.2758 3.76362 3.43909 90.9808 515.783
215.581 59.9268 3.65148 3.25968 161.476 425.508
216.749 60.4427 3.65236 3.308 242.605 338.94
214.077 61.4924 3.69458 3.24986 278.727 405.16
211.542 61.4131 3.68702 3.22012 236.589 536.833
209.077 63.5527 3.75137 3.48036 191.441 642.367
211.063 63.7318 3.74643 3.48831 158.356 547.635
216.031 60.2361 3.66914 3.28765 189.097 383.7
211.14 63.4056 3.73992 3.48616 274.59 538.381
216.221 60.072 3.64862 3.27033 181.71 388.688
207.417 57.7828 3.71398 3.28519 115.669 938.353
212.138 64.8736 3.87831 3.50287 104.348 537.84
198.929 70.2043 3.74438 3.3406 34.2041 1318.75
203.383 71.3221 3.75392 3.33232 56.8489 1259.77
205.026 71.0033 3.75876 3.33342 39.8005 1192.36
234.753 71.9871 3.89605 3.49949 76.5473 1201.84
198.198 69.3641 3.7826 3.36792 24.2146 1300.8
202.84 70.0079 3.75167 3.34235 52.3396 1182.12
205.387 69.6211 3.75356 3.38971 48.2832 1078.26
206.58 70.34 3.75019 3.35066 48.4038 1099.36
194.656 68.2746 3.80446 3.38884 26.1024 1394.22
205.217 69.1565 3.75664 3.39402 25.8281 1051.11
209.387 69.836 3.74158 3.35769 51.1365 986.293
211.299 69.72 3.73842 3.35593 53.6781 931.614
215.088 69.9175 3.75229 3.3167 65.5029 881.531
216.289 69.626 3.7625 3.38512 82.13 834.775
235.93 69.3475 3.86287 3.48918 157.205 1006.46
203.387 68.7132 3.78321 3.37167 42.3017 1083.87
207.318 68.8799 3.74263 3.40287 47.3491 966.511
209.319 68.9656 3.73582 3.3905 62.3774 915.123
211.177 69.1532 3.73735 3.3536 67.0481 883.158
213.625 69.322 3.74037 3.34959 97.1549 846.085
219.035 69.243 3.7939 3.39072 47.0012 766.582
221.263 69.3286 3.78901 3.39047 60.6134 767.822
206.028 68.4414 3.77304 3.39306 46.1214 977.308
210.384 68.0584 3.72772 3.4858 60.7908 812.177
211.513 68.0748 3.71204 3.48583 64.9303 781.286
214.432 68.1207 3.75181 3.38119 96.7421 713.579
218.405 68.1861 3.7549 3.43651 80.5506 656.515
222.103 68.3889 3.82282 3.34278 64.1541 663.414
223.281 66.3701 3.8813 3.41137 104.106 445.704
193.671 65.4742 3.753 3.46425 54.7799 1394.07
195.352 65.7077 3.74071 3.48104 55.4331 1317.72
198.75 66.442 3.79114 3.54433 64.4372 1176.08
200.349 66.6001 3.80334 3.71497 54.4908 1110.81
206.517 67.2221 3.82599 3.356 68.0337 886.328
207.821 67.5076 3.78172 3.36789 67.5834 855.919
212.113 67.5187 3.73149 3.50895 61.7238 718.235
215.855 67.6946 3.76741 3.38307 90.2737 643.024
220.128 67.6136 3.77725 3.53175 105.729 580.203
224.214 67.6106 3.87317 3.44942 48.5524 589.599
226.258 67.441 3.86722 3.40772 175.264 599.802
195.961 64.9941 3.79963 3.43522 37.7664 1286.03
197.645 65.3936 3.78673 3.3667 37.0292 1209.45
199.349 65.5011 3.76235 3.40011 38.4628 1132.11
201.346 65.895 3.75902 3.43044 61.1297 1048.98
202.913 66.1434 3.76181 3.47352 58.1472 986.702
206.494 66.5156 3.83894 3.52789 77.9601 850.838
208.493 66.9214 3.84208 3.38802 70.7282 795.47
209.976 66.7108 3.82479 3.43346 75.5653 728.288
212.525 66.7004 3.75733 3.43631 56.3566 640.548
213.899 66.7653 3.71581 3.5766 47.7992 603.996
216.215 66.9498 3.76307 3.56096 75.6157 562.464
218.345 66.8088 3.7619 3.38813 87.7892 509.905
221.978 66.9116 3.80011 3.35897 58.2323 498.576
223.778 66.9808 3.87055 3.34483 97.7647 516.93
225.729 66.9227 3.8313 3.35565 131.729 537.679
197.761 64.6379 3.7799 3.50399 65.3979 1199.93
200.087 64.937 3.79437 3.49122 84.8585 1091.1
201.637 65.1527 3.79575 3.50508 56.1267 1021.28
203.551 65.5276 3.78626 3.44093 40.1023 941.258
207.195 65.6571 3.82497 3.47292 48.9931 784.397
208.623 65.8937 3.83413 3.47225 66.1893 734.506
210.457 65.8251 3.8256 3.41531 80.7037 656.797
212.122 65.8371 3.83206 3.45601 114.899 593.328
214.181 66.267 3.77083 3.35599 28.1586 554.245
218.473 66.2305 3.745 3.40254 136.256 447.284
221.631 66.2191 3.79599 3.29803 56.8079 420.936
225.657 65.8052 3.76571 3.43143 120.988 424.91
214.843 62.3987 3.66466 3.46068 303.968 345.805
213.052 64.4091 3.82818 3.43282 101.848 476.498
199.305 63.8864 3.76566 3.46314 103.163 1125.79
205.522 64.7962 3.7869 3.49705 60.1893 833.819
208.018 65.18 3.81437 3.49158 60.7619 730.629
210.64 65.1479 3.86597 3.52452 97.5814 614.81
216.846 65.3064 3.79206 3.36532 66.6267 393.515
218.385 65.6035 3.73156 3.42679 96.5956 384.405
220.064 65.4483 3.70049 3.46699 92.851 342.638
196.446 62.7492 3.73303 3.47315 111.82 1281.28
199.398 63.2842 3.74634 3.48058 92.79 1125.32
200.922 63.3965 3.74487 3.47041 86.2828 1048.25
203.285 63.465 3.74891 3.46278 137.151 930.109
204.379 63.994 3.76696 3.47145 104.958 877.266
205.853 64.1767 3.77535 3.47319 125.033 807.431
214.63 64.613 3.85619 3.48809 108.604 419.875
216.436 64.5012 3.86172 3.35399 120.895 342.283
195.344 61.9331 3.73082 3.4536 91.5217 1355.82
198.469 62.2938 3.73126 3.45656 159.944 1187.88
201.699 62.7161 3.73114 3.46882 126.327 1016.14
205.93 63.3569 3.74328 3.49026 135.763 798.05
214.222 63.8036 3.78602 3.54041 185.012 398.785
197.317 61.3416 3.72862 3.40361 144.733 1271.9
198.513 61.678 3.72685 3.41557 153.023 1200.64
200.525 61.7105 3.71726 3.406 202.121 1096.38
201.703 62.1344 3.71632 3.42119 190.158 1025.98
203.311 62.2195 3.71513 3.40637 151.791 941.824
205.146 62.1816 3.69508 3.36239 228.342 848.313
206.12 62.4787 3.69178 3.37385 184.829 793.73
193.799 60.3849 3.7271 3.41566 122.794 1487.02
196.65 60.4135 3.72373 3.39986 138.584 1338.83
198.04 60.7515 3.72461 3.38009 124.805 1254.41
199.312 60.6947 3.71662 3.37256 162.757 1190.82
201.041 61.0224 3.71041 3.36182 182.412 1090.15
202.562 61.4009 3.70649 3.34874 173.677 999.861
204.176 61.4907 3.70208 3.33756 126.317 914.058
205.609 61.9037 3.6911 3.34826 176.933 829.958
206.868 61.8823 3.68828 3.36314 257.984 765.433
209.88 61.7531 3.68433 3.33061 226.555 612.88
212.274 61.7929 3.66596 3.27737 276.703 488.494
213.825 62.1067 3.6605 3.3339 317.704 401.991
198.315 59.9237 3.70917 3.33471 115.351 1272.94
199.908 60.1686 3.70199 3.30819 128.341 1180.45
201.231 60.4742 3.70057 3.29411 169.24 1099.99
202.813 60.5269 3.69908 3.29005 140.335 1016.38
204.11 60.6801 3.6922 3.26212 161.618 943.758
205.516 60.8132 3.68692 3.23266 189.741 866.493
207.791 61.2001 3.68654 3.22093 225.457 736.141
198.736 59.2533 3.70296 3.2865 134.877 1281.92
200.175 59.1767 3.70052 3.2819 127.588 1211.89
201.907 59.5938 3.70077 3.2568 162.318 1103.08
202.905 59.7733 3.69351 3.23083 202.718 1043.63
204.792 59.8542 3.68759 3.20384 140.572 943.707
205.68 60.1952 3.68169 3.18997 125.709 882.992
207.376 60.0815 3.67775 3.13349 160.813 802.243
210.276 60.4814 3.68108 3.16554 138.662 638.025
190.452 56.6011 3.72322 3.36198 67.0201 1854.06
202.009 59.0314 3.69632 3.24526 145.706 1125.87
203.561 59.1953 3.69676 3.21952 109.979 1038.84
204.771 59.3922 3.69231 3.2222 158.532 967.62
206.768 59.6524 3.68297 3.15995 122.65 854.033
212.597 59.9979 3.66943 3.25945 176.291 551.64
226.285 59.5898 3.80298 3.06903 17.4261 408.485
227.183 60.2114 3.89347 3.45508 167.729 391.231
212.566 65.1171 3.88623 3.47201 107.069 532.692
203.344 58.6774 3.69376 3.25403 101.806 1077.93
204.113 58.2637 3.69336 3.25479 92.2609 1064.19
204.991 58.6484 3.69603 3.2362 130.512 997.917
206.355 58.9287 3.67495 3.26141 130.906 914.454
207.606 58.6097 3.70302 3.33139 117.367 873.644
213.66 59.4296 3.67791 3.29872 196.895 542.69
202.426 57.5673 3.70208 3.29214 91.2228 1190.51
203.613 57.6397 3.70824 3.2328 60.8774 1128
205.548 57.5665 3.69629 3.21849 70.6939 1040.39
224.26 58.4133 3.73621 3.28764 70.7764 473.313
225.482 58.2747 3.76372 3.4206 68.907 512.745
229.033 59.3946 3.88936 3.40339 93.577 529.265
197.939 55.703 3.69332 3.27955 58.0491 1535.22
200.447 56.2848 3.69971 3.27415 53.4834 1372.59
223.768 57.9616 3.72715 3.38212 99.4305 514.367
225.424 57.4688 3.74838 3.39799 83.5518 594.992
228.869 57.9128 3.75287 3.52147 57.821 647.547
227.048 56.8144 3.78365 3.43667 48.755 699.366
229.75 56.9811 3.72182 3.50939 60.0778 762.985
212.138 64.8735 3.8875 3.50831 85.6446 537.843
210.428 68.6408 3.72782 3.46079 82.412 858.176
226.879 56.1146 3.73093 3.46295 66.0323 767.369
229.974 55.9154 3.77702 3.47026 59.4763 871.115
228.385 55.3279 3.7505 3.54547 48.3884 884.408
227.653 56.4191 3.79265 3.4758 65.4109 754.814
209.931 62.7622 3.72713 3.94383 126.97 596.367
211.063 63.7323 3.74632 3.48821 158.356 547.62
211.14 63.4057 3.7399 3.48614 274.59 538.378
216.296 60.3923 3.64491 3.34203 150.472 361.161
216.716 60.1205 3.64867 3.25472 195.27 365.702
215.271 60.5805 3.69115 3.20396 186.251 392.684
216.679 60.2805 3.65676 3.287 181.584 354.288
216.749 60.4427 3.65236 3.308 242.605 338.94
216.031 60.2361 3.66914 3.28765 189.097 383.7
216.221 60.072 3.64862 3.27033 181.71 388.688
209.518 60.7352 3.67421 3.11184 104.733 664.944
209.518 60.7351 3.67412 3.11177 104.733 664.928
