# evlo=222.911499 evla=61.459301
194.627 64.5646 3.81161 3.49639 61.0097 1460.5
216.3 60.3932 3.69306 3.13811 208.564 377.55
225.144 58.5792 3.76588 3.48372 95.1722 344.138
216.716 60.1205 3.69673 3.12745 202.778 368.755
215.395 60.9677 3.65982 3.24689 229.671 407.435
209.013 64.0997 3.79512 3.46537 136.587 766.217
209.094 59.7511 3.72038 3.21126 133.242 778.835
209.259 59.7417 3.72131 3.21609 140.212 770.492
210.701 64.1732 3.80674 3.43212 88.4372 690.733
208.846 60.7683 3.66779 3.1791 135.575 760.715
207.916 63.4188 3.73142 3.37633 125.838 802.523
212.195 64.6453 3.86235 3.40731 66.4589 646.78
207.685 63.8827 3.77869 3.45939 147.374 823.293
208.763 59.5251 3.72184 3.2094 148.198 805.24
209.796 67.2269 3.74054 3.57622 66.6528 899.473
209.738 62.4058 3.66106 3.30668 147.757 698.551
212.624 63.0753 3.71048 3.43038 152.948 563.118
214.225 61.1292 3.6536 3.25595 340.766 466.747
215.93 63.6482 3.85694 3.50684 122.071 433.806
214.25 60.5487 3.68778 3.20484 183.012 479.067
196.582 54.8564 3.73274 3.32704 43.9689 1699.94
213.401 60.7277 3.68158 3.25098 147.788 519.013
209.784 61.1426 3.65471 3.21378 242.396 703.279
214.766 66.5657 3.75895 3.57924 56.0226 693.628
188.296 63.7758 3.79514 3.50636 46.9249 1772.99
203.121 64.7461 3.81032 3.47874 96.872 1059.02
211.074 61.771 3.63094 3.26644 199.224 628.161
216.188 61.4417 3.61636 3.27799 311.509 358.491
212.904 60.8792 3.67734 3.26134 218.935 541.91
215.271 60.5805 3.6933 3.19204 147.383 424.336
216.679 60.2805 3.70939 3.15848 213.18 363.009
213.052 64.4091 3.8745 3.45944 90.1999 598.048
213.497 60.396 3.68508 3.20223 209.881 523.642
215.738 60.3351 3.71919 3.14765 204.911 408.814
208.348 59.6572 3.72037 3.21612 98.9666 821.818
225.615 58.2758 3.73258 3.37495 116.302 385.583
215.581 59.9268 3.68851 3.14342 222.318 435.026
216.749 60.4427 3.71128 3.21831 219.424 352.479
214.077 61.4924 3.62536 3.2228 351 470.483
211.542 61.4131 3.63832 3.24904 234.432 606.001
197.4 66.8951 3.82269 3.4339 15.7825 1367.29
209.077 63.5527 3.74848 3.4186 128.319 748.327
211.063 63.7318 3.76853 3.4127 161.803 658.058
211.768 64.9602 3.88684 3.48258 56.0093 681.562
209.256 65.0304 3.85979 3.45265 41.4265 790.919
216.031 60.2361 3.70883 3.13557 188.474 397.903
211.14 63.4056 3.74555 3.41877 159.375 644.467
216.221 60.072 3.71192 3.12953 179.254 395.848
216.546 61.2275 3.62686 3.28451 318.311 341.564
207.417 57.7828 3.71558 3.36148 156.747 962.534
212.138 64.8736 3.88126 3.44367 60.8419 661.558
198.929 70.2043 3.75857 3.40013 48.491 1449.44
203.383 71.3221 3.76429 3.35021 64.132 1390.83
205.026 71.0033 3.75988 3.33185 43.2301 1323.33
234.753 71.9871 3.88457 3.53178 49.1533 1279.51
198.198 69.3641 3.76368 3.36322 35.1327 1430.31
202.84 70.0079 3.76228 3.37884 41.4269 1313.25
205.387 69.6211 3.75437 3.39237 49.41 1209.49
206.58 70.34 3.7514 3.33507 63.3204 1230.41
196.822 68.4753 3.77006 3.27632 21.1305 1442.61
200.413 69.1049 3.74694 3.41353 26.9741 1339.12
205.217 69.1565 3.75912 3.42715 56.5041 1182.12
209.387 69.836 3.73908 3.3554 70.1368 1116.97
211.299 69.72 3.74617 3.37273 65.5871 1061.51
215.088 69.9175 3.7496 3.33257 64.1157 1007.41
216.289 69.626 3.77234 3.3563 67.5783 959.322
235.93 69.3475 3.85621 3.39993 87.2156 1062.67
201.885 68.4946 3.76765 3.41143 39.4729 1254.44
203.387 68.7132 3.76211 3.44907 29.7933 1213.93
207.318 68.8799 3.75382 3.4318 58.0273 1097.69
209.319 68.9656 3.75449 3.38094 73.9951 1046.33
211.177 69.1532 3.73096 3.35106 62.0395 1013.74
213.625 69.322 3.75579 3.36288 65.1718 974.727
219.035 69.243 3.77972 3.52369 57.7641 885.983
221.263 69.3286 3.77189 3.31743 52.6193 880.663
198.174 67.082 3.81443 3.38691 28.8005 1340.1
203.811 68.2575 3.77182 3.40081 47.6522 1172.49
206.028 68.4414 3.76853 3.4334 35.8688 1107.87
208.187 68.1343 3.74994 3.48523 58.7755 1016.59
210.384 68.0584 3.74379 3.49922 66.2776 943.419
211.513 68.0748 3.73077 3.45296 87.806 912.493
214.432 68.1207 3.73876 3.33872 54.7837 843.322
218.405 68.1861 3.76828 3.49176 84.2397 779.397
220.465 68.6043 3.77223 3.4073 58.9389 804.748
222.103 68.3889 3.78101 3.26035 55.3136 773.514
223.281 66.3701 3.79097 3.37078 107.426 547.732
193.671 65.4742 3.75757 3.51075 31.3272 1509.28
195.352 65.7077 3.76548 3.54235 36.0529 1434.3
198.75 66.442 3.79483 3.50851 46.1288 1297.14
206.517 67.2221 3.76067 3.43408 18.4913 1014.8
207.821 67.5076 3.75463 3.46915 63.7527 985.798
212.113 67.5187 3.7385 3.52812 88.1536 849.491
214.357 67.5933 3.7522 3.42321 71.2847 796.097
215.855 67.6946 3.76495 3.36096 83.8072 771.918
220.128 67.6136 3.74537 3.45478 113.274 698.815
224.214 67.6106 3.83857 3.44831 87.834 688.58
226.258 67.441 3.84604 3.45157 56.4065 685.8
195.961 64.9941 3.79984 3.49552 22.1241 1398.95
197.645 65.3936 3.76907 3.47051 45.7362 1324.88
199.349 65.5011 3.77711 3.46137 37.403 1248.64
201.346 65.895 3.76766 3.44567 43.6935 1168.56
206.494 66.5156 3.8419 3.41195 52.6775 976.92
208.493 66.9214 3.78689 3.38125 25.4989 924.43
209.976 66.7108 3.76441 3.3671 41.3654 857.75
212.525 66.7004 3.7315 3.52132 72.4657 771.486
213.899 66.7653 3.7451 3.5823 59.2651 735.251
216.215 66.9498 3.76657 3.42555 78.8153 692.257
218.345 66.8088 3.76943 3.39348 138.86 636.061
221.978 66.9116 3.79292 3.42188 55.2704 609.495
223.778 66.9808 3.79981 3.33626 93.9569 616.959
225.729 66.9227 3.81669 3.47293 86.9347 624.102
197.761 64.6379 3.81382 3.51827 46.5783 1310.92
200.087 64.937 3.81714 3.4446 44.4333 1204.49
201.637 65.1527 3.81169 3.4727 34.4805 1136.65
203.551 65.5276 3.77615 3.39162 31.9747 1060.05
205.119 65.4924 3.79248 3.34021 37.898 989.639
207.195 65.6571 3.78281 3.33859 45.281 906.928
208.623 65.8937 3.81759 3.46838 55.3105 859.743
210.457 65.8251 3.80824 3.4569 62.1741 783.678
212.122 65.8371 3.81417 3.52325 89.0434 722.084
214.18 66.267 3.72739 3.53389 25.0151 685.421
214.181 66.267 3.71199 3.5073 47.9591 685.39
218.473 66.2305 3.77438 3.47735 99.2568 574.608
221.631 66.2191 3.78525 3.39395 54.4256 534.296
225.657 65.8052 3.83205 3.34605 86.3202 503.085
214.843 62.3987 3.67958 3.42903 163.528 436.171
213.052 64.4091 3.8745 3.45944 90.1999 598.048
199.305 63.8864 3.76549 3.43805 59.6749 1231.78
205.522 64.7962 3.81079 3.46741 62.2235 949.006
208.018 65.18 3.82199 3.39644 51.8372 850.975
210.64 65.1479 3.86075 3.50042 45.7104 738.177
216.846 65.3064 3.75455 3.49279 90.4068 524.77
218.385 65.6035 3.75503 3.4858 118.106 513.621
220.064 65.4483 3.7441 3.36107 98.5171 466.661
221.694 65.3609 3.75756 3.30898 88.4972 439.117
223.623 65.2225 3.80164 3.49037 73.9657 420.977
196.446 62.7492 3.70645 3.42315 76.4291 1379.55
199.398 63.2842 3.73302 3.40603 79.6063 1226.68
200.922 63.3965 3.75271 3.40023 55.0165 1150.31
203.285 63.465 3.73712 3.42045 113.254 1032.77
204.379 63.994 3.76942 3.42783 67.0473 985.047
205.853 64.1767 3.78682 3.46625 95.0328 917.635
214.63 64.613 3.8316 3.41261 90.4719 546.277
216.436 64.5012 3.77495 3.28287 82.3518 471.541
221.784 64.453 3.67187 3.37265 69.0534 338.535
221.784 64.4525 3.67474 3.36511 51.7605 338.485
223.67 64.5753 3.81095 3.40343 74.2287 349.424
195.344 61.9331 3.70316 3.37067 91.8081 1448.8
198.469 62.2938 3.70243 3.36856 108.944 1281.56
201.699 62.7161 3.69893 3.37361 89.1394 1111.97
205.93 63.3569 3.7273 3.38536 154.102 900.069
214.222 63.8036 3.82752 3.47095 168.497 516.182
217.924 64.0292 3.86271 3.15971 85.2151 383.232
197.317 61.3416 3.69437 3.3147 177.292 1358.65
198.513 61.678 3.68776 3.31628 160.096 1289.1
200.525 61.7105 3.67967 3.27366 164.87 1183.38
201.703 62.1344 3.67204 3.28606 130.288 1116.19
203.311 62.2195 3.67119 3.28122 161.781 1031.89
205.146 62.1816 3.66243 3.27046 222.624 936.845
206.12 62.4787 3.66716 3.27742 177.25 885.454
216.652 63.0254 3.78715 3.44533 131.155 369.01
193.799 60.3849 3.7005 3.33407 148.281 1570.37
196.65 60.4135 3.69773 3.30913 180.267 1418.82
198.04 60.7515 3.69263 3.29011 164.005 1335.42
199.312 60.6947 3.69222 3.29297 168.516 1269.68
201.041 61.0224 3.68479 3.28545 150.993 1169.9
202.562 61.4009 3.67517 3.25301 193.377 1081.72
204.176 61.4907 3.67342 3.2736 158.505 995.136
205.609 61.9037 3.65703 3.26266 203.36 914.712
206.868 61.8823 3.65481 3.28343 251.592 848.832
209.88 61.7531 3.64599 3.26824 242.975 691.264
212.274 61.7929 3.6282 3.27254 227.247 564.804
213.825 62.1067 3.63062 3.30436 182.27 484.482
198.315 59.9237 3.69735 3.32245 195.362 1346.38
199.908 60.1686 3.69386 3.30797 157.532 1253.51
201.231 60.4742 3.6886 3.29083 219.159 1173.92
202.813 60.5269 3.68573 3.26165 154.517 1088.27
204.11 60.6801 3.68482 3.2573 271.145 1015.2
205.516 60.8132 3.67441 3.24033 246.242 937.133
207.791 61.2001 3.65847 3.21182 185.456 808.331
215.402 61.6061 3.62529 3.23158 282.786 399.622
198.736 59.2533 3.70444 3.29297 145.944 1348.69
200.175 59.1767 3.69935 3.262 101.926 1275.01
201.907 59.5938 3.69284 3.24601 186.188 1166.62
202.905 59.7733 3.69223 3.22951 132.737 1106.92
204.792 59.8542 3.69244 3.19486 136.507 1003.54
205.68 60.1952 3.68202 3.18752 124.995 945.074
207.376 60.0815 3.69471 3.15894 130.265 858.295
210.276 60.4814 3.69762 3.19941 132.433 691.803
190.452 56.6011 3.74477 3.33152 53.2137 1918.29
202.009 59.0314 3.70561 3.1966 109.826 1183.29
203.561 59.1953 3.70516 3.17566 134.296 1094.02
204.771 59.3922 3.70361 3.15972 114.866 1021.79
206.768 59.6524 3.70606 3.18591 101.782 905.701
212.597 59.9979 3.70133 3.21514 195.09 585.223
212.566 65.1171 3.8705 3.47845 48.7265 658.692
203.344 58.6774 3.73207 3.19638 84.1604 1127.95
204.113 58.2637 3.72763 3.26069 78.7498 1107.22
204.991 58.6484 3.73216 3.23189 71.2165 1042.41
206.355 58.9287 3.72508 3.20805 97.7523 957.694
207.606 58.6097 3.71986 3.2528 99.8434 907.712
213.66 59.4296 3.69692 3.21207 166.587 556.607
227.731 58.9601 3.97386 3.30408 101.718 385.738
202.426 57.5673 3.70651 3.30792 76.6808 1231.92
203.613 57.6397 3.69245 3.30772 47.357 1166.09
205.548 57.5665 3.71706 3.29436 82.0998 1070.28
224.26 58.4133 3.72234 3.42831 73.6313 347.615
225.482 58.2747 3.73776 3.34221 82.2542 382.834
229.033 59.3946 3.83939 3.43896 162.372 407.903
197.939 55.703 3.71953 3.3068 78.0744 1575.16
200.447 56.2848 3.73041 3.31617 91.3896 1409.07
223.768 57.9616 3.70061 3.44469 134.281 392.631
225.424 57.4688 3.76218 3.44536 84.7312 466.729
228.869 57.9128 3.78021 3.45688 32.7469 517.959
227.048 56.8144 3.78472 3.48232 54.2653 568.762
229.75 56.9811 3.73153 3.50719 50.437 632.876
212.138 64.8735 3.87379 3.43448 50.1666 661.561
210.428 68.6408 3.73756 3.37747 72.0642 989.341
226.879 56.1146 3.75315 3.45231 59.0045 637.746
229.974 55.9154 3.76666 3.5009 56.5308 740.119
228.385 55.3279 3.7692 3.47829 57.287 753.62
227.653 56.4191 3.7883 3.4685 90.9763 623.928
209.931 62.7622 3.99842 4.34064 146.963 691.799
211.063 63.7323 3.76848 3.41266 161.803 658.05
211.14 63.4057 3.74554 3.41876 159.375 644.466
216.296 60.3923 3.69513 3.13987 208.564 377.761
216.716 60.1205 3.69673 3.12745 202.778 368.755
215.271 60.5805 3.6933 3.19204 147.383 424.336
216.679 60.2805 3.70939 3.15848 213.18 363.009
216.749 60.4427 3.71128 3.21831 219.424 352.479
216.031 60.2361 3.70883 3.13557 188.474 397.903
216.221 60.072 3.71192 3.12953 179.254 395.848
216.546 61.2275 3.62686 3.28451 318.311 341.564
