# evlo=203.612793 evla=57.639702
225.449 60.24 3.78233 3.35156 40.7304 1283.74
194.627 64.5646 3.72697 3.42403 42.4179 909.307
217.908 60.4896 3.74002 3.24366 54.7272 877.212
217.654 61.036 3.72088 3.25246 50.0525 881.788
217.507 60.403 3.7498 3.21217 54.7134 853.363
218.338 61.0595 3.71264 3.25429 100.171 917.651
220.363 59.9534 3.77126 3.3638 131.748 999.085
216.3 60.3932 3.75647 3.2529 50.4989 789.131
225.144 58.5792 3.83164 3.57092 133.745 1268.12
216.716 60.1205 3.7598 3.27868 109.813 803.015
215.395 60.9677 3.70757 3.27122 44.6095 765.238
209.013 64.0997 3.7332 3.40618 149.324 776.644
209.094 59.7511 3.71759 3.15989 149.629 395.154
209.259 59.7417 3.71827 3.13048 140.005 402.293
210.701 64.1732 3.71863 3.34963 103.842 822.246
208.846 60.7683 3.71569 3.40156 112.851 458.928
207.916 63.4188 3.72805 3.35874 71.1571 685.51
212.195 64.6453 3.73814 3.37588 107.872 905.472
200.411 54.831 3.79306 3.44403 85.2555 370.368
207.685 63.8827 3.74085 3.41659 91.792 729.818
208.763 59.5251 3.72565 3.1435 145.572 365.689
209.796 67.2269 3.74941 3.40283 62.8161 1113.9
216.907 60.7523 3.74613 3.21772 43.6407 833.198
218.66 60.9649 3.71918 3.25728 61.062 931.129
209.738 62.4058 3.71628 3.38961 147.249 630.749
217.513 60.0823 3.7742 3.2776 86.0314 845.119
212.624 63.0753 3.72341 3.31563 130.609 782.234
214.225 61.1292 3.7124 3.33285 95.736 716.267
215.93 63.6482 3.69183 3.25239 103.055 946.931
214.25 60.5487 3.74764 3.21589 97.486 689.36
196.582 54.8564 3.76256 3.36213 75.8801 534.36
213.401 60.7277 3.72289 3.27222 70.6519 655.902
209.784 61.1426 3.71006 3.26037 116.957 524.186
214.766 66.5657 3.75939 3.45475 95.0193 1148.87
188.296 63.7758 3.76675 3.48465 51.1595 1075.5
203.121 64.7461 3.81286 3.55417 46.1287 792.313
211.074 61.771 3.68277 3.18747 88.6764 622.356
216.188 61.4417 3.72311 3.31214 87.6931 825.931
212.904 60.8792 3.71113 3.29724 85.4026 640.286
215.271 60.5805 3.75939 3.19213 41.7514 742.541
216.679 60.2805 3.74876 3.2634 64.8801 805.662
218.244 60.7315 3.72612 3.2599 43.1436 902.115
213.052 64.4091 3.72576 3.29668 94.9216 908.676
213.497 60.396 3.76195 3.23495 64.0854 644.573
215.738 60.3351 3.76361 3.24041 63.3929 757.619
208.348 59.6572 3.72438 3.15854 128.76 354.965
217.659 60.6024 3.74053 3.22926 71.3985 867.409
225.615 58.2758 3.8366 3.59678 95.9888 1298.71
215.581 59.9268 3.76985 3.27817 90.9263 736.34
216.749 60.4427 3.73475 3.25051 65.1934 814.419
217.639 60.9231 3.72911 3.25501 67.7813 877
214.077 61.4924 3.725 3.32554 142.858 729.486
211.542 61.4131 3.69959 3.23428 120.307 614.108
209.077 63.5527 3.71786 3.30833 113.437 723.058
218.995 60.824 3.73075 3.2572 68.3973 944.296
216.976 61.3836 3.7121 3.31699 67.9778 861.716
211.063 63.7318 3.73288 3.37718 98.5221 790.353
211.768 64.9602 3.73992 3.3972 146.243 923.787
218.049 60.1785 3.75849 3.29458 100.023 876.568
209.256 65.0304 3.73758 3.38914 72.7296 876.406
210.931 64.5928 3.73338 3.36315 135.457 868.15
216.031 60.2361 3.76077 3.24235 68.1994 769.815
191.145 52.9721 3.76621 3.43333 98.7091 944.857
214.53 62.9699 3.69707 3.23132 115.701 844.671
219.747 60.0959 3.77231 3.32567 78.0865 967.478
220.599 59.667 3.78306 3.38841 129.885 1008.56
214.475 65.5174 3.74927 3.3751 69.1052 1047.35
207.811 62.8962 3.71384 3.31433 136.011 629.742
217.533 61.1871 3.70815 3.27546 59.6221 881.356
211.667 60.8584 3.70109 3.29993 119.395 582.208
218.652 60.2994 3.74962 3.36475 46.8274 912.071
211.14 63.4056 3.72188 3.38256 113.599 762.832
219.217 60.1294 3.77545 3.32662 84.5846 939.06
216.221 60.072 3.76096 3.2596 77.0523 775.008
218.856 60.4399 3.75349 3.27371 72.4842 926.456
216.546 61.2275 3.73211 3.28039 72.4757 833.692
212.138 64.8736 3.7381 3.4071 124.828 925.096
203.383 71.3221 3.8183 3.47066 25.5783 1525.37
205.026 71.0033 3.81733 3.53093 27.8725 1491.23
234.753 71.9871 3.77764 3.34628 56.0647 2130.26
205.387 69.6211 3.77827 3.54127 30.4044 1338.31
206.58 70.34 3.77156 3.48416 40.178 1422.77
205.217 69.1565 3.77808 3.57529 40.7981 1286.12
209.387 69.836 3.75751 3.40634 37.9724 1387.62
211.299 69.72 3.74555 3.34426 49.0846 1396.67
215.088 69.9175 3.73966 3.35754 57.8653 1475.17
216.289 69.626 3.74077 3.37662 82.6679 1469.58
235.93 69.3475 3.80172 3.38462 48.939 2030.66
207.318 68.8799 3.7592 3.38003 30.3908 1266.05
209.319 68.9656 3.76106 3.40223 57.9836 1293.11
211.177 69.1532 3.7453 3.33969 63.8524 1335.49
213.625 69.322 3.74625 3.36647 67.5524 1390.28
219.035 69.243 3.75317 3.42544 34.0832 1495.33
221.263 69.3286 3.76457 3.40861 38.2956 1559.28
202.768 67.4572 3.81509 3.76203 22.9157 1095.02
203.811 68.2575 3.80936 3.65378 38.8589 1183.49
206.028 68.4414 3.7643 3.47445 24.9068 1209.92
208.187 68.1343 3.76987 3.42515 48.1795 1191.82
210.384 68.0584 3.75029 3.40833 63.8891 1209.64
211.513 68.0748 3.74618 3.38772 75.7411 1228.33
214.432 68.1207 3.73464 3.42547 103.92 1287.04
218.405 68.1861 3.76784 3.47558 73.9692 1387.28
220.465 68.6043 3.76434 3.36615 42.1269 1478.06
222.103 68.3889 3.73862 3.34855 49.169 1508.03
223.281 66.3701 3.74714 3.32999 76.4225 1405.87
204.275 67.0486 3.78869 3.54332 41.2487 1049.16
206.517 67.2221 3.77694 3.46504 56.2693 1078.16
207.821 67.5076 3.76083 3.43838 55.0203 1120.25
212.113 67.5187 3.73671 3.39684 89.1811 1182.02
214.357 67.5933 3.74694 3.41463 79.8411 1234.86
215.855 67.6946 3.76522 3.46558 95.71 1279.04
220.128 67.6136 3.73221 3.35825 42.1298 1388.54
226.258 67.441 3.76301 3.34041 70.8399 1580.46
199.349 65.5011 3.72508 3.47449 55.1225 904.369
206.494 66.5156 3.78682 3.46613 80.6299 1000.31
208.493 66.9214 3.7686 3.47882 57.9898 1064.21
209.976 66.7108 3.73852 3.40809 77.6695 1062.6
212.525 66.7004 3.74551 3.40089 94.2841 1108.9
213.899 66.7653 3.75601 3.4396 62.567 1145.96
216.215 66.9498 3.75822 3.44478 72.5249 1221.37
218.345 66.8088 3.74515 3.35731 104.175 1270.46
223.778 66.9808 3.74648 3.32272 57.3013 1462.9
225.729 66.9227 3.75251 3.34477 30.7319 1530.27
200.087 64.937 3.73931 3.38323 42.5484 834.515
203.551 65.5276 3.80638 3.49153 34.165 879.016
205.119 65.4924 3.8018 3.48008 56.7107 878.675
207.195 65.6571 3.77946 3.45042 100.493 913.03
208.623 65.8937 3.75557 3.44699 79.3563 956.368
210.457 65.8251 3.7295 3.38356 89.1928 979.942
212.122 65.8371 3.74774 3.40558 91.3271 1016.13
214.18 66.267 3.75079 3.40937 32.3169 1106.59
214.181 66.267 3.74049 3.42168 63.5648 1106.61
218.473 66.2305 3.73237 3.31469 82.3382 1228.69
225.657 65.8052 3.74892 3.32716 39.0927 1465.48
214.843 62.3987 3.69366 3.20078 100.138 818.637
213.052 64.4091 3.72576 3.29668 94.9216 908.676
205.522 64.7962 3.79815 3.55126 35.2526 803.939
208.018 65.18 3.75127 3.42506 67.6393 872.047
210.64 65.1479 3.73639 3.37069 77.0145 915.774
216.846 65.3064 3.7269 3.304 79.5481 1103.37
218.385 65.6035 3.72195 3.31625 84.0277 1178.08
221.694 65.3609 3.73033 3.35438 80.6937 1282.92
223.623 65.2225 3.73194 3.33458 69.857 1351.77
199.398 63.2842 3.718 3.55501 56.4112 669.952
203.285 63.465 3.82361 3.53143 40.5294 649.309
204.379 63.994 3.79041 3.51662 55.4945 709.242
205.853 64.1767 3.77817 3.47621 81.951 738.357
214.63 64.613 3.72446 3.2749 71.7777 975.076
216.436 64.5012 3.72908 3.32152 77.2885 1027.69
221.784 64.453 3.70513 3.2853 82.2866 1233.63
221.784 64.4525 3.70946 3.29775 28.9363 1233.58
223.67 64.5753 3.70953 3.28127 53.3001 1320.01
201.699 62.7161 3.76139 3.2954 27.2708 575.412
205.93 63.3569 3.78252 3.46378 67.915 649.508
214.222 63.8036 3.71546 3.30958 108.122 896.013
217.924 64.0292 3.69847 3.28312 120.289 1050.56
222.48 63.8433 3.70582 3.28129 90.2413 1232.37
200.525 61.7105 3.72508 3.18788 50.8137 485.602
201.703 62.1344 3.73654 3.38057 36.8744 511.989
203.311 62.2195 3.82424 3.49646 68.7699 510.516
205.146 62.1816 3.77153 3.43003 104.075 513.194
206.12 62.4787 3.7463 3.44943 99.0365 556.817
216.652 63.0254 3.67865 3.24623 113.559 934.494
218.173 63.0618 3.69345 3.246 109.412 1001.75
221.871 63.109 3.70139 3.27872 53.3131 1171.14
193.799 60.3849 3.71808 3.35666 63.8793 640.554
196.65 60.4135 3.74663 3.35744 44.854 504.918
201.041 61.0224 3.67758 3.1214 45.2912 404.201
202.562 61.4009 3.80801 3.74607 45.8445 423.195
204.176 61.4907 3.79568 3.4507 95.3559 430.194
205.609 61.9037 3.73786 3.37824 126.525 488.038
206.868 61.8823 3.70535 3.34097 111.883 506.679
209.88 61.7531 3.70265 3.36704 181.202 577.851
212.274 61.7929 3.69239 3.20611 127.659 671.048
213.825 62.1067 3.69409 3.21457 129.164 756.696
217.004 62.4013 3.70121 3.22065 139.533 913.208
218.122 62.3579 3.70953 3.25 103.312 962.037
221.538 62.4435 3.70824 3.2328 60.8774 1128
223.206 62.5763 3.70207 3.27751 86.6017 1214.09
225.609 62.2024 3.71396 3.31763 74.6177 1322.98
198.315 59.9237 3.73027 3.3257 67.302 398.075
199.908 60.1686 3.8111 3.47831 52.2297 353.372
201.231 60.4742 3.69264 3.23346 56.0201 344.005
204.11 60.6801 3.76891 3.38083 137.328 339.885
205.516 60.8132 3.75617 3.39759 138.587 369.813
207.791 61.2001 3.69812 3.37376 135.237 461.953
215.402 61.6061 3.72062 3.33541 144.305 796.867
222.911 61.4593 3.69245 3.30772 47.357 1166.09
224.22 61.4862 3.70364 3.30542 77.432 1234.97
226.918 61.1512 3.73101 3.28083 88.0169 1372.27
198.736 59.2533 3.74144 3.16868 93.3108 336.619
207.376 60.0815 3.70448 3.51918 241.661 347.945
210.276 60.4814 3.68637 3.29456 101.925 495.935
219.809 60.7718 3.73808 3.25787 85.9908 985.791
221.424 60.3024 3.76217 3.27235 91.2978 1062.92
223.909 60.7704 3.73357 3.23462 77.9163 1205.32
212.597 59.9979 3.77723 3.22723 106.603 581.108
222.262 59.6304 3.78593 3.42555 103.829 1101.74
223.04 60.1218 3.77637 3.33723 129.319 1149.45
226.285 59.5898 3.7897 3.43855 131.902 1328.65
227.183 60.2114 3.77626 3.37643 70.6109 1379.58
212.566 65.1171 3.74428 3.40949 129.831 958.888
213.66 59.4296 3.77838 3.29938 112.91 617.552
227.731 58.9601 3.80615 3.50956 114.29 1414.04
224.26 58.4133 3.83606 3.60058 85.0578 1218.25
225.482 58.2747 3.83889 3.61023 98.0995 1290.94
229.033 59.3946 3.79291 3.48456 116.381 1484.95
197.939 55.703 3.75082 3.41206 150.414 409.076
223.768 57.9616 3.84454 3.62085 86.9604 1194.54
225.424 57.4688 3.84662 3.65722 99.0359 1300.23
228.869 57.9128 3.82627 3.61435 87.1847 1494.32
227.048 56.8144 3.84825 3.66254 60.7301 1411.4
229.75 56.9811 3.83222 3.64287 108.033 1567.12
212.138 64.8735 3.74496 3.40579 102.868 925.082
210.428 68.6408 3.75523 3.39834 54.4895 1271.59
226.879 56.1146 3.87459 3.71066 111.103 1421.58
229.974 55.9154 3.85598 3.68815 59.4334 1612.59
228.385 55.3279 3.87547 3.70622 134.342 1538.82
227.653 56.4191 3.85562 3.65824 107.46 1458.41
209.931 62.7622 3.79737 3.33775 70.6575 669.02
211.063 63.7323 3.73316 3.37743 98.5221 790.412
211.14 63.4057 3.72191 3.38259 113.599 762.839
218.547 60.1369 3.93282 3.88132 41.776 902.639
217.908 60.4896 3.74002 3.24366 54.7272 877.212
217.507 60.403 3.7498 3.21217 54.7134 853.363
218.338 61.0595 3.71266 3.25431 100.171 917.656
216.296 60.3923 3.75548 3.25204 50.4989 788.922
216.716 60.1205 3.7598 3.27868 109.813 803.015
215.271 60.5805 3.75939 3.19213 41.7514 742.541
216.679 60.2805 3.74876 3.2634 64.8801 805.662
218.244 60.7315 3.72612 3.2599 43.1436 902.115
217.659 60.602 3.74037 3.22912 71.3985 867.371
216.749 60.4427 3.73475 3.25051 65.1934 814.419
217.639 60.9231 3.72907 3.25497 67.7813 876.99
218.995 60.8241 3.73076 3.25721 68.3973 944.299
216.976 61.3836 3.7121 3.31699 67.9778 861.716
218.049 60.1785 3.75849 3.29458 100.023 876.568
216.031 60.2361 3.76077 3.24235 68.1994 769.815
217.533 61.187 3.70818 3.27548 59.6221 881.362
218.652 60.2994 3.74962 3.36475 46.8274 912.071
219.217 60.1294 3.77545 3.32662 84.5846 939.06
216.221 60.072 3.76096 3.2596 77.0523 775.008
218.856 60.4399 3.75349 3.27371 72.4842 926.456
216.546 61.2275 3.73211 3.28039 72.4757 833.692
