# evlo=218.841904 evla=64.777397
194.627 64.5646 3.78198 3.53944 164.919 1149.59
217.908 60.4896 3.78657 3.32562 81.5486 480.278
217.654 61.036 3.76315 3.31446 128.486 421.348
217.507 60.403 3.77825 3.30247 75.5729 492.321
218.338 61.0595 3.80465 3.37813 130.752 415.185
220.363 59.9534 3.72578 3.40526 65.883 543.336
216.3 60.3932 3.73782 3.29729 130.107 505.702
225.144 58.5792 3.77859 3.41682 84.3769 766.25
216.716 60.1205 3.76792 3.33615 150.113 530.425
215.395 60.9677 3.67615 3.26343 217.825 459.277
209.013 64.0997 3.81188 3.56881 309.935 478.894
209.094 59.7511 3.71449 3.27737 173.222 753.502
209.259 59.7417 3.71999 3.30233 240.653 748.669
210.701 64.1732 3.81923 3.56145 186.673 397.035
208.846 60.7683 3.70983 3.27435 212.729 677.048
207.916 63.4188 3.81695 3.46625 244.213 553.084
204.378 55.8218 3.71169 3.19748 67.2766 1272.56
200.411 54.831 3.7304 3.22153 94.4734 1504.93
207.685 63.8827 3.80604 3.53953 227.862 547.874
208.763 59.5251 3.6997 3.23952 178.639 784.841
209.796 67.2269 3.78151 3.36773 131.366 492.502
216.907 60.7523 3.73345 3.31253 140.21 459.327
218.66 60.9649 3.73113 3.17432 53.058 425.039
209.738 62.4058 3.76924 3.36457 210.78 522.924
217.513 60.0823 3.80768 3.32753 98.4275 527.734
221.785 59.0906 3.71132 3.36872 29.5876 652.149
212.624 63.0753 3.77732 3.32299 233.558 359.014
214.225 61.1292 3.65563 3.24162 184.731 469.04
213.401 60.7277 3.67235 3.23204 209.342 529.705
215.271 60.5805 3.66154 3.30863 140.285 502.081
216.679 60.2805 3.74773 3.31413 158.34 513.343
218.244 60.7315 3.73547 3.27951 81.5514 451.973
217.659 60.6024 3.78906 3.3805 128.546 469.232
216.749 60.4427 3.75114 3.31288 150.774 494.863
217.639 60.9231 3.76165 3.34872 189.211 433.919
217.277 60.2474 3.78749 3.26295 107.009 511.243
218.995 60.824 3.63637 3.19344 61.7798 440.708
216.976 61.3836 3.70834 3.36425 215.795 389.813
211.063 63.7318 3.79328 3.42194 378.301 394.489
218.049 60.1785 3.79448 3.37922 70.0091 514.177
216.031 60.2361 3.71114 3.31552 197.042 526.331
217.533 61.1871 3.76022 3.3581 200.473 405.624
218.652 60.2994 3.6581 2.97873 47.2291 499.185
211.14 63.4056 3.8072 3.37095 321.837 405.254
219.217 60.1294 3.66079 3.24855 120.589 518.391
216.221 60.072 3.7301 3.32966 139.568 541.511
218.856 60.4399 3.66108 3.03631 62.2381 483.437
216.546 61.2275 3.6814 3.29507 176.82 412.362
231.887 52.1847 3.78257 3.51381 41.1356 1588.61
198.929 70.2043 3.76855 3.23677 32.3203 1036.58
203.383 71.3221 3.78159 3.29899 113.592 968.56
234.753 71.9871 3.87074 3.44877 152.48 1030.17
198.198 69.3641 3.76843 3.28249 44.1874 1026.06
202.84 70.0079 3.78999 3.30694 43.995 896.264
205.387 69.6211 3.76871 3.3718 38.1366 791.003
206.58 70.34 3.73976 3.31668 51.7609 808.126
194.656 68.2746 3.76294 3.29848 60.8953 1135.03
196.822 68.4753 3.76113 3.27914 66.2166 1051.5
198.806 68.6483 3.78391 3.27456 59.1021 978.001
200.413 69.1049 3.80331 3.23401 32.4298 933.883
205.217 69.1565 3.77794 3.249 41.4993 766.971
209.387 69.836 3.7621 3.27373 61.8833 694.132
211.299 69.72 3.77313 3.2628 71.2785 639.201
215.088 69.9175 3.76391 3.45374 103.739 595.273
216.289 69.626 3.73522 3.37708 112.229 551.781
235.93 69.3475 3.96078 3.54418 183.774 896.569
196.917 67.6988 3.74589 3.38648 59.7197 1032.16
201.885 68.4946 3.77459 3.31762 74.7854 853.562
203.387 68.7132 3.8076 3.26037 40.3646 806.946
207.318 68.8799 3.8157 3.25463 37.7304 680.391
209.319 68.9656 3.7493 3.4208 63.8794 625.156
211.177 69.1532 3.73265 3.28168 76.7184 590.889
213.625 69.322 3.72063 3.29697 118.408 554.919
219.035 69.243 3.81699 3.44008 148.731 498.081
221.263 69.3286 3.82915 3.40515 104.921 518.285
198.174 67.082 3.79884 3.49468 70.3448 970.385
199.397 67.4213 3.76388 3.45649 59.2276 922.994
202.768 67.4572 3.74077 3.36853 49.9763 782.677
203.811 68.2575 3.76881 3.27486 100.338 770.168
206.028 68.4414 3.80981 3.35588 53.9312 697.466
208.187 68.1343 3.80412 3.43079 97.5673 603.539
210.384 68.0584 3.82109 3.32768 101.041 525.06
211.513 68.0748 3.80718 3.28874 101.971 491.575
214.432 68.1207 3.72321 3.40554 108.987 421.295
218.405 68.1861 3.79954 3.36101 108.545 380.614
220.465 68.6043 3.81944 3.38754 98.2803 432.709
222.103 68.3889 3.82341 3.29859 126.689 427.797
227.653 56.4191 3.78155 3.50208 120.303 1046.76
209.931 62.7622 3.41856 3.00848 209.3 493.1
211.063 63.7323 3.79287 3.42157 378.301 394.446
211.14 63.4057 3.80715 3.3709 321.837 405.249
218.547 60.1369 3.77383 3.40932 139.807 517.418
218.45 60.2235 3.67377 3.05394 28.7873 507.946
218.546 60.2176 3.65891 3.09953 29.3944 508.432
211.301 69.7162 3.75692 3.25449 36.6732 638.798
209.329 66.7192 3.83649 3.3964 101.619 486.298
198.722 65.4015 3.78185 3.53142 130.927 944.478
211.164 69.0223 3.72058 3.2597 42.0076 579.776
211.489 65.5114 3.77845 3.57014 188.167 354.367
194.662 64.5695 3.77973 3.52462 87.3689 1147.84
211.554 70.2036 3.75123 3.38635 31.4694 679.556
204.534 64.74 3.77905 3.68199 73.3364 679.63
211.306 69.424 3.72772 3.27734 68.8211 611.978
210.41 68.6274 3.7554 3.31561 55.9683 567.298
209.89 67.3812 3.73941 3.407 77.4903 497.742
210.457 65.825 3.80424 3.60991 186.349 407.812
210.84 64.6544 3.78305 3.59847 212.418 381.467
210.867 64.709 3.78825 3.59665 247.473 379.64
210.853 64.7716 3.79427 3.61308 230.825 379.78
210.847 64.8338 3.79017 3.60163 158.626 379.697
210.819 64.8857 3.79212 3.60786 223.453 380.821
210.44 64.87 3.78303 3.61267 348.265 398.805
210.174 64.8537 3.78241 3.60745 282.82 411.478
210.069 64.7653 3.78477 3.6055 337.076 417.055
210.917 64.5498 3.7975 3.58894 262.838 379.161
210.782 64.5716 3.79264 3.58018 287.01 385.263
210.554 64.5756 3.79129 3.58174 259.857 396.044
210.901 64.613 3.79653 3.58791 306.632 379.083
211.172 64.6917 3.7903 3.61219 287.504 365.315
217.908 60.4896 3.78657 3.32562 81.5486 480.278
217.507 60.403 3.77825 3.30247 75.5729 492.321
218.338 61.0595 3.80465 3.37812 130.752 415.184
216.296 60.3923 3.73887 3.29822 130.107 505.844
216.716 60.1205 3.76792 3.33615 150.113 530.425
215.271 60.5805 3.66154 3.30863 140.285 502.081
216.679 60.2805 3.74773 3.31413 158.34 513.343
218.244 60.7315 3.73547 3.27951 81.5514 451.973
217.659 60.602 3.78944 3.38084 128.546 469.28
216.749 60.4427 3.75114 3.31288 150.774 494.863
217.639 60.9231 3.76167 3.34873 189.211 433.92
217.277 60.2474 3.78749 3.26295 107.009 511.243
218.995 60.8241 3.63628 3.19336 61.7798 440.697
216.976 61.3836 3.70834 3.36425 215.795 389.813
218.049 60.1785 3.79448 3.37922 70.0091 514.177
216.031 60.2361 3.71114 3.31552 197.042 526.331
217.533 61.187 3.7603 3.35818 200.473 405.633
218.652 60.2994 3.6581 2.97873 47.2291 499.185
219.217 60.1294 3.66079 3.24855 120.589 518.391
216.221 60.072 3.7301 3.32966 139.568 541.511
218.856 60.4399 3.66108 3.03631 62.2381 483.437
216.546 61.2275 3.6814 3.29507 176.82 412.362
220.454 59.9722 3.69127 3.45234 22.8303 541.962
210.59 60.0084 3.72431 3.35966 165.18 680.544
210.23 59.8351 3.72932 3.38036 95.1825 707.937
210.402 60.8738 3.70685 3.3516 123.658 610.926
210.574 60.776 3.71696 3.38691 215.76 613.155
210.502 61.001 3.7231 3.35237 94.6045 596.703
209.918 61.8636 3.77433 3.31583 156.411 551.921
210.331 61.4859 3.72971 3.221 59.7437 563.918
209.538 60.4832 3.71876 3.34489 111.408 674.741
210.519 60.6717 3.72291 3.46217 217.433 624.046
211.909 60.5183 3.70114 3.27983 84.638 592.391
210.455 61.3427 3.73409 3.28754 95.5755 570.545
210.626 60.4754 3.73969 3.44072 133.313 637.506
209.518 60.7352 3.70058 3.26669 102.191 654.522
209.971 61.6954 3.74867 3.29725 117.843 562.058
208.723 60.6622 3.71016 3.25518 124.901 690.206
212.047 60.7098 3.69405 3.34144 179.494 570.488
211.068 60.8049 3.71919 3.40414 103.701 593.68
209.968 60.4881 3.72922 3.38768 144.876 659.032
210.253 60.4731 3.74554 3.4563 79.9679 650.412
208.919 60.4641 3.71562 3.2769 97.9185 698.965
210.813 60.8045 3.7209 3.41237 141.293 602.445
209.81 60.4601 3.72652 3.38691 74.1206 667.01
211.376 60.7866 3.72531 3.44211 99.3603 584.998
209.518 60.7351 3.70054 3.26665 102.191 654.515
