# evlo=210.867294 evla=64.709
194.627 64.5646 3.76934 3.55438 176.605 774.581
217.908 60.4896 3.67314 3.27642 78.0879 592.553
217.654 61.036 3.69469 3.30207 76.9273 535.048
217.507 60.403 3.66875 3.27095 35.6992 588.396
218.338 61.0595 3.68342 3.40905 82.1819 555.995
220.363 59.9534 3.7252 3.20164 56.959 721.83
216.3 60.3932 3.69564 3.34201 72.4841 555.873
225.144 58.5792 3.74602 3.50088 39.6569 1015.33
215.395 60.9677 3.69188 3.13289 60.2905 476.291
209.094 59.7511 3.72175 3.18741 126.219 560.141
209.259 59.7417 3.72241 3.21471 133.62 559.84
208.846 60.7683 3.75146 3.25798 77.7844 451.153
204.378 55.8218 3.71833 3.20111 50.6423 1052.02
200.411 54.831 3.76564 3.43963 53.5787 1243.83
208.763 59.5251 3.72354 3.12842 104.136 587.999
216.907 60.7523 3.6908 3.15894 55.3723 537.919
218.66 60.9649 3.69919 3.37254 111.664 575.265
217.513 60.0823 3.66298 3.23782 57.1917 618.989
214.225 61.1292 3.70144 3.38558 118.2 433.81
214.25 60.5487 3.72359 3.30853 92.4634 494.944
215.271 60.5805 3.75606 3.20876 30.8322 512.298
216.679 60.2805 3.69907 3.44762 60.6214 576.85
218.244 60.7315 3.69676 3.23999 55.3558 581.456
217.659 60.6024 3.65727 3.16336 52.7274 574.461
216.749 60.4427 3.70456 3.3867 81.8669 562.977
217.639 60.9231 3.69116 3.23238 85.4211 544.666
218.995 60.824 3.71205 3.31013 96.8247 599.005
216.976 61.3836 3.67508 3.2755 101.193 482.173
218.049 60.1785 3.7002 3.26098 43.0936 625.688
216.031 60.2361 3.66227 3.27017 63.0404 564.796
217.533 61.1871 3.69758 3.2763 104.853 517.718
218.652 60.2994 3.71663 3.20311 33.2425 633.492
219.217 60.1294 3.69259 3.26601 47.0907 667.274
216.221 60.072 3.67558 3.31971 64.8721 585.855
218.856 60.4399 3.69995 3.19978 56.6296 627.605
216.546 61.2275 3.67692 3.36512 79.5469 482.886
198.929 70.2043 3.74209 3.24348 34.0499 795.128
234.753 71.9871 3.78054 3.3784 55.7251 1260.61
198.198 69.3641 3.69878 3.32055 40.6792 754.962
202.84 70.0079 3.74862 3.23559 41.6669 683.038
205.387 69.6211 3.72905 3.26344 40.0968 596.501
194.656 68.2746 3.82027 3.34833 38.4007 820.621
196.822 68.4753 3.75201 3.44508 26.4879 748.585
198.806 68.6483 3.69732 3.34606 28.8357 688.722
200.413 69.1049 3.72216 3.30963 48.8934 669.025
205.217 69.1565 3.76278 3.22169 51.215 553.634
209.387 69.836 3.6811 3.17882 62.4199 575.298
211.299 69.72 3.75153 3.35013 71.7525 559.157
215.088 69.9175 3.74944 3.29771 104.793 608.294
216.289 69.626 3.73581 3.33477 64.0768 595.997
235.93 69.3475 3.85734 3.48632 106.812 1196.86
196.917 67.6988 3.78845 3.36408 26.3759 709.139
201.885 68.4946 3.69358 3.3756 36.8427 579.249
203.387 68.7132 3.71935 3.34681 43.6434 554.538
207.318 68.8799 3.75772 3.38089 38.7813 490.44
209.319 68.9656 3.68462 3.17922 64.1476 479.496
211.177 69.1532 3.72909 3.29955 66.6784 495.802
213.625 69.322 3.74222 3.31302 88.4992 528.174
219.035 69.243 3.75274 3.44527 54.016 617.66
221.263 69.3286 3.81063 3.4995 42.9499 684.319
198.174 67.082 3.8449 3.56661 38.6979 634.828
199.397 67.4213 3.78796 3.39256 42.4414 599.788
202.768 67.4572 3.65532 3.68777 15.3052 477.126
203.811 68.2575 3.69623 3.42018 54.0161 504.706
206.028 68.4414 3.76977 3.28884 36.2338 468.045
208.187 68.1343 3.74747 3.30644 70.8196 400.189
210.384 68.0584 3.77288 3.26679 67.2247 374.124
211.513 68.0748 3.76129 3.35746 87.6148 376.434
214.432 68.1207 3.72685 3.44471 143.393 412.263
218.405 68.1861 3.79919 3.68892 145.123 512.523
220.465 68.6043 3.80724 3.54249 90.401 606.133
222.103 68.3889 3.79126 3.46705 74.2508 644.552
223.281 66.3701 3.82432 3.46601 198.614 601.751
193.671 65.4742 3.7819 3.42538 44.9081 810.372
195.352 65.7077 3.7949 3.41348 45.7216 732.792
198.75 66.442 3.80613 3.31683 38.4931 590.629
200.349 66.6001 3.84795 3.3576 41.1283 527.151
202.227 66.8332 3.80139 3.51589 58.9888 460.694
204.275 67.0486 3.80011 3.11748 49.4968 397.771
206.517 67.2221 3.72946 3.39593 75.6584 342.829
207.821 67.5076 3.73735 3.66581 101.959 341.015
214.357 67.5933 3.77163 3.53003 149.541 357.996
215.855 67.6946 3.77178 3.58963 117.27 401.365
220.128 67.6136 3.7952 3.48577 91.8903 527.79
218.842 64.7774 3.78825 3.59665 247.473 379.64
218.547 60.1369 3.82886 4.05667 30.5523 644.929
217.908 60.4896 3.67314 3.27642 78.0879 592.553
217.507 60.403 3.66875 3.27095 35.6992 588.396
218.338 61.0595 3.68345 3.40907 82.1819 555.999
216.296 60.3923 3.69565 3.34202 72.4841 555.874
215.271 60.5805 3.75606 3.20876 30.8322 512.298
216.679 60.2805 3.69907 3.44762 60.6214 576.85
218.244 60.7315 3.69676 3.23999 55.3558 581.456
217.659 60.602 3.65741 3.16348 52.7274 574.483
216.749 60.4427 3.70456 3.3867 81.8669 562.977
217.639 60.9231 3.69111 3.23234 85.4211 544.659
218.995 60.8241 3.712 3.31008 96.8247 598.996
216.976 61.3836 3.67508 3.2755 101.193 482.173
218.049 60.1785 3.7002 3.26098 43.0936 625.688
216.031 60.2361 3.66227 3.27017 63.0404 564.796
217.533 61.187 3.69769 3.2764 104.853 517.734
218.652 60.2994 3.71663 3.20311 33.2425 633.492
219.217 60.1294 3.69259 3.26601 47.0907 667.274
216.221 60.072 3.67558 3.31971 64.8721 585.855
218.856 60.4399 3.69995 3.19978 56.6296 627.605
216.546 61.2275 3.67692 3.36512 79.5469 482.886
209.518 60.7352 3.72175 3.31733 68.7872 448.23
209.518 60.7351 3.72182 3.31739 68.7872 448.237
