# evlo=211.172104 evla=64.691704
194.627 64.5646 3.7749 3.57743 202.156 789.246
217.908 60.4896 3.67558 3.25929 97.2029 581.709
217.654 61.036 3.68437 3.2593 83.2234 523.791
217.507 60.403 3.68781 3.13969 49.8836 577.964
218.338 61.0595 3.68362 3.41061 109.306 544.221
220.363 59.9534 3.72103 3.24221 61.9858 709.928
216.3 60.3932 3.67763 3.27682 78.4886 546.557
225.144 58.5792 3.75488 3.46361 33.9505 1002.43
216.716 60.1205 3.69625 3.41677 59.1572 584.065
215.395 60.9677 3.72778 3.27585 90.6789 467.321
209.094 59.7511 3.71397 3.1597 131.26 561.061
209.259 59.7417 3.71639 3.18427 168.088 560.516
208.846 60.7683 3.72092 3.24706 97.2953 453.105
204.378 55.8218 3.71751 3.19955 66.9889 1056
200.411 54.831 3.76382 3.44971 90.8625 1250.17
208.763 59.5251 3.71457 3.14738 136.348 589.276
216.907 60.7523 3.67199 3.29776 61.3681 527.623
218.66 60.9649 3.69245 3.37422 127.812 563.386
217.513 60.0823 3.67591 3.20941 59.224 608.875
214.225 61.1292 3.69578 3.25412 158.238 426.203
214.25 60.5487 3.7098 3.24575 98.8631 487.899
196.582 54.8564 3.75193 3.37054 39.9374 1361.43
213.401 60.7277 3.72511 3.13696 65.8229 456.234
209.784 61.1426 3.70866 3.29234 122.513 401.802
215.271 60.5805 3.77535 3.41682 57.9084 503.915
216.679 60.2805 3.69466 3.40602 91.2595 567.28
218.244 60.7315 3.69921 3.29164 79.6414 570.107
217.659 60.6024 3.6748 3.12339 75.7866 563.692
216.749 60.4427 3.69067 3.40071 91.3926 553.171
217.639 60.9231 3.68928 3.24269 88.9519 533.553
218.995 60.824 3.70075 3.32723 115.571 587.068
216.976 61.3836 3.68769 3.37313 147.772 471.033
218.049 60.1785 3.69028 3.30349 60.4793 615.052
216.031 60.2361 3.67036 3.26112 73.1201 555.918
217.533 61.1871 3.68505 3.28573 109.163 506.373
218.652 60.2994 3.69848 3.25447 49.849 622.302
219.217 60.1294 3.70562 3.28823 76.3748 655.877
216.221 60.072 3.66719 3.2625 75.4048 576.941
218.856 60.4399 3.69681 3.21558 84.3477 616.142
216.546 61.2275 3.65863 3.33934 135.07 472.343
198.929 70.2043 3.73567 3.2044 46.1899 804.983
234.753 71.9871 3.78287 3.37157 71.3083 1252.83
198.198 69.3641 3.69303 3.34803 48.6635 765.999
202.84 70.0079 3.73103 3.30871 48.3127 691.353
194.656 68.2746 3.80633 3.25821 43.3421 833.515
196.822 68.4753 3.76742 3.33757 38.9399 760.944
198.806 68.6483 3.69603 3.41762 43.2036 700.413
200.413 69.1049 3.71803 3.30339 57.3191 679.604
205.217 69.1565 3.77083 3.22362 70.2858 561.399
209.387 69.836 3.6937 3.19892 92.2258 578.799
211.299 69.72 3.73883 3.33501 96.5916 560.803
215.088 69.9175 3.7337 3.27909 112.969 606.421
216.289 69.626 3.74924 3.34826 97.5834 592.797
235.93 69.3475 3.86308 3.49233 127.39 1186.34
196.917 67.6988 3.78661 3.348 28.2615 722.261
201.885 68.4946 3.68069 3.32752 42.888 590.007
203.387 68.7132 3.70836 3.4254 104.684 564.174
207.318 68.8799 3.79008 3.4003 69.5572 496.667
209.319 68.9656 3.69585 3.22816 109.528 483.464
211.177 69.1532 3.73605 3.26651 83.5363 497.547
213.625 69.322 3.72827 3.29633 106.107 527.233
219.035 69.243 3.76424 3.45091 85.3139 611.824
221.263 69.3286 3.79203 3.41288 47.4548 677.282
198.174 67.082 3.8298 3.48989 55.9012 648.368
199.397 67.4213 3.79332 3.39545 48.0293 612.783
202.768 67.4572 3.7211 3.23856 30.728 489.049
203.811 68.2575 3.68972 3.48885 72.7112 514.762
206.028 68.4414 3.76407 3.28017 52.8386 476.087
208.187 68.1343 3.76733 3.43719 101.015 406.282
210.384 68.0584 3.75826 3.23073 84.9977 377.075
211.513 68.0748 3.75967 3.31807 120.898 377.565
214.432 68.1207 3.72796 3.46494 187.611 409.045
218.405 68.1861 3.812 3.63388 153.975 505.325
220.465 68.6043 3.81288 3.47876 93.7669 598.36
222.103 68.3889 3.79417 3.50475 87.7364 635.607
223.281 66.3701 3.82182 3.45846 147.51 589.212
193.671 65.4742 3.77931 3.45647 67.0031 824.951
195.352 65.7077 3.78617 3.43888 61.0294 747.309
198.75 66.442 3.81624 3.31785 44.01 604.664
200.349 66.6001 3.827 3.31484 36.5063 540.883
202.227 66.8332 3.80142 3.51223 62.2889 473.768
204.275 67.0486 3.77268 3.27644 61.7514 409.654
206.517 67.2221 3.69778 3.34079 89.1593 352.562
207.821 67.5076 3.75896 3.68966 112.389 348.546
214.357 67.5933 3.76336 3.48104 172.056 353.963
215.855 67.6946 3.78749 3.62292 173.891 395.547
220.128 67.6136 3.77654 3.45656 91.9428 518.359
224.214 67.6106 3.81071 3.42091 105.546 670.796
226.258 67.441 3.85437 3.47331 152.888 746.347
218.842 64.7774 3.7903 3.61219 287.504 365.315
218.547 60.1369 3.82976 4.31364 59.0766 633.97
217.908 60.4896 3.67558 3.25929 97.2029 581.709
217.507 60.403 3.68781 3.13969 49.8836 577.964
218.338 61.0595 3.68364 3.41063 109.306 544.225
216.296 60.3923 3.67767 3.27686 78.4886 546.563
216.716 60.1205 3.69625 3.41677 59.1572 584.065
215.271 60.5805 3.77535 3.41682 57.9084 503.915
216.679 60.2805 3.69466 3.40602 91.2595 567.28
218.244 60.7315 3.69921 3.29164 79.6414 570.107
217.659 60.602 3.67495 3.12351 75.7866 563.714
216.749 60.4427 3.69067 3.40071 91.3926 553.171
217.639 60.9231 3.68923 3.24266 88.9519 533.546
218.995 60.8241 3.7007 3.32718 115.571 587.059
216.976 61.3836 3.68769 3.37313 147.772 471.033
218.049 60.1785 3.69028 3.30349 60.4793 615.052
216.031 60.2361 3.67036 3.26112 73.1201 555.918
217.533 61.187 3.68516 3.28583 109.163 506.389
218.652 60.2994 3.69848 3.25447 49.849 622.302
219.217 60.1294 3.70562 3.28823 76.3748 655.877
216.221 60.072 3.66719 3.2625 75.4048 576.941
218.856 60.4399 3.69681 3.21558 84.3477 616.142
216.546 61.2275 3.65863 3.33934 135.07 472.343
209.518 60.7352 3.71783 3.30098 86.1316 448.992
209.518 60.7351 3.71789 3.30103 86.1316 448.999
