# evlo=233.9328 evla=52.368099
216.3 60.3932 3.77927 3.58215 30.2634 1401.27
216.716 60.1205 3.77503 3.6096 17.3339 1365.71
216.679 60.2805 3.76627 3.59511 21.9092 1376.85
216.749 60.4427 3.77271 3.59491 30.0371 1383.29
219.217 60.1294 3.7933 3.53221 17.4927 1251.4
235.766 58.6528 3.67616 3.56527 16.8767 709.144
210.176 67.8516 3.73741 3.45271 22.465 2143.72
232.385 55.267 3.74909 3.39804 65.681 338.351
232.359 55.411 3.75 3.42587 74.8008 354.114
216.296 60.3923 3.77956 3.58242 30.2634 1401.38
216.716 60.1205 3.77503 3.6096 17.3339 1365.71
216.679 60.2805 3.76627 3.59511 21.9092 1376.85
216.749 60.4427 3.77271 3.59491 30.0371 1383.29
219.217 60.1294 3.7933 3.53221 17.4927 1251.4
209.971 61.6954 3.78829 3.61898 17.596 1770.94
