# evlo=231.600006 evla=54.636002
217.507 60.403 3.78688 3.47226 19.031 1057.38
216.3 60.3932 3.7808 3.51959 44.6563 1114.64
216.716 60.1205 3.78469 3.50508 37.6029 1080
216.679 60.2805 3.77591 3.50297 33.8035 1090.24
216.749 60.4427 3.78019 3.48178 37.4143 1095.65
216.031 60.2361 3.79314 3.53523 60.5201 1119.69
236.736 59.4036 3.21642 3.05015 15.447 615.367
231.195 60.1197 3.72693 3.40576 19.0356 611.181
229.393 60.087 3.62968 3.49805 18.0061 621.326
228.256 59.933 3.69508 3.40121 21.82 623.227
225.753 60.434 3.715 3.37298 26.4006 733.937
210.176 67.8516 3.75165 3.46063 34.1596 1848.16
217.507 60.403 3.78688 3.47226 19.031 1057.38
216.296 60.3923 3.7812 3.51997 44.6563 1114.76
216.716 60.1205 3.78469 3.50508 37.6029 1080
216.679 60.2805 3.77591 3.50297 33.8035 1090.24
216.749 60.4427 3.78019 3.48178 37.4143 1095.65
216.031 60.2361 3.79314 3.53523 60.5201 1119.69
