# evlo=217.533005 evla=61.187
225.449 60.24 3.65353 3.24009 175.103 444.563
194.627 64.5646 3.69644 3.27403 55.8218 1217.08
209.013 64.0997 3.64566 3.13813 143.828 543.677
209.094 59.7511 3.76892 3.2933 244.204 490.607
209.259 59.7417 3.76918 3.30107 283.616 482.469
210.701 64.1732 3.64229 3.25556 140.555 482.506
208.846 60.7683 3.66079 3.22183 246.513 472.311
207.916 63.4188 3.76098 3.13776 76.5996 556.743
212.195 64.6453 3.68661 3.40296 146.773 471.014
204.378 55.8218 3.76033 3.39051 87.7707 969.335
200.411 54.831 3.73676 3.31761 107.845 1229.3
207.685 63.8827 3.71108 3.06224 67.7297 588.392
208.763 59.5251 3.77876 3.29501 244.059 517.822
209.796 67.2269 3.70295 3.30063 96.5646 769.798
209.738 62.4058 3.67662 3.10827 192.501 432.728
196.582 54.8564 3.74341 3.29507 47.6016 1415.72
209.784 61.1426 3.66192 3.22818 180.661 416.912
214.766 66.5657 3.74077 3.40118 102.894 614.669
188.296 63.7758 3.71237 3.37101 58.941 1520.89
203.121 64.7461 3.67467 3.22105 82.6244 829.19
211.074 61.771 3.61021 3.23515 187.218 350.149
213.052 64.4091 3.64593 3.31039 142.577 425.512
208.348 59.6572 3.75565 3.26313 189.016 533.357
225.615 58.2758 3.75286 3.13667 75.8442 557.847
197.4 66.8951 3.71922 3.41089 33.4916 1163.46
209.077 63.5527 3.76806 3.07242 89.5177 510.405
211.063 63.7318 3.63752 3.07826 137.045 437.756
211.768 64.9602 3.68297 3.28289 128.066 511.216
209.256 65.0304 3.69478 3.33237 107.994 597.552
210.931 64.5928 3.67964 3.29249 123.288 506.327
214.475 65.5174 3.731 3.38357 136.157 506.238
207.811 62.8962 3.71409 3.1525 148.336 542.582
210.261 61.0889 3.65132 3.25675 337.053 391.713
197.092 68.0541 3.73701 3.28869 75.0189 1232.05
211.14 63.4056 3.68468 3.1163 144.345 413.442
205.816 56.5593 3.75958 3.3585 166.759 848.026
208.468 61.98 3.66043 3.16892 247.027 489.064
209.777 60.5117 3.68509 3.22641 240.91 428.043
189.752 57.1766 3.75056 3.37977 132.374 1635.89
209.253 61.4636 3.62923 3.14945 200.365 444.174
210.547 60.1043 3.74273 3.32641 360.136 400.537
192.073 65.5598 3.73763 3.32582 70.0767 1352.13
209.711 63.4502 3.76222 3.09063 115.845 477.148
193.495 53.8452 3.7395 3.33972 98.9633 1642.63
211.449 62.8295 3.72791 3.16959 148.257 367.316
211.415 62.9628 3.72999 3.12763 64.5164 375.866
211.462 62.6812 3.74372 3.20277 63.4812 359.458
212.058 62.8349 3.75193 3.06929 102.469 340.378
211.771 63.0624 3.74199 3.09939 95.1156 365.963
211.152 62.8331 3.72601 3.12554 199.987 381.024
211.908 64.4716 3.68318 3.36068 163.955 464.635
226.475 68.3065 3.77082 3.25641 81.969 898.696
207.417 57.7828 3.72819 3.36666 284.929 686.204
212.138 64.8736 3.67264 3.34066 169.153 493.005
203.383 71.3221 3.73259 3.3089 52.0596 1289.47
234.753 71.9871 3.83204 3.40833 89.3078 1414.54
198.198 69.3641 3.71433 3.31057 57.8726 1272.34
206.58 70.34 3.7277 3.29423 48.1316 1133.3
194.656 68.2746 3.75109 3.28799 44.8264 1333.4
200.413 69.1049 3.70653 3.32154 55.6598 1185.43
211.299 69.72 3.73011 3.43065 78.4587 993.132
215.088 69.9175 3.74423 3.32126 47.5504 979.782
216.289 69.626 3.72296 3.29171 77.268 942.651
235.93 69.3475 3.8326 3.41217 177.409 1241.77
196.917 67.6988 3.73648 3.38279 43.8399 1220.28
201.885 68.4946 3.70406 3.29907 59.5477 1096.14
203.387 68.7132 3.70858 3.32532 90.7495 1067.61
209.319 68.9656 3.73129 3.26541 55.8615 947.52
213.625 69.322 3.66526 3.19835 47.2838 924.749
219.035 69.243 3.78703 3.38703 47.9888 900.879
221.263 69.3286 3.80154 3.38484 64.0748 923.904
198.174 67.082 3.72784 3.36275 44.3656 1141.5
199.397 67.4213 3.72728 3.33908 58.9001 1112.52
202.768 67.4572 3.71726 3.30856 55.0051 994.588
203.811 68.2575 3.69579 3.32867 74.0735 1019.62
208.187 68.1343 3.71961 3.31542 63.3486 891.842
218.405 68.1861 3.74101 3.34467 57.6443 781.397
220.465 68.6043 3.78739 3.39796 86.7336 838.295
222.103 68.3889 3.79945 3.42225 99.6686 831.258
223.281 66.3701 3.73232 3.36467 190.02 642.962
193.671 65.4742 3.72718 3.34724 33.0287 1277.68
195.352 65.7077 3.72858 3.33357 40.6001 1207.64
198.75 66.442 3.70445 3.25336 49.1464 1088.55
200.349 66.6001 3.7188 3.31813 36.7532 1032.05
202.227 66.8332 3.72339 3.3774 64.3765 973.559
204.275 67.0486 3.71817 3.34718 80.3546 915.32
206.517 67.2221 3.68413 3.31936 86.0981 857.082
207.821 67.5076 3.69776 3.35574 100.19 844.517
212.113 67.5187 3.70641 3.4745 85.979 752.201
214.357 67.5933 3.74936 3.47447 80.9949 730.206
215.855 67.6946 3.70141 3.30167 83.4105 729.911
220.128 67.6136 3.79201 3.4536 71.8112 727.147
224.214 67.6106 3.75466 3.33253 85.0533 784.241
226.258 67.441 3.76653 3.38543 140.714 813.35
195.961 64.9941 3.71358 3.28445 51.914 1162.28
197.645 65.3936 3.71674 3.33095 62.9386 1096.21
199.349 65.5011 3.709 3.32254 55.419 1024.61
201.346 65.895 3.72609 3.34805 40.6479 956.692
202.913 66.1434 3.70651 3.34705 57.4936 907.042
206.494 66.5156 3.7135 3.34724 97.6918 802.568
208.493 66.9214 3.69708 3.33828 56.3447 775.255
209.976 66.7108 3.70016 3.2843 88.5596 717.498
212.525 66.7004 3.69976 3.36254 68.0383 661.352
213.899 66.7653 3.75444 3.47332 52.4745 646.549
216.215 66.9498 3.68004 3.29374 81.4798 645.599
218.345 66.8088 3.73817 3.28614 71.7357 627.945
221.978 66.9116 3.77568 3.35356 78.2221 673.67
223.778 66.9808 3.77257 3.3325 107.291 713.326
225.729 66.9227 3.748 3.39288 142.533 752.992
197.761 64.6379 3.68799 3.25137 41.5857 1070.54
200.087 64.937 3.68311 3.3079 69.0504 971.914
201.637 65.1527 3.69742 3.28246 45.8329 911.149
203.551 65.5276 3.74327 3.34156 49.8039 847.896
205.119 65.4924 3.72274 3.33799 64.3009 783.134
207.195 65.6571 3.6931 3.30854 111.65 715.881
208.623 65.8937 3.6864 3.35895 133.743 685.474
210.457 65.8251 3.68656 3.24472 119.114 624.846
212.122 65.8371 3.71494 3.37823 143.903 583.68
214.18 66.267 3.75812 3.51174 44.2264 589.804
214.181 66.267 3.71296 3.43671 63.2447 589.79
218.473 66.2305 3.76574 3.43986 69.2542 564.114
221.631 66.2191 3.74455 3.29053 117.692 596.118
225.657 65.8052 3.7113 3.33955 178.742 653.755
213.052 64.4091 3.64593 3.31039 142.577 425.512
199.305 63.8864 3.75279 3.30201 32.0004 981.358
205.522 64.7962 3.68669 3.26582 65.758 727.932
208.018 65.18 3.69935 3.32787 127.019 652.731
210.64 65.1479 3.6557 3.20056 132.6 561.081
216.846 65.3064 3.65101 3.10829 51.6939 460.458
218.385 65.6035 3.7767 3.38529 112.156 494.122
220.064 65.4483 3.73858 3.33797 102.372 491.547
221.694 65.3609 3.69091 3.32607 148.95 509.718
223.623 65.2225 3.67748 3.31093 141.412 543.764
196.446 62.7492 3.71509 3.29429 74.6427 1114.49
199.398 63.2842 3.72835 3.28434 64.2702 967.84
200.922 63.3965 3.74366 3.28133 50.1056 893.632
203.285 63.465 3.73773 3.25903 75.6365 779.058
204.379 63.994 3.69046 3.13797 42.9738 742.977
205.853 64.1767 3.69468 3.11719 56.9372 683.372
214.63 64.613 3.6953 3.32318 120.175 409.288
216.201 64.5654 3.5939 3.36901 23.0824 382.585
216.436 64.5012 3.66933 3.09472 109.957 373.583
221.784 64.453 3.67258 3.26608 83.9072 423.459
221.784 64.4525 3.62721 3.28054 124.816 423.396
223.67 64.5753 3.65676 3.30163 182.323 489.573
195.344 61.9331 3.71882 3.29538 84.3612 1176.51
198.469 62.2938 3.70132 3.28179 112.874 1011.16
201.699 62.7161 3.70832 3.26336 114.508 846.006
205.93 63.3569 3.71727 3.19749 94.7675 648.125
214.222 63.8036 3.66892 3.27504 153.068 337.808
222.48 63.8433 3.65628 3.30399 312.284 390.397
197.317 61.3416 3.69549 3.28006 135.101 1080.53
198.513 61.678 3.6952 3.29284 118.155 1012.94
200.525 61.7105 3.67462 3.25442 195.531 906.504
201.703 62.1344 3.68207 3.24692 142.971 843.144
203.311 62.2195 3.6773 3.22103 131.217 759.576
205.146 62.1816 3.66737 3.20683 253.726 664.011
206.12 62.4787 3.67865 3.19181 189.437 617.382
193.799 60.3849 3.69384 3.31795 138.98 1288.76
196.65 60.4135 3.69275 3.28055 168.789 1135.4
198.04 60.7515 3.68183 3.27585 162.444 1052.93
199.312 60.6947 3.68175 3.24829 142.695 986.057
201.041 61.0224 3.66941 3.23475 168.354 887.249
202.562 61.4009 3.66563 3.18448 165.887 801.112
204.176 61.4907 3.66293 3.19436 177.926 714.558
205.609 61.9037 3.64896 3.19583 266.259 638.199
206.868 61.8823 3.63815 3.14857 212.634 571.922
209.88 61.7531 3.6372 3.19737 261.453 412.577
223.206 62.5763 3.70856 3.21115 316.341 336.047
225.609 62.2024 3.73219 3.19472 224.412 441.816
198.315 59.9237 3.69566 3.30459 144.033 1059.76
199.908 60.1686 3.68416 3.31094 184.56 966.951
201.231 60.4742 3.67569 3.2692 252.745 887.969
202.813 60.5269 3.67466 3.25078 186.512 801.68
204.11 60.6801 3.67302 3.24969 246.097 728.68
205.516 60.8132 3.65529 3.23105 235.475 650.607
207.791 61.2001 3.64172 3.15602 213.867 523.417
224.22 61.4862 3.66534 3.31245 334.606 359.392
226.918 61.1512 3.68259 3.30666 229.521 504.69
198.736 59.2533 3.71099 3.32764 150.691 1059.98
200.175 59.1767 3.71753 3.30459 113.799 985.74
201.907 59.5938 3.71099 3.2931 178.038 877.485
202.905 59.7733 3.70566 3.28781 185.413 817.81
204.792 59.8542 3.71336 3.27593 180.27 714.102
205.68 60.1952 3.6915 3.26951 158.607 655.972
207.376 60.0815 3.68613 3.22699 174.755 568.733
210.276 60.4814 3.69633 3.25086 263.255 402.24
223.909 60.7704 3.62558 3.28091 225.834 348.205
190.452 56.6011 3.75124 3.37136 46.4649 1628.91
202.009 59.0314 3.72531 3.28944 155.281 893.733
203.561 59.1953 3.73639 3.25639 142.487 804.524
204.771 59.3922 3.74304 3.28501 185.971 732.332
206.768 59.6524 3.72108 3.23943 241.31 616.403
226.285 59.5898 3.69617 3.29983 158.926 513.921
227.183 60.2114 3.67575 3.30058 217.132 537.609
212.566 65.1171 3.67688 3.3603 180.692 504.217
203.344 58.6774 3.74881 3.26638 115.387 839.142
204.113 58.2637 3.74434 3.19598 80.0436 820.333
204.991 58.6484 3.76328 3.20478 128.408 754.921
206.355 58.9287 3.74801 3.18008 143.258 670.474
207.606 58.6097 3.73211 3.23502 169.128 624.568
227.731 58.9601 3.72091 3.29634 134.751 618.775
202.426 57.5673 3.71381 3.29635 93.2207 945.83
203.613 57.6397 3.70818 3.27548 59.6221 881.362
205.548 57.5665 3.71831 3.28901 104.075 790.029
229.033 59.3946 3.70226 3.3393 179.56 665.636
197.939 55.703 3.73197 3.29843 60.0648 1290.04
200.447 56.2848 3.72865 3.30253 80.0832 1125.44
223.768 57.9616 3.77246 3.50728 65.4912 502.864
225.424 57.4688 3.75642 3.58301 51.8605 610.279
228.869 57.9128 3.73638 3.22529 80.6874 736.202
227.048 56.8144 3.79888 3.73765 26.1342 731.049
229.75 56.9811 3.72834 3.24022 81.3097 840.691
212.138 64.8735 3.67144 3.38961 153.871 493.002
210.428 68.6408 3.74056 3.35104 92.5104 895.111
226.879 56.1146 3.80485 3.44867 41.8377 781.931
228.385 55.3279 3.77991 3.61658 32.9232 909.818
218.842 64.7774 3.7603 3.35818 200.473 405.633
209.768 62.6893 3.70602 3.09512 90.1315 440.375
211.063 63.7323 3.63763 3.07835 137.045 437.768
211.14 63.4057 3.68469 3.11631 144.345 413.443
210.176 67.8516 3.74759 3.40105 51.1162 821.408
209.736 66.2066 3.7174 3.23188 70.7646 678.491
210.418 68.0789 3.74543 3.36844 31.3273 839.047
211.301 69.7162 3.73753 3.41358 42.9672 992.702
209.329 66.7192 3.70902 3.23389 31.1821 734.91
198.722 65.4015 3.71207 3.32029 47.5073 1048.59
211.164 69.0223 3.73204 3.37196 45.5725 922.254
194.662 64.5695 3.69785 3.31429 47.2782 1215.49
211.554 70.2036 3.7377 3.38849 29.781 1041.01
204.534 64.74 3.65172 3.29633 17.9396 767.186
211.306 69.424 3.73962 3.3901 54.0307 962.029
210.41 68.6274 3.74809 3.36603 55.5817 894.067
209.89 67.3812 3.71081 3.32136 53.4021 782.208
210.457 65.825 3.71767 3.22416 62.1074 624.828
210.84 64.6544 3.69311 3.32021 68.8453 514.249
210.867 64.709 3.69769 3.2764 104.853 517.734
210.853 64.7716 3.6982 3.29083 75.2611 523.246
210.847 64.8338 3.70121 3.23991 61.3188 528.52
210.819 64.8857 3.69656 3.23757 90.0527 533.69
210.44 64.87 3.69703 3.32445 119.124 544.755
210.174 64.8537 3.69458 3.33245 103.817 552.388
210.069 64.7653 3.68544 3.33034 119.623 549.184
210.917 64.5498 3.68061 3.31672 106.81 503.381
210.782 64.5716 3.68142 3.28922 69.2696 509.674
210.554 64.5756 3.68039 3.36333 147.997 517.821
210.901 64.613 3.67761 3.30112 92.4664 508.934
211.172 64.6917 3.68516 3.28583 109.163 506.389
231.424 54.17 3.79683 3.66556 19.8578 1134.85
209.768 62.6892 3.70608 3.09517 90.1315 440.382
209.968 60.4881 3.70876 3.20513 239.671 418.446
210.253 60.4731 3.72315 3.23854 109.925 403.679
208.919 60.4641 3.69268 3.18916 105.197 475.17
210.813 60.8045 3.68548 3.20442 197.217 365.985
209.81 60.4601 3.70731 3.21565 181.245 427.656
211.376 60.7866 3.69012 3.26272 141.577 336.112
