# evlo=219.217194 evla=60.129398
225.449 60.24 3.68106 3.39332 207.304 345.891
194.627 64.5646 3.70874 3.38679 68.7845 1355.66
225.144 58.5792 3.81421 3.36943 151.805 378.614
209.013 64.0997 3.69021 3.39048 130.528 691.107
209.094 59.7511 3.72865 3.32889 201.424 566.916
210.701 64.1732 3.69254 3.25041 74.0753 631.679
208.846 60.7683 3.68902 3.20321 187.312 574.656
212.195 64.6453 3.67603 3.27203 95.623 619.955
200.411 54.831 3.76562 3.36773 110.528 1266.97
207.685 63.8827 3.65241 3.33867 70.7329 733.141
209.796 67.2269 3.71561 3.35811 80.4026 916.124
209.738 62.4058 3.76407 3.13765 137.164 567.622
212.624 63.0753 3.61672 3.25321 97.1707 479.413
215.93 63.6482 3.65666 3.1765 147.032 428.421
196.582 54.8564 3.76456 3.37104 62.3642 1469.45
209.784 61.1426 3.69224 3.25261 200.226 527.956
188.296 63.7758 3.72439 3.3996 65.9696 1654.83
203.121 64.7461 3.71354 3.37209 49.6895 973.527
211.074 61.771 3.72437 3.17714 168.648 477.294
212.904 60.8792 3.69284 3.31374 292.507 356.66
213.052 64.4091 3.67046 3.18287 81.4065 573.923
208.348 59.6572 3.71861 3.31173 229.236 609.998
225.615 58.2758 3.84129 3.36856 107.465 419.598
211.542 61.4131 3.70533 3.23361 210.342 441.762
197.4 66.8951 3.74617 3.32121 28.9886 1311.18
209.077 63.5527 3.64046 3.22364 52.7738 655.183
211.063 63.7318 3.66257 3.30738 134.49 586.206
211.768 64.9602 3.68261 3.29168 109.731 660.01
209.256 65.0304 3.69868 3.27939 113.904 747.042
210.931 64.5928 3.7 3.25118 132.212 655.882
214.53 62.9699 3.6174 3.26092 170.656 402.66
214.475 65.5174 3.70858 3.36843 82.1758 646.931
207.811 62.8962 3.74698 3.07528 73.2941 679.724
211.667 60.8584 3.68647 3.34915 220.811 422.65
210.261 61.0889 3.69769 3.26182 250.639 501.626
197.092 68.0541 3.74197 3.2708 32.462 1381.24
215.154 63.7399 3.6956 3.22147 138.265 455.236
211.14 63.4056 3.6524 3.31661 80.8196 560.69
211.668 61.807 3.74047 3.23575 199.393 449.214
212.671 61.832 3.77885 3.24399 199.566 401.743
216.01 63.9761 3.64612 3.26463 134.314 460.225
205.816 56.5593 3.79725 3.63169 105.716 877.664
208.468 61.98 3.72569 3.25245 198.117 615.256
209.777 60.5117 3.70335 3.32509 241.837 522.946
189.752 57.1766 3.75641 3.42786 117.301 1726.6
209.253 61.4636 3.70402 3.26721 240.991 561.937
210.547 60.1043 3.70837 3.29021 239.049 481.73
192.073 65.5598 3.71674 3.32543 39.4133 1494.16
209.711 63.4502 3.65671 3.17441 56.5913 622.301
211.449 62.8295 3.76456 3.03375 82.4153 511.217
211.415 62.9628 3.70646 3.02029 27.7955 520.82
211.462 62.6812 3.73343 3.01478 31.4477 501.937
212.058 62.8349 3.67835 2.97997 47.1868 485.779
211.771 63.0624 3.6879 3.08336 32.9575 512.389
212.26 62.5808 3.76493 3.07005 88.0484 461.314
211.152 62.8331 3.77886 3.04079 62.4033 524.254
211.908 64.4716 3.67412 3.21035 125.133 614.019
207.417 57.7828 3.77536 3.40368 177.475 726.448
212.138 64.8736 3.68193 3.29273 117.934 641.572
198.929 70.2043 3.7226 3.27614 39.4943 1457.33
203.383 71.3221 3.72964 3.29575 74.2765 1433.99
234.753 71.9871 3.86004 3.44494 55.8393 1487.39
198.198 69.3641 3.72516 3.31708 56.0355 1421.77
194.656 68.2746 3.74809 3.23495 28.9442 1482.38
198.806 68.6483 3.71729 3.29072 47.4418 1355.93
200.413 69.1049 3.72106 3.30355 48.1662 1334.66
211.299 69.72 3.72601 3.30156 59.8554 1130.76
215.088 69.9175 3.70824 3.40105 84.4442 1107.88
216.289 69.626 3.69516 3.32929 56.8595 1067.52
235.93 69.3475 3.82563 3.38354 123.32 1290.95
196.917 67.6988 3.74015 3.29321 34.7046 1369.09
201.885 68.4946 3.71124 3.34314 53.8481 1245.47
203.387 68.7132 3.71043 3.36817 39.3277 1216.33
219.035 69.243 3.75735 3.35872 45.371 1016.08
221.263 69.3286 3.76937 3.32181 47.6508 1030.07
198.174 67.082 3.72975 3.33139 56.0885 1289.79
199.397 67.4213 3.74651 3.32292 40.5297 1261.58
202.768 67.4572 3.72078 3.32211 53.2147 1144.14
203.811 68.2575 3.70057 3.35881 55.7829 1168.65
206.028 68.4414 3.71381 3.2987 52.6042 1120.38
208.187 68.1343 3.71825 3.32271 51.4975 1038.13
210.384 68.0584 3.73401 3.33046 59.541 981.073
211.513 68.0748 3.71992 3.35719 70.7098 960.374
218.405 68.1861 3.74544 3.43829 83.1803 898.999
220.465 68.6043 3.7521 3.36977 52.3108 946.667
222.103 68.3889 3.76481 3.34799 47.6321 931.083
223.281 66.3701 3.80542 3.35359 94.1022 724.586
195.352 65.7077 3.71643 3.37339 24.9442 1351.29
198.75 66.442 3.71954 3.35772 37.5269 1235.81
200.349 66.6001 3.74356 3.40351 33.3206 1180.28
202.227 66.8332 3.73852 3.32934 40.4421 1122.72
204.275 67.0486 3.71766 3.32172 65.1755 1064.88
206.517 67.2221 3.69354 3.3505 78.3179 1006.13
207.821 67.5076 3.71286 3.34694 69.3959 992.366
212.113 67.5187 3.73177 3.2882 72.2633 893.568
215.855 67.6946 3.69518 3.35258 64.8372 859.017
220.128 67.6136 3.75402 3.37391 62.4278 835.475
224.214 67.6106 3.81997 3.32892 31.1928 868.698
226.258 67.441 3.79353 3.27651 120.294 884.596
195.961 64.9941 3.71879 3.38003 38.4918 1303.36
197.645 65.3936 3.71022 3.30416 27.0411 1239.72
199.349 65.5011 3.71072 3.27809 37.4961 1169.42
201.346 65.895 3.70712 3.28431 32.589 1103.83
202.913 66.1434 3.72055 3.34598 57.9027 1055.5
206.494 66.5156 3.72807 3.28982 74.688 952.097
208.493 66.9214 3.6898 3.36793 54.1142 923.551
209.976 66.7108 3.70816 3.35823 82.2662 864.746
212.525 66.7004 3.72498 3.34642 65.1967 804.088
213.899 66.7653 3.73747 3.40608 57.5621 785.173
216.215 66.9498 3.6972 3.34253 74.1858 774.562
218.345 66.8088 3.72884 3.35489 65.0336 745.791
221.978 66.9116 3.76564 3.33579 53.068 768.198
223.778 66.9808 3.7808 3.29394 80.5638 796.148
225.729 66.9227 3.80255 3.26525 59.5778 822.624
197.761 64.6379 3.71644 3.34827 47.2202 1210.76
200.087 64.937 3.71577 3.32389 43.7912 1114.9
201.637 65.1527 3.7083 3.23257 47.2468 1056.07
203.551 65.5276 3.70931 3.28334 34.2505 995.329
205.119 65.4924 3.72068 3.3165 46.9467 931.42
207.195 65.6571 3.70533 3.33624 75.0161 865.296
208.623 65.8937 3.71165 3.34219 87.9106 834.914
210.457 65.8251 3.72029 3.28946 97.0898 773.34
212.122 65.8371 3.71392 3.31197 90.3069 729.844
214.18 66.267 3.71663 3.4737 21.1068 729.019
218.473 66.2305 3.71722 3.33604 82.7182 681.071
221.631 66.2191 3.7452 3.44169 49.3348 689.456
225.657 65.8052 3.75554 3.31619 88.6916 711.177
214.843 62.3987 3.63998 3.05809 102.992 344.862
213.052 64.4091 3.67046 3.18287 81.4065 573.923
199.305 63.8864 3.67841 3.37519 30.7156 1118.17
205.522 64.7962 3.7432 3.25773 43.8971 874.52
208.018 65.18 3.70742 3.24913 84.0637 801.962
210.64 65.1479 3.68804 3.31409 122.053 710.404
216.846 65.3064 3.71884 3.32438 83.4845 589.521
218.385 65.6035 3.71073 3.3795 72.7215 611.594
220.064 65.4483 3.68108 3.2362 85.4492 594.395
221.694 65.3609 3.76846 3.3069 77.3638 596.554
223.623 65.2225 3.73705 3.18999 96.4151 610.543
196.446 62.7492 3.74323 3.28922 52.6053 1242.47
199.398 63.2842 3.73553 3.24984 43.1443 1100.56
200.922 63.3965 3.75532 3.21681 24.4392 1028.01
203.285 63.465 3.72602 3.16617 40.4787 915.76
204.379 63.994 3.67337 3.2595 51.5602 884.479
205.853 64.1767 3.67521 3.3623 91.5538 827.526
214.63 64.613 3.6924 3.36245 123.473 552.903
216.436 64.5012 3.70193 3.30002 87.3735 508.008
221.784 64.453 3.75059 3.24648 53.8722 499.84
221.784 64.4525 3.76414 3.30713 74.3089 499.778
223.67 64.5753 3.69889 3.2604 158.492 546.221
195.344 61.9331 3.73287 3.30563 73.5218 1298.34
198.469 62.2938 3.74115 3.2901 96.405 1135.64
201.699 62.7161 3.74109 3.29372 119.734 975.145
205.93 63.3569 3.72985 3.10088 31.6151 786.821
214.222 63.8036 3.68528 3.15685 151.392 485.828
217.924 64.0292 3.67792 3.33497 171.799 439.818
222.48 63.8433 3.71392 3.32536 162.683 447.704
197.317 61.3416 3.72158 3.26636 102.898 1196.66
198.513 61.678 3.7187 3.27207 106.857 1131.83
200.525 61.7105 3.71111 3.27323 119.295 1025.38
201.703 62.1344 3.72029 3.25441 115.883 966.558
203.311 62.2195 3.72129 3.23787 123.851 884.484
205.146 62.1816 3.71928 3.25538 181.482 789.585
206.12 62.4787 3.73022 3.2391 128.702 747.487
216.652 63.0254 3.69539 3.24112 123.592 350.245
221.871 63.109 3.69024 3.29094 170.976 360.585
193.799 60.3849 3.71348 3.33219 110.262 1398.87
196.65 60.4135 3.71443 3.32826 105.957 1243.21
198.04 60.7515 3.71131 3.3083 143.417 1162.92
199.312 60.6947 3.70451 3.29225 136.308 1094.48
201.041 61.0224 3.70422 3.30224 112.25 998.26
202.562 61.4009 3.71253 3.26264 106.138 916.176
204.176 61.4907 3.70215 3.25744 173.304 830.676
205.609 61.9037 3.71218 3.24183 140.192 760.457
206.868 61.8823 3.70396 3.23415 178.321 694.8
209.88 61.7531 3.71823 3.21858 198.243 536.961
212.274 61.7929 3.7632 3.27539 171.849 419.055
213.825 62.1067 3.79601 3.03909 199.959 364.554
223.206 62.5763 3.66478 3.25856 287.802 346.151
225.609 62.2024 3.68754 3.3472 259.265 414.13
198.315 59.9237 3.70684 3.31914 98.4606 1160.78
199.908 60.1686 3.69859 3.30867 110.196 1068.79
201.231 60.4742 3.70001 3.30694 184.57 992.117
202.813 60.5269 3.69684 3.26627 129.484 904.984
204.11 60.6801 3.70052 3.25431 183.192 833.051
205.516 60.8132 3.69433 3.24319 185.13 756.057
207.791 61.2001 3.68941 3.21408 244.686 635.164
226.918 61.1512 3.75057 3.25115 188.178 436.206
198.736 59.2533 3.72626 3.32423 96.8268 1152.91
200.175 59.1767 3.73211 3.38115 109.151 1075.08
201.907 59.5938 3.7253 3.34476 222.479 968.993
202.905 59.7733 3.71435 3.33292 166.463 910.076
204.792 59.8542 3.72085 3.33812 214.841 804.106
205.68 60.1952 3.70697 3.29449 132.484 750.397
207.376 60.0815 3.71114 3.30596 240.126 657.774
210.276 60.4814 3.69915 3.32778 244.853 495.487
190.452 56.6011 3.76438 3.46211 62.7012 1714.05
202.009 59.0314 3.73569 3.37686 160.552 977.149
203.561 59.1953 3.74129 3.37035 193.399 886.511
204.771 59.3922 3.73771 3.37026 175.968 814.411
206.768 59.6524 3.72549 3.32949 194.535 697.925
212.597 59.9979 3.69381 3.29566 224.602 368.839
226.285 59.5898 3.69948 3.38096 192.07 400.406
227.183 60.2114 3.71669 3.38766 287.914 442.008
212.566 65.1171 3.69733 3.32026 127.649 651.573
204.113 58.2637 3.76515 3.34794 150.661 885.662
204.991 58.6484 3.75852 3.34379 161.172 823.338
207.606 58.6097 3.77091 3.39073 194.678 680.574
227.731 58.9601 3.72205 3.42451 151.956 498.487
202.426 57.5673 3.76415 3.31678 153.969 1007.32
203.613 57.6397 3.77545 3.32662 84.5846 939.06
205.548 57.5665 3.77039 3.37411 92.3988 837.318
224.26 58.4133 3.88996 3.59161 103.45 345.17
225.482 58.2747 3.85106 3.30465 82.5811 413.061
229.033 59.3946 3.70864 3.40306 181.881 557.14
197.939 55.703 3.74632 3.33973 84.9408 1346.73
200.447 56.2848 3.74927 3.36187 74.7744 1178.67
223.768 57.9616 3.85013 3.35933 117.649 355.591
225.424 57.4688 3.83989 3.37128 74.4295 465.043
228.869 57.9128 3.78675 3.42402 130.406 606.156
227.048 56.8144 3.84004 3.40745 61.8303 586.826
229.75 56.9811 3.7855 3.43165 95.5712 705.231
212.138 64.8735 3.67926 3.29633 83.3705 641.569
210.428 68.6408 3.72692 3.39152 95.9324 1036.98
226.879 56.1146 3.85965 3.66758 78.5098 634.728
229.974 55.9154 3.78927 3.44284 64.1631 788.646
228.385 55.3279 3.85789 3.64589 75.2288 763.13
218.842 64.7774 3.66079 3.24855 120.589 518.391
227.653 56.4191 3.82599 3.45478 82.8642 644.025
211.063 63.7323 3.66266 3.30746 134.49 586.22
211.14 63.4057 3.65241 3.31662 80.8196 560.691
210.176 67.8516 3.73066 3.32013 59.3565 965.67
209.736 66.2066 3.71335 3.22117 52.6751 826.962
210.418 68.0789 3.73769 3.31034 29.357 982.334
211.301 69.7162 3.7363 3.40102 36.6996 1130.33
209.329 66.7192 3.70652 3.35434 58.5037 882.837
198.722 65.4015 3.69944 3.25106 23.6581 1192.68
211.164 69.0223 3.72896 3.35423 66.1237 1061.78
211.489 65.5114 3.72752 3.24753 56.5891 716.59
210.41 68.6274 3.74566 3.37847 33.114 1036
209.89 67.3812 3.72439 3.35331 56.6062 928.047
210.457 65.825 3.71746 3.24383 45.7829 773.322
210.867 64.709 3.69259 3.26601 47.0907 667.274
210.853 64.7716 3.68888 3.27006 62.9431 672.767
210.847 64.8338 3.67543 3.27758 32.3308 678.012
210.819 64.8857 3.67307 3.27626 60.0195 683.159
210.44 64.87 3.68757 3.26525 93.6237 694.302
210.174 64.8537 3.69911 3.28379 112.457 701.941
210.069 64.7653 3.70065 3.25655 102.246 698.701
210.917 64.5498 3.71371 3.20055 68.7471 652.935
210.782 64.5716 3.73466 2.98975 34.339 659.224
210.554 64.5756 3.70858 3.20522 98.3804 667.341
210.901 64.613 3.69917 3.26348 72.2561 658.489
211.172 64.6917 3.70562 3.28823 76.3748 655.877
232.744 52.294 3.8582 3.50574 23.534 1206.21
232.847 52.3171 3.856 3.55804 23.502 1208.57
233.933 52.3681 3.7933 3.53221 17.4927 1251.4
234.15 52.4019 3.80414 3.53952 17.3352 1258.2
234.917 52.3782 3.77749 3.47737 21.7666 1294.83
208.919 60.4641 3.70764 3.23191 23.1924 570.147
209.81 60.4601 3.67533 3.23702 39.8499 521.101
211.376 60.7866 3.65082 3.19471 36.4149 437.36
