# evlo=218.855698 evla=60.439899
225.449 60.24 3.66007 3.33294 173.019 364.658
194.627 64.5646 3.70557 3.38257 85.0303 1320.61
225.144 58.5792 3.82652 3.30655 101.552 411.771
209.013 64.0997 3.68178 3.25743 85.5104 652.784
209.094 59.7511 3.72682 3.29105 222.152 548.022
209.259 59.7417 3.72601 3.27946 256.328 539.188
210.701 64.1732 3.69439 3.21773 79.5304 592.502
208.846 60.7683 3.68333 3.28795 162.611 549.005
207.916 63.4188 3.74926 3.0974 58.9306 662.346
212.195 64.6453 3.67767 3.23758 86.1155 580.05
204.378 55.8218 3.77778 3.4752 51.5769 992.953
200.411 54.831 3.75209 3.34922 90.1021 1260.34
207.685 63.8827 3.67718 3.16603 49.8811 695.833
208.763 59.5251 3.7284 3.3094 247.018 572.033
209.796 67.2269 3.71784 3.34659 79.8224 876.243
209.738 62.4058 3.7405 3.16355 154.428 533.211
212.624 63.0753 3.67246 3.04665 80.3916 440.763
215.93 63.6482 3.65827 3.12711 101.14 388.841
196.582 54.8564 3.7443 3.33315 42.5731 1458.7
209.784 61.1426 3.68952 3.25569 142.879 499.831
188.296 63.7758 3.72463 3.37241 59.2577 1621.33
203.121 64.7461 3.7015 3.26393 60.3762 936.435
211.074 61.771 3.68297 3.16686 129.516 444.763
213.052 64.4091 3.68902 3.20956 131.882 533.975
208.348 59.6572 3.72864 3.28467 241.2 591.247
225.615 58.2758 3.82127 3.28866 116.242 453.476
211.542 61.4131 3.67164 3.2339 180.835 410.975
197.4 66.8951 3.72837 3.36527 35.2851 1272.79
209.077 63.5527 3.72334 3.05137 51.3191 617.833
211.063 63.7318 3.63688 3.22973 116.526 547.417
211.768 64.9602 3.69634 3.3074 132.227 620.085
209.256 65.0304 3.70536 3.25746 95.1062 707.594
210.931 64.5928 3.6961 3.22677 132.887 616.266
191.145 52.9721 3.7366 3.32376 124.083 1871.03
214.53 62.9699 3.5825 3.18833 147.646 362.968
214.475 65.5174 3.68835 3.37737 76.8561 607.623
207.811 62.8962 3.72328 3.07851 87.6929 644.806
211.667 60.8584 3.70005 3.34914 175.878 395.818
210.261 61.0889 3.69335 3.25657 242.355 473.669
197.092 68.0541 3.7457 3.26567 59.9615 1342.06
215.154 63.7399 3.67267 3.17445 109.165 415.369
211.14 63.4056 3.6756 3.10329 100.016 522.405
211.668 61.807 3.70259 3.22514 203.163 415.98
212.671 61.832 3.72411 3.30424 195.485 367.353
216.01 63.9761 3.65174 3.17044 113.611 420.918
205.816 56.5593 3.78915 3.54881 133.192 872.421
208.468 61.98 3.70507 3.23674 175.261 583.366
209.777 60.5117 3.69572 3.28102 216.962 498.973
189.752 57.1766 3.75311 3.41861 104.978 1705.82
209.253 61.4636 3.68231 3.23453 253.575 532.179
210.547 60.1043 3.69289 3.25115 282.686 460.999
192.073 65.5598 3.72868 3.31592 50.303 1457.97
209.711 63.4502 3.72227 3.09279 71.4703 584.805
193.495 53.8452 3.7378 3.32819 116.07 1687.63
211.449 62.8295 3.74777 3.06964 108.028 474.06
211.415 62.9628 3.72864 3.01551 60.6901 483.329
211.462 62.6812 3.75665 3.03152 50.2967 465.211
212.058 62.8349 3.73346 3.02974 72.1461 448.112
211.771 63.0624 3.69692 3.01315 55.3511 474.388
212.26 62.5808 3.74795 3.06696 130.566 424.205
211.152 62.8331 3.7666 3.07061 98.8808 487.321
211.908 64.4716 3.68358 3.20608 85.5498 574.223
226.475 68.3065 3.81285 3.32378 65.5572 949.341
207.417 57.7828 3.74317 3.37178 136.941 717.857
212.138 64.8736 3.6793 3.28922 162.478 601.63
203.383 71.3221 3.73518 3.289 56.3513 1394.32
205.026 71.0033 3.73789 3.32191 28.2924 1330.65
234.753 71.9871 3.8608 3.43668 56.458 1462.53
198.198 69.3641 3.71603 3.29573 40.72 1381.97
202.84 70.0079 3.7502 3.24035 27.6996 1294.86
205.387 69.6211 3.71635 3.24365 31.0054 1198.45
194.656 68.2746 3.76174 3.25303 43.6801 1443.35
196.822 68.4753 3.73698 3.24023 32.3514 1374.73
198.806 68.6483 3.7161 3.31721 63.5964 1316.3
200.413 69.1049 3.72795 3.28326 33.6876 1294.8
205.217 69.1565 3.73432 3.26809 47.4832 1162.43
209.387 69.836 3.71564 3.32931 48.0691 1134.87
211.299 69.72 3.72381 3.30162 42.0547 1092.05
215.088 69.9175 3.69745 3.34833 53.9234 1070.84
216.289 69.626 3.70524 3.26586 41.4538 1031.06
235.93 69.3475 3.83 3.40694 118.422 1271.6
196.917 67.6988 3.75584 3.30723 31.7435 1330.16
201.885 68.4946 3.71016 3.34755 38.8495 1205.64
203.387 68.7132 3.71288 3.34768 43.8315 1176.39
207.318 68.8799 3.73536 3.29991 26.6965 1086.49
209.319 68.9656 3.71977 3.37639 52.7658 1050.93
211.177 69.1532 3.70795 3.30164 73.5227 1035.86
213.625 69.322 3.71869 3.43571 46.7373 1019.91
219.035 69.243 3.73212 3.41058 50.1284 981.483
221.263 69.3286 3.75261 3.28915 30.1948 997.347
198.174 67.082 3.73739 3.36311 30.4052 1251.13
199.397 67.4213 3.73138 3.32323 38.0863 1222.49
202.768 67.4572 3.70997 3.32339 45.0548 1104.56
203.811 68.2575 3.70326 3.31578 47.2609 1128.75
206.028 68.4414 3.71376 3.35689 33.7229 1080.43
208.187 68.1343 3.70534 3.31969 43.5661 998.26
210.384 68.0584 3.73325 3.33539 65.0534 941.5
218.405 68.1861 3.71797 3.40847 100.907 863.824
220.465 68.6043 3.77488 3.30426 33.9441 913.397
222.103 68.3889 3.76371 3.20257 26.9677 899.585
223.281 66.3701 3.78737 3.35816 127.576 696.609
195.352 65.7077 3.72131 3.2851 19.962 1314.51
198.75 66.442 3.72884 3.29997 31.2341 1197.62
200.349 66.6001 3.73742 3.33763 32.97 1141.64
202.227 66.8332 3.73397 3.34722 41.1864 1083.56
204.275 67.0486 3.70594 3.2791 49.2285 1025.27
206.517 67.2221 3.70567 3.28979 52.2838 966.228
207.821 67.5076 3.70548 3.31006 52.1868 952.409
212.113 67.5187 3.71696 3.30868 77.7803 854.246
215.855 67.6946 3.70533 3.23184 36.9149 821.656
220.128 67.6136 3.72819 3.3364 48.0472 802.075
224.214 67.6106 3.81785 3.29748 37.5163 840.438
226.258 67.441 3.79919 3.30946 127.881 859.353
195.961 64.9941 3.70583 3.33358 20.5206 1267.46
197.645 65.3936 3.72264 3.27459 29.3398 1202.97
199.349 65.5011 3.70297 3.27685 20.7586 1132.19
201.346 65.895 3.72456 3.31885 31.9136 1065.68
202.913 66.1434 3.71935 3.35184 50.3331 1016.75
206.494 66.5156 3.71675 3.28297 69.477 912.398
208.493 66.9214 3.69095 3.29937 42.9189 883.594
209.976 66.7108 3.70059 3.33532 56.9843 824.807
212.525 66.7004 3.72617 3.30896 54.9258 764.569
216.215 66.9498 3.71958 3.33184 54.5602 737.164
218.345 66.8088 3.69971 3.35077 62.6386 710.392
223.778 66.9808 3.79429 3.28787 51.5367 768.094
225.729 66.9227 3.77771 3.3433 61.272 797.607
197.761 64.6379 3.69793 3.28132 31.2758 1175.14
200.087 64.937 3.7026 3.26704 25.5811 1078.31
201.637 65.1527 3.71064 3.283 38.4995 1018.78
203.551 65.5276 3.74583 3.30368 46.4832 957.047
205.119 65.4924 3.73109 3.31261 50.0508 892.746
207.195 65.6571 3.70268 3.28661 90.878 825.931
208.623 65.8937 3.70388 3.30724 72.3475 795.138
210.457 65.8251 3.71775 3.29013 108.168 733.391
212.122 65.8371 3.70858 3.32373 116.1 689.964
218.473 66.2305 3.68661 3.30829 69.02 645.738
221.631 66.2191 3.80924 3.49963 38.7979 658.86
225.657 65.8052 3.74102 3.32028 58.0838 688.649
213.052 64.4091 3.68902 3.20956 131.882 533.975
205.522 64.7962 3.71116 3.29814 42.1884 836.569
208.018 65.18 3.70832 3.27181 93.8287 762.749
210.64 65.1479 3.68502 3.26485 96.6747 670.579
216.846 65.3064 3.71971 3.41344 127.511 551.904
218.385 65.6035 3.66415 3.34519 85.8349 576.033
220.064 65.4483 3.71515 3.22005 39.5665 561.575
221.694 65.3609 3.77072 3.34037 97.9329 567.013
223.623 65.2225 3.71894 3.26191 84.2168 585.443
196.446 62.7492 3.73536 3.30013 54.5175 1210.69
199.398 63.2842 3.72473 3.20362 34.8527 1067.28
203.285 63.465 3.71012 3.09606 23.5072 881.154
205.853 64.1767 3.66833 3.24663 64.0482 790.46
214.63 64.613 3.678 3.30963 104.529 513.219
216.201 64.5654 3.71669 3.65157 28.8321 479.617
216.436 64.5012 3.71581 3.4656 99.9694 469.449
221.784 64.453 3.73055 3.28968 53.5864 472.012
221.784 64.4525 3.7379 3.31663 54.9337 471.95
223.67 64.5753 3.68661 3.289 83.1739 523.071
195.344 61.9331 3.73451 3.33625 58.0195 1268.41
198.469 62.2938 3.72594 3.28805 89.1407 1104.84
201.699 62.7161 3.7265 3.26634 97.8691 942.862
205.93 63.3569 3.73341 3.15918 75.6431 751.518
214.222 63.8036 3.64628 3.19887 78.9221 445.871
217.924 64.0292 3.62828 3.12093 113.081 402.935
222.48 63.8433 3.67194 3.29484 162.213 423.633
197.317 61.3416 3.71814 3.28196 77.7438 1168.33
198.513 61.678 3.71155 3.28592 97.8752 1102.65
200.525 61.7105 3.70542 3.28937 103.966 996.123
201.703 62.1344 3.71488 3.24801 96.8176 935.942
203.311 62.2195 3.71582 3.24425 91.8907 853.357
205.146 62.1816 3.70913 3.23959 147.254 758.157
206.12 62.4787 3.71276 3.20355 141.994 714.708
221.871 63.109 3.67414 3.23275 158.837 337.272
193.799 60.3849 3.70848 3.32249 113.397 1372.4
196.65 60.4135 3.70518 3.30692 105.407 1217.29
198.04 60.7515 3.7034 3.30147 104.627 1136.32
199.312 60.6947 3.68804 3.28437 117.104 1068.26
201.041 61.0224 3.69067 3.2847 94.4756 971.204
202.562 61.4009 3.69231 3.23569 85.5988 887.882
204.176 61.4907 3.68866 3.25161 117.556 801.969
205.609 61.9037 3.69219 3.23345 163.364 729.925
206.868 61.8823 3.69054 3.22199 155.323 663.984
209.88 61.7531 3.68986 3.22712 187.819 505.36
212.274 61.7929 3.70169 3.26383 222.492 385.308
225.609 62.2024 3.69659 3.26304 214.054 411.331
198.315 59.9237 3.69913 3.29002 83.0906 1136.7
199.908 60.1686 3.69086 3.28923 78.4408 1044.38
201.231 60.4742 3.69111 3.26804 142.517 966.97
202.813 60.5269 3.68885 3.22845 105.899 879.943
204.11 60.6801 3.69045 3.23331 158.566 807.591
205.516 60.8132 3.67962 3.22789 185.42 730.143
207.791 61.2001 3.67076 3.20112 164.38 607.238
226.918 61.1512 3.74036 3.29695 215.127 445.838
198.736 59.2533 3.72059 3.31983 96.6572 1131.07
200.175 59.1767 3.72895 3.32928 86.0094 1054.14
201.907 59.5938 3.71421 3.31758 238.265 947.294
202.905 59.7733 3.70694 3.29323 136.434 888.067
204.792 59.8542 3.71721 3.29627 171.198 782.483
205.68 60.1952 3.7017 3.27148 159.696 727.446
207.376 60.0815 3.6958 3.25526 161.155 635.963
210.276 60.4814 3.69749 3.27578 248.203 471.77
202.009 59.0314 3.73205 3.33877 174.751 957.672
203.561 59.1953 3.73121 3.31981 134.775 867.244
204.771 59.3922 3.73083 3.30727 175.257 794.948
206.768 59.6524 3.71975 3.2618 202.224 678.256
212.597 59.9979 3.68408 3.34956 209.933 350.272
226.285 59.5898 3.69243 3.34868 152.413 424.822
227.183 60.2114 3.70253 3.34491 306.239 460.463
212.566 65.1171 3.70034 3.29859 123.946 611.624
203.344 58.6774 3.74815 3.31172 151.043 896.471
204.113 58.2637 3.76419 3.32559 132.47 870.881
204.991 58.6484 3.75882 3.30062 121.422 807.564
206.355 58.9287 3.7511 3.30333 234.486 722.792
207.606 58.6097 3.75755 3.33292 133.353 667.6
227.731 58.9601 3.74589 3.46555 149.762 525.722
202.426 57.5673 3.75333 3.27042 84.5744 993.837
203.613 57.6397 3.75349 3.27371 72.4842 926.456
205.548 57.5665 3.72793 3.27826 66.7856 827.238
224.26 58.4133 3.87012 3.35446 54.0604 380.704
225.482 58.2747 3.84104 3.28068 59.3439 447.155
229.033 59.3946 3.71404 3.43702 238.777 580.458
197.939 55.703 3.73597 3.31342 80.0916 1335.05
200.447 56.2848 3.73794 3.33965 98.2817 1167.71
223.768 57.9616 3.82984 3.28149 61.3671 393.516
225.424 57.4688 3.86902 3.32539 49.3141 502.003
228.869 57.9128 3.77863 3.419 88.1073 637.15
227.048 56.8144 3.8534 3.29032 36.5607 623.387
229.75 56.9811 3.78663 3.33453 70.6769 738.344
212.138 64.8735 3.67806 3.30247 120.622 601.627
210.428 68.6408 3.71085 3.34808 109.305 997.612
228.385 55.3279 3.84228 3.56489 33.3892 800.866
218.842 64.7774 3.66108 3.03631 62.2381 483.437
227.653 56.4191 3.81354 3.50186 76.6733 680.744
211.063 63.7323 3.63698 3.22981 116.526 547.431
211.14 63.4057 3.67561 3.10329 100.016 522.406
210.176 67.8516 3.7357 3.30656 22.8839 925.993
209.736 66.2066 3.76497 3.25559 23.2097 787.011
210.418 68.0789 3.76124 3.32824 15.8064 942.775
209.329 66.7192 3.75793 3.21443 24.1223 842.879
211.164 69.0223 3.7048 3.2923 18.6311 1022.76
211.489 65.5114 3.74365 3.21981 33.8161 676.63
211.306 69.424 3.77048 3.32028 19.9067 1061.5
210.457 65.825 3.74254 3.17831 33.2779 733.373
210.84 64.6544 3.70117 3.19181 55.2778 624.173
210.867 64.709 3.69995 3.19978 56.6296 627.605
210.853 64.7716 3.69588 3.2344 49.8566 633.066
210.847 64.8338 3.69743 3.24657 43.4546 638.28
210.819 64.8857 3.69125 3.23976 62.7587 643.408
210.44 64.87 3.6943 3.24664 75.2119 654.646
210.174 64.8537 3.69935 3.26178 65.6514 662.364
210.069 64.7653 3.68853 3.2553 71.8799 659.214
210.917 64.5498 3.6959 3.21092 77.849 613.352
210.782 64.5716 3.702 3.16438 77.8044 619.665
210.554 64.5756 3.70021 3.23591 83.1978 627.849
210.901 64.613 3.69681 3.22328 68.4693 618.868
211.172 64.6917 3.69681 3.21558 84.3477 616.142
210.813 60.8045 3.72911 3.34601 142.839 441.928
209.81 60.4601 3.67111 3.34004 34.7104 497.493
211.376 60.7866 3.68181 3.47485 31.2621 411.199
