# evlo=209.970596 evla=61.6954
217.908 60.4896 3.69626 3.16148 154.872 448.501
217.507 60.403 3.71175 3.1554 143.207 431.559
218.338 61.0595 3.64203 3.18459 166.481 452.596
216.3 60.3932 3.72619 3.15689 97.871 371.286
216.716 60.1205 3.73252 3.15957 130.302 405.664
216.679 60.2805 3.72689 3.15513 116.933 395.626
218.244 60.7315 3.67537 3.20317 140.461 457.102
217.659 60.6024 3.70262 3.16312 185.65 431.319
216.749 60.4427 3.71624 3.16909 215.532 391.457
217.639 60.9231 3.6636 3.17777 192.454 419.556
217.277 60.2474 3.72083 3.15215 135.3 427.004
218.995 60.824 3.66855 3.17927 116.848 493.517
216.976 61.3836 3.61616 3.20363 225.69 374.032
218.049 60.1785 3.70816 3.14385 95.3632 469.091
226.475 68.3065 3.81368 3.3698 65.2054 1065.87
207.417 57.7828 3.67522 3.02828 123.195 458.862
212.138 64.8736 3.70848 3.28655 80.1336 370.531
218.842 64.7774 3.74867 3.29725 117.843 562.058
210.176 67.8516 3.76082 3.37927 42.2112 686.415
209.736 66.2066 3.78741 3.40027 46.5277 503.021
210.418 68.0789 3.78055 3.54202 40.7281 712.009
211.301 69.7162 3.78602 3.20673 34.8362 896.367
209.329 66.7192 3.73648 3.45425 33.7657 560.912
198.722 65.4015 3.73034 3.36821 59.358 693.695
211.164 69.0223 3.7905 3.42352 39.5065 818.774
211.489 65.5114 3.73964 3.41622 94.5669 431.96
231.846 55.084 3.85658 3.24435 17.3646 1465.87
232.267 55.179 3.8172 3.39373 24.533 1480.23
232.359 55.411 3.80018 3.4099 19.3212 1468.96
232.528 52.1871 3.82157 3.56607 22.3864 1718.79
233.933 52.3681 3.78829 3.61898 17.596 1770.94
234.034 52.3981 3.79272 3.54391 18.7355 1773.41
234.917 52.3782 3.78825 3.54853 16.4213 1817.66
217.908 60.4896 3.69626 3.16148 154.872 448.501
217.507 60.403 3.71175 3.1554 143.207 431.559
218.338 61.0595 3.64207 3.18463 166.481 452.602
216.296 60.3923 3.72494 3.15583 97.8702 371.16
216.716 60.1205 3.73252 3.15957 130.302 405.664
216.679 60.2805 3.72689 3.15513 116.933 395.626
218.244 60.7315 3.67537 3.20317 140.461 457.102
217.659 60.602 3.70254 3.16304 185.65 431.309
216.749 60.4427 3.71624 3.16909 215.532 391.457
217.639 60.9231 3.66351 3.17769 192.454 419.545
217.277 60.2474 3.72083 3.15215 135.3 427.004
218.995 60.8241 3.66853 3.17925 116.848 493.515
216.976 61.3836 3.61616 3.20363 225.69 374.032
218.049 60.1785 3.70816 3.14385 95.3632 469.091
