# evlo=209.968399 evla=60.488098
221.171 59.4924 3.72177 3.3629 38.9826 634.245
217.908 60.4896 3.72926 3.30676 129.96 436.24
217.507 60.403 3.72516 3.31345 150.472 414.861
218.338 61.0595 3.68878 3.21918 157.667 460.161
216.3 60.3932 3.72411 3.4067 114.836 348.599
216.716 60.1205 3.75122 3.43728 175.245 375.121
216.679 60.2805 3.7552 3.4484 164.098 370.661
218.244 60.7315 3.70366 3.27209 141.403 453.773
217.659 60.6024 3.71714 3.32053 191.754 422.027
216.749 60.4427 3.73291 3.39863 244.526 372.9
217.639 60.9231 3.70047 3.28729 233.931 421.447
217.277 60.2474 3.74306 3.38413 176.512 403.945
218.995 60.824 3.6923 3.25435 201.36 494.711
216.976 61.3836 3.69534 3.22532 159.271 392.598
218.049 60.1785 3.74597 3.33816 224.512 447.429
217.533 61.1871 3.70868 3.20506 239.671 418.437
218.652 60.2994 3.74217 3.31231 124.083 478.9
226.475 68.3065 3.77457 3.34179 61.6987 1173.14
212.138 64.8736 3.708 3.22271 94.1348 501.196
218.842 64.7774 3.72922 3.38768 144.876 659.032
218.594 60.1556 3.69141 3.25248 29.3649 477.723
218.628 60.118 3.7096 3.253 33.8244 480.217
218.674 60.1912 3.67502 3.27688 25.9788 481.595
218.614 60.172 3.68503 3.30802 45.0975 478.571
218.545 60.2663 3.70445 3.22533 43.0534 473.441
218.45 60.2235 3.70307 3.29231 54.2794 468.794
218.652 60.1592 3.69064 3.30363 50.3502 480.855
217.908 60.4896 3.72926 3.30676 129.96 436.24
217.507 60.403 3.72516 3.31345 150.472 414.861
218.338 61.0595 3.68882 3.21922 157.667 460.167
216.296 60.3923 3.7222 3.40495 114.836 348.419
216.716 60.1205 3.75122 3.43728 175.245 375.121
216.679 60.2805 3.7552 3.4484 164.098 370.661
218.244 60.7315 3.70366 3.27209 141.403 453.773
217.659 60.602 3.71692 3.32033 191.754 422.002
216.749 60.4427 3.73291 3.39863 244.526 372.9
217.639 60.9231 3.70038 3.2872 233.931 421.437
217.277 60.2474 3.74306 3.38413 176.512 403.945
218.995 60.8241 3.6923 3.25435 201.36 494.712
216.976 61.3836 3.69534 3.22532 159.271 392.598
218.049 60.1785 3.74597 3.33816 224.512 447.429
217.533 61.187 3.70876 3.20513 239.671 418.446
218.652 60.2994 3.74217 3.31231 124.083 478.9
