# evlo=211.666595 evla=60.858398
225.449 60.24 3.40334 2.93791 93.7792 757.997
194.627 64.5646 3.45627 2.91922 76.0694 960.88
217.908 60.4896 3.38335 2.76591 254.735 343.521
217.654 61.036 3.40329 3.09218 109.047 324.979
217.507 60.403 3.36213 2.6486 183.194 323.556
218.338 61.0595 3.36167 2.99065 151.283 361.964
220.363 59.9534 3.39678 2.81531 150.792 489.409
216.3 60.3932 3.36277 2.67007 235.191 258.808
225.144 58.5792 3.45931 2.85399 174.359 798.093
216.716 60.1205 3.35018 2.51406 159.436 289.415
209.013 64.0997 3.45452 3.20262 134.331 386.232
210.701 64.1732 3.4687 2.90005 205.471 372.77
207.916 63.4188 3.42321 2.82107 131.584 345.86
212.195 64.6453 3.44051 3.00243 199.88 422.937
204.378 55.8218 3.39064 2.79903 251.832 704.102
200.411 54.831 3.3327 2.58846 103.317 944.954
207.685 63.8827 3.44752 2.90908 144.617 394.915
208.763 59.5251 3.41862 2.94552 359.516 219.098
209.796 67.2269 3.4709 3.01639 108.213 715.718
216.907 60.7523 3.36737 2.79233 218.869 285.469
217.513 60.0823 3.3407 2.50791 181.011 332.874
221.785 59.0906 3.39333 2.72738 28.9784 597.631
212.624 63.0753 3.44363 3.16819 278.99 252.109
215.93 63.6482 3.46023 3.07729 432.851 381.61
196.582 54.8564 3.46792 2.9191 96.7696 1113.18
214.766 66.5657 3.47947 3.02235 147.068 654.192
188.296 63.7758 3.47801 2.90703 135.777 1246.8
203.121 64.7461 3.42347 2.9074 125.071 613.717
216.188 61.4417 3.43171 2.99477 263.017 251.94
216.679 60.2805 3.38078 2.58392 201.539 282.236
218.244 60.7315 3.39908 2.96018 153.596 358.318
213.052 64.4091 3.45686 3.06836 250.954 402.052
215.738 60.3351 3.35373 2.58334 260.301 230.517
208.348 59.6572 3.43081 2.98434 395.235 227.245
217.659 60.6024 3.37213 2.80351 261.018 328.126
225.615 58.2758 3.47878 2.8673 171.905 837.362
215.581 59.9268 3.41428 2.57488 134.281 239.452
216.749 60.4427 3.36705 2.64481 199.202 281.769
217.639 60.9231 3.4088 3.09273 156.824 324.256
197.4 66.8951 3.45189 2.90749 98.3965 967.632
209.077 63.5527 3.42239 3.15226 204.529 329.078
217.277 60.2474 3.36296 2.59175 146.479 315.133
218.995 60.824 3.38715 3.01661 112.275 398.321
216.976 61.3836 3.42361 3.00001 192.67 292.02
211.063 63.7318 3.44203 2.89133 270.441 321.767
211.768 64.9602 3.45345 2.96787 229.072 457.215
218.049 60.1785 3.35209 2.55675 141.394 358.515
209.256 65.0304 3.44995 2.96789 96.61 480.763
210.931 64.5928 3.47765 2.929 187.793 417.916
216.031 60.2361 3.36222 2.5752 195.834 249.271
191.145 52.9721 3.48739 2.93832 103.496 1517.26
214.53 62.9699 3.43284 3.12421 466.544 279.248
219.747 60.0959 3.38973 2.78331 202.889 452.146
220.599 59.667 3.36329 2.70273 173.51 511.505
214.475 65.5174 3.47917 3.07149 187.687 538.089
207.811 62.8962 3.3918 2.91039 163.415 304.408
217.533 61.1871 3.37817 2.93455 93.4439 319.177
197.092 68.0541 3.4411 2.91194 81.0948 1060.35
215.154 63.7399 3.45556 3.09528 273.036 368.482
218.652 60.2994 3.37916 2.75229 145.449 387.806
211.14 63.4056 3.43125 2.88125 252.04 285.205
219.217 60.1294 3.37102 2.71519 229.131 422.65
216.01 63.9761 3.47503 3.11808 387.042 413.455
205.816 56.5593 3.39723 2.78862 280.09 586.304
208.468 61.98 3.37938 2.79402 175.496 211.581
189.752 57.1766 3.50752 2.96564 84.5922 1316.72
217.161 60.1791 3.34342 2.5391 202.745 311.03
216.221 60.072 3.34769 2.52538 244.594 265.371
218.856 60.4399 3.4161 2.8612 252.014 395.818
217.171 60.7541 3.3744 2.82737 245.78 299.768
192.073 65.5598 3.46499 2.96501 82.7747 1109.88
209.711 63.4502 3.55115 3.00496 148.74 306.285
193.495 53.8452 3.47235 2.92572 102.823 1336.79
216.546 61.2275 3.47423 3.27769 252.766 266.753
211.449 62.8295 3.43898 2.97303 303.028 219.963
211.415 62.9628 3.43852 2.97145 147.074 234.896
212.058 62.8349 3.44102 3.10006 168.303 221.228
211.771 63.0624 3.45065 3.09769 187.535 245.686
211.152 62.8331 3.4634 2.95895 226.216 221.724
217.147 60.448 3.36693 2.65825 210.671 303.139
211.908 64.4716 3.44 3.02286 200.294 402.903
218.249 60.3583 3.37816 2.72992 234.999 364.654
213.052 64.4091 3.45686 3.06836 250.954 402.052
203.344 58.6774 3.48219 2.99166 137.681 526.468
204.113 58.2637 3.46405 3.08693 133.002 515.185
204.991 58.6484 3.45963 3.05055 147.752 448.484
206.355 58.9287 3.42469 3.00001 207.867 366.725
207.606 58.6097 3.38069 2.94442 372.225 338.895
227.731 58.9601 3.41795 2.80671 84.5716 920.842
202.426 57.5673 3.47822 3.0203 111.892 641.759
203.613 57.6397 3.44448 3.00579 148.215 582.208
205.548 57.5665 3.39816 3.00158 140.143 506.202
224.26 58.4133 3.47796 2.84572 94.2448 759.378
225.482 58.2747 3.47519 2.85059 103.229 830.388
197.939 55.703 3.45635 2.89501 69.2971 986.034
200.447 56.2848 3.4567 2.93768 54.571 826.263
228.869 57.9128 3.48886 2.92082 105.856 1027.67
229.75 56.9811 3.49765 2.84858 49.9734 1123.14
212.138 64.8735 3.44244 3.01353 203.639 448.16
210.428 68.6408 3.45662 2.96703 108.071 869.601
211.063 63.7323 3.44258 2.89179 270.441 321.819
211.14 63.4057 3.43131 2.8813 252.04 285.21
217.908 60.4896 3.38335 2.76591 254.735 343.521
217.507 60.403 3.36213 2.6486 183.194 323.556
218.338 61.0595 3.36173 2.9907 151.283 361.97
216.296 60.3923 3.36071 2.66843 235.189 258.649
216.716 60.1205 3.35018 2.51406 159.436 289.415
216.679 60.2805 3.38078 2.58392 201.539 282.236
218.244 60.7315 3.39908 2.96018 153.596 358.318
217.659 60.602 3.37191 2.80333 261.018 328.105
216.749 60.4427 3.36705 2.64481 199.202 281.769
217.639 60.9231 3.40868 3.09263 156.824 324.245
217.277 60.2474 3.36296 2.59175 146.479 315.133
218.995 60.8241 3.38714 3.0166 112.275 398.32
216.976 61.3836 3.42361 3.00001 192.67 292.02
218.049 60.1785 3.35209 2.55675 141.394 358.515
216.031 60.2361 3.36222 2.5752 195.834 249.271
217.533 61.187 3.37827 2.93464 93.4439 319.187
218.652 60.2994 3.37916 2.75229 145.449 387.806
219.217 60.1294 3.37102 2.71519 229.131 422.65
216.221 60.072 3.34769 2.52538 244.594 265.371
218.856 60.4399 3.4161 2.8612 252.014 395.818
216.546 61.2275 3.47423 3.27769 252.766 266.753
