# evlo=211.449097 evla=62.829498
225.449 60.24 3.44698 3.03338 54.046 796.691
194.627 64.5646 3.48983 2.96948 86.1671 851.477
217.908 60.4896 3.43462 3.02513 142.224 429.927
217.654 61.036 3.45676 3.11426 129.483 382.015
217.507 60.403 3.44597 3.01936 103.445 419.728
218.338 61.0595 3.4253 2.9955 142.036 411.62
220.363 59.9534 3.4133 3.00988 121.164 573.38
216.3 60.3932 3.45699 2.95934 160.465 373.922
225.144 58.5792 3.44102 3.08488 98.1022 882.543
216.716 60.1205 3.4375 2.92657 103.888 411.975
215.395 60.9677 3.43044 3.26274 215.243 293.3
209.094 59.7511 3.40214 3.14277 242.897 365.482
209.259 59.7417 3.40944 3.15346 251.874 363.528
208.846 60.7683 3.45329 3.01855 254.865 267.558
204.378 55.8218 3.39541 2.88593 181.038 877.172
207.685 63.8827 3.46247 2.79127 195.239 221.949
208.763 59.5251 3.40174 3.07057 349.408 395.486
209.796 67.2269 3.47445 2.96843 127.881 496.382
216.907 60.7523 3.42923 3.06021 168.36 369.265
218.66 60.9649 3.42738 3.00434 143.267 431.981
217.513 60.0823 3.44973 3.00928 183.305 444.968
214.225 61.1292 3.50468 3.39044 173.713 238.897
215.93 63.6482 3.48634 3.07547 383.497 242.939
214.25 60.5487 3.42931 2.98289 218.581 294.19
196.582 54.8564 3.49462 3.00109 111.45 1229.47
213.401 60.7277 3.46318 3.06842 156.531 255.86
214.766 66.5657 3.48735 3.00587 175.813 445.432
188.296 63.7758 3.52046 2.96732 83.0306 1159.37
203.121 64.7461 3.4735 2.91669 104.001 462.379
216.188 61.4417 3.47761 3.12194 237.62 291.483
212.904 60.8792 3.51394 3.10023 200.794 230.437
215.271 60.5805 3.41898 3.07504 108.89 321.904
216.679 60.2805 3.43705 2.94533 148.792 397.243
218.244 60.7315 3.44147 3.12408 100.431 427.768
213.497 60.396 3.47559 3.0047 138.845 292.103
215.738 60.3351 3.42966 2.96139 103.632 359.227
208.348 59.6572 3.39695 2.95195 226.729 390.633
217.659 60.6024 3.42875 3.06654 158.153 411.377
225.615 58.2758 3.44606 2.99485 70.1468 925.152
215.581 59.9268 3.36325 2.82335 107.488 391.535
216.749 60.4427 3.43327 2.98725 142.031 386.707
217.639 60.9231 3.47736 3.11119 140.033 388.603
197.4 66.8951 3.48222 2.89961 75.5698 802.944
217.277 60.2474 3.44041 3.00644 130.597 422.641
218.995 60.824 3.43259 2.99513 115.202 455.753
216.976 61.3836 3.50604 3.18572 155.737 330.375
211.768 64.9602 3.47144 3.08151 306.837 238.036
218.049 60.1785 3.43881 3.04376 141.801 458.742
209.256 65.0304 3.52688 3.11155 218.028 267.864
216.031 60.2361 3.43678 2.92437 126.81 377.881
191.145 52.9721 3.52141 3.01105 86.3613 1616.52
219.747 60.0959 3.41036 2.97681 113.308 536.551
220.599 59.667 3.4287 2.98518 121.224 603.648
214.475 65.5174 3.50599 2.97356 199.77 333.747
217.533 61.1871 3.43895 3.05349 113.721 367.302
211.667 60.8584 3.43898 2.97303 303.028 219.963
215.323 60.3863 3.40065 2.86968 91.7841 341.036
197.092 68.0541 3.46136 2.89293 108.273 881.135
215.154 63.7399 3.46253 2.96585 415.996 211.747
218.652 60.2994 3.42028 3.05667 122.06 474.995
219.217 60.1294 3.42321 3.01489 126.155 511.217
216.01 63.9761 3.47518 2.9608 333.644 261.206
214.792 60.5341 3.39638 2.68899 120.344 310.965
205.816 56.5593 3.40361 2.91178 245.381 766.519
209.777 60.5117 3.44577 3.10824 207.727 273.034
189.752 57.1766 3.51155 2.94352 129.664 1355.42
217.161 60.1791 3.43492 3.01878 181.052 423.675
216.221 60.072 3.43759 2.82075 117.234 398.8
210.547 60.1043 3.45799 3.12739 316.176 307.46
218.856 60.4399 3.42992 3.035 138.783 474.06
217.171 60.7541 3.4437 3.06475 140.682 380.046
192.073 65.5598 3.49408 2.93336 82.9087 984.835
193.495 53.8452 3.50839 3.00229 89.829 1442.45
216.546 61.2275 3.45836 3.08095 213.801 320.879
217.147 60.448 3.43941 3.028 158.625 401.855
218.249 60.3583 3.4186 3.06474 126.764 453.695
227.653 56.4191 3.47954 3.00332 73.0978 1154.8
218.547 60.1369 4.22553 4.61309 105.325 482.322
217.908 60.4896 3.43462 3.02513 142.224 429.927
217.507 60.403 3.44597 3.01936 103.445 419.728
218.338 61.0595 3.42534 2.99554 142.036 411.624
216.296 60.3923 3.45654 2.95895 160.465 373.874
216.716 60.1205 3.4375 2.92657 103.888 411.975
215.271 60.5805 3.41898 3.07504 108.89 321.904
216.679 60.2805 3.43705 2.94533 148.792 397.243
218.244 60.7315 3.44147 3.12408 100.431 427.768
217.659 60.602 3.42882 3.0666 158.153 411.385
216.749 60.4427 3.43327 2.98725 142.031 386.707
217.639 60.9231 3.47728 3.11112 140.033 388.594
217.277 60.2474 3.44041 3.00644 130.597 422.641
218.995 60.8241 3.43254 2.99509 115.202 455.747
216.976 61.3836 3.50604 3.18572 155.737 330.375
218.049 60.1785 3.43881 3.04376 141.801 458.742
216.031 60.2361 3.43678 2.92437 126.81 377.881
217.533 61.187 3.43909 3.05362 113.721 367.316
218.652 60.2994 3.42028 3.05667 122.06 474.995
219.217 60.1294 3.42321 3.01489 126.155 511.217
216.221 60.072 3.43759 2.82075 117.234 398.8
218.856 60.4399 3.42992 3.035 138.783 474.06
216.546 61.2275 3.45836 3.08095 213.801 320.879
