# evlo=202.912994 evla=66.143402
194.627 64.5646 3.53279 2.99006 162.039 423.572
217.908 60.4896 3.46112 2.94611 69.6137 976.543
217.654 61.036 3.46732 2.9775 53.319 923.421
217.507 60.403 3.4673 2.93331 55.9041 968.527
218.338 61.0595 3.45994 3.00154 65.3678 948.285
220.363 59.9534 3.44768 2.92803 52.0414 1114.01
216.3 60.3932 3.48463 2.97009 69.489 925.225
225.144 58.5792 3.49721 2.95552 29.5807 1414.12
216.716 60.1205 3.47058 2.92166 37.6448 963.306
215.395 60.9677 3.47662 3.00427 100.588 844.482
209.013 64.0997 3.4563 2.84849 97.4288 365.759
209.094 59.7511 3.43179 2.97088 65.3171 777.643
209.259 59.7417 3.43514 2.97551 70.606 781.982
210.701 64.1732 3.56212 2.93958 112.653 425.764
207.916 63.4188 3.53284 3.06215 143.199 385.615
212.195 64.6453 3.55502 2.94473 68.2304 462.073
204.378 55.8218 3.47195 2.99443 55.3998 1152.76
200.411 54.831 3.51528 2.95374 71.3162 1267.65
207.685 63.8827 3.49646 2.99906 178.115 337.69
208.763 59.5251 3.44407 2.9588 65.3693 794.811
209.796 67.2269 3.49927 3.04645 236.189 327.031
216.907 60.7523 3.46535 2.97674 74.8834 917.641
218.66 60.9649 3.45788 2.98457 50.2565 968.195
209.738 62.4058 3.49574 2.86651 83.3626 531.322
217.513 60.0823 3.47587 2.97002 67.8601 995.379
212.624 63.0753 3.48749 2.88165 81.2192 576.093
214.225 61.1292 3.49399 3.05073 99.1527 789.514
215.93 63.6482 3.57952 3.03766 42.4845 674.708
214.25 60.5487 3.45227 2.91825 86.9442 840.837
196.582 54.8564 3.53564 2.98402 103.462 1303.22
213.401 60.7277 3.46013 2.96724 83.5851 797.028
209.784 61.1426 3.49078 3.02212 75.0455 652.367
214.766 66.5657 3.53899 2.98448 155.495 531.965
215.271 60.5805 3.4621 2.95403 48.6621 872.869
216.679 60.2805 3.47195 2.97534 52.8134 948.393
218.244 60.7315 3.45457 2.98317 79.3744 970.075
213.052 64.4091 3.55282 2.92928 78.7769 510.606
217.659 60.6024 3.45727 2.95257 75.7602 958.015
216.749 60.4427 3.47285 2.97082 46.6147 937.305
217.639 60.9231 3.46173 2.9761 65.613 931.706
218.995 60.824 3.45395 2.96615 58.9101 992.207
216.976 61.3836 3.46984 2.98453 86.9719 870.31
211.063 63.7318 3.51488 2.87985 114.42 469.329
218.049 60.1785 3.46325 2.96783 67.8102 1007.24
216.031 60.2361 3.4608 2.88735 46.0242 929.111
217.533 61.1871 3.46651 3.00625 73.182 907.027
218.652 60.2994 3.44811 2.96737 58.3628 1020.16
211.14 63.4056 3.47613 2.9169 121.922 495.684
219.217 60.1294 3.44756 2.94169 83.7683 1055.5
216.221 60.072 3.46369 2.88265 36.599 949.957
218.856 60.4399 3.45342 2.96109 83.1613 1016.75
216.546 61.2275 3.46662 2.98361 74.8641 865.959
212.138 64.8736 3.53196 2.92613 137.327 449.297
198.929 70.2043 3.30109 2.68167 104.081 481.947
203.383 71.3221 3.35958 2.72904 147.52 577.966
205.026 71.0033 3.35073 2.70001 164.24 548.81
234.753 71.9871 3.26631 2.61051 57.6557 1404.5
198.198 69.3641 3.37301 2.6661 77.9335 410.514
202.84 70.0079 3.34822 2.7302 111.353 431.043
205.387 69.6211 3.34839 2.79019 217.369 401.501
206.58 70.34 3.37323 2.76882 245.775 491.859
194.656 68.2746 3.40628 2.77917 122.6 428.404
196.822 68.4753 3.38848 2.9189 117.772 369.059
198.806 68.6483 3.42771 2.84354 141.35 330.157
200.413 69.1049 3.35017 2.61464 131.903 346.9
205.217 69.1565 3.35676 2.78545 156.515 349.934
209.387 69.836 3.39162 2.7936 172.992 492.389
211.299 69.72 3.37478 2.69731 94.583 530.943
215.088 69.9175 3.41565 2.87117 102.74 658.117
216.289 69.626 3.39067 2.85129 81.2074 681.044
196.917 67.6988 3.41691 2.81195 116.178 314.345
201.885 68.4946 3.40135 2.79246 188.316 265.919
203.387 68.7132 3.38081 2.84209 209.954 287.32
207.318 68.8799 3.40828 2.83763 161.231 358.311
209.319 68.9656 3.43013 2.77378 134.85 416.282
211.177 69.1532 3.40015 2.73817 132.767 484.83
213.625 69.322 3.42469 2.91026 105.929 574.039
219.035 69.243 3.39894 2.86253 132.575 762.54
221.263 69.3286 3.40162 2.86477 129.878 849.31
198.174 67.082 3.49351 2.83275 140.651 234.565
199.397 67.4213 3.46703 2.93336 149.201 210.298
203.811 68.2575 3.3984 2.8635 244.596 238.95
206.028 68.4414 3.43232 2.88912 182.659 289.231
208.187 68.1343 3.44684 2.92548 123.029 318.575
210.384 68.0584 3.42318 2.93659 177.213 388.102
214.432 68.1207 3.47059 3.05586 79.8057 545.163
218.405 68.1861 3.48703 2.98389 129.435 706.54
220.465 68.6043 3.48061 2.99253 111.232 798.901
222.103 68.3889 3.49933 2.96519 100.617 860.889
223.281 66.3701 3.53173 2.993 87.5585 911.791
193.671 65.4742 3.53385 3.06796 175.923 428.882
195.352 65.7077 3.52599 3.01174 187.91 347.51
207.821 67.5076 3.45679 2.82548 101.751 263.77
212.113 67.5187 3.49543 3.0142 151.004 431.709
214.357 67.5933 3.49026 2.96906 166.955 526.393
215.855 67.6946 3.48938 2.93209 164.942 590.95
220.128 67.6136 3.52098 2.95125 126.38 769.58
224.214 67.6106 3.51247 2.94343 90.746 943.132
226.258 67.441 3.51943 2.9491 79.9392 1030.81
195.961 64.9941 3.53113 2.95241 187.356 345.364
197.645 65.3936 3.53535 3.08078 198.341 255.323
208.493 66.9214 3.53419 3.05858 159.941 262.679
209.976 66.7108 3.51547 2.96891 190.775 321.426
212.525 66.7004 3.53564 2.99777 170.462 433.215
213.899 66.7653 3.53334 3.00082 121.355 494.132
216.215 66.9498 3.53206 2.98728 128.332 596.644
218.345 66.8088 3.53794 3.00947 110.198 689.793
221.978 66.9116 3.51511 2.98465 87.1132 848.647
223.778 66.9808 3.52716 2.96979 98.581 926.754
225.729 66.9227 3.53035 2.95523 80.4546 1012.26
197.761 64.6379 3.53706 2.9899 166.29 292.321
208.623 65.8937 3.53082 2.98899 194.296 260.459
210.457 65.8251 3.54853 3.08554 158.181 344.356
212.122 65.8371 3.52195 3.06356 196.882 419.297
214.181 66.267 3.55278 3.02838 129.407 507.021
218.473 66.2305 3.53842 3.01641 157.383 699.606
221.631 66.2191 3.53658 2.98326 102.516 840.753
225.657 65.8052 3.54215 2.98873 76.1449 1028.74
214.843 62.3987 3.51226 2.95584 68.3351 711.229
213.052 64.4091 3.55282 2.92928 78.7769 510.606
199.305 63.8864 3.5412 3.02649 268.479 303.641
208.018 65.18 3.55074 3.00727 175.064 258.153
210.64 65.1479 3.54689 2.9327 81.0787 372.327
216.846 65.3064 3.54273 2.99608 112.879 644.818
218.385 65.6035 3.54363 2.97801 112.639 706.708
220.064 65.4483 3.52753 2.95797 114.936 786.293
221.694 65.3609 3.53096 2.95248 81.4698 862.115
223.623 65.2225 3.53661 2.93883 105.518 953.085
196.446 62.7492 3.52197 3.01235 159.933 489.553
199.398 63.2842 3.5285 3.03099 237.923 360.014
200.922 63.3965 3.50285 2.98825 159.263 320.522
203.285 63.465 3.54043 2.96054 155.673 299.134
204.379 63.994 3.50352 2.93566 151.653 249.353
205.853 64.1767 3.54893 3.09421 210.323 258.964
214.63 64.613 3.55735 2.96542 58.214 570.048
216.436 64.5012 3.53644 2.9883 98.3355 654.859
221.784 64.453 3.53402 3.0205 30.5696 896.585
221.784 64.4525 3.53803 3.03066 82.2108 896.578
223.67 64.5753 3.52777 2.98563 86.4502 976.974
195.344 61.9331 3.54084 3.00526 143.12 596.715
198.469 62.2938 3.54376 3.11419 164.866 480.06
201.699 62.7161 3.51957 2.9884 228.976 386.523
205.93 63.3569 3.49719 2.97752 137.066 342.179
214.222 63.8036 3.57005 2.98327 60.3238 593.198
217.924 64.0292 3.55094 3.05711 84.4258 742.052
222.48 63.8433 3.5423 3.00864 72.0007 953.824
197.317 61.3416 3.55254 2.97534 132.376 601.856
198.513 61.678 3.53503 3.09305 186.61 542.308
200.525 61.7105 3.52968 3.02284 187.845 507.763
201.703 62.1344 3.53081 3.01079 174.385 450.766
203.311 62.2195 3.52704 2.9534 128.246 437.862
205.146 62.1816 3.4761 3.00438 73.5009 454.747
206.12 62.4787 3.50557 2.94919 115.517 436.892
216.652 63.0254 3.54898 2.97006 48.0145 742.196
218.173 63.0618 3.60142 3.17127 51.6777 804.568
221.871 63.109 3.54993 3.028 79.824 963.29
193.799 60.3849 3.53779 3.00119 132.522 786.663
196.65 60.4135 3.55128 3.01936 107.386 711.049
198.04 60.7515 3.53952 3.04391 177.053 647.883
199.312 60.6947 3.51881 3.01696 158.105 633.173
201.041 61.0224 3.53211 2.99583 163.342 578.297
202.562 61.4009 3.52072 2.98409 129.247 528.943
204.176 61.4907 3.51984 2.95185 99.2999 522.344
205.609 61.9037 3.48183 2.97346 130.082 490.547
209.88 61.7531 3.49226 3.03045 104.38 596.043
212.274 61.7929 3.49225 3.02623 75.1292 666.134
213.825 62.1067 3.47394 2.9492 109.856 694.81
217.004 62.4013 3.5221 2.94235 62.3636 797.491
218.122 62.3579 3.54093 2.99652 72.2083 846.587
221.538 62.4435 3.5505 3.03424 49.4207 986.702
223.206 62.5763 3.55611 3.01044 58.1956 1051.89
225.609 62.2024 3.56447 3.0207 72.9079 1179.71
198.315 59.9237 3.53664 3.06056 154.401 730.807
199.908 60.1686 3.52764 2.97662 140.431 682.783
201.231 60.4742 3.53502 3.00478 134.528 637.466
202.813 60.5269 3.52643 2.94237 144.464 626.071
204.11 60.6801 3.52438 2.98358 91.3932 611.883
205.516 60.8132 3.48718 2.95704 106.361 608.02
207.791 61.2001 3.47673 2.98779 84.6811 601.21
215.402 61.6061 3.47495 2.96342 133.635 792.949
224.22 61.4862 3.55109 2.99677 42.4504 1163.05
226.918 61.1512 3.55987 2.98886 48.0102 1302.31
198.736 59.2533 3.52938 3.01697 179.889 796.723
200.175 59.1767 3.54008 2.99474 98.4468 788.866
201.907 59.5938 3.52223 2.96559 94.3203 731.781
202.905 59.7733 3.52348 2.95026 118.857 710.014
204.792 59.8542 3.48077 3.03972 64.4394 707.357
205.68 60.1952 3.49775 3.01119 114.471 677.337
210.276 60.4814 3.45422 2.8972 65.069 730.051
219.809 60.7718 3.46716 2.95606 67.221 1028.54
221.424 60.3024 3.48508 2.97971 50.7869 1129.09
223.909 60.7704 3.53123 2.97128 45.4889 1198.03
190.452 56.6011 3.55 3.00482 69.4869 1249.79
202.009 59.0314 3.52297 2.94456 115.91 794
203.561 59.1953 3.54233 2.97514 85.5256 775.105
204.771 59.3922 3.4839 3.04321 65.4859 758.344
212.597 59.9979 3.49949 3.03322 63.1169 839.935
222.262 59.6304 3.47952 2.9786 51.4852 1214.71
223.04 60.1218 3.44308 3.36478 18.4939 1208.66
226.285 59.5898 3.54693 3.00173 35.5763 1383.64
227.183 60.2114 3.53674 3.01513 28.4646 1377.19
212.566 65.1171 3.55183 3.00621 114.95 458.628
203.344 58.6774 3.5499 2.9651 80.1999 832.39
204.991 58.6484 3.50117 3.077 93.143 842.096
213.66 59.4296 3.46953 2.88506 44.3633 925.162
227.731 58.9601 3.55787 2.97261 38.4565 1491.82
202.426 57.5673 3.52723 2.94857 96.9811 956.075
205.548 57.5665 3.51352 2.98742 69.9857 965.623
224.26 58.4133 3.4978 2.98828 53.1655 1391.93
225.482 58.2747 3.49894 2.98989 31.7769 1452.24
229.033 59.3946 3.54041 2.97414 40.9141 1515.22
197.939 55.703 3.52994 3.03682 81.7176 1193.29
200.447 56.2848 3.51981 2.93994 50.6052 1106.31
223.768 57.9616 3.4813 2.95538 46.7339 1409.86
225.424 57.4688 3.50928 3.02445 36.714 1516.18
228.869 57.9128 3.42811 2.90109 21.2092 1620.61
227.048 56.8144 3.51589 3.06613 27.9668 1635.69
229.75 56.9811 3.52765 3.17271 21.7179 1732.03
212.138 64.8735 3.52867 2.93541 54.9663 449.292
210.428 68.6408 3.41229 2.86458 140.127 425.623
226.879 56.1146 3.51888 2.9708 46.204 1688.79
229.974 55.9154 3.50269 3.05365 21.5191 1829.63
228.385 55.3279 3.52949 3.01912 40.1042 1816.32
227.653 56.4191 3.52695 3.10025 25.9005 1693.32
209.931 62.7622 2.40371 1.88254 82.5246 505.604
211.063 63.7323 3.51477 2.87977 114.42 469.315
211.14 63.4057 3.47611 2.91689 121.922 495.682
218.547 60.1369 3.78266 3.48397 48.6789 1029.35
217.908 60.4896 3.46112 2.94611 69.6137 976.543
217.507 60.403 3.4673 2.93331 55.9041 968.527
218.338 61.0595 3.45996 3.00155 65.3678 948.289
216.296 60.3923 3.48446 2.96994 69.489 925.179
216.716 60.1205 3.47058 2.92166 37.6448 963.306
215.271 60.5805 3.4621 2.95403 48.6621 872.869
216.679 60.2805 3.47195 2.97534 52.8134 948.393
218.244 60.7315 3.45457 2.98317 79.3744 970.075
217.659 60.602 3.45732 2.95261 75.7602 958.029
216.749 60.4427 3.47285 2.97082 46.6147 937.305
217.639 60.9231 3.46171 2.97607 65.613 931.699
218.995 60.8241 3.45392 2.96612 58.9101 992.199
216.976 61.3836 3.46984 2.98453 86.9719 870.31
218.049 60.1785 3.46325 2.96783 67.8102 1007.24
216.031 60.2361 3.4608 2.88735 46.0242 929.111
217.533 61.187 3.46657 3.0063 73.182 907.042
218.652 60.2994 3.44811 2.96737 58.3628 1020.16
219.217 60.1294 3.44756 2.94169 83.7683 1055.5
216.221 60.072 3.46369 2.88265 36.599 949.957
218.856 60.4399 3.45342 2.96109 83.1613 1016.75
216.546 61.2275 3.46662 2.98361 74.8641 865.959
