# evlo=200.087402 evla=64.936996
194.627 64.5646 3.50802 2.97385 224.305 263.212
217.908 60.4896 3.45421 2.99904 41.4864 1032.89
217.654 61.036 3.46624 3.03185 50.2467 986.6
217.507 60.403 3.45522 3.00041 46.1905 1020.92
218.338 61.0595 3.46219 3.01077 50.6837 1016.03
220.363 59.9534 3.44393 3.01689 56.0098 1177.8
216.3 60.3932 3.44827 2.94717 52.3004 968.941
225.144 58.5792 3.46258 2.96526 61.0628 1487.01
215.395 60.9677 3.46885 2.97286 64.0775 890.791
209.013 64.0997 3.51046 2.9658 103.886 438.27
209.094 59.7511 3.42643 2.88526 60.8758 741.369
209.259 59.7417 3.42275 2.86713 60.9275 747.567
210.701 64.1732 3.50499 2.90045 92.2624 515.444
208.846 60.7683 3.44659 2.96081 68.2896 643.013
207.916 63.4188 3.46966 2.91245 106.923 416.185
212.195 64.6453 3.54728 2.9575 130.606 575.657
200.411 54.831 3.5341 2.95934 101.548 1126.04
207.685 63.8827 3.49223 2.88483 106.423 384.417
208.763 59.5251 3.4502 2.97378 72.1 751.803
209.796 67.2269 3.52216 3.10113 121.014 507.424
216.907 60.7523 3.45827 2.98375 49.4831 971.349
218.66 60.9649 3.4499 3.01959 57.1143 1036.38
209.738 62.4058 3.45963 2.89733 122.277 554.001
217.513 60.0823 3.45783 2.98744 63.8738 1043.1
212.624 63.0753 3.48706 2.98976 79.2459 646.186
214.225 61.1292 3.47322 3.01771 74.5767 829.317
215.93 63.6482 3.55118 2.97087 45.326 778.27
214.25 60.5487 3.43872 2.86052 72.9661 870.686
196.582 54.8564 3.51805 3.03992 74.8656 1139.64
213.401 60.7277 3.44401 2.89215 79.7112 822.375
209.784 61.1426 3.43406 2.90829 58.4974 646.574
214.766 66.5657 3.53407 2.97264 169.018 695.202
188.296 63.7758 3.56196 2.95602 140.463 583.19
211.074 61.771 3.46976 2.93707 73.9245 652.131
216.188 61.4417 3.47781 3.0314 91.3339 895.97
212.904 60.8792 3.4394 2.89266 99.3553 790.821
215.271 60.5805 3.43924 2.90791 45.8023 911.69
216.679 60.2805 3.4572 2.95235 37.2578 993.158
218.244 60.7315 3.46645 3.04231 56.6367 1032.19
213.052 64.4091 3.55119 2.99934 131.543 620.753
217.659 60.6024 3.45781 2.99218 39.3828 1014.44
216.749 60.4427 3.45386 2.96786 55.9436 985.047
217.639 60.9231 3.47111 3.03297 76.0133 992.992
218.995 60.824 3.45098 3.02644 64.7252 1060.23
216.976 61.3836 3.46918 3.054 76.1521 934.947
211.063 63.7318 3.50329 2.90797 84.5653 546.588
218.049 60.1785 3.45624 3.01364 48.1744 1059.95
216.031 60.2361 3.44048 2.80439 33.7652 968.394
217.533 61.1871 3.46152 3.02355 62.3773 971.899
218.652 60.2994 3.46192 2.96902 35.4581 1078.47
211.14 63.4056 3.49252 2.95219 79.863 563.106
219.217 60.1294 3.45321 2.97989 53.7852 1114.9
216.221 60.072 3.4319 2.81099 45.8896 988.214
218.856 60.4399 3.45486 3.02248 28.4426 1078.31
216.546 61.2275 3.47349 3.00707 76.7275 925.065
212.138 64.8736 3.55381 3.06088 134.221 569.705
198.929 70.2043 3.36231 2.68421 113.407 589.501
203.383 71.3221 3.37648 2.732 116.449 724.971
205.026 71.0033 3.39646 2.70821 139.949 706.938
234.753 71.9871 3.31552 2.67054 38.9666 1591.71
198.198 69.3641 3.40115 2.72793 110.533 500.411
202.84 70.0079 3.38041 2.70184 103.279 577.526
205.387 69.6211 3.4041 2.86108 144.194 569.704
206.58 70.34 3.40568 2.80974 140.019 661.855
194.656 68.2746 3.49928 2.79972 84.4005 442.905
196.822 68.4753 3.40789 2.81946 100.092 419.943
198.806 68.6483 3.43313 2.82843 140.712 417.679
200.413 69.1049 3.37809 2.7689 152.766 465.026
205.217 69.1565 3.41262 2.84336 144.404 520.455
209.387 69.836 3.40495 2.77401 73.9144 675.144
211.299 69.72 3.41659 2.82778 134.344 717.086
215.088 69.9175 3.40556 2.84119 87.7478 845.561
216.289 69.626 3.4213 2.89784 69.6833 868.166
235.93 69.3475 3.52522 2.93965 37.1668 1603.24
196.917 67.6988 3.44853 2.87632 102.905 339.1
201.885 68.4946 3.43238 2.87728 203.911 404.543
203.387 68.7132 3.41485 2.8715 161.752 445.214
207.318 68.8799 3.44426 2.86055 81.077 541.078
209.319 68.9656 3.42866 2.92747 152.172 602.646
211.177 69.1532 3.42682 2.84384 135.663 672.102
213.625 69.322 3.42277 2.82989 71.5817 761.433
219.035 69.243 3.42847 2.87963 122.967 947.514
221.263 69.3286 3.43495 2.88646 96.1395 1033.59
198.174 67.082 3.52249 2.99 136.869 254.436
199.397 67.4213 3.48411 2.94323 159.242 278.762
202.768 67.4572 3.49134 2.9709 178.172 305.821
203.811 68.2575 3.45351 2.91015 162.162 405.269
206.028 68.4414 3.48449 2.94627 109.192 470.29
208.187 68.1343 3.464 2.98766 153.634 505.955
210.384 68.0584 3.45443 2.8956 101.645 574.382
211.513 68.0748 3.46439 2.97972 80.1903 615.782
214.432 68.1207 3.49991 3.01716 105.3 727.516
218.405 68.1861 3.50669 2.97139 105.115 886.073
220.465 68.6043 3.50429 2.98516 96.2658 980.01
222.103 68.3889 3.52438 2.97819 94.3531 1039.9
223.281 66.3701 3.5358 2.94439 157.83 1072.84
193.671 65.4742 3.53643 2.90085 131.137 306.13
195.352 65.7077 3.52637 2.88932 177.561 236.78
202.227 66.8332 3.52725 3.03195 230.049 232.842
204.275 67.0486 3.50018 2.94082 193.274 302.543
206.517 67.2221 3.49245 2.96481 106.993 386.479
207.821 67.5076 3.50011 2.91429 100.412 450.379
212.113 67.5187 3.52224 3.04202 113.271 611.552
214.357 67.5933 3.50934 3.0096 126.42 704.166
215.855 67.6946 3.50835 2.97473 161.789 768.259
220.128 67.6136 3.53542 2.98678 78.8477 943.391
224.214 67.6106 3.52103 2.96536 78.5369 1115.92
226.258 67.441 3.53387 2.96578 71.8074 1202.22
206.494 66.5156 3.51894 3.00781 178.417 342.441
208.493 66.9214 3.52696 3.07413 185.493 441.55
209.976 66.7108 3.52304 3.00704 246.331 492.77
212.525 66.7004 3.52339 2.97753 251.621 600.53
213.899 66.7653 3.54031 2.96913 235.206 661.263
216.215 66.9498 3.54412 2.98112 173.573 764.941
218.345 66.8088 3.54411 2.97216 128.735 855.434
221.978 66.9116 3.53445 2.95395 96.6067 1015.19
223.778 66.9808 3.54214 2.95346 94.8835 1094.09
225.729 66.9227 3.54184 2.96841 80.8483 1179.36
205.119 65.4924 3.48659 3.04614 328.452 243.404
207.195 65.6571 3.50747 2.9543 240.349 340.957
208.623 65.8937 3.5178 2.98729 198.269 410.135
210.457 65.8251 3.53654 3.01365 161.889 491.66
212.122 65.8371 3.53613 3.00567 193.356 567.512
214.181 66.267 3.53023 3.00487 139.54 665.045
218.473 66.2305 3.52437 2.95537 142.891 857.318
221.631 66.2191 3.52805 2.94631 173.764 999.415
225.657 65.8052 3.53669 2.95981 100.192 1185.14
214.843 62.3987 3.48512 3.05172 60.8984 781.212
213.052 64.4091 3.55119 2.99934 131.543 620.753
205.522 64.7962 3.51746 2.99345 133.048 258.041
208.018 65.18 3.5318 3.04955 151.057 374.036
210.64 65.1479 3.52181 2.97774 161.251 496.995
216.846 65.3064 3.55741 3.0215 129.51 785.742
218.385 65.6035 3.53902 3.00325 126.109 854.621
220.064 65.4483 3.53651 3.00501 108.413 933.425
221.694 65.3609 3.53306 2.97382 71.636 1009.73
223.623 65.2225 3.53532 2.97473 107.976 1101.04
196.446 62.7492 3.56366 2.99202 128.5 302.528
203.285 63.465 3.51203 2.91753 137.644 225.897
204.379 63.994 3.44538 2.80994 191.154 231.635
205.853 64.1767 3.50467 2.86291 173.008 289.089
214.63 64.613 3.54382 2.98768 100.052 691.245
216.436 64.5012 3.54929 3.0327 104.406 778.689
221.784 64.453 3.55074 3.00191 38.2782 1031.52
221.784 64.4525 3.54454 2.99264 65.4859 1031.51
223.67 64.5753 3.53778 2.99518 82.1012 1116.84
195.344 61.9331 3.53807 2.92503 129.745 409.849
198.469 62.2938 3.51129 3.0172 205.992 305.353
201.699 62.7161 3.51063 3.00504 139.918 259.951
205.93 63.3569 3.45794 2.9303 134.188 334.329
214.222 63.8036 3.52579 2.89911 89.2 692.505
217.924 64.0292 3.55359 3.06478 74.8864 860.706
222.48 63.8433 3.55609 3.01674 94.9092 1081.47
197.317 61.3416 3.5482 3.10265 201.39 424.311
198.513 61.678 3.50153 3.01499 197.931 371.715
200.525 61.7105 3.51352 3.03049 226.14 360.313
201.703 62.1344 3.50645 2.91078 156.661 322.547
203.311 62.2195 3.48501 2.90706 125.317 342.54
205.146 62.1816 3.50338 3.09304 120.233 396.672
206.12 62.4787 3.46463 2.85224 88.4117 404.739
216.652 63.0254 3.50196 2.90422 86.0549 835.914
218.173 63.0618 3.52885 2.90888 50.7005 905.896
221.871 63.109 3.5388 2.97493 58.6448 1078.65
193.799 60.3849 3.52933 2.98412 131.163 600.473
196.65 60.4135 3.52886 3.05796 165.646 533.854
198.04 60.7515 3.51833 3.0061 178.003 477.964
199.312 60.6947 3.51902 3.02803 169.916 474.482
201.041 61.0224 3.51768 3.01884 209.71 438.982
202.562 61.4009 3.46231 2.97168 142.699 413.324
204.176 61.4907 3.50852 2.88666 73.177 435.523
206.868 61.8823 3.4687 2.97821 96.3487 479.845
209.88 61.7531 3.42682 2.81381 62.797 604.242
212.274 61.7929 3.48228 2.94089 98.2157 701.679
213.825 62.1067 3.4735 2.9781 89.8517 750.933
217.004 62.4013 3.46655 2.94375 87.1562 880.755
218.122 62.3579 3.4897 2.91932 104.613 934.905
221.538 62.4435 3.52379 2.96137 61.154 1091.1
223.206 62.5763 3.53136 2.98429 36.239 1163.91
225.609 62.2024 3.54659 2.97719 35.1912 1294.41
198.315 59.9237 3.53478 3.0047 166.591 566.139
199.908 60.1686 3.51003 3.02365 144.281 531.537
201.231 60.4742 3.53293 3.02454 115.797 500.819
202.813 60.5269 3.46065 2.96582 119.778 510.801
204.11 60.6801 3.5163 2.90516 111.415 516.688
205.516 60.8132 3.48754 3.01825 91.4802 535.848
207.791 61.2001 3.46823 2.9844 110.378 569.478
215.402 61.6061 3.47298 3.0122 93.0011 850.868
222.911 61.4593 3.51815 2.94125 64.5579 1204.49
224.22 61.4862 3.52342 2.96787 50.2987 1264.45
226.918 61.1512 3.52122 2.96782 56.3467 1409.22
198.736 59.2533 3.52798 3.01532 145.737 637.311
200.175 59.1767 3.52612 3.07913 128.294 641.978
201.907 59.5938 3.53037 2.95274 80.0012 602.884
202.905 59.7733 3.47187 2.99058 118.606 593.566
205.68 60.1952 3.51147 2.94029 58.276 601.154
207.376 60.0815 3.50386 2.97376 49.352 657.8
210.276 60.4814 3.42156 2.94779 91.9099 718.497
221.424 60.3024 3.42673 2.90569 134.372 1203.14
223.909 60.7704 3.5317 2.90193 36.185 1289.45
190.452 56.6011 3.54857 3.0233 60.7517 1064.35
202.009 59.0314 3.51826 2.97018 73.3496 665.737
203.561 59.1953 3.5028 3.00222 126.521 664.91
206.768 59.6524 3.47328 2.99888 43.8053 682.601
212.597 59.9979 3.43861 2.89058 88.9309 845.68
222.262 59.6304 3.41604 2.87456 73.3921 1284.77
223.04 60.1218 3.45695 2.96892 60.3455 1288.42
226.285 59.5898 3.47547 3.02083 22.1947 1471.75
227.183 60.2114 3.54465 2.95308 44.9714 1475.14
212.566 65.1171 3.53262 3.01982 138.344 587.497
203.344 58.6774 3.50474 3.01411 159.566 718.172
204.113 58.2637 3.52717 2.97145 85.0372 773.376
207.606 58.6097 3.48685 2.97636 55.2582 807.9
213.66 59.4296 3.43389 2.8588 65.7275 932.792
202.426 57.5673 3.47493 2.99425 77.6879 830.616
203.613 57.6397 3.51977 2.9971 90.8913 834.515
205.548 57.5665 3.49758 2.97063 57.0723 871.268
224.26 58.4133 3.42335 2.85464 52.5362 1458.9
225.482 58.2747 3.46231 2.96711 29.6328 1523.76
229.033 59.3946 3.54387 2.95523 23.6173 1611.98
197.939 55.703 3.52874 2.98883 62.3705 1035.49
200.447 56.2848 3.52696 2.97382 86.6168 964.238
225.424 57.4688 3.45286 2.92519 53.0913 1579.94
228.869 57.9128 3.48122 2.99123 71.4949 1703.69
227.048 56.8144 3.472 2.93646 34.9267 1701.63
229.75 56.9811 3.47419 2.99569 60.5122 1811.18
212.138 64.8735 3.54981 3.04683 65.8564 569.697
210.428 68.6408 3.44902 2.89605 109.302 613.073
229.974 55.9154 3.4796 2.94316 46.2596 1901.74
227.653 56.4191 3.48474 2.99025 38.9692 1758.9
209.931 62.7622 2.72047 1.90307 80.6126 540.764
211.063 63.7323 3.50333 2.90801 84.5653 546.594
211.14 63.4057 3.49252 2.9522 79.863 563.107
218.547 60.1369 3.80498 3.46124 45.7906 1084.69
217.908 60.4896 3.45421 2.99904 41.4864 1032.89
217.507 60.403 3.45522 3.00041 46.1905 1020.92
218.338 61.0595 3.46221 3.01079 50.6837 1016.04
216.296 60.3923 3.44797 2.94691 52.3004 968.856
215.271 60.5805 3.43924 2.90791 45.8023 911.69
216.679 60.2805 3.4572 2.95235 37.2578 993.158
218.244 60.7315 3.46645 3.04231 56.6367 1032.19
217.659 60.602 3.45782 2.9922 39.3828 1014.44
216.749 60.4427 3.45386 2.96786 55.9436 985.047
217.639 60.9231 3.47108 3.03295 76.0133 992.983
218.995 60.8241 3.45096 3.02642 64.7252 1060.22
216.976 61.3836 3.46918 3.054 76.1521 934.947
218.049 60.1785 3.45624 3.01364 48.1744 1059.95
216.031 60.2361 3.44048 2.80439 33.7652 968.394
217.533 61.187 3.46158 3.02359 62.3773 971.914
218.652 60.2994 3.46192 2.96902 35.4581 1078.47
219.217 60.1294 3.45321 2.97989 53.7852 1114.9
216.221 60.072 3.4319 2.81099 45.8896 988.214
218.856 60.4399 3.45486 3.02248 28.4426 1078.31
216.546 61.2275 3.47349 3.00707 76.7275 925.065
