# evlo=223.623306 evla=65.222504
194.627 64.5646 3.53927 2.95754 86.3496 1363.19
217.908 60.4896 3.42499 2.95688 128.204 601.926
217.654 61.036 3.4299 2.97228 122.191 554.861
217.507 60.403 3.42362 2.95293 129.858 620.537
218.338 61.0595 3.42546 2.98017 164.322 534.718
220.363 59.9534 3.45306 2.91573 97.3156 610.492
216.3 60.3932 3.42198 2.95625 156.775 654.291
225.144 58.5792 3.51865 3.01434 100.225 744.6
216.716 60.1205 3.42398 2.93908 123.263 668.958
215.395 60.9677 3.43946 2.95347 179.103 629.601
209.013 64.0997 3.56375 3.05651 114.691 707.44
209.094 59.7511 3.47664 3.04025 72.7814 962.074
209.259 59.7417 3.47485 3.03206 85.9261 956.334
210.701 64.1732 3.55046 3.05566 146.14 626.328
208.846 60.7683 3.47255 3.00159 100.022 895.187
207.916 63.4188 3.56374 3.04902 98.1846 783.65
212.195 64.6453 3.55123 3.05669 155.972 543.536
204.378 55.8218 3.42127 2.9205 68.0298 1476.58
207.685 63.8827 3.56516 3.04416 109.138 776.699
208.763 59.5251 3.46438 3.03672 82.3503 993.135
209.796 67.2269 3.49701 2.94868 67.4519 659.528
216.907 60.7523 3.42915 2.96931 165.948 602.766
218.66 60.9649 3.42889 2.96329 131.819 536.345
209.738 62.4058 3.5212 3.01074 136.447 750.53
217.513 60.0823 3.41903 2.92394 147.612 652.308
212.624 63.0753 3.5109 3.00899 162.001 585.42
214.225 61.1292 3.45018 2.95721 202.162 656.226
215.93 63.6482 3.53337 2.98543 109.684 409.673
214.25 60.5487 3.42696 2.89525 156.995 704.822
196.582 54.8564 3.48287 2.95309 46.6261 1873.96
213.401 60.7277 3.45091 2.96953 159.532 719.348
209.784 61.1426 3.49792 3.05626 77.16 829.463
214.766 66.5657 3.53626 2.9534 99.6333 430.266
188.296 63.7758 3.55378 2.9471 59.9923 1682.84
203.121 64.7461 3.55258 2.99341 94.5218 964.962
211.074 61.771 3.50567 3.03887 141.224 732.088
216.188 61.4417 3.44543 2.9933 176.923 561.743
212.904 60.8792 3.45931 2.99079 140.875 725.204
215.271 60.5805 3.43543 2.96497 134.684 668.252
216.679 60.2805 3.42744 2.9679 147.837 654.414
218.244 60.7315 3.42585 2.9733 146.005 569.618
213.052 64.4091 3.55078 3.04718 171.373 509.636
213.497 60.396 3.43315 2.90689 144.789 744.086
215.738 60.3351 3.42941 2.95962 150.931 676.326
208.348 59.6572 3.46937 3.05546 73.5107 999.094
217.659 60.6024 3.42273 2.96367 155.37 596.967
216.749 60.4427 3.42747 2.97058 153.358 636.834
217.639 60.9231 3.42675 2.96967 205.222 566.152
218.995 60.824 3.42836 2.93026 176.706 543.054
216.976 61.3836 3.45224 3.00333 198.319 541.837
211.063 63.7318 3.55113 3.02088 140.561 625.37
218.049 60.1785 3.41757 2.92139 146.78 629.898
216.031 60.2361 3.42447 2.95674 145.463 676.982
217.533 61.1871 3.4344 2.98925 226.589 543.76
218.652 60.2994 3.42843 2.90967 81.9675 604.204
211.14 63.4056 3.52716 3.00311 141.958 635.779
219.217 60.1294 3.43304 2.93363 117.614 610.543
216.221 60.072 3.42254 2.91645 158.514 687.241
218.856 60.4399 3.43428 2.92954 109.622 585.443
216.546 61.2275 3.4445 2.99088 240.461 569.357
212.138 64.8736 3.55145 3.01982 157.536 541.475
198.929 70.2043 3.39763 2.72551 61.5518 1172.41
203.383 71.3221 3.70389 2.776 30.5521 1069.27
205.026 71.0033 3.45641 2.80306 37.3148 1000.18
234.753 71.9871 3.61319 2.9954 116.49 877.117
198.198 69.3641 3.39496 2.76789 44.4928 1178.01
202.84 70.0079 3.40572 2.73583 69.5785 1024.63
205.387 69.6211 3.41445 2.78023 75.502 917.476
206.58 70.34 3.43952 2.82647 44.5069 913.048
194.656 68.2746 3.42754 2.81204 70.7968 1307.56
196.822 68.4753 3.42843 2.80876 56.3596 1219.68
198.806 68.6483 3.43625 2.87998 47.5499 1141.24
200.413 69.1049 3.41408 2.79504 36.9381 1086.36
205.217 69.1565 3.43197 2.80809 29.6244 904.454
209.387 69.836 3.44943 2.8368 77.1726 792.735
211.299 69.72 3.45599 2.84869 48.9352 725.226
215.088 69.9175 3.48276 2.89557 44.6784 636.235
216.289 69.626 3.50622 3.00188 45.0634 582.237
235.93 69.3475 3.64211 3.07921 167.859 699.974
196.917 67.6988 3.44859 2.92074 49.3866 1211.94
201.885 68.4946 3.43631 2.86251 47.5762 1014.53
203.387 68.7132 3.4328 2.86882 42.8206 960.049
207.318 68.8799 3.4383 2.87094 54.9004 814.985
209.319 68.9656 3.42046 2.80366 65.8461 745.93
211.177 69.1532 3.43907 2.89343 76.9358 692.375
213.625 69.322 3.47511 2.88266 55.2922 627.031
219.035 69.243 3.49395 2.9162 102.714 489.929
221.263 69.3286 3.43335 2.8268 123.977 469.02
198.174 67.082 3.50629 2.94383 50.4414 1158.61
202.768 67.4572 3.48187 2.85828 43.5921 961.822
203.811 68.2575 3.44821 2.89272 56.3009 931.629
206.028 68.4414 3.46309 2.90769 36.3624 848.177
208.187 68.1343 3.46414 2.92667 50.7728 752.85
210.384 68.0584 3.46396 2.92193 68.4176 664.048
211.513 68.0748 3.46353 2.8801 73.1989 621.612
214.432 68.1207 3.4676 2.85055 96.0968 518.32
218.405 68.1861 3.578 3.09955 69.207 402.578
220.465 68.6043 3.48998 2.89327 105.954 401.554
222.103 68.3889 3.49931 2.85679 127.007 359.356
193.671 65.4742 3.5382 2.97794 75.2269 1381.7
195.352 65.7077 3.54366 2.96273 59.1351 1300.54
198.75 66.442 3.52448 2.93933 69.6048 1137.17
200.349 66.6001 3.51854 2.94853 56.1456 1065.1
202.227 66.8332 3.50582 2.94108 56.4905 981.765
204.275 67.0486 3.49514 2.90896 60.2007 893.284
206.517 67.2221 3.49504 2.93742 68.3951 798.659
207.821 67.5076 3.48761 2.91323 68.6514 749.229
212.113 67.5187 3.50157 2.94583 87.2277 574.005
214.357 67.5933 3.51013 3.02662 115.324 490.48
215.855 67.6946 3.50614 2.91241 90.6241 442.174
220.128 67.6136 3.53836 3.0526 129.821 308.86
224.214 67.6106 3.60976 2.90475 115.9 267.604
226.258 67.441 3.58881 2.96348 219.281 274.065
195.961 64.9941 3.53922 2.96146 112.957 1289.51
197.645 65.3936 3.54281 2.99012 107.862 1202.96
199.349 65.5011 3.54137 2.97517 112.297 1123.08
201.346 65.895 3.53945 2.94257 108.507 1026.22
202.913 66.1434 3.53661 2.93883 105.518 953.085
206.494 66.5156 3.53144 2.90048 79.0338 792.269
208.493 66.9214 3.52122 2.91952 63.566 708.779
209.976 66.7108 3.53416 2.89852 93.868 640.814
212.525 66.7004 3.50521 2.82948 87.1593 530.078
213.899 66.7653 3.52218 2.87387 70.6479 473.359
216.215 66.9498 3.52036 2.96562 78.3671 386.273
218.345 66.8088 3.49782 2.86614 89.1623 297.589
225.729 66.9227 3.54951 2.94954 216.489 212.184
197.761 64.6379 3.53936 2.97193 73.6825 1216.39
200.087 64.937 3.53532 2.97473 107.976 1101.04
201.637 65.1527 3.54033 2.99117 122.679 1024.77
203.551 65.5276 3.53926 2.9788 147.168 930.3
205.119 65.4924 3.54328 3.00102 109.901 858.68
207.195 65.6571 3.53745 2.95435 127.648 761.602
208.623 65.8937 3.5329 2.95371 117.393 695.201
210.457 65.8251 3.52683 2.9524 101.066 611.497
212.122 65.8371 3.52687 2.91856 121.139 535.439
214.181 66.267 3.51817 2.91503 89.7333 447.897
218.473 66.2305 3.54583 2.90758 109.297 261.59
214.843 62.3987 3.50157 3.00115 184.358 534.199
213.052 64.4091 3.55078 3.04718 171.373 509.636
199.305 63.8864 3.54976 3.01113 105.654 1168.31
205.522 64.7962 3.55178 2.99695 104.621 852.033
208.018 65.18 3.54825 3.00095 104.897 728.807
210.64 65.1479 3.54976 2.99926 159.265 607.248
216.846 65.3064 3.51138 2.977 227.416 316.549
218.385 65.6035 3.49101 2.91287 252.236 246.916
196.446 62.7492 3.55472 2.98301 112.749 1347.52
199.398 63.2842 3.55208 3.00334 95.7695 1186.6
200.922 63.3965 3.55746 2.98733 106.714 1110.82
203.285 63.465 3.56274 2.98154 82.1648 997.655
204.379 63.994 3.55495 2.98531 129.537 927.532
205.853 64.1767 3.55877 2.99035 131.954 852.771
214.63 64.613 3.54208 3.01648 201.935 430.563
216.436 64.5012 3.55276 3.03448 213.238 349.946
195.344 61.9331 3.55186 2.95582 60.0709 1438.11
198.469 62.2938 3.56642 2.96133 74.0549 1274.16
201.699 62.7161 3.56257 2.97291 70.4385 1103.49
205.93 63.3569 3.5665 3.02215 89.831 878.472
214.222 63.8036 3.54939 3.03893 158.038 477.948
217.924 64.0292 3.5299 2.93292 216.755 303.197
197.317 61.3416 3.55891 3.01382 58.9075 1377.32
198.513 61.678 3.55648 3.00431 56.7282 1303.46
200.525 61.7105 3.53322 3.03633 62.8352 1208.3
201.703 62.1344 3.54232 3.02589 56.1467 1131.49
203.311 62.2195 3.53638 3.04964 76.0811 1052.68
205.146 62.1816 3.51994 3.01439 131.428 970.284
206.12 62.4787 3.52165 3.01496 163.58 910.155
216.652 63.0254 3.51478 2.95354 217.244 418.339
218.173 63.0618 3.51678 3.02805 351.659 358.161
221.871 63.109 3.48104 2.90936 191.139 250.533
193.799 60.3849 3.55551 3.02533 31.9385 1596.05
196.65 60.4135 3.53491 2.95911 68.2525 1462.04
198.04 60.7515 3.53416 3.00359 56.7048 1377.56
199.312 60.6947 3.52409 2.9983 90.4551 1322.4
201.041 61.0224 3.52467 3.00465 95.6607 1223.52
202.562 61.4009 3.52412 3.00324 133.445 1131.77
204.176 61.4907 3.5177 2.99225 154.489 1053.1
205.609 61.9037 3.50761 2.98657 185.042 964.407
206.868 61.8823 3.50677 3.01147 136.376 908.79
209.88 61.7531 3.51128 3.0648 117.573 784.113
212.274 61.7929 3.50136 3.04702 123.959 680.74
213.825 62.1067 3.48684 3.00042 169.306 595.661
217.004 62.4013 3.49755 2.99846 170.861 452.607
218.122 62.3579 3.47721 3.01312 214.803 418.656
221.538 62.4435 3.48011 2.89834 140.267 326.313
223.206 62.5763 3.51386 2.93846 131.611 295.695
225.609 62.2024 3.49438 3.03574 84.7131 350.64
198.315 59.9237 3.52196 2.99725 90.4895 1416.18
199.908 60.1686 3.5195 3.00222 118.921 1327.93
201.231 60.4742 3.52002 2.99386 109.787 1248.48
202.813 60.5269 3.51126 2.99052 153.517 1173.85
204.11 60.6801 3.4965 2.99373 129.627 1106.06
205.516 60.8132 3.49934 3.04558 108.128 1035.2
207.791 61.2001 3.49754 3.03565 100.674 910.404
215.402 61.6061 3.45636 2.9902 207.705 574.639
222.911 61.4593 3.51289 2.89603 58.9443 420.977
224.22 61.4862 3.4651 2.93602 144.321 417.541
226.918 61.1512 3.47286 2.94776 65.7113 483.018
198.736 59.2533 3.51538 2.99644 117.863 1441.62
200.175 59.1767 3.51123 3.01768 109.502 1382.52
201.907 59.5938 3.5079 3.00969 107.557 1276.7
202.905 59.7733 3.50164 3.04195 81.6604 1220.25
204.792 59.8542 3.49462 3.06204 69.5889 1132.49
205.68 60.1952 3.4902 3.03854 67.9402 1070.12
207.376 60.0815 3.47224 3.00064 123.191 1006.48
210.276 60.4814 3.4815 3.02118 122.358 858.147
219.809 60.7718 3.43646 2.93767 133.111 532.172
221.424 60.3024 3.472 2.9902 87.6839 559.681
223.909 60.7704 3.47911 2.94549 121.568 496.447
190.452 56.6011 3.53143 2.96306 57.096 2007.14
202.009 59.0314 3.49452 3.05663 81.8225 1312.18
203.561 59.1953 3.49341 3.05681 87.9611 1233.17
204.771 59.3922 3.49002 3.00658 100.579 1167.01
206.768 59.6524 3.4716 3.00412 123.955 1063.82
212.597 59.9979 3.43421 2.88435 125.811 810.034
223.04 60.1218 3.44956 2.9725 81.438 569.282
226.285 59.5898 3.50868 2.9427 67.3077 642.537
227.183 60.2114 3.48769 2.98531 111.111 587.23
212.566 65.1171 3.54714 2.98198 159.371 517.767
203.344 58.6774 3.49792 3.02099 88.3213 1281.18
204.113 58.2637 3.48476 3.03578 88.5261 1281.14
204.991 58.6484 3.47938 3.01802 94.9481 1214.6
206.355 58.9287 3.46473 3.0187 115.225 1136.78
207.606 58.6097 3.45041 3.02791 102.715 1112.99
213.66 59.4296 3.41175 2.8415 100.469 824.822
227.731 58.9601 3.48482 2.98504 73.7897 729.788
202.426 57.5673 3.49271 3.02387 78.3969 1406.52
203.613 57.6397 3.47528 2.99228 66.5678 1351.77
205.548 57.5665 3.44281 3.0018 85.8802 1280.41
224.26 58.4133 3.48072 3.01082 75.1586 759.563
225.482 58.2747 3.52916 2.98908 56.5917 780.383
229.033 59.3946 3.5055 2.98891 80.4711 706.925
197.939 55.703 3.48692 2.99192 35.2769 1746.24
200.447 56.2848 3.47646 3.0237 52.7885 1593.14
223.768 57.9616 3.4844 2.99834 88.8634 809.177
225.424 57.4688 3.53375 3.03039 40.3015 869.291
228.869 57.9128 3.49137 2.97164 71.6841 860.235
227.048 56.8144 3.51902 3.0036 41.8672 954.673
229.75 56.9811 3.48038 2.96464 75.2508 974.896
212.138 64.8735 3.54282 3.0611 66.6358 541.487
210.428 68.6408 3.44242 2.87262 71.6264 689.578
229.974 55.9154 3.48823 2.99004 44.6085 1092.61
228.385 55.3279 3.51675 2.98743 50.182 1132.67
227.653 56.4191 3.50882 2.97449 48.3527 1004.62
209.931 62.7622 3.46501 2.98167 159.532 722.287
211.063 63.7323 3.55089 3.02067 140.561 625.327
211.14 63.4057 3.52713 3.00309 141.958 635.774
218.547 60.1369 3.20362 2.7649 134.681 623.162
217.908 60.4896 3.42499 2.95688 128.204 601.926
217.507 60.403 3.42362 2.95293 129.858 620.537
218.338 61.0595 3.42544 2.98015 164.322 534.715
216.296 60.3923 3.42294 2.95708 156.775 654.474
216.716 60.1205 3.42398 2.93908 123.263 668.958
215.271 60.5805 3.43543 2.96497 134.684 668.252
216.679 60.2805 3.42744 2.9679 147.837 654.414
218.244 60.7315 3.42585 2.9733 146.005 569.618
217.659 60.602 3.42303 2.96393 155.37 597.019
216.749 60.4427 3.42747 2.97058 153.358 636.834
217.639 60.9231 3.42678 2.96969 205.222 566.157
218.995 60.8241 3.4283 2.93021 176.706 543.044
216.976 61.3836 3.45224 3.00333 198.319 541.837
218.049 60.1785 3.41757 2.92139 146.78 629.898
216.031 60.2361 3.42447 2.95674 145.463 676.982
217.533 61.187 3.43443 2.98927 226.589 543.764
218.652 60.2994 3.42843 2.90967 81.9675 604.204
219.217 60.1294 3.43304 2.93363 117.614 610.543
216.221 60.072 3.42254 2.91645 158.514 687.241
218.856 60.4399 3.43428 2.92954 109.622 585.443
216.546 61.2275 3.4445 2.99088 240.461 569.357
