# evlo=226.918198 evla=61.151199
194.627 64.5646 3.52564 2.95422 50.4968 1667.92
217.908 60.4896 3.42378 2.93046 143.984 495.345
217.654 61.036 3.42816 2.97292 176.435 499.545
217.507 60.403 3.41531 2.93256 113.622 519.047
218.338 61.0595 3.43297 2.95892 225.563 462.506
220.363 59.9534 3.4625 3.01715 243.57 383.421
216.3 60.3932 3.40551 2.92089 135.037 584.118
225.144 58.5792 3.55328 2.9702 179.104 303.268
216.716 60.1205 3.40034 2.89053 153.892 569.391
215.395 60.9677 3.43403 2.98972 219.202 621.861
209.013 64.0997 3.52822 2.99808 99.6537 971.979
209.094 59.7511 3.41434 2.86137 132.865 990.149
209.259 59.7417 3.41428 2.86018 159.001 981.574
210.701 64.1732 3.52652 3.00162 83.2767 893.781
207.916 63.4188 3.5136 3.01869 127.267 1014.07
212.195 64.6453 3.55324 2.99596 70.9983 841.182
207.685 63.8827 3.52589 3.01249 114.812 1031.81
208.763 59.5251 3.41685 2.84326 217.21 1015.5
216.907 60.7523 3.427 2.98524 121.775 543.761
218.66 60.9649 3.43221 2.95291 237.021 446.205
209.738 62.4058 3.46795 3.07865 75.6714 914.669
217.513 60.0823 3.41403 2.90823 168.894 528.11
212.624 63.0753 3.51282 3.06222 93.5245 774.555
214.225 61.1292 3.44764 3.00144 164.772 682.694
215.93 63.6482 3.54368 3.05068 72.2144 631.585
214.25 60.5487 3.40365 2.89097 172.157 690.84
213.401 60.7277 3.41859 2.90418 166.5 732.96
209.784 61.1426 3.42047 2.96753 66.4353 920.185
214.766 66.5657 3.53429 2.94813 40.8087 846.66
188.296 63.7758 3.53893 2.93304 42.6646 1982.7
203.121 64.7461 3.53236 2.97562 69.8234 1263.82
211.074 61.771 3.44227 3.00642 147.45 845.535
216.188 61.4417 3.4405 2.99181 208.273 575.439
212.904 60.8792 3.43955 2.9891 125.822 757.058
215.271 60.5805 3.40941 2.92261 133.469 635.199
216.679 60.2805 3.40507 2.8981 159.114 566.703
218.244 60.7315 3.43633 2.9747 140.295 472.16
213.052 64.4091 3.54902 2.9762 92.4624 793.36
213.497 60.396 3.39693 2.87742 164.419 734.88
215.738 60.3351 3.40556 2.92601 146.407 615.787
208.348 59.6572 3.41589 2.86646 189.6 1033.33
217.659 60.6024 3.42551 2.9523 135.714 506.179
225.615 58.2758 3.54414 2.92373 149.557 328.61
215.581 59.9268 3.40481 2.82473 152.397 636.192
216.749 60.4427 3.41192 2.92837 146.834 558.752
217.639 60.9231 3.43238 2.98135 201.602 501.682
214.077 61.4924 3.4456 3.02049 127.859 687.681
211.542 61.4131 3.43482 2.99157 99.2088 823.209
209.077 63.5527 3.51469 3.01886 126.227 958.45
218.995 60.824 3.43551 2.9697 183.835 430.141
216.976 61.3836 3.44365 2.98911 216.937 533.529
211.063 63.7318 3.51988 3.01756 135.099 865.078
211.768 64.9602 3.55656 2.97923 81.9815 872.885
218.049 60.1785 3.41616 2.91392 161.109 496.456
209.256 65.0304 3.5605 2.99228 45.6134 987.004
216.031 60.2361 3.39805 2.88519 147.435 602.694
217.533 61.1871 3.43109 2.97425 225.958 504.7
218.652 60.2994 3.43018 2.9115 101.756 460.651
211.14 63.4056 3.51729 3.03867 124.074 854.33
219.217 60.1294 3.43486 2.91499 188.872 436.206
216.221 60.072 3.4014 2.86392 173.732 597.344
218.856 60.4399 3.43104 2.94716 147.05 445.838
216.546 61.2275 3.43776 2.98642 230.223 557.376
207.417 57.7828 3.49917 2.93912 91.1427 1162.39
212.138 64.8736 3.55397 2.97033 71.0855 853.014
203.383 71.3221 3.44971 2.76623 41.4423 1531.6
205.026 71.0033 3.46018 2.81483 37.6331 1462.84
234.753 71.9871 3.56005 2.98335 51.9695 1254.9
198.198 69.3641 3.4686 2.92887 29.4493 1600.57
206.58 70.34 3.45524 2.81349 36.8102 1372.1
194.656 68.2746 3.49758 2.93516 25.3297 1703.73
196.822 68.4753 3.48608 2.88424 44.2358 1622.46
198.806 68.6483 3.47639 2.86587 32.8144 1550.79
200.413 69.1049 3.46901 2.94035 27.2557 1508.46
209.387 69.836 3.46008 2.90542 41.0832 1254.16
211.299 69.72 3.46843 2.89209 58.637 1191.83
215.088 69.9175 3.47894 2.92144 53.9285 1115.61
216.289 69.626 3.48496 2.92865 54.605 1062.86
235.93 69.3475 3.53961 2.93476 65.2126 1003.8
201.885 68.4946 3.49884 3.051 40.8341 1427.27
207.318 68.8799 3.6769 2.92525 24.6519 1253.22
209.319 68.9656 3.45848 2.80681 47.0603 1193.8
211.177 69.1532 3.47152 2.86973 69.5326 1151.13
213.625 69.322 3.47363 2.9337 56.918 1097.71
219.035 69.243 3.49814 2.91997 64.1347 972.945
221.263 69.3286 3.47372 2.86984 35.8072 948.325
198.174 67.082 3.55111 2.97756 15.8913 1530.33
199.397 67.4213 3.53365 2.99165 36.8394 1487.6
202.768 67.4572 3.52112 2.98156 36.3584 1350.88
203.811 68.2575 3.49608 3.00779 46.1082 1344.08
210.384 68.0584 3.50259 2.91101 34.0435 1097.78
211.513 68.0748 3.48673 2.86286 43.0976 1061.69
214.432 68.1207 3.48278 2.8928 53.948 976.086
218.405 68.1861 3.50215 2.96677 59.6284 881.587
220.465 68.6043 3.49788 2.9039 77.5801 884.295
222.103 68.3889 3.48948 2.93291 68.8616 838.192
223.281 66.3701 3.48245 2.94957 117.062 608.578
193.671 65.4742 3.52548 2.97253 53.4225 1712.08
195.352 65.7077 3.53276 3.05875 37.371 1635.51
198.75 66.442 3.56188 2.96961 40.5268 1491.98
200.349 66.6001 3.56664 2.95654 39.1621 1425.66
202.227 66.8332 3.57118 2.99259 30.9519 1351.79
204.275 67.0486 3.52682 2.97479 32.6896 1274.2
206.517 67.2221 3.53465 3.10527 62.0489 1191.74
214.357 67.5933 3.49246 2.9234 61.8612 936.448
215.855 67.6946 3.49402 2.91476 81.6472 900.741
220.128 67.6136 3.49474 2.92385 87.6972 790.393
224.214 67.6106 3.50752 2.9847 52.371 731.67
226.258 67.441 3.51506 2.99472 136.466 701.913
195.961 64.9941 3.52126 2.97079 50.1943 1604.14
197.645 65.3936 3.52447 2.98132 37.7294 1527.46
199.349 65.5011 3.52843 2.98751 52.8997 1449.96
201.346 65.895 3.544 3.03096 50.5297 1365.85
202.913 66.1434 3.55987 2.98886 48.0102 1302.31
206.494 66.5156 3.55538 2.96372 53.7675 1161.81
208.493 66.9214 3.52284 3.06364 44.6289 1099.8
209.976 66.7108 3.52422 2.99783 53.8508 1031.2
212.525 66.7004 3.53777 3.02853 43.5968 934.86
213.899 66.7653 3.51578 2.94602 36.2273 890.456
216.215 66.9498 3.48973 2.91985 63.2898 829.041
218.345 66.8088 3.494 2.93293 89.513 756.165
221.978 66.9116 3.48996 2.92609 69.7042 685.544
223.778 66.9808 3.51255 2.94679 64.0162 667.489
225.729 66.9227 3.50897 3.01326 70.2194 645.979
197.761 64.6379 3.52763 2.9643 64.4196 1517.84
200.087 64.937 3.52122 2.96782 56.3467 1409.22
201.637 65.1527 3.52338 2.96845 40.6211 1339.33
203.551 65.5276 3.53428 3.00001 40.7095 1258.56
205.119 65.4924 3.53457 2.99163 34.9035 1186.92
207.195 65.6571 3.55109 2.99564 57.3878 1099.78
208.623 65.8937 3.56124 2.99192 69.2168 1047.2
210.457 65.8251 3.56493 3.04368 88.0269 967.254
212.122 65.8371 3.55536 3.02337 60.6804 899.854
218.473 66.2305 3.4936 2.91045 85.5024 702.386
221.631 66.2191 3.49065 2.99489 72.5254 622.057
225.657 65.8052 3.49788 2.96514 61.021 522.541
214.843 62.3987 3.48571 3.02154 127.989 651.321
213.052 64.4091 3.54902 2.9762 92.4624 793.36
199.305 63.8864 3.52507 2.9716 66.1977 1442.31
205.522 64.7962 3.53694 2.96047 48.9857 1151.92
210.64 65.1479 3.55939 3.00237 80.0998 929.983
216.846 65.3064 3.56843 3.02692 65.8295 684.826
218.385 65.6035 3.5033 2.96302 60.2119 653.47
220.064 65.4483 3.49919 2.91475 53.6399 588.854
221.694 65.3609 3.49694 2.93585 100.756 537.225
223.623 65.2225 3.47286 2.94776 65.7113 483.018
196.446 62.7492 3.50531 3.02046 60.4757 1593.95
199.398 63.2842 3.51747 3.01694 59.9236 1439.7
200.922 63.3965 3.5229 3.01826 49.8574 1362.95
203.285 63.465 3.52061 3.00735 69.2671 1245.02
204.379 63.994 3.52441 2.9937 89.8589 1194.27
205.853 64.1767 3.52577 2.99872 96.6728 1125.05
214.63 64.613 3.54568 3.00068 117.502 732.842
216.436 64.5012 3.55333 3.02715 86.0206 650.58
221.784 64.453 3.51367 2.99016 64.4861 451.4
221.784 64.4525 3.52057 2.95937 66.3887 451.373
223.67 64.5753 3.47403 2.96614 90.3705 415.813
195.344 61.9331 3.48832 2.97313 34.1249 1664.83
198.469 62.2938 3.49036 2.97396 55.1813 1497.34
201.699 62.7161 3.49318 2.98911 67.6993 1327.03
205.93 63.3569 3.51383 3.01045 119.507 1112.5
214.222 63.8036 3.5394 3.03264 90.4285 716.877
217.924 64.0292 3.54599 2.96215 90.6751 561.75
222.48 63.8433 3.57546 2.98861 79.7643 377.121
197.317 61.3416 3.47416 3.01495 73.6153 1575.72
198.513 61.678 3.47286 2.99431 71.9137 1505.92
200.525 61.7105 3.46185 3.00729 67.4904 1400.36
201.703 62.1344 3.4724 3.02974 46.747 1332.64
205.146 62.1816 3.45769 3.04314 56.4545 1153.46
216.652 63.0254 3.5285 3.04995 145.933 574.815
218.173 63.0618 3.52508 3.04535 145.99 503.323
221.871 63.109 3.55092 2.94567 84.7604 341.818
193.799 60.3849 3.47305 3.0004 48.9163 1787.72
196.65 60.4135 3.45971 3.00324 55.0263 1636.21
198.04 60.7515 3.45874 3.02249 76.2605 1552.82
199.312 60.6947 3.45615 3.00846 66.0255 1487.07
201.041 61.0224 3.45413 3.01012 56.823 1387.3
202.562 61.4009 3.45064 3.03063 76.5023 1299.08
204.176 61.4907 3.45557 3.01225 71.743 1212.5
205.609 61.9037 3.45493 3.0359 70.0539 1131.81
206.868 61.8823 3.45775 3.018 90.0029 1066.01
209.88 61.7531 3.45046 3.02657 171.545 908.633
212.274 61.7929 3.43731 3.00293 174.472 782.174
213.825 62.1067 3.43477 2.97368 147.619 701.26
217.004 62.4013 3.50318 2.99768 139.131 540.93
218.122 62.3579 3.51098 3.02373 171.142 483.245
221.538 62.4435 3.52105 3.02728 158.463 318.121
223.206 62.5763 3.56352 3.12965 194.934 251.701
198.315 59.9237 3.45308 2.99512 76.2227 1563.39
199.908 60.1686 3.45156 2.98912 94.216 1470.52
201.231 60.4742 3.45229 2.99292 104.546 1391.06
202.813 60.5269 3.44599 2.99188 84.4328 1305.25
204.11 60.6801 3.44143 2.98704 103.95 1232.18
205.516 60.8132 3.42878 2.96576 133.393 1154.09
207.791 61.2001 3.43566 3.0202 106.849 1025.54
215.402 61.6061 3.43651 2.97502 134.452 616.962
222.911 61.4593 3.49257 3.0524 312.552 217.401
198.736 59.2533 3.44591 2.96248 84.8758 1564.67
200.175 59.1767 3.43947 2.95652 78.0007 1490.27
201.907 59.5938 3.43529 2.95738 116.37 1382.11
202.905 59.7733 3.43098 2.95849 114.966 1322.45
204.792 59.8542 3.42306 2.96436 90.8204 1218.46
205.68 60.1952 3.41547 2.95448 102.399 1160.63
207.376 60.0815 3.42122 2.9703 93.3775 1072.64
210.276 60.4814 3.43155 2.95786 126.385 906.262
219.809 60.7718 3.44108 2.95362 233.482 387.223
221.424 60.3024 3.47694 3.03162 277.683 314.253
190.452 56.6011 3.47552 2.93146 51.1818 2133.24
202.009 59.0314 3.42475 2.83486 87.125 1397.16
203.561 59.1953 3.42491 2.80246 86.7229 1307.41
204.771 59.3922 3.41388 2.77819 108.144 1235.07
206.768 59.6524 3.42196 2.91105 95.9811 1118.59
212.597 59.9979 3.3863 2.83065 121.729 794.009
222.262 59.6304 3.48466 2.98064 273.461 307.515
223.04 60.1218 3.49228 3.03292 331.633 241.181
212.566 65.1171 3.56578 3.00923 94.3569 845.349
203.344 58.6774 3.44347 2.89381 118.492 1339.48
204.113 58.2637 3.43642 2.87038 146.836 1315.98
204.991 58.6484 3.43264 2.8668 175.577 1252.07
206.355 58.9287 3.42115 2.85547 135.115 1167.24
207.606 58.6097 3.42741 2.80555 95.7355 1113.41
213.66 59.4296 3.43833 2.83483 140.954 756.513
227.731 58.9601 3.52631 3.11823 133.778 248.275
202.426 57.5673 3.44486 2.883 163.771 1439.45
203.613 57.6397 3.42833 2.86601 94.8746 1372.27
205.548 57.5665 3.48272 3.00304 56.2127 1272.63
224.26 58.4133 3.51953 3.04243 168.872 339.534
225.482 58.2747 3.54728 2.93371 175.151 330.481
229.033 59.3946 3.5629 3.06283 104.17 228.002
197.939 55.703 3.45108 2.84458 76.1946 1780.88
200.447 56.2848 3.43764 2.79438 33.5374 1613.44
223.768 57.9616 3.53156 3.04269 166.709 397.376
225.424 57.4688 3.54388 3.02959 117.931 418.93
228.869 57.9128 3.48091 2.95514 83.445 377.236
227.048 56.8144 3.55436 3.05128 87.7337 483.153
229.75 56.9811 3.46647 3.00011 102.301 492.01
212.138 64.8735 3.55443 2.96524 59.8232 853.019
210.428 68.6408 3.46745 2.83834 42.7473 1136.23
226.879 56.1146 3.55696 3.05908 97.6097 561.023
229.974 55.9154 3.48038 3.01569 63.968 609.596
228.385 55.3279 3.53831 3.03009 96.6897 654.261
227.653 56.4191 3.53773 3.04202 100.559 528.817
209.931 62.7622 3.86702 3.59145 166.499 906.442
211.063 63.7323 3.51982 3.01752 135.099 865.064
211.14 63.4057 3.51728 3.03866 124.074 854.328
218.547 60.1369 2.83445 2.16888 133.476 471.38
217.908 60.4896 3.42378 2.93046 143.984 495.345
217.507 60.403 3.41531 2.93256 113.622 519.047
218.338 61.0595 3.43293 2.95888 225.563 462.5
216.296 60.3923 3.40671 2.92192 135.037 584.323
216.716 60.1205 3.40034 2.89053 153.892 569.391
215.271 60.5805 3.40941 2.92261 133.469 635.199
216.679 60.2805 3.40507 2.8981 159.114 566.703
218.244 60.7315 3.43633 2.9747 140.295 472.16
217.659 60.602 3.42574 2.9525 135.714 506.214
216.749 60.4427 3.41192 2.92837 146.834 558.752
217.639 60.9231 3.43245 2.98141 201.602 501.693
218.995 60.8241 3.43549 2.96969 183.835 430.14
216.976 61.3836 3.44365 2.98911 216.937 533.529
218.049 60.1785 3.41616 2.91392 161.109 496.456
216.031 60.2361 3.39805 2.88519 147.435 602.694
217.533 61.187 3.43102 2.97419 225.958 504.69
218.652 60.2994 3.43018 2.9115 101.756 460.651
219.217 60.1294 3.43486 2.91499 188.872 436.206
216.221 60.072 3.4014 2.86392 173.732 597.344
218.856 60.4399 3.43104 2.94716 147.05 445.838
216.546 61.2275 3.43776 2.98642 230.223 557.376
