# evlo=198.314804 evla=59.923698
225.449 60.24 3.42526 2.94102 37.4378 1500.11
194.627 64.5646 3.48271 2.96207 121.152 551.381
217.908 60.4896 3.41659 2.88829 62.4532 1084.3
217.654 61.036 3.4235 2.84467 69.0684 1066.67
217.507 60.403 3.42294 2.83337 66.7671 1063.19
218.338 61.0595 3.42819 2.929 88.0645 1103.51
220.363 59.9534 3.42731 2.84339 119.111 1226.87
216.3 60.3932 3.4336 2.87824 68.773 997.005
225.144 58.5792 3.55021 3.10803 28.9933 1527.43
216.716 60.1205 3.43073 2.81968 54.4558 1023.01
215.395 60.9677 3.42595 2.90681 98.9056 944.638
209.013 64.0997 3.55436 2.96731 116.1 726.804
209.094 59.7511 3.47387 3.01292 124.357 604.049
209.259 59.7417 3.47255 3.01099 148.426 613.38
210.701 64.1732 3.54247 2.99526 92.788 800.404
208.846 60.7683 3.46404 2.94018 110.585 588.401
207.916 63.4188 3.52643 2.97448 132.186 639.436
212.195 64.6453 3.54904 3.02558 98.1939 889.126
200.411 54.831 3.5378 2.94077 41.0148 580.921
207.685 63.8827 3.55203 2.95729 151.965 660.086
208.763 59.5251 3.48062 3.01579 125.734 588.892
209.796 67.2269 3.54042 2.99899 51.4937 990.622
216.907 60.7523 3.42529 2.89133 104.246 1027.52
218.66 60.9649 3.42976 2.9298 99.0825 1121.4
209.738 62.4058 3.47691 2.93795 204.21 673.004
217.513 60.0823 3.42193 2.80192 78.2206 1067.53
212.624 63.0753 3.49042 3.01993 163.815 836.723
214.225 61.1292 3.44013 2.94804 108.455 881.646
215.93 63.6482 3.48585 2.99444 83.1156 1013.65
214.25 60.5487 3.43384 2.91752 115.615 883.396
196.582 54.8564 3.50535 2.92495 100.279 573.811
213.401 60.7277 3.43778 2.94284 93.8094 836.459
209.784 61.1426 3.44823 2.98199 148.05 643.215
214.766 66.5657 3.56259 2.95681 88.5278 1103.59
188.296 63.7758 3.55008 2.93342 66.6238 678.839
203.121 64.7461 3.56446 3.06044 178.758 591.969
211.074 61.771 3.47674 3.01915 121.74 722.219
216.188 61.4417 3.45576 3.05991 93.078 987.96
212.904 60.8792 3.43719 2.93864 127.364 809.491
215.271 60.5805 3.42493 2.89274 117.153 939.154
216.679 60.2805 3.43425 2.84142 51.3615 1019.03
218.244 60.7315 3.42842 2.93773 88.7966 1100.44
213.052 64.4091 3.52782 2.99947 87.5908 913.017
213.497 60.396 3.44863 2.95171 105.507 842.812
215.738 60.3351 3.43083 2.87088 78.9174 966.655
208.348 59.6572 3.47973 3.02788 167.156 563.656
217.659 60.6024 3.4249 2.90639 75.1532 1069.62
215.581 59.9268 3.45727 2.87703 58.6607 962.898
216.749 60.4427 3.42657 2.86303 67.4078 1021.21
217.639 60.9231 3.42897 2.95538 106.766 1066.38
214.077 61.4924 3.44688 2.99093 110.146 875.952
211.542 61.4131 3.45087 2.98109 103.959 740.512
197.4 66.8951 3.53811 2.96129 53.5262 778.405
209.077 63.5527 3.52407 3.00466 153.618 696.455
218.995 60.824 3.43206 2.94144 88.8198 1140.53
216.976 61.3836 3.44838 2.99426 48.8098 1029.89
211.063 63.7318 3.50698 2.98831 115.885 792.453
211.768 64.9602 3.55884 2.99597 64.6873 890.068
218.049 60.1785 3.41793 2.7974 56.9855 1095.77
209.256 65.0304 3.55508 2.97331 145.9 799.424
216.031 60.2361 3.44255 2.86393 53.7021 983.816
217.533 61.1871 3.43061 2.92217 57.4477 1059.75
218.652 60.2994 3.41484 2.87563 65.4697 1127.29
211.14 63.4056 3.48767 2.96437 132.927 780.399
219.217 60.1294 3.41659 2.83615 111.142 1160.78
218.856 60.4399 3.42003 2.9226 95.7205 1136.7
216.546 61.2275 3.44572 3.03168 66.162 1006.66
207.417 57.7828 3.43433 2.93515 102.438 576.317
212.138 64.8736 3.54945 2.99876 85.9411 899.782
198.929 70.2043 3.44813 2.81074 88.1145 1146.55
203.383 71.3221 3.4494 2.86478 121.748 1291.08
205.026 71.0033 3.45799 2.86161 125.504 1272.05
234.753 71.9871 3.72996 2.77283 27.6577 2078.29
198.198 69.3641 3.47251 2.85763 124.564 1052.48
202.84 70.0079 3.45047 2.8859 84.034 1143.66
205.387 69.6211 3.48149 2.94044 172.094 1130.5
206.58 70.34 3.48102 2.90701 126.958 1221.81
194.656 68.2746 3.47934 2.94419 39.7248 947.461
196.822 68.4753 3.50717 2.9154 97.1237 956.008
198.806 68.6483 3.48797 2.92305 110.368 972.905
200.413 69.1049 3.4681 2.90256 105.473 1028.35
205.217 69.1565 3.48462 2.9515 149.861 1079.66
209.387 69.836 3.49197 2.8953 82.7722 1218.94
211.299 69.72 3.49155 2.8979 46.918 1248.29
216.289 69.626 3.49856 2.97455 49.6191 1367.83
235.93 69.3475 3.57649 2.98178 38.2587 2035.16
196.917 67.6988 3.52392 2.93049 75.5313 869.392
201.885 68.4946 3.493 2.94655 102.502 970.677
203.387 68.7132 3.49456 2.96092 145.165 1009.28
207.318 68.8799 3.50845 2.9648 102.527 1086.15
209.319 68.9656 3.5075 2.9449 58.9401 1134.88
211.177 69.1532 3.49941 2.9398 53.4354 1194.42
219.035 69.243 3.52182 2.93046 69.747 1423.1
198.174 67.082 3.52761 2.99072 105.442 797.957
199.397 67.4213 3.51957 3.00731 98.0589 837.451
202.768 67.4572 3.5207 3.02646 173.636 867.647
203.811 68.2575 3.50519 3.00105 149.121 966.016
206.028 68.4414 3.51791 2.99367 109.528 1019.05
208.187 68.1343 3.53451 2.98503 49.2609 1031.85
210.384 68.0584 3.52989 2.9972 43.8459 1078.09
214.432 68.1207 3.54212 3.00696 71.6274 1199.26
223.281 66.3701 3.5302 2.98116 32.9492 1435.17
193.671 65.4742 3.5027 2.99161 157.94 662.313
195.352 65.7077 3.50873 2.94004 66.2671 661.96
198.75 66.442 3.52589 3.02522 142.409 726.881
200.349 66.6001 3.54044 3.00159 96.7202 751.06
202.227 66.8332 3.52896 3.03204 140.05 794.264
204.275 67.0486 3.53703 3.03351 145.121 846.997
206.517 67.2221 3.55556 3.01864 88.9023 908.135
207.821 67.5076 3.55112 3.00247 50.4247 964.766
215.855 67.6946 3.56708 2.98877 84.677 1215.34
220.128 67.6136 3.56138 2.99258 78.5736 1363.32
224.214 67.6106 3.53937 2.96084 84.0713 1520.62
226.258 67.441 3.54173 2.94762 43.5409 1596.22
195.961 64.9941 3.52588 2.9446 79.7741 577.912
197.645 65.3936 3.5339 2.99369 148.511 610.608
199.349 65.5011 3.5343 2.97827 156.569 623.863
201.346 65.895 3.5302 3.01202 150.418 682.96
202.913 66.1434 3.53664 3.06056 154.401 730.807
206.494 66.5156 3.57089 3.03085 61.002 840.52
208.493 66.9214 3.54843 3.04968 60.6946 928.468
209.976 66.7108 3.54677 2.96072 64.9423 952.827
212.525 66.7004 3.56687 3.02288 120.692 1033.61
213.899 66.7653 3.56754 2.98976 105.821 1085.45
216.215 66.9498 3.56441 2.97275 86.5112 1180.48
218.345 66.8088 3.54989 2.98416 85.6155 1252.91
221.978 66.9116 3.5408 2.97488 59.7138 1401.94
223.778 66.9808 3.5395 2.98337 60.1275 1478.15
225.729 66.9227 3.53851 2.98529 41.2634 1557.02
197.761 64.6379 3.52131 3.00067 128.525 526.178
200.087 64.937 3.53478 3.0047 166.591 566.139
201.637 65.1527 3.53842 3.03856 213.423 607.149
203.551 65.5276 3.56397 3.08196 214.215 679.036
205.119 65.4924 3.57162 3.00829 80.415 710.783
207.195 65.6571 3.56687 2.95934 45.2495 781.867
208.623 65.8937 3.56167 3.00616 109.176 844.764
210.457 65.8251 3.55802 3.0116 95.5137 899.524
212.122 65.8371 3.5604 2.9714 131.434 959.477
214.181 66.267 3.56468 2.9363 47.9841 1063.28
218.473 66.2305 3.54387 2.97576 77.9182 1229
221.631 66.2191 3.53123 2.99697 44.8369 1359.69
225.657 65.8052 3.52777 2.96401 36.9482 1522.25
214.843 62.3987 3.47808 3.01535 95.4189 928.553
213.052 64.4091 3.52782 2.99947 87.5908 913.017
199.305 63.8864 3.54162 2.99523 216.878 444.66
205.522 64.7962 3.57711 3.07694 56.5219 658.031
208.018 65.18 3.56024 3.04867 101.259 767.995
210.64 65.1479 3.55693 2.96176 129.603 858.448
216.846 65.3064 3.5511 3.03385 72.1562 1118.35
218.385 65.6035 3.54366 3.01014 43.3585 1196.98
220.064 65.4483 3.51611 2.96181 76.9977 1263.54
221.694 65.3609 3.52259 2.95383 74.9778 1332.81
223.623 65.2225 3.52196 2.99725 90.4895 1416.18
196.446 62.7492 3.5457 3.01368 147.233 330.336
199.398 63.2842 3.53254 3.01109 231.562 378.863
200.922 63.3965 3.54926 3.04994 166.326 410.843
203.285 63.465 3.59719 3.01837 104.163 473.958
204.379 63.994 3.57162 3.01282 83.4523 553.556
205.853 64.1767 3.55124 3.01182 130.955 615.763
214.63 64.613 3.53235 3.02343 96.9548 991.279
216.436 64.5012 3.51146 2.97043 108.457 1066.77
221.784 64.453 3.50841 2.99207 58.5159 1312.65
221.784 64.4525 3.50569 2.98822 94.4255 1312.61
223.67 64.5753 3.50399 2.98904 128.18 1404.15
195.344 61.9331 3.52934 2.94586 122.922 275.764
198.469 62.2938 3.5408 3.08609 296.346 264.233
201.699 62.7161 3.59189 3.09718 173.387 359.995
205.93 63.3569 3.54378 2.95797 180.648 555.545
214.222 63.8036 3.48965 2.9569 163.123 938.781
217.924 64.0292 3.49947 2.99332 113.445 1119.58
222.48 63.8433 3.50379 2.96924 125.319 1334.37
200.525 61.7105 3.59653 3.236 298.054 232.584
201.703 62.1344 3.56972 3.00817 196.836 306.876
203.311 62.2195 3.52639 3.04004 198.331 371.573
205.146 62.1816 3.50992 2.97336 194.567 446.253
206.12 62.4787 3.50926 3.01326 167.495 506.599
216.652 63.0254 3.49222 3.06807 73.6206 1032.38
218.173 63.0618 3.4918 3.05613 70.297 1108.78
221.871 63.109 3.49548 3.09667 49.6575 1294.79
193.799 60.3849 3.46516 2.87408 231.434 255.968
202.562 61.4009 3.52045 2.99006 218.654 284.587
204.176 61.4907 3.51658 3.03015 251.924 364.383
205.609 61.9037 3.51035 2.98701 183.675 452.7
206.868 61.8823 3.49465 2.97851 168.092 512.439
209.88 61.7531 3.48578 2.99079 115.187 660.078
212.274 61.7929 3.48057 3.05006 121.988 784.992
213.825 62.1067 3.47684 3.01191 91.6616 870.966
217.004 62.4013 3.46232 3.05703 64.9043 1039.11
218.122 62.3579 3.45661 2.98385 33.0799 1096.11
221.538 62.4435 3.47105 3.04988 70.6622 1272.94
223.206 62.5763 3.47323 3.02645 35.6302 1359.35
225.609 62.2024 3.4784 3.03972 56.4222 1484.04
202.813 60.5269 3.47264 3.0485 288.667 258.149
204.11 60.6801 3.48656 2.98006 177.619 331.213
205.516 60.8132 3.50104 3.01798 199.969 409.303
207.791 61.2001 3.49388 2.9847 142.275 538.349
215.402 61.6061 3.45233 3.01123 103.084 947.111
222.911 61.4593 3.44019 2.97144 95.0328 1346.38
224.22 61.4862 3.44593 2.98771 82.2759 1415.76
226.918 61.1512 3.45308 2.99512 76.2227 1563.39
202.905 59.7733 3.44332 2.90439 223.721 257.818
204.792 59.8542 3.4695 2.94978 185.798 362.576
205.68 60.1952 3.47646 3.02173 149.296 411.133
207.376 60.0815 3.48832 3.06412 159.224 505.484
210.276 60.4814 3.44389 2.96536 152.478 665.318
219.809 60.7718 3.4309 2.94998 70.6656 1185.18
221.424 60.3024 3.42491 2.88988 132.582 1279.23
190.452 56.6011 3.52802 3.00725 154.557 590.959
202.009 59.0314 3.50263 2.99119 145.241 231.754
203.561 59.1953 3.48573 2.94619 225.178 307.405
204.771 59.3922 3.49728 2.968 199.388 368.588
206.768 59.6524 3.4902 3.01622 127.32 475.344
212.597 59.9979 3.45865 2.94146 115.012 796.376
222.262 59.6304 3.44191 2.86927 70.1764 1338.28
223.04 60.1218 3.43167 2.87873 86.5394 1370.85
226.285 59.5898 3.4516 2.95576 40.9163 1560.92
227.183 60.2114 3.43645 2.91497 121.007 1595.02
212.566 65.1171 3.55377 2.99472 66.8457 931.207
203.344 58.6774 3.44215 2.81454 86.7743 318.308
204.113 58.2637 3.44942 3.01164 121.189 380.166
204.991 58.6484 3.48743 2.91643 129.636 405.986
206.355 58.9287 3.52192 3.01505 148.79 469.355
207.606 58.6097 3.49999 2.97195 107.17 549.195
213.66 59.4296 3.47148 2.90638 63.5505 864.41
227.731 58.9601 3.48539 2.81272 35.7856 1658.62
203.613 57.6397 3.47728 2.9309 77.6335 398.075
205.548 57.5665 3.46424 2.96355 89.4501 493.882
229.033 59.3946 3.45417 2.95354 72.6199 1717.09
197.939 55.703 3.53115 2.99174 114.154 470.605
200.447 56.2848 3.49882 2.96369 63.9304 424.288
228.869 57.9128 3.56114 2.9874 25.4115 1758.38
227.048 56.8144 3.65037 3.11964 29.5257 1702.46
212.138 64.8735 3.56592 2.98239 42.0871 899.768
210.428 68.6408 3.51244 2.98595 47.0675 1130.62
226.879 56.1146 3.67362 3.21553 37.1965 1725.8
229.974 55.9154 3.66072 3.22188 24.3846 1908.71
228.385 55.3279 3.69365 3.24396 23.1128 1850
227.653 56.4191 3.66494 3.28533 19.9035 1754.5
209.931 62.7622 3.11768 2.4494 93.8183 696.207
211.063 63.7323 3.50718 2.98849 115.884 792.501
211.14 63.4057 3.4877 2.96438 132.927 780.404
218.547 60.1369 3.81964 3.45973 116.494 1123.76
217.908 60.4896 3.41659 2.88829 62.4532 1084.3
217.507 60.403 3.42294 2.83337 66.7671 1063.19
218.338 61.0595 3.42821 2.92901 88.0645 1103.52
216.296 60.3923 3.43298 2.87772 68.773 996.826
216.716 60.1205 3.43073 2.81968 54.4558 1023.01
215.271 60.5805 3.42493 2.89274 117.153 939.154
216.679 60.2805 3.43425 2.84142 51.3615 1019.03
218.244 60.7315 3.42842 2.93773 88.7966 1100.44
217.659 60.602 3.42483 2.90633 75.1532 1069.6
216.749 60.4427 3.42657 2.86303 67.4078 1021.21
217.639 60.9231 3.42894 2.95535 106.766 1066.37
218.995 60.8241 3.43206 2.94144 88.8198 1140.53
216.976 61.3836 3.44838 2.99426 48.8098 1029.89
218.049 60.1785 3.41793 2.7974 56.9855 1095.77
216.031 60.2361 3.44255 2.86393 53.7021 983.816
217.533 61.187 3.43065 2.9222 57.4477 1059.76
218.652 60.2994 3.41484 2.87563 65.4697 1127.29
219.217 60.1294 3.41659 2.83615 111.142 1160.78
218.856 60.4399 3.42003 2.9226 95.7205 1136.7
216.546 61.2275 3.44572 3.03168 66.162 1006.66
