# evlo=223.040207 evla=60.121799
194.627 64.5646 3.45622 2.97827 71.7142 1537.68
217.908 60.4896 3.40402 2.90893 165.493 286.572
217.654 61.036 3.38499 3.06558 122.683 312.261
217.507 60.403 3.39843 2.90395 145.039 307.816
218.338 61.0595 3.35052 2.99247 135.493 277.999
216.3 60.3932 3.38338 2.81774 131.917 374.257
216.716 60.1205 3.3589 2.70701 134.131 351.471
215.395 60.9677 3.38461 3.0223 137.738 429.762
209.013 64.0997 3.42806 3.03135 76.4723 853.381
209.094 59.7511 3.41774 2.75034 146.959 779.345
209.259 59.7417 3.4159 2.74581 137.108 770.355
208.846 60.7683 3.34879 2.80615 89.6847 783.133
207.916 63.4188 3.42204 3.00287 92.2394 876.166
212.195 64.6453 3.5389 3.07557 84.3431 752.555
204.378 55.8218 3.63613 3.10981 87.2421 1198.52
207.685 63.8827 3.4279 3.00551 98.8226 904.014
208.763 59.5251 3.42875 2.72127 124.804 802.1
209.796 67.2269 3.50279 2.99669 67.6695 1023.84
216.907 60.7523 3.413 2.97295 104.059 344.78
218.66 60.9649 3.36277 2.99126 119.79 258.042
209.738 62.4058 3.40577 3.02008 118.316 756.166
217.513 60.0823 3.35786 2.8005 212.193 307.421
212.624 63.0753 3.40924 2.96963 68.0594 642.397
214.225 61.1292 3.39149 3.06117 131.58 495.035
215.93 63.6482 3.50664 3.0944 103.878 541.881
214.25 60.5487 3.35695 2.73381 82.6256 487.477
196.582 54.8564 3.54012 3.03529 38.2657 1677.8
213.401 60.7277 3.36454 2.84629 76.0208 534.721
209.784 61.1426 3.38321 2.90606 88.7059 733.107
214.766 66.5657 3.51469 2.97336 69.0484 827.667
188.296 63.7758 3.4679 2.95409 80.5882 1843.68
203.121 64.7461 3.45492 2.98578 90.5499 1144.09
211.074 61.771 3.39461 3.06219 74.8115 672.986
216.188 61.4417 3.37227 2.98451 138.237 401
212.904 60.8792 3.39682 3.05744 71.0839 562.8
215.271 60.5805 3.40418 2.83685 102.93 431.706
216.679 60.2805 3.37682 2.74831 150.949 353.104
218.244 60.7315 3.42661 3.09002 141.966 272.69
213.052 64.4091 3.53093 3.10758 77.095 703.887
213.497 60.396 3.36338 2.74777 117.229 528.79
215.738 60.3351 3.37932 2.76056 157.093 405.156
208.348 59.6572 3.42325 2.75644 148.821 822.45
217.659 60.6024 3.39831 2.91506 141.881 301.662
225.615 58.2758 3.53979 3.20499 162.696 252.823
215.581 59.9268 3.35461 2.71896 158.462 416.252
216.749 60.4427 3.40317 2.89095 173.127 349.751
217.639 60.9231 3.41898 3.09643 121.385 309.638
214.077 61.4924 3.37928 2.96045 146.232 510.762
211.542 61.4131 3.40012 2.99236 161.422 642.096
209.077 63.5527 3.41889 3.03771 77.6965 826.626
218.995 60.824 3.40311 3.06911 145.182 235.792
216.976 61.3836 3.36694 3.00053 174.866 359.143
211.063 63.7318 3.41058 2.94362 74.0525 744.981
218.049 60.1785 3.3646 2.82434 209.022 277.225
209.256 65.0304 3.54671 3.08482 47.6771 892.07
210.931 64.5928 3.52466 3.10146 75.6436 798.748
216.031 60.2361 3.3679 2.73119 176.296 389.036
217.533 61.1871 3.36009 3.05 175.12 323.642
218.652 60.2994 3.38192 2.90462 114.105 244.05
211.14 63.4056 3.40382 3.02893 80.4546 725.572
219.217 60.1294 3.37275 2.8032 210.066 212.487
216.221 60.072 3.35188 2.68848 153.47 379.271
218.856 60.4399 3.39035 2.9641 174.41 234.169
216.546 61.2275 3.37154 3.1107 133.531 375.58
207.417 57.7828 3.56049 2.99509 91.1605 933.682
212.138 64.8736 3.5489 3.05243 80.6771 770.242
198.929 70.2043 3.60499 2.82974 33.8756 1573.88
203.383 71.3221 3.45219 2.84862 39.9801 1525.24
205.026 71.0033 3.4555 2.85272 29.8666 1458.48
234.753 71.9871 3.57268 3.02166 39.4862 1419.47
198.198 69.3641 3.61778 2.87173 31.2237 1549.22
202.84 70.0079 3.45842 2.87608 32.4435 1441.41
205.387 69.6211 3.47192 2.90647 29.5167 1339.36
206.58 70.34 3.45439 2.87268 45.5118 1365.09
196.822 68.4753 3.49209 2.95459 19.6343 1554.28
200.413 69.1049 3.46934 2.89789 44.0513 1459.09
205.217 69.1565 3.46911 2.95651 52.49 1309.34
209.387 69.836 3.45973 2.90107 47.926 1253.86
211.299 69.72 3.46095 2.90744 68.4217 1200.93
215.088 69.9175 3.46631 2.88611 69.8962 1152.4
216.289 69.626 3.7065 2.88852 63.1861 1105.28
235.93 69.3475 3.54672 2.99281 122.109 1192.45
201.885 68.4946 3.48149 2.93518 51.8154 1372.49
203.387 68.7132 3.47561 2.96227 50.5822 1335.66
207.318 68.8799 3.4771 2.94526 63.3448 1226.98
209.319 68.9656 3.46741 2.90715 60.0072 1179.63
211.177 69.1532 3.46473 2.95421 65.5003 1151.11
213.625 69.322 3.4586 2.89827 100.51 1116.62
219.035 69.243 3.48815 2.9705 28.1412 1034.16
221.263 69.3286 3.59773 3.25327 38.4239 1029.82
202.768 67.4572 3.51782 2.99541 47.6892 1280.96
203.811 68.2575 3.48605 2.9777 56.8963 1291.91
208.187 68.1343 3.48876 2.96893 49.625 1143.31
210.384 68.0584 3.49571 2.96908 52.5601 1074.36
211.513 68.0748 3.4931 2.95083 70.9709 1046
214.432 68.1207 3.47186 2.95711 104.424 983.269
218.405 68.1861 3.49096 2.95853 95.4488 926.224
222.103 68.3889 3.48215 2.95194 101.117 922.709
223.281 66.3701 3.46852 2.93795 84.6336 696.57
193.671 65.4742 3.47665 2.96313 38.8843 1594.54
195.352 65.7077 3.47976 2.95304 43.4175 1522.44
204.275 67.0486 3.51806 3.02228 34.1641 1201.81
206.517 67.2221 3.51258 2.99506 96.1691 1131.58
207.821 67.5076 3.49952 2.99897 77.8244 1107.58
212.113 67.5187 3.5091 2.98976 81.6781 981.515
214.357 67.5933 3.48514 2.97583 86.4652 933.967
215.855 67.6946 3.48007 2.93907 99.209 913.507
224.214 67.6106 3.51826 2.92886 55.3128 836.762
226.258 67.441 3.50383 3.001 53.4533 830.902
195.961 64.9941 3.46112 2.98938 65.4572 1480.71
197.645 65.3936 3.46944 2.96061 60.6432 1411.54
199.349 65.5011 3.47894 2.96708 45.3942 1337.81
202.913 66.1434 3.44308 3.36478 18.4939 1208.66
206.494 66.5156 3.52877 3.0395 52.3186 1087.5
208.493 66.9214 3.51798 3.01343 70.2462 1043.23
209.976 66.7108 3.51891 3.00978 90.0666 978.616
212.525 66.7004 3.50973 2.99957 80.7054 899.536
213.899 66.7653 3.50648 2.97704 95.8361 867.819
216.215 66.9498 3.48632 2.96279 60.3656 832.253
218.345 66.8088 3.48175 2.91961 98.3155 780.755
221.978 66.9116 3.47837 3.00047 106.927 758.669
223.778 66.9808 3.50256 2.96105 101.286 765.436
225.729 66.9227 3.52229 2.96403 47.325 769.63
197.761 64.6379 3.44928 2.98124 61.7931 1390
200.087 64.937 3.45695 2.96892 60.3455 1288.42
201.637 65.1527 3.46506 2.98854 50.9539 1224.58
205.119 65.4924 3.51914 3.09969 25.0692 1086.72
207.195 65.6571 3.56425 3.01051 43.6747 1010.27
208.623 65.8937 3.5457 2.99259 35.5263 969.254
210.457 65.8251 3.50746 3.13005 59.3763 897.728
212.122 65.8371 3.51194 3.04608 103.156 841.674
214.18 66.267 3.51586 2.95725 44.5519 815.673
214.181 66.267 3.51296 2.95335 48.8929 815.645
218.473 66.2305 3.47612 2.9496 82.4318 718.239
221.631 66.2191 3.47502 3.03302 100.609 683.281
225.657 65.8052 3.52698 3.02444 54.6447 647.1
214.843 62.3987 3.37633 2.91102 182.638 507.289
213.052 64.4091 3.53093 3.10758 77.095 703.887
199.305 63.8864 3.43821 2.97088 64.2247 1303.34
205.522 64.7962 3.4573 3.00156 51.1302 1038.44
208.018 65.18 3.82626 3.10226 47.749 950.693
210.64 65.1479 3.54241 3.00568 74.9493 845.077
216.846 65.3064 3.51517 2.99501 112.831 658.374
218.385 65.6035 3.48646 2.98093 112.443 654.921
220.064 65.4483 3.47943 2.93348 83.9581 612.633
221.694 65.3609 3.4711 2.96372 92.4746 587.943
223.623 65.2225 3.44956 2.9725 81.438 569.282
196.446 62.7492 3.44267 2.99077 77.8214 1438.09
199.398 63.2842 3.445 2.98304 70.8227 1291.19
200.922 63.3965 3.44403 2.97072 69.4193 1216.65
203.285 63.465 3.43524 2.97401 70.4817 1101.39
204.379 63.994 3.43554 3.00442 67.1105 1062.06
205.853 64.1767 3.4341 2.96951 93.1792 999.342
214.63 64.613 3.5189 2.99601 77.2041 662.308
216.436 64.5012 3.50244 3.00381 72.1553 595.605
221.784 64.453 3.49233 2.94032 84.9982 487.07
221.784 64.4525 3.47392 2.96245 66.7753 487.018
223.67 64.5753 3.46883 2.9749 72.4051 497.41
198.469 62.2938 3.43449 2.98687 47.606 1334.26
201.699 62.7161 3.42996 2.96761 68.6104 1169.62
205.93 63.3569 3.42555 2.99511 80.9705 969.726
214.222 63.8036 3.50575 3.12857 89.43 617.428
217.924 64.0292 3.49485 2.97773 106.745 510.662
222.48 63.8433 3.47691 3.00335 155.916 415.778
197.317 61.3416 3.4081 2.89317 45.2032 1400.87
198.513 61.678 3.42056 2.96255 55.1807 1334.37
201.703 62.1344 3.41918 2.94775 87.0444 1165.89
203.311 62.2195 3.42388 3.04114 83.5146 1082.6
206.12 62.4787 3.412 2.98207 144.309 940.998
216.652 63.0254 3.4779 3.19754 67.1637 468.524
218.173 63.0618 3.48702 3.13935 185.98 417.072
221.871 63.109 3.4698 2.99961 194.911 338.607
193.799 60.3849 3.41928 2.83138 88.9307 1606.13
196.65 60.4135 3.41076 2.83501 76.1282 1451.24
198.04 60.7515 3.3985 2.80793 73.5994 1370.03
199.312 60.6947 3.39491 2.81524 60.8699 1302.13
201.041 61.0224 3.37315 2.78443 65.0024 1204.74
205.609 61.9037 3.41085 3.14769 67.3228 960.362
206.868 61.8823 3.40431 3.09737 77.5271 894.16
209.88 61.7531 3.4077 3.09579 83.4139 734.871
212.274 61.7929 3.39992 3.11711 47.5199 611.487
213.825 62.1067 3.34485 2.85697 139.514 543.208
217.004 62.4013 3.48988 3.11693 102.435 411.372
218.122 62.3579 3.50763 3.1067 141.984 362.917
221.538 62.4435 3.46206 2.9699 209.074 270.955
223.206 62.5763 3.54656 3.00877 170.939 273.662
225.609 62.2024 3.47072 3.00202 269.214 269.916
198.315 59.9237 3.43167 2.87873 86.5394 1370.85
199.908 60.1686 3.42416 2.85931 91.8346 1278.55
201.231 60.4742 3.41004 2.83771 101.244 1201.11
202.813 60.5269 3.40273 2.80816 96.9851 1114.1
204.11 60.6801 3.38494 2.77997 82.1296 1041.7
205.516 60.8132 3.3828 2.86601 71.4766 964.184
207.791 61.2001 3.3892 3.00025 63.878 840.5
215.402 61.6061 3.38424 3.02969 152.572 446.467
226.918 61.1512 3.49228 3.03292 331.633 241.181
198.736 59.2533 3.43843 2.86964 84.5125 1364.57
200.175 59.1767 3.44127 2.86574 60.3373 1287.12
201.907 59.5938 3.42797 2.8427 117.401 1180.69
202.905 59.7733 3.4224 2.82663 108.246 1121.61
204.792 59.8542 3.41791 2.8296 115.057 1015.81
205.68 60.1952 3.39233 2.79425 123.155 961.323
207.376 60.0815 3.39314 2.80295 107.371 869.349
210.276 60.4814 3.38291 2.86929 86.5781 705.78
190.452 56.6011 3.50455 3.06086 15.0073 1926.52
202.009 59.0314 3.45756 2.90719 78.7166 1189.55
203.561 59.1953 3.45742 2.86892 91.3785 1098.94
204.771 59.3922 3.44975 2.85705 137.677 1026.8
206.768 59.6524 3.42162 2.78927 130.414 910.26
212.597 59.9979 3.38049 2.69064 201.107 581.242
227.183 60.2114 3.53447 3.09899 293.615 230.161
212.566 65.1171 3.53101 3.01375 92.1267 772.109
203.344 58.6774 3.46372 2.84127 96.632 1126.06
213.66 59.4296 3.43628 2.78615 97.9061 532.096
227.731 58.9601 3.56503 3.11213 139.066 295.147
202.426 57.5673 3.48495 2.95705 94.1413 1218.23
203.613 57.6397 3.47624 2.94635 58.131 1149.45
205.548 57.5665 3.52367 3.00875 57.6603 1045.77
225.482 58.2747 3.52658 3.23123 136.003 248.574
229.033 59.3946 3.52698 3.03864 164.354 346.292
197.939 55.703 3.50203 2.95332 64.1581 1556.05
200.447 56.2848 3.51887 2.97895 43.7054 1387.47
223.768 57.9616 3.52818 3.10176 187.656 244.233
225.424 57.4688 3.55672 3.1348 130.602 326.021
228.869 57.9128 3.51902 3.07372 108.693 415.287
227.048 56.8144 3.59291 3.23641 78.0862 436.186
229.75 56.9811 3.49584 3.0617 120.304 523.964
212.138 64.8735 3.54693 3.04932 59.3705 770.243
210.428 68.6408 3.48845 2.92383 74.3526 1123.26
226.879 56.1146 3.5747 3.17703 127.211 500.194
229.974 55.9154 3.53484 3.04244 71.7496 621.804
228.385 55.3279 3.55417 3.09146 89.4352 621.229
227.653 56.4191 3.59302 3.24065 68.8198 493.079
209.931 62.7622 4.23115 4.02977 76.0046 757.085
211.063 63.7323 3.41059 2.94363 74.0525 744.984
211.14 63.4057 3.40382 3.02893 80.4546 725.572
218.547 60.1369 2.33843 1.64117 100.531 249.699
217.908 60.4896 3.40402 2.90893 165.493 286.572
217.507 60.403 3.39843 2.90395 145.039 307.816
218.338 61.0595 3.35045 2.99241 135.493 277.993
216.296 60.3923 3.38505 2.81913 131.917 374.441
216.716 60.1205 3.3589 2.70701 134.131 351.471
215.271 60.5805 3.40418 2.83685 102.93 431.706
216.679 60.2805 3.37682 2.74831 150.949 353.104
218.244 60.7315 3.42661 3.09002 141.966 272.69
217.659 60.602 3.39854 2.91525 141.881 301.682
216.749 60.4427 3.40317 2.89095 173.127 349.751
217.639 60.9231 3.4191 3.09653 121.385 309.649
218.995 60.8241 3.40316 3.06915 145.182 235.796
216.976 61.3836 3.36694 3.00053 174.866 359.143
218.049 60.1785 3.3646 2.82434 209.022 277.225
216.031 60.2361 3.3679 2.73119 176.296 389.036
217.533 61.187 3.35995 3.04987 175.12 323.629
218.652 60.2994 3.38192 2.90462 114.105 244.05
219.217 60.1294 3.37275 2.8032 210.066 212.487
216.221 60.072 3.35188 2.68848 153.47 379.271
218.856 60.4399 3.39035 2.9641 174.41 234.169
216.546 61.2275 3.37154 3.1107 133.531 375.58
