# evlo=206.768097 evla=59.652401
225.449 60.24 3.42813 2.83452 90.056 1042.63
194.627 64.5646 3.49774 2.98184 70.5482 835.164
217.908 60.4896 3.37638 2.7371 126.533 626.494
217.654 61.036 3.42001 2.88678 119.048 619.747
217.507 60.403 3.38941 2.72658 124.256 603.842
218.338 61.0595 3.40517 2.85889 151.382 656.647
220.363 59.9534 3.41452 2.70972 102.568 762.5
216.3 60.3932 3.40145 2.7481 164.033 537.371
225.144 58.5792 3.57711 3.13126 34.7063 1055.93
215.395 60.9677 3.3962 2.80801 196.943 498.447
209.013 64.0997 3.4635 3.0127 164.093 509.415
210.701 64.1732 3.45077 3.02275 102.864 544.307
207.916 63.4188 3.46255 3.0036 192.77 424.117
212.195 64.6453 3.44902 2.92456 74.0298 623.742
204.378 55.8218 3.38667 2.83228 171.225 449.688
200.411 54.831 3.54528 2.91592 49.3325 659.405
207.685 63.8827 3.4922 2.97537 220.476 473.896
209.796 67.2269 3.48581 2.97077 101.946 857.475
216.907 60.7523 3.40438 2.77342 136.859 574.887
218.66 60.9649 3.40222 2.84385 117.843 672.427
209.738 62.4058 3.44884 3.11722 169.009 346.181
217.513 60.0823 3.4177 2.74962 167.095 603.183
212.624 63.0753 3.43844 3.02281 268.713 493.162
214.225 61.1292 3.4159 2.91877 157.805 442.571
215.93 63.6482 3.4396 3.00457 170.607 657.722
214.25 60.5487 3.41231 2.87523 237.046 427.776
196.582 54.8564 3.48882 2.93927 165.768 812.828
213.401 60.7277 3.41808 2.89074 168.042 386.819
209.784 61.1426 3.36463 2.84487 341.984 234.912
214.766 66.5657 3.47235 2.88578 75.3792 868.379
188.296 63.7758 3.52277 2.97295 71.6518 1074.48
211.074 61.771 3.38549 2.94418 393.145 333.027
216.188 61.4417 3.39013 2.88036 97.7963 553.41
212.904 60.8792 3.43289 2.9151 166.835 365.936
215.271 60.5805 3.40414 2.80333 212.959 483.588
216.679 60.2805 3.40735 2.73994 151.042 557.453
218.244 60.7315 3.39965 2.84269 148.116 647.025
213.052 64.4091 3.44118 2.91554 85.0182 623.22
213.497 60.396 3.42143 2.90101 207.516 384.026
215.738 60.3351 3.41285 2.7859 159.864 505.935
217.659 60.6024 3.38158 2.76411 148.039 613.835
215.581 59.9268 3.43796 2.80984 214.203 495.466
216.749 60.4427 3.3942 2.7698 148.103 562.496
217.639 60.9231 3.42054 2.89249 173.626 617.004
214.077 61.4924 3.42538 2.99297 178.386 449.837
211.542 61.4131 3.37748 2.89435 354.76 327.225
209.077 63.5527 3.42374 2.99244 142.283 451.514
217.277 60.2474 3.40657 2.71252 77.2717 590.351
218.995 60.824 3.40034 2.84338 131.015 688.755
216.976 61.3836 3.3828 2.82307 168.534 592.185
211.063 63.7318 3.45452 3.00187 109.135 508.003
211.768 64.9602 3.46624 3.00972 106.524 645.443
218.049 60.1785 3.42002 2.79746 165.541 633.041
209.256 65.0304 3.48527 3.00236 161.849 612.963
210.931 64.5928 3.45125 2.98344 138.247 591.593
216.031 60.2361 3.41297 2.75953 175.527 521.355
191.145 52.9721 3.50967 2.96486 145.795 1214.89
217.533 61.1871 3.39871 2.83943 161.992 616.395
218.652 60.2994 3.38792 2.72202 103.469 666.597
219.217 60.1294 3.39539 2.65581 110.579 697.925
216.221 60.072 3.42729 2.79619 183.382 531.263
218.856 60.4399 3.39162 2.77857 226.195 678.256
216.546 61.2275 3.39699 2.80466 73.3338 565.567
207.417 57.7828 3.43372 2.96132 176.818 211.615
212.138 64.8736 3.44875 2.93979 25.8794 644.783
203.383 71.3221 3.45069 2.84942 74.1897 1310.05
205.026 71.0033 3.44623 2.843 91.3733 1268.04
234.753 71.9871 3.47513 2.93443 44.16 1844.56
205.387 69.6211 3.4505 2.91681 103.261 1113.25
206.58 70.34 3.43956 2.89602 104.678 1191.6
196.822 68.4753 3.46643 2.93374 73.0495 1093.74
198.806 68.6483 3.61068 3.2726 27.5262 1073.04
200.413 69.1049 3.46188 2.90351 40.4221 1096.12
205.217 69.1565 3.45595 2.93026 108.279 1062.09
211.299 69.72 3.45619 2.88389 92.9851 1142.27
215.088 69.9175 3.45482 2.93958 114.554 1208.27
216.289 69.626 3.46018 2.97619 73.9997 1198.18
235.93 69.3475 3.5404 2.99212 62.55 1741.22
196.917 67.6988 3.48224 2.9042 50.4941 1018.14
201.885 68.4946 3.46345 2.93317 63.5658 1013.33
203.387 68.7132 3.47175 2.91444 55.7996 1022.99
207.318 68.8799 3.43697 2.99037 66.392 1029.02
209.319 68.9656 3.47376 2.90316 81.4722 1045.33
211.177 69.1532 3.45441 2.89516 123.941 1079.61
213.625 69.322 3.46138 2.95119 107.471 1125.6
219.035 69.243 3.46325 2.86494 58.9497 1216.31
198.174 67.082 3.48391 2.97691 84.7044 931.193
199.397 67.4213 3.47593 2.94722 56.9746 938.884
203.811 68.2575 3.47836 2.93042 76.907 969.861
206.028 68.4414 3.45658 2.98769 122.478 980.418
208.187 68.1343 3.49287 2.91393 47.1748 948.016
210.384 68.0584 3.4799 2.93959 118.298 953.369
211.513 68.0748 3.47536 2.95717 122.625 966.738
214.432 68.1207 3.48375 2.96715 108.281 1014.52
218.405 68.1861 3.47824 2.90151 68.7294 1105.44
222.103 68.3889 3.47655 2.93824 64.7356 1221.96
223.281 66.3701 3.48118 2.98059 146.771 1116.41
195.352 65.7077 3.50157 3.02193 60.9919 890.347
198.75 66.442 3.48656 2.9579 56.3846 857.104
204.275 67.0486 3.50412 2.99382 118.278 833.653
206.517 67.2221 3.46901 2.99237 104.906 843.867
207.821 67.5076 3.4822 2.94548 65.2114 877.145
212.113 67.5187 3.4851 3.00061 106.121 915.32
214.357 67.5933 3.48625 2.97758 88.6939 960.208
215.855 67.6946 3.48206 2.91953 81.1547 1000.62
224.214 67.6106 3.47779 2.96057 84.8847 1230.64
226.258 67.441 3.49836 2.98027 132.072 1291.02
195.961 64.9941 3.49126 2.99116 59.4566 815.389
197.645 65.3936 3.48652 2.93961 33.5462 792.185
199.349 65.5011 3.48746 2.97263 75.6358 754.119
201.346 65.895 3.49587 2.97979 79.8967 748.194
206.494 66.5156 3.46609 3.04865 104.013 765.111
208.493 66.9214 3.49666 2.97175 93.3879 814.769
209.976 66.7108 3.48567 2.99486 133.897 802.904
212.525 66.7004 3.48971 3.00525 134.38 836.55
213.899 66.7653 3.47782 2.98682 75.9114 868.928
216.215 66.9498 3.46044 2.89543 87.3695 939.033
218.345 66.8088 3.45836 2.99036 127.359 984.114
223.778 66.9808 3.48763 2.97422 108.411 1173.55
225.729 66.9227 3.4927 2.98113 97.5962 1240.83
197.761 64.6379 3.48369 2.9929 71.804 726.19
200.087 64.937 3.47328 2.99888 43.8053 682.601
201.637 65.1527 3.50642 2.84231 52.4253 667.458
203.551 65.5276 3.52574 2.9561 93.5327 675.145
205.119 65.4924 3.47201 3.04427 115.91 656.332
207.195 65.6571 3.50265 2.94862 136.481 669.611
208.623 65.8937 3.49949 2.97901 117.389 701.978
210.457 65.8251 3.47835 2.99974 139.758 713.065
212.122 65.8371 3.47718 3.00846 134.528 741.028
214.18 66.267 3.47582 2.88039 28.7961 826.375
214.181 66.267 3.47146 2.92634 71.0421 826.398
218.473 66.2305 3.46648 3.01917 136.429 940.735
221.631 66.2191 3.47301 2.98539 105.38 1046.48
225.657 65.8052 3.4841 2.97457 100.831 1177.23
214.843 62.3987 3.40003 2.96387 333.52 532.548
213.052 64.4091 3.44118 2.91554 85.0182 623.22
199.305 63.8864 3.48421 2.94833 91.155 613.922
205.522 64.7962 3.461 3.0611 102.22 576.895
208.018 65.18 3.49548 2.94757 145.339 619.406
210.64 65.1479 3.4739 3.01185 131.755 644.076
216.846 65.3064 3.46859 3.02648 163.173 814.884
218.385 65.6035 3.46893 3.00653 112.524 889.073
220.064 65.4483 3.47117 2.99633 100.799 937.445
221.694 65.3609 3.47356 2.99331 167.139 993.835
223.623 65.2225 3.4716 3.00412 123.955 1063.82
196.446 62.7492 3.50954 3.02638 90.4943 652.395
199.398 63.2842 3.49308 2.97305 85.2026 563.403
200.922 63.3965 3.52684 2.98686 27.9678 519.999
204.379 63.994 3.48252 3.00676 134.084 499.869
205.853 64.1767 3.47104 3.01921 132.446 506.477
214.63 64.613 3.44305 2.97043 146.65 687.342
216.436 64.5012 3.45836 2.99009 210.533 738.318
221.784 64.453 3.45755 3.01997 138.136 946.69
221.784 64.4525 3.45811 3.02158 143.313 946.638
223.67 64.5753 3.45408 2.9999 134.198 1034.15
195.344 61.9331 3.49985 3.02895 81.7367 670.897
198.469 62.2938 3.53267 3.02546 96.7546 536.606
205.93 63.3569 3.46733 3.01066 138.785 415.215
214.222 63.8036 3.44345 3.01103 198.457 606.899
217.924 64.0292 3.44702 3.01354 259.048 761.854
222.48 63.8433 3.45444 3.01876 165.339 948.839
197.317 61.3416 3.52451 3.02153 92.4746 551.88
198.513 61.678 3.498 3.05514 122.627 504.149
200.525 61.7105 3.52159 3.14914 154.02 410.802
201.703 62.1344 3.50765 2.74007 19.914 389.796
203.311 62.2195 3.5021 2.93402 88.2666 341.868
205.146 62.1816 3.4499 2.93525 137.822 295.222
206.12 62.4787 3.48209 2.96248 156.485 316.867
216.652 63.0254 3.42761 3.00236 246.627 647.915
218.173 63.0618 3.4314 2.98936 256.695 717.241
221.871 63.109 3.43003 3.00976 210.932 891.707
193.799 60.3849 3.49509 2.93824 147.513 726.662
196.65 60.4135 3.51575 2.95576 126.315 569.782
198.04 60.7515 3.51951 2.95956 144.297 498.891
199.312 60.6947 3.51492 2.95187 121.793 429.607
201.041 61.0224 3.52851 3.00078 108.02 351.073
202.562 61.4009 3.52731 3.16692 116.871 302.032
204.176 61.4907 3.5971 3.0257 105.117 249.278
205.609 61.9037 3.48326 2.90365 146.918 258.675
206.868 61.8823 3.46384 3.10552 202.444 248.527
209.88 61.7531 3.3945 2.79469 252.258 289.174
212.274 61.7929 3.38986 2.93848 313.371 383.428
213.825 62.1067 3.39725 2.95596 300.737 470.434
217.004 62.4013 3.38908 2.96619 218.17 631.482
218.122 62.3579 3.37987 2.94094 174.085 682.983
221.538 62.4435 3.39146 2.89297 180.481 854.033
223.206 62.5763 3.4121 2.92958 161.798 941.064
225.609 62.2024 3.40596 2.91201 95.0261 1056.29
198.315 59.9237 3.4902 3.01622 127.32 475.344
199.908 60.1686 3.51068 3.00903 164.995 387.935
201.231 60.4742 3.5262 3.00695 279.952 321.573
202.813 60.5269 3.57796 3.11403 140.499 240.633
215.402 61.6061 3.4015 2.94089 159.348 519.783
222.911 61.4593 3.39737 2.91514 99.9918 905.701
224.22 61.4862 3.40465 2.91875 112.005 975.462
226.918 61.1512 3.42196 2.91105 95.9811 1118.59
198.736 59.2533 3.50255 3.06431 168.72 457.439
200.175 59.1767 3.5175 3.09914 196.795 377.923
201.907 59.5938 3.54473 3.1031 259.699 274.356
202.905 59.7733 3.53626 3.08943 233.326 217.79
210.276 60.4814 3.42622 2.99127 291.214 216.039
219.809 60.7718 3.39661 2.87427 152.667 732.445
221.424 60.3024 3.40284 2.77012 163.885 819.871
190.452 56.6011 3.54516 3.0017 51.6958 1016.58
202.009 59.0314 3.53604 3.19943 317.846 279.42
212.597 59.9979 3.42576 2.91257 234.666 329.11
223.04 60.1218 3.42162 2.78927 130.414 910.26
226.285 59.5898 3.45857 2.84635 70.7746 1097.54
227.183 60.2114 3.43896 2.85149 133.19 1138.6
212.566 65.1171 3.45135 2.79278 102.207 678.274
203.344 58.6774 3.56451 3.14587 280.212 223.9
204.113 58.2637 3.5309 3.17677 253.415 217.375
213.66 59.4296 3.46943 2.8889 190.901 390.501
227.731 58.9601 3.53004 3.04759 46.3848 1191.62
202.426 57.5673 3.53601 3.09667 193.127 342.868
203.613 57.6397 3.50375 2.96438 248.82 289.466
205.548 57.5665 3.45763 3.00123 185.081 242.923
224.26 58.4133 3.60412 3.1819 22.5951 1010.82
229.033 59.3946 3.47165 2.89999 60.7393 1254.6
197.939 55.703 3.48574 2.95927 143.74 685.298
200.447 56.2848 3.46054 2.96625 154.619 529.336
223.768 57.9616 3.67186 3.33608 51.3548 997.51
225.424 57.4688 3.68797 3.30398 50.1862 1108.78
227.048 56.8144 3.71079 3.33 45.9138 1227.2
212.138 64.8735 3.47332 3.02091 69.505 644.769
210.428 68.6408 3.4738 2.93343 104.166 1017.27
226.879 56.1146 3.74509 3.35977 52.4586 1250.72
229.974 55.9154 3.71218 3.31533 37.2083 1433.39
228.385 55.3279 3.75471 3.34437 40.1418 1375.4
227.653 56.4191 3.71732 3.32328 50.9514 1279.16
209.931 62.7622 3.4098 2.88374 168.042 385.883
211.063 63.7323 3.45493 3.00222 109.135 508.063
218.547 60.1369 4.07672 3.82884 213.395 660.671
217.908 60.4896 3.37638 2.7371 126.533 626.494
217.507 60.403 3.38941 2.72658 124.256 603.842
218.338 61.0595 3.4052 2.85891 151.382 656.653
216.296 60.3923 3.40022 2.74711 164.033 537.176
215.271 60.5805 3.40414 2.80333 212.959 483.588
216.679 60.2805 3.40735 2.73994 151.042 557.453
218.244 60.7315 3.39965 2.84269 148.116 647.025
217.659 60.602 3.38141 2.76397 148.039 613.804
216.749 60.4427 3.3942 2.7698 148.103 562.496
217.639 60.9231 3.42048 2.89244 173.626 616.994
217.277 60.2474 3.40657 2.71252 77.2717 590.351
218.995 60.8241 3.40035 2.84339 131.015 688.756
216.976 61.3836 3.3828 2.82307 168.534 592.185
218.049 60.1785 3.42002 2.79746 165.541 633.041
216.031 60.2361 3.41297 2.75953 175.527 521.355
217.533 61.187 3.39875 2.83947 161.992 616.403
218.652 60.2994 3.38792 2.72202 103.469 666.597
219.217 60.1294 3.39539 2.65581 110.579 697.925
216.221 60.072 3.42729 2.79619 183.382 531.263
218.856 60.4399 3.39162 2.77857 226.195 678.256
216.546 61.2275 3.39699 2.80466 73.3338 565.567
