# evlo=228.868805 evla=57.9128
225.449 60.24 3.55108 3.04424 84.1081 324.975
194.627 64.5646 3.47515 3.00365 54.3554 1952.55
217.654 61.036 3.49127 3.08844 80.8161 723.359
217.507 60.403 3.50619 2.99844 43.4836 705.587
218.338 61.0595 3.47761 3.05344 99.5622 690.908
220.363 59.9534 3.54792 3.10624 115.085 539.473
216.3 60.3932 3.4972 3.2008 30.017 768.975
225.144 58.5792 3.60619 3.10437 185.478 230.953
216.716 60.1205 3.45075 2.82622 49.8647 738.915
215.395 60.9677 3.49602 3.08233 62.065 834.845
209.013 64.0997 3.46822 2.99639 69.0228 1268.15
210.701 64.1732 3.48062 2.99046 22.0759 1197.43
208.846 60.7683 3.50775 2.94122 48.5047 1177.77
207.916 63.4188 3.46319 3.01585 76.5231 1291.18
212.195 64.6453 3.53344 3.03616 53.8465 1161.08
204.378 55.8218 3.7507 3.36085 54.9468 1503.16
200.411 54.831 3.73996 3.34412 45.272 1777.69
207.685 63.8827 3.47071 2.98103 93.6164 1319.29
209.796 67.2269 3.5314 2.9911 36.4619 1416.57
216.907 60.7523 3.49773 2.99103 49.7304 749.306
218.66 60.9649 3.4724 3.03391 79.7391 670.633
209.738 62.4058 3.40964 2.91829 41.6468 1168.56
217.513 60.0823 3.53413 3.15546 59.3399 694.961
212.624 63.0753 3.4612 3.04381 71.294 1057.6
214.225 61.1292 3.49283 3.11905 59.6047 900.529
215.93 63.6482 3.53163 3.05475 52.7887 948.306
214.25 60.5487 3.45703 2.80874 104.547 882.505
213.401 60.7277 3.46427 2.84541 106.012 932.229
209.784 61.1426 3.47686 2.88426 75.8684 1133.62
188.296 63.7758 3.47639 2.95378 69.0992 2257.01
203.121 64.7461 3.48168 2.98625 78.1915 1559.28
211.074 61.771 3.38049 2.77814 45.9106 1081.87
216.188 61.4417 3.4747 3.17063 52.765 813.587
215.271 60.5805 3.43543 2.73471 74.4546 829.037
216.679 60.2805 3.53674 3.28082 34.5309 745.432
218.244 60.7315 3.51265 3.09178 72.7562 680.493
213.052 64.4091 3.52982 3.07003 47.0583 1112.23
213.497 60.396 3.49668 2.91761 64.3635 919.566
215.738 60.3351 3.46693 2.83678 66.3495 797.309
217.659 60.6024 3.51629 3.0655 60.3879 704.974
215.581 59.9268 3.52543 2.95643 65.0937 796.123
216.749 60.4427 3.5165 3.09892 44.1975 746.735
217.639 60.9231 3.49365 3.08738 92.2133 719.094
214.077 61.4924 3.47216 3.04846 43.3489 920.572
211.542 61.4131 3.42666 2.79205 60.7244 1047.7
209.077 63.5527 3.46518 3.00983 94.8934 1241.91
218.995 60.824 3.49587 3.05394 95.9598 647.41
216.976 61.3836 3.46374 3.06175 99.097 772.491
211.063 63.7318 3.45876 2.98293 72.0433 1159.62
211.768 64.9602 3.76161 3.02023 53.3804 1197.11
218.049 60.1785 3.52637 3.02294 47.8624 669.368
209.256 65.0304 3.5316 3.1122 48.6552 1303.14
210.931 64.5928 3.52419 3.12465 43.7949 1209.91
216.031 60.2361 3.46801 2.83706 78.3854 778.92
214.53 62.9699 3.44991 2.972 29.1983 966.453
219.747 60.0959 3.54722 3.1027 112.147 577.211
220.599 59.667 3.561 3.15134 154.211 516.166
214.475 65.5174 3.53033 3.01867 55.5848 1133.85
207.811 62.8962 3.45623 3.02597 60.1328 1278.78
217.533 61.1871 3.47861 3.07224 61.2127 736.216
211.667 60.8584 3.48886 2.92082 105.856 1027.67
215.323 60.3863 3.45971 2.81137 59.4937 820.914
215.154 63.7399 3.5193 3.03037 43.7531 985.478
218.652 60.2994 3.52035 3.02303 44.2094 642.055
211.14 63.4056 3.46017 3.02906 91.5107 1140.76
219.217 60.1294 3.5392 3.17169 92.0072 606.156
216.221 60.072 3.47669 2.82656 47.0386 764.436
218.856 60.4399 3.51514 3.0469 77.944 637.15
216.546 61.2275 3.49389 3.17468 55.0032 786.658
207.417 57.7828 3.69163 3.26902 58.45 1268.65
212.138 64.8736 3.54114 3.01266 62.143 1177.16
205.026 71.0033 3.47241 2.88345 26.024 1830.43
234.753 71.9871 3.72072 3.00714 62.5065 1591.75
202.84 70.0079 3.62003 2.92373 22.3206 1827.74
205.387 69.6211 3.48128 2.91806 17.9227 1722.92
194.656 68.2746 3.57943 3.30539 21.1299 2036.74
198.806 68.6483 3.63189 2.89589 31.9703 1892.62
211.299 69.72 3.49688 3.0354 34.0595 1562.34
215.088 69.9175 3.48335 2.89788 46.0842 1491.26
216.289 69.626 3.48927 2.91825 50.0367 1439.03
235.93 69.3475 3.51542 2.97196 100.134 1319.73
201.885 68.4946 3.5005 2.9273 29.0435 1772.39
203.387 68.7132 3.50368 2.93701 38.3954 1731.41
209.319 68.9656 3.4859 2.93018 20.1402 1556.98
211.177 69.1532 3.48988 2.93311 26.1432 1518.89
213.625 69.322 3.48878 2.93699 44.4427 1470.19
219.035 69.243 3.50043 2.94281 48.4089 1350.15
221.263 69.3286 3.47894 2.90275 68.1075 1324.82
198.174 67.082 3.52496 3.11358 15.057 1853.79
199.397 67.4213 3.53046 3.00601 17.4333 1816.96
202.768 67.4572 3.68087 2.95147 26.8303 1686.43
203.811 68.2575 3.50798 2.93693 40.3639 1690.36
208.187 68.1343 3.51625 2.95438 20.0101 1532.52
214.432 68.1207 3.51452 2.95575 33.3413 1345.01
218.405 68.1861 3.50269 2.91513 40.6957 1257.49
220.465 68.6043 3.50554 2.94811 56.8346 1261.52
222.103 68.3889 3.486 2.92939 72.1482 1214.74
223.281 66.3701 3.49307 2.9514 81.5073 985.621
193.671 65.4742 3.49675 2.97376 37.9578 2009.81
195.352 65.7077 3.49362 2.95638 35.7986 1937.52
204.275 67.0486 3.52569 2.99825 35.2303 1607.84
206.517 67.2221 3.52673 2.96049 68.1569 1532.72
207.821 67.5076 3.52592 2.96972 34.8771 1503.44
212.113 67.5187 3.51058 2.95395 20.71 1362.35
214.357 67.5933 3.53178 2.96296 21.8613 1302.16
215.855 67.6946 3.51772 2.99384 47.6266 1270.69
220.128 67.6136 3.50664 2.94228 59.5169 1167.13
224.214 67.6106 3.50305 2.92929 46.3451 1105.97
195.961 64.9941 3.4884 2.99056 51.4261 1895.97
197.645 65.3936 3.49305 2.94731 36.4304 1826.71
199.349 65.5011 3.49163 2.95516 38.3164 1752.71
202.913 66.1434 3.42811 2.90109 21.2092 1620.61
208.493 66.9214 3.53995 2.98951 54.3851 1442.38
209.976 66.7108 3.53846 3.00406 59.9996 1375.6
212.525 66.7004 3.53386 2.97937 49.5829 1287.39
216.215 66.9498 3.53129 3.01191 32.4848 1195.68
218.345 66.8088 3.51631 2.97407 58.5456 1127.88
221.978 66.9116 3.49657 2.94025 67.467 1062.77
223.778 66.9808 3.49445 2.95228 66.9006 1043.41
197.761 64.6379 3.47866 3.00775 55.1716 1805.12
200.087 64.937 3.48122 2.99123 71.4949 1703.69
201.637 65.1527 3.48655 2.99257 56.2352 1639.56
205.119 65.4924 3.56937 3.38308 15.2161 1499.63
207.195 65.6571 3.55275 3.0501 36.0644 1420.58
210.457 65.8251 3.54138 2.93855 57.6148 1301.11
212.122 65.8371 3.53958 3.01485 34.4486 1240.04
214.181 66.267 3.53873 3.00005 38.4124 1200.39
218.473 66.2305 3.52354 2.99431 44.5502 1071.39
221.631 66.2191 3.49906 2.97147 55.1962 998.52
225.657 65.8052 3.48703 2.9802 56.0246 895.352
214.843 62.3987 3.44608 2.99053 145.207 922.574
213.052 64.4091 3.52982 3.07003 47.0583 1112.23
199.305 63.8864 3.46838 2.99965 43.1172 1717.48
205.522 64.7962 3.48198 3.00075 51.2885 1453.09
208.018 65.18 3.53037 3.13345 41.1454 1362.46
210.64 65.1479 3.54507 3.02205 58.5412 1253.22
216.846 65.3064 3.54236 3.06081 36.1542 1038.47
218.385 65.6035 3.54284 2.99634 37.3204 1017.45
220.064 65.4483 3.5132 3.00947 37.4287 958.435
221.694 65.3609 3.4998 2.98188 59.9077 911.695
223.623 65.2225 3.49137 2.97164 71.6841 860.235
196.446 62.7492 3.45815 2.93015 64.1138 1847.83
199.398 63.2842 3.43969 2.8992 49.7786 1703.54
200.922 63.3965 3.46 2.99992 47.4028 1629.7
203.285 63.465 3.46365 3.01129 37.9427 1515.24
204.379 63.994 3.47367 2.99728 71.6724 1477.19
205.853 64.1767 3.47446 2.96601 68.2385 1414.62
214.63 64.613 3.53992 3.00323 69.7531 1063.76
216.436 64.5012 3.53239 2.98878 90.9298 989.39
221.784 64.453 3.52105 2.98632 44.8275 821.29
221.784 64.4525 3.52266 2.99789 44.634 821.256
223.67 64.5753 3.48384 3.0011 68.6213 792.533
198.469 62.2938 3.45714 2.9009 41.4765 1741.68
201.699 62.7161 3.44252 2.88364 92.4075 1579.93
205.93 63.3569 3.45874 3.03547 73.4325 1384.05
214.222 63.8036 3.51804 3.06437 55.0185 1027.61
217.924 64.0292 3.52744 2.998 62.618 900.786
222.48 63.8433 3.53018 3.03307 61.4269 745.554
198.513 61.678 3.49329 3.00676 32.9967 1737.71
200.525 61.7105 3.48424 3.01917 34.3271 1631.34
201.703 62.1344 3.45545 2.89158 48.6541 1572.65
203.311 62.2195 3.4412 2.88215 92.4006 1490.35
205.146 62.1816 3.4311 2.86234 101.096 1395.25
206.12 62.4787 3.42456 2.80837 72.4857 1351.61
216.652 63.0254 3.51248 3.11644 59.8227 878.465
218.173 63.0618 3.52285 2.99691 82.6836 819.615
221.871 63.109 3.55135 2.97548 52.7342 694.119
193.799 60.3849 3.55052 3.09907 26.1604 2001.29
196.65 60.4135 3.49131 2.87227 28.7917 1844.8
198.04 60.7515 3.50071 2.85904 25.5291 1765.9
199.312 60.6947 3.48603 2.85747 28.9399 1696.92
201.041 61.0224 3.49867 2.88917 47.0019 1602.18
202.562 61.4009 3.50037 2.93176 55.5262 1521.56
204.176 61.4907 3.49301 2.92772 46.246 1436.41
205.609 61.9037 3.46182 3.07706 50.842 1366.55
206.868 61.8823 3.46062 3.11058 37.2808 1300.79
212.274 61.7929 3.35318 2.73986 47.0642 1021.85
213.825 62.1067 3.42535 2.92156 95.5019 957.287
217.004 62.4013 3.50735 3.24512 85.9456 825.145
218.122 62.3579 3.51546 3.13304 79.9684 774.177
221.538 62.4435 3.52902 3.00249 67.8004 647.547
223.206 62.5763 3.55579 3.0114 73.2335 606.398
225.609 62.2024 3.48526 2.95876 96.1491 511.084
198.315 59.9237 3.56114 2.9874 25.4115 1758.38
199.908 60.1686 3.57044 3.1403 24.2331 1667.54
201.231 60.4742 3.5722 3.14091 31.588 1592.75
207.791 61.2001 3.47071 2.91418 87.0758 1240.54
215.402 61.6061 3.46605 3.12091 56.8111 859.241
222.911 61.4593 3.52179 2.98493 84.6228 517.959
224.22 61.4862 3.55941 2.98905 100.268 476.174
226.918 61.1512 3.48091 2.95514 83.445 377.236
200.175 59.1767 3.58872 3.20958 30.8226 1663.78
202.905 59.7733 3.59456 3.20066 27.0055 1503.36
204.792 59.8542 3.59444 3.14605 49.4704 1397.21
207.376 60.0815 3.57544 3.09841 34.8128 1252.9
210.276 60.4814 3.49969 2.83494 28.5522 1096.24
219.809 60.7718 3.48853 3.01127 77.6355 605.193
221.424 60.3024 3.51667 3.00607 93.1212 502.344
223.909 60.7704 3.52731 3.00766 118.172 425.195
190.452 56.6011 3.6025 3.1151 17.8341 2291.82
202.009 59.0314 3.59282 3.15042 33.8674 1561.6
203.561 59.1953 3.59135 3.14509 25.5214 1471.29
212.597 59.9979 3.55708 2.96481 51.5576 962.108
222.262 59.6304 3.54211 3.08453 107.751 427.198
223.04 60.1218 3.51902 3.07372 108.693 415.287
226.285 59.5898 3.49707 2.94066 128.35 239.26
227.183 60.2114 3.48524 2.98301 114.737 273.698
212.566 65.1171 3.53917 2.99548 61.8734 1175.81
203.344 58.6774 3.61874 3.1843 46.484 1490.24
204.113 58.2637 3.62748 3.14811 91.9094 1452.54
204.991 58.6484 3.6257 3.20441 61.0221 1395.84
206.355 58.9287 3.62283 3.18731 49.3103 1314.2
207.606 58.6097 3.65071 3.1807 68.8271 1245.33
202.426 57.5673 3.63966 3.19424 50.0656 1565.38
203.613 57.6397 3.65139 3.23492 52.987 1494.32
205.548 57.5665 3.67286 3.2715 50.1756 1382.68
224.26 58.4133 3.59087 3.14623 187.861 276.89
197.939 55.703 3.6475 3.17931 27.0076 1888.35
200.447 56.2848 3.6528 3.21381 44.6098 1719.29
223.768 57.9616 3.55602 3.07679 239.914 302.13
225.424 57.4688 3.53616 3.06789 366.097 211.312
212.138 64.8735 3.76502 3.01401 46.3611 1177.16
210.428 68.6408 3.48799 2.97121 16.3994 1499.56
226.879 56.1146 3.54786 3.17056 254.814 233.881
229.974 55.9154 3.4404 2.96094 85.2913 232.388
228.385 55.3279 3.54859 3.09427 142.631 289.363
211.063 63.7323 3.45876 2.98293 72.0433 1159.62
211.14 63.4057 3.46017 3.02906 91.5107 1140.76
218.547 60.1369 2.89899 2.1174 74.3823 641.646
217.507 60.403 3.50619 2.99844 43.4836 705.587
218.338 61.0595 3.47759 3.05341 99.5622 690.903
216.296 60.3923 3.4979 3.20144 30.017 769.129
216.716 60.1205 3.45075 2.82622 49.8647 738.915
215.271 60.5805 3.43543 2.73471 74.4546 829.037
216.679 60.2805 3.53674 3.28082 34.5309 745.432
218.244 60.7315 3.51265 3.09178 72.7562 680.493
217.659 60.602 3.51634 3.06554 60.3879 704.983
216.749 60.4427 3.5165 3.09892 44.1975 746.735
217.639 60.9231 3.49369 3.08743 92.2133 719.104
218.995 60.8241 3.4959 3.05396 95.9598 647.415
216.976 61.3836 3.46374 3.06175 99.097 772.491
218.049 60.1785 3.52637 3.02294 47.8624 669.368
216.031 60.2361 3.46801 2.83706 78.3854 778.92
217.533 61.187 3.47855 3.07218 61.2127 736.202
218.652 60.2994 3.52035 3.02303 44.2094 642.055
219.217 60.1294 3.5392 3.17169 92.0072 606.156
216.221 60.072 3.47669 2.82656 47.0386 764.436
218.856 60.4399 3.51514 3.0469 77.944 637.15
216.546 61.2275 3.49389 3.17468 55.0032 786.658
