# evlo=223.768005 evla=57.961601
225.449 60.24 3.53233 3.1051 111.523 271.453
194.627 64.5646 3.49583 2.91641 82.2061 1707.81
217.908 60.4896 3.52788 3.05047 60.1688 437.038
217.654 61.036 3.55379 3.06833 68.6462 486.704
217.507 60.403 3.49928 2.85106 62.3734 449.245
218.338 61.0595 3.52093 3.06014 57.4186 461.919
220.363 59.9534 3.58981 3.11172 130.43 295.933
216.3 60.3932 3.4673 2.75639 95.7084 505.259
216.716 60.1205 3.46846 2.70619 90.9743 470.53
215.395 60.9677 3.46599 2.81674 113.276 580.293
209.013 64.0997 3.39267 2.81981 63.577 1046.29
209.094 59.7511 3.70802 3.3678 53.3947 868.101
209.259 59.7417 3.71063 3.37385 42.3003 858.771
210.701 64.1732 3.43157 2.93229 87.4773 984.849
207.916 63.4188 3.43882 2.78969 45.8619 1053.67
212.195 64.6453 3.48036 2.9822 109.618 966.214
204.378 55.8218 3.78775 3.42653 60.1948 1201.18
200.411 54.831 3.76197 3.44158 37.9401 1475.8
208.763 59.5251 3.71691 3.30254 56.3303 884.104
209.796 67.2269 3.48687 2.96469 69.3956 1251.37
216.907 60.7523 3.47962 2.77932 76.6607 498.503
218.66 60.9649 3.53531 3.07318 77.2651 442.272
209.738 62.4058 3.47171 2.89506 125.192 919.766
217.513 60.0823 3.47815 2.74579 94.5792 429.727
214.225 61.1292 3.45593 2.79353 134.957 643.952
215.93 63.6482 3.48016 2.97881 74.682 762.718
214.25 60.5487 3.44303 2.65364 77.6943 613.947
196.582 54.8564 3.69904 3.31348 37.5053 1701.16
213.401 60.7277 3.4446 2.66942 60.2052 664.489
214.766 66.5657 3.50863 3.0207 96.1205 1064.4
188.296 63.7758 3.48935 2.84406 49.5439 2002.48
203.121 64.7461 3.40839 2.85591 48.6653 1328.95
211.074 61.771 3.46392 2.85954 115.893 826.139
216.188 61.4417 3.52462 3.04961 71.6547 575.947
212.904 60.8792 3.44975 2.67413 66.5712 696.006
215.271 60.5805 3.45636 2.80876 80.0108 564.964
216.679 60.2805 3.48594 2.73071 82.6773 480.841
218.244 60.7315 3.5381 3.00263 111.966 440.171
213.052 64.4091 3.47474 2.98261 118.33 918.637
215.738 60.3351 3.49416 2.77971 85.7111 529.681
208.348 59.6572 3.69668 3.35946 54.4654 908.71
217.659 60.6024 3.50662 2.91213 79.725 455.535
216.749 60.4427 3.47984 2.79279 85.5187 486.671
217.639 60.9231 3.55592 3.03638 59.7627 478.961
214.077 61.4924 3.46321 2.76566 75.5341 671.201
211.542 61.4131 3.46 2.79064 123.895 787.003
197.4 66.8951 3.47334 2.97642 24.7231 1666.26
218.995 60.824 3.53612 3.09827 109.476 418.386
216.976 61.3836 3.52717 3.09058 68.0479 539.694
211.063 63.7318 3.36463 2.71962 41.463 940.615
211.768 64.9602 3.48454 2.98648 73.7301 1005.4
218.049 60.1785 3.4929 2.82749 96.3287 410.344
209.256 65.0304 3.47493 2.98545 110.378 1098.65
210.931 64.5928 3.4696 2.99633 133.369 1006.36
216.031 60.2361 3.49058 2.7357 96.3385 510.253
214.53 62.9699 3.44559 2.97456 89.6372 753.355
219.747 60.0959 3.58151 3.0444 134.883 331.302
220.599 59.667 3.60045 3.05567 150.878 263.818
214.475 65.5174 3.50684 3.00378 72.7749 972.5
207.811 62.8962 3.46839 2.92249 57.4148 1032.48
217.533 61.1871 3.52282 3.01494 62.9229 502.879
197.092 68.0541 3.47352 2.95308 34.7609 1733.96
215.154 63.7399 3.46384 2.95722 112.908 794.693
218.652 60.2994 3.53589 2.89566 80.7246 391.75
211.14 63.4056 3.50977 3.22283 25.9956 915.92
219.217 60.1294 3.57215 3.03972 162.566 355.591
218.856 60.4399 3.539 3.02221 84.9659 393.516
216.546 61.2275 3.53968 3.00831 73.256 546.067
207.417 57.7828 3.73052 3.31196 107.054 968.19
212.138 64.8736 3.48383 2.99142 84.6564 986.234
203.383 71.3221 3.46283 2.86124 42.2066 1760.24
205.026 71.0033 3.46465 2.88118 48.6499 1694.27
234.753 71.9871 3.56669 2.99058 65.4509 1641.21
198.198 69.3641 3.4415 2.89097 51.4935 1768.58
206.58 70.34 3.46286 2.87289 44.7484 1600.66
194.656 68.2746 3.46523 2.96854 41.2753 1835.73
196.822 68.4753 3.45822 2.91964 46.8509 1765.68
198.806 68.6483 3.45792 2.91371 66.7472 1705.24
200.413 69.1049 3.44879 2.9296 46.163 1679.97
205.217 69.1565 3.45921 2.93733 40.6507 1538.15
209.387 69.836 3.47368 2.91371 58.7282 1491.52
211.299 69.72 3.47893 2.95575 45.1905 1440.68
215.088 69.9175 3.4803 2.95259 45.783 1395.8
216.289 69.626 3.48372 2.93142 57.2735 1349.12
196.917 67.6988 3.46758 2.94425 21.2843 1722.84
201.885 68.4946 3.46277 2.9404 51.956 1591.76
203.387 68.7132 3.4588 2.95013 43.5342 1558.92
207.318 68.8799 3.47959 2.93202 36.7581 1458.04
209.319 68.9656 3.47303 2.93589 52.0773 1414.44
211.177 69.1532 3.66263 2.92878 35.6458 1389.36
213.625 69.322 3.47172 2.93873 74.3128 1358.23
219.035 69.243 3.49824 2.96804 39.5644 1278.34
221.263 69.3286 3.68853 2.93313 41.4606 1272.87
198.174 67.082 3.48357 2.98707 37.9385 1644.35
199.397 67.4213 3.48515 2.96953 36.86 1614.74
202.768 67.4572 3.47969 2.98171 65.5231 1494.15
203.811 68.2575 3.46462 2.94836 61.5832 1513.04
206.028 68.4414 3.4762 2.97109 23.0108 1458.79
208.187 68.1343 3.48127 2.93309 54.3634 1372.35
210.384 68.0584 3.49301 2.98686 65.402 1307.5
211.513 68.0748 3.50113 2.9894 46.7602 1281.41
214.432 68.1207 3.49389 2.97514 92.9982 1223.76
218.405 68.1861 3.50426 2.97466 85.1532 1170.36
220.465 68.6043 3.49917 2.97811 51.1922 1197.38
222.103 68.3889 3.48973 2.95312 70.1446 1165.17
223.281 66.3701 3.49409 2.97268 109.042 937.44
193.671 65.4742 3.4468 2.89956 21.2012 1774.29
195.352 65.7077 3.44797 2.87355 59.3942 1706.41
198.75 66.442 3.45889 2.87962 32.9232 1591.14
200.349 66.6001 3.46761 2.96984 18.1128 1534.91
202.227 66.8332 3.48553 2.98311 69.1478 1475.64
204.275 67.0486 3.4827 2.98603 44.8028 1414.75
206.517 67.2221 3.4779 2.99854 85.3872 1351.08
207.821 67.5076 3.47928 2.96174 64.7577 1332.14
212.113 67.5187 3.50168 3.01296 81.8307 1215.96
214.357 67.5933 3.50045 2.98905 77.522 1173.11
215.855 67.6946 3.50076 3.01095 66.1826 1155.19
220.128 67.6136 3.51119 2.98237 37.9883 1091.24
224.214 67.6106 3.50628 2.99005 79.8561 1075.68
197.645 65.3936 3.43336 2.86773 30.1937 1594.81
199.349 65.5011 3.43481 2.87267 56.1479 1524.91
201.346 65.895 3.45284 2.86965 57.0802 1459.2
202.913 66.1434 3.4813 2.95538 46.7339 1409.86
206.494 66.5156 3.48332 3.00116 90.2783 1301.09
208.493 66.9214 3.48453 2.97243 54.3618 1265.4
209.976 66.7108 3.48946 2.97315 80.3916 1203.26
212.525 66.7004 3.50155 3.00333 65.4116 1131.12
213.899 66.7653 3.50838 3.00266 64.2534 1103.24
216.215 66.9498 3.50695 3.00609 85.4446 1073.1
218.345 66.8088 3.49789 2.97788 73.8639 1024.22
223.778 66.9808 3.51348 2.98937 108.203 1005.21
197.761 64.6379 3.49114 2.89702 38.7144 1564.21
201.637 65.1527 3.42876 2.86875 65.6571 1411.59
203.551 65.5276 3.45175 2.86647 56.1425 1350.56
205.119 65.4924 3.47069 2.94779 71.3894 1285.99
207.195 65.6571 3.48333 2.97106 74.3145 1217.28
208.623 65.8937 3.48363 3.01438 81.9172 1183.07
210.457 65.8251 3.4839 2.99173 58.2603 1116.81
212.122 65.8371 3.4906 2.98109 85.1751 1066.46
214.18 66.267 3.5201 2.97926 28.5019 1049.59
214.181 66.267 3.51238 2.99684 51.3518 1049.57
218.473 66.2305 3.49867 3.00342 131.721 961.306
225.657 65.8052 3.51817 2.9771 43.5736 879.641
214.843 62.3987 3.48639 3.24953 44.4803 698.635
213.052 64.4091 3.47474 2.98261 118.33 918.637
199.305 63.8864 3.47998 2.92007 70.7823 1469.39
205.522 64.7962 3.41948 2.84104 71.6892 1230.02
208.018 65.18 3.47891 2.9675 70.23 1154.82
210.64 65.1479 3.48136 2.99421 68.4243 1058.11
216.846 65.3064 3.50717 3.02909 96.7836 895.793
218.385 65.6035 3.5053 3.02806 99.7408 896.966
220.064 65.4483 3.50162 3.02737 70.1692 856.646
221.694 65.3609 3.49528 2.97913 98.5432 831.748
223.623 65.2225 3.4844 2.99834 88.8634 809.177
196.446 62.7492 3.46458 2.9 43.7743 1585.29
199.398 63.2842 3.48169 2.9017 36.8026 1448.49
200.922 63.3965 3.47801 2.9218 63.7373 1377.59
203.285 63.465 3.46935 2.88671 70.014 1267.42
204.379 63.994 3.47985 2.93164 42.8334 1238.97
205.853 64.1767 3.40428 2.86461 31.0958 1182.95
214.63 64.613 3.48093 2.99229 75.6056 886.592
216.436 64.5012 3.50002 3.02942 91.712 827.109
221.784 64.453 3.49851 3.01409 37.7072 731.076
221.784 64.4525 3.51534 2.9896 53.0585 731.025
223.67 64.5753 3.48508 2.9804 80.153 737.003
198.469 62.2938 3.4519 2.78089 55.2741 1475.42
201.699 62.7161 3.46251 2.80478 43.2357 1320.48
205.93 63.3569 3.4666 2.90214 46.3895 1140.08
214.222 63.8036 3.46017 2.97434 181.454 830.396
217.924 64.0292 3.50353 3.03347 99.0875 745.687
222.48 63.8433 3.49508 3.02514 122.687 659.063
197.317 61.3416 3.58062 2.80447 22.5964 1526.61
198.513 61.678 3.42218 2.85262 55.4271 1465.53
200.525 61.7105 3.41493 2.83494 46.7462 1360.08
201.703 62.1344 3.43959 2.77964 47.7916 1306.52
203.311 62.2195 3.44256 2.78893 53.451 1226.61
205.146 62.1816 3.44306 2.75672 71.5507 1133.22
206.12 62.4787 3.46689 2.85775 73.9952 1095.19
216.652 63.0254 3.45506 2.98645 115.793 685.664
218.173 63.0618 3.4946 3.02412 111.534 645.533
221.871 63.109 3.51075 3.06821 103.835 582.84
202.562 61.4009 3.56964 3.08654 31.9698 1248.06
206.868 61.8823 3.44363 2.74921 67.3154 1037.28
209.88 61.7531 3.46498 2.8297 96.947 883.061
212.274 61.7929 3.46187 2.81495 105.345 770.741
213.825 62.1067 3.50053 2.90466 24.8828 720.099
217.004 62.4013 3.43818 2.98545 137.133 620.282
218.122 62.3579 3.45334 2.98235 161.978 581.091
221.538 62.4435 3.50006 3.05451 123.524 514.367
223.206 62.5763 3.51249 3.02168 115.22 515.087
225.609 62.2024 3.52621 2.99113 134.526 483.421
204.11 60.6801 3.6107 3.15375 45.806 1154.66
215.402 61.6061 3.52421 3.03024 53.392 620.174
222.911 61.4593 3.50708 3.08499 186.569 392.631
224.22 61.4862 3.50063 2.99954 139.641 393.488
226.918 61.1512 3.53156 3.04269 166.709 397.376
200.175 59.1767 3.62315 3.24207 32.1123 1372.27
202.905 59.7733 3.64166 3.28027 47.3266 1215.22
219.809 60.7718 3.50019 3.11407 98.8161 385.44
221.424 60.3024 3.49897 3.07042 201.037 293.212
223.909 60.7704 3.51088 3.08308 118.339 313.007
190.452 56.6011 3.61388 3.14715 37.1692 1994.6
202.009 59.0314 3.64967 3.24717 40.2014 1268.68
206.768 59.6524 3.67186 3.33608 51.3548 997.51
223.04 60.1218 3.52818 3.10176 187.656 244.233
226.285 59.5898 3.53496 3.11032 294.182 232.56
227.183 60.2114 3.52791 3.0776 228.635 317.929
212.566 65.1171 3.48515 2.97119 70.355 992.339
203.344 58.6774 3.65625 3.22569 52.122 1194.92
206.355 58.9287 3.67985 3.2982 66.249 1019.6
207.606 58.6097 3.71115 3.30515 116.351 948.522
227.731 58.9601 3.5406 3.01641 396.429 256.613
202.426 57.5673 3.6599 3.21525 77.7748 1265.77
203.613 57.6397 3.67302 3.24716 75.8661 1194.54
205.548 57.5665 3.70826 3.30205 50.6307 1082.1
229.033 59.3946 3.53488 3.0081 300.859 344.473
200.447 56.2848 3.65653 3.16376 27.9 1417.63
228.869 57.9128 3.55602 3.07679 239.914 302.13
227.048 56.8144 3.61613 3.15068 140.483 234.955
229.75 56.9811 3.55338 3.10987 166.057 375.05
212.138 64.8735 3.48206 2.98901 57.0127 986.233
210.428 68.6408 3.48475 2.96685 51.7592 1358.76
226.879 56.1146 3.63174 3.18905 203.624 279.187
229.974 55.9154 3.61834 3.12467 67.8044 440.939
228.385 55.3279 3.63277 3.23376 149.728 407.551
227.653 56.4191 3.65605 3.20897 149.795 290.949
211.063 63.7323 3.36468 2.71966 41.463 940.627
211.14 63.4057 3.50977 3.22284 25.9956 915.921
218.547 60.1369 2.68508 1.91391 79.8687 385.179
217.908 60.4896 3.52788 3.05047 60.1688 437.038
217.507 60.403 3.49928 2.85106 62.3734 449.245
218.338 61.0595 3.5209 3.06011 57.4186 461.915
216.296 60.3923 3.46809 2.75702 95.7084 505.374
216.716 60.1205 3.46846 2.70619 90.9743 470.53
215.271 60.5805 3.45636 2.80876 80.0108 564.964
216.679 60.2805 3.48594 2.73071 82.6773 480.841
218.244 60.7315 3.5381 3.00263 111.966 440.171
217.659 60.602 3.50657 2.91209 79.725 455.529
216.749 60.4427 3.47984 2.79279 85.5187 486.671
217.639 60.9231 3.55598 3.03643 59.7627 478.969
218.995 60.8241 3.53619 3.09833 109.476 418.394
216.976 61.3836 3.52717 3.09058 68.0479 539.694
218.049 60.1785 3.4929 2.82749 96.3287 410.344
216.031 60.2361 3.49058 2.7357 96.3385 510.253
217.533 61.187 3.52272 3.01485 62.9229 502.864
218.652 60.2994 3.53589 2.89566 80.7246 391.75
219.217 60.1294 3.57215 3.03972 162.566 355.591
218.856 60.4399 3.539 3.02221 84.9659 393.516
216.546 61.2275 3.53968 3.00831 73.256 546.067
