# evlo=210.427597 evla=68.6408
225.449 60.24 3.4965 2.94472 15.0218 1176.78
194.627 64.5646 3.4731 2.92886 145.918 831.349
217.908 60.4896 3.43144 2.93227 98.4141 975.282
217.654 61.036 3.42724 2.89748 85.6141 913.139
218.338 61.0595 3.44043 2.90959 63.2029 923.065
220.363 59.9534 3.45027 2.9547 92.696 1078.26
225.144 58.5792 3.49467 2.97901 61.6096 1330.63
216.716 60.1205 3.46535 2.95037 34.7969 995.934
215.395 60.9677 3.4585 2.98482 67.2778 886.732
209.013 64.0997 3.46338 2.87673 160.602 510.297
209.094 59.7511 3.42502 2.90881 97.5104 993.073
209.259 59.7417 3.42913 2.90754 110.95 993.642
210.701 64.1732 3.43711 2.89224 107.153 498.343
208.846 60.7683 3.43708 2.84886 81.4502 880.844
207.916 63.4188 3.47766 2.91769 104.221 593.207
212.195 64.6453 3.4646 2.97015 123.816 452.328
204.378 55.8218 3.47405 2.91263 84.1824 1461.16
200.411 54.831 3.50046 2.97312 112.006 1622.52
207.685 63.8827 3.46583 2.92401 169.865 544.573
208.763 59.5251 3.42023 2.93329 90.251 1019.34
216.907 60.7523 3.44877 2.95886 68.2985 931.004
218.66 60.9649 3.44537 2.91048 70.0186 939.071
209.738 62.4058 3.45887 2.8878 101.342 695.922
212.624 63.0753 3.44362 2.89823 106.458 628.53
214.225 61.1292 3.46465 2.89401 67.1961 856.173
215.93 63.6482 3.47027 2.93261 95.3518 609.08
214.25 60.5487 3.44381 2.89568 120.345 920.095
196.582 54.8564 3.52367 2.91325 61.2947 1692.08
213.401 60.7277 3.45348 2.93098 87.9981 893.29
209.784 61.1426 3.4437 2.9274 132.058 836.519
214.766 66.5657 3.36879 2.7909 158.431 295.857
188.296 63.7758 3.50777 2.95486 69.9229 1125.86
203.121 64.7461 3.46465 2.89938 211.32 540.357
211.074 61.771 3.45562 2.96406 125.905 766.534
216.188 61.4417 3.452 2.96958 142.218 846.38
212.904 60.8792 3.44691 2.93414 115.728 873.139
215.271 60.5805 3.45297 2.92878 53.5383 927.323
218.244 60.7315 3.43661 2.87825 72.7691 955.697
213.052 64.4091 3.47424 2.90454 139.258 486.002
213.497 60.396 3.45427 2.91221 93.8466 930.615
215.738 60.3351 3.44409 2.95688 71.837 959.634
208.348 59.6572 3.42414 2.87382 90.8228 1006.43
217.659 60.6024 3.69148 2.90929 57.0431 959.098
225.615 58.2758 3.50189 2.97471 62.1759 1373.17
215.581 59.9268 3.42849 2.87767 44.4048 1002.14
216.749 60.4427 3.45855 2.95297 72.5056 961.774
217.639 60.9231 3.43005 2.90016 109.387 924.811
214.077 61.4924 3.46353 2.91697 84.0905 814.935
211.542 61.4131 3.45086 2.96935 144.275 807.506
197.4 66.8951 3.40958 2.85115 126.316 582.377
209.077 63.5527 3.4715 2.86762 119.52 570.611
218.995 60.824 3.44146 2.90675 93.1018 960.268
216.976 61.3836 3.43537 2.86344 97.8767 864.895
211.063 63.7318 3.43863 2.93511 161.472 548.142
211.768 64.9602 3.44069 2.92804 139.424 414.643
218.049 60.1785 3.43319 2.96317 92.0321 1010.65
209.256 65.0304 3.44582 2.86758 216.978 405.885
210.931 64.5928 3.41768 2.87175 147.04 451.963
216.031 60.2361 3.4605 2.93497 66.8923 974.098
191.145 52.9721 3.51832 2.96109 91.9476 2017.15
214.53 62.9699 3.48055 2.95295 131.833 659.24
219.747 60.0959 3.44758 2.92869 72.8817 1050.87
220.599 59.667 3.45637 2.96072 94.1307 1112.79
214.475 65.5174 3.41553 2.80703 155.693 390.076
207.811 62.8962 3.47907 2.90617 150.575 651.52
217.533 61.1871 3.43004 2.88164 67.8551 895.097
211.667 60.8584 3.45662 2.96703 108.071 869.601
215.323 60.3863 3.43146 2.92976 30.9792 949.075
210.261 61.0889 3.44706 2.95992 138.424 841.994
197.092 68.0541 3.32176 2.68905 211.247 552.115
215.154 63.7399 3.49186 2.93415 107.398 586.131
218.652 60.2994 3.42927 2.84759 57.3682 1008.55
211.14 63.4056 3.43896 2.94208 132.376 584.646
219.217 60.1294 3.43102 2.82849 78.4561 1036.98
211.668 61.807 3.45058 2.95832 151.891 764.104
212.671 61.832 3.45092 2.97865 128.588 766.234
216.01 63.9761 3.44687 2.90697 153.43 576.757
214.792 60.5341 3.4386 2.89916 60.4844 927.068
205.816 56.5593 3.47286 2.95834 96.0474 1366.26
208.468 61.98 3.45214 2.85136 122.316 748.157
209.777 60.5117 3.4396 2.91023 119.127 906.796
189.752 57.1766 3.51295 2.94635 105.497 1637.65
209.253 61.4636 3.44827 2.88386 114.331 802.074
217.161 60.1791 3.4511 2.92306 57.7927 996.227
216.221 60.072 3.46473 2.94014 51.9367 994.357
210.547 60.1043 3.45074 2.97191 100.439 951.681
218.856 60.4399 3.43286 2.86399 59.0433 997.612
217.171 60.7541 3.43712 2.92569 62.4337 934.956
192.073 65.5598 3.48317 2.98065 74.8368 863.972
216.546 61.2275 3.454 2.95045 98.6735 874.67
231.887 52.1847 3.54938 3.13102 17.9018 2155.99
226.475 68.3065 3.38537 2.82642 137.69 656.549
207.417 57.7828 3.4177 2.86414 88.9578 1219.35
212.138 64.8736 3.45044 2.92085 203.915 426.777
198.929 70.2043 3.29044 2.51565 61.9245 482.855
203.383 71.3221 3.36949 2.619 123.381 401.983
205.026 71.0033 3.34182 2.68074 98.2049 335.516
198.198 69.3641 3.32148 2.52009 128.13 494.98
202.84 70.0079 3.26465 2.42217 83.748 335.425
205.387 69.6211 3.33848 2.37952 96.1088 228.257
206.58 70.34 3.33239 2.49093 81.2256 241.938
194.656 68.2746 3.32318 2.66542 60.9942 646.03
196.822 68.4753 3.32754 2.68446 84.7589 554.432
198.806 68.6483 3.33171 2.68227 105.389 471.792
200.413 69.1049 3.31791 2.55613 149.66 405.861
205.217 69.1565 3.31419 2.62851 189.32 217.13
215.088 69.9175 3.40225 2.83183 252.199 232.648
216.289 69.626 3.37558 2.6793 113.749 257.552
235.93 69.3475 3.39475 2.78286 95.1766 1016.2
196.917 67.6988 3.31557 2.71649 124.205 569.428
201.885 68.4946 3.31913 2.73117 166.464 348.598
203.387 68.7132 3.30964 2.67479 175.715 285.791
219.035 69.243 3.39579 2.92798 205.196 351.464
221.263 69.3286 3.37569 2.77484 98.9589 439.963
198.174 67.082 3.39376 2.85723 126.335 542.976
199.397 67.4213 3.36601 2.81372 137.7 479.597
202.768 67.4572 3.37917 2.89368 189.197 345.539
203.811 68.2575 3.36404 2.79894 179.101 274.532
218.405 68.1861 3.36856 2.82149 264.718 331.32
220.465 68.6043 3.37092 2.81365 199.312 408.047
222.103 68.3889 3.38995 2.82164 143.238 477.522
223.281 66.3701 3.4537 2.83813 147.956 603.097
193.671 65.4742 3.46753 2.91544 104.531 806.735
195.352 65.7077 3.45258 2.93134 92.5012 727.686
198.75 66.442 3.4326 2.93696 125.628 553.966
200.349 66.6001 3.41555 2.95983 83.2846 484.328
202.227 66.8332 3.39457 2.87192 181.543 400.724
204.275 67.0486 3.36274 2.82066 203.47 313.846
206.517 67.2221 3.38983 2.82801 328.538 227.835
215.855 67.6946 3.3521 2.68757 178.676 248.698
220.128 67.6136 3.40632 2.85413 164.029 418.92
224.214 67.6106 3.40769 2.84682 101.983 583.509
226.258 67.441 3.42091 2.84808 135.972 672.293
195.961 64.9941 3.45585 2.93069 115.742 751.916
197.645 65.3936 3.44555 2.9472 158.418 662.586
199.349 65.5011 3.44572 2.95797 160.17 594.259
201.346 65.895 3.43249 2.92104 216.786 496.445
202.913 66.1434 3.41229 2.86458 140.127 425.623
206.494 66.5156 3.39195 2.85159 262.57 290.11
209.976 66.7108 3.38591 2.78093 307.913 216.103
212.525 66.7004 3.40156 2.82643 154.042 233.948
213.899 66.7653 3.37534 2.69299 118.383 255.597
216.215 66.9498 3.37018 2.65913 88.4072 308.335
218.345 66.8088 3.38689 2.75912 96.8475 392.014
221.978 66.9116 3.42785 2.83449 139.77 523.469
223.778 66.9808 3.44436 2.85251 137.193 591.18
225.729 66.9227 3.45421 2.8423 97.2728 671.765
197.761 64.6379 3.46026 2.9384 89.4744 714.406
200.087 64.937 3.44902 2.89605 109.302 613.073
201.637 65.1527 3.43704 2.91696 136.553 546.405
203.551 65.5276 3.44897 2.89906 174.835 457.628
205.119 65.4924 3.43167 2.92679 194.527 419.924
207.195 65.6571 3.41202 2.88062 207.704 360.944
208.623 65.8937 3.41603 2.8502 221.678 316.077
210.457 65.8251 3.39727 2.79027 161.459 314.023
212.122 65.8371 3.44721 2.87447 209.696 321.102
214.18 66.267 3.39774 2.74452 43.5025 309.545
214.181 66.267 3.39829 2.69583 53.4423 309.567
218.473 66.2305 3.40235 2.8093 91.1661 436.545
221.631 66.2191 3.43205 2.83079 74.0576 549.673
225.657 65.8052 3.4819 2.85059 65.1881 727.682
214.843 62.3987 3.4848 2.94217 99.0792 724.891
213.052 64.4091 3.47424 2.90454 139.258 486.002
199.305 63.8864 3.47384 2.93262 99.2157 726.537
205.522 64.7962 3.43597 2.92785 110.649 479.947
208.018 65.18 3.44912 2.90438 260.419 400.034
210.64 65.1479 3.40941 2.82947 160.157 389.638
216.846 65.3064 3.44029 2.8394 89.3284 465.154
218.385 65.6035 3.43278 2.85518 77.274 483.053
220.064 65.4483 3.41259 2.81739 63.0607 549.235
221.694 65.3609 3.43168 2.84511 101.679 611.11
223.623 65.2225 3.44242 2.87262 71.6264 689.578
196.446 62.7492 3.49008 2.91672 96.5456 914.785
199.398 63.2842 3.47156 2.94781 108.81 777.629
200.922 63.3965 3.49315 2.92734 96.0369 724.916
203.285 63.465 3.47998 3.00033 147.681 660.738
204.379 63.994 3.46009 2.98914 148.129 584.247
205.853 64.1767 3.44601 2.91642 233.99 537.776
214.63 64.613 3.46627 2.88123 129.263 485.938
216.201 64.5654 3.47046 2.78688 25.2077 521.085
216.436 64.5012 3.43754 2.87934 107.974 532.595
221.784 64.453 3.42029 2.8186 66.4586 685.616
221.784 64.4525 3.41911 2.8052 53.2709 685.639
223.67 64.5753 3.44034 2.86244 65.197 739.085
195.344 61.9331 3.48435 2.93853 69.2231 1021.71
198.469 62.2938 3.49229 2.97277 144.238 895.696
201.699 62.7161 3.49757 2.98927 95.8589 771.338
205.93 63.3569 3.4685 2.91381 175.927 623.183
214.222 63.8036 3.47698 2.84046 85.5952 565.523
217.924 64.0292 3.4531 2.89342 134.947 613.302
222.48 63.8433 3.44128 2.81887 56.7775 759.124
197.317 61.3416 3.50857 2.95813 103.552 1017.86
198.513 61.678 3.50309 2.95401 82.1727 952.964
200.525 61.7105 3.50884 2.98696 104.615 898.904
201.703 62.1344 3.49235 2.96471 120.078 829.359
203.311 62.2195 3.48133 2.95784 165.578 787.295
205.146 62.1816 3.47753 2.94956 160.142 760.163
206.12 62.4787 3.48184 2.96105 159.912 714.872
216.652 63.0254 3.48194 2.91505 96.5919 686.936
218.173 63.0618 3.46282 2.90893 138.06 714.395
221.871 63.109 3.49578 2.96946 42.9524 805.579
193.799 60.3849 3.49952 2.91912 86.9332 1210.7
196.65 60.4135 3.51275 2.9801 90.5346 1125.33
198.04 60.7515 3.49912 2.99451 93.6334 1055.39
199.312 60.6947 3.52036 2.99085 91.8958 1029.28
201.041 61.0224 3.49772 2.95784 118.619 956.747
202.562 61.4009 3.48437 2.95249 173.68 886.635
204.176 61.4907 3.48805 2.93483 111.867 848.714
205.609 61.9037 3.48729 2.96309 131.25 783.56
206.868 61.8823 3.48012 2.91518 129.96 771.35
209.88 61.7531 3.44569 2.94147 110.481 768.363
212.274 61.7929 3.44975 2.97735 84.7966 768.291
213.825 62.1067 3.46034 2.8778 98.7136 745.196
217.004 62.4013 3.45855 2.84772 63.5902 758.303
218.122 62.3579 3.47193 2.93776 96.4504 784.544
221.538 62.4435 3.48897 2.96014 54.6937 858.176
223.206 62.5763 3.48555 2.85819 33.997 893.334
225.609 62.2024 3.4677 2.86001 60.0151 1000.91
198.315 59.9237 3.51244 2.98595 47.0675 1130.62
199.908 60.1686 3.5107 2.95706 101.344 1068.75
201.231 60.4742 3.49363 2.92361 200.706 1009.15
202.813 60.5269 3.49044 2.99099 120.856 973.648
204.11 60.6801 3.49696 2.9806 150.745 936.253
205.516 60.8132 3.48696 2.94708 121.236 902.823
207.791 61.2001 3.45144 2.8863 95.8303 838.7
215.402 61.6061 3.47063 3.05508 98.0386 817.721
222.911 61.4593 3.48272 2.97841 74.2652 989.341
226.918 61.1512 3.46745 2.83834 42.7473 1136.23
198.736 59.2533 3.52371 3.01642 71.6959 1188.58
200.175 59.1767 3.50266 2.9311 93.8189 1165.33
201.907 59.5938 3.49578 2.99022 173.892 1088.28
202.905 59.7733 3.49935 2.99364 114.665 1052.07
204.792 59.8542 3.49825 2.97603 116.183 1015.92
205.68 60.1952 3.48127 2.97864 84.0684 968.242
207.376 60.0815 3.47472 2.92313 97.9917 965.224
210.276 60.4814 3.45286 2.97163 123.986 909.677
219.809 60.7718 3.45068 2.93097 75.7621 982.311
221.424 60.3024 3.45942 2.91864 84.1103 1065.97
223.909 60.7704 3.48683 2.96054 53.4433 1082.79
190.452 56.6011 3.52103 2.93629 50.9625 1672.26
202.009 59.0314 3.50141 2.99634 124.568 1146.06
203.561 59.1953 3.50247 2.96952 97.2084 1103.92
204.771 59.3922 3.49961 2.99208 70.4509 1066.38
206.768 59.6524 3.4738 2.93343 104.166 1017.27
212.597 59.9979 3.45605 2.95067 83.7312 969.065
222.262 59.6304 3.45674 2.94006 57.9728 1153.53
223.04 60.1218 3.48845 2.92383 74.3526 1123.26
227.183 60.2114 3.52322 3.1107 49.6664 1230.68
212.566 65.1171 3.4509 2.90122 160.261 403.932
203.344 58.6774 3.50329 2.95978 83.7603 1162.89
204.113 58.2637 3.51329 3.01839 62.2128 1197.32
204.991 58.6484 3.49788 2.98158 63.5701 1144.88
206.355 58.9287 3.47793 2.94143 97.6953 1100.5
207.606 58.6097 3.4309 2.88055 59.7698 1126.59
213.66 59.4296 3.43869 2.88149 86.8157 1038.56
227.731 58.9601 3.4889 2.91805 23.2266 1365.31
202.426 57.5673 3.50025 2.98924 84.0393 1296.14
203.613 57.6397 3.50384 3.00381 42.6322 1271.59
205.548 57.5665 3.48167 2.96502 89.4531 1257.74
224.26 58.4133 3.47441 2.94923 35.6832 1324.8
225.482 58.2747 3.49677 2.9975 43.9171 1369.79
229.033 59.3946 3.48825 2.90643 40.5249 1363.76
197.939 55.703 3.52104 2.95879 88.4979 1574.75
200.447 56.2848 3.49812 2.9559 91.4637 1465.83
223.768 57.9616 3.48475 2.96685 51.7592 1358.76
225.424 57.4688 3.49709 2.9923 46.8359 1449.24
228.869 57.9128 3.48799 2.97121 16.3994 1499.56
227.048 56.8144 3.5212 3.00763 24.5306 1557.06
229.75 56.9811 3.48603 2.91498 22.1698 1615.95
212.138 64.8735 3.45156 2.91995 163.459 426.786
226.879 56.1146 3.52009 3.01913 42.7126 1623.34
228.385 55.3279 3.51928 2.98321 35.4375 1742.26
227.653 56.4191 3.51186 2.9659 26.6087 1612.83
209.931 62.7622 2.74806 2.15201 88.1443 655.87
211.063 63.7323 3.43829 2.93482 161.472 548.088
211.14 63.4057 3.43892 2.94205 132.376 584.64
218.547 60.1369 3.81012 3.23745 57.5082 1023.75
217.908 60.4896 3.43144 2.93227 98.4141 975.282
218.338 61.0595 3.44044 2.9096 63.2029 923.067
216.716 60.1205 3.46535 2.95037 34.7969 995.934
215.271 60.5805 3.45297 2.92878 53.5383 927.323
218.244 60.7315 3.43661 2.87825 72.7691 955.697
217.659 60.602 3.69161 2.9094 57.0431 959.133
216.749 60.4427 3.45855 2.95297 72.5056 961.774
217.639 60.9231 3.43003 2.90015 109.387 924.808
218.995 60.8241 3.44142 2.90672 93.1018 960.258
216.976 61.3836 3.43537 2.86344 97.8767 864.895
218.049 60.1785 3.43319 2.96317 92.0321 1010.65
216.031 60.2361 3.4605 2.93497 66.8923 974.098
217.533 61.187 3.43009 2.88169 67.8551 895.111
218.652 60.2994 3.42927 2.84759 57.3682 1008.55
219.217 60.1294 3.43102 2.82849 78.4561 1036.98
216.221 60.072 3.46473 2.94014 51.9367 994.357
218.856 60.4399 3.43286 2.86399 59.0433 997.612
216.546 61.2275 3.454 2.95045 98.6735 874.67
