# evlo=229.974304 evla=55.915401
225.449 60.24 3.54051 3.02515 28.2691 550.432
217.507 60.403 3.53923 2.96846 27.0495 885.761
220.363 59.9534 3.6048 3.19052 55.6075 724.394
216.3 60.3932 3.55656 3.03017 42.0975 944.393
225.144 58.5792 3.55682 3.02249 75.1319 415.772
216.716 60.1205 3.57869 3.0139 50.5009 910.517
215.395 60.9677 3.53427 2.94786 52.0998 1017.19
209.013 64.0997 3.47915 2.98713 57.5049 1471.14
209.094 59.7511 3.73053 3.37055 33.5788 1305.42
209.259 59.7417 3.72774 3.339 30.4189 1296.11
210.701 64.1732 3.49345 3.04329 42.8951 1404.21
208.846 60.7683 3.64024 3.22402 19.4324 1342.67
212.195 64.6453 3.51092 2.98328 30.5651 1374.32
200.411 54.831 3.79292 3.40451 39.3322 1863.85
207.685 63.8827 3.47157 2.97482 47.5816 1518.14
208.763 59.5251 3.73147 3.32603 38.7404 1319.83
216.907 60.7523 3.53375 2.93222 25.273 933.422
218.66 60.9649 3.79306 3.54677 15.9609 865.716
209.738 62.4058 3.53277 2.99348 20.6878 1356.2
217.513 60.0823 3.57123 3.03919 68.8228 868.794
212.624 63.0753 3.48731 3.0713 28.5747 1258.82
214.225 61.1292 3.53423 2.95761 61.7788 1081.83
215.93 63.6482 3.5146 3.02231 34.0052 1163.09
214.25 60.5487 3.54273 2.92014 26.2957 1054.4
213.401 60.7277 3.53054 2.92015 26.3176 1104.93
214.766 66.5657 3.52924 3.04133 24.8524 1432.24
203.121 64.7461 3.48097 2.96567 47.0966 1758.95
211.074 61.771 3.52879 2.92382 66.8956 1264.44
215.271 60.5805 3.55047 3.0219 38.5655 1004.45
216.679 60.2805 3.56637 3.0253 47.7012 920.057
218.244 60.7315 3.56317 3.11196 24.9059 869.809
213.052 64.4091 3.5132 3.02206 26.2751 1325.62
215.738 60.3351 3.57601 3.01843 38.4163 969.756
208.348 59.6572 3.72305 3.29697 32.5876 1345.15
225.615 58.2758 3.5648 3.06304 65.3869 372.57
216.749 60.4427 3.54563 3.00915 43.9264 924.698
217.639 60.9231 3.57081 3.12778 28.0597 909.025
214.077 61.4924 3.53588 2.94683 35.681 1106.81
211.542 61.4131 3.53181 2.93882 64.9047 1226.44
209.077 63.5527 3.46481 2.97854 31.2062 1440.19
218.995 60.824 3.55501 3.05723 24.7234 841.778
211.063 63.7318 3.47734 3.03844 49.5954 1363.43
211.768 64.9602 3.52988 2.96408 21.5991 1411.59
209.256 65.0304 3.51448 2.99184 32.3889 1513.61
210.931 64.5928 3.51001 2.98974 43.3739 1420.32
216.031 60.2361 3.57393 2.99822 36.932 950.443
214.53 62.9699 3.49211 3.03511 48.8406 1171.6
219.747 60.0959 3.59743 3.15356 41.086 761.764
220.599 59.667 3.61004 3.15852 49.2498 695.766
214.475 65.5174 3.53516 3.02934 42.176 1356.29
207.811 62.8962 3.38418 2.6768 17.1798 1468.37
215.323 60.3863 3.5708 3.03027 35.1907 993.007
215.154 63.7399 3.51195 3.0392 35.4803 1198.93
218.652 60.2994 3.57472 2.93419 15.1749 825.249
211.14 63.4056 3.46779 2.93519 32.4863 1341.77
219.217 60.1294 3.59085 3.14843 33.0297 788.646
212.671 61.832 3.53272 2.92853 41.8361 1190.36
216.01 63.9761 3.52297 3.00873 33.4467 1184.66
205.816 56.5593 3.79489 3.4116 52.6713 1492.03
208.468 61.98 3.52506 2.92316 61.863 1400.87
209.777 60.5117 3.66802 3.24697 28.393 1286.22
189.752 57.1766 3.64429 3.21433 34.0277 2441.98
209.253 61.4636 3.50426 2.91962 28.0957 1343.19
217.161 60.1791 3.57135 3.01486 42.5189 891.098
216.221 60.072 3.58743 3.03136 42.1399 933.362
217.171 60.7541 3.54208 2.89477 25.7089 921.056
192.073 65.5598 3.60951 2.96115 45.1972 2281.79
209.711 63.4502 3.65444 2.97179 28.6658 1406.86
207.417 57.7828 3.75607 3.44103 27.954 1385.38
212.138 64.8736 3.52327 2.98108 30.7356 1391.79
203.383 71.3221 3.47996 2.90197 29.5455 2127.45
205.026 71.0033 3.47651 2.87906 16.1319 2059.36
234.753 71.9871 3.67735 2.9344 20.6387 1805.43
198.198 69.3641 3.47104 2.88832 18.395 2168.54
206.58 70.34 3.48368 2.92421 19.4537 1967.09
198.806 68.6483 3.48431 2.89903 16.7338 2110.62
205.217 69.1565 3.50304 2.96106 16.7228 1922.22
209.387 69.836 3.4838 2.94368 20.1259 1851.59
211.299 69.72 3.48463 2.96681 30.4832 1792.59
215.088 69.9175 3.48425 2.94218 22.9159 1723.28
235.93 69.3475 3.70176 2.97531 36.517 1526.18
203.387 68.7132 3.50424 2.96383 15.26 1953.22
211.177 69.1532 3.48894 2.93756 27.8843 1748.17
213.625 69.322 3.48246 2.97441 33.254 1701.18
219.035 69.243 3.49472 2.96505 31.7752 1582.53
221.263 69.3286 3.47498 2.90033 36.8425 1556.68
199.397 67.4213 3.51244 3.01315 17.3685 2029.78
202.768 67.4572 3.50099 2.95984 18.7389 1902.43
206.028 68.4414 3.51599 2.98584 20.8914 1847.8
208.187 68.1343 3.51773 2.97509 18.3769 1756.7
210.384 68.0584 3.51874 2.99971 24.8965 1682.91
214.432 68.1207 3.4991 2.96474 22.7369 1574.89
218.405 68.1861 3.49373 2.92531 33.884 1489.63
220.465 68.6043 3.5006 2.95118 36.3982 1493.84
222.103 68.3889 3.48294 2.92655 38.9348 1446.65
223.281 66.3701 3.49467 2.95368 64.8406 1217.82
193.671 65.4742 3.49452 2.96317 46.17 2207.37
195.352 65.7077 3.49325 2.94756 46.2558 2137.47
204.275 67.0486 3.51169 2.95095 21.2297 1823.37
206.517 67.2221 3.5214 2.95992 15.928 1751.57
207.821 67.5076 3.52275 3.04304 18.7768 1724.97
212.113 67.5187 3.52859 3.02573 32.5455 1588.7
214.357 67.5933 3.50934 2.93618 35.8895 1530.98
215.855 67.6946 3.50286 3.00092 34.0016 1500.99
220.128 67.6136 3.50291 2.95234 39.9072 1399.47
224.214 67.6106 3.49247 2.93794 31.9114 1336.94
226.258 67.441 3.48454 2.95883 48.8178 1298.8
195.961 64.9941 3.60319 2.95556 32.6228 2091.47
199.349 65.5011 3.49074 2.95859 39.8092 1954.11
201.346 65.895 3.50304 3.01071 18.6106 1883.41
202.913 66.1434 3.50269 3.05365 21.5191 1829.63
206.494 66.5156 3.50551 2.96159 18.7003 1709.05
209.976 66.7108 3.5388 3.00797 30.2167 1596.45
212.525 66.7004 3.5356 3.02143 28.8025 1511.6
213.899 66.7653 3.53385 3.05119 36.5712 1474.46
216.215 66.9498 3.50934 2.99617 28.3502 1425
218.345 66.8088 3.49881 3.01088 33.2176 1358.87
221.978 66.9116 3.49845 2.96778 44.2808 1295.14
223.778 66.9808 3.49417 2.95971 47.8038 1275.08
225.729 66.9227 3.48723 2.94553 44.4383 1246.64
197.761 64.6379 3.48493 2.97038 18.9513 1999.16
200.087 64.937 3.4796 2.94316 46.2596 1901.74
201.637 65.1527 3.48536 2.97325 45.7489 1840.65
203.551 65.5276 3.50357 2.99428 32.2212 1774.24
205.119 65.4924 3.51548 3.04278 26.9426 1707.1
210.457 65.8251 3.52012 2.99313 26.2637 1518.37
212.122 65.8371 3.53059 3.02164 41.6613 1460.03
214.181 66.267 3.53846 3.02061 28.0931 1425.34
218.473 66.2305 3.50615 3.00455 32.0029 1301.65
221.631 66.2191 3.49627 2.98048 47.3123 1230.82
225.657 65.8052 3.47705 2.96973 35.4741 1126.01
214.843 62.3987 3.47211 3.02861 42.4138 1122.63
213.052 64.4091 3.5132 3.02206 26.2751 1325.62
199.305 63.8864 3.52425 3.15624 15.4546 1906.7
205.522 64.7962 3.48553 2.97849 32.8401 1656.15
208.018 65.18 3.50966 3.04993 24.7506 1571.94
216.846 65.3064 3.53962 3.02495 40.8371 1264.13
218.385 65.6035 3.51841 3.06522 34.5922 1246.34
220.064 65.4483 3.50423 3.01109 26.0684 1189.04
221.694 65.3609 3.50007 3.00216 29.0959 1143.59
223.623 65.2225 3.48823 2.99004 44.6085 1092.61
196.446 62.7492 3.51469 2.86449 31.9749 2025.87
204.379 63.994 3.47935 2.96221 36.9594 1672.26
205.853 64.1767 3.47825 2.96468 54.5316 1613.2
214.63 64.613 3.52121 3.01534 26.2457 1281.83
216.436 64.5012 3.52693 2.999 31.6272 1210.73
221.784 64.453 3.517 3.06373 19.0171 1052.23
221.784 64.4525 3.51542 3.02589 29.0951 1052.2
223.67 64.5753 3.49103 3.00168 43.6541 1024.89
195.344 61.9331 3.50691 2.95068 29.0065 2075.08
198.469 62.2938 3.5108 2.90824 31.0021 1916.28
201.699 62.7161 3.52388 2.90769 26.7195 1760.45
205.93 63.3569 3.4891 2.98753 17.1045 1575.4
214.222 63.8036 3.50035 3.00202 42.2314 1239.22
217.924 64.0292 3.54126 3.00138 29.6584 1123.04
222.48 63.8433 3.52262 3.02864 38.4974 976.367
200.525 61.7105 3.48976 2.91805 50.3672 1800.98
201.703 62.1344 3.50978 2.89715 45.9302 1747.33
203.311 62.2195 3.51332 2.88024 39.9419 1667.16
205.146 62.1816 3.51627 2.89015 45.219 1573.45
206.12 62.4787 3.5331 2.90019 38.3603 1534.25
216.652 63.0254 3.49957 2.99594 42.1954 1090.31
218.173 63.0618 3.52391 3.05032 42.3469 1036.43
221.871 63.109 3.51655 3.0591 46.558 921.842
204.176 61.4907 3.47411 2.9767 33.2768 1605.83
205.609 61.9037 3.50344 2.90459 44.9504 1542.13
206.868 61.8823 3.51127 2.89543 55.8937 1477.64
209.88 61.7531 3.52257 2.90363 54.0393 1322.43
213.825 62.1067 3.42855 2.94775 33.5612 1150.93
217.004 62.4013 3.49733 2.98806 73.5143 1032.19
218.122 62.3579 3.50501 2.98333 48.3658 984.716
221.538 62.4435 3.51823 3.03151 74.9305 871.115
223.206 62.5763 3.51747 3.05378 36.4676 835.476
225.609 62.2024 3.48868 3.00906 51.5988 743.366
198.315 59.9237 3.66072 3.22188 24.3846 1908.71
207.791 61.2001 3.62176 3.16758 19.1925 1410.02
222.911 61.4593 3.52567 3.0235 32.0122 740.119
224.22 61.4862 3.52077 2.9977 41.3948 703.887
226.918 61.1512 3.48038 3.01569 63.968 609.596
198.736 59.2533 3.65971 3.22129 37.6164 1886.72
200.175 59.1767 3.67074 3.23636 31.532 1804.84
201.907 59.5938 3.67898 3.26383 39.4653 1706.5
202.905 59.7733 3.68062 3.25444 26.5027 1651.12
204.792 59.8542 3.69927 3.3153 24.1217 1546.22
210.276 60.4814 3.66987 3.31972 24.5614 1258.84
219.809 60.7718 3.53207 3.0678 30.7634 802.764
221.424 60.3024 3.52346 3.13332 55.8512 700.984
223.909 60.7704 3.52579 2.98215 61.4763 646.404
190.452 56.6011 3.6495 3.19583 19.4883 2416.62
202.009 59.0314 3.68187 3.26767 50.9599 1700.02
203.561 59.1953 3.69137 3.28405 47.9642 1611.35
204.771 59.3922 3.69994 3.30056 32.5159 1543.42
206.768 59.6524 3.71218 3.31533 37.2083 1433.39
222.262 59.6304 3.56989 3.13249 56.597 617.218
223.04 60.1218 3.53484 3.04244 71.7496 621.804
226.285 59.5898 3.52977 3.08488 82.6122 464.283
227.183 60.2114 3.47752 3.04971 78.7099 505.95
203.344 58.6774 3.69194 3.295 58.1924 1623.31
204.113 58.2637 3.69162 3.29891 60.2379 1579.33
204.991 58.6484 3.70248 3.31846 37.7175 1527.73
206.355 58.9287 3.70936 3.25113 42.4387 1449.93
207.606 58.6097 3.72632 3.33243 61.2681 1375.8
213.66 59.4296 3.85299 3.87555 17.588 1045.84
227.731 58.9601 3.48597 3.0459 115.184 364.816
205.548 57.5665 3.74017 3.40633 26.3149 1497.73
224.26 58.4133 3.59743 3.13128 58.9122 443.488
225.482 58.2747 3.56167 3.08302 76.8699 378.251
229.033 59.3946 3.43978 2.93643 92.3599 391.529
200.447 56.2848 3.73281 3.39516 21.6194 1823.89
223.768 57.9616 3.61834 3.12467 67.8044 440.939
225.424 57.4688 3.61345 3.13622 137.921 328.026
228.869 57.9128 3.4404 2.96094 85.2913 232.388
209.931 62.7622 4.09351 3.60052 25.8529 1363.21
211.063 63.7323 3.47735 3.03845 49.5954 1363.44
211.14 63.4057 3.46779 2.93519 32.4863 1341.77
218.547 60.1369 3.12291 2.47011 38.5651 821.056
217.507 60.403 3.53923 2.96846 27.0495 885.761
216.296 60.3923 3.55703 3.03057 42.0975 944.518
216.716 60.1205 3.57869 3.0139 50.5009 910.517
215.271 60.5805 3.55047 3.0219 38.5655 1004.45
216.679 60.2805 3.56637 3.0253 47.7012 920.057
218.244 60.7315 3.56317 3.11196 24.9059 869.809
216.749 60.4427 3.54563 3.00915 43.9264 924.698
217.639 60.9231 3.57085 3.12781 28.0597 909.035
218.995 60.8241 3.55504 3.05726 24.7234 841.785
216.031 60.2361 3.57393 2.99822 36.932 950.443
218.652 60.2994 3.57472 2.93419 15.1749 825.249
219.217 60.1294 3.59085 3.14843 33.0297 788.646
216.221 60.072 3.58743 3.03136 42.1399 933.362
