# evlo=210.440201 evla=64.870003
194.627 64.5646 3.53487 2.94453 138.779 752.68
217.908 60.4896 3.41725 2.97101 146.175 619.428
217.654 61.036 3.41365 2.95212 149.255 562.048
217.507 60.403 3.42198 2.93324 110.973 615.113
218.338 61.0595 3.42126 2.92052 128.267 583.084
220.363 59.9534 3.42097 2.89454 154.545 748.927
216.3 60.3932 3.45112 2.95401 96.3839 582.006
225.144 58.5792 3.50649 3.0369 65.3537 1042.29
216.716 60.1205 3.4289 2.98764 81.6077 619.714
215.395 60.9677 3.45777 3.07291 141.531 502.226
209.094 59.7511 3.42932 2.90773 243.41 574.727
209.259 59.7417 3.43201 2.91254 292.243 574.801
208.846 60.7683 3.44231 2.8679 217.539 464.3
204.378 55.8218 3.45071 3.00906 99.572 1061.09
200.411 54.831 3.52266 3.01468 125.74 1248.32
208.763 59.5251 3.42283 2.93018 290.743 601.993
209.796 67.2269 3.43918 2.8717 156.946 264.425
216.907 60.7523 3.43035 3.05179 166.067 564.581
218.66 60.9649 3.41821 2.91907 138.44 602.362
209.738 62.4058 3.46675 2.94508 250.698 276.883
217.513 60.0823 3.43473 2.94387 98.111 645.555
212.624 63.0753 3.462 3.01249 139.599 226.837
214.225 61.1292 3.51631 2.95874 63.1875 458.761
215.93 63.6482 3.61995 2.93843 108.919 298.843
214.25 60.5487 3.51085 2.99913 104.107 519.381
215.271 60.5805 3.42369 2.95743 113.531 537.813
216.679 60.2805 3.4326 2.99459 80.8267 603.132
218.244 60.7315 3.42466 2.98274 128.164 608.475
217.659 60.6024 3.40761 2.94597 141.485 601.311
216.749 60.4427 3.43388 2.98625 154.101 589.392
217.639 60.9231 3.41131 2.95886 176.09 571.628
217.277 60.2474 3.46103 2.96662 32.1105 623.025
218.995 60.824 3.42839 2.94835 150.42 626.105
216.976 61.3836 3.41949 2.95484 173.352 509.147
218.049 60.1785 3.42043 2.99378 194.298 652.485
216.031 60.2361 3.49061 2.9925 93.4594 590.646
217.533 61.1871 3.41114 2.92977 194.84 544.74
218.652 60.2994 3.41047 2.92695 92.9766 660.47
219.217 60.1294 3.41329 2.93991 184.24 694.302
216.221 60.072 3.70125 3.97933 23.3577 611.724
218.856 60.4399 3.41123 2.94187 171.793 654.646
216.546 61.2275 3.40616 3.01328 203.696 509.659
198.929 70.2043 3.36943 2.71667 69.9511 768.849
203.383 71.3221 3.40851 2.74665 98.1974 776.147
234.753 71.9871 3.44334 2.77132 78.834 1260
198.198 69.3641 3.37366 2.72185 104.925 728.087
202.84 70.0079 3.39795 2.80513 98.6422 657.935
205.387 69.6211 3.42111 2.93077 67.6374 572.576
206.58 70.34 3.4246 2.71273 80.5692 631.46
194.656 68.2746 3.4706 2.9116 59.9044 793.649
196.822 68.4753 3.42989 2.80446 60.4151 721.49
198.806 68.6483 3.41365 2.80994 143.758 661.664
200.413 69.1049 3.37923 2.76392 118.904 642.353
205.217 69.1565 3.43497 2.87132 99.5007 529.075
209.387 69.836 3.36177 2.84771 183.859 555.664
211.299 69.72 3.41749 2.80543 153.675 542.149
215.088 69.9175 3.42895 2.84084 213.334 596.808
216.289 69.626 3.45519 2.90015 212.874 586.845
235.93 69.3475 3.57567 2.95977 110.131 1202.67
196.917 67.6988 3.49678 2.96752 50.202 682.273
201.885 68.4946 3.4034 2.83634 106.829 552.502
203.387 68.7132 3.4341 2.87487 122.354 528.437
207.318 68.8799 3.46018 2.85767 102.473 467.519
209.319 68.9656 3.3865 2.83672 137.696 459.35
211.177 69.1532 3.41605 2.84243 158.785 478.738
213.625 69.322 3.43861 2.87372 225.46 515.248
219.035 69.243 3.48404 2.86113 138.31 613.448
221.263 69.3286 3.50093 2.86836 66.6513 682.47
198.174 67.082 3.55023 3.02479 56.0882 608.282
199.397 67.4213 3.51119 2.97008 75.645 572.856
202.768 67.4572 3.46758 2.94422 120.677 450.039
203.811 68.2575 3.43228 2.88376 123.066 478.345
206.028 68.4414 3.45662 2.88136 83.4308 443.27
208.187 68.1343 3.45769 2.96633 148.286 377.519
210.384 68.0584 3.44024 2.87793 158.88 355.56
211.513 68.0748 3.45942 2.87159 258.569 360.551
214.432 68.1207 3.5018 2.939 236.692 403.532
218.405 68.1861 3.53431 2.91936 153.743 511.275
220.465 68.6043 3.5434 2.93061 96.074 605.951
222.103 68.3889 3.55847 2.99222 105.926 646.933
223.281 66.3701 3.54729 2.9816 187.395 613.634
193.671 65.4742 3.52906 3.01705 105.991 786.516
195.352 65.7077 3.52248 3.01146 102.999 708.521
198.75 66.442 3.58711 3.32936 67.8926 564.788
200.349 66.6001 3.5801 3.06533 51.6337 500.825
202.227 66.8332 3.55852 2.95915 99.3531 433.799
204.275 67.0486 3.44572 2.90429 127.863 370.69
206.517 67.2221 3.45566 2.91205 191.548 316.739
207.821 67.5076 3.52388 3.01416 190.881 316.856
212.113 67.5187 3.48722 2.95333 266.442 304.794
214.357 67.5933 3.52957 2.95291 252.327 350.954
215.855 67.6946 3.51976 2.84893 162.981 397.591
220.128 67.6136 3.54436 2.96215 164.009 531.481
224.214 67.6106 3.51336 2.90178 141.871 688.778
226.258 67.441 3.54078 2.91593 164.74 766.578
218.842 64.7774 3.58411 3.07646 203.616 398.805
218.547 60.1369 3.79413 3.69425 115.104 671.84
217.908 60.4896 3.41725 2.97101 146.175 619.428
217.507 60.403 3.42198 2.93324 110.973 615.113
218.338 61.0595 3.42128 2.92054 128.267 583.088
216.296 60.3923 3.45111 2.954 96.3839 582.004
216.716 60.1205 3.4289 2.98764 81.6077 619.714
215.271 60.5805 3.42369 2.95743 113.531 537.813
216.679 60.2805 3.4326 2.99459 80.8267 603.132
218.244 60.7315 3.42466 2.98274 128.164 608.475
217.659 60.602 3.40773 2.94607 141.485 601.333
216.749 60.4427 3.43388 2.98625 154.101 589.392
217.639 60.9231 3.41127 2.95883 176.09 571.622
217.277 60.2474 3.46103 2.96662 32.1105 623.025
218.995 60.8241 3.42834 2.94831 150.42 626.096
216.976 61.3836 3.41949 2.95484 173.352 509.147
218.049 60.1785 3.42043 2.99378 194.298 652.485
216.031 60.2361 3.49061 2.9925 93.4594 590.646
217.533 61.187 3.41124 2.92985 194.84 544.755
218.652 60.2994 3.41047 2.92695 92.9766 660.47
219.217 60.1294 3.41329 2.93991 184.24 694.302
216.221 60.072 3.70125 3.97933 23.3577 611.724
218.856 60.4399 3.41123 2.94187 171.793 654.646
216.546 61.2275 3.40616 3.01328 203.696 509.659
209.518 60.7352 3.43068 2.87201 147.965 463.242
209.518 60.7351 3.43074 2.87207 147.965 463.251
