# evlo=232.385002 evla=55.266998
217.507 60.403 3.51053 2.95747 24.1278 1049.15
216.3 60.3932 3.53597 2.94548 36.6953 1108.94
216.716 60.1205 3.54438 2.99405 32.0779 1075.67
216.679 60.2805 3.5337 2.93907 49.9225 1084.69
216.749 60.4427 3.52121 2.96102 39.6527 1088.68
216.031 60.2361 3.5452 2.92585 50.548 1115.71
217.533 61.1871 3.45794 3.12551 16.8257 1089.64
216.221 60.072 3.5604 2.96808 25.831 1099.01
231.887 52.1847 3.52629 3.01158 108.069 344.63
236.736 59.4036 3.16724 3.4468 29.8413 529.718
235.766 58.6528 3.46808 2.93097 51.8178 429.377
234.233 58.9305 3.42374 2.96982 42.254 423.028
232.224 60.0057 3.45857 2.83641 18.6696 527.841
231.195 60.1197 3.46745 3.06063 39.0588 545.068
229.393 60.087 3.47163 3.0619 30.5048 565.57
228.256 59.933 3.49998 3.27785 20.3437 575.062
226.693 60.4834 3.46143 3.02698 15.2213 671.457
225.753 60.434 3.47309 2.98501 37.7975 696.591
210.176 67.8516 3.5054 3.0251 28.7186 1812.16
230.745 53.425 3.55437 3.01948 86.1914 231.099
230.743 53.517 3.53476 3.03723 83.6725 222.072
232.425 52.1577 3.55352 3.07326 55.7967 346.073
232.528 52.1871 3.52077 3.02454 42.3355 342.921
232.644 52.2602 3.51075 3.01747 107.069 335.092
232.742 52.2882 3.50205 2.9892 25.5004 332.375
232.744 52.294 3.48813 2.99289 106.938 331.742
232.847 52.3171 3.48478 2.98142 116.755 329.733
233.021 52.3437 3.51014 2.96073 58.8523 328.05
233.165 52.3901 3.51498 2.98631 88.7315 324.291
233.315 52.3748 3.53253 3.03378 99.792 327.676
233.445 52.404 3.53732 3.0452 87.9242 326.204
233.582 52.4315 3.53331 3.03589 69.7976 325.275
233.654 52.4412 3.529 3.01706 58.1699 325.391
233.783 52.4386 3.52708 3.03244 65.1493 327.947
233.869 52.4069 3.52731 3.04808 80.6766 332.968
233.933 52.3681 3.53177 3.04089 94.3649 338.351
234.034 52.3981 3.5438 3.0769 110.437 337.23
234.15 52.4019 3.55243 3.12803 73.1028 339.364
234.223 52.362 3.55278 3.07632 102.021 345.214
234.367 52.4126 3.54973 3.04434 97.4966 343.419
234.492 52.3773 3.53735 2.99079 98.0333 350.242
234.738 52.38 3.52253 2.98528 109.089 356.681
234.917 52.3782 3.5272 3.03052 115.884 362.134
217.507 60.403 3.51053 2.95747 24.1278 1049.15
216.296 60.3923 3.53639 2.94583 36.6953 1109.07
216.716 60.1205 3.54438 2.99405 32.0779 1075.67
216.679 60.2805 3.5337 2.93907 49.9225 1084.69
216.749 60.4427 3.52121 2.96102 39.6527 1088.68
216.031 60.2361 3.5452 2.92585 50.548 1115.71
217.533 61.187 3.45789 3.12547 16.8257 1089.63
216.221 60.072 3.5604 2.96808 25.831 1099.01
