# evlo=216.748993 evla=60.442699
194.627 64.5646 3.456 2.9362 95.8569 1221.14
225.144 58.5792 3.47865 2.95093 75.6896 518.225
209.013 64.0997 3.4478 2.98254 128.181 571.563
209.094 59.7511 3.39963 2.70432 135.449 432.569
209.259 59.7417 3.40393 2.70928 139.718 423.809
210.701 64.1732 3.42058 3.02599 160.075 520.372
208.846 60.7683 3.3642 2.74595 97.2181 434.15
207.916 63.4188 3.43738 3.04761 139.414 569.492
212.195 64.6453 3.42086 3.02534 183.967 523.454
204.378 55.8218 3.49501 2.77191 106.832 890.01
200.411 54.831 3.43338 2.79451 179.791 1154.1
207.685 63.8827 3.4652 2.94361 107.674 607.456
208.763 59.5251 3.4058 2.69946 123.158 457.112
209.796 67.2269 3.44208 2.96963 87.7199 828.909
209.738 62.4058 3.41129 2.96321 117.598 433.211
221.785 59.0906 3.45206 2.70576 15.511 320.444
212.624 63.0753 3.42549 3.00472 181.624 365.262
215.93 63.6482 3.33203 2.8929 99.8741 359.792
196.582 54.8564 3.43856 2.77202 76.1067 1347.82
209.784 61.1426 3.35662 2.72687 177.373 387.069
214.766 66.5657 3.4462 2.9506 126.459 689.543
188.296 63.7758 3.46599 2.92526 86.016 1517.29
203.121 64.7461 3.47297 2.97636 64.0515 845.949
211.074 61.771 3.36013 2.73553 147.532 339.789
212.904 60.8792 3.31233 2.56648 288.628 215.769
213.052 64.4091 3.42606 3.00485 90.0169 481.376
208.348 59.6572 3.39227 2.72025 131.638 475.807
225.615 58.2758 3.47925 2.99594 65.7898 558.475
211.542 61.4131 3.31783 2.67144 258.833 302.293
197.4 66.8951 3.4814 2.95956 62.7215 1189.64
209.077 63.5527 3.45912 2.9904 168.698 530.206
211.063 63.7318 3.41235 2.96367 188.979 471.481
211.768 64.9602 3.45402 3.00745 133.067 563.987
209.256 65.0304 3.44064 2.95231 169.079 638.052
210.931 64.5928 3.423 2.97636 152.203 550.657
191.145 52.9721 3.46687 2.79263 45.4518 1759.28
214.53 62.9699 3.43124 3.03739 264.487 305.072
220.599 59.667 3.4283 2.74403 193.807 231.168
214.475 65.5174 3.4591 2.96855 89.7198 577.165
207.811 62.8962 3.40852 2.95713 110.932 546.028
211.667 60.8584 3.36705 2.64481 199.202 281.769
210.261 61.0889 3.36516 2.68775 182.376 360.726
197.092 68.0541 3.46255 2.95003 63.0057 1266.12
211.14 63.4056 3.43317 2.95932 157.711 442.23
211.668 61.807 3.40147 2.86461 144.399 313.069
212.671 61.832 3.41895 2.81905 207.429 268.685
216.01 63.9761 3.34695 2.91005 130.317 395.662
205.816 56.5593 3.49506 2.76006 111.194 768.87
208.468 61.98 3.37859 2.84088 159.344 476.482
209.777 60.5117 3.39525 2.72912 220.886 383.324
189.752 57.1766 3.50051 2.94489 48.6587 1589.84
209.253 61.4636 3.34954 2.70666 209.279 421.531
210.547 60.1043 3.37083 2.65973 167.431 345.123
192.073 65.5598 3.46849 2.95239 61.922 1362.55
209.711 63.4502 3.44441 2.96278 207.35 498.327
193.495 53.8452 3.45738 2.79048 73.2439 1576.18
211.449 62.8295 3.43327 2.98725 142.031 386.707
211.415 62.9628 3.42381 2.97104 81.9837 397.919
211.462 62.6812 3.41403 3.05102 92.1557 375.53
212.058 62.8349 3.44202 2.96705 123.768 364.412
211.771 63.0624 3.44639 2.938 100.714 392.673
212.26 62.5808 3.40627 2.98464 242.433 337.313
211.152 62.8331 3.43804 3.01253 181.829 398.508
211.908 64.4716 3.42891 2.99568 174.388 513.528
210.869 61.5922 3.35303 2.70572 22.6961 342.644
231.887 52.1847 3.67782 3.33959 23.0854 1306.83
226.475 68.3065 3.4796 2.94629 128.964 991.817
207.417 57.7828 3.43213 2.71467 243.003 610.477
212.138 64.8736 3.42644 3.05541 204.547 547.164
205.026 71.0033 3.43118 2.8614 48.4945 1289.3
234.753 71.9871 3.53522 2.98583 144.908 1507.69
198.198 69.3641 3.60945 2.7951 36.1469 1316.2
205.387 69.6211 3.43443 2.90602 45.5023 1150.61
194.656 68.2746 3.45893 2.93964 40.1692 1365.64
196.822 68.4753 3.44137 2.92191 55.2482 1301.11
198.806 68.6483 3.4391 2.85473 46.9378 1246.99
200.413 69.1049 3.42505 2.86362 44.3295 1231.52
209.387 69.836 3.4445 2.87688 51.6534 1100.92
215.088 69.9175 3.43266 2.83621 108.338 1059.15
216.289 69.626 3.42697 2.89894 84.8483 1024.08
235.93 69.3475 3.53862 3.01346 196.714 1334.26
201.885 68.4946 3.44155 2.90888 68.6599 1141.47
203.387 68.7132 3.42904 2.91025 55.2315 1117.34
207.318 68.8799 3.43634 2.99685 56.7116 1040.25
209.319 68.9656 3.44617 2.91509 51.9005 1012.4
211.177 69.1532 3.44855 2.89059 80.7326 1005.59
219.035 69.243 3.45361 2.8995 55.5996 986.942
221.263 69.3286 3.46717 2.9087 53.9612 1012.83
198.174 67.082 3.47617 2.96733 58.7936 1170.27
199.397 67.4213 3.47297 2.96637 47.3612 1145.88
202.768 67.4572 3.46877 2.9356 57.5209 1035.02
203.811 68.2575 3.43427 2.91964 56.5582 1067.68
208.187 68.1343 3.43052 2.98211 62.4931 950.425
210.384 68.0584 3.46483 2.96127 31.4151 902.246
211.513 68.0748 3.46518 2.96367 67.4397 887.115
214.432 68.1207 3.45489 2.84065 59.1637 863.121
218.405 68.1861 3.45092 2.927 75.1118 866.873
220.465 68.6043 3.46897 2.93559 70.8498 926.8
222.103 68.3889 3.47188 2.90001 107.244 921.855
223.281 66.3701 3.44792 2.9462 206.613 736.029
193.671 65.4742 3.4741 2.97806 38.4876 1288.52
195.352 65.7077 3.46397 2.98929 41.3585 1221.82
198.75 66.442 3.48114 2.95282 47.5936 1113.18
200.349 66.6001 3.47364 2.9628 42.1621 1060.78
202.227 66.8332 3.47393 2.99018 45.5944 1008.06
204.275 67.0486 3.46141 2.95639 61.6398 956.454
206.517 67.2221 3.4513 2.9463 72.017 905.695
207.821 67.5076 3.4541 3.00784 76.0535 898.802
212.113 67.5187 3.45037 2.95834 53.5596 820.264
214.357 67.5933 3.46132 2.85272 68.3405 805.51
215.855 67.6946 3.42536 2.96935 100.37 809.581
220.128 67.6136 3.47905 2.90732 76.9969 815.977
224.214 67.6106 3.46952 2.9441 117.941 876.999
226.258 67.441 3.47397 2.9456 161.073 906.614
195.961 64.9941 3.46955 2.94604 49.9817 1171.03
197.645 65.3936 3.46693 2.96959 35.9623 1110.25
199.349 65.5011 3.45957 3.00172 36.6315 1042
201.346 65.895 3.46583 2.97829 63.1318 981.255
202.913 66.1434 3.47285 2.97082 46.6147 937.305
206.494 66.5156 3.45718 2.95234 70.9334 846.004
208.493 66.9214 3.46054 2.99632 87.9821 828.193
212.525 66.7004 3.43172 3.01063 58.05 728.026
213.899 66.7653 3.46801 2.88501 64.1725 718.647
216.215 66.9498 3.43051 2.93345 78.0022 725.832
218.345 66.8088 3.45928 2.93112 68.2414 713.974
221.978 66.9116 3.46504 2.95082 125.531 765.492
223.778 66.9808 3.46762 2.94011 132.62 806.264
225.729 66.9227 3.4635 2.95178 161.955 846.248
197.761 64.6379 3.45407 2.93967 58.373 1077.8
200.087 64.937 3.45386 2.96786 55.9436 985.047
201.637 65.1527 3.47421 2.97733 59.7629 929.137
203.551 65.5276 3.45852 2.99344 73.5344 873.911
205.119 65.4924 3.46333 2.97244 69.0332 813.072
207.195 65.6571 3.46049 2.96697 171.584 754.267
208.623 65.8937 3.45936 2.95683 92.7467 731.402
212.122 65.8371 3.43967 3.08343 105.602 644.554
214.18 66.267 3.47579 2.96971 49.8833 661.685
214.181 66.267 3.45326 2.89834 82.9138 661.675
218.473 66.2305 3.46602 2.86683 100.336 650.839
221.631 66.2191 3.462 2.95293 136.9 688.268
225.657 65.8052 3.44617 2.95054 142.2 746.408
214.843 62.3987 3.39089 3.00022 209.696 240.524
213.052 64.4091 3.42606 3.00485 90.0169 481.376
199.305 63.8864 3.43008 2.93711 91.1656 982.78
205.522 64.7962 3.47292 2.95514 63.2426 751.525
208.018 65.18 3.44965 2.96188 132.724 689.474
210.64 65.1479 3.43506 2.95429 137.092 609.478
216.846 65.3064 3.40052 2.93465 81.8779 542.126
218.385 65.6035 3.47079 2.89441 137.139 581.112
220.064 65.4483 3.43712 2.93494 146.963 582.565
221.694 65.3609 3.43263 2.95169 219.139 602.653
223.623 65.2225 3.42747 2.97058 153.358 636.834
196.446 62.7492 3.42412 2.83737 59.129 1103.08
199.398 63.2842 3.42215 2.94258 70.9618 962.995
200.922 63.3965 3.42966 2.95074 62.6159 891.364
203.285 63.465 3.41685 2.95646 98.3217 780.751
204.379 63.994 3.45263 2.98889 83.6986 753.64
205.853 64.1767 3.46214 2.98256 116.72 700.313
214.63 64.613 3.45913 3.0375 131.567 477.359
216.436 64.5012 3.37967 2.92277 86.1868 452.618
221.784 64.453 3.40385 2.96631 156.754 516.703
221.784 64.4525 3.41382 2.97833 117.012 516.641
223.67 64.5753 3.42956 2.96065 185.171 581.804
195.344 61.9331 3.44227 2.84955 59.6228 1157.77
198.469 62.2938 3.42243 2.82373 90.1092 995.539
201.699 62.7161 3.41885 2.8844 86.4351 836.387
205.93 63.3569 3.41325 3.00977 99.5471 653.765
214.222 63.8036 3.47771 3.00273 92.2128 397.031
217.924 64.0292 3.42803 2.88781 216.262 404.338
222.48 63.8433 3.43129 3.00776 249.38 482.283
197.317 61.3416 3.42317 2.86905 80.9949 1055.75
198.513 61.678 3.41612 2.86064 101.911 991.037
200.525 61.7105 3.40622 2.83192 98.2351 884.625
201.703 62.1344 3.40673 2.83077 110.93 826.397
203.311 62.2195 3.39601 2.83267 102.415 744.709
205.146 62.1816 3.38586 2.825 149.013 650.122
206.12 62.4787 3.39611 2.88166 199.525 609.586
216.652 63.0254 3.38787 2.76887 133.31 287.864
218.173 63.0618 3.38634 2.8976 266.053 301.387
221.871 63.109 3.4218 2.97993 310.056 401.489
193.799 60.3849 3.43588 2.88337 73.6725 1258.2
196.65 60.4135 3.42925 2.86341 71.6953 1102.71
198.04 60.7515 3.42724 2.87043 64.6607 1022.2
199.312 60.6947 3.4164 2.85416 71.6136 953.861
201.041 61.0224 3.40777 2.85247 79.6073 857.426
202.562 61.4009 3.4017 2.8382 90.6267 775.27
204.176 61.4907 3.39152 2.81961 120.888 689.825
205.609 61.9037 3.37497 2.81922 123.209 620.34
206.868 61.8823 3.38351 2.81534 137.159 554.926
209.88 61.7531 3.35851 2.7907 148.954 398.039
212.274 61.7929 3.42981 2.85999 161.097 284.224
213.825 62.1067 3.35919 2.92473 290.51 242.815
217.004 62.4013 3.38022 2.80689 219.154 218.681
218.122 62.3579 3.33909 2.85105 287.698 225.663
221.538 62.4435 3.39269 2.92221 285.355 338.94
223.206 62.5763 3.40143 2.93083 230.055 417.699
225.609 62.2024 3.41118 2.92556 186.698 512.937
198.315 59.9237 3.42657 2.86303 67.4078 1021.21
199.908 60.1686 3.41364 2.85594 91.0731 929.012
201.231 60.4742 3.40733 2.86513 102.451 851.925
202.813 60.5269 3.40312 2.86629 66.0853 764.832
204.11 60.6801 3.38577 2.82205 126.468 692.689
205.516 60.8132 3.37646 2.7919 130.218 615.5
207.791 61.2001 3.33869 2.74208 115.039 494.25
222.911 61.4593 3.37288 2.86687 191.486 352.479
224.22 61.4862 3.38194 2.90589 198.037 420.814
226.918 61.1512 3.41192 2.92837 146.834 558.752
198.736 59.2533 3.45078 2.88936 53.4638 1015.11
200.175 59.1767 3.45435 2.88487 71.1341 938.163
201.907 59.5938 3.44625 2.86859 83.7329 831.322
202.905 59.7733 3.43868 2.86713 126.158 772.111
204.792 59.8542 3.42911 2.84196 145.83 666.505
205.68 60.1952 3.41237 2.81286 135.942 611.599
207.376 60.0815 3.38255 2.74527 196.77 519.985
210.276 60.4814 3.36357 2.70569 195.32 356.033
221.424 60.3024 3.37719 2.84732 185.771 258.373
223.909 60.7704 3.38344 2.86236 198.915 393.711
202.009 59.0314 3.44586 2.86161 103.338 841.887
203.561 59.1953 3.43882 2.85049 114.914 751.524
204.771 59.3922 3.42668 2.80011 100.623 679.2
206.768 59.6524 3.3942 2.7698 148.103 562.496
212.597 59.9979 3.36012 2.58288 192.665 235.378
222.262 59.6304 3.44248 2.89297 138.914 320.221
223.04 60.1218 3.40317 2.89095 173.127 349.751
226.285 59.5898 3.45748 2.94786 129 539.784
227.183 60.2114 3.44777 2.95806 180.967 576.41
212.566 65.1171 3.41859 3.08922 68.8223 562.768
203.344 58.6774 3.42857 2.7882 56.1533 781.459
204.113 58.2637 3.40722 2.74431 87.1773 757.246
204.991 58.6484 3.40747 2.73044 68.9859 693.359
206.355 58.9287 3.39608 2.7031 88.5486 608.533
207.606 58.6097 3.4133 2.66023 122.18 555.724
227.731 58.9601 3.47659 2.88705 83.5209 639.14
202.426 57.5673 3.43692 2.83301 115.639 881.017
203.613 57.6397 3.41375 2.75347 72.8628 814.419
205.548 57.5665 3.40284 2.66277 76.0272 717.805
224.26 58.4133 3.49943 2.98616 41.4674 482.184
225.482 58.2747 3.46616 2.95583 43.3805 551.728
229.033 59.3946 3.46962 2.98502 111.947 695.898
197.939 55.703 3.42654 2.79399 63.6098 1223.42
200.447 56.2848 3.43424 2.82224 56.0745 1056.87
223.768 57.9616 3.47984 2.79279 85.5187 486.671
225.424 57.4688 3.51323 2.94901 77.9683 598.411
228.869 57.9128 3.5165 3.09892 44.1975 746.735
227.048 56.8144 3.54872 2.99734 49.0793 720.754
229.75 56.9811 3.48192 2.99889 71.509 844.437
212.138 64.8735 3.42861 3.06353 128.113 547.159
210.428 68.6408 3.45855 2.95297 72.5056 961.774
226.879 56.1146 3.5681 2.94087 79.2951 763.872
229.974 55.9154 3.54563 3.00915 43.9264 924.698
228.385 55.3279 3.58915 2.99618 41.5836 892.796
218.842 64.7774 3.46235 2.90981 232.933 494.863
227.653 56.4191 3.56149 3.00895 101.742 777.366
209.768 62.6893 3.4397 2.9966 105.127 447.179
211.063 63.7323 3.41252 2.96382 188.979 471.504
211.14 63.4057 3.43318 2.95933 157.711 442.232
212.952 61.1216 2.68618 1.96873 44.9163 220.215
236.736 59.4036 3.55521 3.17815 21.2717 1119.44
235.766 58.6528 3.49582 2.98033 44.2793 1089.91
234.769 58.8471 3.49381 2.95645 48.3611 1028.29
234.233 58.9305 3.48004 2.96233 38.2004 996.04
232.224 60.0057 3.48443 2.93471 42.6052 857.064
231.195 60.1197 3.4786 2.94366 41.5509 798.461
229.393 60.087 3.46584 2.95852 31.4458 699.929
228.256 59.933 3.4679 2.94537 52.8651 640.12
227.254 60.1694 3.45507 2.93763 29.0572 580.952
226.693 60.4834 3.44353 2.96302 58.7719 546.618
225.753 60.434 3.43555 2.95851 59.9047 495.355
237.286 58.0965 3.49651 2.97086 39.4584 1194.66
237.012 57.7103 3.47986 2.94983 34.9827 1195.92
237.146 57.39 3.47511 2.96408 33.2295 1217.76
237.423 57.0779 3.46881 2.98827 34.9271 1247.78
210.176 67.8516 3.43735 2.94328 46.0965 884.565
209.736 66.2066 3.46188 3.02673 109.47 731.293
210.418 68.0789 3.47035 3.01651 33.7048 903.795
211.301 69.7162 3.45159 2.89346 55.7918 1064.17
209.329 66.7192 3.45764 2.99563 87.6808 789.526
198.722 65.4015 3.45128 3.01162 65.997 1064.13
211.164 69.0223 3.46384 2.95177 79.4061 991.853
211.489 65.5114 3.47946 3.01863 141.273 624.277
194.662 64.5695 3.45369 2.93591 73.4677 1219.62
211.554 70.2036 3.42756 2.83452 54.4487 1113.92
204.534 64.74 3.47004 2.98161 48.0107 787.316
211.306 69.424 3.4545 2.91442 49.8675 1032.9
210.41 68.6274 3.45412 2.95875 49.8767 960.642
209.89 67.3812 3.43941 3.00995 67.2836 842.393
210.457 65.825 3.43596 2.95589 102.855 677.949
210.84 64.6544 3.41524 2.99529 98.8594 558.751
210.867 64.709 3.42352 2.9712 94.1869 562.977
210.853 64.7716 3.4244 2.95381 80.846 569.075
210.847 64.8338 3.42809 2.93927 64.7122 574.958
210.819 64.8857 3.43002 2.92942 76.3408 580.499
210.44 64.87 3.43388 2.98625 154.101 589.392
210.174 64.8537 3.44406 3.03278 136.337 595.475
210.069 64.7653 3.44599 3.02632 133.291 590.77
210.917 64.5498 3.42107 2.9861 110.643 547.149
210.782 64.5716 3.41484 2.99718 91.2953 552.923
210.554 64.5756 3.42652 3.02017 112.335 559.844
210.901 64.613 3.42351 2.97731 125.848 553.319
211.172 64.6917 3.44173 2.94361 95.1581 553.171
230.745 53.425 3.60746 3.08565 16.1066 1151.9
230.943 53.673 3.60054 3.04897 21.0071 1140.35
231.321 53.9 3.59394 3.04736 23.6607 1139.31
231.373 54.036 3.59663 3.03041 23.7966 1130.96
231.376 54.093 3.59306 3.03325 29.3866 1126.63
231.424 54.17 3.58876 3.03107 40.1282 1122.86
231.479 54.262 3.57952 3.02492 51.0704 1118.31
231.416 54.467 3.57279 3.03847 51.4812 1099.63
231.434 54.502 3.57026 3.03993 53.5321 1097.82
231.542 54.539 3.56738 3.05492 48.089 1100.16
231.6 54.636 3.56226 3.0594 37.942 1095.65
231.677 54.722 3.56153 3.08647 30.1453 1092.95
231.696 54.801 3.5635 3.15961 24.3676 1088.04
231.665 54.851 3.56402 3.15397 24.0922 1082.88
231.681 55.018 3.54103 2.95547 30.8027 1071.52
231.846 55.084 3.53321 2.971 45.0965 1074.86
232.267 55.179 3.52624 2.95284 48.5722 1088.92
232.385 55.267 3.52121 2.96102 39.6527 1088.68
232.359 55.411 3.50938 2.95093 45.0425 1077.51
232.744 52.294 3.61754 3.19683 20.5677 1335.34
233.021 52.3437 3.5975 3.03397 19.7518 1343.62
233.165 52.3901 3.59485 2.98131 26.179 1346.29
233.315 52.3748 3.59623 3.00983 23.5657 1354.39
233.445 52.404 3.60068 2.97915 20.7089 1357.92
233.582 52.4315 3.59 3.08525 22.0219 1361.95
233.654 52.4412 3.58622 3.06861 21.7499 1364.42
233.783 52.4386 3.58109 3.0497 24.5241 1370.58
233.869 52.4069 3.58073 3.05417 26.7489 1377.17
233.933 52.3681 3.58249 3.06471 30.1876 1383.29
234.034 52.3981 3.58215 3.07355 32.6497 1385.51
234.15 52.4019 3.5831 3.08509 25.3643 1390.59
234.223 52.362 3.58057 3.10411 33.0539 1397.24
234.367 52.4126 3.57961 3.11985 25.8491 1399.88
234.492 52.3773 3.58137 3.12164 21.7636 1408.57
234.738 52.38 3.57656 3.11079 29.483 1419.9
234.917 52.3782 3.57388 3.10059 30.3927 1428.5
212.567 65.1173 3.40258 2.98635 20.1129 562.782
212.57 65.1176 3.39921 2.99267 20.6052 562.759
209.768 62.6892 3.43974 2.99663 105.127 447.184
210.331 61.4859 3.35393 2.74825 124.622 366.379
209.538 60.4832 3.39593 2.73049 121.24 396.549
210.519 60.6717 3.38774 2.67913 202.363 342.593
211.909 60.5183 3.3504 2.58584 102.598 266.241
210.455 61.3427 3.35232 2.70317 131.394 355.971
210.626 60.4754 3.37238 2.6633 103.243 336.812
209.518 60.7352 3.39482 2.76746 99.1787 397.447
209.971 61.6954 3.35519 2.78392 156.163 391.457
208.723 60.6622 3.37362 2.75739 123.088 440.765
212.047 60.7098 3.34525 2.61327 187.05 259.472
211.068 60.8049 3.38482 2.6497 152.159 313.497
209.968 60.4881 3.383 2.68727 148.382 372.9
210.253 60.4731 3.37656 2.68368 108.477 357.316
208.919 60.4641 3.39643 2.76734 107.293 430.701
210.813 60.8045 3.39093 2.6588 185.197 327.361
209.81 60.4601 3.38904 2.70843 180.75 381.737
211.376 60.7866 3.38069 2.64292 112.416 296.622
209.518 60.7351 3.39463 2.76731 99.1787 397.425
