# evlo=217.276596 evla=60.247398
194.627 64.5646 3.45551 2.93212 66.5498 1257.37
225.144 58.5792 3.46268 2.90476 48.6173 483.488
209.013 64.0997 3.4599 2.96287 78.2592 607.145
209.094 59.7511 3.36058 2.62517 92.5458 459.648
209.259 59.7417 3.36321 2.61663 90.3023 450.724
210.701 64.1732 3.43099 2.93733 55.4764 554.863
208.846 60.7683 3.32801 2.6455 70.0113 466.485
212.195 64.6453 3.43714 2.94684 98.8751 555.567
200.411 54.831 3.45983 2.84346 57.2501 1171.57
207.685 63.8827 3.46686 2.97046 36.6303 643.599
208.763 59.5251 3.38878 2.65013 108.786 483.095
209.738 62.4058 3.41441 2.97997 76.4136 469.522
221.785 59.0906 3.5021 2.60562 21.1269 284.792
212.624 63.0753 3.44228 2.98762 73.0669 399.878
215.93 63.6482 3.38155 2.95885 136.834 385.51
196.582 54.8564 3.45391 2.7855 77.3625 1368.97
213.401 60.7277 3.30448 2.51234 144.659 219.634
209.784 61.1426 3.37263 2.68897 100.927 421.029
214.766 66.5657 3.47724 2.92011 83.6872 715.225
188.296 63.7758 3.46337 2.8929 52.0706 1553.1
211.074 61.771 3.35244 2.8015 101.905 375.811
212.904 60.8792 3.30796 2.56821 149.11 249.89
213.052 64.4091 3.42076 3.04013 83.6897 512.66
208.348 59.6572 3.38052 2.66032 94.5649 502.823
214.077 61.4924 3.40638 2.78599 182.757 222.346
211.542 61.4131 3.32364 2.70884 149.337 337.782
197.4 66.8951 3.48415 2.97079 32.1606 1225.58
209.077 63.5527 3.46326 2.9672 95.6829 566.271
211.063 63.7318 3.4294 2.98069 93.0674 506.377
209.256 65.0304 3.4408 2.98028 72.1093 672.353
210.931 64.5928 3.43726 3.02745 98.2965 584.28
191.145 52.9721 3.47029 2.87498 54.3466 1781.25
214.53 62.9699 3.44589 2.9549 57.4504 336.516
214.475 65.5174 3.47351 2.92059 65.1593 604.283
207.811 62.8962 3.39904 2.94948 58.5853 582.354
211.667 60.8584 3.36296 2.59175 146.479 315.133
210.261 61.0889 3.35284 2.67145 104.559 394.632
197.092 68.0541 3.4514 2.96734 46.9258 1301.47
215.154 63.7399 3.45081 2.92678 105.272 404.755
211.14 63.4056 3.45537 2.93296 113.781 477.568
211.668 61.807 3.3985 2.80484 71.3855 349.293
212.671 61.832 3.41715 2.79543 110.505 305.047
216.01 63.9761 3.39714 2.96224 118.531 420.764
208.468 61.98 3.37782 2.81108 105.527 512.121
209.777 60.5117 3.40042 2.64146 71.5751 414.501
189.752 57.1766 3.4957 2.91445 32.7108 1618.72
209.253 61.4636 3.34087 2.68839 116.068 456.319
210.547 60.1043 3.34253 2.62324 82.3578 373.673
192.073 65.5598 3.47597 2.96141 36.6132 1398.9
209.711 63.4502 3.46452 2.94724 113.439 534.294
193.495 53.8452 3.46959 2.78736 30.448 1597.86
211.449 62.8295 3.44041 3.00644 130.597 422.641
211.415 62.9628 3.44693 3.01789 115.121 433.706
211.462 62.6812 3.43853 3.00677 102.305 411.618
212.058 62.8349 3.43545 2.97591 90.6801 399.989
211.771 63.0624 3.43936 3.03396 93.7999 428.096
212.26 62.5808 3.43081 2.98707 127.222 373.142
211.152 62.8331 3.44702 2.98991 119.899 434.56
211.908 64.4716 3.43683 2.93404 63.9663 546.308
231.887 52.1847 3.66563 3.23905 22.5361 1270.47
226.475 68.3065 3.48067 2.93176 87.9994 1000.42
207.417 57.7828 3.4507 2.73395 143.851 628.659
212.138 64.8736 3.45218 2.96182 126.211 578.961
203.383 71.3221 3.59729 2.85979 25.4345 1381.29
234.753 71.9871 3.54158 2.95789 48.7877 1515.89
235.93 69.3475 3.53464 2.98836 149.846 1336.33
223.281 66.3701 3.46147 2.94041 105.323 745.127
207.195 65.6571 3.45817 2.99111 44.6697 788.945
210.457 65.8251 3.45067 3.08057 64.8435 710.171
212.122 65.8371 3.47451 2.96437 39.1895 674.899
214.843 62.3987 3.47805 3.06515 84.5502 272.82
213.052 64.4091 3.42076 3.04013 83.6897 512.66
208.018 65.18 3.45864 2.99874 74.3818 724.298
210.64 65.1479 3.44775 3.02241 84.6741 642.506
205.853 64.1767 3.46445 2.99268 36.5543 736.565
214.63 64.613 3.46363 2.92172 36.3231 505.285
216.201 64.5654 3.39158 2.93487 26.139 484.433
216.436 64.5012 3.36097 3.00619 25.516 476.071
205.93 63.3569 3.42406 2.98239 42.1589 690.105
217.924 64.0292 3.43196 2.84076 72.5857 422.818
205.146 62.1816 3.38629 2.81436 64.8841 685.435
206.12 62.4787 3.39425 2.82181 55.9435 645.417
216.652 63.0254 3.30431 2.97987 52.0356 311.34
218.173 63.0618 3.41814 2.76288 89.0601 317.201
205.609 61.9037 3.36707 2.84075 57.2114 655.287
206.868 61.8823 3.3784 2.8131 39.1597 590.053
209.88 61.7531 3.36199 2.80199 68.975 433.669
213.825 62.1067 3.40164 2.9765 144.142 278.165
217.004 62.4013 3.47907 2.79252 39.3239 240.463
218.122 62.3579 2.6589 2.81687 57.704 239.501
223.206 62.5763 3.39303 2.90315 15.9492 409.173
204.11 60.6801 3.36988 2.75042 44.1944 724.753
205.516 60.8132 3.33602 2.72964 46.3255 647.887
204.792 59.8542 3.41601 2.75951 40.882 695.904
205.68 60.1952 3.37562 2.74095 33.4312 641.968
207.376 60.0815 3.37031 2.65105 37.9293 549.503
210.276 60.4814 3.38026 2.62773 116.175 387.03
206.768 59.6524 3.40657 2.71252 77.2717 590.351
227.183 60.2114 3.43337 3.10984 17.8097 548.423
212.566 65.1171 3.45089 3.05963 85.1077 593.583
206.355 58.9287 3.40378 2.64932 45.6465 633.408
213.66 59.4296 3.42671 2.49967 167.363 222.273
212.138 64.8735 3.45461 2.9521 83.8099 578.956
218.842 64.7774 3.46554 2.93099 129.092 511.243
227.653 56.4191 3.57026 3.00984 89.8827 741.223
209.768 62.6893 3.43708 2.96143 74.2718 483.54
211.063 63.7323 3.42956 2.98082 93.0674 506.399
211.14 63.4057 3.45538 2.93298 113.781 477.57
212.952 61.1216 3.28192 2.54618 38.1256 255.542
210.176 67.8516 3.44183 3.00926 31.1691 914.506
209.736 66.2066 3.46535 3.00227 77.3699 763.619
210.418 68.0789 3.44543 2.97423 34.3485 933.283
211.301 69.7162 3.47245 2.94496 39.7577 1091.46
209.329 66.7192 3.46899 2.97078 46.9333 821.524
198.722 65.4015 3.45496 2.99536 46.7288 1100.46
211.164 69.0223 3.4588 2.9611 48.4224 1019.8
211.489 65.5114 3.45013 2.97688 56.2841 655.861
194.662 64.5695 3.45181 2.92435 45.1269 1255.85
211.554 70.2036 3.45575 2.90236 26.5633 1140.66
211.306 69.424 3.46251 2.93388 49.1825 1060.4
210.41 68.6274 3.44302 2.97729 43.3985 989.596
209.89 67.3812 3.45457 2.99686 51.5917 873.112
210.457 65.825 3.45211 3.03281 78.2518 710.153
210.84 64.6544 3.45231 3.10603 19.6673 592.36
210.867 64.709 3.4432 3.09546 33.9894 596.474
210.853 64.7716 3.44517 3.05882 67.6382 602.486
210.847 64.8338 3.44168 3.09226 44.4673 608.276
210.44 64.87 3.46103 2.96662 32.1105 623.025
210.174 64.8537 3.44198 2.91383 31.6868 629.356
210.917 64.5498 3.44864 3.09728 35.7581 580.855
210.782 64.5716 3.45917 3.04614 31.7418 586.718
210.554 64.5756 3.45747 2.99679 34.2543 593.831
210.901 64.613 3.44223 3.04119 79.8162 586.938
211.172 64.6917 3.42321 3.07407 43.4276 586.396
230.943 53.673 3.63039 2.97912 15.7905 1104
231.542 54.539 3.56963 3.03604 20.6458 1064.03
231.681 55.018 3.55055 2.91497 20.6585 1035.61
231.846 55.084 3.54103 2.92761 19.7822 1039.01
232.267 55.179 3.52777 2.97683 22.2366 1053.23
232.359 55.411 3.51435 2.96237 18.5629 1041.99
234.15 52.4019 3.57899 3.04931 15.2125 1354.33
234.917 52.3782 3.59219 3.09801 15.7935 1392.33
212.567 65.1173 3.46602 3.07017 26.755 593.596
209.768 62.6892 3.43712 2.96146 74.2718 483.545
209.538 60.4832 3.39495 2.6652 117.898 427.587
210.519 60.6717 3.38596 2.61706 114.995 374.655
211.909 60.5183 3.36665 2.52625 83.85 297.517
210.455 61.3427 3.35024 2.69412 130.665 390.814
210.626 60.4754 3.3641 2.59799 74.2491 367.763
209.971 61.6954 3.35569 2.78972 142.628 427.004
208.723 60.6622 3.35425 2.62828 65.8215 472.648
212.047 60.7098 3.35441 2.54336 170.337 292.104
211.068 60.8049 3.38664 2.57507 91.6515 346.377
209.968 60.4881 3.38382 2.63206 112.961 403.945
210.253 60.4731 3.37236 2.62923 77.0596 388.266
208.919 60.4641 3.40688 2.71409 57.2131 461.685
210.813 60.8045 3.38726 2.60228 99.5851 360.171
209.81 60.4601 3.3818 2.64897 81.9261 412.639
211.376 60.7866 3.36233 2.58809 93.5922 329.494
