# evlo=210.644104 evla=60.256401
217.908 60.4896 3.33739 2.6698 74.1923 401.417
217.507 60.403 3.36485 2.67452 64.7417 379.307
218.338 61.0595 3.39388 2.83043 125.915 429.895
216.3 60.3932 3.37528 2.61696 67.5374 312.754
216.716 60.1205 3.37953 2.53442 63.4892 337.098
212.138 64.8736 3.45913 3.04892 83.9958 520.275
209.768 62.6893 3.45489 2.9347 110.545 275.093
217.908 60.4896 3.33739 2.6698 74.1923 401.417
217.507 60.403 3.36485 2.67452 64.7417 379.307
218.338 61.0595 3.39393 2.83046 125.915 429.901
216.296 60.3923 3.37325 2.61539 67.5373 312.565
216.716 60.1205 3.37953 2.53442 63.4892 337.098
209.768 62.6892 3.45485 2.93465 110.545 275.089
