# evlo=210.331207 evla=61.485901
217.908 60.4896 3.38732 2.92864 95.8564 424.631
217.507 60.403 3.37395 2.79541 117.95 406.979
218.338 61.0595 3.42785 3.08873 84.2787 431.84
216.3 60.3932 3.33668 2.77188 89.3421 345.546
216.716 60.1205 3.33909 2.64655 118.48 379.227
215.271 60.5805 3.34473 2.73084 70.1354 285.328
216.679 60.2805 3.34147 2.67656 112.638 369.777
218.244 60.7315 3.41852 3.07026 112.952 434.602
217.659 60.6024 3.39909 2.90264 130.811 407.773
216.749 60.4427 3.35393 2.74825 124.622 366.379
217.639 60.9231 3.44251 3.14774 107.758 397.643
226.475 68.3065 3.5028 2.98101 62.5349 1072.14
212.138 64.8736 3.47308 3.08258 129.471 388.38
218.842 64.7774 3.5106 3.13317 125.335 563.918
218.547 60.1369 3.76269 4.53317 68.2897 471.376
217.908 60.4896 3.38732 2.92864 95.8564 424.631
217.507 60.403 3.37395 2.79541 117.95 406.979
218.338 61.0595 3.4279 3.08878 84.2787 431.846
216.296 60.3923 3.3354 2.77081 89.3421 345.413
216.716 60.1205 3.33909 2.64655 118.48 379.227
215.271 60.5805 3.34473 2.73084 70.1354 285.328
216.679 60.2805 3.34147 2.67656 112.638 369.777
218.244 60.7315 3.41852 3.07026 112.952 434.602
217.659 60.602 3.39899 2.90255 130.811 407.76
216.749 60.4427 3.35393 2.74825 124.622 366.379
217.639 60.9231 3.44242 3.14765 107.758 397.633
