# evlo=194.626801 evla=64.564598
217.908 60.4896 3.85435 3.48815 44.4618 1273.01
217.654 61.036 3.87448 3.42656 34.9353 1230.78
217.507 60.403 3.83487 3.49866 28.0264 1259.07
218.338 61.0595 3.89286 3.45396 35.8755 1262.04
220.363 59.9534 3.85164 3.48258 49.3376 1420.22
216.3 60.3932 3.87009 3.55336 44.0458 1202.99
225.144 58.5792 3.88595 3.48942 45.2791 1731.87
216.716 60.1205 3.85048 3.61975 45.4113 1238.75
215.395 60.9677 3.85581 3.47599 53.4402 1127.71
209.013 64.0997 3.86726 3.79895 120.669 695.98
209.094 59.7511 3.82827 3.61777 70.6134 922.055
209.259 59.7417 3.83143 3.61506 68.1837 929.685
210.701 64.1732 3.84219 3.81876 72.2937 775.285
208.846 60.7683 3.80418 3.60979 54.8622 839.983
207.916 63.4188 3.90213 3.89341 109.797 661.559
212.195 64.6453 3.8078 3.83269 120.659 838.351
200.411 54.831 3.82804 3.67714 24.6599 1131.09
207.685 63.8827 3.8763 3.84836 101.343 637.224
208.763 59.5251 3.82391 3.61293 73.2814 925.3
209.796 67.2269 3.86515 3.69339 102.079 750.135
216.907 60.7523 3.86205 3.45715 36.598 1210.92
218.66 60.9649 3.87899 3.44035 37.7614 1282.38
209.738 62.4058 3.8886 3.53709 44.5976 788.265
217.513 60.0823 3.85443 3.57522 68.1751 1278.31
212.624 63.0753 3.93125 3.68458 57.5148 898.501
214.225 61.1292 3.85587 3.52102 71.4991 1063.88
215.93 63.6482 3.86304 3.78742 109.06 1038.49
214.25 60.5487 3.85267 3.57064 84.2831 1098.35
196.582 54.8564 3.87061 3.70281 34.2169 1087.01
213.401 60.7277 3.84292 3.5738 73.9979 1048.43
209.784 61.1426 3.81441 3.61844 51.3847 858.099
214.766 66.5657 3.85272 3.70226 125.3 951.767
211.074 61.771 3.86019 3.58582 42.4015 882.114
216.188 61.4417 3.87497 3.44485 64.8299 1140.05
212.904 60.8792 3.84961 3.56078 63.0181 1016.53
215.271 60.5805 3.85218 3.52807 58.0454 1143.93
216.679 60.2805 3.84841 3.57659 52.7648 1227.42
218.244 60.7315 3.86186 3.48293 40.0777 1275.3
213.052 64.4091 3.82647 3.80547 118.247 882.903
213.497 60.396 3.84719 3.62913 83.518 1072.9
215.738 60.3351 3.862 3.57482 48.203 1180.22
208.348 59.6572 3.82501 3.64879 59.4891 898.18
217.659 60.6024 3.85849 3.4827 56.689 1254.84
225.615 58.2758 3.88818 3.50299 31.1979 1773.96
215.581 59.9268 3.85993 3.65592 36.7171 1198.07
216.749 60.4427 3.85511 3.55083 49.1117 1221.14
217.639 60.9231 3.87403 3.43852 36.1349 1236.16
214.077 61.4924 3.86653 3.49649 77.2009 1037.54
211.542 61.4131 3.85564 3.5413 85.2475 923.062
209.077 63.5527 3.91428 3.80584 93.9212 712.919
217.277 60.2474 3.83948 3.57822 34.8437 1257.37
218.995 60.824 3.8502 3.37597 35.6427 1305.89
216.976 61.3836 3.88826 3.45233 43.1373 1180.47
211.063 63.7318 3.88379 3.79029 90.0088 803.04
211.768 64.9602 3.79799 3.80581 200.726 814.506
218.049 60.1785 3.84934 3.53364 44.2711 1297.75
209.256 65.0304 3.7861 3.74659 158.615 695.717
210.931 64.5928 3.80608 3.8346 147.974 779.088
216.031 60.2361 3.85697 3.63611 48.5439 1199.83
191.145 52.9721 3.84143 3.63873 46.6684 1306.41
214.53 62.9699 3.91978 3.71415 83.0633 993.627
219.747 60.0959 3.84314 3.47344 38.011 1382.69
220.599 59.667 3.85884 3.50475 58.1406 1448.55
214.475 65.5174 3.81756 3.72596 180.847 936.969
207.811 62.8962 3.8859 3.62681 108.875 675.941
217.533 61.1871 3.879 3.4418 38.5796 1217.07
211.667 60.8584 3.81335 3.56834 48.0372 960.88
215.323 60.3863 3.85396 3.57449 30.2687 1157.85
210.261 61.0889 3.81836 3.5809 67.6436 882.969
215.154 63.7399 3.86465 3.8004 94.506 998.743
218.652 60.2994 3.8385 3.45561 24.3697 1319.06
211.14 63.4056 3.91227 3.78519 120.1 816.281
219.217 60.1294 3.83601 3.45988 39.857 1355.66
211.668 61.807 3.87033 3.54906 85.3917 908.079
212.671 61.832 3.86906 3.52423 64.4128 953.983
216.01 63.9761 3.85155 3.80926 169.477 1033.31
214.792 60.5341 3.86147 3.56728 28.8401 1124.36
205.816 56.5593 3.79397 3.56993 17.7997 1079.33
208.468 61.98 3.80109 3.47294 66.2 750.26
209.777 60.5117 3.81227 3.53844 52.8717 897.932
189.752 57.1766 3.82273 3.76396 88.2382 864.143
209.253 61.4636 3.82079 3.55914 58.2719 814.997
217.161 60.1791 3.84917 3.56671 51.024 1256.03
216.221 60.072 3.86226 3.64274 49.3838 1218.66
210.547 60.1043 3.83101 3.6231 39.996 959.323
218.856 60.4399 3.83607 3.44714 37.7424 1320.61
217.171 60.7541 3.85989 3.4759 31.2614 1223.26
209.711 63.4502 3.91035 3.7645 97.5507 746.416
193.495 53.8452 3.85324 3.58281 76.7369 1195.81
216.546 61.2275 3.88863 3.45036 55.6681 1168.08
211.449 62.8295 3.92683 3.67394 67.1948 851.477
211.415 62.9628 3.92215 3.64422 29.8098 844.723
211.462 62.6812 3.90103 3.65269 18.8793 858.046
212.058 62.8349 3.91213 3.627 31.7958 880.341
211.771 63.0624 3.9185 3.64447 36.5137 858.136
212.26 62.5808 3.92012 3.63187 49.994 900.208
211.152 62.8331 3.93656 3.68838 47.3788 837.18
217.147 60.448 3.85192 3.52311 39.944 1239.53
211.908 64.4716 3.81857 3.86309 139.368 827.415
218.249 60.3583 3.84515 3.48632 34.9915 1296.62
207.417 57.7828 3.85072 3.65583 51.3032 1018.44
212.138 64.8736 3.79996 3.79971 193.056 832.824
198.198 69.3641 3.90689 3.6745 88.9254 557.289
202.84 70.0079 3.80839 3.72425 96.3078 701.417
205.387 69.6211 3.90867 3.58433 76.284 730.451
206.58 70.34 3.90449 3.51834 99.3964 819.663
198.806 68.6483 3.86523 3.66744 97.0221 491.36
200.413 69.1049 3.84931 3.52984 53.0088 565.947
205.217 69.1565 3.91261 3.56152 91.9008 689.588
209.387 69.836 3.90749 3.63419 83.0522 863.881
211.299 69.72 3.90922 3.71474 127.207 918.623
215.088 69.9175 3.93232 3.63977 112.516 1058.31
216.289 69.626 3.92268 3.60629 92.3523 1088.73
235.93 69.3475 3.92881 3.64452 125.878 1841.52
201.885 68.4946 3.87387 3.68551 90.27 543.503
203.387 68.7132 3.90968 3.69171 99.0542 602.519
207.318 68.8799 3.88696 3.71989 83.6917 735.824
209.319 68.9656 3.89508 3.71804 119.34 808.754
211.177 69.1532 3.91154 3.69494 105.695 883.78
213.625 69.322 3.90668 3.64036 127.496 979.361
219.035 69.243 3.87813 3.64971 98.5877 1178.63
221.263 69.3286 3.89022 3.65309 56.253 1266.48
202.768 67.4572 3.90105 3.62454 146.055 489.81
203.811 68.2575 3.92448 3.63627 95.6205 580.222
206.028 68.4414 3.90011 3.5811 77.4749 664.855
208.187 68.1343 3.88114 3.65901 118.234 723.731
210.384 68.0584 3.87689 3.59878 106.397 803.752
211.513 68.0748 3.86282 3.58473 88.2181 848.525
214.432 68.1207 3.84315 3.63716 120.92 966.216
218.405 68.1861 3.86836 3.6098 79.1213 1129.08
220.465 68.6043 3.86462 3.7009 106.88 1220.25
222.103 68.3889 3.86451 3.6748 79.4087 1283.45
223.281 66.3701 3.86484 3.68478 99.5946 1331.1
204.275 67.0486 3.87302 3.64762 128.521 520.259
206.517 67.2221 3.87031 3.64513 107.694 616.433
207.821 67.5076 3.87577 3.58081 105.346 680.43
212.113 67.5187 3.84799 3.66597 120.902 854.693
214.357 67.5933 3.84176 3.68346 127.319 949.77
215.855 67.6946 3.85352 3.64189 122.005 1014.35
220.128 67.6136 3.84927 3.65188 99.235 1193.14
224.214 67.6106 3.86968 3.62967 99.7206 1366.65
226.258 67.441 3.8835 3.64385 95.7159 1454.19
206.494 66.5156 3.82419 3.71133 151.669 588.947
208.493 66.9214 3.83995 3.69945 115.477 686.222
209.976 66.7108 3.83566 3.76316 313.439 743.943
212.525 66.7004 3.85021 3.73642 129.481 854.644
213.899 66.7653 3.8501 3.73265 94.2349 915.667
216.215 66.9498 3.85356 3.69302 93.0669 1018.85
218.345 66.8088 3.85341 3.67391 77.4654 1111.1
221.978 66.9116 3.86792 3.65722 108.603 1270.53
223.778 66.9808 3.86837 3.65544 91.8067 1349.01
225.729 66.9227 3.87734 3.64633 107.865 1434.5
205.119 65.4924 3.7709 3.73362 125.742 504.527
207.195 65.6571 3.7734 3.77995 177.569 601.802
208.623 65.8937 3.79695 3.75511 124.262 669.641
210.457 65.8251 3.80547 3.71209 208.339 752.418
212.122 65.8371 3.81571 3.70427 170.19 828.5
214.18 66.267 3.84233 3.70354 66.433 923.64
214.181 66.267 3.83281 3.70337 90.4965 923.685
218.473 66.2305 3.8533 3.6881 90.2521 1116.58
221.631 66.2191 3.85825 3.71061 105.973 1258.56
225.657 65.8052 3.88421 3.73741 93.9496 1445.3
213.052 64.4091 3.82647 3.80547 118.247 882.903
205.522 64.7962 3.85087 3.69481 71.7819 520.101
208.018 65.18 3.77374 3.74902 146.256 637.217
210.64 65.1479 3.78463 3.79588 169.515 760.186
216.846 65.3064 3.83308 3.75361 99.1482 1048.48
218.385 65.6035 3.84021 3.71982 142.638 1116.47
220.064 65.4483 3.84195 3.74557 85.3544 1195.53
221.694 65.3609 3.85845 3.74194 137.437 1271.85
223.623 65.2225 3.85971 3.74926 142.819 1363.19
204.379 63.994 3.88996 3.864 98.615 476.182
205.853 64.1767 3.88627 3.77827 116.845 543.049
214.63 64.613 3.82156 3.79974 128.529 954.198
216.436 64.5012 3.83262 3.78132 206.496 1041.68
221.784 64.453 3.84677 3.70429 88.3322 1294.73
221.784 64.4525 3.84396 3.71027 57.4096 1294.71
223.67 64.5753 3.85032 3.73031 92.6356 1379.92
205.93 63.3569 3.90893 3.7316 96.9018 569.148
214.222 63.8036 3.86862 3.77979 86.2753 952.418
217.924 64.0292 3.84386 3.76954 136.174 1123.08
222.48 63.8433 3.85147 3.72234 81.4258 1344.42
203.311 62.2195 3.8023 3.67403 78.7039 506.16
205.146 62.1816 3.78577 3.49657 79.5799 588.486
206.12 62.4787 3.84923 3.43473 65.3968 616.344
216.652 63.0254 3.89754 3.79026 68.027 1093.35
218.173 63.0618 3.87335 3.77593 73.7569 1164.9
221.871 63.109 3.85093 3.76959 85.756 1340.06
196.65 60.4135 3.77814 3.59577 56.9086 474.204
199.312 60.6947 3.86966 3.68895 83.3099 493.492
201.041 61.0224 3.87878 3.68171 63.077 512.338
202.562 61.4009 3.77283 3.52627 52.1755 534.342
204.176 61.4907 3.80235 3.82223 42.5767 591.563
205.609 61.9037 3.7977 3.53373 103.575 625.495
206.868 61.8823 3.78408 3.54555 82.2623 682.841
209.88 61.7531 3.83793 3.52142 66.6212 827.537
212.274 61.7929 3.87429 3.48712 67.9434 937.231
213.825 62.1067 3.89378 3.53581 74.1656 995.534
217.004 62.4013 3.89206 3.67042 66.547 1134.5
218.122 62.3579 3.8937 3.72973 90.1469 1189.92
221.538 62.4435 3.86037 3.75805 75.1118 1350.06
223.206 62.5763 3.84895 3.76096 90.5184 1424.46
225.609 62.2024 3.85144 3.77925 71.6523 1555.25
198.315 59.9237 3.77761 3.63673 60.6826 551.381
199.908 60.1686 3.87466 3.65488 61.655 560.627
201.231 60.4742 3.91111 3.76382 36.7721 568.188
202.813 60.5269 3.74477 3.44748 51.8804 615.51
204.11 60.6801 3.76124 3.72214 85.4819 650.262
205.516 60.8132 3.82302 3.7365 57.2946 695.491
207.791 61.2001 3.81869 3.77134 55.6525 765.531
215.402 61.6061 3.87405 3.48048 62.1147 1094.46
222.911 61.4593 3.86729 3.80128 56.5065 1460.5
224.22 61.4862 3.86043 3.75976 75.0289 1521.94
226.918 61.1512 3.88507 3.76697 47.402 1667.92
198.736 59.2533 3.78207 3.6714 39.0094 629.761
200.175 59.1767 3.84769 3.53057 47.4033 667.085
202.905 59.7733 3.8246 3.55086 59.8328 685.342
204.792 59.8542 3.79458 3.67613 54.7867 743.624
205.68 60.1952 3.80654 3.71946 59.1092 749.378
207.376 60.0815 3.82514 3.65385 64.7402 826.097
210.276 60.4814 3.8103 3.57157 58.5651 921.996
219.809 60.7718 3.8673 3.39827 42.5113 1347.47
221.424 60.3024 3.8475 3.45456 31.4557 1450.39
190.452 56.6011 3.73764 3.84059 34.0109 915.852
204.771 59.3922 3.78691 3.64888 52.3349 782.558
206.768 59.6524 3.80527 3.66344 71.3569 835.164
212.597 59.9979 3.84063 3.64375 53.3647 1057.51
222.262 59.6304 3.86723 3.49721 46.9244 1529.5
223.04 60.1218 3.86374 3.45745 25.7809 1537.68
226.285 59.5898 3.84464 3.51249 22.5377 1723.69
212.566 65.1171 3.79864 3.75493 172.722 850.68
203.344 58.6774 3.86104 3.49235 27.2959 801.146
204.991 58.6484 3.81423 3.6025 26.8634 856.495
206.355 58.9287 3.82691 3.71589 50.2064 879.703
207.606 58.6097 3.82397 3.6172 47.6298 953.452
213.66 59.4296 3.83789 3.64879 73.2724 1143.45
227.731 58.9601 3.85104 3.55381 20.3949 1831.02
203.613 57.6397 3.81943 3.59227 27.822 909.307
224.26 58.4133 3.87604 3.49894 18.6044 1700.83
225.482 58.2747 3.88562 3.51376 17.7071 1767.72
197.939 55.703 3.81679 3.70342 31.3538 1003.97
200.447 56.2848 3.8292 3.61043 46.1483 975.657
223.768 57.9616 3.86236 3.51743 38.6035 1707.81
225.424 57.4688 3.88377 3.57572 33.2471 1819.37
228.869 57.9128 3.85271 3.54045 36.7404 1952.55
229.75 56.9811 3.85023 3.55228 28.5215 2057.75
212.138 64.8735 3.79809 3.81006 125.189 832.815
210.428 68.6408 3.8872 3.66083 154.13 831.349
226.879 56.1146 3.87277 3.62664 31.4987 1984.32
228.385 55.3279 3.87582 3.63125 43.384 2113.25
218.842 64.7774 3.83879 3.76429 148.412 1149.59
227.653 56.4191 3.86272 3.57625 31.2106 1998.41
209.931 62.7622 3.43205 2.66502 73.9577 781.88
211.063 63.7323 3.88385 3.79035 90.0088 803.051
211.14 63.4057 3.91227 3.7852 120.1 816.282
218.547 60.1369 3.86958 4.09073 57.8957 1323.62
210.84 64.6544 3.80568 3.8364 84.8415 773.987
210.867 64.709 3.80252 3.81045 90.9349 774.581
210.853 64.7716 3.79529 3.82925 73.5216 773.209
210.847 64.8338 3.80697 3.80777 56.7277 772.255
210.819 64.8857 3.79368 3.78693 158.398 770.413
210.44 64.87 3.79064 3.80415 130.229 752.68
210.174 64.8537 3.78848 3.79458 83.6778 740.261
210.069 64.7653 3.78938 3.82909 143.065 736.13
210.917 64.5498 3.80894 3.84715 109.307 779.047
210.782 64.5716 3.80408 3.84124 122.699 772.329
210.554 64.5756 3.80297 3.84202 96.4356 761.442
210.901 64.613 3.80518 3.83117 119.491 777.395
211.172 64.6917 3.80202 3.82252 123.537 789.246
217.908 60.4896 3.85435 3.48815 44.4618 1273.01
217.507 60.403 3.83487 3.49866 28.0264 1259.07
218.338 61.0595 3.89288 3.45397 35.8755 1262.04
216.296 60.3923 3.86975 3.55305 44.0458 1202.89
216.716 60.1205 3.85048 3.61975 45.4113 1238.75
215.271 60.5805 3.85218 3.52807 58.0454 1143.93
216.679 60.2805 3.84841 3.57659 52.7648 1227.42
218.244 60.7315 3.86186 3.48293 40.0777 1275.3
217.659 60.602 3.85848 3.4827 56.689 1254.84
216.749 60.4427 3.85511 3.55083 49.1117 1221.14
217.639 60.9231 3.874 3.43849 36.1349 1236.15
217.277 60.2474 3.83948 3.57822 34.8437 1257.37
218.995 60.8241 3.85019 3.37596 35.6427 1305.89
216.976 61.3836 3.88826 3.45233 43.1373 1180.47
218.049 60.1785 3.84934 3.53364 44.2711 1297.75
216.031 60.2361 3.85697 3.63611 48.5439 1199.83
217.533 61.187 3.87905 3.44184 38.5796 1217.08
218.652 60.2994 3.8385 3.45561 24.3697 1319.06
219.217 60.1294 3.83601 3.45988 39.857 1355.66
216.221 60.072 3.86226 3.64274 49.3838 1218.66
218.856 60.4399 3.83607 3.44714 37.7424 1320.61
216.546 61.2275 3.88863 3.45036 55.6681 1168.08
212.567 65.1173 3.78817 3.72223 41.5131 850.693
212.57 65.1176 3.79127 3.70559 42.0584 850.822
209.518 60.7352 3.82013 3.69248 22.3367 871.777
209.518 60.7351 3.82023 3.69258 22.3367 871.801
