# evlo=216.299606 evla=60.3932
194.627 64.5646 3.87009 3.55336 44.0458 1202.99
225.144 58.5792 3.88078 3.71387 115.88 539.836
209.013 64.0997 3.79271 3.60441 69.1309 559.764
210.701 64.1732 3.80555 3.70452 43.9531 511.4
207.916 63.4188 3.88086 3.41737 37.074 554.152
212.195 64.6453 3.85381 3.67178 61.6371 518.679
204.378 55.8218 3.8981 3.55413 32.9278 865.85
200.411 54.831 3.88198 3.64362 39.5749 1129.41
207.685 63.8827 3.81563 3.44316 47.8393 593.408
209.796 67.2269 3.86515 3.6569 58.0168 825.364
196.582 54.8564 3.89415 3.66512 17.6194 1322.6
214.766 66.5657 3.84439 3.52988 32.5597 692.22
188.296 63.7758 3.86274 3.56775 44.9781 1497.59
203.121 64.7461 3.85652 3.67591 55.1295 830.822
213.052 64.4091 3.8329 3.6843 69.6489 477.898
225.615 58.2758 3.87806 3.72848 122.252 579.658
197.4 66.8951 3.81328 3.7062 32.1412 1176.27
209.077 63.5527 3.79342 3.39077 55.3879 516.627
211.768 64.9602 3.8582 3.5094 55.3582 559.131
209.256 65.0304 3.81484 3.66495 69.9141 629.325
210.931 64.5928 3.8105 3.58908 67.1918 543.344
214.475 65.5174 3.84342 3.61568 29.5477 578.538
207.811 62.8962 3.98902 3.70425 56.5881 528.806
197.092 68.0541 3.86569 3.53938 29.3113 1254.65
189.752 57.1766 3.86614 3.62597 93.5411 1564.96
192.073 65.5598 3.8633 3.49302 22.8294 1345.56
209.711 63.4502 3.78333 3.50525 49.0509 485.225
193.495 53.8452 3.8737 3.62445 117.186 1550.92
211.908 64.4716 3.85502 3.59352 60.8577 507.726
226.475 68.3065 3.92738 3.69542 37.1911 1007.01
207.417 57.7828 3.88405 3.43578 122.283 585.745
212.138 64.8736 3.87339 3.64063 89.1759 542.815
198.929 70.2043 3.88283 3.57936 38.6036 1350.84
203.383 71.3221 3.87732 3.68023 37.6628 1347.14
205.026 71.0033 3.9018 3.64709 18.7977 1286.48
234.753 71.9871 3.94046 3.70637 40.9708 1522.92
198.198 69.3641 3.85928 3.60782 33.599 1307.36
202.84 70.0079 3.87566 3.51667 20.0786 1237.24
205.387 69.6211 3.83279 3.59135 26.6321 1146.4
206.58 70.34 3.89051 3.68527 21.0605 1194.23
194.656 68.2746 3.88124 3.60885 31.8345 1353.63
196.822 68.4753 3.83768 3.52807 23.2528 1290.23
198.806 68.6483 3.8331 3.52805 29.4135 1237.28
200.413 69.1049 3.85623 3.62794 31.0731 1223.38
209.387 69.836 3.88949 3.57408 39.6314 1100.06
216.289 69.626 3.83873 3.48851 16.3971 1029.38
235.93 69.3475 3.94456 3.75254 88.2456 1352.74
196.917 67.6988 3.87246 3.63051 24.3207 1239.51
201.885 68.4946 3.84741 3.54258 30.1249 1133.19
203.387 68.7132 3.88095 3.59485 29.191 1110.4
209.319 68.9656 3.85294 3.62091 42.188 1010.61
213.625 69.322 3.87017 3.62296 26.2921 1003.27
219.035 69.243 3.89204 3.76218 23.539 994.921
221.263 69.3286 3.90737 3.68293 32.3652 1022.81
198.174 67.082 3.83586 3.68455 42.2846 1157.55
199.397 67.4213 3.84987 3.71617 51.2662 1134.33
202.768 67.4572 3.84225 3.51193 30.1198 1025.49
203.811 68.2575 3.83928 3.51903 28.4288 1060.29
208.187 68.1343 3.8677 3.63813 30.6961 946.508
210.384 68.0584 3.81363 3.51088 21.8526 900.487
214.432 68.1207 3.83184 3.51605 23.8304 866.108
218.405 68.1861 3.89753 3.84836 23.887 874.591
220.465 68.6043 3.88878 3.6647 36.0888 936.51
222.103 68.3889 3.91586 3.66443 51.3717 933.332
223.281 66.3701 3.82941 3.68563 76.0528 751.134
193.671 65.4742 3.87098 3.56453 20.8276 1271.67
198.75 66.442 3.82911 3.70921 47.5332 1099.52
200.349 66.6001 3.83557 3.77984 25.8938 1048.16
202.227 66.8332 3.83892 3.6692 39.8163 996.967
204.275 67.0486 3.86534 3.60516 32.1537 947.214
206.517 67.2221 3.86074 3.54849 35.3991 898.688
207.821 67.5076 3.83463 3.61478 23.8166 893.557
220.128 67.6136 3.84875 3.695 33.0719 826.025
224.214 67.6106 3.9197 3.60202 48.3791 891.281
226.258 67.441 3.87856 3.64792 45.8468 922.793
195.961 64.9941 3.88266 3.65006 17.5728 1153.84
199.349 65.5011 3.85758 3.62864 26.1014 1026.75
201.346 65.895 3.83229 3.60217 25.3361 967.724
202.913 66.1434 3.80921 3.76269 53.275 925.225
206.494 66.5156 3.82972 3.579 55.1969 837.59
208.493 66.9214 3.8652 3.51465 31.136 822.647
209.976 66.7108 3.81841 3.54568 56.3451 770.296
213.899 66.7653 3.8266 3.47018 19.7902 720.103
218.345 66.8088 3.88125 3.67535 37.7963 722.22
221.978 66.9116 3.91499 3.60684 40.6653 778.4
223.778 66.9808 3.87688 3.61042 38.8938 820.981
225.729 66.9227 3.8582 3.70023 49.8648 862.769
197.761 64.6379 3.84096 3.6049 29.5559 1060.39
200.087 64.937 3.84534 3.66331 29.6166 968.941
201.637 65.1527 3.84618 3.66556 26.3662 914.16
203.551 65.5276 3.81302 3.67057 45.0469 860.883
205.119 65.4924 3.80668 3.62762 40.3803 801.118
207.195 65.6571 3.81976 3.73618 60.0627 744.641
208.623 65.8937 3.84823 3.61285 47.7849 723.949
210.457 65.8251 3.85367 3.4575 48.9012 672.826
214.18 66.267 3.80235 3.29551 17.2132 663.187
214.181 66.267 3.83715 3.45937 17.1175 663.179
218.473 66.2305 3.87422 3.6095 30.3783 659.623
221.631 66.2191 3.90662 3.66018 30.9249 701.667
225.657 65.8052 3.81422 3.67931 37.8838 764.673
213.052 64.4091 3.8329 3.6843 69.6489 477.898
205.522 64.7962 3.82 3.73652 31.6845 738.149
208.018 65.18 3.79365 3.60518 51.7764 679.57
210.64 65.1479 3.83193 3.52738 62.0421 603.117
216.846 65.3064 3.93299 3.67926 18.3559 548.32
218.385 65.6035 3.94529 3.55086 42.2405 590.198
220.064 65.4483 3.87842 3.60672 47.5979 594.771
221.694 65.3609 3.82148 3.56975 37.6131 617.486
223.623 65.2225 3.79892 3.55201 61.9903 654.291
196.446 62.7492 3.87692 3.62443 45.4167 1082.29
199.398 63.2842 3.9035 3.61898 35.4886 943.42
200.922 63.3965 3.91431 3.54307 26.271 872.327
203.285 63.465 3.97114 3.57985 32.2667 762.611
204.379 63.994 3.89395 3.45305 22.086 737.359
205.853 64.1767 3.79184 3.56798 43.1674 685.517
214.63 64.613 3.87899 3.29645 41.9298 478.071
221.784 64.453 3.84409 3.45765 36.0432 533.47
221.784 64.4525 3.83081 3.43595 37.376 533.408
223.67 64.5753 3.77561 3.50532 60.24 600.625
195.344 61.9331 3.83387 3.63994 36.3954 1135.84
198.469 62.2938 3.87298 3.59968 50.3219 974.172
201.699 62.7161 3.90224 3.57314 55.0905 816.13
205.93 63.3569 3.97395 3.52226 42.4002 636.666
222.48 63.8433 3.80001 3.52795 102.338 501.452
197.317 61.3416 3.83417 3.64883 53.0323 1033.06
198.513 61.678 3.8539 3.64021 62.4252 968.766
200.525 61.7105 3.83557 3.59337 52.6071 862.434
201.703 62.1344 3.85699 3.60906 52.9234 805.009
203.311 62.2195 3.87199 3.58459 73.7689 723.712
205.146 62.1816 3.89665 3.56138 92.9396 629.437
206.12 62.4787 3.95773 3.62418 101.758 590.029
193.799 60.3849 3.83344 3.63786 61.5988 1234.73
196.65 60.4135 3.83292 3.63464 91.7967 1079.06
198.04 60.7515 3.81466 3.65788 53.1864 998.798
199.312 60.6947 3.82725 3.61652 55.9617 930.33
201.041 61.0224 3.81338 3.59456 46.3413 834.227
202.562 61.4009 3.83489 3.53124 65.7596 752.64
204.176 61.4907 3.85068 3.51001 53.0204 667.44
205.609 61.9037 3.8789 3.52999 109.053 599.076
206.868 61.8823 3.89354 3.55581 91.3885 533.941
225.609 62.2024 3.88076 3.44696 89.3084 537.591
198.315 59.9237 3.84392 3.61461 47.122 997.005
199.908 60.1686 3.83574 3.59737 57.5426 904.897
201.231 60.4742 3.82203 3.59173 59.7893 828.036
202.813 60.5269 3.85177 3.60058 54.9167 740.914
204.11 60.6801 3.83497 3.55856 93.6902 668.917
205.516 60.8132 3.82182 3.51938 148.372 591.903
226.918 61.1512 3.84635 3.64311 123.848 584.118
198.736 59.2533 3.84491 3.53614 79.4513 990.389
200.175 59.1767 3.86838 3.5979 49.9807 913.274
201.907 59.5938 3.84997 3.61847 106.338 806.558
202.905 59.7733 3.8395 3.5898 99.3109 747.403
204.792 59.8542 3.84365 3.61853 76.2415 641.709
205.68 60.1952 3.8482 3.56569 83.5974 587.087
207.376 60.0815 3.81996 3.64104 138.72 495.202
190.452 56.6011 3.87256 3.6142 25.6813 1553.93
202.009 59.0314 3.86256 3.61295 119.981 816.779
203.561 59.1953 3.87562 3.62034 107.919 726.382
204.771 59.3922 3.86458 3.63269 115.895 654.07
206.768 59.6524 3.85917 3.64264 106.603 537.371
226.285 59.5898 3.7712 3.51114 124.635 563.918
227.183 60.2114 3.79961 3.60143 141.204 601.378
212.566 65.1171 3.88387 3.59695 68.2912 559.766
203.344 58.6774 3.88726 3.6424 87.1808 756.147
204.113 58.2637 3.92684 3.59909 68.261 731.883
204.991 58.6484 3.91429 3.59991 57.1601 667.996
206.355 58.9287 3.89412 3.61534 116.92 583.17
207.606 58.6097 3.89784 3.60545 142.893 530.467
227.731 58.9601 3.79843 3.67457 103.145 662.641
202.426 57.5673 3.9122 3.64775 40.3176 855.679
203.613 57.6397 3.93867 3.55286 49.1768 789.131
205.548 57.5665 3.88381 3.58521 45.64 692.779
224.26 58.4133 3.91672 3.77023 76.8917 502.666
225.482 58.2747 3.8866 3.73573 49.0898 572.814
229.033 59.3946 3.78802 3.60534 116.793 720.237
197.939 55.703 3.87343 3.54698 46.8798 1198.15
200.447 56.2848 3.86769 3.55681 38.7877 1031.67
223.768 57.9616 3.94063 3.66413 60.2725 505.259
225.424 57.4688 3.93554 3.67918 78.2831 617.449
228.869 57.9128 3.82359 3.77277 63.8844 768.975
227.048 56.8144 3.94787 3.63372 36.5712 739.82
229.75 56.9811 3.86388 3.66959 46.9845 865.631
212.138 64.8735 3.87551 3.63512 40.4644 542.809
210.428 68.6408 3.85049 3.61085 41.0048 960.704
226.879 56.1146 3.92969 3.62725 49.319 781.386
229.974 55.9154 3.9245 3.70077 37.3901 944.393
228.385 55.3279 3.92441 3.60342 49.7239 910.33
218.842 64.7774 3.86022 3.71436 78.9894 505.702
227.653 56.4191 3.93062 3.64958 67.138 796.178
236.736 59.4036 4.23764 3.80635 15.0585 1144.46
235.766 58.6528 3.85205 3.67217 30.9089 1114.48
234.769 58.8471 3.81631 3.70338 20.8616 1052.87
234.233 58.9305 3.81904 3.71947 31.0657 1020.62
232.224 60.0057 3.85309 3.76125 18.6951 882.135
231.195 60.1197 3.83879 3.71676 20.1687 823.547
229.393 60.087 3.82498 3.60775 16.5467 724.915
228.256 59.933 3.81334 3.62547 42.709 664.913
226.693 60.4834 3.81559 3.7166 34.4099 571.773
225.753 60.434 3.78009 3.68894 61.6537 520.452
237.286 58.0965 3.85438 3.68021 28.9837 1219.07
237.012 57.7103 3.8157 3.72376 33.5525 1220.05
237.146 57.39 3.8271 3.64691 23.5223 1241.69
237.423 57.0779 3.82634 3.66542 18.3245 1271.54
210.176 67.8516 3.87566 3.5799 43.9175 882.324
209.736 66.2066 3.8354 3.45984 42.4064 725.913
211.301 69.7162 3.92321 3.70835 18.3833 1064.87
209.329 66.7192 3.86122 3.53871 29.7315 784.587
198.722 65.4015 3.84981 3.54251 18.1502 1048.45
211.164 69.0223 3.82699 3.61942 15.587 991.875
211.489 65.5114 3.88335 3.48545 53.3131 620.116
204.534 64.74 3.8404 3.55093 29.2312 773.056
211.306 69.424 3.88417 3.68401 29.8041 1033.38
210.41 68.6274 3.86011 3.69092 23.5005 959.54
209.89 67.3812 3.84635 3.60441 40.2458 839.187
210.457 65.825 3.86702 3.41055 46.3959 672.809
210.84 64.6544 3.82993 3.55325 27.9661 551.452
210.867 64.709 3.83274 3.57904 33.533 555.873
210.853 64.7716 3.82542 3.54237 32.8948 562.115
210.847 64.8338 3.85688 3.53382 26.2068 568.151
210.819 64.8857 3.84032 3.51355 35.9397 573.778
210.44 64.87 3.82362 3.56796 74.4177 582.006
210.174 64.8537 3.83222 3.57296 44.854 587.624
210.069 64.7653 3.81164 3.62316 60.1941 582.514
210.917 64.5498 3.81439 3.59902 39.2967 539.691
210.782 64.5716 3.81406 3.57563 36.7623 545.291
210.554 64.5756 3.80769 3.62896 61.8346 551.836
210.901 64.613 3.81015 3.6083 78.9657 546.01
211.172 64.6917 3.83123 3.55427 40.6872 546.557
231.542 54.539 3.90025 3.56956 17.027 1118.99
231.6 54.636 3.88755 3.59582 23.3908 1114.64
231.677 54.722 3.89783 3.61188 17.6233 1112.11
231.696 54.801 3.90286 3.60628 21.6775 1107.31
231.665 54.851 3.91293 3.62158 17.0477 1102.19
231.681 55.018 3.90835 3.63612 22.6542 1091.06
231.846 55.084 3.92233 3.64035 24.0512 1094.58
232.267 55.179 3.90029 3.67581 26.9595 1109.01
232.385 55.267 3.89633 3.67335 34.836 1108.94
232.359 55.411 3.89172 3.68554 41.5556 1097.94
232.847 52.3171 3.83556 4.19499 18.6494 1355.2
233.582 52.4315 3.8247 3.63676 18.3174 1379.76
233.933 52.3681 3.8539 3.62513 26.6595 1401.27
234.034 52.3981 3.86304 3.57779 26.5459 1403.58
234.15 52.4019 3.85483 3.55336 18.6088 1408.75
234.367 52.4126 3.86203 3.58935 19.621 1418.18
234.917 52.3782 3.84722 3.56532 20.4367 1447.1
