# evlo=212.6241 evla=63.075298
194.627 64.5646 3.93125 3.68458 57.5148 898.501
220.363 59.9534 3.90728 3.20598 52.745 538.577
225.144 58.5792 3.92874 3.41683 33.7101 843.176
204.378 55.8218 3.85864 3.60415 45.8057 932.037
200.411 54.831 3.90386 3.65991 66.3044 1152.48
209.796 67.2269 3.86171 3.43165 58.1301 481.391
221.785 59.0906 3.71751 3.48043 15.0585 663.381
196.582 54.8564 3.8661 3.54274 55.9864 1293.18
188.296 63.7758 3.89017 3.72791 51.5306 1209.89
203.121 64.7461 3.99911 3.82983 109.735 501.696
225.615 58.2758 3.91529 3.45639 27.6387 886.258
191.145 52.9721 3.85997 3.5781 73.8503 1681.51
219.747 60.0959 3.89564 3.22658 42.9028 502.844
220.599 59.667 3.81902 3.28181 58.1655 570.333
197.092 68.0541 3.80509 3.80048 48.0763 902.76
219.217 60.1294 3.81525 3.17428 57.2656 479.413
205.816 56.5593 3.84931 3.636 93.7875 819.283
189.752 57.1766 3.85434 3.67807 54.9755 1420.52
192.073 65.5598 3.87921 3.53378 46.9725 1026.8
193.495 53.8452 3.84815 3.5633 136.754 1507.04
207.417 57.7828 3.88448 3.52119 92.7392 655.243
199.397 67.4213 3.75916 3.65723 37.1366 782.807
202.768 67.4572 3.81411 3.63538 41.8142 669.77
203.811 68.2575 3.85773 3.69528 57.4153 704.394
206.028 68.4414 3.86747 3.53632 21.6215 669.531
210.384 68.0584 3.84396 3.54438 63.716 565.073
211.513 68.0748 3.91991 3.57908 61.0652 559.778
214.432 68.1207 3.85654 3.55436 70.3 568.65
218.405 68.1861 3.83154 3.61757 65.148 628.375
220.465 68.6043 3.84533 3.71845 84.8095 711.811
222.103 68.3889 3.88951 3.69467 90.1426 733.267
223.281 66.3701 3.91152 3.64467 69.765 625.545
193.671 65.4742 3.91177 3.46514 33.9923 952.27
195.352 65.7077 3.85434 3.51236 31.2008 880.095
202.227 66.8332 3.79128 3.42224 33.1826 644.294
204.275 67.0486 3.79942 3.70326 45.6005 591.204
206.517 67.2221 3.84975 3.62323 79.5463 543.366
207.821 67.5076 3.90651 3.64739 64.5449 542.258
212.113 67.5187 3.90554 3.60197 61.651 495.994
214.357 67.5933 3.87351 3.51244 62.989 510.121
215.855 67.6946 3.84285 3.58017 75.6666 536.318
220.128 67.6136 3.84098 3.58659 89.9146 614.038
224.214 67.6106 3.94046 3.74929 63.4332 737.479
226.258 67.441 3.93636 3.85004 50.5166 798.828
195.961 64.9941 3.95952 3.62097 41.1873 839.202
197.645 65.3936 3.9307 3.54762 47.4762 769.145
199.349 65.5011 3.9221 3.51402 41.5998 695.764
201.346 65.895 3.83913 3.60501 48.202 625.508
206.494 66.5156 3.75188 3.69076 74.9174 481.235
218.345 66.8088 3.83221 3.60648 129.948 495.977
221.978 66.9116 3.9138 3.78715 100.932 613.448
223.778 66.9808 3.92468 3.74517 62.8451 680.894
225.729 66.9227 3.89954 3.71718 63.3269 750.175
197.761 64.6379 3.9412 3.69792 54.0786 749.566
200.087 64.937 3.96953 3.62625 48.4557 646.186
201.637 65.1527 4.00351 3.63845 44.6947 582.398
203.551 65.5276 3.90452 3.42948 27.3507 516.617
221.631 66.2191 3.93482 3.68048 74.205 554.258
225.657 65.8052 3.96587 3.62763 57.5996 695.833
199.305 63.8864 3.87382 3.66024 83.2094 668.663
221.694 65.3609 3.93569 3.69337 128.473 508.063
223.623 65.2225 3.93784 3.61446 80.9065 585.42
196.446 62.7492 3.81988 3.64458 81.9443 820.874
199.398 63.2842 3.83848 3.60874 104.726 665.309
200.922 63.3965 3.88968 3.63816 72.0747 588.438
221.784 64.453 3.93446 3.68319 79.012 476.868
221.784 64.4525 3.88573 3.67158 93.368 476.826
223.67 64.5753 3.92982 3.58458 109.798 568.125
195.344 61.9331 3.8172 3.65318 72.6521 896.669
198.469 62.2938 3.81728 3.65632 119.962 728.697
201.699 62.7161 3.83891 3.60101 151.889 556.364
222.48 63.8433 3.86787 3.73127 135.401 498.433
197.317 61.3416 3.83938 3.67504 144.45 817.522
198.513 61.678 3.8268 3.69406 101.551 745.039
200.525 61.7105 3.81592 3.63742 127.721 642.939
201.703 62.1344 3.81513 3.61775 171.725 569.866
203.311 62.2195 3.80313 3.5879 215.533 486.555
193.799 60.3849 3.84509 3.67241 123.155 1034.98
196.65 60.4135 3.84459 3.69315 123.536 891.81
198.04 60.7515 3.84134 3.70087 104.403 806.824
199.312 60.6947 3.84372 3.64584 101.639 747.068
201.041 61.0224 3.85046 3.61283 136.9 646.622
202.562 61.4009 3.8577 3.60393 132.164 554.677
223.206 62.5763 3.76934 3.58352 185.434 541.668
225.609 62.2024 3.78863 3.65412 347.315 671.994
198.315 59.9237 3.86724 3.59661 103.555 836.723
199.908 60.1686 3.87165 3.59441 95.1294 746.588
201.231 60.4742 3.88314 3.60453 145.215 666.371
202.813 60.5269 3.88351 3.55031 91.1018 589.375
204.11 60.6801 3.90038 3.4908 85.5572 520.805
222.911 61.4593 3.79509 3.59084 96.2904 563.118
224.22 61.4862 3.7945 3.63547 111.65 626.544
226.918 61.1512 3.81061 3.6637 121.278 774.555
198.736 59.2533 3.86363 3.59071 60.0359 857.827
200.175 59.1767 3.84093 3.57167 68.0666 797.236
201.907 59.5938 3.82744 3.51281 148.894 691.286
202.905 59.7733 3.83406 3.46654 100.06 635.02
204.792 59.8542 3.82827 3.52223 135.981 549.988
205.68 60.1952 3.84509 3.5697 104.457 487.994
221.424 60.3024 3.96551 3.48711 50.3578 558.272
223.909 60.7704 3.84063 3.58121 124.19 644.973
190.452 56.6011 3.82344 3.66888 29.542 1426.65
202.009 59.0314 3.81241 3.52373 113.499 727.743
203.561 59.1953 3.83004 3.5413 88.3654 651.16
204.771 59.3922 3.82381 3.61013 126.115 587.766
206.768 59.6524 3.83636 3.68315 136.634 493.162
222.262 59.6304 3.99167 3.33877 42.4443 641.814
223.04 60.1218 3.96487 3.57822 65.0002 642.397
226.285 59.5898 3.90912 3.69987 70.7565 825.882
227.183 60.2114 3.84284 3.67599 86.6752 832.805
203.344 58.6774 3.84813 3.60262 129.898 701.752
204.113 58.2637 3.86964 3.53172 65.676 708.703
204.991 58.6484 3.85709 3.57554 119.76 643.626
206.355 58.9287 3.89346 3.46735 121.431 572.62
207.606 58.6097 3.88776 3.47687 128.797 567.108
227.731 58.9601 3.91852 3.57402 47.4672 933.6
202.426 57.5673 3.86821 3.52128 61.6928 831.293
203.613 57.6397 3.85682 3.57765 99.2173 782.234
205.548 57.5665 3.90454 3.36471 53.3334 726.826
224.26 58.4133 3.85718 3.43518 18.812 818.062
225.482 58.2747 3.86601 3.38002 17.3016 880.587
229.033 59.3946 3.87231 3.68918 66.0624 968.427
197.939 55.703 3.83177 3.51394 102.478 1165.7
200.447 56.2848 3.8596 3.51256 61.8727 1017.96
228.869 57.9128 3.90494 3.48256 39.6647 1057.6
227.048 56.8144 3.80293 3.56938 19.8061 1061.82
229.75 56.9811 3.88495 3.50746 28.2279 1165.77
210.428 68.6408 3.88213 3.43691 52.0221 628.53
226.879 56.1146 3.82351 3.61615 43.7588 1113.25
228.385 55.3279 3.82865 3.63878 43.3792 1241.14
219.217 60.1294 3.81525 3.17428 57.2656 479.413
