# evlo=211.768097 evla=64.960197
194.627 64.5646 3.79799 3.80581 200.726 814.506
217.908 60.4896 3.82176 3.65101 59.0534 588.418
217.654 61.036 3.77948 3.76628 84.7155 528.941
217.507 60.403 3.82847 3.70591 40.8086 586.336
218.338 61.0595 3.7934 3.81442 97.2583 546.945
220.363 59.9534 3.79466 3.69595 56.4296 711.6
216.3 60.3932 3.8582 3.5094 55.3582 559.131
225.144 58.5792 3.79507 3.74525 45.2682 998.35
216.716 60.1205 3.83311 3.42533 50.9831 596.075
215.395 60.9677 3.84718 3.69302 50.6532 481.362
209.094 59.7511 3.93109 3.43487 80.4247 596.715
209.259 59.7417 3.93228 3.47416 104.12 595.834
208.846 60.7683 3.88453 3.4854 92.5255 490.205
204.378 55.8218 3.88478 3.62601 35.3099 1094.97
200.411 54.831 3.85657 3.64867 66.3797 1290.81
208.763 59.5251 3.89456 3.46284 108.533 625.381
216.907 60.7523 3.7743 3.57425 62.8875 536.692
218.66 60.9649 3.80217 3.64992 73.8084 565.547
217.513 60.0823 3.80844 3.52249 54.805 618.385
214.25 60.5487 3.92466 3.47959 52.5812 507.688
196.582 54.8564 3.89123 3.61996 29.7591 1402.62
213.401 60.7277 4.01649 3.48768 38.5005 478.989
188.296 63.7758 3.82312 3.76783 148.444 1134.36
215.271 60.5805 3.87525 3.62926 104.061 519.702
216.679 60.2805 3.8212 3.4575 51.2538 578.898
218.244 60.7315 3.80226 3.67423 56.9958 574.693
213.497 60.396 4.01327 3.40984 27.6448 516.307
215.738 60.3351 3.89426 3.57728 44.6913 553.974
208.348 59.6572 3.88359 3.43368 71.952 616.837
217.659 60.6024 3.82097 3.74198 88.9363 570.762
225.615 58.2758 3.79268 3.69733 43.6272 1041.93
215.581 59.9268 3.93287 3.56238 42.3089 594.27
216.749 60.4427 3.81216 3.50832 65.2569 563.987
217.639 60.9231 3.79197 3.69673 117.079 539.286
197.4 66.8951 3.94223 3.64747 50.3941 687.055
218.995 60.824 3.78057 3.61626 75.4929 588.874
216.976 61.3836 3.76003 3.82143 80.2165 476.901
218.049 60.1785 3.81596 3.71197 61.2328 622.513
216.031 60.2361 3.87504 3.51937 62.272 569.935
191.145 52.9721 3.86237 3.65016 61.0981 1769.79
219.747 60.0959 3.79212 3.68102 75.364 679.174
220.599 59.667 3.78509 3.69783 65.5287 745.401
217.533 61.1871 3.76675 3.77758 112.218 511.201
215.323 60.3863 3.89522 3.66188 52.7891 541.14
197.092 68.0541 3.9467 3.70812 71.1222 736.123
218.652 60.2994 3.79875 3.72624 49.154 627.436
219.217 60.1294 3.7956 3.6598 80.2625 660.01
214.792 60.5341 3.88984 3.54427 57.8372 516.815
205.816 56.5593 3.87885 3.61827 72.2021 989.665
209.777 60.5117 3.89145 3.5759 127.875 506.097
189.752 57.1766 3.84551 3.751 74.6411 1458.91
217.161 60.1791 3.82338 3.5269 64.8585 600.219
216.221 60.072 3.87615 3.52492 64.7373 590.777
210.547 60.1043 3.91363 3.51361 82.0024 544.818
218.856 60.4399 3.79747 3.76368 86.0127 620.085
217.171 60.7541 3.80043 3.59705 71.6534 543.137
192.073 65.5598 3.84956 3.72996 124.046 918.705
216.546 61.2275 3.79743 3.74987 84.0078 480.671
217.147 60.448 3.81226 3.62841 65.1581 572.888
218.249 60.3583 3.80525 3.68469 51.4918 610.435
201.231 60.4742 3.86895 3.73652 91.9497 733.592
202.813 60.5269 3.85357 3.75821 93.8292 672.355
204.11 60.6801 3.86143 3.65793 99.6614 615.594
205.516 60.8132 3.88348 3.61071 116.233 560.501
222.911 61.4593 3.99319 3.83729 65.6189 681.562
224.22 61.4862 3.97298 3.74417 56.8311 734.352
226.918 61.1512 3.92929 3.77949 75.3541 872.885
200.175 59.1767 3.86717 3.66916 61.5224 882.128
202.905 59.7733 3.84637 3.67547 115.332 736.635
204.792 59.8542 3.85983 3.59399 102.863 672.868
205.68 60.1952 3.85846 3.60025 91.7161 615.815
207.376 60.0815 3.85979 3.47041 101.426 588.587
210.276 60.4814 3.9046 3.58897 104.275 504.959
221.424 60.3024 3.74573 3.78118 40.0123 716.166
202.009 59.0314 3.84256 3.71735 96.4791 833.61
203.561 59.1953 3.84558 3.58994 86.0462 771.183
204.771 59.3922 3.86101 3.59227 90.2774 718.742
206.768 59.6524 3.86841 3.53679 88.4542 645.443
212.597 59.9979 3.89946 3.54683 62.6635 554.7
222.262 59.6304 3.80416 3.95039 25.4139 803.842
226.285 59.5898 3.92017 3.4347 24.7695 958.727
227.183 60.2114 3.97892 3.82291 36.1561 948.833
203.344 58.6774 3.84387 3.62527 75.8665 827.548
204.113 58.2637 3.87905 3.55419 80.3178 848.268
204.991 58.6484 3.87996 3.54405 74.8344 787.96
206.355 58.9287 3.86837 3.55447 75.0717 729.137
207.606 58.6097 3.85518 3.47919 91.393 740.613
227.731 58.9601 3.94404 3.53426 16.8771 1066.59
202.426 57.5673 3.85739 3.60976 80.6736 962.131
203.613 57.6397 3.86247 3.54745 65.6332 923.787
224.26 58.4133 3.81433 3.68851 21.7749 981.245
225.482 58.2747 3.79361 3.76053 18.2156 1037.16
223.768 57.9616 3.82415 3.75102 38.4144 1005.4
225.424 57.4688 3.83836 3.71727 25.1015 1106.84
227.048 56.8144 3.83013 3.71344 21.3847 1223.4
229.75 56.9811 3.80579 3.67289 27.6715 1310.17
226.879 56.1146 3.83875 3.67692 24.1096 1281.47
229.974 55.9154 3.80305 3.71475 19.67 1411.59
227.653 56.4191 3.83652 3.71568 47.8006 1280.85
218.547 60.1369 4.76341 4.47598 101.674 640.051
217.908 60.4896 3.82176 3.65101 59.0534 588.418
217.507 60.403 3.82847 3.70591 40.8086 586.336
218.338 61.0595 3.79343 3.81445 97.2583 546.948
216.296 60.3923 3.85835 3.50953 55.3582 559.152
216.716 60.1205 3.83311 3.42533 50.9831 596.075
215.271 60.5805 3.87525 3.62926 104.061 519.702
216.679 60.2805 3.8212 3.4575 51.2538 578.898
218.244 60.7315 3.80226 3.67423 56.9958 574.693
217.659 60.602 3.82114 3.74215 88.9363 570.788
216.749 60.4427 3.81216 3.50832 65.2569 563.987
217.639 60.9231 3.79193 3.69669 117.079 539.28
218.995 60.8241 3.78051 3.6162 75.4929 588.865
216.976 61.3836 3.76003 3.82143 80.2165 476.901
218.049 60.1785 3.81596 3.71197 61.2328 622.513
216.031 60.2361 3.87504 3.51937 62.272 569.935
217.533 61.187 3.76686 3.7777 112.218 511.216
218.652 60.2994 3.79875 3.72624 49.154 627.436
219.217 60.1294 3.7956 3.6598 80.2625 660.01
216.221 60.072 3.87615 3.52492 64.7373 590.777
218.856 60.4399 3.79747 3.76368 86.0127 620.085
216.546 61.2275 3.79743 3.74987 84.0078 480.671
209.518 60.7352 3.87388 3.48928 41.525 484.586
209.518 60.7351 3.87393 3.48932 41.525 484.592
