# evlo=209.253296 evla=61.4636
225.449 60.24 3.79325 3.54632 85.248 888.5
194.627 64.5646 3.82079 3.55914 58.2719 814.997
217.908 60.4896 3.83702 3.50339 118.803 480.667
218.338 61.0595 3.7966 3.51687 163.007 489.166
220.363 59.9534 3.8383 3.57905 146.21 628.655
225.144 58.5792 3.89782 3.72431 73.5088 939.718
204.378 55.8218 3.86666 3.50777 56.7795 688.816
209.796 67.2269 3.90256 3.55507 71.1592 643.034
218.66 60.9649 3.80388 3.50909 166.056 508.13
217.513 60.0823 3.87775 3.58739 122.353 475.286
196.582 54.8564 3.87116 3.53806 63.1106 1044.47
214.766 66.5657 3.85706 3.48419 68.686 628.869
188.296 63.7758 3.83046 3.57232 69.4316 1100.7
203.121 64.7461 3.82905 3.65058 48.7007 478.89
218.244 60.7315 3.82472 3.51234 105.25 491.384
225.615 58.2758 3.90184 3.72177 74.8221 979.716
197.4 66.8951 3.81575 3.55375 23.9245 833.271
218.995 60.824 3.81345 3.50006 184.764 529.033
218.049 60.1785 3.86212 3.56169 134.285 499.131
191.145 52.9721 3.84821 3.59547 51.6469 1437.39
219.747 60.0959 3.83789 3.55402 123.952 590.977
220.599 59.667 3.86582 3.61126 132.562 652.657
214.475 65.5174 3.88444 3.57911 128.196 521.029
218.652 60.2994 3.84424 3.53138 125.735 526.156
219.217 60.1294 3.85202 3.50685 124.996 561.937
205.816 56.5593 3.85692 3.54818 85.8266 580.721
189.752 57.1766 3.87979 3.70139 77.1447 1202.83
218.856 60.4399 3.83534 3.49213 195.077 532.179
192.073 65.5598 3.79529 3.53143 56.6695 965.167
193.495 53.8452 3.84991 3.55727 156.771 1260.91
218.249 60.3583 3.834 3.5681 112.021 502.945
227.048 56.8144 3.94107 3.67237 43.4795 1137.68
229.75 56.9811 3.87886 3.63923 72.3044 1265.69
210.428 68.6408 3.91305 3.63921 83.5887 802.074
229.974 55.9154 3.90748 3.62603 34.708 1343.19
217.908 60.4896 3.83702 3.50339 118.803 480.667
218.338 61.0595 3.79664 3.51691 163.007 489.172
218.244 60.7315 3.82472 3.51234 105.25 491.384
218.995 60.8241 3.81343 3.50005 184.764 529.031
218.049 60.1785 3.86212 3.56169 134.285 499.131
218.652 60.2994 3.84424 3.53138 125.735 526.156
219.217 60.1294 3.85202 3.50685 124.996 561.937
218.856 60.4399 3.83534 3.49213 195.077 532.179
