# evlo=207.416504 evla=57.782799
221.171 59.4924 3.9232 3.72544 32.3593 819.601
194.627 64.5646 3.85072 3.65583 51.3032 1018.44
217.908 60.4896 3.88296 3.53066 99.5436 671.062
217.654 61.036 3.86607 3.43298 103.231 683.975
217.507 60.403 3.89364 3.45642 91.7276 646.948
218.338 61.0595 3.86074 3.46547 97.9366 718.198
220.363 59.9534 3.88866 3.76052 151.162 783.611
216.3 60.3932 3.88405 3.43578 122.283 585.745
225.144 58.5792 3.91192 3.77469 154.835 1043.68
216.716 60.1205 3.90878 3.56188 160.294 594.522
215.395 60.9677 3.85954 3.58122 97.2598 575.195
209.013 64.0997 3.91622 3.48274 93.426 709.117
210.701 64.1732 3.89802 3.53718 74.8579 733.696
207.916 63.4188 3.91788 3.48714 86.8612 628.564
212.195 64.6453 3.88687 3.56174 105.03 806.114
200.411 54.831 3.94379 3.33865 67.3656 543.689
207.685 63.8827 3.89695 3.48853 63.4668 679.841
209.796 67.2269 3.90483 3.55955 58.4506 1059.49
216.907 60.7523 3.87292 3.44699 109.85 633.457
218.66 60.9649 3.87074 3.49083 93.2921 729.564
209.738 62.4058 3.92168 3.47327 136.104 530.921
217.513 60.0823 3.89898 3.598 139.664 634.51
221.785 59.0906 3.9244 3.75406 33.8805 850.071
212.624 63.0753 3.88448 3.52119 92.7392 655.243
214.225 61.1292 3.86773 3.68094 123.291 536.232
215.93 63.6482 3.8667 3.60639 81.1755 800.528
214.25 60.5487 3.87442 3.532 185.937 497.292
196.582 54.8564 3.96415 3.60814 43.6259 744.246
213.401 60.7277 3.86378 3.73948 156.67 473.155
214.766 66.5657 3.88243 3.57628 53.171 1049.37
188.296 63.7758 3.84787 3.66609 65.6519 1230.03
211.074 61.771 3.89326 3.57645 105.204 489.341
216.188 61.4417 3.85841 3.6588 165.663 640.438
215.271 60.5805 3.91716 3.45146 117.442 546.044
216.679 60.2805 3.90014 3.48452 220.754 599.529
218.244 60.7315 3.88316 3.46406 69.8424 698.421
213.052 64.4091 3.87757 3.52468 113.824 797.762
215.738 60.3351 3.89144 3.46644 79.8514 555.106
217.659 60.6024 3.88337 3.47492 119.972 663.363
225.615 58.2758 3.90943 3.79326 145.994 1073.38
215.581 59.9268 3.90374 3.59035 129.27 527.819
216.749 60.4427 3.8942 3.45262 167.004 610.477
217.639 60.9231 3.85964 3.47654 121.686 677.573
217.277 60.2474 3.90428 3.49782 96.6443 628.659
218.995 60.824 3.86999 3.44775 121.341 740.147
216.976 61.3836 3.85653 3.57257 150.416 671.72
211.063 63.7318 3.89473 3.47805 99.2696 691.752
218.049 60.1785 3.89614 3.62711 103.4 666.205
216.031 60.2361 3.89868 3.48683 150.312 564.798
217.533 61.1871 3.86065 3.48346 156.785 686.2
218.652 60.2994 3.88024 3.59419 94.8995 702.152
211.14 63.4056 3.88511 3.56084 108.183 658.613
219.217 60.1294 3.89067 3.64363 180.862 726.448
216.221 60.072 3.89443 3.50962 146.042 567.004
218.856 60.4399 3.87416 3.55374 105.832 717.857
216.546 61.2275 3.8853 3.56327 159.306 642.918
231.887 52.1847 3.91034 3.90016 123.43 1674.41
226.475 68.3065 3.90152 3.70225 83.8139 1505.32
213.052 64.4091 3.87757 3.52468 113.824 797.762
197.317 61.3416 3.84774 3.59785 36.4828 693.943
198.513 61.678 3.81182 3.63927 46.2709 661.694
200.525 61.7105 3.79213 3.54267 57.1609 583.857
205.146 62.1816 3.87606 3.40231 39.2435 506.131
206.12 62.4787 3.8661 3.49061 80.2896 528.1
216.652 63.0254 3.85546 3.57045 109.627 773.336
218.173 63.0618 3.86068 3.62514 140.552 832.883
221.871 63.109 3.84832 3.54595 109.272 988.958
193.799 60.3849 3.83601 3.51591 64.3626 830.984
196.65 60.4135 3.83491 3.46942 50.2907 682.036
198.04 60.7515 3.8579 3.4861 62.8368 627.882
199.312 60.6947 3.86993 3.50162 70.9947 564.381
201.041 61.0224 3.78644 3.71975 58.3627 510.857
202.562 61.4009 3.90476 3.59481 55.6317 487.206
212.274 61.7929 3.89596 3.5717 100.542 523.13
213.825 62.1067 3.88222 3.52828 184.415 599.714
217.004 62.4013 3.87507 3.64234 166.244 739.813
218.122 62.3579 3.86347 3.67444 164.682 782.61
221.538 62.4435 3.84175 3.61077 166.56 938.353
223.206 62.5763 3.837 3.57433 128.08 1022.23
225.609 62.2024 3.83839 3.65232 129.129 1123.33
198.315 59.9237 3.90305 3.58072 81.0796 576.317
199.908 60.1686 3.91122 3.4592 52.7855 506.646
215.402 61.6061 3.8654 3.72113 140.943 618.596
222.911 61.4593 3.82459 3.60783 103.17 962.534
224.22 61.4862 3.83364 3.64312 119.836 1030.07
226.918 61.1512 3.84376 3.63637 75.3762 1162.39
198.736 59.2533 3.86994 3.70441 127.306 531.26
219.809 60.7718 3.8676 3.49044 89.7421 779.469
221.424 60.3024 3.87588 3.68924 97.8142 849.732
223.909 60.7704 3.84505 3.68109 151.275 994.263
190.452 56.6011 3.85231 3.65784 65.8937 1031.31
222.262 59.6304 3.8829 3.7953 156.42 882.718
223.04 60.1218 3.86515 3.72935 99.7208 933.682
226.285 59.5898 3.9019 3.76131 132.988 1108.73
227.183 60.2114 3.88673 3.74124 102.661 1163.12
212.566 65.1171 3.88152 3.58786 92.3731 861.544
227.731 58.9601 3.9086 3.76364 186.13 1191.31
224.26 58.4133 3.90792 3.787 102.33 993.151
225.482 58.2747 3.9069 3.79465 90.3717 1065.6
229.033 59.3946 3.89556 3.73276 97.6095 1264.18
197.939 55.703 3.92474 3.54175 108.612 623.803
223.768 57.9616 3.91314 3.83794 105.69 968.19
225.424 57.4688 3.91178 3.81622 121.155 1073.3
228.869 57.9128 3.89134 3.81793 163.342 1268.65
227.048 56.8144 3.91185 3.86582 83.1443 1184.15
229.75 56.9811 3.87394 3.81154 177.549 1340.18
212.138 64.8735 3.90915 3.53841 93.499 829.05
210.428 68.6408 3.90549 3.57052 86.4396 1219.35
226.879 56.1146 3.92021 3.88047 189.845 1194.59
229.974 55.9154 3.89173 3.82774 88.23 1385.38
228.385 55.3279 3.90443 3.85922 144.886 1312.44
227.653 56.4191 3.9056 3.8907 304.286 1231.17
209.931 62.7622 4.66344 4.5103 155.54 571.86
211.063 63.7323 3.89507 3.47835 99.2696 691.812
210.921 64.5797 3.49106 3.5494 72.6058 780.207
209.196 62.5277 3.33473 3.22423 31.8335 537.758
210.834 64.0412 3.44099 3.52381 19.7232 721.326
211.14 63.4057 3.88515 3.56087 108.183 658.62
211.185 63.4003 3.39277 3.22602 25.0655 658.823
211.133 63.4014 3.39054 3.22167 21.9495 658.056
209.686 62.3147 3.81213 3.60513 17.0403 520.421
209.939 62.15 3.34548 3.40714 58.228 506.446
211.225 63.6559 3.44942 3.35415 52.8336 686.33
218.547 60.1369 3.74283 4.34718 113.983 691.006
218.652 60.1592 3.92911 3.68088 75.9913 697.32
218.546 60.2176 3.94772 3.78275 66.5756 693.684
218.626 60.2469 3.92698 3.68296 58.7903 698.924
212.952 61.1216 3.34021 2.37673 18.1775 486.414
211.489 65.5114 3.88177 3.52087 47.1798 887.441
211.449 65.522 3.96872 3.46596 24.9485 888.074
194.662 64.5695 3.86793 3.56874 29.6408 1017.56
211.554 70.2036 3.9134 3.6334 34.2862 1398.55
204.534 64.74 3.85785 3.58782 22.4616 790.333
211.306 69.424 3.9131 3.59295 47.014 1311.26
210.41 68.6274 3.90958 3.50969 49.9022 1217.76
209.89 67.3812 3.87682 3.58546 43.499 1077.09
210.457 65.825 3.88717 3.49419 53.2026 910.196
217.908 60.4896 3.88296 3.53066 99.5436 671.062
217.507 60.403 3.89364 3.45642 91.7276 646.948
218.338 61.0595 3.86077 3.4655 97.9366 718.203
216.296 60.3923 3.88264 3.43453 122.283 585.532
216.716 60.1205 3.90878 3.56188 160.294 594.522
215.271 60.5805 3.91716 3.45146 117.442 546.044
216.679 60.2805 3.90014 3.48452 220.754 599.529
218.244 60.7315 3.88316 3.46406 69.8424 698.421
217.659 60.602 3.88312 3.4747 119.972 663.321
216.749 60.4427 3.8942 3.45262 167.004 610.477
217.639 60.9231 3.85959 3.47649 121.686 677.564
217.277 60.2474 3.90428 3.49782 96.6443 628.659
218.995 60.8241 3.87001 3.44777 121.341 740.151
216.976 61.3836 3.85653 3.57257 150.416 671.72
218.049 60.1785 3.89614 3.62711 103.4 666.205
216.031 60.2361 3.89868 3.48683 150.312 564.798
217.533 61.187 3.86068 3.48348 156.785 686.204
218.652 60.2994 3.88024 3.59419 94.8995 702.152
219.217 60.1294 3.89067 3.64363 180.862 726.448
216.221 60.072 3.89443 3.50962 146.042 567.004
218.856 60.4399 3.87416 3.55374 105.832 717.857
216.546 61.2275 3.8853 3.56327 159.306 642.918
212.567 65.1173 3.90337 3.50204 54.2749 861.57
212.57 65.1176 3.89016 3.54496 42.4337 861.647
220.454 59.9722 3.94037 3.6836 26.5481 789.029
