# evlo=197.761002 evla=64.637901
217.908 60.4896 3.84682 3.48758 22.3535 1128.26
217.654 61.036 3.89316 3.33141 21.2099 1084.58
217.507 60.403 3.82446 3.51623 23.5187 1115.02
218.338 61.0595 3.89617 3.38658 21.3703 1115.26
220.363 59.9534 3.82129 3.47714 20.3843 1274.78
216.3 60.3932 3.84096 3.6049 29.5559 1060.39
225.144 58.5792 3.90612 3.50613 19.5653 1585.75
216.716 60.1205 3.84273 3.5855 25.1991 1096.68
215.395 60.9677 3.86195 3.45355 24.6496 983.935
209.013 64.0997 3.89099 3.67638 94.2695 545.866
209.094 59.7511 3.84574 3.65784 31.1283 800.857
209.259 59.7417 3.84537 3.61745 37.0778 807.895
210.701 64.1732 3.84286 3.64633 94.489 625.026
208.846 60.7683 3.88231 3.58009 28.3828 711.108
207.916 63.4188 3.9107 3.86753 66.8646 514.017
212.195 64.6453 3.80411 3.7056 99.4236 688.537
204.378 55.8218 3.84288 3.85988 17.241 1047.1
207.685 63.8827 3.91524 3.87365 97.5773 487.849
208.763 59.5251 3.81429 3.62071 35.1048 807.381
209.796 67.2269 3.8731 3.62606 88.9251 617.899
216.907 60.7523 3.84872 3.40416 23.9203 1066.3
218.66 60.9649 3.89167 3.36994 32.9491 1135.61
209.738 62.4058 3.84267 3.47302 45.9305 644.615
217.513 60.0823 3.83891 3.52459 25.9084 1135.37
212.624 63.0753 3.9412 3.69792 54.0786 749.566
214.225 61.1292 3.87226 3.58978 32.6626 920.858
215.93 63.6482 3.8907 3.80418 25.6323 888.231
214.25 60.5487 3.82852 3.69434 44.2759 958.008
213.401 60.7277 3.83625 3.64135 55.437 908.598
209.784 61.1426 3.82324 3.52621 23.831 723.316
214.766 66.5657 3.84265 3.78471 67.6636 810.188
211.074 61.771 3.82629 3.5631 29.6213 740.312
216.188 61.4417 3.88348 3.43323 38.2472 993.792
212.904 60.8792 3.82531 3.64895 42.9872 876.748
215.271 60.5805 3.82851 3.57665 35.0503 1001.92
216.679 60.2805 3.8387 3.60925 25.9766 1084.77
218.244 60.7315 3.86495 3.40534 19.7913 1129.5
213.052 64.4091 3.82166 3.73436 75.1861 732.836
217.659 60.6024 3.83491 3.47845 24.0345 1109.97
216.749 60.4427 3.83823 3.54905 31.8608 1077.8
217.639 60.9231 3.88021 3.37849 46.1936 1090.31
218.995 60.824 3.89006 3.37727 33.2582 1159.25
216.976 61.3836 3.88483 3.39177 42.7539 1033.78
211.063 63.7318 3.90246 3.75412 92.5534 653.16
218.049 60.1785 3.83366 3.50646 27.7952 1153.87
216.031 60.2361 3.83555 3.74639 29.8375 1058.22
217.533 61.1871 3.88818 3.36898 32.4003 1070.52
218.652 60.2994 3.8493 3.46184 15.8815 1174.19
211.14 63.4056 3.93768 3.83089 58.094 667.064
219.217 60.1294 3.86294 3.47003 35.1539 1210.76
216.221 60.072 3.85199 3.66088 33.5373 1077.47
218.856 60.4399 3.87902 3.39876 16.9757 1175.14
216.546 61.2275 3.8791 3.39931 35.342 1022.21
212.138 64.8736 3.79805 3.71583 115.959 683.477
198.929 70.2043 3.87323 3.54976 94.2397 622.79
203.383 71.3221 3.92445 3.64515 68.8189 780.968
205.026 71.0033 3.90405 3.52296 65.4423 771.897
234.753 71.9871 3.89315 3.50466 40.9596 1693.94
198.198 69.3641 3.8825 3.57491 72.8798 527.414
202.84 70.0079 3.91525 3.65111 86.7627 637.023
205.387 69.6211 3.8161 3.63288 76.139 645.727
206.58 70.34 3.85384 3.79927 100.891 737.643
200.413 69.1049 3.8923 3.70376 101.865 511.428
205.217 69.1565 3.84693 3.52614 67.4544 599.58
209.387 69.836 3.89906 3.65108 97.6906 764.476
211.299 69.72 3.91677 3.46986 74.9273 812.07
215.088 69.9175 3.91934 3.62078 40.4499 945.626
216.289 69.626 3.9497 3.7856 45.3659 971.342
235.93 69.3475 3.92949 3.69709 96.5661 1713.53
203.387 68.7132 3.87259 3.62587 95.4078 517.574
207.318 68.8799 3.91766 3.63252 68.5938 631.884
209.319 68.9656 3.91989 3.54442 77.668 698.854
211.177 69.1532 3.92898 3.56987 87.1481 771.036
213.625 69.322 3.92691 3.65141 77.1497 863.26
219.035 69.243 3.91666 3.56491 66.3118 1054.79
221.263 69.3286 3.90489 3.66108 61.5621 1141.63
203.811 68.2575 3.84961 3.57001 93.8892 485.079
206.028 68.4414 3.90148 3.73318 56.9225 560.226
208.187 68.1343 3.93734 3.56648 75.6481 606.418
210.384 68.0584 3.91402 3.6248 95.6774 679.998
211.513 68.0748 3.91102 3.62775 86.7782 722.872
214.432 68.1207 3.86558 3.5841 73.4957 837.104
218.405 68.1861 3.85128 3.69347 68.9682 997.369
220.465 68.6043 3.8683 3.68083 93.7168 1090.5
222.103 68.3889 3.87015 3.69677 102.039 1151.52
223.281 66.3701 3.8861 3.71631 87.9086 1188.2
206.517 67.2221 3.91516 3.60253 105.222 491.19
207.821 67.5076 3.91822 3.51309 78.4718 555.609
212.113 67.5187 3.86263 3.58746 77.1198 722.459
214.357 67.5933 3.8411 3.62433 81.7158 816.076
215.855 67.6946 3.83365 3.66095 77.8736 880.413
220.128 67.6136 3.85681 3.66934 82.7088 1056.8
224.214 67.6106 3.86841 3.67725 81.6585 1229.68
226.258 67.441 3.87823 3.67512 70.5706 1316.33
208.493 66.9214 3.87278 3.64289 85.0222 552.523
209.976 66.7108 3.84799 3.66912 133.55 606.122
212.525 66.7004 3.84084 3.76433 88.9102 714.876
213.899 66.7653 3.83524 3.80405 88.5155 775.732
216.215 66.9498 3.84658 3.76635 87.2457 879.354
218.345 66.8088 3.85627 3.73022 80.4489 970.293
221.978 66.9116 3.87793 3.69579 101.141 1130.03
223.778 66.9808 3.88282 3.66766 60.1901 1208.86
225.729 66.9227 3.88973 3.67842 60.7148 1294.2
208.623 65.8937 3.76821 3.80055 84.3156 525.524
210.457 65.8251 3.79735 3.76602 127.742 607.185
212.122 65.8371 3.81207 3.78064 115.46 683.041
214.181 66.267 3.84255 3.77084 63.1212 780.392
218.473 66.2305 3.85428 3.72798 156.245 972.771
221.631 66.2191 3.87536 3.7309 100.837 1114.87
225.657 65.8052 3.89014 3.73478 101.36 1300.66
214.843 62.3987 3.93482 3.61 45.0708 883.001
213.052 64.4091 3.82166 3.73436 75.1861 732.836
208.018 65.18 3.78357 3.75955 85.5915 488.71
210.64 65.1479 3.79309 3.77235 99.739 611.557
216.846 65.3064 3.82394 3.67806 108.233 900.867
218.385 65.6035 3.84007 3.70587 154.733 970.056
220.064 65.4483 3.84972 3.70374 116.284 1048.8
221.694 65.3609 3.85819 3.71385 84.2148 1125.09
223.623 65.2225 3.87146 3.72237 102.847 1216.39
214.63 64.613 3.81501 3.81634 121.055 804.567
216.436 64.5012 3.83694 3.76052 110.125 892.066
221.784 64.4525 3.85088 3.7347 87.47 1145.8
223.67 64.5753 3.86279 3.75201 131.915 1231.58
214.222 63.8036 3.8844 3.7877 69.4112 802.168
217.924 64.0292 3.84737 3.82217 76.0746 973.056
222.48 63.8433 3.85547 3.74402 107.063 1194.73
206.12 62.4787 3.84044 3.61893 57.4474 479.62
216.652 63.0254 3.90725 3.71873 45.2202 943.412
218.173 63.0618 3.87747 3.76662 75.9283 1014.74
221.871 63.109 3.86214 3.7951 97.9119 1189.81
193.799 60.3849 3.7943 3.62289 65.7187 515.856
196.65 60.4135 3.80037 3.74461 81.0763 474.269
204.176 61.4907 3.84546 3.56522 49.4208 477.318
206.868 61.8823 3.82277 3.6934 54.0845 550.154
209.88 61.7531 3.80189 3.4826 41.451 688.006
212.274 61.7929 3.85477 3.56508 49.7629 793.581
217.004 62.4013 3.92199 3.67309 66.4102 985.366
218.122 62.3579 3.90127 3.72437 44.6515 1040.5
221.538 62.4435 3.85325 3.71144 66.0173 1199.93
223.206 62.5763 3.84025 3.75456 67.898 1274.2
225.609 62.2024 3.85294 3.74672 74.1552 1404.98
198.315 59.9237 3.86247 3.70893 73.3724 526.178
199.908 60.1686 3.78682 3.53468 54.4796 510.256
201.231 60.4742 3.87773 3.66499 39.303 497.029
204.11 60.6801 3.87366 3.61314 30.957 547.655
205.516 60.8132 3.83707 3.49615 48.9035 581.512
207.791 61.2001 3.86275 3.6879 43.5178 636.461
215.402 61.6061 3.89363 3.49826 35.0784 948.314
222.911 61.4593 3.87974 3.75127 40.2221 1310.92
224.22 61.4862 3.86535 3.7042 54.7182 1372.07
226.918 61.1512 3.87333 3.79445 46.5239 1517.84
198.736 59.2533 3.86073 3.56202 59.8907 602.244
200.175 59.1767 3.79626 3.80572 43.1677 621.589
201.907 59.5938 3.81754 3.5588 69.4401 602.058
204.792 59.8542 3.84991 3.63897 34.4708 645.548
205.68 60.1952 3.80946 3.62077 30.9624 641.443
207.376 60.0815 3.80689 3.73629 40.7317 709.735
210.276 60.4814 3.8394 3.80359 29.5646 790.859
219.809 60.7718 3.9028 3.43568 28.3231 1200.39
221.424 60.3024 3.91443 3.36843 17.6568 1303.32
190.452 56.6011 3.83145 3.7354 35.9011 979.351
202.009 59.0314 3.82635 3.63292 51.5685 663.32
206.768 59.6524 3.80608 3.57225 47.8601 726.19
212.597 59.9979 3.83025 3.60559 43.8235 923.447
222.262 59.6304 3.84385 3.51607 35.0786 1383.32
223.04 60.1218 3.88833 3.44211 21.8245 1390
226.285 59.5898 3.849 3.49458 22.0594 1575.24
227.183 60.2114 3.8906 3.73424 39.9511 1581.37
212.566 65.1171 3.79955 3.7191 87.0373 702.059
207.606 58.6097 3.80019 3.7016 35.8902 848.891
213.66 59.4296 3.86559 3.59134 41.6924 1010.15
227.731 58.9601 3.84946 3.523 35.7298 1682.76
202.426 57.5673 3.79185 3.59337 43.848 826.527
224.26 58.4133 3.86662 3.4836 20.5146 1555.74
197.939 55.703 3.83449 3.73196 59.4544 995.522
200.447 56.2848 3.83273 3.6628 26.1944 942.139
223.768 57.9616 3.85827 3.56091 35.4539 1564.21
225.424 57.4688 3.88132 3.56064 21.7071 1675.27
228.869 57.9128 3.86813 3.55564 21.5115 1805.12
229.75 56.9811 3.86277 3.53397 20.5429 1911.13
212.138 64.8735 3.72956 3.70308 18.1182 683.468
210.428 68.6408 3.91797 3.5796 100.794 714.406
226.879 56.1146 3.86694 3.59813 29.8921 1841.63
209.931 62.7622 3.32255 2.53595 49.5984 635.956
211.063 63.7323 3.90252 3.75418 92.5534 653.171
211.14 63.4057 3.93769 3.83089 58.094 667.065
218.547 60.1369 3.84284 4.22706 34.8138 1179.35
217.908 60.4896 3.84682 3.48758 22.3535 1128.26
217.507 60.403 3.82446 3.51623 23.5187 1115.02
218.338 61.0595 3.89619 3.38659 21.3703 1115.26
216.296 60.3923 3.8406 3.60457 29.5559 1060.3
216.716 60.1205 3.84273 3.5855 25.1991 1096.68
215.271 60.5805 3.82851 3.57665 35.0503 1001.92
216.679 60.2805 3.8387 3.60925 25.9766 1084.77
218.244 60.7315 3.86495 3.40534 19.7913 1129.5
217.659 60.602 3.83491 3.47846 24.0345 1109.97
216.749 60.4427 3.83823 3.54905 31.8608 1077.8
217.639 60.9231 3.88018 3.37846 46.1936 1090.3
218.995 60.8241 3.89004 3.37726 33.2582 1159.25
216.976 61.3836 3.88483 3.39177 42.7539 1033.78
218.049 60.1785 3.83366 3.50646 27.7952 1153.87
216.031 60.2361 3.83555 3.74639 29.8375 1058.22
217.533 61.187 3.88823 3.36902 32.4003 1070.54
218.652 60.2994 3.8493 3.46184 15.8815 1174.19
219.217 60.1294 3.86294 3.47003 35.1539 1210.76
216.221 60.072 3.85199 3.66088 33.5373 1077.47
218.856 60.4399 3.87902 3.39876 16.9757 1175.14
216.546 61.2275 3.8791 3.39931 35.342 1022.21
