# evlo=201.040695 evla=61.0224
194.627 64.5646 3.87878 3.68171 63.077 512.338
217.908 60.4896 3.816 3.61193 117.34 919.019
217.654 61.036 3.80881 3.57193 78.4419 895.658
217.507 60.403 3.82105 3.59213 62.889 899.23
218.338 61.0595 3.80865 3.56302 89.4618 931.986
220.363 59.9534 3.82832 3.59779 116.495 1064.98
216.3 60.3932 3.81338 3.59456 46.3413 834.227
225.144 58.5792 3.85689 3.70816 75.4317 1371.84
216.716 60.1205 3.83671 3.65798 57.2115 863.288
215.395 60.9677 3.82678 3.58846 100.766 775.259
209.013 64.0997 3.89017 3.66342 138.913 533.896
209.259 59.7417 3.85183 3.74113 104.593 474.82
210.701 64.1732 3.87324 3.60925 50.0455 606.922
212.195 64.6453 3.86791 3.56967 102.011 695.71
204.378 55.8218 3.82959 3.84197 15.9553 611.007
200.411 54.831 3.88357 3.65608 39.4967 690.574
209.796 67.2269 3.82902 3.64266 64.3008 810.917
216.907 60.7523 3.82807 3.58238 68.4751 859.96
218.66 60.9649 3.80209 3.57548 103.029 950.665
209.738 62.4058 3.81068 3.62462 226.425 484.666
217.513 60.0823 3.82964 3.61502 87.8185 907.377
212.624 63.0753 3.85046 3.61283 136.9 646.622
214.225 61.1292 3.8196 3.55204 88.7574 710.569
215.93 63.6482 3.86912 3.61819 58.7736 822.888
214.25 60.5487 3.82562 3.62477 172.035 720.236
196.582 54.8564 3.84336 3.59351 35.5382 735.355
213.401 60.7277 3.81459 3.58987 143.897 671.229
214.766 66.5657 3.86214 3.68963 54.4039 912.689
188.296 63.7758 3.84298 3.78865 33.1669 725.314
211.074 61.771 3.81746 3.56389 103.411 541.982
216.188 61.4417 3.81395 3.52154 124.53 813.082
212.904 60.8792 3.80087 3.63683 111.862 642.21
215.271 60.5805 3.82016 3.63847 73.3344 774.783
216.679 60.2805 3.82566 3.65827 75.6462 857.317
218.244 60.7315 3.81271 3.60828 79.1167 932.308
213.052 64.4091 3.88259 3.62654 88.1499 719.522
213.497 60.396 3.81972 3.5863 78.9149 682.627
215.738 60.3351 3.82437 3.64178 71.6624 805.16
217.659 60.6024 3.81661 3.56327 86.9066 903.266
225.615 58.2758 3.86506 3.76762 61.6354 1410.13
215.581 59.9268 3.8316 3.63357 68.1049 807.242
216.749 60.4427 3.82521 3.6269 92.1488 857.426
217.639 60.9231 3.81109 3.56411 142.073 896.549
214.077 61.4924 3.80927 3.48709 161.589 700.441
211.542 61.4131 3.8037 3.54768 144.113 565.339
209.077 63.5527 3.89659 3.69144 103.745 502.929
218.995 60.824 3.80173 3.55683 89.7053 971.016
216.976 61.3836 3.81511 3.5134 106.667 855.52
211.063 63.7318 3.89737 3.62445 123.502 599.189
218.049 60.1785 3.83056 3.62182 99.4693 933.898
216.031 60.2361 3.82444 3.63324 86.2786 823.341
217.533 61.1871 3.8113 3.52718 120.642 887.237
218.652 60.2994 3.82533 3.60956 82.265 963.477
211.14 63.4056 3.87603 3.67816 131.318 587.899
219.217 60.1294 3.82412 3.62062 68.3268 998.26
218.856 60.4399 3.81238 3.60691 70.0226 971.204
216.546 61.2275 3.80978 3.52852 153.98 833.98
207.417 57.7828 3.78644 3.71975 58.3627 510.857
198.929 70.2043 3.85241 3.68872 47.8246 1028.25
203.383 71.3221 3.86835 3.63107 50.329 1153.13
205.026 71.0033 3.91741 3.64498 48.2995 1126.93
198.198 69.3641 3.85075 3.71577 33.6185 939.277
202.84 70.0079 3.87291 3.5919 58.8861 1005.22
205.387 69.6211 3.90475 3.70159 62.1701 979.283
206.58 70.34 3.91169 3.64758 76.2198 1068.61
194.656 68.2746 3.83164 3.64795 54.9601 863.103
196.822 68.4753 3.86217 3.61906 31.3709 854.35
198.806 68.6483 3.83877 3.67651 80.1122 856.655
200.413 69.1049 3.84588 3.65687 54.3039 901.61
205.217 69.1565 3.90064 3.64053 75.2607 927.376
209.387 69.836 3.89598 3.71181 72.4017 1054.05
211.299 69.72 3.85017 3.61548 65.4533 1077.48
215.088 69.9175 3.8587 3.74066 95.1997 1180.08
216.289 69.626 3.86018 3.80605 86.1403 1186.71
235.93 69.3475 3.96258 3.72125 50.8841 1842.84
196.917 67.6988 3.84621 3.71554 39.0425 770.071
201.885 68.4946 3.8821 3.61982 55.311 834.009
203.387 68.7132 3.90312 3.66173 86.3926 864.47
207.318 68.8799 3.89528 3.73244 67.1424 923.769
209.319 68.9656 3.86615 3.69573 72.3752 965.941
211.177 69.1532 3.83374 3.6181 72.1461 1021.16
213.625 69.322 3.8384 3.70014 112.214 1092.66
219.035 69.243 3.87683 3.67755 48.7009 1237.12
221.263 69.3286 3.8648 3.60269 48.9457 1313.27
198.174 67.082 3.79615 3.76251 58.4861 689.685
199.397 67.4213 3.83638 3.62646 56.6416 717.733
202.768 67.4572 3.87211 3.74106 53.5371 722.162
203.811 68.2575 3.89859 3.68392 96.331 817.213
206.028 68.4414 3.89095 3.80305 50.7952 859.903
208.187 68.1343 3.85162 3.7132 57.1589 862.337
210.384 68.0584 3.82759 3.62061 57.1202 901.29
211.513 68.0748 3.82307 3.64432 78.3581 930.283
214.432 68.1207 3.88559 3.7986 90.1481 1014.48
218.405 68.1861 3.88308 3.64411 62.6693 1145.29
220.465 68.6043 3.87302 3.60898 68.8881 1241.49
223.281 66.3701 3.9126 3.63733 67.409 1241.64
193.671 65.4742 3.9057 3.73399 35.8108 618.297
198.75 66.442 3.83094 3.68119 54.1408 614.541
200.349 66.6001 3.80119 3.53357 63.1307 622.692
202.227 66.8332 3.88141 3.70216 70.325 650.342
204.275 67.0486 3.85603 3.78874 87.7881 689.895
206.517 67.2221 3.83569 3.72781 115.944 740.165
207.821 67.5076 3.85634 3.68078 60.3444 793.082
212.113 67.5187 3.86187 3.75399 74.2133 898.519
214.357 67.5933 3.8915 3.83442 129.145 971.598
215.855 67.6946 3.88366 3.75196 109.249 1027.08
220.128 67.6136 3.86838 3.73206 115.618 1171.77
224.214 67.6106 3.89419 3.72778 76.0724 1327.81
226.258 67.441 3.9069 3.73035 73.6969 1402.97
195.961 64.9941 3.84174 3.64723 61.6921 511.68
197.645 65.3936 3.81309 3.70602 53.7308 516.132
199.349 65.5011 3.83999 3.57603 72.9372 506.354
201.346 65.895 3.90095 3.73159 82.837 543.353
202.913 66.1434 3.84725 3.76142 84.9862 578.297
206.494 66.5156 3.85052 3.6583 80.2535 668.258
208.493 66.9214 3.85348 3.59913 70.9271 750.942
209.976 66.7108 3.84173 3.74784 105.825 769.831
212.525 66.7004 3.88262 3.89564 87.4637 845.668
213.899 66.7653 3.87448 3.79616 96.4168 896.018
216.215 66.9498 3.85346 3.66776 79.9291 989.547
218.345 66.8088 3.84733 3.72853 92.968 1060.51
221.978 66.9116 3.90211 3.72491 62.8025 1208.76
223.778 66.9808 3.90978 3.67209 63.403 1284.81
225.729 66.9227 3.91008 3.67905 49.502 1363.53
203.551 65.5276 3.8373 3.73252 115.534 517.635
205.119 65.4924 3.88091 3.70043 85.261 538.45
207.195 65.6571 3.86208 3.67503 109.128 600.959
208.623 65.8937 3.83094 3.71284 103.383 660.732
210.457 65.8251 3.84176 3.81671 154.434 711.067
212.122 65.8371 3.88358 3.80297 68.0774 768.771
214.181 66.267 3.87836 3.61013 43.048 871.992
218.473 66.2305 3.88277 3.70592 73.2018 1035.77
221.631 66.2191 3.90218 3.65183 89.1229 1166.17
225.657 65.8052 3.91188 3.61144 49.698 1329.11
214.843 62.3987 3.82444 3.59396 130.063 744.48
213.052 64.4091 3.88259 3.62654 88.1499 719.522
205.522 64.7962 3.87401 3.77859 60.1859 478.071
208.018 65.18 3.87206 3.76183 77.4326 581.445
210.64 65.1479 3.89321 3.8185 144.362 667.043
216.846 65.3064 3.89919 3.72775 73.5126 924.824
218.385 65.6035 3.89923 3.70746 82.9402 1003.45
220.064 65.4483 3.88786 3.62097 77.0041 1070.16
221.694 65.3609 3.91128 3.63839 51.6731 1139.7
223.623 65.2225 3.89234 3.61572 81.9473 1223.52
214.63 64.613 3.88719 3.69821 75.2544 797.853
216.436 64.5012 3.88041 3.61613 105.263 873.863
221.784 64.453 3.87193 3.62 28.8776 1121.23
221.784 64.4525 3.86085 3.59718 86.8788 1121.19
223.67 64.5753 3.87228 3.66386 79.5053 1212.79
214.222 63.8036 3.88929 3.63247 84.2346 746.685
217.924 64.0292 3.86004 3.62516 68.0601 928.297
222.48 63.8433 3.86625 3.63096 88.8893 1144.99
216.652 63.0254 3.84757 3.63915 107.025 844.937
218.173 63.0618 3.84848 3.63747 106.929 921.739
221.871 63.109 3.85347 3.6008 88.7687 1108.4
209.88 61.7531 3.78646 3.58374 205.653 478.98
212.274 61.7929 3.8052 3.53393 123.469 605.32
213.825 62.1067 3.80973 3.56077 175.954 688.891
217.004 62.4013 3.82294 3.52838 136.318 855.879
218.122 62.3579 3.81887 3.51156 165.343 913.482
221.538 62.4435 3.82811 3.56777 134.393 1090.15
223.206 62.5763 3.84112 3.54709 188.161 1175.82
225.609 62.2024 3.83915 3.55734 135.818 1302.33
215.402 61.6061 3.8061 3.51994 116.849 770.517
222.911 61.4593 3.81361 3.54846 128.105 1169.9
224.22 61.4862 3.81165 3.57874 135.344 1238.66
226.918 61.1512 3.81773 3.58473 84.8935 1387.3
210.276 60.4814 3.80946 3.58174 90.1355 506.749
219.809 60.7718 3.81013 3.55358 131.885 1015.7
223.909 60.7704 3.80357 3.54469 118.419 1235.4
190.452 56.6011 3.84646 3.74822 23.9136 783.915
212.597 59.9979 3.84546 3.65253 130.883 644.173
222.262 59.6304 3.83327 3.63727 125.271 1177.35
223.04 60.1218 3.81874 3.54406 139.871 1204.74
226.285 59.5898 3.8139 3.59049 127.223 1395.86
227.183 60.2114 3.81285 3.56406 129.84 1424.76
212.566 65.1171 3.86625 3.60382 95.8828 738.279
213.66 59.4296 3.88347 3.67795 70.8642 720.264
227.731 58.9601 3.83123 3.59866 75.0836 1496.51
224.26 58.4133 3.86732 3.74213 70.951 1331
229.033 59.3946 3.81035 3.60428 103.354 1550.56
197.939 55.703 3.89316 3.71394 55.7867 619.511
200.447 56.2848 3.82992 3.65974 71.2034 528.835
228.869 57.9128 3.85354 3.71054 103.626 1602.18
210.428 68.6408 3.82199 3.57051 74.2169 956.747
228.385 55.3279 3.89444 3.68114 46.0023 1713.82
209.931 62.7622 3.86121 2.69833 143.614 505.558
211.063 63.7323 3.89767 3.62474 123.502 599.235
211.14 63.4057 3.87606 3.67819 131.318 587.904
218.547 60.1369 3.88269 4.5001 72.5025 961.851
217.908 60.4896 3.816 3.61193 117.34 919.019
217.507 60.403 3.82105 3.59213 62.889 899.23
218.338 61.0595 3.80867 3.56304 89.4618 931.992
216.296 60.3923 3.81263 3.59385 46.3413 834.063
216.716 60.1205 3.83671 3.65798 57.2115 863.288
215.271 60.5805 3.82016 3.63847 73.3344 774.783
216.679 60.2805 3.82566 3.65827 75.6462 857.317
218.244 60.7315 3.81271 3.60828 79.1167 932.308
217.659 60.602 3.81653 3.5632 86.9066 903.248
216.749 60.4427 3.82521 3.6269 92.1488 857.426
217.639 60.9231 3.81105 3.56406 142.073 896.539
218.995 60.8241 3.80173 3.55682 89.7053 971.014
216.976 61.3836 3.81511 3.5134 106.667 855.52
218.049 60.1785 3.83056 3.62182 99.4693 933.898
216.031 60.2361 3.82444 3.63324 86.2786 823.341
217.533 61.187 3.81135 3.52723 120.642 887.249
218.652 60.2994 3.82533 3.60956 82.265 963.477
219.217 60.1294 3.82412 3.62062 68.3268 998.26
218.856 60.4399 3.81238 3.60691 70.0226 971.204
216.546 61.2275 3.80978 3.52852 153.98 833.98
