# evlo=219.809402 evla=60.771801
194.627 64.5646 3.8673 3.39827 42.5113 1347.47
209.013 64.0997 3.93881 3.32326 66.5502 668.393
209.094 59.7511 3.86449 3.6049 149.452 603.295
209.259 59.7417 3.86039 3.59432 157.305 594.645
210.701 64.1732 3.90112 3.25358 24.2934 602.775
208.846 60.7683 3.79503 3.49702 96.6716 596.786
207.916 63.4188 3.93795 3.45299 49.8672 686.376
212.195 64.6453 3.80549 3.37077 42.3358 580.834
204.378 55.8218 3.8825 3.69493 71.4535 1055.87
200.411 54.831 3.90266 3.52284 53.9089 1322.48
208.763 59.5251 3.87215 3.60246 168.832 628.349
209.796 67.2269 3.82539 3.56055 84.4443 868.295
209.738 62.4058 3.88612 3.46513 86.207 564.298
196.582 54.8564 3.86512 3.67081 24.2694 1518.85
209.784 61.1426 3.79987 3.47311 124.78 544.231
214.766 66.5657 3.80832 3.56444 39.127 691.915
188.296 63.7758 3.84395 3.52913 30.5455 1652.23
211.074 61.771 3.81098 3.45175 116.274 481.255
213.052 64.4091 3.78978 3.41253 40.2076 533.198
208.348 59.6572 3.86199 3.60539 118.714 646.513
209.077 63.5527 3.95937 3.49947 42.9402 638.376
211.063 63.7318 3.97599 3.26895 67.8835 560.859
209.256 65.0304 3.83468 3.49464 55.4727 714.798
210.931 64.5928 3.84842 3.35182 55.1442 622.047
191.145 52.9721 3.87703 3.62587 36.7737 1930.63
207.417 57.7828 3.8676 3.49044 89.7421 779.469
198.929 70.2043 3.85304 3.62616 21.9474 1414.31
234.753 71.9871 3.97919 3.76798 45.6813 1408.86
198.198 69.3641 3.86491 3.62805 42.5434 1383.14
194.656 68.2746 3.85411 3.63298 27.9086 1452.5
196.822 68.4753 3.85756 3.67398 42.835 1381.19
198.806 68.6483 3.877 3.75684 45.8385 1320.01
205.217 69.1565 3.83641 3.57781 20.6908 1155.19
211.299 69.72 3.83187 3.57515 54.2449 1071.67
216.289 69.626 3.81647 3.53697 48.1304 1000.45
235.93 69.3475 3.95401 3.74378 68.2746 1212.79
196.917 67.6988 3.83433 3.54528 22.8006 1340.17
201.885 68.4946 3.86178 3.64307 55.3125 1206.33
203.387 68.7132 3.83235 3.59442 30.9947 1173.94
207.318 68.8799 3.82321 3.54909 31.5137 1076.68
209.319 68.9656 3.83337 3.60872 55.7647 1036.87
211.177 69.1532 3.828 3.58337 43.5658 1017.29
213.625 69.322 3.81966 3.66201 54.9477 995.567
219.035 69.243 3.86918 3.63265 46.0956 945.152
221.263 69.3286 3.89522 3.58253 28.8995 956.4
199.397 67.4213 3.8153 3.63908 34.4518 1231.49
202.768 67.4572 3.81875 3.78484 48.4165 1109.15
203.811 68.2575 3.83879 3.6108 30.0069 1127.75
206.028 68.4414 3.82983 3.48298 20.8815 1074.85
208.187 68.1343 3.84068 3.49479 26.662 989.834
211.513 68.0748 3.81068 3.57485 79.3931 905.213
218.405 68.1861 3.8578 3.55348 45.8106 829.274
220.465 68.6043 3.87475 3.62319 38.5966 873.768
222.103 68.3889 3.91241 3.77603 49.4437 856.127
223.281 66.3701 3.94765 3.616 57.1621 647.191
193.671 65.4742 3.86234 3.48281 34.9043 1406.43
195.352 65.7077 3.87427 3.5119 31.8614 1335.44
202.227 66.8332 3.84846 3.59871 19.5941 1092.29
204.275 67.0486 3.80359 3.71712 36.1101 1029.75
206.517 67.2221 3.81965 3.72392 65.6922 965.698
207.821 67.5076 3.83758 3.63982 53.9661 947.695
212.113 67.5187 3.8364 3.58702 67.0798 838.845
214.357 67.5933 3.7816 3.67642 65.6037 804.584
215.855 67.6946 3.78156 3.60746 52.7766 794.857
220.128 67.6136 3.87507 3.61451 45.7886 762.875
224.214 67.6106 3.94475 3.61688 35.1537 791.374
226.258 67.441 3.94447 3.7076 73.8245 806.189
195.961 64.9941 3.91258 3.48429 23.7523 1291.7
197.645 65.3936 3.8921 3.4634 35.3921 1224.21
199.349 65.5011 3.8635 3.43684 21.6695 1151.6
201.346 65.895 3.88193 3.47702 24.7533 1080.9
202.913 66.1434 3.86644 3.49226 30.5418 1028.54
206.494 66.5156 3.79282 3.58809 55.8989 915.924
208.493 66.9214 3.816 3.75929 50.1845 880.416
209.976 66.7108 3.81609 3.68574 110.547 819.038
212.525 66.7004 3.84924 3.55129 72.6142 751.362
213.899 66.7653 3.81611 3.55608 38.373 728.227
216.215 66.9498 3.78871 3.62417 41.9485 710.715
218.345 66.8088 3.84231 3.54768 52.3748 676.778
221.978 66.9116 3.83439 3.67631 39.3436 692.589
223.778 66.9808 3.92768 3.66659 42.637 718.751
225.729 66.9227 3.96444 3.71559 65.311 744.182
197.761 64.6379 3.9028 3.43568 28.3231 1200.39
201.637 65.1527 3.88381 3.34301 33.6367 1038.17
203.551 65.5276 3.8642 3.49193 25.0534 971.786
205.119 65.4924 3.93125 3.55319 27.8345 905.348
207.195 65.6571 3.82924 3.62384 44.5674 833.499
208.623 65.8937 3.77868 3.62963 42.5068 797.813
210.457 65.8251 3.76979 3.63988 60.2309 731.494
212.122 65.8371 3.8144 3.68953 67.3694 682.611
214.18 66.267 3.8283 3.60593 26.305 672.952
214.181 66.267 3.81301 3.59123 42.9528 672.932
218.473 66.2305 3.82033 3.62418 45.1678 612.066
221.631 66.2191 3.86327 3.44311 47.6502 613.881
225.657 65.8052 3.85084 3.61294 92.64 632.53
213.052 64.4091 3.78978 3.41253 40.2076 533.198
205.522 64.7962 3.89334 3.38327 33.0176 853.384
208.018 65.18 3.87876 3.36168 39.9215 771.892
210.64 65.1479 3.77486 3.66534 46.2732 672.85
216.846 65.3064 3.82889 3.53618 45.6256 527.07
218.385 65.6035 3.81624 3.61067 46.172 543.281
220.064 65.4483 3.81073 3.48881 34.8584 521.415
221.694 65.3609 3.908 3.67009 53.238 520.248
223.623 65.2225 3.86063 3.67642 84.9737 532.172
196.446 62.7492 3.83749 3.64134 69.942 1246.09
199.398 63.2842 3.86404 3.53841 70.5038 1099.39
200.922 63.3965 3.89491 3.57225 37.7682 1025.04
204.379 63.994 3.88719 3.36891 34.6834 872.554
205.853 64.1767 3.91707 3.3704 47.1217 811.414
214.63 64.613 3.77473 3.71056 69.7733 503.251
195.344 61.9331 3.8193 3.64513 90.5002 1307.54
198.469 62.2938 3.8344 3.58561 86.6042 1142.48
201.699 62.7161 3.84687 3.53784 54.2976 977.625
205.93 63.3569 3.88401 3.49068 82.5434 778.861
197.317 61.3416 3.82143 3.58506 98.847 1210.46
198.513 61.678 3.82928 3.56609 98.025 1143.4
200.525 61.7105 3.81289 3.52941 102.327 1036.9
201.703 62.1344 3.8226 3.5425 85.8211 974.264
203.311 62.2195 3.83372 3.5836 82.2204 890.844
205.146 62.1816 3.81689 3.56455 117.157 795.301
206.12 62.4787 3.83234 3.59066 110.107 749
193.799 60.3849 3.82173 3.57613 110.239 1417.29
196.65 60.4135 3.81893 3.57027 108.164 1263.15
198.04 60.7515 3.82035 3.61244 115.551 1181.26
199.312 60.6947 3.81707 3.56578 100.458 1113.86
201.041 61.0224 3.81013 3.55358 131.885 1015.7
202.562 61.4009 3.81739 3.61367 89.6427 930.55
204.176 61.4907 3.80491 3.59002 88.8342 844.146
205.609 61.9037 3.80448 3.50983 81.2398 768.982
209.88 61.7531 3.81886 3.46334 126.422 543.375
198.315 59.9237 3.82469 3.53851 89.4343 1185.18
199.908 60.1686 3.81739 3.54203 161.236 1092.55
201.231 60.4742 3.8183 3.53882 141.458 1014.26
202.813 60.5269 3.81265 3.53823 125.875 927.537
204.11 60.6801 3.81647 3.55822 132.51 854.765
205.516 60.8132 3.80058 3.55931 124.387 776.883
207.791 61.2001 3.79728 3.4724 156.365 651.389
198.736 59.2533 3.83584 3.54115 105.723 1182.28
200.175 59.1767 3.86043 3.55738 97.3253 1106.41
201.907 59.5938 3.83582 3.53856 117.676 998.885
202.905 59.7733 3.83831 3.5736 147.035 939.402
204.792 59.8542 3.83383 3.57853 129.958 834.443
205.68 60.1952 3.82686 3.59264 123.876 778.024
207.376 60.0815 3.83086 3.56098 136.557 688.083
210.276 60.4814 3.81389 3.61932 135.653 522.418
190.452 56.6011 3.861 3.61555 31.8516 1748.43
202.009 59.0314 3.86087 3.57292 155.867 1011.56
203.561 59.1953 3.86323 3.59437 123.783 921.46
204.771 59.3922 3.85903 3.62057 204.773 849.094
206.768 59.6524 3.85658 3.63004 138.504 732.445
212.566 65.1171 3.76272 3.63643 54.0326 607.319
203.344 58.6774 3.88017 3.63273 128.178 952.507
204.113 58.2637 3.8922 3.65721 94.1005 928.819
204.991 58.6484 3.88541 3.65137 138.714 864.848
206.355 58.9287 3.87835 3.65436 109.987 780.018
207.606 58.6097 3.89369 3.59096 146.8 727.001
227.731 58.9601 3.87962 3.7249 97.8173 487.142
202.426 57.5673 3.91066 3.59611 86.1046 1052.56
203.613 57.6397 3.90668 3.55612 73.8314 985.791
205.548 57.5665 3.86693 3.49873 46.8981 888.064
229.033 59.3946 3.78982 3.57998 173.241 535.289
197.939 55.703 3.85686 3.68172 66.3884 1394.71
200.447 56.2848 3.85279 3.59002 35.3225 1227.86
225.424 57.4688 3.89578 3.29695 29.8054 488.316
228.869 57.9128 3.92524 3.57379 72.1485 605.193
229.75 56.9811 3.94841 3.59518 44.0865 710.904
210.428 68.6408 3.82671 3.61164 51.012 982.311
226.879 56.1146 3.75837 3.65832 48.321 662.235
229.974 55.9154 3.9654 3.454 33.6067 802.764
228.385 55.3279 3.78048 3.77975 37.368 788.699
227.653 56.4191 3.83505 3.48725 19.9411 664.803
211.063 63.7323 3.97604 3.26899 67.8835 560.866
