# evlo=212.596893 evla=59.997898
225.449 60.24 3.81288 3.53942 46.1082 713.954
194.627 64.5646 3.84063 3.64375 53.3647 1057.51
225.144 58.5792 3.84456 3.83269 108.67 731.166
209.013 64.0997 3.91811 3.57564 66.8624 493.905
210.701 64.1732 3.9539 3.57015 42.0044 475.699
212.195 64.6453 3.87393 3.45795 83.0941 518.372
200.411 54.831 3.89925 3.63078 43.5701 928.959
207.685 63.8827 3.94839 3.62973 65.3675 503.604
209.796 67.2269 3.82281 3.49976 57.6481 817.501
196.582 54.8564 3.89663 3.59844 34.576 1115.33
214.766 66.5657 3.86819 3.63615 30.8638 740.016
188.296 63.7758 3.83425 3.67182 47.4205 1335.97
213.052 64.4091 3.88152 3.53658 51.8385 492.189
225.615 58.2758 3.84542 3.89807 120.208 768.154
197.4 66.8951 3.86955 3.52722 17.7103 1074.41
211.768 64.9602 3.89946 3.54683 62.6635 554.7
209.256 65.0304 3.9047 3.48393 60.1651 586.5
210.931 64.5928 3.94948 3.56496 57.2554 519.303
191.145 52.9721 3.87857 3.64983 50.9347 1525.59
212.138 64.8736 3.89191 3.50973 63.1626 543.919
203.383 71.3221 3.8713 3.47898 30.9664 1328.34
234.753 71.9871 3.95781 3.72982 41.1154 1652.25
202.84 70.0079 3.8209 3.62533 20.1638 1203.71
196.822 68.4753 3.90845 3.57532 41.843 1208.75
209.387 69.836 3.88922 3.65525 50.0854 1106.93
211.299 69.72 3.87204 3.48299 31.0296 1085.59
215.088 69.9175 3.88418 3.67629 58.2837 1111.95
216.289 69.626 3.8814 3.65047 51.5847 1087.16
235.93 69.3475 3.94698 3.68083 42.9306 1508.14
201.885 68.4946 3.86131 3.7969 49.9303 1076.85
209.319 68.9656 3.8727 3.61942 61.9016 1011.74
211.177 69.1532 3.86724 3.51936 52.6825 1022.87
213.625 69.322 3.87519 3.6452 35.4284 1040.63
219.035 69.243 3.8358 3.55666 55.5244 1074.32
221.263 69.3286 3.84796 3.60107 53.4737 1117.03
199.397 67.4213 3.88112 3.46967 26.5831 1049.37
210.384 68.0584 3.85327 3.48651 46.4264 904.901
211.513 68.0748 3.85451 3.5319 48.0283 901.908
214.432 68.1207 3.88327 3.66419 50.187 909.827
218.405 68.1861 3.84416 3.53406 39.0958 954.73
220.465 68.6043 3.83665 3.56973 64.3292 1030.34
222.103 68.3889 3.86893 3.66041 65.1525 1040.54
223.281 66.3701 3.88742 3.67944 73.3019 888.502
193.671 65.4742 3.79759 3.65565 60.3274 1137.31
195.352 65.7077 3.79551 3.66942 48.6834 1078.82
198.75 66.442 3.88734 3.63141 34.7185 996.236
202.227 66.8332 3.88377 3.69259 33.7842 918.747
204.275 67.0486 3.84181 3.76315 42.9992 886.635
206.517 67.2221 3.91804 3.55825 27.0373 858.958
212.113 67.5187 3.88806 3.57906 48.1457 838.697
214.357 67.5933 3.86992 3.65394 66.802 851.029
215.855 67.6946 3.86477 3.6029 74.9333 872.522
220.128 67.6136 3.84827 3.59323 38.7281 924.951
224.214 67.6106 3.89762 3.66576 69.919 1020.01
226.258 67.441 3.9256 3.67755 78.8091 1064.88
195.961 64.9941 3.84204 3.55159 37.8744 1017.67
197.645 65.3936 3.81329 3.61576 26.3078 969.407
199.349 65.5011 3.82656 3.71136 33.827 910.332
201.346 65.895 3.8945 3.56796 36.9524 868.23
208.493 66.9214 3.89274 3.63994 30.6414 798.009
209.976 66.7108 3.85505 3.51395 53.5301 759.508
212.525 66.7004 3.88146 3.61326 49.3299 747.113
213.899 66.7653 3.88567 3.63717 44.6296 757.103
216.215 66.9498 3.85857 3.60634 55.2568 795.298
218.345 66.8088 3.84758 3.52574 64.8132 810.906
221.978 66.9116 3.85868 3.68694 72.5165 899.46
223.778 66.9808 3.89723 3.66308 85.3947 954.155
197.761 64.6379 3.83025 3.60559 43.8235 923.447
200.087 64.937 3.85888 3.70617 28.2541 845.68
201.637 65.1527 3.83169 3.50569 33.676 802.607
207.195 65.6571 3.95119 3.63836 59.323 687.655
208.623 65.8937 3.91007 3.64751 65.5942 687.085
210.457 65.8251 3.89241 3.42932 46.3017 658.446
212.122 65.8371 3.85282 3.60986 42.078 651.278
214.18 66.267 4.00557 3.61451 15.9877 703.266
214.181 66.267 3.85858 3.5473 84.8193 703.271
218.473 66.2305 3.81014 3.57011 66.2108 754.608
221.631 66.2191 3.85982 3.69215 78.0023 828.21
225.657 65.8052 3.8943 3.58701 67.7731 923.963
213.052 64.4091 3.88152 3.53658 51.8385 492.189
199.305 63.8864 3.80642 3.57437 49.1023 819.054
208.018 65.18 3.97468 3.61902 43.765 623.27
210.64 65.1479 3.90228 3.47808 43.0381 582.672
216.846 65.3064 3.83938 3.61852 45.4399 630.157
218.385 65.6035 3.83112 3.55312 61.3454 690.387
220.064 65.4483 3.82345 3.66074 96.393 716.543
221.694 65.3609 3.86411 3.67389 67.5081 756.409
223.623 65.2225 3.89617 3.63225 70.6657 810.034
196.446 62.7492 3.89492 3.6149 87.9703 913.467
199.398 63.2842 3.81018 3.48487 62.4957 787.748
200.922 63.3965 3.77391 3.50312 47.7869 723.062
203.285 63.465 3.80825 3.50431 55.7493 624.764
205.853 64.1767 3.90185 3.59864 51.0511 583.333
214.63 64.613 3.88391 3.62302 91.689 524.989
216.436 64.5012 3.84641 3.51789 72.7881 539.864
221.784 64.453 3.84334 3.5413 42.818 687.833
221.784 64.4525 3.8771 3.6346 80.5393 687.774
223.67 64.5753 3.86529 3.55116 88.0077 766.604
195.344 61.9331 3.86549 3.64556 53.2416 955.955
198.469 62.2938 3.90496 3.6559 44.4208 800.837
201.699 62.7161 3.89457 3.40856 43.2867 655.899
205.93 63.3569 3.8686 3.69211 73.7972 514.035
217.924 64.0292 3.84751 3.47314 53.4243 528.467
222.48 63.8433 3.84649 3.58826 138.957 671.962
197.317 61.3416 3.86077 3.66625 107.779 846.581
198.513 61.678 3.87936 3.69549 90.397 786.751
200.525 61.7105 3.89842 3.68439 88.4292 682.202
201.703 62.1344 3.92383 3.61568 84.8245 633.605
203.311 62.2195 3.93099 3.68378 81.5658 557.87
221.871 63.109 3.78609 3.57975 114.85 601.839
193.799 60.3849 3.83203 3.66589 83.0927 1040.21
196.65 60.4135 3.82472 3.67365 117.933 883.35
198.04 60.7515 3.83169 3.66102 99.0994 805.766
199.312 60.6947 3.82912 3.63192 101.48 736.374
201.041 61.0224 3.84546 3.65253 130.883 644.173
202.562 61.4009 3.899 3.70376 87.8835 569.267
204.176 61.4907 3.90949 3.7922 82.7314 488.069
221.538 62.4435 3.81639 3.47115 88.1505 551.64
223.206 62.5763 3.80181 3.51879 76.8616 636.282
225.609 62.2024 3.84327 3.48379 108.092 742.068
198.315 59.9237 3.82008 3.68708 129.077 796.376
199.908 60.1686 3.81942 3.6238 131.424 705.435
201.231 60.4742 3.82348 3.63231 130.745 631.131
202.813 60.5269 3.83609 3.56949 159.381 544.281
204.11 60.6801 3.86707 3.69126 121.76 474.474
222.911 61.4593 3.85654 3.55642 138.596 585.223
224.22 61.4862 3.86568 3.58763 149.41 654.358
226.918 61.1512 3.87012 3.64582 110.488 794.009
198.736 59.2533 3.83382 3.61834 112.79 785.069
200.175 59.1767 3.84472 3.64319 99.0066 706.6
201.907 59.5938 3.82775 3.60951 160.262 601.204
202.905 59.7733 3.8269 3.62836 178.139 542.741
221.424 60.3024 3.78623 3.68879 232.235 491.149
223.909 60.7704 3.8204 3.6227 333.801 629.007
190.452 56.6011 3.88322 3.60097 40.9611 1345.31
202.009 59.0314 3.85293 3.60617 133.498 608.316
203.561 59.1953 3.8632 3.64743 181.754 517.697
222.262 59.6304 3.81413 3.63169 145.184 543.384
223.04 60.1218 3.80167 3.60861 238.507 581.242
226.285 59.5898 3.8134 3.62695 154.414 768.523
227.183 60.2114 3.83723 3.65544 268.189 810.007
212.566 65.1171 3.89514 3.52504 84.2359 570.559
203.344 58.6774 3.9008 3.6578 183.69 546.221
204.113 58.2637 3.93043 3.67295 152.601 522.276
227.731 58.9601 3.82432 3.73007 146.584 863.529
202.426 57.5673 3.93984 3.61954 106.829 646.701
203.613 57.6397 3.95087 3.61743 99.1887 581.108
205.548 57.5665 3.88339 3.55908 68.6619 489.083
224.26 58.4133 3.87232 3.82095 109.757 688.32
225.482 58.2747 3.8501 3.89284 119.57 760.847
229.033 59.3946 3.82119 3.63301 158.722 925.545
197.939 55.703 3.89297 3.55709 77.887 990.128
200.447 56.2848 3.87089 3.55914 103.89 824.752
223.768 57.9616 3.88895 3.7713 155.515 680.307
228.869 57.9128 3.84243 3.78008 138.981 962.108
227.048 56.8144 3.89708 3.74392 89.8409 913.819
229.75 56.9811 3.85681 3.75849 122.992 1051.82
212.138 64.8735 3.96803 3.51282 38.3128 543.909
210.428 68.6408 3.85251 3.54277 60.1224 969.065
227.653 56.4191 3.91248 3.77548 107.322 967.929
