# evlo=227.653397 evla=56.419102
221.171 59.4924 4.06563 3.58965 16.3958 513.849
194.627 64.5646 3.86272 3.57625 31.2106 1998.41
217.654 61.036 3.93369 3.54109 34.5802 773.14
217.507 60.403 3.93503 3.62825 58.8369 739.421
218.338 61.0595 3.85919 3.55763 54.0334 745.837
220.363 59.9534 3.97951 3.52712 50.7949 581.538
216.3 60.3932 3.93062 3.64958 67.138 796.178
216.716 60.1205 3.92036 3.64594 126.693 761.46
215.395 60.9677 3.98911 3.69365 49.9833 870.714
209.013 64.0997 3.82279 3.67203 43.2807 1331.92
209.094 59.7511 3.8972 3.78538 129.003 1151.52
209.259 59.7417 3.89537 3.79099 100.915 1142.21
210.701 64.1732 3.83037 3.71383 34.5091 1267.57
208.846 60.7683 3.92286 3.68717 96.7169 1190.7
207.916 63.4188 3.83238 3.47306 39.0473 1342.77
212.195 64.6453 3.82921 3.69458 37.1026 1242.67
204.378 55.8218 3.92994 3.8631 57.5887 1442.32
200.411 54.831 3.92955 3.84511 87.4778 1713.85
207.685 63.8827 3.84364 3.54392 46.9476 1376.53
208.763 59.5251 3.8955 3.81599 161.391 1165.61
209.796 67.2269 3.83504 3.61311 43.9437 1516.81
216.907 60.7523 3.93786 3.5687 41.2807 788.107
218.66 60.9649 3.86859 3.59859 33.222 725.715
209.738 62.4058 3.92479 3.42639 29.0922 1210.2
217.513 60.0823 3.94473 3.63533 59.031 720.62
214.225 61.1292 3.9608 3.61294 23.9269 934.678
215.93 63.6482 3.84775 3.81872 55.989 1033.89
214.25 60.5487 3.95445 3.66666 108.199 904.702
196.582 54.8564 3.93844 3.81711 68.5246 1947.59
209.784 61.1426 3.92112 3.68002 68.0688 1154.68
214.766 66.5657 3.84532 3.66956 41.4176 1316.98
188.296 63.7758 3.86262 3.59835 35.149 2293.4
203.121 64.7461 3.85659 3.63677 27.5199 1617.17
211.074 61.771 3.905 3.63567 22.223 1116.99
215.271 60.5805 3.94352 3.66821 69.8324 855.912
216.679 60.2805 3.92846 3.63488 93.5533 771.765
218.244 60.7315 3.89497 3.62179 51.1103 727.087
213.052 64.4091 3.84527 3.71606 53.8091 1194.31
213.497 60.396 3.93138 3.73847 118.375 936.037
215.738 60.3351 3.91324 3.66159 75.0141 820.588
208.348 59.6572 3.89604 3.80103 109.773 1191.04
217.659 60.6024 3.92826 3.58711 67.0913 744.638
215.581 59.9268 3.90953 3.79286 97.7771 809.073
216.749 60.4427 3.93224 3.6125 120.457 777.366
217.639 60.9231 3.92798 3.59072 47.7817 766.216
214.077 61.4924 3.88439 3.57654 23.7851 961.248
211.542 61.4131 3.9235 3.63899 52.1566 1077.95
197.4 66.8951 3.83843 3.72117 27.8792 1950.93
209.077 63.5527 3.8061 3.50164 35.7727 1298.52
217.277 60.2474 3.9307 3.61174 58.6581 741.223
218.995 60.824 3.84674 3.61276 38.9972 701.678
216.976 61.3836 3.899 3.54065 30.7504 825.586
211.063 63.7318 3.82058 3.62616 45.6916 1225.07
211.768 64.9602 3.83652 3.71568 47.8006 1280.85
218.049 60.1785 3.93103 3.63185 86.6218 700.676
209.256 65.0304 3.82116 3.64014 31.6373 1379.2
210.931 64.5928 3.8365 3.72479 36.6414 1286.19
216.031 60.2361 3.91605 3.66236 115.21 801.138
214.53 62.9699 3.80742 3.58672 66.721 1034.97
219.747 60.0959 3.97355 3.54515 61.2638 618.253
220.599 59.667 3.98238 3.64403 55.2953 551.28
214.475 65.5174 3.86673 3.71447 58.1896 1234.5
207.811 62.8962 3.87551 3.52489 19.1691 1322.79
215.323 60.3863 3.92835 3.61051 73.2751 843.632
215.154 63.7399 3.8425 3.83211 41.876 1068.33
218.652 60.2994 3.93733 3.51506 80.9606 680.507
219.217 60.1294 3.99597 3.54388 63.0535 644.025
211.668 61.807 3.90769 3.49364 48.2388 1090.41
212.671 61.832 3.87834 3.48833 38.955 1044.74
216.01 63.9761 3.84028 3.7659 49.4949 1057.73
214.792 60.5341 3.95231 3.66245 65.7737 877.106
205.816 56.5593 3.92428 3.86082 149.194 1339.66
208.468 61.98 3.926 3.56568 57.7536 1252.36
209.777 60.5117 3.91291 3.69529 133.815 1133.93
189.752 57.1766 3.88765 3.74999 114.664 2287.39
217.161 60.1791 3.9344 3.62722 94.8587 742.938
216.221 60.072 3.9187 3.7277 113.794 783.507
210.547 60.1043 3.90768 3.76924 124.013 1080.87
218.856 60.4399 3.93587 3.55052 43.5939 680.744
217.171 60.7541 3.95078 3.56317 51.2207 776.227
193.495 53.8452 3.92655 3.82045 86.36 2174.45
211.449 62.8295 3.83274 3.49984 40.5973 1154.8
211.462 62.6812 3.83281 3.50075 17.6241 1145.85
212.058 62.8349 3.84527 3.46916 28.526 1128.65
211.771 63.0624 3.84536 3.54199 18.8792 1154.51
211.152 62.8331 3.82811 3.49562 32.709 1168.04
217.147 60.448 3.95107 3.58651 80.1761 758.885
231.887 52.1847 3.78451 3.55151 54.8365 545.753
207.417 57.7828 3.9056 3.8907 304.286 1231.17
212.138 64.8736 3.82881 3.66742 56.6961 1261.27
203.383 71.3221 3.88216 3.71272 44.0631 2014.55
234.753 71.9871 3.93525 3.69533 36.6192 1766.48
198.198 69.3641 3.83065 3.60395 27.9986 2041.83
194.656 68.2746 3.88463 3.65967 19.4276 2116.93
200.413 69.1049 3.83228 3.6316 29.2762 1951.92
205.217 69.1565 3.85764 3.67746 28.3107 1801.97
211.299 69.72 3.85707 3.68817 28.3247 1684.9
215.088 69.9175 3.89028 3.70694 26.4847 1624.65
216.289 69.626 3.88484 3.71188 42.2087 1574.37
235.93 69.3475 3.96386 3.73573 37.012 1498.01
196.917 67.6988 3.87525 3.65546 35.0906 2004.83
201.885 68.4946 3.85698 3.61797 20.2714 1865.02
207.318 68.8799 3.85872 3.65862 25.9867 1718.99
213.625 69.322 3.8411 3.62472 29.6104 1596.6
219.035 69.243 3.90664 3.72728 35.8646 1491.82
198.174 67.082 3.83455 3.73715 34.3923 1927.86
199.397 67.4213 3.85573 3.6676 32.3201 1895.96
203.811 68.2575 3.84732 3.62386 21.8357 1784.73
208.187 68.1343 3.84608 3.66823 19.9753 1635.98
210.384 68.0584 3.83692 3.68477 34.3591 1565.62
214.432 68.1207 3.84833 3.70792 31.6383 1466.66
218.405 68.1861 3.872 3.69963 35.9381 1392.82
220.465 68.6043 3.88194 3.71847 45.3857 1405.36
223.281 66.3701 3.86463 3.66979 60.2257 1132.55
198.75 66.442 3.80522 3.68645 24.9686 1876.58
200.349 66.6001 3.83885 3.71984 36.4357 1818.71
202.227 66.8332 3.84522 3.67162 30.1434 1756.77
206.517 67.2221 3.85469 3.62671 32.2401 1624.03
212.113 67.5187 3.83417 3.76724 49.5575 1472.17
214.357 67.5933 3.83116 3.72939 36.7057 1419.99
215.855 67.6946 3.86356 3.77041 39.9253 1394.42
220.128 67.6136 3.88373 3.71071 43.0397 1306.05
195.961 64.9941 3.88459 3.5819 21.6614 1947.17
197.645 65.3936 3.86476 3.60012 24.7166 1883.65
201.346 65.895 3.80703 3.65013 22.6834 1744.88
202.913 66.1434 3.82138 3.62578 24.8804 1693.32
209.976 66.7108 3.86278 3.63767 41.4726 1471.67
212.525 66.7004 3.84098 3.67853 31.9768 1391.73
213.899 66.7653 3.84069 3.67395 27.2393 1358.08
216.215 66.9498 3.86059 3.75024 26.1223 1315.74
218.345 66.8088 3.88275 3.8195 71.6917 1255.58
221.978 66.9116 3.86753 3.68948 33.2683 1206.09
223.778 66.9808 3.88747 3.69657 32.1404 1194.14
200.087 64.937 3.85757 3.66255 25.3383 1758.9
205.119 65.4924 3.82103 3.57302 21.3414 1570.01
207.195 65.6571 3.83159 3.6505 41.3691 1497.86
210.457 65.8251 3.86326 3.74584 42.3122 1389.88
212.122 65.8371 3.87105 3.75752 59.004 1334.71
214.181 66.267 3.84196 3.64404 19.9613 1306.98
221.631 66.2191 3.87554 3.68873 31.3571 1137.42
214.843 62.3987 3.81675 3.47887 29.929 983.254
213.052 64.4091 3.84527 3.71606 53.8091 1194.31
199.305 63.8864 3.83894 3.47353 29.9271 1760.15
208.018 65.18 3.82155 3.6082 38.5657 1436.61
210.64 65.1479 3.83649 3.65397 45.4195 1335.13
216.846 65.3064 3.86239 3.67419 34.7343 1147.78
218.385 65.6035 3.86487 3.64321 45.6745 1136.86
220.064 65.4483 3.86979 3.69849 47.2837 1085.17
221.694 65.3609 3.8531 3.69838 45.6955 1046.46
196.446 62.7492 3.88201 3.67803 33.5334 1875.79
199.398 63.2842 3.84344 3.55313 26.4742 1739.44
204.379 63.994 3.84228 3.56312 23.5994 1528.47
205.853 64.1767 3.83997 3.59215 35.8757 1471.2
214.63 64.613 3.83105 3.73865 47.5021 1155.2
216.436 64.5012 3.82932 3.69861 53.9011 1088.29
221.784 64.453 3.81873 3.71232 27.3231 950.715
221.784 64.4525 3.87313 3.687 24.2037 950.674
195.344 61.9331 3.87216 3.69132 53.7476 1923.33
198.469 62.2938 3.8833 3.6581 40.0579 1765.49
205.93 63.3569 3.84258 3.5064 26.7899 1430.25
214.222 63.8036 3.85558 3.76949 47.2216 1106.86
217.924 64.0292 3.83307 3.66805 47.187 1002.38
222.48 63.8433 3.84143 3.64533 50.2782 875.017
198.513 61.678 3.87604 3.69527 39.0369 1754.38
200.525 61.7105 3.89008 3.66642 59.064 1649.28
201.703 62.1344 3.90693 3.64017 46.847 1596.75
203.311 62.2195 3.90346 3.62779 48.9152 1517.19
205.146 62.1816 3.89462 3.60657 56.3251 1423.99
206.12 62.4787 3.88512 3.57875 28.0507 1386.13
216.652 63.0254 3.80978 3.73699 46.4101 959.063
218.173 63.0618 3.83441 3.76898 68.094 910.124
221.871 63.109 3.85702 3.63695 61.3046 812.297
205.609 61.9037 3.90131 3.59867 42.3734 1392.05
206.868 61.8823 3.91897 3.5773 48.2115 1328
209.88 61.7531 3.92167 3.61461 41.9643 1174.01
212.274 61.7929 3.90084 3.5099 33.8667 1061.2
217.004 62.4013 3.81769 3.65703 56.0344 897.741
218.122 62.3579 3.80297 3.77952 81.0683 853.261
221.538 62.4435 3.87989 3.76518 53.2781 754.814
223.206 62.5763 3.84892 3.69973 64.8994 730.299
225.609 62.2024 3.83645 3.73426 45.6359 654.609
198.315 59.9237 3.88457 3.78733 76.7718 1754.5
199.908 60.1686 3.88845 3.74244 78.7383 1666.26
202.813 60.5269 3.89528 3.77136 81.5426 1509.4
205.516 60.8132 3.90367 3.68914 110.346 1368.3
207.791 61.2001 3.93129 3.67887 68.0691 1258.81
222.911 61.4593 3.86022 3.83537 70.2457 623.928
224.22 61.4862 3.84446 3.69872 104.257 597.822
226.918 61.1512 3.78532 3.72247 54.9278 528.817
198.736 59.2533 3.88522 3.78112 73.3421 1732.13
200.175 59.1767 3.88582 3.82048 103.782 1650.22
201.907 59.5938 3.88695 3.77589 112.855 1552.07
202.905 59.7733 3.88841 3.76954 108.682 1496.84
204.792 59.8542 3.89053 3.79602 115.747 1392.08
207.376 60.0815 3.90392 3.7875 142.855 1252.66
210.276 60.4814 3.91426 3.72136 111.188 1106.65
219.809 60.7718 3.83505 3.48725 19.9411 664.803
223.909 60.7704 3.81791 3.89963 89.5027 531.127
190.452 56.6011 3.89881 3.7188 36.1075 2262.3
202.009 59.0314 3.88968 3.78729 86.7779 1545.35
203.561 59.1953 3.89162 3.80796 81.8468 1456.73
204.771 59.3922 3.89101 3.80997 148.095 1388.92
206.768 59.6524 3.88746 3.83765 118.127 1279.16
212.597 59.9979 3.91248 3.77548 107.322 967.929
222.262 59.6304 3.99798 3.56622 36.8822 478.689
223.04 60.1218 3.79967 3.68628 46.9828 493.079
212.566 65.1171 3.85027 3.69732 56.4824 1264.39
203.344 58.6774 3.89418 3.781 86.096 1468.62
204.113 58.2637 3.89615 3.79449 101.825 1424.73
204.991 58.6484 3.89931 3.83233 107.332 1373.04
206.355 58.9287 3.89028 3.83764 96.2361 1295.25
207.606 58.6097 3.90125 3.86306 136.897 1221.11
202.426 57.5673 3.91174 3.78596 115.883 1529.81
203.613 57.6397 3.90984 3.82484 101.988 1458.41
205.548 57.5665 3.91691 3.83625 94.0503 1343.7
197.939 55.703 3.91825 3.77679 83.382 1838.31
200.447 56.2848 3.93735 3.8234 83.0362 1671.1
212.138 64.8735 3.83112 3.6812 44.3659 1261.27
210.428 68.6408 3.86311 3.71003 85.0963 1612.83
218.842 64.7774 3.86648 3.70891 97.6227 1046.76
211.063 63.7323 3.82061 3.62618 45.6916 1225.08
218.547 60.1369 3.92299 2.89156 69.4537 675.011
209.89 67.3812 3.83658 3.68647 36.7297 1525.89
210.457 65.825 3.87698 3.72929 23.9406 1389.86
217.507 60.403 3.93503 3.62825 58.8369 739.421
218.338 61.0595 3.85916 3.5576 54.0334 745.833
216.296 60.3923 3.9312 3.65011 67.138 796.294
216.716 60.1205 3.92036 3.64594 126.693 761.46
215.271 60.5805 3.94352 3.66821 69.8324 855.912
216.679 60.2805 3.92846 3.63488 93.5533 771.765
218.244 60.7315 3.89497 3.62179 51.1103 727.087
217.659 60.602 3.92824 3.58709 67.0913 744.635
216.749 60.4427 3.93224 3.6125 120.457 777.366
217.639 60.9231 3.92802 3.59076 47.7817 766.225
217.277 60.2474 3.9307 3.61174 58.6581 741.223
218.995 60.8241 3.84678 3.61279 38.9972 701.685
216.976 61.3836 3.899 3.54065 30.7504 825.586
218.049 60.1785 3.93103 3.63185 86.6218 700.676
216.031 60.2361 3.91605 3.66236 115.21 801.138
218.652 60.2994 3.93733 3.51506 80.9606 680.507
219.217 60.1294 3.99597 3.54388 63.0535 644.025
216.221 60.072 3.9187 3.7277 113.794 783.507
218.856 60.4399 3.93587 3.55052 43.5939 680.744
