# evlo=232.224197 evla=60.005699
216.3 60.3932 3.85309 3.76125 18.6951 882.135
216.679 60.2805 3.85334 3.67763 19.1565 862.214
216.749 60.4427 3.85939 3.72833 22.5055 857.064
216.031 60.2361 3.84638 3.7062 19.7917 898.397
216.221 60.072 3.86021 3.65402 15.4323 889.783
210.176 67.8516 3.90545 3.59302 16.3156 1377.88
209.736 66.2066 3.8988 3.60024 23.5621 1318.26
211.449 65.522 3.96635 3.73707 26.4318 1218.14
211.554 70.2036 3.88828 3.69613 23.3242 1480.1
209.89 67.3812 3.93277 3.66251 16.6333 1364.51
216.296 60.3923 3.85394 3.76208 18.6951 882.329
216.679 60.2805 3.85334 3.67763 19.1565 862.214
216.749 60.4427 3.85939 3.72833 22.5055 857.064
216.031 60.2361 3.84638 3.7062 19.7917 898.397
216.221 60.072 3.86021 3.65402 15.4323 889.783
