# evlo=209.768005 evla=62.689201
217.908 60.4896 3.94459 3.62004 48.8131 496.433
217.507 60.403 3.97543 3.72167 44.8114 483.538
218.338 61.0595 3.92185 3.536 64.85 485.629
218.244 60.7315 3.94641 3.54926 45.678 498.104
217.659 60.6024 3.94182 3.6268 76.9785 478.134
217.277 60.2474 3.93148 3.83125 46.4857 483.545
218.995 60.824 3.91962 3.50038 58.588 529.217
218.049 60.1785 3.97163 3.82859 41.3604 522.497
218.652 60.2994 3.92048 3.62944 44.3806 542.351
217.908 60.4896 3.94459 3.62004 48.8131 496.433
217.507 60.403 3.97543 3.72167 44.8114 483.538
218.338 61.0595 3.92189 3.53604 64.85 485.634
218.244 60.7315 3.94641 3.54926 45.678 498.104
217.659 60.602 3.94184 3.62681 76.9785 478.135
217.277 60.2474 3.93148 3.83125 46.4857 483.545
218.995 60.8241 3.91958 3.50035 58.588 529.211
218.049 60.1785 3.97163 3.82859 41.3604 522.497
218.652 60.2994 3.92048 3.62944 44.3806 542.351
