# evlo=207.684799 evla=63.882702
194.627 64.5646 3.57847 3.00473 144.836 637.224
217.908 60.4896 3.50274 3.08407 115.286 651.86
217.654 61.036 3.50125 3.11182 88.3795 603.464
217.507 60.403 3.53477 3.05326 87.7037 641.36
218.338 61.0595 3.47566 3.10737 90.2582 632.143
220.363 59.9534 3.50007 3.0937 111.172 795.006
216.3 60.3932 3.52134 3.0078 154.803 593.408
225.144 58.5792 3.50342 3.05804 90.6202 1103.02
216.716 60.1205 3.51289 2.97509 63.8821 631.195
215.395 60.9677 3.51135 3.06145 143.272 513.455
209.094 59.7511 3.41484 2.95773 128.245 466.357
209.259 59.7417 3.41947 2.9729 141.616 468.845
208.846 60.7683 3.38745 2.88187 95.7082 352.269
212.195 64.6453 3.6367 3.22604 413.086 234.48
204.378 55.8218 3.52356 3.0097 119.706 916.677
200.411 54.831 3.5768 3.09738 142.465 1088.31
208.763 59.5251 3.42655 2.9294 145.271 488.932
209.796 67.2269 3.57597 3.03976 244.545 385.37
216.907 60.7523 3.51165 3.08364 114.037 591.052
218.66 60.9649 3.47522 3.11031 110.878 652.47
217.513 60.0823 3.52632 3.04162 78.223 665.767
212.624 63.0753 3.61049 3.13163 189.273 262.032
214.225 61.1292 3.52461 3.13168 155.197 455.401
215.93 63.6482 3.58707 3.12451 182.175 407.398
214.25 60.5487 3.47553 2.9236 133.727 504.229
213.401 60.7277 3.47413 2.94976 124.501 459.622
209.784 61.1426 3.47776 2.97384 148.749 323.926
214.766 66.5657 3.63511 3.10131 243.165 445.863
188.296 63.7758 3.61737 3.08829 105.394 950.894
203.121 64.7461 3.56389 2.94822 217.337 240.808
211.074 61.771 3.52432 2.87055 109.473 291.881
216.188 61.4417 3.51538 3.12745 153.071 513.173
212.904 60.8792 3.49675 2.98723 100.667 429.823
215.271 60.5805 3.51304 2.97711 94.5743 538.855
216.679 60.2805 3.52727 2.97594 82.9285 617.154
218.244 60.7315 3.48585 3.1239 64.8919 649.44
213.052 64.4091 3.64361 3.22591 376.354 267.669
213.497 60.396 3.48048 2.88463 117.38 492.435
215.738 60.3351 3.49665 2.92571 86.8958 576.375
208.348 59.6572 3.45795 2.93556 79.2016 472.191
217.659 60.6024 3.50185 3.06997 82.5756 633.314
225.615 58.2758 3.50989 3.05683 80.7466 1145.85
215.581 59.9268 3.47561 2.89041 104.409 604.667
216.749 60.4427 3.52615 3.00514 96.4873 607.456
217.639 60.9231 3.49257 3.11467 110.866 610.326
214.077 61.4924 3.5174 3.14664 183.193 421.756
211.542 61.4131 3.49041 2.89881 139.041 338.814
197.4 66.8951 3.53484 3.00935 80.9538 583.186
217.277 60.2474 3.52473 3.01374 35.0677 643.599
218.995 60.824 3.47515 3.10046 66.4519 676.38
216.976 61.3836 3.49594 3.11735 100.39 551.366
218.049 60.1785 3.51617 3.05609 107.965 680.409
216.031 60.2361 3.50599 2.92768 92.184 595.524
191.145 52.9721 3.60794 3.06218 94.3226 1542.97
214.53 62.9699 3.51684 2.93125 173.625 356.425
219.747 60.0959 3.49189 3.07969 114.053 758.32
220.599 59.667 3.51462 3.06428 88.6102 825.496
214.475 65.5174 3.65454 3.16299 265.869 371.413
217.533 61.1871 3.49638 3.12007 85.6379 588.377
211.667 60.8584 3.51183 2.94428 134.03 394.915
215.323 60.3863 3.48738 2.90005 69.2532 556.63
210.261 61.0889 3.49707 3.06269 157.21 338.462
197.092 68.0541 3.51299 2.95543 79.558 667.873
215.154 63.7399 3.58018 3.09162 203.053 368.067
218.652 60.2994 3.50833 3.05914 61.4257 696.94
219.217 60.1294 3.50374 3.03914 93.3418 733.141
211.668 61.807 3.53152 3.06825 167.874 307.632
212.671 61.832 3.51113 3.10709 183.526 341.453
216.01 63.9761 3.60369 3.07101 167.723 408.212
214.792 60.5341 3.47875 2.88971 87.0887 524.849
205.816 56.5593 3.52135 2.98427 162.757 822.398
209.777 60.5117 3.44899 2.99115 157.918 391.109
189.752 57.1766 3.60094 3.08197 103.751 1228.92
209.253 61.4636 3.46261 2.91688 170.705 281.326
217.161 60.1791 3.52558 3.01307 83.4078 644.195
216.221 60.072 3.49874 2.94854 75.8417 616.092
210.547 60.1043 3.49719 3.03948 136.262 446.903
218.856 60.4399 3.48945 3.09511 81.7009 695.833
217.171 60.7541 3.50856 3.12782 110.19 601.958
192.073 65.5598 3.58294 3.0394 109.305 765.078
193.495 53.8452 3.61107 3.04262 90.0481 1379.18
216.546 61.2275 3.51512 3.1334 130.501 542.741
212.26 62.5808 3.55566 2.89903 175.948 271.858
217.147 60.448 3.52104 3.04555 117.059 623.222
218.249 60.3583 3.50433 3.0805 90.5437 675.633
207.417 57.7828 3.52825 3.05872 86.2454 679.841
212.138 64.8736 3.64715 3.1607 363.905 241.622
196.917 67.6988 3.50882 2.96603 70.3757 649.622
201.885 68.4946 3.49304 2.91779 71.9306 576.323
203.387 68.7132 3.49485 2.86858 80.6292 571.812
207.318 68.8799 3.50792 2.95653 71.7684 557.489
209.319 68.9656 3.5478 2.92294 157.676 571.437
211.177 69.1532 3.51273 2.93916 134.047 607.673
213.625 69.322 3.50947 2.96234 161.132 660.55
219.035 69.243 3.56907 3.01146 104.679 779.4
221.263 69.3286 3.57803 3.04953 80.2205 851.471
198.174 67.082 3.54414 2.99609 94.1654 565.874
199.397 67.4213 3.53698 3.06753 92.9126 547.923
202.768 67.4572 3.55802 3.08391 71.6461 457.922
203.811 68.2575 3.52532 2.88271 108.6 518.151
206.028 68.4414 3.47591 2.94411 96.2356 513.757
208.187 68.1343 3.56597 3.00968 135.789 474.627
210.384 68.0584 3.54687 3.01405 144.251 481.396
211.513 68.0748 3.53795 3.01331 127.17 498.544
214.432 68.1207 3.57041 3.04798 217.379 562.476
218.405 68.1861 3.62696 3.065 115.428 681.305
220.465 68.6043 3.62976 3.07429 119.546 776.738
222.103 68.3889 3.62833 3.10463 87.871 819.199
223.281 66.3701 3.63652 3.05575 121.18 780.488
193.671 65.4742 3.57939 3.07022 81.1311 690.546
195.352 65.7077 3.57807 3.01821 83.9842 619.359
198.75 66.442 3.53868 2.99295 108.665 506.177
200.349 66.6001 3.54346 3.09751 68.5414 457.115
202.227 66.8332 3.58183 3.1379 105.294 415.318
206.517 67.2221 3.49711 2.9843 89.7748 376.216
207.821 67.5076 3.577 3.01811 153.409 404.234
212.113 67.5187 3.5523 3.05199 156.518 453.331
214.357 67.5933 3.60164 3.06632 219.509 514.051
215.855 67.6946 3.61996 3.03653 173.876 565.27
220.128 67.6136 3.6297 3.10953 141.348 704.078
224.214 67.6106 3.599 3.02506 127.151 860.665
226.258 67.441 3.61983 3.03682 138.46 937.317
195.961 64.9941 3.56588 2.96329 84.225 577.171
197.645 65.3936 3.56696 3.02125 89.8402 508.052
199.349 65.5011 3.56734 3.01982 109.117 436.362
201.346 65.895 3.52417 2.89316 88.4819 374.553
202.913 66.1434 3.5522 3.07977 167.735 337.69
206.494 66.5156 3.51456 2.93956 127.181 298.789
208.493 66.9214 3.59106 3.03323 182.358 340.876
209.976 66.7108 3.57493 3.08182 179.03 332.895
212.525 66.7004 3.59955 3.04562 195.646 386.674
213.899 66.7653 3.6426 3.12426 164.068 432.231
216.215 66.9498 3.63603 3.10538 201.965 522.562
218.345 66.8088 3.60343 3.09864 179.722 592.83
221.978 66.9116 3.59697 3.05701 99.2031 742.845
223.778 66.9808 3.61653 3.06503 135.261 819.844
225.729 66.9227 3.6271 3.04403 93.4077 900.29
197.761 64.6379 3.57719 2.9814 113.397 487.849
200.087 64.937 3.56547 2.9405 99.0805 384.417
201.637 65.1527 3.54641 2.95155 162.543 322.953
203.551 65.5276 3.52596 3.002 111.377 269.181
210.457 65.8251 3.57061 3.12779 212.128 253.296
212.122 65.8371 3.62965 3.11908 347.841 302.777
214.18 66.267 3.67131 3.07075 64.1656 404.671
214.181 66.267 3.63505 3.08833 149.209 404.706
218.473 66.2305 3.61003 3.08451 140.113 570.355
221.631 66.2191 3.63806 3.08384 113.022 704.585
225.657 65.8052 3.64117 3.09886 89.4255 875.986
214.843 62.3987 3.62411 3.13786 118.901 396.796
213.052 64.4091 3.64361 3.22591 376.354 267.669
199.305 63.8864 3.58528 3.13188 162.112 411.434
216.846 65.3064 3.65722 3.20174 223.999 466.038
218.385 65.6035 3.64838 3.17002 218.92 543.705
220.064 65.4483 3.63031 3.1326 148.98 615.38
221.694 65.3609 3.6323 3.121 173.689 688.588
223.623 65.2225 3.62366 3.13467 119.138 776.699
196.446 62.7492 3.56359 3.04647 157.674 576.514
199.398 63.2842 3.57744 3.00284 163.9 416.582
200.922 63.3965 3.6046 3.0198 134.041 339.343
214.63 64.613 3.65439 3.20661 257.293 346.347
216.201 64.5654 3.66922 3.25 26.4643 419.984
216.436 64.5012 3.63819 3.13257 251.213 430.485
221.784 64.453 3.61771 3.10125 102.132 687.272
221.784 64.4525 3.61468 3.13403 102.486 687.244
223.67 64.5753 3.60506 3.117 143.71 777.493
195.344 61.9331 3.59869 3.12047 119.707 662.595
198.469 62.2938 3.60403 3.15418 210.278 497.569
201.699 62.7161 3.60474 3.1469 288.275 327.018
214.222 63.8036 3.58848 3.1159 293.299 321.629
217.924 64.0292 3.61441 3.09758 178.598 501.545
222.48 63.8433 3.60222 3.10296 147.596 725.876
197.317 61.3416 3.61787 3.10322 165.614 601.998
198.513 61.678 3.60987 3.08144 203.413 528.141
200.525 61.7105 3.60803 3.06626 197.992 437.877
201.703 62.1344 3.60335 3.03032 206.26 360.068
203.311 62.2195 3.64134 3.02188 188.784 288.523
216.652 63.0254 3.54749 3.01946 224.707 457.015
218.173 63.0618 3.57628 3.02827 150.795 530.152
221.871 63.109 3.5873 3.09154 168.266 710.373
193.799 60.3849 3.61032 3.10623 129.105 820.247
196.65 60.4135 3.5961 3.07922 128.254 691.794
198.04 60.7515 3.59054 3.03516 163.144 608.843
199.312 60.6947 3.6038 3.10534 157.694 560.59
201.041 61.0224 3.60737 3.08222 163.708 467.818
202.562 61.4009 3.64758 3.14698 207.151 381.282
204.176 61.4907 3.64162 3.11161 161.006 321.418
205.609 61.9037 3.59272 3.14472 263.776 244.522
209.88 61.7531 3.51802 3.11585 261.322 262.382
212.274 61.7929 3.53307 3.19617 170.925 329.897
213.825 62.1067 3.52166 2.99076 157.37 368.591
217.004 62.4013 3.52652 3.04748 128.837 497.54
218.122 62.3579 3.53131 3.00285 165.719 552.708
221.538 62.4435 3.57593 3.06088 151.758 714.69
223.206 62.5763 3.58917 3.10619 139.38 791.734
225.609 62.2024 3.59291 3.08011 127.17 922.823
198.315 59.9237 3.61972 3.08121 165.715 660.086
199.908 60.1686 3.6026 3.08008 134.562 579.854
201.231 60.4742 3.63297 3.05868 185.007 506.792
202.813 60.5269 3.62106 3.15684 173.016 451.567
204.11 60.6801 3.59564 3.13798 202.631 402.143
205.516 60.8132 3.55036 3.06767 225.552 360.018
207.791 61.2001 3.53088 2.98504 215.272 299.037
215.402 61.6061 3.52073 3.08233 114.191 468.556
222.911 61.4593 3.58048 3.06107 122.264 823.293
224.22 61.4862 3.57882 3.06452 140.254 885.123
226.918 61.1512 3.58548 3.06188 102.456 1031.81
198.736 59.2533 3.59942 3.07137 138.566 700.373
200.175 59.1767 3.6227 3.08881 123.977 658.38
201.907 59.5938 3.62192 3.18464 224.517 566.681
202.905 59.7733 3.60352 3.19364 171.94 522.316
204.792 59.8542 3.56836 3.11921 141.4 473.937
205.68 60.1952 3.54662 3.0935 141.33 424.086
207.376 60.0815 3.55976 3.03536 155.089 423.933
210.276 60.4814 3.47587 3.00225 162.775 402.296
219.809 60.7718 3.4606 3.1452 44.9259 716.163
221.424 60.3024 3.43539 2.9635 130.664 818.837
223.909 60.7704 3.577 3.12673 54.2421 906.572
190.452 56.6011 3.6051 3.04704 66.1361 1245.7
202.009 59.0314 3.6139 3.17359 163.34 619.028
203.561 59.1953 3.58285 3.10799 127.733 566.263
204.771 59.3922 3.56651 3.15375 154.789 523.59
206.768 59.6524 3.55144 3.04739 205.24 473.896
212.597 59.9979 3.5274 3.15989 119.89 503.604
222.262 59.6304 3.45191 2.91665 94.1566 900.964
223.04 60.1218 3.47711 3.00106 90.1969 904.014
227.183 60.2114 3.59341 3.07361 80.0468 1093.62
212.566 65.1171 3.66068 3.11887 254.257 271.873
203.344 58.6774 3.59184 3.13803 146.389 624.665
204.113 58.2637 3.57103 3.16418 94.6406 654.88
204.991 58.6484 3.54931 3.08149 115.191 600.775
206.355 58.9287 3.55442 3.06999 162.604 556.569
207.606 58.6097 3.53216 3.04823 85.0254 587.601
213.66 59.4296 3.54898 3.01946 69.4082 588.108
227.731 58.9601 3.52247 3.04315 41.6359 1195.63
202.426 57.5673 3.58849 3.12822 120.094 759.358
203.613 57.6397 3.55941 3.11751 91.487 729.818
205.548 57.5665 3.53731 3.04659 110.823 713.273
224.26 58.4133 3.43797 2.7205 39.4957 1075.86
229.033 59.3946 3.60173 3.03827 53.4139 1229.77
197.939 55.703 3.60597 3.06843 46.4143 1060.34
200.447 56.2848 3.58736 3.10083 102.364 936.112
225.424 57.4688 3.493 2.96626 56.1056 1197.84
228.869 57.9128 3.52744 3.02064 96.6687 1319.29
227.048 56.8144 3.51351 2.97474 37.4159 1319.11
229.75 56.9811 3.52083 3.04197 82.5889 1426.82
212.138 64.8735 3.64884 3.15133 302.939 241.609
210.428 68.6408 3.52976 2.96965 153.522 544.573
229.974 55.9154 3.52909 3.01483 54.7341 1518.14
228.385 55.3279 3.60298 3.17116 39.5698 1496.24
218.842 64.7774 3.6397 3.16654 198.985 547.874
227.653 56.4191 3.52487 3.04451 64.9338 1376.53
218.547 60.1369 4.01492 3.89134 94.4275 704.206
217.908 60.4896 3.50274 3.08407 115.286 651.86
217.507 60.403 3.53477 3.05326 87.7037 641.36
218.338 61.0595 3.47568 3.1074 90.2582 632.147
216.296 60.3923 3.52096 3.00748 154.803 593.345
216.716 60.1205 3.51289 2.97509 63.8821 631.195
215.271 60.5805 3.51304 2.97711 94.5743 538.855
216.679 60.2805 3.52727 2.97594 82.9285 617.154
218.244 60.7315 3.48585 3.1239 64.8919 649.44
217.659 60.602 3.50189 3.07001 82.5756 633.322
216.749 60.4427 3.52615 3.00514 96.4873 607.456
217.639 60.9231 3.49252 3.11462 110.866 610.318
217.277 60.2474 3.52473 3.01374 35.0677 643.599
218.995 60.8241 3.47512 3.10043 66.4519 676.374
216.976 61.3836 3.49594 3.11735 100.39 551.366
218.049 60.1785 3.51617 3.05609 107.965 680.409
216.031 60.2361 3.50599 2.92768 92.184 595.524
217.533 61.187 3.49647 3.12015 85.6379 588.392
218.652 60.2994 3.50833 3.05914 61.4257 696.94
219.217 60.1294 3.50374 3.03914 93.3418 733.141
216.221 60.072 3.49874 2.94854 75.8417 616.092
218.856 60.4399 3.48945 3.09511 81.7009 695.833
216.546 61.2275 3.51512 3.1334 130.501 542.741
209.518 60.7352 3.43079 2.96281 85.7086 363.406
209.518 60.7351 3.43094 2.96294 85.7086 363.422
