# evlo=214.25 evla=60.548698
194.627 64.5646 3.52159 3.00458 91.587 1098.35
220.363 59.9534 3.4266 2.77177 120.154 344.825
225.144 58.5792 3.50092 2.89053 156.886 652.862
209.013 64.0997 3.49746 3.04387 171.122 479.605
209.094 59.7511 3.49504 2.85959 293.541 299.796
209.259 59.7417 3.49978 2.84404 320.782 291.426
210.701 64.1732 3.53963 3.0588 145.821 443.628
208.846 60.7683 3.44297 2.81946 302.871 296.452
207.916 63.4188 3.48738 2.96632 142.371 460.692
212.195 64.6453 3.45848 2.86882 88.3741 468.572
200.411 54.831 3.47096 2.87536 161.692 1039.07
207.685 63.8827 3.47553 2.9236 133.727 504.229
208.763 59.5251 3.50122 2.8407 338.277 326.3
209.796 67.2269 3.51364 2.95022 67.673 775.456
218.66 60.9649 3.42264 2.80618 359.979 244.812
209.738 62.4058 3.47763 3.02648 249.276 317.148
212.624 63.0753 3.49076 2.98388 122.861 294.305
215.93 63.6482 3.46515 2.92886 158.212 356.373
196.582 54.8564 3.52134 2.93579 97.0175 1223.72
209.784 61.1426 3.42085 2.80021 231.962 251.637
214.766 66.5657 3.53095 2.94036 165.725 671.198
188.296 63.7758 3.53087 2.96895 105.489 1388.89
203.121 64.7461 3.49614 2.91952 111.377 736.218
213.052 64.4091 3.47876 2.7953 109.722 434.649
208.348 59.6572 3.48203 2.88264 249.849 342.841
225.615 58.2758 3.52291 2.92639 152.363 692.178
197.4 66.8951 3.51928 2.95074 62.6741 1086.47
209.077 63.5527 3.47403 2.91468 143.919 430.212
218.995 60.824 3.4194 2.77587 251.877 261.028
211.063 63.7318 3.5091 3.06375 200.208 391.655
211.768 64.9602 3.45575 2.89168 94.2513 507.688
209.256 65.0304 3.49468 3.06769 88.1499 560.401
210.931 64.5928 3.52168 3.08359 184.15 481.803
191.145 52.9721 3.54767 2.95053 139.989 1633
214.53 62.9699 3.44992 2.79022 305.76 270.227
219.747 60.0959 3.4346 2.77186 219.151 307.838
220.599 59.667 3.41084 2.74726 202.724 366.344
214.475 65.5174 3.52977 2.98356 159.206 553.937
207.811 62.8962 3.4601 2.93732 203.255 429.052
197.092 68.0541 3.50784 2.94266 72.5982 1171.29
215.154 63.7399 3.4773 2.89811 192.42 358.752
218.652 60.2994 3.40166 2.76959 201.576 244.032
211.14 63.4056 3.49461 3.05765 175.916 357.632
219.217 60.1294 3.44064 2.72449 317.215 278.208
216.01 63.9761 3.47924 2.93823 199.61 392.728
208.468 61.98 3.46689 2.78466 176.428 348.659
209.777 60.5117 3.48115 2.94997 297.59 245.582
189.752 57.1766 3.56428 3.03499 83.1304 1453.21
209.253 61.4636 3.42255 2.75853 213.765 288.802
218.856 60.4399 3.40078 2.83731 262.709 253.393
192.073 65.5598 3.52729 3.03471 57.6657 1244.02
209.711 63.4502 3.40842 2.89051 151.002 401.214
193.495 53.8452 3.53067 2.9563 118.802 1450.68
211.449 62.8295 3.48062 3.0211 231.199 294.19
211.415 62.9628 3.48545 3.03146 122.976 307.84
211.462 62.6812 3.47721 2.9821 104.554 279.858
212.058 62.8349 3.44408 3.08741 77.2404 279.91
211.771 63.0624 3.45346 3.0837 93.7068 309.069
212.26 62.5808 3.42324 2.98605 155.019 249.904
211.152 62.8331 3.50138 2.97712 238.894 302.725
211.908 64.4716 3.44194 2.89786 95.6326 453.485
207.417 57.7828 3.49451 2.78254 124.276 497.292
193.671 65.4742 3.5333 2.99193 33.1802 1170.61
195.352 65.7077 3.51832 2.96231 50.9077 1106.97
198.75 66.442 3.52205 2.97262 59.0804 1008.92
200.349 66.6001 3.52953 2.91138 24.4843 961.341
202.227 66.8332 3.52581 3.02556 94.4257 915.852
204.275 67.0486 3.51196 3.03225 65.3707 873.334
207.821 67.5076 3.52793 3.09188 39.737 835.954
212.113 67.5187 3.50279 2.96938 125.049 783.866
214.357 67.5933 3.54851 2.95756 70.7591 785.332
215.855 67.6946 3.53659 2.98512 120.314 800.371
220.128 67.6136 3.49939 2.95247 121.965 837.286
224.214 67.6106 3.53472 2.95705 142.206 922.776
226.258 67.441 3.54542 2.98763 185.259 963.853
195.961 64.9941 3.52558 2.95171 53.6832 1051.94
197.645 65.3936 3.52499 2.95092 61.5642 995.873
199.349 65.5011 3.51065 2.93712 59.3448 931.079
201.346 65.895 3.5113 2.96591 72.7317 878.007
202.913 66.1434 3.51486 2.97358 77.6188 840.837
206.494 66.5156 3.53805 3.03856 70.3008 767.671
209.976 66.7108 3.53446 2.93097 50.8078 718.425
212.525 66.7004 3.48366 3.0065 88.2419 690.985
213.899 66.7653 3.55286 2.94678 80.9615 693.188
216.215 66.9498 3.51965 3.01159 117.899 720.023
218.345 66.8088 3.49379 2.97922 120.227 726.278
221.978 66.9116 3.51235 2.94676 171.524 804.155
223.778 66.9808 3.52772 2.98906 186.067 855.355
225.729 66.9227 3.53467 2.9638 145.722 906.119
197.761 64.6379 3.52001 2.94427 73.1363 958.008
200.087 64.937 3.50757 2.91597 80.4961 870.686
201.637 65.1527 3.50521 2.96261 74.9928 819.727
203.551 65.5276 3.50701 2.96315 88.5761 773.407
205.119 65.4924 3.50322 2.955 75.9794 717.903
207.195 65.6571 3.50935 3.03147 115.383 670.765
208.623 65.8937 3.54481 3.07636 35.4956 658.971
210.457 65.8251 3.55777 2.97052 101.491 618.087
212.122 65.8371 3.47092 2.95449 104.532 599.035
214.18 66.267 3.5524 2.86677 47.4754 637.414
214.181 66.267 3.53867 2.94234 121.905 637.414
218.473 66.2305 3.46903 2.9494 173.558 667.241
221.631 66.2191 3.51199 2.97314 163.947 730.855
225.657 65.8052 3.50266 2.94424 149.868 818.276
213.052 64.4091 3.47876 2.7953 109.722 434.649
199.305 63.8864 3.49677 2.9828 77.4569 859.177
205.522 64.7962 3.4961 2.97399 94.5428 650.162
208.018 65.18 3.50179 2.98446 81.9109 605.278
210.64 65.1479 3.55684 3.03085 119.974 544.393
216.846 65.3064 3.4943 2.98831 138.913 546.327
218.385 65.6035 3.47391 2.92188 140.289 600.615
220.064 65.4483 3.4759 2.95379 186.804 619.95
221.694 65.3609 3.48901 2.95928 236.354 655.133
223.623 65.2225 3.48967 2.94007 154.707 704.822
196.446 62.7492 3.4872 2.89727 85.7625 971.474
199.398 63.2842 3.47981 2.96166 102.19 835.406
200.922 63.3965 3.48734 2.96781 82.6175 765.775
203.285 63.465 3.47808 2.98787 125.543 658.785
204.379 63.994 3.50018 2.93157 101.711 639.366
205.853 64.1767 3.48184 2.88793 132.509 592.847
214.63 64.613 3.51637 2.96777 150.641 453.405
216.201 64.5654 3.48494 2.88278 41.2192 458.734
216.436 64.5012 3.47656 2.93653 216.386 454.613
221.784 64.453 3.46671 2.94411 150.288 582.445
221.784 64.4525 3.469 2.91638 146.493 582.385
223.67 64.5753 3.47567 2.92959 124.69 659.177
195.344 61.9331 3.51294 2.9331 67.7018 1023.06
198.469 62.2938 3.49513 2.89207 96.6802 862.325
201.699 62.7161 3.47234 2.88164 113.307 706.662
205.93 63.3569 3.4857 2.9555 189.049 536.549
214.222 63.8036 3.50209 2.92041 154.672 362.756
217.924 64.0292 3.42842 2.90007 248.887 432.076
222.48 63.8433 3.47635 2.96165 204.357 563.52
197.317 61.3416 3.4952 2.92707 77.6242 919.397
198.513 61.678 3.48993 2.92389 109.359 855.557
200.525 61.7105 3.47921 2.89368 125.482 749.354
201.703 62.1344 3.47413 2.87881 124.406 693.223
203.311 62.2195 3.459 2.86018 98.1181 612.757
205.146 62.1816 3.44146 2.83935 153.491 519.292
206.12 62.4787 3.46765 2.87034 175.432 482.803
216.652 63.0254 3.3877 2.78571 286.422 303.67
218.173 63.0618 3.39944 2.87955 340.34 348.036
221.871 63.109 3.45858 2.91531 157.216 492.112
193.799 60.3849 3.50962 2.96605 77.4409 1120.67
196.65 60.4135 3.4981 2.94129 117.355 965.016
198.04 60.7515 3.49839 2.9604 105.233 884.748
199.312 60.6947 3.48551 2.97137 119.389 816.273
201.041 61.0224 3.48211 2.94783 123.165 720.236
202.562 61.4009 3.47896 2.92963 129.544 639.074
204.176 61.4907 3.45652 2.88704 162.808 554.18
205.609 61.9037 3.43603 2.84514 185.043 487.744
206.868 61.8823 3.4384 2.82829 172.004 423.334
209.88 61.7531 3.47036 2.80834 207.339 270.852
217.004 62.4013 3.33422 2.81954 410.76 253.252
218.122 62.3579 3.40125 2.87442 232.481 288.517
221.538 62.4435 3.44683 2.93688 211.095 441.514
223.206 62.5763 3.47779 2.93552 249.047 526.334
225.609 62.2024 3.47129 2.94434 203.359 633.743
198.315 59.9237 3.49406 2.9693 111.526 883.396
199.908 60.1686 3.48509 2.96536 126.999 791.168
201.231 60.4742 3.48171 2.97618 120.11 714.099
202.813 60.5269 3.47476 2.94723 114.321 626.996
204.11 60.6801 3.46945 2.92457 144.936 554.913
205.516 60.8132 3.4436 2.88019 184.334 477.85
207.791 61.2001 3.40177 2.79988 164.539 358.124
222.911 61.4593 3.43399 2.87527 203.071 479.067
224.22 61.4862 3.44435 2.90087 196.489 548.629
226.918 61.1512 3.46475 2.9139 166.692 690.84
198.736 59.2533 3.51569 3.00365 94.1261 878.026
200.175 59.1767 3.52456 3.02354 134.676 801.651
201.907 59.5938 3.51288 2.9942 140.718 694.389
202.905 59.7733 3.50904 2.99969 171.163 635.031
204.792 59.8542 3.49386 2.96607 184.298 529.745
205.68 60.1952 3.47122 2.91126 179.24 474.131
207.376 60.0815 3.44696 2.8763 220.683 383.284
219.809 60.7718 3.41795 2.90651 222.249 304.935
221.424 60.3024 3.42935 2.80853 187.743 395.938
223.909 60.7704 3.42299 2.85715 196.635 528.329
190.452 56.6011 3.56801 3.01454 25.7979 1443.5
202.009 59.0314 3.52298 3.01362 136.669 706.689
203.561 59.1953 3.52047 2.99994 128.957 616.701
204.771 59.3922 3.51294 2.97799 230.521 544.338
206.768 59.6524 3.47524 2.93646 249.798 427.776
222.262 59.6304 3.44474 2.82406 112.617 457.131
223.04 60.1218 3.43399 2.7997 91.189 487.477
226.285 59.5898 3.46299 2.92982 136.624 677.635
227.183 60.2114 3.47425 2.91487 125.236 713.181
212.566 65.1171 3.4957 2.91338 100.645 516.318
203.344 58.6774 3.53153 2.96975 168.237 649.057
204.113 58.2637 3.50511 2.90438 125.336 628.643
204.991 58.6484 3.51028 2.89359 132.492 563.5
206.355 58.9287 3.49109 2.88259 232.313 478.892
207.606 58.6097 3.48436 2.81784 159.855 432.865
227.731 58.9601 3.48881 2.89167 88.6801 776.691
202.426 57.5673 3.51719 2.96502 143.233 753.944
203.613 57.6397 3.49901 2.94405 173.133 689.36
205.548 57.5665 3.47382 2.84208 79.1582 599.014
224.26 58.4133 3.53092 2.90212 94.2959 614.368
225.482 58.2747 3.52267 2.92232 103.839 685.223
229.033 59.3946 3.48991 2.98503 108.641 833.698
197.939 55.703 3.51222 2.94045 99.2245 1098.06
200.447 56.2848 3.5054 2.92788 73.3215 933.482
223.768 57.9616 3.53876 2.83044 92.5818 613.947
225.424 57.4688 3.58477 2.96708 78.1058 726.671
228.869 57.9128 3.53199 2.92628 101.898 882.505
227.048 56.8144 3.62148 3.09662 66.5448 848.896
229.75 56.9811 3.54914 2.98658 91.9041 978.003
212.138 64.8735 3.45446 2.88264 73.6019 493.923
210.428 68.6408 3.50881 2.9349 98.9557 920.095
229.974 55.9154 3.61196 3.05681 32.6572 1054.4
227.653 56.4191 3.63569 3.1514 60.9912 904.702
211.063 63.7323 3.50943 3.06404 200.208 391.693
211.14 63.4057 3.49465 3.05768 175.916 357.635
210.84 64.6544 3.52936 3.08173 125.034 489.795
210.867 64.709 3.52733 3.08779 137.725 494.944
210.853 64.7716 3.52725 3.07084 134.194 501.664
210.847 64.8338 3.53124 3.05673 114.194 508.22
210.819 64.8857 3.5386 3.05171 143.023 514.098
210.44 64.87 3.56864 3.08183 100.583 519.381
210.174 64.8537 3.57898 3.07653 68.4629 522.961
210.069 64.7653 3.57152 3.08603 61.4794 516.27
210.917 64.5498 3.52459 3.08197 144.618 477.62
210.782 64.5716 3.53732 3.08819 154.35 482.372
210.554 64.5756 3.56047 3.08415 136.423 487.207
210.901 64.613 3.52273 3.09406 134.495 484.428
211.172 64.6917 3.4975 3.04725 122.465 487.899
218.995 60.8241 3.41942 2.77588 251.877 261.029
218.652 60.2994 3.40166 2.76959 201.576 244.032
219.217 60.1294 3.44064 2.72449 317.215 278.208
218.856 60.4399 3.40078 2.83731 262.709 253.393
212.567 65.1173 3.4616 3.04333 26.0669 516.338
212.57 65.1176 3.4627 3.02967 24.2012 516.347
209.518 60.7352 3.47617 2.94624 181.114 259.705
209.518 60.7351 3.47587 2.94598 181.114 259.683
