# evlo=211.074005 evla=61.771
194.627 64.5646 3.53864 3.06111 142.533 882.114
217.908 60.4896 3.45226 2.95842 149.061 394.759
217.654 61.036 3.47625 3.24055 148.753 360.737
217.507 60.403 3.44483 2.83126 116.634 378.902
218.338 61.0595 3.45889 3.19709 170.742 395.682
220.363 59.9534 3.48402 2.98642 153.663 543.298
216.3 60.3932 3.44733 2.69149 129.772 320.966
216.716 60.1205 3.45172 2.74526 123.905 356.656
215.395 60.9677 3.41997 2.86352 199.111 247.747
209.013 64.0997 3.53706 3.19665 143.447 279.838
209.094 59.7511 3.44371 3.13162 289.454 249.591
209.259 59.7417 3.45464 3.14383 342.72 246.806
210.701 64.1732 3.51445 2.94082 184.398 268.419
207.916 63.4188 3.54427 3.12824 155.314 245.01
212.195 64.6453 3.50984 3.11019 220.839 325.294
204.378 55.8218 3.43431 2.79886 176.014 766.603
200.411 54.831 3.33169 2.68212 93.6129 991.672
207.685 63.8827 3.52432 2.87055 109.473 291.881
208.763 59.5251 3.45768 3.16846 268.03 280.333
209.796 67.2269 3.53484 3.08419 115.646 611.307
216.907 60.7523 3.43232 2.97505 189.641 332.837
218.66 60.9649 3.4341 3.09069 136.572 415.264
217.513 60.0823 3.44304 2.77611 147.638 396.42
215.93 63.6482 3.51933 3.12527 268.157 324.72
196.582 54.8564 3.52535 3.04202 169.225 1141.98
214.766 66.5657 3.54521 3.1015 204.398 563.625
188.296 63.7758 3.54602 3.03751 101.2 1177.74
203.121 64.7461 3.5026 2.94145 123.105 518.52
216.188 61.4417 3.48764 3.36596 210.222 273.796
215.271 60.5805 3.44843 2.80733 164.514 261.833
216.679 60.2805 3.43734 2.70087 126.621 345.395
218.244 60.7315 3.47071 3.10238 203.881 401.706
213.052 64.4091 3.50596 3.13297 264.448 310.524
215.738 60.3351 3.45564 2.75079 148.992 298.331
208.348 59.6572 3.40685 2.88607 186.427 278.539
217.659 60.6024 3.46197 2.9764 183.221 377.199
215.581 59.9268 3.45166 2.78625 153.081 319.67
216.749 60.4427 3.43993 2.74417 152.435 339.789
217.639 60.9231 3.45929 3.15363 209.114 363.665
197.4 66.8951 3.52435 2.96807 64.2651 870.427
217.277 60.2474 3.41992 2.80566 85.8817 375.811
218.995 60.824 3.4588 3.12802 166.142 437.195
216.976 61.3836 3.50392 3.42402 158.785 316.375
211.768 64.9602 3.5215 3.0636 236.656 357.178
218.049 60.1785 3.43625 2.8556 136.426 417.051
209.256 65.0304 3.54173 2.9864 93.7657 374.47
210.931 64.5928 3.51666 3.01054 186.967 314.612
216.031 60.2361 3.45165 2.72114 165.509 317.941
191.145 52.9721 3.5552 3.05179 119.874 1537.57
219.747 60.0959 3.47343 2.96276 185.072 505.483
220.599 59.667 3.47367 2.91898 105.619 569.615
214.475 65.5174 3.53013 3.10388 208.512 450.192
217.533 61.1871 3.47502 3.23615 146.01 350.136
215.323 60.3863 3.44783 2.75853 168.556 276.311
197.092 68.0541 3.49769 2.94007 56.6964 959.386
215.154 63.7399 3.5349 3.11922 236.545 302.567
218.652 60.2994 3.45915 2.93416 144.828 440.864
219.217 60.1294 3.46439 2.92477 198.198 477.294
216.01 63.9761 3.53371 3.07902 263.525 351.24
214.792 60.5341 3.44591 2.78638 143.13 242.996
205.816 56.5593 3.44618 2.81509 248.108 653.368
189.752 57.1766 3.55684 3.07041 84.262 1304.86
217.161 60.1791 3.42532 2.76819 215.785 374.114
216.221 60.072 3.45047 2.70186 161.326 337.164
218.856 60.4399 3.46744 3.02819 212.311 444.763
217.171 60.7541 3.4432 3.01089 263.107 346.068
192.073 65.5598 3.55518 3.03427 72.8435 1026.05
193.495 53.8452 3.53227 3.04659 111.18 1360.23
216.546 61.2275 3.47057 3.22585 260.076 297.523
217.147 60.448 3.44184 2.81016 157.252 358.943
211.908 64.4716 3.50254 3.14055 220.085 303.941
218.249 60.3583 3.44304 2.91015 171.405 417.912
207.417 57.7828 3.41482 2.87245 213.023 489.341
197.761 64.6379 3.53504 3.01967 72.6599 740.312
200.087 64.937 3.53286 2.97326 78.6754 652.131
201.637 65.1527 3.50417 2.98394 108.841 601.965
203.551 65.5276 3.51559 2.9291 69.0621 559.886
205.119 65.4924 3.53239 2.99106 82.6378 508.688
207.195 65.6571 3.58096 3.14431 95.6651 473.522
208.623 65.8937 3.53347 3.0216 114.709 475.062
210.457 65.8251 3.56046 3.05826 170.195 452.944
212.122 65.8371 3.5351 3.05672 159.423 456.179
214.18 66.267 3.54873 3.0469 53.3058 523.554
214.181 66.267 3.54055 3.12254 143.257 523.568
218.473 66.2305 3.55716 3.08804 154.227 614.149
221.631 66.2191 3.55489 3.08211 109.642 714.416
225.657 65.8052 3.57088 3.0661 66.1966 845.036
213.052 64.4091 3.50596 3.13297 264.448 310.524
199.305 63.8864 3.52069 3.05099 80.5281 643.365
205.522 64.7962 3.51438 2.92322 57.0453 437.1
208.018 65.18 3.55962 3.17163 126.838 409.283
210.64 65.1479 3.54395 3.0258 235.55 377.039
216.846 65.3064 3.56294 3.13346 158.05 487.156
218.385 65.6035 3.55696 3.09496 128.21 559.075
220.064 65.4483 3.54632 3.08341 130.327 604.78
221.694 65.3609 3.56308 3.10904 185.628 660.871
223.623 65.2225 3.55957 3.06983 126.886 732.088
196.446 62.7492 3.52174 2.9637 79.1379 766.01
199.398 63.2842 3.52781 2.96452 72.6374 623.417
200.922 63.3965 3.52174 2.98559 62.4682 551.578
203.285 63.465 3.49736 2.97261 85.9893 441.813
204.379 63.994 3.50634 3.07987 101.465 420.881
205.853 64.1767 3.47032 2.82212 86.3547 376.621
214.63 64.613 3.53697 3.14271 202.346 363.742
216.436 64.5012 3.54926 3.10852 185.888 406.867
221.784 64.453 3.54431 3.09628 132.754 616.686
221.784 64.4525 3.54241 3.07534 85.2185 616.637
223.67 64.5753 3.5473 3.07101 133.895 705.654
195.344 61.9331 3.53486 3.03622 98.5984 826.363
198.469 62.2938 3.51744 2.99705 121.821 661.275
201.699 62.7161 3.5162 3.02098 110.497 498.102
205.93 63.3569 3.48476 3.02027 197.538 318.015
214.222 63.8036 3.53606 3.19011 270.583 277.663
217.924 64.0292 3.54235 3.13845 274.784 429.369
222.48 63.8433 3.55754 3.13683 146.439 624.881
197.317 61.3416 3.52141 3.04244 156.298 731.488
198.513 61.678 3.51424 3.01588 142.013 663.152
200.525 61.7105 3.50514 3.01211 139.045 556.854
201.703 62.1344 3.5027 3.00659 147.543 493.025
203.311 62.2195 3.48759 2.98545 173.71 409.617
205.146 62.1816 3.46874 2.97415 285.086 314.109
206.12 62.4787 3.4887 2.94662 309.714 270.194
216.652 63.0254 3.517 3.07208 239.063 320.416
218.173 63.0618 3.53145 3.0956 212.308 393.803
221.871 63.109 3.52093 3.10488 133.286 576.392
193.799 60.3849 3.53817 3.04788 108.953 942.211
196.65 60.4135 3.52522 3.03833 131.777 791.007
198.04 60.7515 3.5207 3.03311 143.304 707.359
199.312 60.6947 3.51222 3.04495 138.223 642.116
201.041 61.0224 3.5062 3.08322 148.998 541.982
202.562 61.4009 3.49701 3.06548 146.513 453.577
204.176 61.4907 3.48634 3.02377 169.125 366.976
205.609 61.9037 3.44919 3.01959 208.254 288.202
217.004 62.4013 3.44372 3.10257 343.574 317.568
218.122 62.3579 3.44397 3.08354 304.635 374.084
221.538 62.4435 3.49953 3.08715 181.69 550.838
223.206 62.5763 3.52419 3.08359 186.914 637.464
225.609 62.2024 3.52432 3.0659 158.515 761.865
198.315 59.9237 3.52913 3.0643 122.596 722.219
199.908 60.1686 3.52592 3.04221 143.333 629.647
201.231 60.4742 3.52514 3.08008 160.008 549.252
202.813 60.5269 3.52736 3.14616 176.98 465.599
204.11 60.6801 3.51232 3.10523 264.733 393.141
205.516 60.8132 3.4864 3.15344 300.741 316.372
222.911 61.4593 3.46257 3.07125 154.56 628.161
224.22 61.4862 3.47735 3.0673 156.388 696.749
226.918 61.1512 3.49199 3.04406 159.748 845.535
198.736 59.2533 3.52969 3.04568 107.29 732.099
200.175 59.1767 3.51777 3.12773 111.729 664.386
201.907 59.5938 3.51898 3.0868 153.708 555.955
202.905 59.7733 3.52007 3.12306 194.565 497.227
204.792 59.8542 3.47137 3.07499 290.996 402.877
205.68 60.1952 3.45026 3.01843 226.617 340.587
207.376 60.0815 3.39597 2.94528 316.485 274.992
219.809 60.7718 3.45084 3.24302 133.199 481.255
221.424 60.3024 3.44448 3.05467 71.9351 582.12
223.909 60.7704 3.44049 3.01596 153.1 696.353
190.452 56.6011 3.5663 3.09475 69.2378 1304.42
202.009 59.0314 3.51604 3.10751 182.796 584.772
203.561 59.1953 3.4925 3.07675 293.584 502.539
204.771 59.3922 3.4814 3.07695 242.031 435.167
206.768 59.6524 3.43555 2.97682 370.074 333.027
223.04 60.1218 3.43148 3.04824 125.459 672.986
227.183 60.2114 3.47594 3.06797 149.194 886.548
212.566 65.1171 3.52646 3.15366 223.847 380.321
203.344 58.6774 3.50623 3.05395 224.556 549.233
204.113 58.2637 3.49595 3.07516 169.795 550.249
204.991 58.6484 3.47163 3.03892 214.778 484.166
206.355 58.9287 3.44044 2.93571 250.631 409.859
207.606 58.6097 3.41716 2.94729 218.878 401.218
213.66 59.4296 3.50779 2.94705 144.553 296.821
227.731 58.9601 3.49622 3.13832 44.4796 967.858
202.426 57.5673 3.51949 3.11095 144.731 674.896
203.613 57.6397 3.48199 3.04355 162.686 622.356
205.548 57.5665 3.43496 2.97818 98.4627 562.073
225.482 58.2747 3.50857 2.87697 49.297 890.304
229.033 59.3946 3.49276 3.0175 147.486 1015.74
197.939 55.703 3.52355 3.04932 95.5512 1014.25
200.447 56.2848 3.4994 2.99837 91.547 861.697
223.768 57.9616 3.53589 2.92621 114.091 826.139
225.424 57.4688 3.5595 2.97541 134.043 938.124
228.869 57.9128 3.45186 2.84961 43.1165 1081.87
227.048 56.8144 3.58599 3.04167 88.4142 1060.49
229.75 56.9811 3.53161 3.02106 59.263 1182.49
212.138 64.8735 3.50975 3.10893 201.77 349.9
210.428 68.6408 3.51182 3.01678 100.126 766.534
226.879 56.1146 3.59335 2.99333 36.7393 1102.2
229.974 55.9154 3.59608 3.03713 68.9213 1264.44
228.385 55.3279 3.60713 3.03852 37.9645 1231.14
227.653 56.4191 3.59499 3.07231 136.962 1116.99
218.547 60.1369 3.68886 4.88787 109.108 443.651
217.908 60.4896 3.45226 2.95842 149.061 394.759
217.507 60.403 3.44483 2.83126 116.634 378.902
218.338 61.0595 3.45893 3.19714 170.742 395.687
216.296 60.3923 3.44615 2.69057 129.772 320.857
216.716 60.1205 3.45172 2.74526 123.905 356.656
215.271 60.5805 3.44843 2.80733 164.514 261.833
216.679 60.2805 3.43734 2.70087 126.621 345.395
218.244 60.7315 3.47071 3.10238 203.881 401.706
217.659 60.602 3.46191 2.97635 183.221 377.192
216.749 60.4427 3.43993 2.74417 152.435 339.789
217.639 60.9231 3.45919 3.15354 209.114 363.655
217.277 60.2474 3.41992 2.80566 85.8817 375.811
218.995 60.8241 3.45877 3.128 166.142 437.192
216.976 61.3836 3.50392 3.42402 158.785 316.375
218.049 60.1785 3.43625 2.8556 136.426 417.051
216.031 60.2361 3.45165 2.72114 165.509 317.941
217.533 61.187 3.47515 3.23627 146.01 350.149
218.652 60.2994 3.45915 2.93416 144.828 440.864
219.217 60.1294 3.46439 2.92477 198.198 477.294
216.221 60.072 3.45047 2.70186 161.326 337.164
218.856 60.4399 3.46744 3.02819 212.311 444.763
216.546 61.2275 3.47057 3.22585 260.076 297.523
212.567 65.1173 3.52924 3.08177 82.0024 380.346
212.57 65.1176 3.52852 3.0911 83.5501 380.405
