# evlo=213.496506 evla=60.396
194.627 64.5646 3.52019 2.99451 72.6927 1072.9
217.908 60.4896 3.41016 2.77011 200.547 243.07
217.654 61.036 3.43185 2.75963 309.605 237.838
218.338 61.0595 3.43162 2.8497 243.877 274.266
220.363 59.9534 3.43566 2.66261 110.956 384.131
225.144 58.5792 3.5382 2.93331 124.687 689.237
209.013 64.0997 3.49446 3.02635 87.8942 473.753
209.094 59.7511 3.50613 2.86791 269.833 255.388
209.259 59.7417 3.51685 2.85876 331.989 246.935
210.701 64.1732 3.4923 3.09561 73.378 445.174
208.846 60.7683 3.46711 2.83448 182.305 258.216
207.916 63.4188 3.46893 2.83886 119.926 446.357
212.195 64.6453 3.54345 2.9158 108.034 478.296
200.411 54.831 3.4851 2.90701 136.021 994.932
207.685 63.8827 3.48048 2.88463 117.38 492.435
208.763 59.5251 3.51617 2.85651 343.597 281.622
209.796 67.2269 3.52288 2.95579 53.9583 782.635
218.66 60.9649 3.43264 2.8487 330.876 289.13
209.738 62.4058 3.47067 2.90087 121.987 300.719
212.624 63.0753 3.55316 2.9913 191.015 302.116
215.93 63.6482 3.46653 2.95504 141.9 384.126
196.582 54.8564 3.52777 2.94322 99.2743 1178.93
214.766 66.5657 3.52152 2.97016 142.594 690.594
188.296 63.7758 3.54173 3.00755 77.9816 1359.41
203.121 64.7461 3.50915 2.96043 123.876 719.293
218.244 60.7315 3.41328 2.80033 207.99 263.011
213.052 64.4091 3.51616 2.97768 139.413 447.855
208.348 59.6572 3.50098 2.8895 249.521 298.509
225.615 58.2758 3.56154 2.99921 115.904 727.794
217.639 60.9231 3.42815 2.78936 312.995 234.006
197.4 66.8951 3.52526 2.97343 66.4862 1071.75
209.077 63.5527 3.46676 2.94561 112.115 421.079
218.995 60.824 3.41762 2.84938 274.464 304.819
211.063 63.7318 3.51572 3.10142 88.817 392.871
211.768 64.9602 3.56438 2.99341 74.803 516.307
218.049 60.1785 3.44775 2.76498 213.003 252.963
209.256 65.0304 3.56605 3.03424 109.242 559.967
210.931 64.5928 3.47873 3.01341 68.6668 485.988
191.145 52.9721 3.54879 2.95939 137.032 1588.21
214.53 62.9699 3.45088 2.89767 366.153 291.999
219.747 60.0959 3.43416 2.79129 165.049 347.691
220.599 59.667 3.44297 2.7165 135.619 403.953
214.475 65.5174 3.52018 3.00953 146.967 572.974
207.811 62.8962 3.45892 2.9171 176.053 410.171
217.533 61.1871 3.41635 2.75259 304.23 236.79
197.092 68.0541 3.5098 2.97109 81.6355 1160.29
215.154 63.7399 3.48644 2.92536 227.847 382.573
218.652 60.2994 3.42979 2.71472 146.436 284.794
211.14 63.4056 3.53031 3.09729 105.096 357.491
219.217 60.1294 3.45626 2.7721 199.195 317.969
216.01 63.9761 3.47684 2.96585 177.02 419.831
208.468 61.98 3.49114 2.82314 174.863 322.821
189.752 57.1766 3.56811 3.04371 82.7911 1410.63
209.253 61.4636 3.51051 2.87649 199.385 258.961
218.856 60.4399 3.40672 2.70466 178.329 295.222
192.073 65.5598 3.53153 2.99139 66.1513 1220.93
209.711 63.4502 3.55076 2.99845 169.665 394.06
193.495 53.8452 3.53255 2.96388 127.618 1405.88
211.449 62.8295 3.52938 3.05053 129.603 292.103
211.415 62.9628 3.5218 3.15583 59.6032 306.512
211.462 62.6812 3.45477 3.13353 52.9093 276.657
212.058 62.8349 3.5907 2.99709 87.0409 282.286
211.771 63.0624 3.58248 3.02382 61.6249 310.797
212.26 62.5808 3.59587 3.10792 165.465 252.21
211.152 62.8331 3.48976 3.06068 159.759 298.666
211.908 64.4716 3.55315 2.90136 110.739 461.547
218.249 60.3583 3.42086 2.71773 182.131 262.141
207.417 57.7828 3.51264 2.9032 182.031 453.808
213.052 64.4091 3.51616 2.97768 139.413 447.855
199.305 63.8864 3.51684 2.94377 74.8996 833.661
205.522 64.7962 3.50786 2.95356 64.0287 638.072
208.018 65.18 3.53947 3.12998 127.122 601.584
210.64 65.1479 3.49887 2.97773 117.468 549.221
216.846 65.3064 3.50245 2.99675 110.598 573.077
218.385 65.6035 3.48774 2.96072 136.139 630.634
220.064 65.4483 3.49301 2.99692 169.538 653.816
221.694 65.3609 3.50603 2.99106 163.602 691.822
223.623 65.2225 3.49474 2.95821 145.276 744.086
196.446 62.7492 3.50226 2.94712 75.9394 939.925
199.398 63.2842 3.49411 3.00794 80.897 807.199
200.922 63.3965 3.51373 2.94794 46.9548 739.162
203.285 63.465 3.50113 2.97228 87.1825 634.992
204.379 63.994 3.49527 2.93078 87.1817 620.399
205.853 64.1767 3.48069 2.9414 137.145 577.991
214.63 64.613 3.50028 2.98503 173.525 473.597
216.201 64.5654 2.99949 3.0113 21.4177 485.062
216.436 64.5012 3.4867 2.95208 147.015 481.925
221.784 64.453 3.47546 2.93514 117.96 621.804
221.784 64.4525 3.47497 2.93363 123.618 621.745
223.67 64.5753 3.47188 2.90733 135.286 700.055
195.344 61.9331 3.51662 2.93437 54.0594 988.567
198.469 62.2938 3.5007 2.92113 74.8199 829.488
201.699 62.7161 3.48878 2.91814 104.239 677.132
205.93 63.3569 3.49346 2.92991 129.244 516.49
214.222 63.8036 3.48088 2.96811 127.028 381.644
217.924 64.0292 3.45152 2.97652 229.372 465.621
222.48 63.8433 3.4702 2.92113 199.971 605.236
197.317 61.3416 3.52045 2.96092 82.3947 883.007
198.513 61.678 3.51032 2.94508 73.8966 820.354
200.525 61.7105 3.49853 2.92583 103.82 714.526
201.703 62.1344 3.49186 2.91173 78.4458 660.71
203.311 62.2195 3.47223 2.90099 88.4428 581.596
205.146 62.1816 3.47374 2.87824 128.55 489.494
206.12 62.4787 3.48722 2.92655 110.519 456.555
216.652 63.0254 3.41441 2.88865 267.577 337.139
218.173 63.0618 3.4299 2.92438 309.602 386.272
221.871 63.109 3.44843 2.89639 149.228 535.172
193.799 60.3849 3.52188 2.98564 74.0521 1082.1
196.65 60.4135 3.51611 2.96897 107.804 925.999
198.04 60.7515 3.51684 2.98935 95.9023 846.457
199.312 60.6947 3.50547 2.97823 108.689 777.649
201.041 61.0224 3.5066 2.96944 144.746 682.627
202.562 61.4009 3.50177 2.96802 108.185 603.214
204.176 61.4907 3.4842 2.9264 108.298 519.241
205.609 61.9037 3.4731 2.88555 99.8025 456.441
206.868 61.8823 3.46959 2.84127 119.108 393.374
209.88 61.7531 3.47877 2.81301 162.544 246.903
217.004 62.4013 3.3886 2.87768 306.57 291.546
218.122 62.3579 3.40457 2.74807 233.542 329.945
221.538 62.4435 3.44645 2.94113 236.629 485.729
223.206 62.5763 3.47009 2.93357 171.55 570.8
225.609 62.2024 3.47013 2.94373 233.011 678.543
198.315 59.9237 3.50612 2.99737 113.969 842.812
199.908 60.1686 3.49833 2.9938 102.585 750.868
201.231 60.4742 3.50114 3.00613 115.93 674.488
202.813 60.5269 3.50082 2.9713 84.8976 587.337
204.11 60.6801 3.48998 2.93822 137.707 515.752
205.516 60.8132 3.46699 2.92333 207.61 439.339
207.791 61.2001 3.44386 2.88545 138.835 323.205
222.911 61.4593 3.43288 2.87757 233.931 523.642
224.22 61.4862 3.44773 2.87842 164.722 593.147
226.918 61.1512 3.45891 2.90176 156.428 734.88
198.736 59.2533 3.53242 3.00843 92.7685 835.882
200.175 59.1767 3.53638 3.04273 110.832 758.962
201.907 59.5938 3.52576 3.02691 152.446 652.079
202.905 59.7733 3.5185 3.01368 158.701 592.887
204.792 59.8542 3.50308 2.97903 185.314 487.262
205.68 60.1952 3.49316 2.92596 206.967 432.593
207.376 60.0815 3.46362 2.89218 271.873 340.741
219.809 60.7718 3.42909 2.85769 169.541 348.42
221.424 60.3024 3.4331 2.82249 129.326 437.572
223.909 60.7704 3.42932 2.84156 178.928 571.699
190.452 56.6011 3.56993 3.0004 28.7856 1400.23
202.009 59.0314 3.53484 3.02615 145.908 663.212
203.561 59.1953 3.52567 2.9889 111.066 573.048
204.771 59.3922 3.52691 3.00744 185.702 500.684
206.768 59.6524 3.48247 2.94623 216.342 384.026
222.262 59.6304 3.45269 2.75993 100.297 495.911
223.04 60.1218 3.43714 2.83863 109.511 528.79
226.285 59.5898 3.4641 2.89274 104.35 718.235
227.183 60.2114 3.47984 2.90347 96.106 755.592
212.566 65.1171 3.54216 2.97703 131.041 528.328
203.344 58.6774 3.53864 2.99551 180.178 604.73
204.113 58.2637 3.51961 2.89494 154.663 583.891
204.991 58.6484 3.51922 2.89122 165.428 518.818
206.355 58.9287 3.49966 2.87797 210.343 434.174
207.606 58.6097 3.50132 2.82769 202.035 388.257
227.731 58.9601 3.51071 2.92305 93.6364 816.073
202.426 57.5673 3.52426 2.97474 179.882 709.152
203.613 57.6397 3.51216 2.9433 103.718 644.573
205.548 57.5665 3.48092 2.87455 133.602 554.668
224.26 58.4133 3.5848 3.01174 60.8546 649.146
225.482 58.2747 3.57222 3.00115 68.822 720.706
229.033 59.3946 3.48747 2.93358 91.2838 874.695
197.939 55.703 3.5165 2.94807 74.4274 1053.26
200.447 56.2848 3.51144 2.94027 90.0587 888.726
228.869 57.9128 3.56618 2.97132 68.4342 919.566
229.75 56.9811 3.59884 3.12897 42.9052 1013.15
212.138 64.8735 3.5657 2.89837 67.0005 503.854
210.428 68.6408 3.518 2.96319 96.6027 930.615
227.653 56.4191 3.69278 3.32597 44.2038 936.037
211.063 63.7323 3.5161 3.10175 88.817 392.913
211.14 63.4057 3.53035 3.09733 105.096 357.496
217.908 60.4896 3.41016 2.77011 200.547 243.07
218.338 61.0595 3.43169 2.84975 243.877 274.271
218.244 60.7315 3.41328 2.80033 207.99 263.011
217.639 60.9231 3.42799 2.78924 312.995 233.996
218.995 60.8241 3.41764 2.84939 274.464 304.821
218.049 60.1785 3.44775 2.76498 213.003 252.963
217.533 61.187 3.41644 2.75266 304.23 236.796
218.652 60.2994 3.42979 2.71472 146.436 284.794
219.217 60.1294 3.45626 2.7721 199.195 317.969
218.856 60.4399 3.40672 2.70466 178.329 295.222
212.567 65.1173 3.54689 2.97882 51.1569 528.349
212.57 65.1176 3.54877 2.98117 53.2578 528.369
