# evlo=209.076706 evla=63.5527
194.627 64.5646 3.57276 3.00129 125.542 712.919
217.908 60.4896 3.48705 3.0497 126.894 573.994
217.654 61.036 3.5034 3.0742 115.314 525.455
217.507 60.403 3.50506 3.05323 83.8832 563.715
218.338 61.0595 3.48365 3.05648 109.002 554.218
220.363 59.9534 3.48679 3.08102 106.173 716.996
216.3 60.3932 3.50591 3.00621 111.592 516.627
225.144 58.5792 3.49842 3.07885 113.975 1025.14
216.716 60.1205 3.50784 3.01396 105.423 554.53
215.395 60.9677 3.50546 3.1558 250.495 436.39
209.094 59.7511 3.45929 2.89828 245.998 423.65
209.259 59.7417 3.4664 2.9141 288.383 424.805
208.846 60.7683 3.48052 2.93573 243.504 310.548
204.378 55.8218 3.48157 2.99355 111.09 900.43
200.411 54.831 3.56272 3.05957 197.777 1088.33
208.763 59.5251 3.46492 2.91168 276.824 449.136
209.796 67.2269 3.56505 3.00861 175.301 411.022
216.907 60.7523 3.50135 3.04426 145.087 513.313
218.66 60.9649 3.46989 3.04865 91.4415 574.552
217.513 60.0823 3.51624 3.01555 132.814 588.51
214.225 61.1292 3.52656 3.20451 201.02 379.401
215.93 63.6482 3.5471 2.99504 306.07 340.142
214.25 60.5487 3.47403 2.91468 143.919 430.212
196.582 54.8564 3.57256 3.0844 78.228 1198.88
209.784 61.1426 3.50303 2.83585 181.847 271.088
214.766 66.5657 3.64393 3.06454 241.979 429.263
188.296 63.7758 3.60876 3.05869 82.2369 1024.76
203.121 64.7461 3.59061 2.95983 155.146 318.786
216.188 61.4417 3.5243 3.0677 155.868 435.169
212.904 60.8792 3.54345 2.9909 129.888 358.238
215.271 60.5805 3.49131 3.05331 165.863 462.867
216.679 60.2805 3.51306 3.02917 130.077 540.23
218.244 60.7315 3.48785 3.09995 102.563 571.432
213.497 60.396 3.46676 2.94561 112.115 421.079
215.738 60.3351 3.49354 2.94981 87.9873 500.37
208.348 59.6572 3.46478 2.90886 201.633 435.82
217.659 60.6024 3.49912 3.07198 109.093 555.442
225.615 58.2758 3.50804 3.11911 75.0103 1067.93
215.581 59.9268 3.4578 2.93654 108.248 529.979
216.749 60.4427 3.51205 3.05403 162.426 530.206
217.639 60.9231 3.50184 3.09613 130.123 532.322
214.077 61.4924 3.51464 3.12639 215.935 344.859
211.542 61.4131 3.42807 3.02459 196.538 270.178
197.4 66.8951 3.55015 2.99021 85.0898 659.644
217.277 60.2474 3.52031 3.03663 88.987 566.271
218.995 60.824 3.48021 3.07618 106.699 598.448
216.976 61.3836 3.52177 3.05792 137.222 473.382
218.049 60.1785 3.51075 3.06655 132.258 602.747
216.031 60.2361 3.48223 2.8731 96.9169 519.376
191.145 52.9721 3.59522 3.0567 123.468 1569.19
214.53 62.9699 3.48888 2.93978 241.497 281.371
219.747 60.0959 3.48212 3.0627 118.263 680.317
220.599 59.667 3.50492 3.06647 153.956 747.507
214.475 65.5174 3.64016 3.10017 306.544 339.084
217.533 61.1871 3.49205 3.01056 113.806 510.389
211.667 60.8584 3.45222 3.13612 178.554 329.078
215.323 60.3863 3.4724 2.93991 109.679 481.092
210.261 61.0889 3.51814 2.82849 196.442 281.361
197.092 68.0541 3.5075 2.96625 97.1209 741.116
215.154 63.7399 3.53745 2.99932 355.436 301.723
218.652 60.2994 3.48622 3.07189 97.0672 619.008
219.217 60.1294 3.49047 3.064 144.897 655.183
211.668 61.807 3.4513 3.11401 192.093 235.509
212.671 61.832 3.55564 3.1107 169.313 265.734
216.01 63.9761 3.55751 3.0423 301.061 345.151
214.792 60.5341 3.45297 2.84403 94.9234 449.772
205.816 56.5593 3.45694 2.97892 125.414 799.786
209.777 60.5117 3.47297 2.8521 202.091 340.878
189.752 57.1766 3.59827 3.09809 119.261 1273.48
209.253 61.4636 3.48745 2.95002 271.31 233.015
217.161 60.1791 3.51546 2.99649 149.524 567.047
210.547 60.1043 3.5521 2.85176 146.689 392.007
218.856 60.4399 3.47799 3.03577 103.123 617.833
217.171 60.7541 3.49741 3.03691 151.386 524.12
192.073 65.5598 3.57782 3.01134 92.5061 842.644
193.495 53.8452 3.58305 3.05989 112.601 1401.35
216.546 61.2275 3.50823 3.0751 136.667 464.762
217.147 60.448 3.50315 3.02309 161.243 545.709
218.249 60.3583 3.4947 3.07211 122.038 597.76
197.317 61.3416 3.61349 3.11913 182.818 654.044
198.513 61.678 3.60983 3.15838 175.078 580.337
200.525 61.7105 3.59805 3.06258 191.206 483.94
201.703 62.1344 3.605 3.13975 178.986 407.263
203.311 62.2195 3.61138 3.16262 311.391 328.618
205.146 62.1816 3.59741 3.05988 362.324 251.711
216.652 63.0254 3.5156 3.01027 281.336 384.354
218.173 63.0618 3.54315 2.98573 237.432 458.932
221.871 63.109 3.56553 3.06693 184.303 641.799
193.799 60.3849 3.60557 3.06062 114.312 872.891
196.65 60.4135 3.59716 3.1067 136.781 737.779
198.04 60.7515 3.59545 3.07118 132.793 653.448
199.312 60.6947 3.5876 3.05297 142.974 600.018
201.041 61.0224 3.58201 3.09339 182.94 502.929
202.562 61.4009 3.56804 3.02731 158.92 412.489
204.176 61.4907 3.58077 3.06735 214.368 341.185
205.609 61.9037 3.53805 3.02338 502.831 255.358
212.274 61.7929 3.54929 3.24543 187.346 255.491
213.825 62.1067 3.53603 2.98182 206.125 290.653
217.004 62.4013 3.51798 3.06236 185.531 421.664
218.122 62.3579 3.51383 3.02912 218.966 477.515
221.538 62.4435 3.56346 3.04436 201.876 642.367
223.206 62.5763 3.5781 3.09044 175.541 721.127
225.609 62.2024 3.57999 3.06016 147.484 852.106
198.315 59.9237 3.5834 3.08122 135.709 696.455
199.908 60.1686 3.57928 3.08872 163.125 611.548
201.231 60.4742 3.57186 3.09563 193.786 534.682
202.813 60.5269 3.60143 3.04604 181.516 469.859
204.11 60.6801 3.56422 3.07386 322.029 411.701
205.516 60.8132 3.50466 3.04953 295.235 357.099
207.791 61.2001 3.47598 2.98081 235.716 270.496
215.402 61.6061 3.52646 2.99454 215.755 390.59
222.911 61.4593 3.55709 3.07327 105.751 748.327
224.22 61.4862 3.55771 3.05888 141.728 811.051
226.918 61.1512 3.57182 3.06796 141.329 958.45
198.736 59.2533 3.58736 3.04447 152.451 729.696
200.175 59.1767 3.57761 3.05533 154.555 680.359
201.907 59.5938 3.59607 3.06528 189.844 582.194
202.905 59.7733 3.58355 3.11927 236.564 532.686
204.792 59.8542 3.51344 3.06201 276.505 470.154
205.68 60.1952 3.48746 3.03007 219.099 414.527
207.376 60.0815 3.4803 3.03061 210.42 397.054
210.276 60.4814 3.52876 2.921 200.291 347.981
219.809 60.7718 3.47828 3.12566 70.778 638.376
221.424 60.3024 3.42168 2.96182 90.8838 741.109
190.452 56.6011 3.59307 3.05305 87.2394 1286.31
202.009 59.0314 3.59515 3.11646 275.597 629.625
203.561 59.1953 3.54604 3.10319 219.956 567.673
204.771 59.3922 3.51003 3.04909 357.674 517.063
206.768 59.6524 3.47277 3.02471 136.494 451.514
212.597 59.9979 3.56928 3.17393 151.3 437.41
222.262 59.6304 3.44005 2.9398 59.8322 823.034
223.04 60.1218 3.46331 3.00776 97.0875 826.626
226.285 59.5898 3.50914 2.98535 54.4417 1011.17
227.183 60.2114 3.57547 3.09319 81.7146 1018.27
212.566 65.1171 3.64953 3.11273 330.685 242.589
203.344 58.6774 3.54737 3.09908 235.422 624.457
204.113 58.2637 3.53481 3.09586 167.889 647.509
204.991 58.6484 3.52787 3.08128 160.294 588.952
206.355 58.9287 3.48283 3.03642 158.18 535.464
207.606 58.6097 3.456 2.94062 192.32 556.452
213.66 59.4296 3.54552 2.99525 84.8495 520.009
227.731 58.9601 3.51057 3.01116 84.9454 1118.75
202.426 57.5673 3.55279 3.09846 220.519 759.264
203.613 57.6397 3.53197 3.10876 170.652 723.058
205.548 57.5665 3.5137 3.04644 68.5827 694.253
224.26 58.4133 3.51785 3.2196 30.3599 997.858
225.482 58.2747 3.50425 3.08954 60.8973 1062.05
229.033 59.3946 3.56836 2.97235 44.7115 1154
200.447 56.2848 3.56564 3.09121 177.949 940.866
225.424 57.4688 3.49478 2.97772 30.158 1119.84
228.869 57.9128 3.51763 3.03281 123.755 1241.91
227.048 56.8144 3.55867 3.27888 29.8918 1241.1
229.75 56.9811 3.51378 3.04049 81.3879 1349.14
210.428 68.6408 3.54392 2.94176 114.498 570.611
226.879 56.1146 3.58074 3.10033 27.8381 1289.8
229.974 55.9154 3.52189 3.0028 32.5783 1440.19
228.385 55.3279 3.60215 3.23935 39.1715 1418.3
227.653 56.4191 3.60326 3.38696 40.9565 1298.52
218.547 60.1369 4.05246 4.13549 165.646 626.396
217.908 60.4896 3.48705 3.0497 126.894 573.994
217.507 60.403 3.50506 3.05323 83.8832 563.715
218.338 61.0595 3.48368 3.0565 109.002 554.223
216.296 60.3923 3.50552 3.00587 111.592 516.569
216.716 60.1205 3.50784 3.01396 105.423 554.53
215.271 60.5805 3.49131 3.05331 165.863 462.867
216.679 60.2805 3.51306 3.02917 130.077 540.23
218.244 60.7315 3.48785 3.09995 102.563 571.432
217.659 60.602 3.49917 3.07202 109.093 555.45
216.749 60.4427 3.51205 3.05403 162.426 530.206
217.639 60.9231 3.50179 3.09608 130.123 532.313
217.277 60.2474 3.52031 3.03663 88.987 566.271
218.995 60.8241 3.48017 3.07615 106.699 598.441
216.976 61.3836 3.52177 3.05792 137.222 473.382
218.049 60.1785 3.51075 3.06655 132.258 602.747
216.031 60.2361 3.48223 2.8731 96.9169 519.376
217.533 61.187 3.49215 3.01065 113.806 510.405
218.652 60.2994 3.48622 3.07189 97.0672 619.008
219.217 60.1294 3.49047 3.064 144.897 655.183
218.856 60.4399 3.47799 3.03577 103.123 617.833
216.546 61.2275 3.50823 3.0751 136.667 464.762
212.567 65.1173 3.63868 3.12148 79.6841 242.615
212.57 65.1176 3.642 3.14424 84.6667 242.732
209.518 60.7352 3.45424 2.80361 139.64 314.843
209.518 60.7351 3.45438 2.80372 139.64 314.856
