# evlo=214.475403 evla=65.517403
225.449 60.24 3.59836 3.08564 52.048 808.878
194.627 64.5646 3.60375 3.08563 198.705 936.969
217.908 60.4896 3.48986 2.96948 80.7247 586.565
217.654 61.036 3.52688 2.96413 110.751 524.215
217.507 60.403 3.50394 3.01224 91.0089 590.273
218.338 61.0595 3.52207 3.09193 93.1457 533.114
220.363 59.9534 3.5199 3.04836 103.455 688.672
216.3 60.3932 3.51105 3.04394 101.337 578.538
225.144 58.5792 3.57718 3.10476 93.4898 950.927
216.716 60.1205 3.50647 2.95654 89.2465 612.182
215.395 60.9677 3.50332 2.92087 61.0529 509.22
209.013 64.0997 3.65669 3.20429 333.166 303.738
209.094 59.7511 3.50594 3.08695 157.035 698.893
209.259 59.7417 3.51053 3.11023 153.701 696.614
210.701 64.1732 3.64958 3.11007 341.753 233.459
208.846 60.7683 3.498 2.96833 115.694 600.126
207.916 63.4188 3.65877 3.1502 204.007 392.551
204.378 55.8218 3.48454 2.91404 157.041 1209.77
207.685 63.8827 3.65454 3.16299 265.869 371.413
208.763 59.5251 3.50044 3.02657 199.474 729.101
209.796 67.2269 3.55495 3.03042 206.753 283.012
216.907 60.7523 3.51579 3.04689 107.018 545.013
218.66 60.9649 3.51416 3.0463 89.8836 549.007
209.738 62.4058 3.59569 3.09159 199.22 417.144
217.513 60.0823 3.51694 3.00684 99.0646 625.111
212.624 63.0753 3.51405 3.02059 236.06 286.593
214.225 61.1292 3.52449 3.06225 170.952 489.297
214.25 60.5487 3.52977 2.98356 159.206 553.937
196.582 54.8564 3.58963 3.04823 67.3684 1536.76
213.401 60.7277 3.51246 3.04132 194.245 536.6
209.784 61.1426 3.51711 3.08033 143.225 540.998
188.296 63.7758 3.61811 3.08972 103.363 1256.8
203.121 64.7461 3.62394 3.10749 231.055 539.144
211.074 61.771 3.53013 3.10388 208.512 450.192
216.188 61.4417 3.4707 3.09749 166.037 462.216
212.904 60.8792 3.51746 3.07593 197.349 522.966
215.271 60.5805 3.50649 2.91589 50.7282 551.735
216.679 60.2805 3.50402 2.97418 82.7283 594.268
218.244 60.7315 3.51405 3.02958 81.561 566.088
213.497 60.396 3.52018 3.00953 146.967 572.974
215.738 60.3351 3.47965 2.98716 66.4338 581.138
208.348 59.6572 3.492 2.99496 155.012 724.292
217.659 60.6024 3.51524 2.96413 92.6906 570.827
225.615 58.2758 3.58581 3.10338 94.9008 994.089
215.581 59.9268 3.47368 2.96587 39.9704 625.648
216.749 60.4427 3.51494 3.03351 97.3906 577.165
217.639 60.9231 3.5191 2.98201 116.279 536.089
214.077 61.4924 3.52887 3.10435 183.215 449.1
211.542 61.4131 3.52739 3.12876 226.972 480.195
197.4 66.8951 3.58605 3.0995 95.9083 781.597
209.077 63.5527 3.64016 3.10017 306.544 339.084
217.277 60.2474 3.53859 2.97729 63.4505 604.283
218.995 60.824 3.50196 3.00984 95.4923 570.205
216.976 61.3836 3.51634 3.01243 133.553 477.284
211.063 63.7318 3.61378 3.17362 296.962 257.378
218.049 60.1785 3.50156 3.00881 94.1491 622.046
209.256 65.0304 3.61845 3.13839 385.216 249.61
216.031 60.2361 3.4971 3.03912 88.3705 593.901
191.145 52.9721 3.5995 3.0957 60.5467 1908.04
214.53 62.9699 3.59891 3.05958 176.055 284.011
219.747 60.0959 3.51265 3.05257 82.6473 660.871
220.599 59.667 3.52188 3.0826 79.1511 723.206
207.811 62.8962 3.61845 3.09765 275.048 435.691
217.533 61.1871 3.5219 2.97378 120.219 506.225
211.667 60.8584 3.5255 3.08874 167.385 538.089
215.323 60.3863 3.46481 2.91664 41.6161 573.516
210.261 61.0889 3.52358 3.11092 211.614 536.684
197.092 68.0541 3.47372 2.88776 73.1348 812.225
218.652 60.2994 3.48574 2.89439 54.7785 618.811
211.14 63.4056 3.60365 3.13937 244.432 284.865
219.217 60.1294 3.4975 2.92095 76.2474 646.931
211.668 61.807 3.53802 3.11523 194.243 436.234
212.671 61.832 3.53687 3.10427 247.092 420.373
214.792 60.5341 3.52979 2.89834 55.409 555.676
205.816 56.5593 3.4871 2.92771 167.755 1100.11
208.468 61.98 3.57405 3.03905 185.25 492.962
209.777 60.5117 3.5223 3.12285 206.31 606.177
189.752 57.1766 3.62341 3.11881 91.1084 1599.87
209.253 61.4636 3.55034 3.07284 132.707 521.029
217.161 60.1791 3.52591 3.00645 97.8353 610.385
216.221 60.072 3.49925 2.98285 78.5378 613.374
210.547 60.1043 3.53008 3.10478 173.829 635.423
218.856 60.4399 3.50465 2.95646 77.3353 607.623
217.171 60.7541 3.51315 2.99265 136.897 547.937
192.073 65.5598 3.60512 3.08024 135.983 1030.04
209.711 63.4502 3.62224 3.1057 309.479 324.803
193.495 53.8452 3.59271 3.09913 37.273 1740.41
216.546 61.2275 3.49976 3.08122 138.416 489.202
211.449 62.8295 3.5676 3.05778 222.685 333.747
211.415 62.9628 3.58677 3.06072 88.5444 321.09
211.462 62.6812 3.52974 3.03527 74.3421 348.549
212.058 62.8349 3.52261 3.04713 105.98 321.261
211.771 63.0624 3.58467 3.1325 115.546 303.333
212.26 62.5808 3.52676 3.0977 260.182 344.736
211.152 62.8331 3.58383 3.12226 242.522 339.977
217.147 60.448 3.51151 3.01026 145.143 580.92
218.249 60.3583 3.4921 2.99435 74.9492 605.858
203.344 58.6774 3.58391 3.10102 177.886 955.808
204.113 58.2637 3.56912 3.09638 104.252 972.202
204.991 58.6484 3.5512 3.09206 99.8998 909.814
206.355 58.9287 3.49849 2.98144 122.169 845.593
207.606 58.6097 3.48495 3.02355 184.928 848.367
213.66 59.4296 3.5232 2.94795 104.993 679.789
227.731 58.9601 3.60822 3.07914 52.995 1000.59
202.426 57.5673 3.58429 3.08345 138.353 1089.49
203.613 57.6397 3.56079 3.10079 81.5726 1047.35
205.548 57.5665 3.49735 3.03919 73.7664 1003.03
224.26 58.4133 3.55331 3.06357 48.6533 941.201
225.482 58.2747 3.58169 3.11674 67.0972 990.164
229.033 59.3946 3.62353 3.10634 47.6106 1010.62
197.939 55.703 3.58709 3.08555 94.8108 1410.95
200.447 56.2848 3.58366 3.11873 76.042 1273.76
223.768 57.9616 3.564 3.07407 64.893 972.5
225.424 57.4688 3.58275 3.10941 74.1247 1066.53
228.869 57.9128 3.58907 3.07846 48.6157 1133.85
227.048 56.8144 3.59828 3.13273 39.67 1177.87
229.75 56.9811 3.58312 3.08864 58.3266 1249.21
210.428 68.6408 3.48933 2.86728 129.076 390.076
226.879 56.1146 3.60084 3.16523 56.9714 1241.41
229.974 55.9154 3.59161 3.10457 35.4061 1356.29
228.385 55.3279 3.60239 3.12028 62.0775 1363.03
227.653 56.4191 3.59528 3.09775 69.338 1234.5
209.931 62.7622 2.89181 2.14985 183.529 378.346
211.063 63.7323 3.61296 3.1729 296.962 257.319
211.14 63.4057 3.60357 3.1393 244.432 284.858
218.547 60.1369 4.0312 3.3521 50.7892 634.277
217.908 60.4896 3.48986 2.96948 80.7247 586.565
217.507 60.403 3.50394 3.01224 91.0089 590.273
218.338 61.0595 3.52208 3.09194 93.1457 533.116
216.296 60.3923 3.51149 3.04431 101.337 578.61
216.716 60.1205 3.50647 2.95654 89.2465 612.182
215.271 60.5805 3.50649 2.91589 50.7282 551.735
216.679 60.2805 3.50402 2.97418 82.7283 594.268
218.244 60.7315 3.51405 3.02958 81.561 566.088
217.659 60.602 3.51546 2.96432 92.6906 570.863
216.749 60.4427 3.51494 3.03351 97.3906 577.165
217.639 60.9231 3.51908 2.98199 116.279 536.086
217.277 60.2474 3.53859 2.97729 63.4505 604.283
218.995 60.8241 3.5019 3.00978 95.4923 570.195
216.976 61.3836 3.51634 3.01243 133.553 477.284
218.049 60.1785 3.50156 3.00881 94.1491 622.046
216.031 60.2361 3.4971 3.03912 88.3705 593.901
217.533 61.187 3.522 2.97386 120.219 506.238
218.652 60.2994 3.48574 2.89439 54.7785 618.811
219.217 60.1294 3.4975 2.92095 76.2474 646.931
216.221 60.072 3.49925 2.98285 78.5378 613.374
218.856 60.4399 3.50465 2.95646 77.3353 607.623
216.546 61.2275 3.49976 3.08122 138.416 489.202
