# evlo=197.091995 evla=68.0541
194.627 64.5646 3.53867 2.95075 175.845 404.446
217.908 60.4896 3.49864 2.95451 36.4959 1303.47
217.654 61.036 3.50302 3.00112 59.5847 1248.82
217.507 60.403 3.51041 2.97796 33.4766 1296.37
218.338 61.0595 3.50238 2.99433 65.6397 1272.08
220.363 59.9534 3.501 2.94138 47.3978 1438.11
216.3 60.3932 3.51084 3.00946 28.6826 1254.65
225.144 58.5792 3.54302 3.07868 27.3472 1733.04
215.395 60.9677 3.51868 3.03251 68.2874 1173.81
209.013 64.0997 3.50578 2.9361 93.2148 694.895
209.094 59.7511 3.50278 2.92241 56.9815 1093.04
209.259 59.7417 3.49868 2.93834 62.8703 1098.23
210.701 64.1732 3.54742 2.99922 52.8898 749.57
208.846 60.7683 3.51098 2.95677 50.1097 986.84
207.916 63.4188 3.52626 3.05018 93.2566 714.793
212.195 64.6453 3.54598 3.01455 80.971 772.954
204.378 55.8218 3.5359 2.97368 42.717 1413.51
200.411 54.831 3.54033 3.00788 23.3328 1483.57
207.685 63.8827 3.51299 2.95543 79.558 667.873
209.796 67.2269 3.39922 2.78965 239.115 546.355
216.907 60.7523 3.50575 2.9944 57.2065 1245.43
218.66 60.9649 3.50406 2.98126 60.1467 1291.69
209.738 62.4058 3.51058 2.95717 80.1542 860.779
217.513 60.0823 3.50795 3.05211 41.2247 1324
221.785 59.0906 3.50447 2.9503 15.932 1563.44
212.624 63.0753 3.52185 2.94822 64.1959 902.76
214.225 61.1292 3.53091 3.04704 54.7219 1119.64
215.93 63.6482 3.5563 2.97448 60.9241 984.986
214.25 60.5487 3.50784 2.94266 72.5982 1171.29
196.582 54.8564 3.58475 3.00762 53.776 1470.91
213.401 60.7277 3.50396 2.98264 85.7774 1127.41
209.784 61.1426 3.49915 2.94219 65.2535 977.444
214.766 66.5657 3.45844 2.84703 162.409 776.106
188.296 63.7758 3.60051 3.05909 162.095 621.834
203.121 64.7461 3.48955 2.92276 80.4505 456.378
211.074 61.771 3.49769 2.94007 56.6964 959.386
216.188 61.4417 3.50473 2.99797 63.8339 1162.26
212.904 60.8792 3.50474 2.98879 82.2277 1097.7
215.271 60.5805 3.50691 2.98771 38.5062 1202.91
216.679 60.2805 3.51353 3.04782 32.0196 1277.62
218.244 60.7315 3.49726 2.98862 64.6336 1295.5
213.052 64.4091 3.54952 2.98801 108.666 821.7
213.497 60.396 3.5098 2.97109 81.6355 1160.29
215.738 60.3351 3.54005 3.22478 32.1036 1240.31
217.659 60.6024 3.49871 2.95876 45.8815 1285.01
225.615 58.2758 3.53482 2.98975 19.1538 1776.61
215.581 59.9268 3.50461 2.91947 36.9885 1271.04
216.749 60.4427 3.51989 3.03248 58.0111 1266.12
217.639 60.9231 3.50026 2.98637 70.5811 1257.6
214.077 61.4924 3.52276 3.02594 90.4476 1083.47
211.542 61.4131 3.50494 2.98182 90.205 1006.19
209.077 63.5527 3.5075 2.96625 97.1209 741.116
217.277 60.2474 3.50667 3.01575 38.0986 1301.47
218.995 60.824 3.50611 2.9808 50.4836 1315.59
216.976 61.3836 3.50384 2.99653 48.5951 1195.65
211.063 63.7318 3.53343 2.9692 72.6464 795.804
211.768 64.9602 3.52759 2.96698 61.102 736.123
218.049 60.1785 3.50232 2.98723 40.9019 1334.86
209.256 65.0304 3.52744 2.9659 97.9356 635.462
210.931 64.5928 3.54091 2.93495 68.7682 728.237
216.031 60.2361 3.50324 2.9335 30.0951 1259.01
191.145 52.9721 3.59216 3.02269 48.7005 1709.96
214.53 62.9699 3.53724 3.03599 98.3133 980.646
219.747 60.0959 3.49756 2.9542 48.3766 1403.49
220.599 59.667 3.50265 2.94156 60.3949 1470.83
214.475 65.5174 3.47372 2.88776 73.1348 812.225
207.811 62.8962 3.51564 2.96604 107.884 757.791
217.533 61.1871 3.50371 2.99945 73.8872 1232.04
211.667 60.8584 3.50306 2.95997 79.5396 1060.35
215.323 60.3863 3.49826 2.95378 37.4846 1221.66
210.261 61.0889 3.50963 3.00338 64.6813 996.469
215.154 63.7399 3.55625 2.91134 43.2876 948.486
218.652 60.2994 3.49692 2.95111 37.6691 1346.38
211.14 63.4056 3.52306 2.96243 79.1052 823.908
219.217 60.1294 3.49766 2.95844 56.2964 1381.24
211.668 61.807 3.51231 2.96377 69.3384 975.401
212.671 61.832 3.52526 3.03502 88.5422 1006.53
216.01 63.9761 3.55441 2.95984 96.3901 965.975
214.792 60.5341 3.50309 2.94664 41.2024 1190.71
208.468 61.98 3.53826 3.0742 85.8775 861.112
209.777 60.5117 3.48958 2.91833 50.6243 1037.14
189.752 57.1766 3.60619 3.01961 97.9856 1267.43
217.161 60.1791 3.50854 3.04193 50.6702 1303.27
216.221 60.072 3.49878 2.95377 25.6499 1279.91
210.547 60.1043 3.499 2.93038 59.3109 1097.89
218.856 60.4399 3.49677 2.95835 55.8281 1342.06
217.171 60.7541 3.49934 2.98721 67.844 1254.71
192.073 65.5598 3.55016 2.93625 226.709 354.825
209.711 63.4502 3.51266 2.96408 96.5422 770.865
193.495 53.8452 3.5661 3.0109 82.1461 1594.52
216.546 61.2275 3.50525 3.00015 62.4623 1192.81
211.449 62.8295 3.52709 2.97727 86.3471 881.135
211.415 62.9628 3.53939 2.95206 37.7566 869.03
211.462 62.6812 3.52317 2.99356 39.2546 893.852
212.058 62.8349 3.5229 2.99869 45.6724 901.822
211.771 63.0624 3.52072 2.95088 39.7983 873.445
212.26 62.5808 3.51767 2.98675 63.2065 929.604
211.152 62.8331 3.52244 2.96301 83.3624 870.676
217.147 60.448 3.51294 3.02312 27.661 1279.74
211.908 64.4716 3.54556 3.00575 81.888 773.58
218.249 60.3583 3.50391 2.97389 40.9772 1326.81
213.052 64.4091 3.54952 2.98801 108.666 821.7
197.939 55.703 3.59066 3.01882 78.5743 1377.11
200.447 56.2848 3.54169 3.01405 25.1676 1322.76
223.768 57.9616 3.53249 3.02148 35.7652 1733.96
229.75 56.9811 3.55252 3.0338 17.6482 2046.29
212.138 64.8735 3.5303 2.98696 72.4005 756.03
210.428 68.6408 3.40058 2.73634 211.008 552.115
226.879 56.1146 3.55539 3.0776 20.7258 2012.2
228.385 55.3279 3.56556 3.06791 25.6734 2138.93
209.931 62.7622 2.78882 2.21112 85.651 835.922
211.063 63.7323 3.53335 2.96913 72.6464 795.785
211.14 63.4057 3.52305 2.96242 79.1052 823.906
218.547 60.1369 3.71569 3.36858 38.5111 1356.28
217.908 60.4896 3.49864 2.95451 36.4959 1303.47
217.507 60.403 3.51041 2.97796 33.4766 1296.37
218.338 61.0595 3.50239 2.99434 65.6397 1272.08
216.296 60.3923 3.51073 3.00937 28.6826 1254.61
215.271 60.5805 3.50691 2.98771 38.5062 1202.91
216.679 60.2805 3.51353 3.04782 32.0196 1277.62
218.244 60.7315 3.49726 2.98862 64.6336 1295.5
217.659 60.602 3.49875 2.9588 45.8815 1285.03
216.749 60.4427 3.51989 3.03248 58.0111 1266.12
217.639 60.9231 3.50024 2.98635 70.5811 1257.59
217.277 60.2474 3.50667 3.01575 38.0986 1301.47
218.995 60.8241 3.50609 2.98078 50.4836 1315.59
216.976 61.3836 3.50384 2.99653 48.5951 1195.65
218.049 60.1785 3.50232 2.98723 40.9019 1334.86
216.031 60.2361 3.50324 2.9335 30.0951 1259.01
217.533 61.187 3.50375 2.99949 73.8872 1232.05
218.652 60.2994 3.49692 2.95111 37.6691 1346.38
219.217 60.1294 3.49766 2.95844 56.2964 1381.24
216.221 60.072 3.49878 2.95377 25.6499 1279.91
218.856 60.4399 3.49677 2.95835 55.8281 1342.06
216.546 61.2275 3.50525 3.00015 62.4623 1192.81
