# evlo=211.908203 evla=64.471603
225.449 60.24 3.59628 2.99742 34.1815 842.429
194.627 64.5646 3.59885 3.0511 161.687 827.415
217.908 60.4896 3.4504 2.99099 230.574 540.54
217.654 61.036 3.44278 2.94752 203.848 482.134
217.507 60.403 3.45116 2.96769 93.5813 537.358
218.338 61.0595 3.45951 2.92923 192.805 502.002
220.363 59.9534 3.46878 2.9499 148.146 667.564
216.3 60.3932 3.4493 3.05081 131.761 507.726
225.144 58.5792 3.55582 3.07818 78.2041 959.485
216.716 60.1205 3.48382 3.04078 107.563 544.984
215.395 60.9677 3.55166 3.12321 126.958 429.19
209.094 59.7511 3.46182 3.02784 215.727 546.086
209.259 59.7417 3.46133 3.04262 225.053 544.867
208.846 60.7683 3.47535 3.01945 199.404 441.544
204.378 55.8218 3.4771 2.93581 143.337 1048.9
200.411 54.831 3.57208 3.03497 109.083 1250.23
208.763 59.5251 3.47267 3.01487 259.931 575.203
209.796 67.2269 3.59844 3.16251 157.441 321.971
216.907 60.7523 3.47384 3.05941 205.103 487.247
218.66 60.9649 3.4626 2.91972 183.097 521.066
209.738 62.4058 3.56342 3.11885 319.55 254.451
217.513 60.0823 3.45246 2.97814 115.124 568.719
221.785 59.0906 3.49806 3.04332 22.4354 792.757
214.225 61.1292 3.4716 3.0703 109.687 390.777
214.25 60.5487 3.44194 2.89786 95.6326 453.485
196.582 54.8564 3.57378 3.01954 95.8806 1368.66
213.401 60.7277 3.55372 2.99254 126.283 424.236
209.784 61.1426 3.48689 3.05999 219.089 386.493
214.766 66.5657 3.62005 3.09427 320.759 268.252
188.296 63.7758 3.61864 3.05855 98.6379 1146.19
203.121 64.7461 3.61049 3.1102 244.889 421.373
211.074 61.771 3.50254 3.14055 220.085 303.941
216.188 61.4417 3.41971 2.98686 160.927 401.325
212.904 60.8792 3.5295 2.99996 165.17 403.621
215.271 60.5805 3.53639 3.04906 136.874 466.809
216.679 60.2805 3.48441 3.07674 149.466 528.006
218.244 60.7315 3.45447 2.98247 168.51 528.327
213.497 60.396 3.55315 2.90136 110.739 461.547
215.738 60.3351 3.54099 3.04509 97.3396 501.527
208.348 59.6572 3.47242 3.00776 208.494 567.697
217.659 60.6024 3.44083 2.99324 153.93 522.629
225.615 58.2758 3.55877 3.10314 79.0682 1003.05
215.581 59.9268 3.54565 2.97396 79.5334 541.18
216.749 60.4427 3.4775 3.05322 194.077 513.528
217.639 60.9231 3.43753 2.97131 184.897 492.063
214.077 61.4924 3.5608 3.45581 117.772 349.754
211.542 61.4131 3.48447 3.04318 189.815 341.409
197.4 66.8951 3.63298 3.08956 46.1789 717.472
217.277 60.2474 3.49626 2.9789 67.7831 546.308
218.995 60.824 3.4605 2.92556 168.824 544.691
216.976 61.3836 3.45905 2.93545 193.003 429.54
218.049 60.1785 3.45924 3.02736 141.344 574.146
216.031 60.2361 3.49346 3.02716 86.5171 517.836
191.145 52.9721 3.5935 3.07548 96.9685 1741.27
219.747 60.0959 3.45989 2.93449 156.386 634.244
220.599 59.667 3.46468 2.94274 120.521 701.002
207.811 62.8962 3.57158 2.96294 332.65 268.152
217.533 61.1871 3.44769 2.92362 176.211 464.62
211.667 60.8584 3.48864 3.01105 195.348 402.903
215.323 60.3863 3.51776 3.03792 128.101 488.121
210.261 61.0889 3.50524 3.08641 209.583 386.26
197.092 68.0541 3.54556 3.00575 81.888 773.58
218.652 60.2994 3.44706 2.95543 112.136 580.69
219.217 60.1294 3.45044 2.96041 165.217 614.019
211.668 61.807 3.4946 3.05006 200.919 297.252
212.671 61.832 3.52998 2.97534 223.202 296.717
214.792 60.5341 3.48214 2.96824 133.957 463.207
205.816 56.5593 3.46802 2.94607 230.331 941.946
208.468 61.98 3.54814 3.01578 331.069 327.079
209.777 60.5117 3.48161 3.06728 186.49 454.75
189.752 57.1766 3.60885 3.10935 89.538 1441.94
209.253 61.4636 3.51965 3.08577 219.102 361.239
217.161 60.1791 3.48749 2.99073 95.7926 550.06
216.221 60.072 3.46012 3.03464 86.1956 538.774
210.547 60.1043 3.50738 3.0702 201.265 491.804
218.856 60.4399 3.44737 2.95006 135.811 574.223
217.171 60.7541 3.46567 2.97042 179.891 494.294
192.073 65.5598 3.59262 3.08824 157.141 938.996
193.495 53.8452 3.59117 3.0617 67.257 1572.88
216.546 61.2275 3.43749 3.02125 219.477 431.65
217.147 60.448 3.48212 3.00049 146.104 523.253
218.249 60.3583 3.45704 2.98194 232.762 562.96
218.547 60.1369 3.84817 3.87079 136.864 592.633
217.908 60.4896 3.4504 2.99099 230.574 540.54
217.507 60.403 3.45116 2.96769 93.5813 537.358
218.338 61.0595 3.45954 2.92925 192.805 502.006
216.296 60.3923 3.44939 3.05089 131.761 507.74
216.716 60.1205 3.48382 3.04078 107.563 544.984
215.271 60.5805 3.53639 3.04906 136.874 466.809
216.679 60.2805 3.48441 3.07674 149.466 528.006
218.244 60.7315 3.45447 2.98247 168.51 528.327
217.659 60.602 3.44099 2.99337 153.93 522.653
216.749 60.4427 3.4775 3.05322 194.077 513.528
217.639 60.9231 3.43749 2.97128 184.897 492.057
217.277 60.2474 3.49626 2.9789 67.7831 546.308
218.995 60.8241 3.46044 2.92551 168.824 544.683
216.976 61.3836 3.45905 2.93545 193.003 429.54
218.049 60.1785 3.45924 3.02736 141.344 574.146
216.031 60.2361 3.49346 3.02716 86.5171 517.836
217.533 61.187 3.44781 2.92371 176.211 464.635
218.652 60.2994 3.44706 2.95543 112.136 580.69
219.217 60.1294 3.45044 2.96041 165.217 614.019
216.221 60.072 3.46012 3.03464 86.1956 538.774
218.856 60.4399 3.44737 2.95006 135.811 574.223
216.546 61.2275 3.43749 3.02125 219.477 431.65
