# evlo=198.198395 evla=69.364098
194.627 64.5646 3.49194 2.89799 158.099 557.289
217.908 60.4896 3.48015 2.88487 40.7184 1347.51
217.507 60.403 3.47774 2.9045 40.1727 1343.02
218.338 61.0595 3.47125 2.8801 49.0068 1309.53
216.3 60.3932 3.48691 2.89246 41.322 1307.36
213.401 60.7277 3.73371 2.8565 22.7751 1192.85
215.271 60.5805 3.47619 2.87897 35.831 1259.49
218.244 60.7315 3.47801 2.87129 40.1171 1336.05
213.052 64.4091 3.47327 2.85111 84.9415 849.962
217.659 60.6024 3.47684 2.88227 44.5682 1329.4
217.639 60.9231 3.47708 2.87802 52.9828 1299.54
218.995 60.824 3.47431 2.90327 54.6155 1351.85
216.976 61.3836 3.47366 2.87672 61.6154 1237.03
211.063 63.7318 3.46861 2.85826 42.028 845.898
218.049 60.1785 3.4822 2.90408 43.2352 1380.53
216.031 60.2361 3.49383 2.91163 34.5871 1314.21
217.533 61.1871 3.47507 2.871 61.4549 1272.33
218.652 60.2994 3.47254 2.89657 37.243 1388.3
211.14 63.4056 3.46849 2.85799 55.1708 877.606
219.217 60.1294 3.47576 2.8648 51.9443 1421.77
218.856 60.4399 3.47462 2.8802 42.6469 1381.97
216.546 61.2275 3.4749 2.88399 65.3715 1237.69
203.383 71.3221 3.46459 2.63371 161.395 292.431
205.026 71.0033 3.48092 2.80117 138.396 316.298
205.387 69.6211 3.39343 2.55746 175.219 282.47
206.58 70.34 3.43792 2.76085 232.341 339.911
205.217 69.1565 3.39339 2.55356 235.512 278.291
209.387 69.836 3.40944 2.61747 172.044 437.986
211.299 69.72 3.42355 2.65475 174.357 511.778
215.088 69.9175 3.45869 2.72289 130.88 656.797
216.289 69.626 3.45691 2.68719 107.69 705.502
235.93 69.3475 3.80337 2.57635 27.7248 1461.69
207.318 68.8799 3.41584 2.55462 157.614 366.495
209.319 68.9656 3.41 2.58618 141.933 443.226
211.177 69.1532 3.39455 2.58201 131.485 512.732
213.625 69.322 3.4169 2.62282 158.584 605.999
219.035 69.243 3.44025 2.68064 101.3 818.32
221.263 69.3286 3.44096 2.69401 47.356 902.933
198.174 67.082 3.37418 2.57857 163.224 254.544
202.768 67.4572 3.37707 2.51138 114.242 283.553
203.811 68.2575 3.37993 2.54675 109.67 257.827
206.028 68.4414 3.42833 2.56366 63.9886 330.779
208.187 68.1343 3.40572 2.63107 49.3004 426.258
210.384 68.0584 3.41983 2.63306 88.9086 513.963
211.513 68.0748 3.41595 2.64737 78.6845 557.104
214.432 68.1207 3.41267 2.60709 74.9492 669.452
218.405 68.1861 3.42621 2.69873 127.726 823.296
220.465 68.6043 3.44193 2.71557 133.699 890.549
222.103 68.3889 3.4485 2.72162 126.051 961.653
223.281 66.3701 3.4738 2.75042 50.6924 1097.51
193.671 65.4742 3.49341 2.90947 141.48 474.963
195.352 65.7077 3.4687 2.79965 165.573 425.378
198.75 66.442 3.38856 2.68544 146.906 326.732
200.349 66.6001 3.40315 2.63418 124.362 321.102
202.227 66.8332 3.41331 2.70202 136.563 328.23
204.275 67.0486 3.37281 2.65259 112.234 360.438
206.517 67.2221 3.38595 2.67241 99.2063 417.87
207.821 67.5076 3.42545 2.7893 84.5446 445.191
212.113 67.5187 3.40386 2.60149 71.2765 605.191
214.357 67.5933 3.43514 2.66006 63.0486 688.309
215.855 67.6946 3.41066 2.67681 72.2595 742.251
220.128 67.6136 3.44265 2.73331 88.3856 913.419
224.214 67.6106 3.45318 2.74119 109.638 1074.27
226.258 67.441 3.46328 2.75225 95.7778 1162
195.961 64.9941 3.49604 2.82787 138.426 496.808
197.645 65.3936 3.43781 2.79573 140.015 443.449
199.349 65.5011 3.45008 2.81329 146.909 433.621
201.346 65.895 3.41574 2.68022 106.33 409.243
202.913 66.1434 3.45952 2.77704 86.4067 410.514
208.493 66.9214 3.42393 2.78083 100.231 506.295
209.976 66.7108 3.43696 2.79936 72.4625 572.575
212.525 66.7004 3.43936 2.80188 66.8839 665.875
213.899 66.7653 3.43549 2.68716 34.8565 713.455
216.215 66.9498 3.46023 2.77259 57.8547 791.833
218.345 66.8088 3.44996 2.72053 40.3981 881.677
221.978 66.9116 3.45719 2.73038 78.7495 1018.4
223.778 66.9808 3.46652 2.76213 77.4032 1085.77
225.729 66.9227 3.47504 2.73148 59.1564 1165.33
197.761 64.6379 3.47527 2.86191 171.183 527.414
200.087 64.937 3.48386 2.81473 110.629 500.411
201.637 65.1527 3.43212 2.76279 77.5373 492.371
203.551 65.5276 3.4708 2.67577 90.3359 484.982
205.119 65.4924 3.44812 2.87327 112.616 523.161
207.195 65.6571 3.44063 2.71215 88.3061 563.309
208.623 65.8937 3.40108 2.74169 86.6167 586.871
210.457 65.8251 3.43311 2.77448 55.5571 652.214
212.122 65.8371 3.46588 2.80305 56.5239 708.554
214.181 66.267 3.45756 2.88749 54.6667 754.081
218.473 66.2305 3.45121 2.80909 37.5059 918.582
221.631 66.2191 3.46202 2.7731 46.9799 1041.39
225.657 65.8052 3.49713 2.77259 57.4739 1222.12
214.843 62.3987 3.48166 2.85349 62.329 1079.36
213.052 64.4091 3.47327 2.85111 84.9415 849.962
199.305 63.8864 3.49561 2.8747 128.441 612.788
205.522 64.7962 3.48266 3.04669 75.2896 599.843
208.018 65.18 3.46659 2.81015 48.5908 628.736
210.64 65.1479 3.44722 2.79361 94.3703 711.429
216.846 65.3064 3.50994 2.98874 59.6611 915.748
218.385 65.6035 3.4721 2.86859 53.0062 953.52
220.064 65.4483 3.47293 2.8191 50.555 1027.13
221.694 65.3609 3.46787 2.79106 39.7363 1094.96
223.623 65.2225 3.4706 2.82875 52.0976 1178.01
196.446 62.7492 3.51139 2.88411 95.8702 741.794
199.398 63.2842 3.50499 2.90553 94.5168 680.074
200.922 63.3965 3.46245 2.8423 55.1777 676.354
203.285 63.465 3.49431 2.87906 101.387 695.38
205.853 64.1767 3.45588 2.79099 53.7999 668.408
214.63 64.613 3.4797 2.84641 50.0902 887.019
216.436 64.5012 3.48434 2.82333 55.3796 958.79
221.784 64.4525 3.49747 2.89194 32.1518 1158.6
223.67 64.5753 3.48834 2.85316 36.8233 1221.86
195.344 61.9331 3.51372 2.89172 55.7985 838.686
198.469 62.2938 3.51006 2.90911 132.151 788.462
201.699 62.7161 3.4568 2.87301 64.6194 757.785
214.222 63.8036 3.49481 2.83635 61.4095 938.258
217.924 64.0292 3.49068 2.9096 41.6209 1047.45
222.48 63.8433 3.50478 2.87474 35.8735 1227.97
197.317 61.3416 3.53458 2.92554 119.535 895.399
198.513 61.678 3.51525 2.93199 116.464 857.115
200.525 61.7105 3.52114 2.9278 64.0136 859.969
201.703 62.1344 3.47323 2.84827 86.9438 821.655
203.311 62.2195 3.50755 2.88592 87.2961 829.619
205.146 62.1816 3.82795 2.8515 24.8668 860.506
206.12 62.4787 3.50183 2.81113 28.8331 846.724
216.652 63.0254 3.50502 2.88699 63.9269 1083.73
218.173 63.0618 3.49821 2.86011 62.3502 1132.49
221.871 63.109 3.50592 2.8616 25.2287 1260.4
193.799 60.3849 3.54084 3.01556 81.1101 1021.92
196.65 60.4135 3.54123 2.93238 93.2064 1000.51
198.04 60.7515 3.53601 2.94058 115.943 960.265
199.312 60.6947 3.52657 2.93511 97.8475 967.948
201.041 61.0224 3.50728 2.91497 54.53 939.277
202.562 61.4009 3.49313 2.91112 88.4525 910.202
204.176 61.4907 3.52835 2.85031 63.4418 919.631
206.868 61.8823 3.46702 2.91579 69.8763 922.875
212.274 61.7929 3.49501 2.8823 23.1296 1059.89
213.825 62.1067 3.48579 2.88711 51.572 1074.84
217.004 62.4013 3.49645 2.89903 67.1592 1148.32
218.122 62.3579 3.49276 2.87277 43.0901 1189.24
221.538 62.4435 3.52985 2.94466 39.3803 1300.8
225.609 62.2024 3.52479 2.90871 27.4801 1468.34
198.315 59.9237 3.54408 2.95478 129.942 1052.48
199.908 60.1686 3.52852 2.92171 79.8732 1028.31
201.231 60.4742 3.49016 2.92248 32.6166 1001.16
202.813 60.5269 3.50073 2.92589 100.067 1008.42
205.516 60.8132 3.52396 2.8904 31.1675 1011.87
207.791 61.2001 3.48953 2.91573 67.237 1011.69
215.402 61.6061 3.47583 2.88795 59.9823 1168.04
222.911 61.4593 3.52133 2.89876 35.4084 1430.31
224.22 61.4862 3.7288 2.88668 19.5092 1474.88
226.918 61.1512 3.53345 2.94865 27.9042 1600.57
198.736 59.2533 3.55005 2.95188 78.9898 1127.44
200.175 59.1767 3.53604 2.95091 54.2175 1139.57
201.907 59.5938 3.49465 2.9459 65.2575 1103.23
202.905 59.7733 3.51737 2.92846 89.1041 1091.98
205.68 60.1952 3.5108 2.89719 28.2585 1080.5
207.376 60.0815 3.48731 2.94558 64.77 1120.69
219.809 60.7718 3.47782 2.89071 53.6629 1383.14
221.424 60.3024 3.47916 2.9224 43.3159 1478.47
223.909 60.7704 3.53241 2.92318 33.5162 1523.54
202.009 59.0314 3.50464 2.95829 63.3589 1166.1
203.561 59.1953 3.53219 2.91831 65.7615 1161.91
204.771 59.3922 3.77935 2.88053 20.2033 1154.48
212.597 59.9979 3.54082 3.1095 29.8567 1243.23
222.262 59.6304 3.48666 2.92113 51.7075 1566.43
223.04 60.1218 3.71127 2.91671 21.223 1549.22
226.285 59.5898 3.53818 2.95279 35.7353 1708.94
227.183 60.2114 3.53309 2.92302 23.1574 1688.05
212.566 65.1171 3.45234 2.82644 74.057 777.506
203.344 58.6774 3.53961 2.92949 80.5389 1216.54
204.113 58.2637 3.53268 2.89424 54.8303 1269.8
204.991 58.6484 3.75981 2.91876 26.4759 1238.08
227.731 58.9601 3.54157 2.89689 30.4306 1815.2
202.426 57.5673 3.52471 2.97412 79.8913 1330.96
205.548 57.5665 3.53427 2.94025 44.0775 1362.82
224.26 58.4133 3.51769 2.92744 34.9604 1743.5
225.482 58.2747 3.51786 2.96702 31.0203 1797.51
229.033 59.3946 3.54316 3.00616 23.1821 1824.65
197.939 55.703 3.57069 2.9924 51.3678 1522.6
200.447 56.2848 3.5324 2.98783 19.2988 1462.02
223.768 57.9616 3.50488 2.95648 47.5464 1768.58
225.424 57.4688 3.5226 2.92574 24.727 1869.22
210.428 68.6408 3.42405 2.63804 127.104 494.98
229.974 55.9154 3.53954 2.95324 21.8149 2168.54
228.385 55.3279 3.54268 3.01042 23.2341 2168.73
218.842 64.7774 3.48884 2.81466 39.7676 1026.06
227.653 56.4191 3.54028 3.00358 17.0262 2041.83
209.931 62.7622 2.83234 2.18891 44.9725 904.666
211.063 63.7323 3.46849 2.85816 42.028 845.87
211.14 63.4057 3.46848 2.85798 55.1708 877.602
218.547 60.1369 3.64235 3.19973 36.0031 1399.89
210.84 64.6544 3.46632 2.80536 52.9314 758.729
210.867 64.709 3.46392 2.81503 68.4289 754.962
210.853 64.7716 3.45978 2.82559 75.9768 749.277
210.847 64.8338 3.45727 2.8209 58.3375 743.884
210.819 64.8857 3.45622 2.8194 77.6786 738.67
210.44 64.87 3.45148 2.82017 85.4045 728.087
210.174 64.8537 3.45091 2.80534 80.2136 721.218
210.069 64.7653 3.45773 2.79954 73.8021 725.526
210.917 64.5498 3.46781 2.80899 56.4923 769.975
210.782 64.5716 3.47068 2.80068 60.1587 763.95
210.554 64.5756 3.46331 2.80513 55.7862 756.601
210.901 64.613 3.46667 2.79873 56.329 764.11
211.172 64.6917 3.46242 2.81254 63.1195 765.999
217.908 60.4896 3.48015 2.88487 40.7184 1347.51
217.507 60.403 3.47774 2.9045 40.1727 1343.02
218.338 61.0595 3.47126 2.88011 49.0068 1309.53
216.296 60.3923 3.48687 2.89243 41.322 1307.34
215.271 60.5805 3.47619 2.87897 35.831 1259.49
218.244 60.7315 3.47801 2.87129 40.1171 1336.05
217.659 60.602 3.47689 2.88231 44.5682 1329.42
217.639 60.9231 3.47707 2.87801 52.9828 1299.54
218.995 60.8241 3.47429 2.90325 54.6155 1351.84
216.976 61.3836 3.47366 2.87672 61.6154 1237.03
218.049 60.1785 3.4822 2.90408 43.2352 1380.53
216.031 60.2361 3.49383 2.91163 34.5871 1314.21
217.533 61.187 3.47511 2.87104 61.4549 1272.34
218.652 60.2994 3.47254 2.89657 37.243 1388.3
219.217 60.1294 3.47576 2.8648 51.9443 1421.77
218.856 60.4399 3.47462 2.8802 42.6469 1381.97
216.546 61.2275 3.4749 2.88399 65.3715 1237.69
