# evlo=235.92970300000002 evla=69.347504
194.627 64.5646 3.55562 3.06362 26.3235 1841.52
217.908 60.4896 3.60121 3.05043 177.219 1294.73
217.654 61.036 3.60754 3.07242 185.4 1251.83
217.507 60.403 3.60055 3.04735 135.493 1314.86
218.338 61.0595 3.60671 3.06409 183.433 1228.84
220.363 59.9534 3.58931 3.03471 168.685 1276.61
216.3 60.3932 3.59424 3.06912 142.781 1352.74
225.144 58.5792 3.58031 3.01021 38.0178 1307.04
216.716 60.1205 3.59678 3.05032 172.024 1365.16
215.395 60.9677 3.61125 3.05241 141.594 1329.47
209.013 64.0997 3.65003 3.09012 119.787 1309.15
210.701 64.1732 3.64501 3.05695 112.032 1239.67
213.401 60.7277 3.61105 3.0568 97.0732 1416.57
215.271 60.5805 3.60443 3.05281 149.526 1368.22
216.679 60.2805 3.59812 3.06107 167.849 1351.42
218.244 60.7315 3.60357 3.0543 150.513 1262.11
213.052 64.4091 3.65095 3.06198 150.056 1134.5
217.659 60.6024 3.60152 3.05932 201.626 1291.69
216.749 60.4427 3.59911 3.06572 185.73 1334.26
217.639 60.9231 3.60612 3.0705 182.535 1262.64
217.277 60.2474 3.59819 3.04033 149.427 1336.33
218.995 60.824 3.60592 3.05041 191.546 1231.28
216.976 61.3836 3.61788 3.08357 193.596 1241.5
211.063 63.7318 3.64729 3.05012 112.251 1257.41
218.049 60.1785 3.59326 3.03377 163.247 1319.83
216.031 60.2361 3.59292 3.06198 164.387 1375.57
217.533 61.1871 3.61093 3.08676 169.817 1241.77
218.652 60.2994 3.59492 3.05497 130.034 1290.82
211.14 63.4056 3.64853 3.06351 106.365 1278.49
219.217 60.1294 3.59391 3.04796 179.757 1290.95
216.221 60.072 3.59288 3.04984 174.002 1384.84
218.856 60.4399 3.5997 3.04762 139.692 1271.6
216.546 61.2275 3.61274 3.07835 234.095 1269.2
234.753 71.9871 3.72382 3.07677 149.802 297.681
198.198 69.3641 3.80337 2.57635 27.7248 1461.69
205.387 69.6211 3.42528 2.6322 73.4735 1183.04
194.656 68.2746 3.4355 2.63427 45.5009 1638.06
196.822 68.4753 3.42977 2.63269 70.435 1547.16
198.806 68.6483 3.43272 2.66566 54.6686 1464.7
200.413 69.1049 3.41816 2.61446 72.3273 1386.98
205.217 69.1565 3.43189 2.67832 107.384 1202.21
209.387 69.836 3.41117 2.59535 101.984 1026.62
211.299 69.72 3.41597 2.62916 173.149 955.903
215.088 69.9175 3.36629 2.48245 128.872 808.382
216.289 69.626 3.3945 2.61144 163.469 765.752
196.917 67.6988 3.4354 2.71369 73.4485 1577.61
201.885 68.4946 3.44391 2.72105 100.56 1352.59
203.387 68.7132 3.43778 2.69482 129.919 1286.81
207.318 68.8799 3.44202 2.73166 104.38 1129.65
209.319 68.9656 3.4467 2.75573 123.434 1049.63
211.177 69.1532 3.45107 2.76609 132.041 972.671
213.625 69.322 3.4367 2.71864 129.096 873.979
219.035 69.243 3.44331 2.70744 91.7688 664.863
221.263 69.3286 3.42256 2.59917 109.208 576.407
198.174 67.082 3.46893 2.84647 71.5295 1558.55
199.397 67.4213 3.4557 2.80184 87.1288 1494.55
202.768 67.4572 3.47592 2.84654 63.0566 1361.47
203.811 68.2575 3.45643 2.77909 73.9427 1287.16
206.028 68.4414 3.46088 2.78202 70.6091 1194.25
208.187 68.1343 3.48747 2.84405 71.1531 1121.28
210.384 68.0584 3.50254 2.86544 60.8275 1037.99
211.513 68.0748 3.52333 2.89577 67.5772 992.991
214.432 68.1207 3.56632 2.92714 114.519 876.476
218.405 68.1861 3.59985 2.94274 93.9214 717.729
220.465 68.6043 3.56939 2.88098 109.365 623.227
222.103 68.3889 3.62269 2.97054 114.551 565.408
223.281 66.3701 3.7248 3.16345 210.444 625.561
198.75 66.442 3.51674 2.93277 51.365 1569.07
200.349 66.6001 3.51826 2.9276 41.2995 1498.08
202.227 66.8332 3.50597 2.91814 59.8341 1412.48
204.275 67.0486 3.51052 2.92068 54.3977 1321.51
206.517 67.2221 3.51064 2.94022 71.1381 1225.2
207.821 67.5076 3.50713 2.91753 47.6891 1161.1
212.113 67.5187 3.57002 2.98551 67.2741 991.69
214.357 67.5933 3.59175 2.98535 72.1743 900.163
215.855 67.6946 3.61001 3.0028 96.023 837.004
220.128 67.6136 3.63485 3.05658 97.8357 673.213
224.214 67.6106 3.71118 3.10806 153.642 516.453
226.258 67.441 3.73807 3.14482 226.958 450.205
195.961 64.9941 3.54838 3.03899 27.6947 1762.1
197.645 65.3936 3.54428 3.04241 23.5082 1671.69
206.494 66.5156 3.58085 2.99679 85.2053 1260.8
208.493 66.9214 3.57473 2.99494 76.6388 1161.69
209.976 66.7108 3.59641 3.0103 96.2027 1113.75
212.525 66.7004 3.6199 3.03213 128.264 1014.22
213.899 66.7653 3.62946 3.02839 135.852 957.103
216.215 66.9498 3.63717 3.04366 155.722 857.322
218.345 66.8088 3.66083 3.04421 137.614 782.33
221.978 66.9116 3.70963 3.05766 143.892 638.796
223.778 66.9808 3.73212 3.09572 200.037 568.116
225.729 66.9227 3.7611 3.12944 128.902 502.078
197.761 64.6379 3.57605 3.04269 19.3937 1713.53
200.087 64.937 3.59269 3.0186 36.1219 1603.24
201.637 65.1527 3.59377 3.01937 54.0675 1529.04
203.551 65.5276 3.6009 3.03483 48.7734 1431.36
205.119 65.4924 3.60781 3.02954 73.5826 1371.72
207.195 65.6571 3.6114 3.02812 81.3749 1280.54
208.623 65.8937 3.6194 3.01368 57.9934 1210.92
210.457 65.8251 3.62969 3.02248 84.514 1143.12
212.122 65.8371 3.64503 3.01929 144.309 1077.63
214.18 66.267 3.65286 2.99152 42.5255 973.011
214.181 66.267 3.64571 3.04376 67.3314 972.972
218.473 66.2305 3.67879 3.07122 137.861 810.829
221.631 66.2191 3.71225 3.08363 101.488 694.779
225.657 65.8052 3.71152 3.15919 180.227 588.107
214.843 62.3987 3.64915 3.07052 103.742 1224.52
213.052 64.4091 3.65095 3.06198 150.056 1134.5
199.305 63.8864 3.61714 3.02952 42.886 1701.63
205.522 64.7962 3.6235 3.01099 57.3792 1398.5
208.018 65.18 3.63976 3.03413 92.4143 1276.97
210.64 65.1479 3.64881 3.0357 102.387 1177.15
216.846 65.3064 3.6591 3.068 138.577 931.234
218.385 65.6035 3.68032 3.05353 117.404 854.363
220.064 65.4483 3.69831 3.07257 127.213 804.171
221.694 65.3609 3.71109 3.11171 161.291 753.489
223.623 65.2225 3.7074 3.1476 168.378 699.974
196.446 62.7492 3.61336 3.00534 59.9013 1892.62
199.398 63.2842 3.79807 3.01304 38.6492 1739.04
200.922 63.3965 3.62966 2.99369 51.2436 1671.49
203.285 63.465 3.63728 3.06034 54.8353 1574.49
204.379 63.994 3.63407 3.03594 55.7486 1495.61
205.853 64.1767 3.64205 3.03462 74.4256 1425.92
214.63 64.613 3.66068 3.05693 118.528 1061.29
216.201 64.5654 3.70193 2.9798 20.068 1006.92
216.436 64.5012 3.67413 3.02146 119.178 1003.05
221.784 64.453 3.68422 3.12096 114.72 822.227
221.784 64.4525 3.67895 3.09979 161.59 822.288
223.67 64.5753 3.68704 3.09031 190.973 752.528
195.344 61.9331 3.62127 3.0379 42.304 1995.17
198.469 62.2938 3.62869 3.03807 57.0611 1846.15
201.699 62.7161 3.64428 3.03797 75.6259 1689.42
205.93 63.3569 3.64818 3.05305 130.607 1479.63
214.222 63.8036 3.6589 3.10353 75.9922 1135.24
217.924 64.0292 3.68241 3.09649 132.499 986.064
222.48 63.8433 3.66091 3.0725 174.962 852.316
197.317 61.3416 3.63429 3.03387 49.6024 1962.38
198.513 61.678 3.6372 3.02921 60.6832 1890.22
200.525 61.7105 3.648 3.06454 66.8435 1809.59
201.703 62.1344 3.64938 3.05492 70.188 1732.08
203.311 62.2195 3.65049 3.08273 69.1937 1663.64
205.146 62.1816 3.64044 3.06272 91.6876 1596.3
206.12 62.4787 3.64161 3.06646 90.7782 1536.74
216.652 63.0254 3.66694 3.09703 133.185 1110.63
218.173 63.0618 3.66701 3.1305 223.385 1056.49
221.871 63.109 3.65117 3.08047 195.074 935.931
193.799 60.3849 3.62457 3.05129 46.2728 2173.93
196.65 60.4135 3.64274 3.04643 35.8587 2060.44
198.04 60.7515 3.6467 3.06078 55.8422 1979.89
199.312 60.6947 3.64281 3.06899 45.6018 1935.17
201.041 61.0224 3.64647 3.05469 45.3844 1842.84
202.562 61.4009 3.64442 3.07406 49.4697 1754.95
204.176 61.4907 3.63409 3.0589 65.9747 1686.47
205.609 61.9037 3.62984 3.05526 92.6192 1600.07
206.868 61.8823 3.62484 3.0388 92.669 1554.32
209.88 61.7531 3.63638 3.09057 72.5551 1453.42
212.274 61.7929 3.62959 3.1115 63.5348 1364.41
213.825 62.1067 3.63268 3.04422 100.729 1284.04
217.004 62.4013 3.65533 3.10711 155.7 1151.29
218.122 62.3579 3.64417 3.09835 176.73 1118.61
221.538 62.4435 3.64764 3.09303 186.939 1006.46
223.206 62.5763 3.64113 3.07299 195.474 947.307
225.609 62.2024 3.63829 3.04093 118.931 923.639
198.315 59.9237 3.6402 3.08579 38.1439 2035.16
199.908 60.1686 3.63038 3.0938 32.3604 1954.23
201.231 60.4742 3.63557 3.04395 54.7227 1879.07
202.813 60.5269 3.62371 3.05436 78.0871 1814.74
204.11 60.6801 3.62502 3.03666 117.562 1753.48
205.516 60.8132 3.61573 3.03799 97.1781 1690.13
207.791 61.2001 3.61592 3.06545 50.7315 1574.57
215.402 61.6061 3.6285 3.07502 134.91 1273.01
222.911 61.4593 3.62135 3.0733 127.16 1062.67
224.22 61.4862 3.62301 3.04669 135.95 1027.62
226.918 61.1512 3.61229 2.98305 57.6025 1003.8
198.736 59.2533 3.62728 3.03875 35.5867 2073.85
200.175 59.1767 3.62747 3.03346 44.5544 2025.5
201.907 59.5938 3.62482 3.0512 84.2414 1925.43
202.905 59.7733 3.62564 3.04982 90.4838 1873.06
204.792 59.8542 3.60533 3.07681 79.8685 1796.2
205.68 60.1952 3.60265 3.06255 54.8432 1734.98
207.376 60.0815 3.60547 3.06953 57.0834 1682.72
210.276 60.4814 3.6189 3.08359 63.68 1545.35
219.809 60.7718 3.60732 3.05594 139.936 1212.79
221.424 60.3024 3.60277 3.0435 129.247 1214.45
223.909 60.7704 3.61848 3.0479 96.0651 1106.69
190.452 56.6011 3.63159 3.11083 27.1677 2617.32
202.009 59.0314 3.63034 3.04305 65.9365 1968.79
203.561 59.1953 3.60887 3.09534 83.4209 1897.3
204.771 59.3922 3.59541 3.07914 75.1138 1836.04
206.768 59.6524 3.60198 3.07456 65.3064 1741.22
212.597 59.9979 3.60017 2.97155 64.5664 1508.14
222.262 59.6304 3.60463 3.04254 81.3215 1260.53
223.04 60.1218 3.61104 3.05231 99.7437 1192.45
226.285 59.5898 3.57469 3.03982 40.5272 1179.34
227.183 60.2114 3.56917 3.02672 44.5839 1097.71
212.566 65.1171 3.64143 3.04269 182.207 1105.06
203.344 58.6774 3.60684 3.07443 93.4883 1949.61
204.113 58.2637 3.58806 3.09178 53.1933 1957.52
204.991 58.6484 3.59587 3.06456 42.886 1892.13
206.355 58.9287 3.5934 3.10532 32.5789 1818.66
207.606 58.6097 3.57862 3.02277 80.4197 1802.55
213.66 59.4296 3.58812 2.99808 160.476 1524.79
202.426 57.5673 3.59799 3.08587 56.0903 2080.13
203.613 57.6397 3.58456 3.05431 51.8386 2030.66
205.548 57.5665 3.57606 3.0633 40.9472 1968.18
225.482 58.2747 3.58755 3.02484 59.984 1332.95
197.939 55.703 3.6135 3.05616 38.7774 2411.31
200.447 56.2848 3.60058 3.04635 41.8545 2266.67
225.424 57.4688 3.60205 2.97333 48.8148 1419.59
228.869 57.9128 3.57816 3.02998 86.9137 1319.73
227.048 56.8144 3.56746 3.00092 40.1057 1463.69
212.138 64.8735 3.6405 3.05867 161.695 1137.37
210.428 68.6408 3.47032 2.81126 105.797 1016.2
226.879 56.1146 3.57098 3.0472 66.3354 1541.87
218.842 64.7774 3.69811 3.02672 111.255 896.569
227.653 56.4191 3.58185 3.0445 80.305 1498.01
209.931 62.7622 3.49744 2.96054 97.1215 1372
211.063 63.7323 3.64713 3.04999 112.251 1257.35
211.14 63.4057 3.64851 3.06349 106.365 1278.48
218.547 60.1369 3.44927 2.92135 149.521 1309.31
210.84 64.6544 3.6481 3.08108 113.802 1201.52
210.867 64.709 3.64568 3.08131 122.892 1196.86
210.853 64.7716 3.64647 3.07082 111.311 1193.24
210.847 64.8338 3.64911 3.06495 96.477 1189.39
210.819 64.8857 3.6486 3.05986 104.26 1187.1
210.44 64.87 3.64724 3.04918 93.2079 1202.67
210.174 64.8537 3.64763 3.04838 81.708 1213.97
210.069 64.7653 3.64761 3.05978 117.015 1223.79
210.917 64.5498 3.64718 3.0774 116.923 1205.62
210.782 64.5716 3.64708 3.08481 132.139 1209.29
210.554 64.5756 3.64877 3.08127 126.327 1217.74
210.901 64.613 3.6461 3.07343 172.421 1201.98
211.172 64.6917 3.64699 3.07991 121.132 1186.34
217.908 60.4896 3.60121 3.05043 177.219 1294.73
217.507 60.403 3.60055 3.04735 135.493 1314.86
218.338 61.0595 3.6067 3.06408 183.433 1228.84
216.296 60.3923 3.59475 3.06954 142.781 1352.93
216.716 60.1205 3.59678 3.05032 172.024 1365.16
215.271 60.5805 3.60443 3.05281 149.526 1368.22
216.679 60.2805 3.59812 3.06107 167.849 1351.42
218.244 60.7315 3.60357 3.0543 150.513 1262.11
217.659 60.602 3.60166 3.05944 201.626 1291.74
216.749 60.4427 3.59911 3.06572 185.73 1334.26
217.639 60.9231 3.60614 3.07052 182.535 1262.64
217.277 60.2474 3.59819 3.04033 149.427 1336.33
218.995 60.8241 3.60589 3.05039 191.546 1231.27
216.976 61.3836 3.61788 3.08357 193.596 1241.5
218.049 60.1785 3.59326 3.03377 163.247 1319.83
216.031 60.2361 3.59292 3.06198 164.387 1375.57
217.533 61.187 3.61093 3.08677 169.817 1241.77
218.652 60.2994 3.59492 3.05497 130.034 1290.82
219.217 60.1294 3.59391 3.04796 179.757 1290.95
216.221 60.072 3.59288 3.04984 174.002 1384.84
218.856 60.4399 3.5997 3.04762 139.692 1271.6
216.546 61.2275 3.61274 3.07835 234.095 1269.2
212.567 65.1173 3.64014 3.05163 113.698 1105.04
212.57 65.1176 3.64008 3.04939 114.652 1104.91
209.518 60.7352 3.60419 3.05586 51.0871 1550.59
209.518 60.7351 3.60418 3.05584 51.0871 1550.59
