# evlo=207.317902 evla=68.879898
194.627 64.5646 3.53381 2.95131 110.891 735.824
220.363 59.9534 3.50945 2.98977 53.7248 1171.77
225.144 58.5792 3.55905 3.03972 34.4428 1435.71
216.716 60.1205 3.48434 2.96913 40.6467 1073.11
215.395 60.9677 3.52363 3.00331 53.7821 959.459
209.013 64.0997 3.47696 2.96817 158.818 538.324
209.094 59.7511 3.48846 2.9437 120.326 1021.2
209.259 59.7417 3.49118 2.94524 99.4882 1022.92
210.701 64.1732 3.53116 2.89016 47.405 545.795
208.846 60.7683 3.50068 2.95222 89.2205 907.188
207.916 63.4188 3.49925 2.98829 81.3892 609.552
212.195 64.6453 3.53277 2.97255 56.9153 518.417
200.411 54.831 3.56382 2.97655 52.3769 1604.87
207.685 63.8827 3.50792 2.95653 71.7684 557.489
208.763 59.5251 3.48783 2.95925 131.884 1045.15
216.907 60.7523 3.49015 2.97842 52.9235 1011.48
218.66 60.9649 3.49999 2.96589 39.9436 1029.16
209.738 62.4058 3.51853 2.9463 106.797 730.273
217.513 60.0823 3.51918 2.99675 42.5334 1093.2
213.401 60.7277 3.50169 2.95706 42.8213 952.633
215.271 60.5805 3.52542 2.99596 48.6097 997.96
218.244 60.7315 3.48989 2.95611 48.063 1042.86
213.052 64.4091 3.51114 2.9964 61.7804 558.891
216.749 60.4427 3.48546 3.04095 53.5907 1040.25
218.995 60.824 3.50924 2.93294 40.2685 1051.31
216.976 61.3836 3.50935 2.97799 56.9079 948.317
211.063 63.7318 3.5239 2.86788 81.9601 597.876
218.652 60.2994 3.49794 2.97117 27.9404 1095.97
211.14 63.4056 3.50714 2.88411 76.2615 634.055
218.856 60.4399 3.51128 2.96361 33.9366 1086.49
216.546 61.2275 3.47928 2.9783 49.6133 955.067
212.138 64.8736 3.51427 2.96566 50.3338 493.898
198.929 70.2043 3.41869 2.69098 63.4646 358.784
203.383 71.3221 3.46959 2.78264 147.859 310.662
205.026 71.0033 3.48974 2.75731 125.478 252.585
198.198 69.3641 3.41584 2.55462 157.614 366.495
194.656 68.2746 3.39248 2.64592 114.52 519.749
196.822 68.4753 3.39094 2.64295 123.829 427.922
198.806 68.6483 3.39344 2.66754 159.899 344.911
200.413 69.1049 3.38434 2.58726 179.14 277.367
215.088 69.9175 3.444 2.66579 192.428 326.169
216.289 69.626 3.47329 2.77914 180.028 364.062
235.93 69.3475 3.44202 2.73166 104.38 1129.65
196.917 67.6988 3.39661 2.70205 181.334 448.664
213.625 69.322 3.43267 2.77254 338.483 255.86
219.035 69.243 3.44318 2.82973 150.202 468.529
221.263 69.3286 3.4425 2.79594 116.584 556.345
198.174 67.082 3.40434 2.79795 132.293 431.507
199.397 67.4213 3.39425 2.78672 164.118 366.755
202.768 67.4572 3.38214 2.72455 193.321 246.587
214.432 68.1207 3.40548 2.77015 145.147 302.958
218.405 68.1861 3.41815 2.80935 146.119 458.893
220.465 68.6043 3.43563 2.81283 166.599 532.044
222.103 68.3889 3.44204 2.82751 183.732 602.382
223.281 66.3701 3.49512 2.85944 84.4289 731.197
193.671 65.4742 3.47612 2.93326 97.1322 700.16
195.352 65.7077 3.47013 2.91202 117.784 623.709
198.75 66.442 3.46184 2.85348 125.475 453.351
200.349 66.6001 3.43941 2.87436 142.451 388.862
202.227 66.8332 3.46097 2.82639 147.526 312.858
204.275 67.0486 3.46077 2.81207 225.954 240.698
212.113 67.5187 3.45924 2.80146 143.53 250.038
214.357 67.5933 3.42093 2.68414 102.242 324.548
215.855 67.6946 3.4247 2.74682 129.839 376.174
220.128 67.6136 3.4506 2.86289 113.155 547.409
224.214 67.6106 3.45439 2.8405 113.212 710.894
226.258 67.441 3.47274 2.85334 126.827 799.399
195.961 64.9941 3.52694 2.91581 111.265 657.351
197.645 65.3936 3.53076 2.94241 123.446 570.844
199.349 65.5011 3.50418 2.93585 114.644 510.063
201.346 65.895 3.51691 2.92817 138.382 419.773
202.913 66.1434 3.47697 2.88437 165.731 358.311
206.494 66.5156 3.44752 2.85457 203.845 265.986
209.976 66.7108 3.49156 2.9285 191.293 266.6
212.525 66.7004 3.44772 2.86467 109.421 327.459
213.899 66.7653 3.4593 2.81738 97.8148 363.723
216.215 66.9498 3.45224 2.72895 126.564 430.494
218.345 66.8088 3.46358 2.81738 93.0377 517.579
221.978 66.9116 3.48104 2.85605 138.821 651.906
223.778 66.9808 3.49266 2.8908 127.078 719.7
225.729 66.9227 3.49517 2.89571 88.104 800.047
197.761 64.6379 3.52171 3.02633 107.355 631.884
200.087 64.937 3.5143 2.93091 97.5953 541.078
201.637 65.1527 3.51062 2.96551 155.292 483.405
203.551 65.5276 3.47144 2.86905 192.427 407.655
205.119 65.4924 3.47336 2.90777 222.517 389.53
207.195 65.6571 3.4826 2.89768 186.859 359.463
208.623 65.8937 3.4219 2.81773 112.56 337.699
210.457 65.8251 3.54502 2.9612 105.954 366.326
212.122 65.8371 3.45045 2.92969 96.2584 396.966
214.181 66.267 3.49242 2.88377 66.3355 412.32
218.473 66.2305 3.46507 2.82562 78.5002 558.606
221.631 66.2191 3.47625 2.85464 67.6622 676.417
225.657 65.8052 3.5271 2.89235 66.7521 855.808
214.843 62.3987 3.52011 2.99374 53.8359 800.099
213.052 64.4091 3.51114 2.9964 61.7804 558.891
199.305 63.8864 3.53393 2.91156 79.3646 661.026
205.522 64.7962 3.5023 2.90381 168.398 462.139
208.018 65.18 3.48367 2.93934 112.959 413.738
210.64 65.1479 3.54692 2.94463 104.098 440.518
216.846 65.3064 3.51185 2.91259 64.1328 573.509
218.385 65.6035 3.50524 2.94259 69.7164 600.179
220.064 65.4483 3.48011 2.92271 64.4969 669.888
221.694 65.3609 3.50549 2.86842 72.9149 734.467
223.623 65.2225 3.50694 2.89919 63.2353 814.985
196.446 62.7492 3.53446 3.00866 163.44 842.716
199.398 63.2842 3.54785 2.9965 100.971 718.323
200.922 63.3965 3.50991 3.00284 104.564 675.404
203.285 63.465 3.53031 2.95116 142.165 630.285
204.379 63.994 3.51833 2.93246 131.47 560.251
205.853 64.1767 3.51902 2.93955 128.453 528.465
214.63 64.613 3.5046 2.92527 96.8471 573.881
216.436 64.5012 3.51134 2.97005 69.7277 631.695
221.784 64.453 3.51611 2.88248 30.0472 804.711
221.784 64.4525 3.4941 2.89485 50.2649 804.729
223.67 64.5753 3.51506 2.87535 60.565 862.228
195.344 61.9331 3.55666 3.02537 100.671 950.06
198.469 62.2938 3.53838 2.95927 85.8356 838.344
201.699 62.7161 3.53929 2.96259 113.919 733.102
205.93 63.3569 3.53836 2.96085 142.118 619.008
214.222 63.8036 3.53974 2.98633 62.5814 644.155
217.924 64.0292 3.51501 2.99621 64.1547 716.611
222.48 63.8433 3.51092 2.86773 34.9034 876.838
197.317 61.3416 3.54652 2.96649 104.539 960.165
198.513 61.678 3.55341 3.00175 103.229 900.045
200.525 61.7105 3.54505 3.01807 154.221 858.671
201.703 62.1344 3.54566 2.95845 117.075 794.959
203.311 62.2195 3.53592 2.95926 172.021 764.959
205.146 62.1816 3.54272 2.98438 107.354 753.462
206.12 62.4787 3.54111 2.94041 102.064 715.832
216.652 63.0254 3.53738 3.00912 58.8942 776.918
218.173 63.0618 3.52995 2.97689 92.6385 812.629
221.871 63.109 3.56478 3.06822 44.8432 918.151
193.799 60.3849 3.56401 3.03428 76.3133 1141.21
196.65 60.4135 3.54656 3.00294 65.9916 1069.35
198.04 60.7515 3.56732 3.01382 107.012 1005.17
199.312 60.6947 3.56009 3.04583 146.959 986.867
201.041 61.0224 3.54772 2.99235 108.184 923.769
202.562 61.4009 3.54502 2.97051 170.203 862.578
204.176 61.4907 3.54682 2.99408 147.035 836.629
205.609 61.9037 3.53782 2.96133 66.9007 781.8
206.868 61.8823 3.52567 2.95759 84.1231 780.489
209.88 61.7531 3.5164 2.94516 83.8037 803.359
212.274 61.7929 3.50839 2.91732 61.1473 822.562
213.825 62.1067 3.51716 3.08144 60.1085 812.037
217.004 62.4013 3.53911 2.99741 52.5152 846.756
218.122 62.3579 3.52612 2.97188 53.5967 878.589
221.538 62.4435 3.54035 2.99593 60.0282 966.511
223.206 62.5763 3.57087 2.93328 20.7966 1007.14
225.609 62.2024 3.53809 2.8925 32.4256 1118.73
198.315 59.9237 3.57157 3.02737 113.077 1086.15
199.908 60.1686 3.55564 3.04259 127.708 1032.54
201.231 60.4742 3.5451 2.98349 115.334 980.001
202.813 60.5269 3.55774 2.98308 133.476 955.086
204.11 60.6801 3.55416 2.99249 86.1716 926.508
205.516 60.8132 3.55112 2.99567 68.5929 903.304
207.791 61.2001 3.49057 2.96459 136.218 856.521
215.402 61.6061 3.51963 2.99281 56.9801 892.984
222.911 61.4593 3.55521 3.01081 48.8355 1097.69
224.22 61.4862 3.53688 2.96395 35.0637 1135.74
198.736 59.2533 3.57039 3.06094 122.183 1149.43
200.175 59.1767 3.55127 2.99955 96.1579 1134.82
201.907 59.5938 3.55866 2.9769 117.177 1066.98
202.905 59.7733 3.56243 2.99679 92.1835 1036.74
204.792 59.8542 3.55789 3.00792 81.0356 1013.35
205.68 60.1952 3.56565 3.00017 47.2235 971.306
207.376 60.0815 3.48721 3.02589 97.3502 980.879
210.276 60.4814 3.50756 2.95128 74.7665 946.633
219.809 60.7718 3.51188 2.98175 50.7236 1076.68
221.424 60.3024 3.52161 2.971 44.304 1164.85
223.909 60.7704 3.56815 3.03042 53.6661 1191.42
190.452 56.6011 3.57285 3.04193 47.2145 1605.33
202.009 59.0314 3.56291 2.97272 135.862 1127.24
203.561 59.1953 3.56179 3.00815 76.9332 1094.6
204.771 59.3922 3.559 3.02638 81.8763 1064.69
206.768 59.6524 3.48801 3.01718 53.0924 1029.02
212.597 59.9979 3.50919 2.94789 25.3401 1021.4
222.262 59.6304 3.51896 2.94648 39.3844 1252.98
223.04 60.1218 3.53831 3.00956 59.0884 1226.98
226.285 59.5898 3.56371 2.98766 28.012 1373.9
227.183 60.2114 3.55287 2.98058 28.3143 1345.43
212.566 65.1171 3.49122 2.94808 78.1588 477.649
203.344 58.6774 3.56576 2.99475 81.0978 1153.46
204.113 58.2637 3.56783 3.04505 75.4418 1193.63
204.991 58.6484 3.5878 3.08398 41.4923 1146.08
206.355 58.9287 3.50086 3.00645 42.2612 1110.27
207.606 58.6097 3.49017 3.00873 75.156 1144.92
213.66 59.4296 3.51089 2.96082 21.9717 1096.38
227.731 58.9601 3.5637 2.96228 26.3109 1477.79
202.426 57.5673 3.56128 2.97749 73.4394 1283.72
203.613 57.6397 3.56403 3.05492 46.5681 1266.05
224.26 58.4133 3.54344 3.00521 26.4017 1426.85
225.482 58.2747 3.5613 3.0391 28.3379 1474.94
229.033 59.3946 3.54681 3.00968 36.4669 1479.94
197.939 55.703 3.57316 3.03827 82.1895 1542.93
200.447 56.2848 3.56131 2.97466 50.8296 1445.33
223.768 57.9616 3.54321 2.98929 29.5198 1458.04
225.424 57.4688 3.55643 3.03731 41.7898 1552.1
227.048 56.8144 3.57359 3.05174 20.986 1662.62
212.138 64.8735 3.50191 2.9068 21.6972 493.905
226.879 56.1146 3.57675 3.07252 38.2092 1726.89
228.385 55.3279 3.58349 3.05691 29.9761 1847.87
218.842 64.7774 3.52397 2.91019 58.2059 680.391
227.653 56.4191 3.57187 3.03109 22.8738 1718.99
209.931 62.7622 3.36358 2.13944 41.32 692.375
211.063 63.7323 3.52362 2.86766 81.9601 597.83
211.14 63.4057 3.50711 2.88409 76.2615 634.05
218.547 60.1369 3.92138 3.33282 48.6518 1110.08
210.84 64.6544 3.53392 2.92198 69.4866 495.899
210.867 64.709 3.51584 2.90465 66.2255 490.44
210.853 64.7716 3.52965 2.87929 51.2885 483.575
210.847 64.8338 3.54362 2.88817 44.8554 476.861
210.819 64.8857 3.55074 2.90082 62.5087 470.935
210.44 64.87 3.53219 2.93528 113.997 467.519
210.174 64.8537 3.51398 2.95681 127.088 466.027
210.069 64.7653 3.5116 2.94129 135.847 474.396
210.917 64.5498 3.54192 2.92348 62.7404 508.12
210.782 64.5716 3.54703 2.94846 70.6063 503.973
210.554 64.5756 3.5426 2.93073 95.237 500.613
210.901 64.613 3.53554 2.92552 87.9838 501.148
211.172 64.6917 3.51703 2.87411 54.7268 496.667
216.716 60.1205 3.48434 2.96913 40.6467 1073.11
215.271 60.5805 3.52542 2.99596 48.6097 997.96
218.244 60.7315 3.48989 2.95611 48.063 1042.86
216.749 60.4427 3.48546 3.04095 53.5907 1040.25
218.995 60.8241 3.50921 2.93291 40.2685 1051.3
216.976 61.3836 3.50935 2.97799 56.9079 948.317
218.652 60.2994 3.49794 2.97117 27.9404 1095.97
218.856 60.4399 3.51128 2.96361 33.9366 1086.49
216.546 61.2275 3.47928 2.9783 49.6133 955.067
