# evlo=196.916901 evla=67.698799
194.627 64.5646 3.57821 2.97712 126.24 364.418
217.908 60.4896 3.51742 2.96791 26.8987 1290.54
217.654 61.036 3.51861 2.99501 32.68 1236.84
220.363 59.9534 3.50529 2.95882 33.1399 1426.91
216.3 60.3932 3.52476 3.04247 32.3768 1239.51
225.144 58.5792 3.54157 2.98454 23.8309 1724.35
216.716 60.1205 3.5206 3.0192 21.3785 1277.58
215.395 60.9677 3.5275 3.01833 51.3853 1158.79
209.013 64.0997 3.55165 2.92448 52.786 680.097
209.094 59.7511 3.50509 2.98098 38.6084 1066.82
209.259 59.7417 3.51069 2.98703 23.4267 1072.22
210.701 64.1732 3.56477 2.94948 38.2715 737.998
208.846 60.7683 3.51862 2.99977 25.0462 961.944
207.916 63.4188 3.54008 3.02775 50.292 695.193
212.195 64.6453 3.5595 3.0908 45.3498 765.821
204.378 55.8218 3.54692 2.96772 46.6416 1378.6
200.411 54.831 3.54933 3.02856 37.7664 1445.51
207.685 63.8827 3.50882 2.96603 70.3757 649.622
209.796 67.2269 3.41751 2.85498 127.106 552.588
216.907 60.7523 3.51707 3.00253 34.1894 1231.86
218.66 60.9649 3.5127 2.99168 38.7912 1280.74
213.401 60.7277 3.51597 2.99651 54.6332 1109.13
215.271 60.5805 3.53181 3.07664 50.0269 1186.85
218.244 60.7315 3.50984 2.98252 31.799 1283.51
217.639 60.9231 3.51913 3.00048 34.7166 1245.32
218.995 60.824 3.5169 2.99621 44.0831 1304.71
216.976 61.3836 3.51861 3.00841 47.9424 1183.68
211.063 63.7318 3.54357 2.98345 47.7862 782.945
217.533 61.1871 3.52562 2.98888 49.5424 1220.26
218.652 60.2994 3.50805 2.97288 25.5775 1333.93
211.14 63.4056 3.54172 2.94427 48.8167 809.908
219.217 60.1294 3.50877 2.98887 26.4807 1369.09
218.856 60.4399 3.5117 2.969 40.8374 1330.16
216.546 61.2275 3.52575 3.00554 35.1871 1179.9
212.138 64.8736 3.56358 2.98535 45.2687 749.927
198.929 70.2043 3.35495 2.53892 134.335 290.855
203.383 71.3221 3.46081 2.68275 87.5978 476.116
205.026 71.0033 3.41703 2.64827 131.642 486.867
202.84 70.0079 3.36782 2.60997 112.732 350.787
205.387 69.6211 3.38473 2.63459 106.783 404.95
206.58 70.34 3.39712 2.60809 127.437 484.929
205.217 69.1565 3.38669 2.73614 189.976 377.104
209.387 69.836 3.40529 2.67725 92.8795 556.4
211.299 69.72 3.41321 2.66611 120.955 623.274
215.088 69.9175 3.42044 2.65011 117.887 770.549
216.289 69.626 3.42816 2.72838 116.515 811.897
235.93 69.3475 3.4354 2.71369 73.4485 1577.61
203.387 68.7132 3.37539 2.68253 226.636 290.888
207.318 68.8799 3.39661 2.70205 181.334 448.664
209.319 68.9656 3.38836 2.69712 170.954 529.378
211.177 69.1532 3.38904 2.66116 168.564 605.884
213.625 69.322 3.41417 2.72887 131.591 704.438
219.035 69.243 3.41246 2.76572 70.6629 917.085
221.263 69.3286 3.41632 2.72742 83.1802 1005
202.768 67.4572 3.39795 2.75009 148.868 250.526
203.811 68.2575 3.35136 2.65235 223.973 295.097
206.028 68.4414 3.36323 2.67739 162.552 388.42
208.187 68.1343 3.37736 2.73395 205.182 474.836
210.384 68.0584 3.39025 2.74654 219.644 566.437
211.513 68.0748 3.39219 2.72731 186.957 613.411
214.432 68.1207 3.39 2.76365 139.662 734.379
218.405 68.1861 3.40884 2.77023 149.716 897.95
220.465 68.6043 3.41357 2.76111 159.75 977.474
222.103 68.3889 3.42433 2.77303 126.547 1046.76
223.281 66.3701 3.48879 2.89921 75.8585 1148.91
193.671 65.4742 3.58797 3.05323 173.762 286.746
195.352 65.7077 3.52942 2.96484 132.3 232.529
202.227 66.8332 3.486 2.80096 145.757 248.509
204.275 67.0486 3.47958 2.87974 91.9509 324.024
206.517 67.2221 3.43025 2.87945 128.428 413.819
207.821 67.5076 3.38323 2.77233 145.405 463.712
212.113 67.5187 3.40465 2.79231 172.308 644.924
214.357 67.5933 3.41254 2.78882 208.316 738.145
215.855 67.6946 3.40704 2.78178 199.356 799.228
220.128 67.6136 3.43911 2.8331 177.035 979.4
224.214 67.6106 3.44899 2.80541 141.249 1149.24
226.258 67.441 3.46478 2.82416 138.893 1238.47
195.961 64.9941 3.5602 2.99721 143.051 304.619
197.645 65.3936 3.48688 2.98048 187.026 259.089
199.349 65.5011 3.53068 2.91364 138.231 267.696
201.346 65.895 3.54883 2.94444 84.2151 279.9
202.913 66.1434 3.49023 2.88248 99.5521 314.345
208.493 66.9214 3.45959 2.95811 72.9664 505.2
209.976 66.7108 3.47152 2.95477 76.8068 574.349
212.525 66.7004 3.46624 2.92883 87.0794 682.437
213.899 66.7653 3.45776 2.89343 78.2613 738.621
216.215 66.9498 3.45541 2.88569 84.9891 831.318
218.345 66.8088 3.46805 2.88442 92.1835 925.525
221.978 66.9116 3.46621 2.86456 113.765 1075.54
223.778 66.9808 3.47095 2.86156 122.294 1148.96
225.729 66.9227 3.48232 2.86074 105.484 1232.46
197.761 64.6379 3.53546 2.9888 151.384 343.429
200.087 64.937 3.51701 2.93167 98.3354 339.1
201.637 65.1527 3.59443 3.0941 65.777 353.374
203.551 65.5276 3.52149 2.98264 96.2399 380.492
205.119 65.4924 3.5208 2.90338 87.6085 438.591
207.195 65.6571 3.54026 2.97512 110.032 507.293
208.623 65.8937 3.53171 3.02119 56.7455 551.78
210.457 65.8251 3.49932 2.93192 51.4726 630.385
212.122 65.8371 3.51898 2.94542 40.0714 698.935
218.473 66.2305 3.49254 2.88751 52.6744 950.71
221.631 66.2191 3.50192 2.95048 63.1182 1084.85
214.843 62.3987 3.54766 2.99917 40.0746 1024.44
199.305 63.8864 3.57055 3.00688 107.278 438.846
205.522 64.7962 3.52445 2.94222 72.8044 503.684
208.018 65.18 3.5497 2.96546 53.5721 568.291
210.64 65.1479 3.55757 3.07699 56.9931 673.659
216.846 65.3064 3.51678 3.06067 57.1211 921.637
218.385 65.6035 3.48878 2.95023 41.0866 972.715
220.064 65.4483 3.48384 2.93109 37.7698 1050.76
221.694 65.3609 3.4931 2.95489 35.7199 1123.74
223.623 65.2225 3.51127 2.94801 54.7139 1211.94
196.446 62.7492 3.55091 3.0243 117.256 552.294
199.398 63.2842 3.56621 2.97807 78.4673 505.354
200.922 63.3965 3.50855 2.94956 102.372 513.919
203.285 63.465 3.52962 2.88879 57.9774 555.441
205.853 64.1767 3.52164 3.03547 60.7441 564.417
214.63 64.613 3.55918 3.02334 61.2155 866.377
216.436 64.5012 3.54728 3.00143 31.2908 947.056
221.784 64.453 3.52752 3.058 24.8051 1173.13
221.784 64.4525 3.53108 3.01533 31.1081 1173.13
223.67 64.5753 3.51241 2.97031 30.3591 1246.21
195.344 61.9331 3.58319 2.94378 86.0482 647.084
198.469 62.2938 3.56215 3.06074 103.002 607
201.699 62.7161 3.54326 3.00905 110.178 598.525
205.93 63.3569 3.51772 2.9109 64.7077 637.576
214.222 63.8036 3.57826 3.05 43.6451 900.155
217.924 64.0292 3.5722 3.0086 34.4373 1036.04
222.48 63.8433 3.55082 3.05483 43.3498 1236.63
197.317 61.3416 3.57025 3.07099 121.938 708.987
198.513 61.678 3.57243 3.05816 115.721 675.494
200.525 61.7105 3.51191 3.01403 71.6096 689.159
201.703 62.1344 3.54768 2.99491 131.215 659.96
205.146 62.1816 3.52746 2.98547 49.7433 726.503
206.12 62.4787 3.58454 3.31934 62.7199 723.688
216.652 63.0254 3.568 2.98203 37.8837 1049.28
221.871 63.109 3.57286 3.03446 37.3826 1256.06
193.799 60.3849 3.55706 3.03548 55.6113 829.179
196.65 60.4135 3.56901 3.03583 98.6311 812.248
198.04 60.7515 3.57648 3.07355 126.087 776.368
199.312 60.6947 3.5647 3.05101 53.7105 789.286
201.041 61.0224 3.5286 3.00665 74.2385 770.071
202.562 61.4009 3.57725 2.99635 88.9073 751.804
205.609 61.9037 3.5282 3.0418 60.8222 765.295
209.88 61.7531 3.51208 3.02123 62.4559 902.646
212.274 61.7929 3.53074 3.04742 56.3126 979.257
213.825 62.1067 3.53551 2.95182 35.68 1009.12
217.004 62.4013 3.54517 3.02255 37.6872 1107.47
218.122 62.3579 3.56477 3.04404 37.0114 1154.63
223.206 62.5763 3.57669 3.1209 20.5749 1345.95
225.609 62.2024 3.56882 3.04889 29.3449 1470.54
198.315 59.9237 3.58966 3.06735 85.9979 869.392
199.908 60.1686 3.54615 3.03784 65.4804 851.905
201.231 60.4742 3.53489 3.01933 72.9188 831.928
202.813 60.5269 3.5721 2.97343 49.6283 848.674
204.11 60.6801 3.55101 2.95679 66.0228 855.68
205.516 60.8132 3.51419 3.0262 44.3482 871.708
207.791 61.2001 3.52614 2.96776 46.8888 891.157
215.402 61.6061 3.52557 2.98732 51.7059 1107.09
198.736 59.2533 3.58394 3.06499 62.2194 945.657
200.175 59.1767 3.53789 3.08236 57.4931 963.425
201.907 59.5938 3.55602 3.04617 95.0222 935.952
202.905 59.7733 3.56423 2.99242 63.9145 930.639
204.792 59.8542 3.5683 2.98479 54.2807 955.093
205.68 60.1952 3.53535 2.97939 41.6838 938.278
210.276 60.4814 3.50232 2.93484 36.6971 1030.85
219.809 60.7718 3.51778 2.97535 39.8914 1340.17
221.424 60.3024 3.52847 3.01823 30.9191 1439.86
190.452 56.6011 3.60689 3.04368 43.4442 1280.24
202.009 59.0314 3.5519 3.0551 80.4421 998.342
203.561 59.1953 3.55471 2.9523 62.2744 1002.8
204.771 59.3922 3.58046 2.93911 39.8882 1003.08
206.768 59.6524 3.54786 3.0092 48.6263 1018.14
212.597 59.9979 3.53436 3.03301 47.2253 1147.6
222.262 59.6304 3.5307 2.99711 38.4517 1526.16
227.183 60.2114 3.58266 3.0242 23.4416 1677.43
212.566 65.1171 3.53775 2.92942 75.2885 753.544
204.113 58.2637 3.5691 2.99572 46.1627 1111.38
204.991 58.6484 3.5785 2.95335 21.5848 1085.57
206.355 58.9287 3.54574 3.05084 43.1141 1083.26
207.606 58.6097 3.53669 2.99297 49.2599 1143.78
202.426 57.5673 3.55839 3.00379 47.2277 1162.92
224.26 58.4133 3.54194 2.98016 30.9644 1703.66
225.482 58.2747 3.54267 2.9721 23.9559 1762.74
197.939 55.703 3.59243 3.03293 71.8255 1337.84
200.447 56.2848 3.53838 3.07446 33.7266 1284.88
223.768 57.9616 3.52888 2.98278 18.9908 1722.84
225.424 57.4688 3.70979 3.03984 18.8352 1828.34
229.75 56.9811 3.55614 3.06865 16.7733 2039.5
212.138 64.8735 3.51296 2.96159 15.918 749.924
210.428 68.6408 3.38966 2.74287 125.157 569.428
226.879 56.1146 3.71331 3.05586 22.0856 2001.5
228.385 55.3279 3.57314 3.07848 30.0206 2128.66
218.842 64.7774 3.53328 3.01245 34.9011 1032.16
227.653 56.4191 3.55927 3.11086 18.6775 2004.83
209.931 62.7622 3.28098 2.19902 52.6271 817.7
211.063 63.7323 3.5435 2.98339 47.7862 782.929
211.14 63.4057 3.54171 2.94427 48.8167 809.906
218.547 60.1369 3.75183 3.48044 49.8677 1343.35
210.84 64.6544 3.56751 3.01767 22.8725 711.526
210.867 64.709 3.56203 3.0423 32.1678 709.139
210.853 64.7716 3.56472 3.01319 33.5923 704.692
210.847 64.8338 3.56985 3.02604 28.8305 700.607
210.819 64.8857 3.56568 3.02936 39.4888 696.313
210.44 64.87 3.55819 3.02724 42.376 682.273
210.174 64.8537 3.56139 3.00066 34.3692 672.807
210.069 64.7653 3.55547 3.0052 45.693 674.262
210.917 64.5498 3.55531 3.05022 36.2526 721.21
210.782 64.5716 3.55889 3.01824 28.861 714.535
210.554 64.5756 3.56016 3.00032 39.914 705.385
210.901 64.613 3.56056 3.03882 34.4019 716.527
211.172 64.6917 3.56667 3.05382 52.9608 722.261
217.908 60.4896 3.51742 2.96791 26.8987 1290.54
216.296 60.3923 3.52463 3.04236 32.3768 1239.46
216.716 60.1205 3.5206 3.0192 21.3785 1277.58
215.271 60.5805 3.53181 3.07664 50.0269 1186.85
218.244 60.7315 3.50984 2.98252 31.799 1283.51
217.639 60.9231 3.51911 3.00046 34.7166 1245.31
218.995 60.8241 3.51688 2.9962 44.0831 1304.7
216.976 61.3836 3.51861 3.00841 47.9424 1183.68
217.533 61.187 3.52567 2.98892 49.5424 1220.28
218.652 60.2994 3.50805 2.97288 25.5775 1333.93
219.217 60.1294 3.50877 2.98887 26.4807 1369.09
218.856 60.4399 3.5117 2.969 40.8374 1330.16
216.546 61.2275 3.52575 3.00554 35.1871 1179.9
