# evlo=211.513199 evla=68.074799
194.627 64.5646 3.53623 3.0114 128.231 848.525
218.338 61.0595 3.49526 2.93334 49.6506 846.581
220.363 59.9534 3.52142 3.02795 64.1296 1001.2
225.144 58.5792 3.57056 3.06257 48.7065 1253.48
216.716 60.1205 3.51721 3.03217 101.409 921.513
215.395 60.9677 3.56273 3.05395 46.4983 813.563
209.013 64.0997 3.54303 2.9904 176.171 457.377
209.094 59.7511 3.51915 2.98897 110.105 935.271
209.259 59.7417 3.51867 2.98142 113.934 935.344
210.701 64.1732 3.54659 2.98948 205.607 436.599
208.846 60.7683 3.53367 2.95693 99.167 824.436
207.916 63.4188 3.54893 3.01087 185.08 544.515
212.195 64.6453 3.5795 2.99634 116.105 383.64
204.378 55.8218 3.52294 3.0014 63.5916 1413.69
200.411 54.831 3.55692 3.01411 71.9679 1584.42
207.685 63.8827 3.53795 3.01331 127.17 498.544
208.763 59.5251 3.51555 2.98541 105.444 962.412
216.907 60.7523 3.5245 3.04561 108.622 855.967
218.66 60.9649 3.52324 3.03112 77.4139 862.43
209.738 62.4058 3.55143 3.00197 155.206 637.43
212.624 63.0753 3.53623 2.97336 96.6893 559.778
214.225 61.1292 3.51295 2.97764 115.789 784.955
215.93 63.6482 3.57282 2.98395 41.8616 532.87
213.401 60.7277 3.49895 3.01932 77.6428 824.022
215.271 60.5805 3.55411 2.98679 63.8368 854.615
216.679 60.2805 3.51225 3.04416 90.9653 903.71
218.244 60.7315 3.48934 2.94841 62.0864 879.446
213.052 64.4091 3.57696 2.99203 117.593 414.547
217.659 60.6024 3.65555 3.4238 66.2778 883.398
216.749 60.4427 3.51982 3.06429 77.2163 887.115
216.976 61.3836 3.51556 2.99229 102.491 789.369
211.063 63.7318 3.55639 2.99431 195.894 484.701
218.652 60.2994 3.5125 2.97908 39.7064 932.228
211.14 63.4056 3.56399 2.9953 163.912 520.91
219.217 60.1294 3.50462 2.88406 42.7649 960.374
216.221 60.072 3.48044 2.98803 55.2771 920.589
216.546 61.2275 3.49833 3.04276 122.728 799.729
212.138 64.8736 3.5797 2.98794 149.764 358.06
198.929 70.2043 3.40905 2.62964 54.8192 552.489
203.383 71.3221 3.43472 2.69623 82.3277 479.251
205.026 71.0033 3.43672 2.7105 111.178 412.868
234.753 71.9871 3.2647 2.36837 145.09 979.319
198.198 69.3641 3.41595 2.64737 78.6845 557.104
202.84 70.0079 3.40531 2.59169 65.9875 407.457
205.387 69.6211 3.42989 2.75395 77.0097 300.883
206.58 70.34 3.39326 2.66694 120.672 319.284
194.656 68.2746 3.407 2.73448 68.4356 697.832
196.822 68.4753 3.42497 2.73961 83.247 607.277
198.806 68.6483 3.43396 2.72007 81.7341 526.077
200.413 69.1049 3.42369 2.70491 90.6562 466.049
205.217 69.1565 3.45688 2.67805 107.649 283.124
215.088 69.9175 3.42834 2.87627 225.774 250.34
216.289 69.626 3.3992 2.74544 220.376 258.606
235.93 69.3475 3.52333 2.89577 67.5772 992.991
196.917 67.6988 3.39219 2.72731 186.957 613.411
201.885 68.4946 3.42296 2.83978 133.579 400.046
203.387 68.7132 3.42869 2.783 180.475 341.306
219.035 69.243 3.3953 2.71796 182.629 331.96
221.263 69.3286 3.3971 2.75303 163.98 418.846
198.174 67.082 3.45448 2.90299 116.125 577.495
199.397 67.4213 3.42134 2.84186 141.778 516.509
202.768 67.4572 3.41341 2.81217 195.61 375.443
203.811 68.2575 3.41235 2.86654 170.55 320.225
218.405 68.1861 3.43323 2.88556 333.681 286.718
220.465 68.6043 3.46925 2.8612 189.492 373.241
222.103 68.3889 3.48958 2.87428 187.234 439.301
223.281 66.3701 3.52235 2.94817 137.069 541.954
193.671 65.4742 3.5327 2.95005 90.8095 833.691
195.352 65.7077 3.5285 2.9595 116.466 753.03
198.75 66.442 3.4891 2.94023 199.568 578.903
200.349 66.6001 3.47753 2.90691 122.138 506.781
202.227 66.8332 3.45165 2.90029 197.612 420.432
204.275 67.0486 3.44106 2.88265 225.091 328.748
206.517 67.2221 3.40076 2.86085 231.276 232.373
220.128 67.6136 3.46805 2.95832 147.161 366.038
224.214 67.6106 3.48184 2.90063 125.859 536.296
226.258 67.441 3.51506 2.87537 171.034 625.561
195.961 64.9941 3.52126 2.99545 96.145 769.112
197.645 65.3936 3.51332 2.99301 97.0329 678.704
199.349 65.5011 3.51296 3.00739 95.7659 605.9
201.346 65.895 3.49269 2.97138 138.43 505.142
202.913 66.1434 3.49334 2.94577 163.855 430.591
206.494 66.5156 3.5349 2.96657 221.748 277.368
216.215 66.9498 3.55151 3.22478 124.626 236.666
218.345 66.8088 3.48932 2.96786 124.006 324.644
221.978 66.9116 3.49696 2.94826 118.529 464.988
223.778 66.9808 3.51281 2.94553 130.482 536.444
225.729 66.9227 3.52148 2.94986 83.8123 619.33
197.761 64.6379 3.53999 3.00593 88.0924 722.872
200.087 64.937 3.52326 2.96858 107.579 615.782
201.637 65.1527 3.54899 3.10232 70.6631 544.614
203.551 65.5276 3.53086 2.90646 100.756 450.319
205.119 65.4924 3.57162 3.03775 136.199 402.256
207.195 65.6571 3.48362 2.97301 276.151 329.332
208.623 65.8937 3.48526 3.03275 233.456 273.946
210.457 65.8251 3.50055 2.91656 233.088 255.092
212.122 65.8371 3.55379 2.94234 258.43 250.961
214.18 66.267 3.47316 2.99539 65.995 232.317
214.181 66.267 3.51082 2.75111 82.5062 232.339
218.473 66.2305 3.5121 2.86482 80.8759 364.821
221.631 66.2191 3.53319 2.973 91.304 484.295
225.657 65.8052 3.55435 2.97247 90.147 666.387
214.843 62.3987 3.56332 3.04444 128.918 651.498
213.052 64.4091 3.57696 2.99203 117.593 414.547
199.305 63.8864 3.53727 2.98403 89.5887 722.962
205.522 64.7962 3.53369 3.04361 196.464 452.534
208.018 65.18 3.53043 2.99941 170.127 357.883
210.64 65.1479 3.50764 2.92774 214.249 328.675
216.846 65.3064 3.52952 2.99497 142.251 388.05
218.385 65.6035 3.56532 3.10712 123.033 408.225
220.064 65.4483 3.51729 2.91222 88.9045 476.457
221.694 65.3609 3.53444 2.92813 80.1322 540.64
223.623 65.2225 3.53423 2.92926 75.854 621.612
196.446 62.7492 3.55008 3.04738 85.0133 913.586
199.398 63.2842 3.55714 3.05585 97.3369 769.267
200.922 63.3965 3.5645 2.99328 74.2715 711.012
203.285 63.465 3.58768 3.07829 183.604 636.321
204.379 63.994 3.56154 3.0677 190.053 557.575
205.853 64.1767 3.53561 3.03348 172.445 503.863
214.63 64.613 3.52783 3.01304 144.77 410.382
216.436 64.5012 3.48352 2.99526 129.683 455.367
221.784 64.453 3.51548 2.88565 77.4611 611.94
221.784 64.4525 3.51491 2.87698 41.4998 611.96
223.67 64.5753 3.54268 3.0012 62.6123 668.402
195.344 61.9331 3.55833 3.02257 79.7363 1019.38
198.469 62.2938 3.57815 3.06379 74.7955 884.772
201.699 62.7161 3.60562 3.08009 104.624 749.881
205.93 63.3569 3.54123 3.03498 163.602 584.646
214.222 63.8036 3.51306 2.96567 91.5193 491.841
217.924 64.0292 3.52579 2.93545 66.7583 535.959
222.48 63.8433 3.53486 2.8952 98.4854 684.78
197.317 61.3416 3.59368 3.09531 92.1843 1006.14
198.513 61.678 3.58776 3.10202 76.7452 938.682
200.525 61.7105 3.61449 3.00932 88.6815 877.249
201.703 62.1344 3.5997 3.07133 99.9301 804.931
203.311 62.2195 3.56247 3.10212 162.762 756.383
205.146 62.1816 3.55466 3.02643 120.394 720.998
206.12 62.4787 3.54501 2.99274 103.239 672.233
216.652 63.0254 3.53728 3.05119 63.5401 610.54
218.173 63.0618 3.52957 2.96064 95.2895 637.132
221.871 63.109 3.57865 3.02128 48.2488 729.468
193.799 60.3849 3.56911 3.07034 123.805 1205.74
198.04 60.7515 3.59034 3.0844 55.6474 1038.63
201.041 61.0224 3.58857 3.0948 141.86 930.283
202.562 61.4009 3.5688 3.05485 168.399 855.657
204.176 61.4907 3.5617 3.00304 77.9218 811.49
205.609 61.9037 3.53756 3.00458 79.9729 741.532
206.868 61.8823 3.54566 3.03535 134.55 723.912
209.88 61.7531 3.55136 3.01984 149.425 708.975
212.274 61.7929 3.55747 3.02529 93.7161 701.284
213.825 62.1067 3.48765 2.99046 112.595 674.102
217.004 62.4013 3.55018 3.01586 89.7603 682.048
218.122 62.3579 3.54367 2.97588 74.751 707.558
221.538 62.4435 3.56568 3.10842 72.9921 781.286
223.206 62.5763 3.56775 3.03215 47.3809 817.598
225.609 62.2024 3.5564 2.93831 51.1046 926.706
199.908 60.1686 3.59592 3.06706 80.2814 1043.37
201.231 60.4742 3.5841 3.08313 193.534 980.064
202.813 60.5269 3.56676 3.05403 90.3751 938.89
204.11 60.6801 3.54544 3.03195 112.194 897.025
205.516 60.8132 3.54866 3.04884 91.4369 858.555
207.791 61.2001 3.52656 2.98669 135.999 786.473
215.402 61.6061 3.57202 3.07936 85.9193 744.065
222.911 61.4593 3.56024 3.08017 74.9551 912.493
224.22 61.4862 3.57297 3.09177 37.2826 947.513
226.918 61.1512 3.56168 2.9261 42.5122 1061.69
198.736 59.2533 3.58893 3.02532 74.391 1164.24
200.175 59.1767 3.59333 3.07181 110.597 1136.06
201.907 59.5938 3.56963 3.04473 127.28 1054.26
202.905 59.7733 3.55848 3.05403 118.382 1015.01
204.792 59.8542 3.54506 3.09041 75.8361 972.414
205.68 60.1952 3.53171 3.04949 73.7516 922.21
207.376 60.0815 3.53295 3.02611 113.701 913.149
210.276 60.4814 3.53826 3.01798 129.989 848.593
219.809 60.7718 3.51293 3.00417 80.176 905.213
221.424 60.3024 3.52722 3.01751 77.5792 988.637
223.909 60.7704 3.57021 3.06704 55.1083 1006
202.009 59.0314 3.56265 3.04605 96.3791 1110.36
203.561 59.1953 3.55535 3.09085 74.2802 1063.38
204.771 59.3922 3.54648 3.07194 69.6898 1022.13
206.768 59.6524 3.53433 3.0292 119.688 966.738
212.597 59.9979 3.50916 3.05646 57.2932 901.908
222.262 59.6304 3.52989 3.00966 59.6735 1076.19
223.04 60.1218 3.55483 3.03525 58.9206 1046
227.183 60.2114 3.57068 3.1161 32.7624 1155.34
212.566 65.1171 3.58033 2.93288 115.913 333.108
203.344 58.6774 3.55447 3.09333 72.6108 1122.1
204.113 58.2637 3.54681 3.07336 62.8829 1153.42
204.991 58.6484 3.54507 3.02684 91.5371 1098.79
206.355 58.9287 3.53332 3.02002 129.457 1050.47
207.606 58.6097 3.5108 2.97044 114.194 1072.49
213.66 59.4296 3.49704 2.94456 85.7399 969.362
227.731 58.9601 3.56593 3.07383 33.9885 1289.34
202.426 57.5673 3.56156 3.09338 54.4667 1256.34
203.613 57.6397 3.54656 3.04431 62.3509 1228.33
205.548 57.5665 3.53303 3.00994 73.783 1208.71
224.26 58.4133 3.54452 3.04089 35.4559 1247.48
225.482 58.2747 3.57234 3.04718 39.5874 1292.65
229.033 59.3946 3.56914 3.01969 43.1221 1288.95
197.939 55.703 3.60067 3.07839 59.1032 1544.6
200.447 56.2848 3.56125 3.04539 71.8237 1429.72
223.768 57.9616 3.55792 3.0788 46.1417 1281.41
225.424 57.4688 3.56181 3.0672 45.29 1371.96
227.048 56.8144 3.58892 3.11448 29.4505 1479.97
229.75 56.9811 3.55043 3.0269 32.933 1539.91
212.138 64.8735 3.59424 2.94669 98.728 358.07
226.879 56.1146 3.58292 3.10736 63.6702 1546.11
228.385 55.3279 3.58236 3.08288 35.0419 1665.2
218.842 64.7774 3.54747 2.95581 70.4943 491.575
209.931 62.7622 2.79587 2.18748 77.5355 596.836
211.063 63.7323 3.55599 2.99397 195.894 484.645
211.14 63.4057 3.56395 2.99527 163.912 520.904
218.547 60.1369 3.94052 3.31305 64.0579 947.578
210.84 64.6544 3.52505 2.95337 124.953 382.597
210.867 64.709 3.51865 2.94284 134.5 376.434
210.853 64.7716 3.51452 2.93764 131.625 369.521
210.847 64.8338 3.51385 2.92306 117.692 362.629
210.819 64.8857 3.51749 2.93193 179.001 356.968
210.44 64.87 3.52863 2.94881 240.304 360.551
210.174 64.8537 3.53827 2.95083 203.802 364.1
210.069 64.7653 3.54222 2.95434 195.746 374.618
210.917 64.5498 3.52716 2.95719 167.316 393.983
210.782 64.5716 3.53402 2.95551 168.917 392.013
210.554 64.5756 3.53205 2.97099 169.357 392.55
210.901 64.613 3.52461 2.95161 155.47 387.001
211.172 64.6917 3.51826 2.94209 170.001 377.565
218.338 61.0595 3.49526 2.93335 49.6506 846.583
216.716 60.1205 3.51721 3.03217 101.409 921.513
215.271 60.5805 3.55411 2.98679 63.8368 854.615
216.679 60.2805 3.51225 3.04416 90.9653 903.71
218.244 60.7315 3.48934 2.94841 62.0864 879.446
217.659 60.602 3.65569 3.42394 66.2778 883.433
216.749 60.4427 3.51982 3.06429 77.2163 887.115
216.976 61.3836 3.51556 2.99229 102.491 789.369
218.652 60.2994 3.5125 2.97908 39.7064 932.228
219.217 60.1294 3.50462 2.88406 42.7649 960.374
216.221 60.072 3.48044 2.98803 55.2771 920.589
216.546 61.2275 3.49833 3.04276 122.728 799.729
209.518 60.7352 3.53009 2.98638 87.3228 823.768
209.518 60.7351 3.53012 2.98641 87.3228 823.777
