# evlo=196.445999 evla=62.749199
217.908 60.4896 3.50181 2.95004 65.2486 1160.26
217.654 61.036 3.51049 3.06519 35.4596 1126.03
217.507 60.403 3.49778 2.90679 47.9478 1143.39
218.338 61.0595 3.51639 3.0728 40.6876 1160.13
220.363 59.9534 3.51692 3.01795 39.3271 1308.82
216.3 60.3932 3.49408 2.92115 68.8872 1082.29
225.144 58.5792 3.51255 2.97544 51.3488 1621.02
216.716 60.1205 3.48722 2.92589 41.3747 1115.47
215.395 60.9677 3.50373 2.96945 60.0768 1013.13
209.013 64.0997 3.58445 3.10857 142.699 644.168
209.094 59.7511 3.51786 2.98132 77.9397 754.979
209.259 59.7417 3.51837 2.99332 91.1494 763.426
210.701 64.1732 3.58145 3.07435 125.677 726.756
208.846 60.7683 3.49726 3.00665 70.2372 689.789
207.916 63.4188 3.56702 3.0629 109.013 583.508
212.195 64.6453 3.598 3.07877 138.096 804.747
204.378 55.8218 3.513 2.98523 39.7934 892.919
200.411 54.831 3.5541 3.06614 87.6353 910.888
207.685 63.8827 3.56359 3.04647 157.674 576.514
208.763 59.5251 3.53328 3.00695 92.1183 752.866
209.796 67.2269 3.57586 3.10481 120.663 801.111
216.907 60.7523 3.49962 2.95222 68.3864 1098.58
218.66 60.9649 3.50937 3.05963 43.8682 1180.05
209.738 62.4058 3.54524 2.97158 104.911 683.086
217.513 60.0823 3.48816 2.92427 59.3169 1157.72
212.624 63.0753 3.54796 3.0405 117.049 820.874
214.225 61.1292 3.50628 2.94374 101.309 947.529
215.93 63.6482 3.5635 3.02831 55.1852 981.838
214.25 60.5487 3.4872 2.89727 85.7625 971.474
196.582 54.8564 3.57685 3.01349 99.6678 879.221
213.401 60.7277 3.49334 2.9287 62.4178 920.945
209.784 61.1426 3.50139 2.93763 71.1724 721.188
214.766 66.5657 3.60264 3.06558 130.092 968.404
188.296 63.7758 3.59545 3.15879 168.411 424.615
203.121 64.7461 3.57592 3.05598 229.584 397.38
211.074 61.771 3.52174 2.9637 79.1379 766.01
216.188 61.4417 3.5361 3.04619 56.958 1037.23
212.904 60.8792 3.49762 2.95833 74.51 889.615
215.271 60.5805 3.48805 2.87185 61.6823 1022.04
216.679 60.2805 3.49338 2.91701 57.1965 1106.48
218.244 60.7315 3.51104 3.02041 52.769 1167.67
213.052 64.4091 3.59865 3.10693 122.426 842.62
213.497 60.396 3.50226 2.94712 75.9394 939.925
215.738 60.3351 3.49224 2.89616 48.3336 1056.22
208.348 59.6572 3.53715 3.01512 79.1115 725.234
217.659 60.6024 3.50758 2.95102 59.1502 1142.93
216.749 60.4427 3.49423 2.88617 53.1906 1103.08
217.639 60.9231 3.5171 3.04228 41.1837 1129.45
218.995 60.824 3.49947 3.03796 38.6748 1202.48
216.976 61.3836 3.52757 3.07593 38.5328 1079.39
211.063 63.7318 3.57781 3.10761 111.661 741.004
218.049 60.1785 3.49777 2.92106 59.8522 1180.75
216.031 60.2361 3.49134 2.91843 47.6806 1075.47
217.533 61.1871 3.51361 3.07475 50.0968 1114.48
218.652 60.2994 3.5035 2.93025 40.5668 1206.23
211.14 63.4056 3.55398 3.01356 124.924 744.538
219.217 60.1294 3.51011 2.9514 46.4523 1242.47
216.221 60.072 3.48658 2.93309 63.7884 1092.54
218.856 60.4399 3.50513 2.98349 47.428 1210.69
216.546 61.2275 3.51943 3.02394 63.2178 1062.62
212.138 64.8736 3.60727 3.08676 151.856 806.06
198.929 70.2043 3.48386 2.84726 104.713 838.495
203.383 71.3221 3.51439 2.87391 105.478 1001.1
205.026 71.0033 3.53471 2.90697 72.4453 992.113
234.753 71.9871 3.40826 2.53418 61.0942 1891.98
198.198 69.3641 3.51139 2.88411 95.8702 741.794
202.84 70.0079 3.51883 2.96258 103.951 857.37
205.387 69.6211 3.53565 2.94376 67.2392 863.797
206.58 70.34 3.50639 2.86246 53.193 955.953
194.656 68.2746 3.56511 2.97785 100.812 621.554
196.822 68.4753 3.54227 2.99716 182.279 638.7
198.806 68.6483 3.53095 2.91603 100.917 666.513
200.413 69.1049 3.52203 2.90821 98.4269 730.975
209.387 69.836 3.52607 2.95982 94.3964 976.516
211.299 69.72 3.53546 2.92459 124.935 1019.59
216.289 69.626 3.5252 2.95401 68.0869 1168.54
235.93 69.3475 3.61336 3.00534 59.9013 1892.62
196.917 67.6988 3.55091 3.0243 117.256 552.294
201.885 68.4946 3.56032 3.04793 112.531 687.265
203.387 68.7132 3.56708 3.00814 118.194 736.273
207.318 68.8799 3.53446 3.00866 163.44 842.716
209.319 68.9656 3.5503 2.96042 105.073 905.173
211.177 69.1532 3.54756 2.92372 84.6409 974.382
213.625 69.322 3.53834 2.99777 89.4028 1062.71
219.035 69.243 3.52753 2.96628 98.1318 1243.87
221.263 69.3286 3.53293 2.99574 65.5507 1328.64
198.174 67.082 3.5878 3.02265 118.251 489.891
199.397 67.4213 3.58575 3.04988 150.125 538.929
202.768 67.4572 3.59951 3.03921 100.855 602.489
203.811 68.2575 3.56673 3.02166 97.2502 701.369
206.028 68.4414 3.54541 3.00557 94.6304 771.533
208.187 68.1343 3.57948 3.04674 109.829 808.096
210.384 68.0584 3.54648 2.99257 95.8824 873.774
211.513 68.0748 3.55008 3.04738 85.0133 913.586
214.432 68.1207 3.58043 3.10973 83.4707 1021.2
218.405 68.1861 3.59672 3.03966 72.7601 1175.16
220.465 68.6043 3.59632 3.06254 85.2522 1270.64
222.103 68.3889 3.59723 3.03885 66.4898 1327.34
223.281 66.3701 3.61245 3.03847 133.295 1336.52
193.671 65.4742 3.56097 2.97355 113.845 332.445
195.352 65.7077 3.57246 3.06931 164.688 334.052
198.75 66.442 3.5924 3.09397 167.442 426.15
200.349 66.6001 3.61393 3.16608 95.5844 467.81
202.227 66.8332 3.61855 3.03354 83.9469 531.363
204.275 67.0486 3.5823 3.0818 151.175 605.052
206.517 67.2221 3.5991 3.04895 143.949 687.377
207.821 67.5076 3.59005 3.03096 88.9547 750.632
212.113 67.5187 3.58135 3.06679 120.376 903.409
214.357 67.5933 3.58812 3.07101 125.425 992.742
215.855 67.6946 3.58755 3.04493 112.874 1055.62
220.128 67.6136 3.61167 3.12459 70.2144 1224.75
224.214 67.6106 3.59754 3.0367 89.2137 1394.43
226.258 67.441 3.61435 3.03376 79.5221 1478.19
195.961 64.9941 3.55406 3.04263 180.045 251.38
197.645 65.3936 3.59417 3.06189 194.955 300.534
199.349 65.5011 3.62734 3.10963 238.53 337.712
201.346 65.895 3.61554 3.07918 133.359 423.007
202.913 66.1434 3.57964 3.09614 163.031 489.553
206.494 66.5156 3.58512 3.06193 111.689 636.833
208.493 66.9214 3.57761 3.12206 126.624 735.012
209.976 66.7108 3.59551 3.08351 105.781 778.958
212.525 66.7004 3.60322 3.06341 109.798 880.216
213.899 66.7653 3.60701 3.05927 96.34 939.293
216.215 66.9498 3.61194 3.0733 110.034 1042.14
218.345 66.8088 3.60926 3.05318 105.972 1128.05
221.978 66.9116 3.60986 3.05054 95.2576 1286.6
223.778 66.9808 3.61316 3.03447 120.202 1365.62
225.729 66.9227 3.617 3.04305 111.778 1449.73
200.087 64.937 3.62999 3.09012 140.926 302.528
201.637 65.1527 3.58904 3.03203 158.293 369.272
203.551 65.5276 3.62179 3.11683 173.361 463.842
205.119 65.4924 3.59338 3.07526 133.753 520.896
207.195 65.6571 3.61206 3.0636 156.682 613.406
208.623 65.8937 3.60851 3.07892 134.945 683.741
210.457 65.8251 3.61061 3.08333 121.119 758.015
212.122 65.8371 3.61508 3.08513 148.778 830.503
214.181 66.267 3.609 3.08237 92.3883 933.709
218.473 66.2305 3.61108 3.07323 129.732 1120.66
221.631 66.2191 3.61115 3.04842 105.637 1261.2
225.657 65.8052 3.61955 3.03539 93.2919 1441.24
214.843 62.3987 3.5495 3.03091 70.8408 943.385
213.052 64.4091 3.59865 3.10693 122.426 842.62
205.522 64.7962 3.5908 3.08075 189.528 501.874
208.018 65.18 3.59659 3.07501 143.024 627.152
210.64 65.1479 3.60816 3.08789 194.689 743.428
216.846 65.3064 3.62182 3.11278 115.716 1031.98
218.385 65.6035 3.61997 3.10223 119.64 1106.65
220.064 65.4483 3.61167 3.08509 105.255 1182.47
221.694 65.3609 3.61354 3.06443 101.075 1257.61
223.623 65.2225 3.61935 3.07565 109.239 1347.52
200.922 63.3965 3.52031 3.06728 247.05 237.429
203.285 63.465 3.57178 3.09458 226.068 354.174
204.379 63.994 3.56104 3.04908 194.115 420.073
205.853 64.1767 3.5795 3.12183 199.682 494.832
214.63 64.613 3.605 3.098 136.86 920.116
216.436 64.5012 3.61024 3.09943 121.875 1005.84
221.784 64.453 3.60654 3.11465 27.2121 1263
221.784 64.4525 3.6058 3.10321 46.5609 1262.98
223.67 64.5753 3.60375 3.11221 78.9583 1352.6
201.699 62.7161 3.5438 3.02124 228.302 268.546
205.93 63.3569 3.56561 3.06356 158.266 484.008
214.222 63.8036 3.56958 3.03942 78.4564 896.928
217.924 64.0292 3.58973 3.0584 86.2622 1078.01
222.48 63.8433 3.58845 3.02628 71.3732 1302.31
200.525 61.7105 3.52184 3.04939 171.986 241.605
201.703 62.1344 3.54607 2.90775 156.993 279.877
203.311 62.2195 3.54802 2.94692 185.289 358.721
205.146 62.1816 3.54795 2.97689 113.156 452.959
206.12 62.4787 3.56023 3.05258 127.626 497.125
216.652 63.0254 3.55481 3.02957 105.945 1024.08
218.173 63.0618 3.56727 3.05666 108.428 1099.78
221.871 63.109 3.58155 3.04491 111.73 1283.66
193.799 60.3849 3.62913 3.23906 237.299 298.616
196.65 60.4135 3.55852 3.02849 202.023 260.512
198.04 60.7515 3.61264 3.06316 135.962 238.001
199.312 60.6947 3.59951 2.95525 106.034 274.494
201.041 61.0224 3.52183 3.15479 135.637 308.796
202.562 61.4009 3.52952 2.94031 137.769 353.072
204.176 61.4907 3.54143 2.90679 94.2395 426.804
205.609 61.9037 3.541 2.94476 115.8 483.772
206.868 61.8823 3.53536 2.95431 126.734 548.377
209.88 61.7531 3.52353 2.96585 73.2975 705.522
212.274 61.7929 3.53 3.01338 84.2101 826.708
213.825 62.1067 3.55492 3.08408 70.9004 897.926
217.004 62.4013 3.54102 3.11015 75.1655 1053.04
218.122 62.3579 3.54298 3.13031 64.4665 1110.71
221.538 62.4435 3.56811 3.09474 65.7132 1281.28
223.206 62.5763 3.57751 3.09045 70.1843 1361.92
225.609 62.2024 3.57983 3.08042 69.0662 1492.6
198.315 59.9237 3.60534 3.12768 147.946 330.336
199.908 60.1686 3.58835 3.0507 111.637 341.622
201.231 60.4742 3.50954 2.97387 87.7965 358.637
202.813 60.5269 3.51732 3.00007 99.5746 418.382
204.11 60.6801 3.53323 3.07603 141.96 465.92
205.516 60.8132 3.5414 3.03799 68.9267 524.453
207.791 61.2001 3.52791 2.95277 107.153 618.569
215.402 61.6061 3.53376 3.06197 55.4799 991.957
222.911 61.4593 3.54458 3.08095 59.0966 1379.55
224.22 61.4862 3.55418 3.07769 50.3523 1445.12
226.918 61.1512 3.55945 3.0956 52.4346 1593.95
198.736 59.2533 3.61844 3.09459 96.9167 408.713
200.175 59.1767 3.5645 3.13058 115.678 446.235
201.907 59.5938 3.54709 3.04203 96.6286 457.936
202.905 59.7733 3.55054 3.06563 92.1117 479.295
204.792 59.8542 3.53959 3.02302 74.345 550.818
205.68 60.1952 3.55034 3.02677 111.962 567.803
207.376 60.0815 3.55634 3.03719 75.4953 653.873
210.276 60.4814 3.48749 2.97642 96.5185 774.268
219.809 60.7718 3.48903 2.98446 32.5916 1246.09
221.424 60.3024 3.48398 2.943 58.1382 1347.71
223.909 60.7704 3.52271 3.06575 62.5902 1455.53
190.452 56.6011 3.60612 3.10871 62.7336 762.936
202.009 59.0314 3.53567 2.996 36.7579 512.306
203.561 59.1953 3.57881 3.1035 79.2672 551.915
204.771 59.3922 3.53174 3.05946 70.5233 583.97
206.768 59.6524 3.56368 3.10031 94.5077 652.395
212.597 59.9979 3.50545 2.95467 68.7638 913.467
222.262 59.6304 3.45989 2.84849 52.2139 1420.74
223.04 60.1218 3.49477 3.01171 88.3108 1438.09
226.285 59.5898 3.52363 3.04909 64.5223 1628.24
227.183 60.2114 3.53656 3.04402 47.0132 1645.68
212.566 65.1171 3.61047 3.08583 160.886 830.866
203.344 58.6774 3.5626 3.05493 75.5548 588.999
204.113 58.2637 3.58963 3.05968 61.6815 652.779
204.991 58.6484 3.55707 3.02899 53.9148 652.183
206.355 58.9287 3.54012 3.04615 102.978 685.51
207.606 58.6097 3.531 3.0339 79.6863 762.974
213.66 59.4296 3.51786 2.95506 75.1011 995.944
227.731 58.9601 3.49057 2.92019 47.1386 1733.21
202.426 57.5673 3.55751 3.08028 51.9196 665.402
224.26 58.4133 3.54123 2.97281 58.7227 1584.96
225.482 58.2747 3.53667 2.991 44.6387 1654.8
229.033 59.3946 3.54172 3.05119 61.7706 1777.98
197.939 55.703 3.59709 3.08271 99.196 789.496
200.447 56.2848 3.54502 3.08308 81.2724 754.573
223.768 57.9616 3.55615 3.06942 47.8221 1585.29
225.424 57.4688 3.56163 3.00386 30.505 1698.09
228.869 57.9128 3.51777 3.00186 86.9052 1847.83
227.048 56.8144 3.56416 3.00426 25.5044 1820.24
212.138 64.8735 3.60928 3.06536 88.7242 806.049
210.428 68.6408 3.5572 2.98789 115.573 914.785
226.879 56.1146 3.64998 3.14513 19.8157 1856.28
229.974 55.9154 3.58796 2.97326 30.7873 2025.87
228.385 55.3279 3.56432 3.02317 30.7121 1984.5
227.653 56.4191 3.57429 3.05214 26.7319 1875.79
209.931 62.7622 2.84644 2.18714 62.4102 687.764
211.063 63.7323 3.57794 3.10772 111.661 741.032
211.14 63.4057 3.55399 3.01357 124.924 744.541
218.547 60.1369 3.8346 3.39437 61.6966 1207.95
217.908 60.4896 3.50181 2.95004 65.2486 1160.26
217.507 60.403 3.49778 2.90679 47.9478 1143.39
218.338 61.0595 3.5164 3.07281 40.6876 1160.14
216.296 60.3923 3.49365 2.92078 68.8872 1082.16
216.716 60.1205 3.48722 2.92589 41.3747 1115.47
215.271 60.5805 3.48805 2.87185 61.6823 1022.04
216.679 60.2805 3.49338 2.91701 57.1965 1106.48
218.244 60.7315 3.51104 3.02041 52.769 1167.67
217.659 60.602 3.50755 2.951 59.1502 1142.92
216.749 60.4427 3.49423 2.88617 53.1906 1103.08
217.639 60.9231 3.51707 3.04225 41.1837 1129.44
218.995 60.8241 3.49945 3.03795 38.6748 1202.47
216.976 61.3836 3.52757 3.07593 38.5328 1079.39
218.049 60.1785 3.49777 2.92106 59.8522 1180.75
216.031 60.2361 3.49134 2.91843 47.6806 1075.47
217.533 61.187 3.51366 3.07479 50.0968 1114.49
218.652 60.2994 3.5035 2.93025 40.5668 1206.23
219.217 60.1294 3.51011 2.9514 46.4523 1242.47
216.221 60.072 3.48658 2.93309 63.7884 1092.54
218.856 60.4399 3.50513 2.98349 47.428 1210.69
216.546 61.2275 3.51943 3.02394 63.2178 1062.62
209.518 60.7352 3.49725 2.93808 29.2002 724.774
209.518 60.7351 3.49737 2.93818 29.2002 724.798
