# evlo=209.879501 evla=61.753101
194.627 64.5646 3.54975 3.02909 112.603 827.537
217.908 60.4896 3.45237 2.94664 222.4 454.748
217.654 61.036 3.46769 3.14484 168.822 422.765
217.507 60.403 3.44051 2.87489 133.82 437.997
218.338 61.0595 3.45574 3.13961 123.256 458.022
220.363 59.9534 3.48503 2.95339 157.659 603.303
216.3 60.3932 3.42217 2.75001 186.243 378.048
225.144 58.5792 3.50462 2.92919 65.87 915.551
216.716 60.1205 3.45168 2.74596 141.914 412.602
215.395 60.9677 3.42658 2.92578 190.825 307.636
209.013 64.0997 3.55002 2.91162 169.579 265.227
210.701 64.1732 3.49808 3.05005 219.463 272.941
212.195 64.6453 3.53027 3.06951 201.455 342.733
204.378 55.8218 3.43898 2.85388 237.29 732.71
207.685 63.8827 3.51802 3.11585 261.322 262.382
208.763 59.5251 3.36587 2.85345 368.809 255.652
209.796 67.2269 3.53414 3.01562 130.393 610.256
216.907 60.7523 3.44528 2.95695 189.058 393.152
218.66 60.9649 3.45269 3.16919 129.602 477.467
217.513 60.0823 3.43815 2.78687 208.464 453.657
214.225 61.1292 3.41764 2.92038 246.485 242.008
215.93 63.6482 3.52488 3.16277 198.696 374.673
214.25 60.5487 3.47036 2.80834 207.339 270.852
196.582 54.8564 3.52982 3.0624 117.601 1090.59
214.766 66.5657 3.55499 3.08374 183.942 586.402
188.296 63.7758 3.55165 3.04599 96.5036 1119.55
203.121 64.7461 3.48598 2.91205 95.4906 475.557
216.188 61.4417 3.50203 3.34795 191.443 336.55
215.271 60.5805 3.44191 2.76611 178.697 318.115
216.679 60.2805 3.43371 2.75226 167.774 402.411
218.244 60.7315 3.46467 3.07848 197.689 462.983
213.052 64.4091 3.59261 3.17177 246.738 336.566
213.497 60.396 3.47877 2.81301 162.544 246.903
215.738 60.3351 3.44195 2.72905 165.645 353.606
208.348 59.6572 3.37864 2.89232 268.142 248.031
217.659 60.6024 3.45322 2.98633 214.104 437.485
225.615 58.2758 3.52862 2.94886 103.873 956.242
215.581 59.9268 3.46949 2.74656 107.829 370.674
216.749 60.4427 3.42902 2.79885 145.226 398.039
217.639 60.9231 3.46153 3.09939 202.612 425.298
197.4 66.8951 3.51375 2.99159 61.7072 829.642
217.277 60.2474 3.43031 2.82684 64.8493 433.669
218.995 60.824 3.46637 3.18756 134.979 499.147
216.976 61.3836 3.46422 3.16231 86.6186 379.143
218.049 60.1785 3.45035 2.84484 178.41 475.641
216.031 60.2361 3.4475 2.75586 217.37 373.145
218.652 60.2994 3.45604 2.93899 130.982 500.711
219.217 60.1294 3.46275 2.90861 220.868 536.961
216.221 60.072 3.46128 2.73194 192.203 391.519
218.856 60.4399 3.4695 2.99645 201.598 505.36
216.546 61.2275 3.48285 3.20613 170.206 359.739
207.417 57.7828 3.40221 2.87905 322.365 463.386
212.138 64.8736 3.52707 3.05012 189.358 365.741
203.383 71.3221 3.49345 2.88545 76.1609 1103.93
205.026 71.0033 3.50278 2.89811 88.5377 1053.28
234.753 71.9871 3.55252 2.99209 68.9872 1556.2
202.84 70.0079 3.46198 2.86372 45.7814 973.333
205.387 69.6211 3.48538 2.93156 75.6411 900.669
206.58 70.34 3.50003 2.9039 82.7867 968.747
194.656 68.2746 3.5043 2.98732 58.345 1016.45
196.822 68.4753 3.5178 3.0208 58.1581 964.434
198.806 68.6483 3.51371 2.90845 49.8477 924.272
205.217 69.1565 3.48174 2.95956 75.3603 852.716
209.387 69.836 3.48659 2.95674 142.185 901.543
211.299 69.72 3.50199 2.93656 98.2806 890.651
215.088 69.9175 3.52322 2.9666 183.813 940.13
216.289 69.626 3.52636 3.01135 115.204 924.736
235.93 69.3475 3.63638 3.09057 72.5551 1453.42
196.917 67.6988 3.51208 3.02123 62.4559 902.646
201.885 68.4946 3.51858 2.94059 61.8546 838.605
203.387 68.7132 3.49338 2.92339 57.6053 832.224
207.318 68.8799 3.5164 2.94516 83.8037 803.359
209.319 68.9656 3.49616 2.98842 130.244 804.586
211.177 69.1532 3.51971 2.95586 89.3078 827.242
213.625 69.322 3.53409 2.98127 145.443 861.107
219.035 69.243 3.53778 3.02943 59.8562 934.243
221.263 69.3286 3.55019 3.02481 57.8238 991.611
198.174 67.082 3.52069 3.01004 69.1047 816.789
199.397 67.4213 3.53555 3.08724 76.0835 804.948
202.768 67.4572 3.54068 3.01613 80.6297 720.273
203.811 68.2575 3.50797 2.9273 76.9709 778.745
206.028 68.4414 3.496 2.95733 73.7481 766.993
208.187 68.1343 3.52251 3.04066 138.032 715.864
210.384 68.0584 3.52785 2.97073 97.7637 703.38
211.513 68.0748 3.55136 3.01984 149.425 708.975
214.432 68.1207 3.54892 3.02857 114.527 741.363
218.405 68.1861 3.55861 3.05276 81.8493 820.837
220.465 68.6043 3.56117 3.06726 70.0959 908.061
222.103 68.3889 3.54987 3.0675 94.0408 933.598
223.281 66.3701 3.57022 3.06148 204.619 829.631
193.671 65.4742 3.55644 3.01413 69.4264 901.153
195.352 65.7077 3.53658 2.99585 74.6777 839.349
198.75 66.442 3.51642 2.96562 81.8298 751.494
200.349 66.6001 3.52595 3.10615 54.6496 710.32
202.227 66.8332 3.56714 3.02485 58.1855 675.719
206.517 67.2221 3.52882 2.96128 106.392 630.547
207.821 67.5076 3.52641 3.03655 186.819 648.968
212.113 67.5187 3.55321 3.05711 208.681 651.49
214.357 67.5933 3.56379 3.06004 153.467 684.882
215.855 67.6946 3.56714 3.10417 122.994 720.256
220.128 67.6136 3.55357 3.05211 96.548 814.058
224.214 67.6106 3.56901 3.05751 105.033 941.702
226.258 67.441 3.59889 3.0345 139.538 1003.29
195.961 64.9941 3.54414 3.02158 76.4015 782.107
197.645 65.3936 3.5178 2.94319 73.6009 728.893
199.349 65.5011 3.50845 2.9086 74.8364 667.304
201.346 65.895 3.5176 3.03148 70.2321 623.249
202.913 66.1434 3.54462 3.07795 93.8706 596.043
208.493 66.9214 3.51256 3.08989 219.536 580.023
209.976 66.7108 3.56421 3.04027 166.839 552.706
212.525 66.7004 3.56231 3.06323 174.965 566.144
213.899 66.7653 3.56177 3.0495 127.959 591.465
216.215 66.9498 3.54653 3.03685 132.592 654.495
218.345 66.8088 3.54144 3.08264 127.113 695.739
221.978 66.9116 3.57928 3.03771 136.141 817.688
223.778 66.9808 3.5833 3.03833 168.266 885.404
225.729 66.9227 3.5894 3.06049 103.548 954.235
197.761 64.6379 3.55138 3.03447 110.044 688.006
200.087 64.937 3.50164 2.86584 61.3679 604.242
201.637 65.1527 3.48968 2.94616 87.7435 558.399
203.551 65.5276 3.52989 3.04628 113.003 524.272
205.119 65.4924 3.54391 3.07219 108.056 478.73
207.195 65.6571 3.56602 3.0347 143.495 454.879
208.623 65.8937 3.50352 3.03777 119.082 465.676
210.457 65.8251 3.55714 3.04107 182.625 454.808
212.122 65.8371 3.55125 3.06215 237.585 468.408
214.18 66.267 3.5504 3.14028 56.403 545.099
214.181 66.267 3.56388 3.07569 98.2764 545.118
218.473 66.2305 3.55802 3.09779 168.515 651.593
221.631 66.2191 3.56956 3.04742 132.905 758.703
225.657 65.8052 3.57523 3.08796 78.7837 896.144
214.843 62.3987 3.50671 3.2741 345.643 269.157
213.052 64.4091 3.59261 3.17177 246.738 336.566
199.305 63.8864 3.52176 3.04942 106.666 588.338
205.522 64.7962 3.53239 3.12257 101.084 403.416
208.018 65.18 3.50483 3.01571 148.892 393.066
210.64 65.1479 3.54996 3.02827 247.954 380.302
216.846 65.3064 3.56423 3.12193 237.091 525.726
218.385 65.6035 3.56119 3.10348 242.51 600.232
220.064 65.4483 3.55803 3.07053 155.512 650.739
221.694 65.3609 3.55544 3.10135 242.523 709.995
223.623 65.2225 3.56269 3.08922 110.217 784.113
196.446 62.7492 3.52353 2.96585 73.2975 705.522
199.398 63.2842 3.5014 2.98897 66.9295 565.436
200.922 63.3965 3.50819 2.99901 94.3445 495.046
203.285 63.465 3.50037 2.97291 112.099 388.433
204.379 63.994 3.50288 2.88964 83.9714 374.947
205.853 64.1767 3.4936 2.95227 165.469 338.535
214.63 64.613 3.55785 3.07255 216.439 398.335
216.436 64.5012 3.53799 3.08563 256.364 450.446
221.784 64.453 3.54791 3.13586 128.773 670.841
221.784 64.4525 3.55034 3.13015 147.816 670.793
223.67 64.5753 3.54237 3.10803 103.491 760.714
195.344 61.9331 3.53482 3.00787 125.413 764.185
198.469 62.2938 3.51626 2.96162 213.649 599.66
201.699 62.7161 3.51941 2.97146 160.877 438.365
205.93 63.3569 3.49885 3.08425 146.636 270.528
214.222 63.8036 3.51678 3.10241 228.967 318.272
217.924 64.0292 3.54147 3.17287 210.254 480.92
222.48 63.8433 3.55813 3.19519 162.049 682.433
197.317 61.3416 3.52328 3.03244 151.82 668.517
198.513 61.678 3.51139 3.00161 168.405 600.417
200.525 61.7105 3.49331 2.98169 166.518 494.044
201.703 62.1344 3.49256 2.9766 204.044 431.041
203.311 62.2195 3.47422 2.9599 174.632 348.056
205.146 62.1816 3.44672 2.94775 313.365 252.798
216.652 63.0254 3.53487 3.14852 226.12 377.722
218.173 63.0618 3.5489 3.16489 260.672 452.472
221.871 63.109 3.5477 3.11806 121.524 636.573
193.799 60.3849 3.53651 3.06437 135.502 879.105
196.65 60.4135 3.53165 3.05497 131.188 728.015
198.04 60.7515 3.51519 3.0476 171.085 644.301
199.312 60.6947 3.5202 3.05018 145.644 579.201
201.041 61.0224 3.52064 3.07078 165.851 478.98
202.562 61.4009 3.50258 3.05524 185.787 390.469
204.176 61.4907 3.48528 3.01316 228.973 303.872
217.004 62.4013 3.47127 3.1186 272.62 379.086
218.122 62.3579 3.47676 3.13118 243.015 436.034
221.538 62.4435 3.51561 3.12005 199.862 612.88
223.206 62.5763 3.53872 3.12461 175.128 699.288
225.609 62.2024 3.53365 3.09961 200.116 824.298
198.315 59.9237 3.54231 3.05658 138.254 660.078
199.908 60.1686 3.54066 3.06659 176.571 567.652
201.231 60.4742 3.5303 3.09025 232.579 487.142
202.813 60.5269 3.53758 3.11639 185.576 404.183
204.11 60.6801 3.54511 3.12869 223.286 332.146
205.516 60.8132 3.49916 3.15089 380.275 256.288
215.402 61.6061 3.49901 3.39297 207.995 292.763
222.911 61.4593 3.46426 3.04011 200.318 691.264
224.22 61.4862 3.48179 3.06597 215.625 759.825
226.918 61.1512 3.49828 3.0702 200.275 908.633
198.736 59.2533 3.54391 3.07672 115.875 671.575
200.175 59.1767 3.55218 3.14304 155.226 605.321
201.907 59.5938 3.54682 3.11222 193.342 497.336
202.905 59.7733 3.55331 3.13484 261.159 439.199
204.792 59.8542 3.45936 3.08419 226.206 348.379
205.68 60.1952 3.45156 2.96186 228.834 286.008
219.809 60.7718 3.46267 3.33992 83.5016 543.375
221.424 60.3024 3.44746 3.06412 79.351 643.763
223.909 60.7704 3.43912 3.01019 173.507 759.257
190.452 56.6011 3.57763 3.09261 58.6064 1243.75
202.009 59.0314 3.53991 3.13741 317.875 528.846
203.561 59.1953 3.49616 3.14433 224.666 449.111
204.771 59.3922 3.47942 3.04006 216.039 384.074
206.768 59.6524 3.46327 2.93171 288.431 289.174
212.597 59.9979 3.51868 3.17499 153.644 244.983
222.262 59.6304 3.50532 3.01462 77.5856 715.29
223.04 60.1218 3.4431 3.06393 106.105 734.871
226.285 59.5898 3.47446 3.07928 84.1711 925.866
227.183 60.2114 3.47494 3.04589 146.235 949.392
212.566 65.1171 3.53248 3.0674 186.349 398.158
203.344 58.6774 3.49638 3.0356 188.026 498.252
204.113 58.2637 3.50981 2.97894 116.996 504.199
204.991 58.6484 3.49592 2.97929 137.811 439.244
206.355 58.9287 3.47245 2.94053 279.373 369.889
207.606 58.6097 3.39922 2.93338 255.096 372.202
227.731 58.9601 3.43485 2.83768 35.5944 1029.51
202.426 57.5673 3.49095 3.02423 93.6434 626.939
203.613 57.6397 3.49306 2.94098 132.704 577.851
205.548 57.5665 3.44962 3.04125 88.0812 526.206
224.26 58.4133 3.52221 2.93756 119.3 880.222
225.482 58.2747 3.52906 2.93625 114.12 949.569
229.033 59.3946 3.49216 3.03489 157.362 1078.21
197.939 55.703 3.52356 3.07692 99.2199 962.95
200.447 56.2848 3.50207 2.99922 128.577 813.688
223.768 57.9616 3.54012 2.9241 113.252 883.061
225.424 57.4688 3.56362 2.96079 104.985 995.425
227.048 56.8144 3.58597 3.0348 87.2843 1117.79
229.75 56.9811 3.54537 3.0432 106.565 1242.09
212.138 64.8735 3.52256 3.05909 150.947 365.727
210.428 68.6408 3.50479 2.97178 99.2387 768.363
229.974 55.9154 3.59378 3.00591 62.1755 1322.43
228.385 55.3279 3.57805 2.97523 42.4227 1286.64
227.653 56.4191 3.60017 3.02368 111.667 1174.01
218.547 60.1369 3.68208 4.41033 159.482 502.647
217.908 60.4896 3.45237 2.94664 222.4 454.748
217.507 60.403 3.44051 2.87489 133.82 437.997
218.338 61.0595 3.45578 3.13964 123.256 458.027
216.296 60.3923 3.42105 2.74912 186.243 377.925
216.716 60.1205 3.45168 2.74596 141.914 412.602
215.271 60.5805 3.44191 2.76611 178.697 318.115
216.679 60.2805 3.43371 2.75226 167.774 402.411
218.244 60.7315 3.46467 3.07848 197.689 462.983
217.659 60.602 3.45315 2.98626 214.104 437.476
216.749 60.4427 3.42902 2.79885 145.226 398.039
217.639 60.9231 3.46145 3.09931 202.612 425.288
217.277 60.2474 3.43031 2.82684 64.8493 433.669
218.995 60.8241 3.46635 3.18754 134.979 499.144
216.976 61.3836 3.46422 3.16231 86.6186 379.143
218.049 60.1785 3.45035 2.84484 178.41 475.641
216.031 60.2361 3.4475 2.75586 217.37 373.145
218.652 60.2994 3.45604 2.93899 130.982 500.711
219.217 60.1294 3.46275 2.90861 220.868 536.961
216.221 60.072 3.46128 2.73194 192.203 391.519
218.856 60.4399 3.4695 2.99645 201.598 505.36
216.546 61.2275 3.48285 3.20613 170.206 359.739
