# evlo=207.376007 evla=60.081501
225.449 60.24 3.46312 2.8837 111.248 1000.6
194.627 64.5646 3.5449 3.04872 92.9946 826.097
217.908 60.4896 3.44945 2.85304 160.908 583.782
217.654 61.036 3.4495 2.88216 130.763 573.115
217.507 60.403 3.45282 2.81899 107.414 561.75
218.338 61.0595 3.43928 2.87839 193.392 610.144
220.363 59.9534 3.4645 2.82049 156.781 723.273
216.3 60.3932 3.46786 2.81935 155.852 495.202
225.144 58.5792 3.61511 3.13322 76.3736 1021.94
215.395 60.9677 3.43491 2.8759 254.482 450.975
209.013 64.0997 3.51721 3.05557 153.77 455.867
210.701 64.1732 3.49182 3.02433 120.138 487.736
207.916 63.4188 3.53447 3.06009 185.13 373
212.195 64.6453 3.51087 2.97209 109.244 566.156
204.378 55.8218 3.45176 2.87228 228.519 506.436
200.411 54.831 3.60767 3.02924 49.0814 718.024
207.685 63.8827 3.55976 3.03536 155.089 423.933
209.796 67.2269 3.54898 3.04723 124.934 805.323
216.907 60.7523 3.45143 2.84557 152.046 529.953
218.66 60.9649 3.44763 2.87979 190.29 626.628
209.738 62.4058 3.48086 3.19735 211.957 288.33
217.513 60.0823 3.46316 2.74639 141.257 563.681
212.624 63.0753 3.47294 3.04755 245.295 434.493
214.225 61.1292 3.44806 2.94994 212.116 392.704
215.93 63.6482 3.48142 3.06564 197.384 599.701
214.25 60.5487 3.44696 2.8763 220.683 383.284
196.582 54.8564 3.54832 3.05082 129.899 868.785
213.401 60.7277 3.44142 2.89063 205.859 339.682
214.766 66.5657 3.53674 2.95743 97.4822 810.853
188.296 63.7758 3.57537 3.02613 68.0082 1078.16
211.074 61.771 3.39597 2.94528 316.485 274.992
216.188 61.4417 3.4416 2.90024 159.59 503.233
212.904 60.8792 3.45829 2.92939 219.329 316.602
215.271 60.5805 3.44959 2.84331 257.857 439.378
216.679 60.2805 3.47603 2.8216 147.54 516.315
218.244 60.7315 3.45662 2.90929 134.976 602.645
213.052 64.4091 3.49421 2.94206 77.765 564.894
213.497 60.396 3.46362 2.89218 271.873 340.741
215.738 60.3351 3.47138 2.79369 149.152 464.193
217.659 60.6024 3.45067 2.86452 134.701 570.246
225.615 58.2758 3.63708 3.14292 68.3039 1058.5
215.581 59.9268 3.50917 2.88638 144.576 457.822
216.749 60.4427 3.45947 2.83547 209.295 519.985
217.639 60.9231 3.45049 2.90281 211.508 571.125
214.077 61.4924 3.4539 2.89829 229.48 397.196
211.542 61.4131 3.41418 2.85971 303.674 271.257
209.077 63.5527 3.4803 3.03061 210.42 397.054
217.277 60.2474 3.46005 2.75482 41.9088 549.503
218.995 60.824 3.45681 2.93466 188.578 643.932
216.976 61.3836 3.43088 2.85893 206.285 542.951
211.063 63.7318 3.4939 2.95693 155.769 450.42
211.768 64.9602 3.51621 3.00034 165.732 588.587
218.049 60.1785 3.45813 2.74947 105.208 592.695
209.256 65.0304 3.54021 3.06469 208.582 559.924
210.931 64.5928 3.50158 2.96427 170.199 535.261
216.031 60.2361 3.48629 2.84084 147.022 480.585
191.145 52.9721 3.57573 3.05867 158.626 1268.76
217.533 61.1871 3.44433 2.88952 170.128 568.724
218.652 60.2994 3.43697 2.78327 101.91 625.299
211.14 63.4056 3.5147 2.99165 134.927 420.285
219.217 60.1294 3.44935 2.76658 161.482 657.774
218.856 60.4399 3.45711 2.87526 156.059 635.963
216.546 61.2275 3.43971 2.85596 157.472 517.039
207.417 57.7828 3.4596 3.04057 286.082 256.072
212.138 64.8736 3.51718 2.97653 121.309 587.483
205.026 71.0033 3.51475 2.8905 64.9087 1222.37
234.753 71.9871 3.53785 2.96739 75.9033 1786.05
198.198 69.3641 3.48731 2.94558 64.77 1120.69
202.84 70.0079 3.49313 2.8857 49.9753 1126.37
205.387 69.6211 3.52008 2.96623 84.9941 1067.59
206.58 70.34 3.50572 2.9754 89.9977 1144.34
198.806 68.6483 3.49947 2.99012 53.7168 1038.59
200.413 69.1049 3.57101 3.24681 39.0929 1058.2
205.217 69.1565 3.52155 2.98019 91.519 1016.83
209.387 69.836 3.45811 2.96104 58.8213 1091.53
211.299 69.72 3.52465 2.95835 85.846 1089.97
215.088 69.9175 3.51763 2.97159 102.712 1153.24
216.289 69.626 3.51483 3.01643 80.6838 1142.23
235.93 69.3475 3.60547 3.06953 57.0834 1682.72
201.885 68.4946 3.52935 2.99918 63.2367 973.932
207.318 68.8799 3.48721 3.02589 97.3502 980.879
209.319 68.9656 3.49769 2.9662 50.7533 994.695
211.177 69.1532 3.51895 2.98301 98.0205 1027.09
213.625 69.322 3.51935 3.0129 127.485 1071.11
219.035 69.243 3.52489 2.97385 66.9372 1158.89
221.263 69.3286 3.52187 2.97945 56.714 1219.03
199.397 67.4213 3.51584 3.08472 78.0337 906.385
202.768 67.4572 3.53629 2.99792 66.5013 852.462
206.028 68.4414 3.51919 3.04128 136.435 934.194
208.187 68.1343 3.78997 3.06309 20.7909 898.559
210.384 68.0584 3.54631 3.03789 83.7257 901.013
211.513 68.0748 3.53295 3.02611 113.701 913.149
214.432 68.1207 3.54174 3.0193 119.273 958.496
218.405 68.1861 3.53744 2.98783 92.7888 1047.57
220.465 68.6043 3.53662 3.00044 59.4512 1136.31
222.103 68.3889 3.53406 3.04709 78.415 1163.44
223.281 66.3701 3.53963 3.03791 148.443 1058.03
193.671 65.4742 3.55282 3.03573 54.6609 919.019
195.352 65.7077 3.54446 3.00711 52.6649 873.128
200.349 66.6001 3.508 3.09064 39.3001 806.205
202.227 66.8332 3.54797 3.09225 74.4813 794.561
206.517 67.2221 3.52009 3.07572 109.498 797.087
207.821 67.5076 3.49879 3.03558 64.8338 828.096
212.113 67.5187 3.53517 3.0417 144.104 860.677
214.357 67.5933 3.54925 3.03445 125.513 903.791
215.855 67.6946 3.53987 3.03907 95.4259 943.413
224.214 67.6106 3.53987 3.01555 86.6031 1171.96
226.258 67.441 3.55758 3.03618 109.618 1232.51
195.961 64.9941 3.53765 3.00015 60.3977 800.954
197.645 65.3936 3.54595 3.03346 58.577 771.626
206.494 66.5156 3.51906 3.08149 174.049 718.525
208.493 66.9214 3.55467 3.04042 62.0269 764.429
209.976 66.7108 3.54186 3.07873 130.124 750.127
212.525 66.7004 3.54227 3.07261 130.992 780.766
213.899 66.7653 3.53486 3.03006 84.0713 812.1
216.215 66.9498 3.51832 2.96305 79.2736 881.131
218.345 66.8088 3.50661 3.0327 110.16 925.582
221.978 66.9116 3.53886 3.04874 82.7563 1047.93
223.778 66.9808 3.54557 3.02585 112.624 1114.98
225.729 66.9227 3.54965 3.03585 95.6398 1182.49
197.761 64.6379 3.54772 3.03742 71.4143 709.735
200.087 64.937 3.56183 3.10708 52.9767 657.8
205.119 65.4924 3.54582 3.077 161.222 613.889
207.195 65.6571 3.54336 3.02112 104.676 621.518
208.623 65.8937 3.55702 3.05629 105.572 650.875
210.457 65.8251 3.53633 3.0852 148.464 658.805
212.122 65.8371 3.52978 3.03228 148.186 684.768
214.18 66.267 3.55251 3.05853 38.7443 768.932
214.181 66.267 3.53176 2.99702 70.5003 768.955
218.473 66.2305 3.51705 3.06686 133.808 882.055
221.631 66.2191 3.52987 3.03436 69.1137 987.957
225.657 65.8052 3.5364 3.03742 96.3958 1119.72
214.843 62.3987 3.43602 2.98403 333.367 476.489
213.052 64.4091 3.49421 2.94206 77.765 564.894
199.305 63.8864 3.53231 3.05034 80.3229 598.207
205.522 64.7962 3.51027 3.05411 122.651 534.06
208.018 65.18 3.56965 3.02998 125.334 569.201
210.64 65.1479 3.52736 3.08264 162.322 588.817
216.846 65.3064 3.51959 3.05851 146.862 756.188
218.385 65.6035 3.52696 3.05684 118.424 830.404
220.064 65.4483 3.52371 3.03438 94.667 879.054
221.694 65.3609 3.52631 3.04796 201.85 935.86
223.623 65.2225 3.5259 3.04923 128.1 1006.48
196.446 62.7492 3.55634 3.03719 75.4953 653.873
199.398 63.2842 3.54833 3.04446 74.9524 552.302
200.922 63.3965 3.53886 3.02467 58.3916 502.323
203.285 63.465 3.51647 3.01037 80.6872 434.34
204.379 63.994 3.57882 3.07973 88.2597 463.265
205.853 64.1767 3.49487 3.02782 149.147 463.228
214.63 64.613 3.50364 2.98698 131.972 628.687
216.201 64.5654 3.52561 2.9595 24.324 676.348
216.436 64.5012 3.50735 3.04264 238.163 679.752
221.784 64.453 3.50149 3.07326 171.856 889.862
221.784 64.4525 3.5019 3.06608 92.3447 889.812
223.67 64.5753 3.50335 3.05967 157.274 977.748
195.344 61.9331 3.5562 3.04727 47.7749 681.602
198.469 62.2938 3.5394 3.08641 90.4718 538.167
201.699 62.7161 3.57083 2.98546 45.4052 421.86
205.93 63.3569 3.47291 2.98399 157.14 372.912
214.222 63.8036 3.48434 3.05298 243.22 548.241
217.924 64.0292 3.49215 3.078 205.833 704.176
222.48 63.8433 3.50779 3.05149 138.383 893.423
197.317 61.3416 3.5899 2.9941 107.72 566.222
198.513 61.678 3.5622 3.01143 104.13 512.681
200.525 61.7105 3.55599 3.00894 85.8787 413.547
201.703 62.1344 3.54395 3.06995 97.1817 381.771
203.311 62.2195 3.56154 3.15494 126.661 323.408
205.146 62.1816 3.53746 3.08539 177.718 263.034
206.12 62.4787 3.48135 2.99656 136.425 275.475
216.652 63.0254 3.47014 3.03127 241.609 591.453
218.173 63.0618 3.47513 3.02005 284.895 661.653
221.871 63.109 3.47882 3.02985 216.32 837.896
193.799 60.3849 3.55324 3.05215 144.347 751.688
196.65 60.4135 3.54674 3.07275 132.798 594.525
198.04 60.7515 3.55927 3.06421 119.661 519.32
199.312 60.6947 3.55777 3.081 174.974 449.635
201.041 61.0224 3.56722 3.02549 160.715 362.903
202.562 61.4009 3.61029 2.97274 111.638 300.814
204.176 61.4907 3.5005 3.19644 91.8125 234.564
212.274 61.7929 3.41963 2.92535 332.985 326.777
213.825 62.1067 3.43005 2.97096 442.396 414.404
217.004 62.4013 3.42054 2.95817 245.067 577.235
218.122 62.3579 3.41525 2.94852 262.085 629.704
221.538 62.4435 3.43911 2.95013 170.177 802.243
223.206 62.5763 3.46002 2.97299 199.373 889.425
225.609 62.2024 3.45332 2.9197 167.274 1006.5
198.315 59.9237 3.53583 3.11851 167.563 505.484
199.908 60.1686 3.5432 3.10884 153.518 415.039
201.231 60.4742 3.56192 3.08395 283.232 342.687
202.813 60.5269 3.55708 3.15031 187.675 257.038
215.402 61.6061 3.44794 2.91391 220.365 467.905
222.911 61.4593 3.44103 2.94136 96.6191 858.295
224.22 61.4862 3.45058 2.96522 137.042 928.123
226.918 61.1512 3.47374 2.97899 100.11 1072.64
198.736 59.2533 3.5656 3.16462 153.664 495.218
200.175 59.1767 3.58019 3.15498 195.384 418.367
201.907 59.5938 3.57069 3.21695 326.892 311.357
202.905 59.7733 3.57184 3.2741 335.056 252.303
219.809 60.7718 3.45507 2.9579 148.709 688.083
221.424 60.3024 3.4507 2.84561 119.847 778.274
223.909 60.7704 3.45528 2.85899 161.331 911.466
190.452 56.6011 3.60701 3.08483 42.1102 1060.66
202.009 59.0314 3.59853 3.15205 238.934 325.11
203.561 59.1953 3.58058 3.28171 389.348 236.738
212.597 59.9979 3.49098 2.9614 195.821 291.05
222.262 59.6304 3.49279 2.89175 110.758 833.979
223.04 60.1218 3.46196 2.88662 111.648 869.349
226.285 59.5898 3.50338 2.96596 102.943 1058.15
227.183 60.2114 3.48387 2.90564 181.227 1096.28
212.566 65.1171 3.51281 2.92019 106.597 620.871
203.344 58.6774 3.58884 3.07569 254.305 277.383
204.113 58.2637 3.56166 3.21943 282.282 275.285
213.66 59.4296 3.51189 2.87667 182.091 360.477
227.731 58.9601 3.55993 3.02007 65.0587 1154.28
202.426 57.5673 3.5792 3.08672 154.998 400.064
203.613 57.6397 3.56002 3.09821 222.953 347.945
205.548 57.5665 3.51596 3.06714 156.72 299.372
225.482 58.2747 3.64364 3.12592 58.715 1051.13
229.033 59.3946 3.51335 2.96218 96.1287 1214.9
197.939 55.703 3.54592 3.04096 121.991 741.124
200.447 56.2848 3.51658 3.03049 115.031 586.791
228.869 57.9128 3.62791 3.18141 51.1579 1252.9
212.138 64.8735 3.52143 2.99859 103.013 587.469
210.428 68.6408 3.53859 2.99541 84.9051 965.224
227.653 56.4191 3.7525 3.38325 35.666 1252.66
209.931 62.7622 3.32643 2.79405 205.86 328.332
211.063 63.7323 3.49437 2.95732 155.769 450.48
211.14 63.4057 3.51475 2.9917 134.927 420.292
218.547 60.1369 4.15517 4.01392 258.787 620.576
217.908 60.4896 3.44945 2.85304 160.908 583.782
217.507 60.403 3.45282 2.81899 107.414 561.75
218.338 61.0595 3.43931 2.87842 193.392 610.15
216.296 60.3923 3.46655 2.81828 155.852 495.014
215.271 60.5805 3.44959 2.84331 257.857 439.378
216.679 60.2805 3.47603 2.8216 147.54 516.315
218.244 60.7315 3.45662 2.90929 134.976 602.645
217.659 60.602 3.4505 2.86438 134.701 570.218
216.749 60.4427 3.45947 2.83547 209.295 519.985
217.639 60.9231 3.45042 2.90275 211.508 571.115
217.277 60.2474 3.46005 2.75482 41.9088 549.503
218.995 60.8241 3.45681 2.93466 188.578 643.932
216.976 61.3836 3.43088 2.85893 206.285 542.951
218.049 60.1785 3.45813 2.74947 105.208 592.695
216.031 60.2361 3.48629 2.84084 147.022 480.585
217.533 61.187 3.44439 2.88957 170.128 568.733
218.652 60.2994 3.43697 2.78327 101.91 625.299
219.217 60.1294 3.44935 2.76658 161.482 657.774
218.856 60.4399 3.45711 2.87526 156.059 635.963
216.546 61.2275 3.43971 2.85596 157.472 517.039
