# evlo=227.182602 evla=60.211399
194.627 64.5646 3.60645 3.00859 27.662 1730.83
217.908 60.4896 3.50838 3.05261 245.813 512.522
217.654 61.036 3.49038 3.04833 166.531 529.201
217.507 60.403 3.50938 3.02842 152.475 534.835
218.338 61.0595 3.49701 3.06183 161.473 492.779
220.363 59.9534 3.55823 3.07105 292.192 380.497
216.3 60.3932 3.49994 2.98905 150.944 601.378
216.716 60.1205 3.49277 2.93751 177.223 580.594
215.395 60.9677 3.47723 3.00029 165.395 650.583
209.013 64.0997 3.60321 3.04927 102.031 1036.87
209.094 59.7511 3.50969 2.90771 173.193 1008.06
209.259 59.7417 3.50882 2.90535 138.057 999.146
210.701 64.1732 3.60219 3.02672 93.2974 961.238
208.846 60.7683 3.46645 2.96922 119.719 1006.62
207.916 63.4188 3.5566 3.1036 72.4242 1071.79
204.378 55.8218 3.70078 3.2475 77.4484 1425.1
200.411 54.831 3.68066 3.23975 48.3456 1698.03
207.685 63.8827 3.59341 3.07361 80.0468 1093.62
208.763 59.5251 3.52097 2.9048 112.802 1031.36
209.796 67.2269 3.85164 3.1052 41.7281 1154.62
216.907 60.7523 3.49962 3.03072 133.478 567.612
218.66 60.9649 3.50271 3.04826 176.322 474.229
209.738 62.4058 3.50835 3.09027 157.065 962.895
217.513 60.0823 3.50113 2.96426 223.095 536.894
212.624 63.0753 3.57911 3.13691 65.8599 832.805
214.225 61.1292 3.48411 3.0392 225.806 714.481
215.93 63.6482 3.61734 3.04308 83.2197 702.742
214.25 60.5487 3.47425 2.91487 125.236 713.181
196.582 54.8564 3.62667 3.17751 37.0741 1907.35
213.401 60.7277 3.47617 2.95917 160.451 758.846
209.784 61.1426 3.47383 2.99091 121.354 953.73
214.766 66.5657 3.59304 3.0984 40.7486 938.497
188.296 63.7758 3.60894 2.98331 45.8695 2042.54
203.121 64.7461 3.61392 3.04385 56.8067 1329.67
211.074 61.771 3.47594 3.06797 149.194 886.548
216.188 61.4417 3.48579 3.06098 201.179 612.854
212.904 60.8792 3.48637 2.99857 215.467 785.539
215.271 60.5805 3.49862 3.00942 137.768 657.102
216.679 60.2805 3.5002 2.97022 169.243 581.181
218.244 60.7315 3.50564 3.08426 175.184 494.66
213.052 64.4091 3.63494 3.08433 63.8065 866.607
213.497 60.396 3.47984 2.90347 96.106 755.592
215.738 60.3351 3.50409 2.97353 147.406 632.706
208.348 59.6572 3.51176 2.90556 141.812 1051.24
217.659 60.6024 3.50276 3.04738 192.283 526.195
225.615 58.2758 3.57368 3.09665 234.612 233.426
215.581 59.9268 3.48074 2.90147 152.096 645.95
216.749 60.4427 3.50471 3.00908 201.216 576.41
217.639 60.9231 3.49862 3.04571 192.81 528.848
214.077 61.4924 3.48504 3.07284 136.079 725.236
211.542 61.4131 3.4749 3.02498 209.794 859.601
197.4 66.8951 3.59785 3.04559 21.3698 1635.64
209.077 63.5527 3.57547 3.09319 81.7146 1018.27
217.277 60.2474 3.47081 3.03624 19.9824 548.423
218.995 60.824 3.5052 3.09019 209.797 454.543
216.976 61.3836 3.47979 3.04135 230.589 570.262
211.063 63.7318 3.59196 3.07164 138.862 928.667
211.768 64.9602 3.64166 3.07725 49.365 948.833
218.049 60.1785 3.50153 2.95928 200.923 506.235
209.256 65.0304 3.6417 3.26478 43.7303 1060.03
210.931 64.5928 3.61808 3.03856 53.3333 967.874
216.031 60.2361 3.49828 2.94921 169.231 617.334
217.533 61.1871 3.4778 3.02849 187.06 537.621
218.652 60.2994 3.50725 3.01176 141.064 472.095
211.14 63.4056 3.57997 3.11417 89.7737 914.599
219.217 60.1294 3.51446 2.9996 227.09 442.008
216.221 60.072 3.49125 2.9206 140.85 608.538
218.856 60.4399 3.5069 3.0337 275.976 460.463
216.546 61.2275 3.48309 3.04134 256.5 590.85
207.417 57.7828 3.63374 3.14645 85.106 1163.12
212.138 64.8736 3.64004 3.08512 60.4725 928.838
203.383 71.3221 3.5413 2.89125 30.1642 1628.25
205.026 71.0033 3.5421 2.92971 34.7532 1559.7
234.753 71.9871 3.615 2.99555 28.3601 1354.43
198.198 69.3641 3.53309 2.92302 23.1574 1688.05
202.84 70.0079 3.53538 2.98965 27.9377 1561.25
206.58 70.34 3.54339 2.93362 39.9819 1468.31
196.822 68.4753 3.56572 3.04557 16.5695 1705.67
198.806 68.6483 3.54751 3.03654 23.0518 1635.74
205.217 69.1565 3.54824 3.00768 23.7549 1432.07
209.387 69.836 3.53899 2.97601 40.4238 1351.24
211.299 69.72 3.54232 2.97129 57.5065 1290.26
215.088 69.9175 3.56185 2.92951 48.6434 1217.59
216.289 69.626 3.55744 2.96802 58.1013 1165.33
235.93 69.3475 3.56917 3.02672 44.5839 1097.71
196.917 67.6988 3.58266 3.0242 23.4416 1677.43
201.885 68.4946 3.55048 3.02115 25.225 1513.5
203.387 68.7132 3.55523 2.99048 23.6777 1469.85
207.318 68.8799 3.55287 2.98058 28.3143 1345.43
209.319 68.9656 3.56465 3.10007 29.5328 1288.22
211.177 69.1532 3.54822 2.99485 47.9757 1247.96
213.625 69.322 3.55304 2.96176 58.5078 1197.34
219.035 69.243 3.57216 2.98139 52.7369 1076.98
221.263 69.3286 3.53711 2.92366 52.0947 1053.57
198.174 67.082 3.58407 3.01199 20.1658 1607.73
199.397 67.4213 3.59754 3.09475 30.9696 1567.3
202.768 67.4572 3.6187 2.91422 30.401 1432.92
203.811 68.2575 3.56602 2.99202 22.963 1430.71
208.187 68.1343 3.56749 3.07035 34.9375 1268.22
210.384 68.0584 3.57078 2.96514 23.7589 1190.02
211.513 68.0748 3.57068 3.1161 32.7624 1155.34
214.432 68.1207 3.57024 2.99889 68.8381 1073.48
218.405 68.1861 3.57041 3.00308 67.5578 983.795
220.465 68.6043 3.57155 3.00284 59.2517 988.751
222.103 68.3889 3.56013 2.99935 75.3486 943.433
223.281 66.3701 3.5655 3.00339 102.95 713.504
193.671 65.4742 3.60055 3.0987 27.1473 1779.91
195.352 65.7077 3.60152 3.08174 34.1528 1704.8
198.75 66.442 3.60531 3.05641 24.4401 1566.28
212.113 67.5187 3.58798 3.19168 51.2084 1095.43
214.357 67.5933 3.58637 2.99572 55.2397 1032
215.855 67.6946 3.58666 2.98474 42.6063 998.705
220.128 67.6136 3.58076 2.97892 81.7649 893.536
224.214 67.6106 3.56285 3.03735 74.5084 837.361
226.258 67.441 3.59634 3.06588 91.8646 807.173
195.961 64.9941 3.61687 3.00278 21.2712 1669.56
197.645 65.3936 3.60212 3.08752 17.1374 1595.48
199.349 65.5011 3.59553 3.09643 19.2914 1519.12
201.346 65.895 3.59358 3.07148 35.4103 1438.28
202.913 66.1434 3.59756 3.0604 30.8456 1377.19
206.494 66.5156 3.62162 3.03278 44.5475 1241.94
216.215 66.9498 3.5854 2.99128 39.3018 925.014
218.345 66.8088 3.58652 2.98202 65.6008 855.164
221.978 66.9116 3.56701 2.96214 87.5058 789.736
223.778 66.9808 3.57008 3.03337 58.267 772.987
225.729 66.9227 3.59554 3.06951 60.9329 751.533
197.761 64.6379 3.60916 3.04995 33.5702 1581.37
200.087 64.937 3.61439 3.00885 42.1843 1475.14
201.637 65.1527 3.61938 3.01749 36.6938 1407.24
203.551 65.5276 3.59277 3.05419 30.8506 1330
205.119 65.4924 3.59557 3.06266 29.2529 1259.26
208.623 65.8937 3.61687 3.14032 69.7865 1125.73
210.457 65.8251 3.61324 3.09459 68.6468 1047.71
212.122 65.8371 3.61462 3.08669 58.0844 982.917
218.473 66.2305 3.58458 2.99461 62.9223 799.626
221.631 66.2191 3.56356 2.98561 71.4589 724.869
225.657 65.8052 3.56881 3.07542 67.0577 628.213
214.843 62.3987 3.51977 3.08082 79.7645 703.395
213.052 64.4091 3.63494 3.08433 63.8065 866.607
199.305 63.8864 3.57488 3.01629 36.1788 1501.18
205.522 64.7962 3.61494 3.02947 63.823 1219.58
208.018 65.18 3.64911 3.34678 32.2901 1120.28
210.64 65.1479 3.62543 3.14079 37.2716 1005.75
216.846 65.3064 3.62323 3.12555 44.6992 773.637
218.385 65.6035 3.57171 3.12235 62.8511 747.704
220.064 65.4483 3.58001 3.03871 69.5842 686.331
221.694 65.3609 3.58043 3.01412 99.648 638.135
223.623 65.2225 3.54677 3.01135 101.368 587.23
196.446 62.7492 3.53656 3.04402 47.0132 1645.68
199.398 63.2842 3.54933 3.02783 37.854 1494.46
200.922 63.3965 3.55848 3.026 33.0477 1418.48
203.285 63.465 3.5593 3.04135 43.9764 1301.34
205.853 64.1767 3.60315 3.08204 82.7103 1188.11
214.63 64.613 3.62474 3.03918 69.6721 811.058
216.436 64.5012 3.60744 3.04569 47.0898 732.004
221.784 64.453 3.6026 3.07325 74.5876 548.889
221.784 64.4525 3.59329 3.05646 59.1616 548.858
223.67 64.5753 3.55964 3.04573 97.0589 519.003
195.344 61.9331 3.52209 3.04166 69.0357 1711.84
198.469 62.2938 3.51705 3.0501 87.0892 1545.41
201.699 62.7161 3.51808 3.06505 74.8117 1377.43
205.93 63.3569 3.54244 3.00825 71.9953 1168.67
214.222 63.8036 3.6189 3.07899 89.2402 786.116
217.924 64.0292 3.60662 3.02092 71.2068 642.743
222.48 63.8433 3.60921 3.07661 118.155 473.475
197.317 61.3416 3.50706 3.03341 100.43 1617.83
198.513 61.678 3.50541 3.03625 80.9579 1549.69
200.525 61.7105 3.49783 3.0195 108.514 1443.4
201.703 62.1344 3.49951 3.03876 91.9279 1378.51
203.311 62.2195 3.49664 3.04379 107.841 1294.48
205.146 62.1816 3.49586 3.08168 124.482 1199
206.12 62.4787 3.49594 3.0786 96.5195 1149.65
216.652 63.0254 3.61356 3.12902 147.621 639.575
218.173 63.0618 3.61476 3.09502 169.782 572.911
221.871 63.109 3.67441 2.98151 61.7214 428.052
193.799 60.3849 3.50961 3.02083 103.441 1826.32
196.65 60.4135 3.50321 3.00126 127.32 1672.64
198.04 60.7515 3.49925 3.01428 127.739 1590.42
199.312 60.6947 3.49259 2.99883 124.111 1523.31
201.041 61.0224 3.49121 3.02524 126.824 1424.76
202.562 61.4009 3.49091 3.04379 142.05 1338.69
204.176 61.4907 3.48384 3.01898 123.171 1252.11
205.609 61.9037 3.48839 3.04683 135.997 1174.7
206.868 61.8823 3.48844 3.05963 159.745 1108.46
209.88 61.7531 3.47494 3.04589 146.235 949.392
212.274 61.7929 3.47681 3.06571 140.918 823.677
213.825 62.1067 3.48171 3.03068 172.337 747.958
217.004 62.4013 3.57947 3.10977 122.808 596.706
218.122 62.3579 3.58246 3.11258 136.115 540.911
221.538 62.4435 3.62175 2.9934 107.58 391.231
223.206 62.5763 3.67434 2.9949 89.2911 338.39
225.609 62.2024 3.57512 3.16245 121.091 237.416
198.315 59.9237 3.497 2.96681 148.12 1595.02
199.908 60.1686 3.49308 2.96733 164.009 1502.41
201.231 60.4742 3.48706 2.97752 165.399 1424.1
202.813 60.5269 3.4791 2.96867 133.776 1337.4
204.11 60.6801 3.47336 2.96508 148.547 1264.61
205.516 60.8132 3.46444 2.98813 132.487 1186.7
207.791 61.2001 3.46311 2.98536 120.322 1060.66
215.402 61.6061 3.48094 3.04633 157.729 656.877
222.911 61.4593 3.58085 3.09505 175.744 270.654
198.736 59.2533 3.50986 3.00918 63.9533 1591.21
200.175 59.1767 3.52494 2.99176 53.7568 1514.55
201.907 59.5938 3.51605 2.97253 103.7 1407.54
202.905 59.7733 3.50865 2.97099 105.383 1348.21
204.792 59.8542 3.50639 2.94828 170.523 1242.8
205.68 60.1952 3.48634 2.93857 147.593 1187.2
207.376 60.0815 3.48387 2.90564 181.227 1096.28
210.276 60.4814 3.48585 2.94619 131.939 931.431
219.809 60.7718 3.50917 3.10007 207.898 409.861
221.424 60.3024 3.53649 3.05968 218.362 318.868
202.009 59.0314 3.53298 2.99416 98.4206 1418.01
203.561 59.1953 3.527 2.97259 88.2595 1327.51
204.771 59.3922 3.52233 2.95793 110.13 1255.26
206.768 59.6524 3.50756 2.92611 125.622 1138.6
212.597 59.9979 3.49941 2.9147 105.454 810.007
222.262 59.6304 3.5735 3.08855 341.458 282.666
212.566 65.1171 3.61512 3.09855 49.0048 923.889
203.344 58.6774 3.54348 2.95979 78.7813 1355.58
204.113 58.2637 3.56591 3.114 71.6023 1327.43
207.606 58.6097 3.57485 3.09403 99.4466 1121.68
213.66 59.4296 3.53516 2.95697 110.657 762.257
202.426 57.5673 3.56956 3.09174 85.4072 1448.39
203.613 57.6397 3.56022 3.0521 46.9088 1379.58
205.548 57.5665 3.59876 3.12132 44.9555 1275.5
224.26 58.4133 3.56473 3.0998 199.236 260.386
225.482 58.2747 3.56542 3.10045 255.817 236.555
197.939 55.703 3.58947 3.10494 64.7735 1785.92
200.447 56.2848 3.59939 3.12411 40.5895 1617.22
223.768 57.9616 3.57884 3.13241 232.397 317.929
225.424 57.4688 3.61066 3.04214 235.66 321.914
228.869 57.9128 3.54344 3.04516 115.46 273.698
227.048 56.8144 3.6025 3.10729 98.7286 378.461
229.75 56.9811 3.53752 3.10692 128.3 389.493
212.138 64.8735 3.64067 3.07138 48.7132 928.841
210.428 68.6408 3.57071 3.11526 53.0915 1230.68
226.879 56.1146 3.60101 3.15655 118.681 456.651
229.974 55.9154 3.5254 3.09894 80.9335 505.95
228.385 55.3279 3.60062 3.11344 84.6627 548.554
227.653 56.4191 3.60976 3.16017 128.678 423.295
209.931 62.7622 3.98985 3.74 161.547 958.707
211.063 63.7323 3.59192 3.07161 138.862 928.659
211.14 63.4057 3.57997 3.11416 89.7737 914.598
218.547 60.1369 2.88918 2.19405 137.765 479.062
217.908 60.4896 3.50838 3.05261 245.813 512.522
217.507 60.403 3.50938 3.02842 152.475 534.835
218.338 61.0595 3.49697 3.06179 161.473 492.773
216.296 60.3923 3.50106 2.99 150.944 601.57
216.716 60.1205 3.49277 2.93751 177.223 580.594
215.271 60.5805 3.49862 3.00942 137.768 657.102
216.679 60.2805 3.5002 2.97022 169.243 581.181
218.244 60.7315 3.50564 3.08426 175.184 494.66
217.659 60.602 3.50293 3.04753 192.283 526.221
216.749 60.4427 3.50471 3.00908 201.216 576.41
217.639 60.9231 3.4987 3.04577 192.81 528.859
217.277 60.2474 3.47081 3.03624 19.9824 548.423
218.995 60.8241 3.5052 3.0902 209.797 454.544
216.976 61.3836 3.47979 3.04135 230.589 570.262
218.049 60.1785 3.50153 2.95928 200.923 506.235
216.031 60.2361 3.49828 2.94921 169.231 617.334
217.533 61.187 3.47773 3.02843 187.06 537.609
218.652 60.2994 3.50725 3.01176 141.064 472.095
219.217 60.1294 3.51446 2.9996 227.09 442.008
216.221 60.072 3.49125 2.9206 140.85 608.538
218.856 60.4399 3.5069 3.0337 275.976 460.463
216.546 61.2275 3.48309 3.04134 256.5 590.85
