# evlo=211.139862 evla=63.405655
225.449 60.24 3.56842 3.20114 36.8506 830.192
194.627 64.5646 3.57358 3.02443 84.2432 816.282
217.908 60.4896 3.46956 3.02098 143.904 481.041
217.654 61.036 3.46581 3.09339 163.092 429.27
217.507 60.403 3.49442 2.99799 98.2665 472.855
218.338 61.0595 3.46417 3.08926 129.142 456.159
220.363 59.9534 3.47321 3.05074 109.804 620.708
216.3 60.3932 3.5252 2.981 108.377 431.336
225.144 58.5792 3.49058 3.04468 136.471 926.192
215.395 60.9677 3.47356 3.09596 198.378 350.46
209.094 59.7511 3.44168 2.98969 240.287 421.459
209.259 59.7417 3.44181 2.9949 226.956 420.314
208.846 60.7683 3.48833 2.98756 218.613 317.37
204.378 55.8218 3.47238 2.94108 183.226 925.926
208.763 59.5251 3.44636 3.00563 330.237 450.547
209.796 67.2269 3.51559 2.98926 109.054 430.611
216.907 60.7523 3.48079 3.07014 195.583 421.961
218.66 60.9649 3.45446 3.10108 128.729 476.373
217.513 60.0823 3.50547 3.0106 109.153 500.1
221.785 59.0906 3.48873 3.14758 15.0101 745.225
214.225 61.1292 3.536 3.2629 160.978 300.003
215.93 63.6482 3.52821 3.00357 279.602 239.83
214.25 60.5487 3.49465 3.05768 175.916 357.635
196.582 54.8564 3.55324 3.04131 84.7559 1259.71
213.401 60.7277 3.50587 3.1294 150.751 320.968
209.784 61.1426 3.49243 3.14297 262.472 261.85
214.766 66.5657 3.57483 3.0981 237.051 391.539
188.296 63.7758 3.58716 2.94435 55.3625 1128.78
203.121 64.7461 3.5771 2.96889 101.253 418.527
216.188 61.4417 3.46684 3.01483 166.699 340.328
212.904 60.8792 3.57191 3.14565 121.166 296.192
215.271 60.5805 3.44762 2.96473 115.6 381.94
216.679 60.2805 3.49165 2.95746 103.27 453.994
218.244 60.7315 3.47185 3.11287 111.296 475.752
213.497 60.396 3.53035 3.09733 105.096 357.496
215.738 60.3351 3.4703 2.98031 148.005 418.863
208.348 59.6572 3.45633 3.02437 267.978 443.228
217.659 60.6024 3.47195 3.00001 159.142 462.492
225.615 58.2758 3.50492 3.04544 118.447 969.231
215.581 59.9268 3.44509 2.90564 124.345 453.246
216.749 60.4427 3.48841 2.99515 153.545 442.232
217.639 60.9231 3.46737 3.07797 148.958 437.015
214.077 61.4924 3.50051 3.22561 206.243 261.605
197.4 66.8951 3.55473 3.01304 58.9778 750.49
217.277 60.2474 3.51575 3.01056 117.57 477.57
218.995 60.824 3.46516 3.08344 111.825 500.388
216.976 61.3836 3.49115 3.10937 189.208 376.458
218.049 60.1785 3.49269 2.992 123.672 511.554
216.031 60.2361 3.50199 2.9974 122.224 437.026
191.145 52.9721 3.57338 3.03601 139.014 1640.11
219.747 60.0959 3.47441 3.06648 135.401 584.675
220.599 59.667 3.48557 3.05227 109.912 652.13
214.475 65.5174 3.60357 3.1393 244.432 284.858
217.533 61.1871 3.4729 3.09073 123.138 413.428
211.667 60.8584 3.50077 2.84546 245.29 285.21
215.323 60.3863 3.42747 2.89286 96.8627 401.8
210.261 61.0889 3.47108 3.09742 253.966 262.204
197.092 68.0541 3.52305 2.96242 79.1052 823.906
218.652 60.2994 3.47181 3.03761 133.376 525.04
219.217 60.1294 3.48696 3.03449 168.59 560.691
216.01 63.9761 3.55278 3.07295 356.434 249.091
214.792 60.5341 3.49906 2.79758 84.6777 372.831
205.816 56.5593 3.46 2.933 230.412 817.959
209.777 60.5117 3.46441 3.06158 272.89 330.33
189.752 57.1766 3.57908 3.03441 107.445 1361.87
209.253 61.4636 3.54671 3.13197 303.896 237.345
217.161 60.1791 3.49833 3.04117 149.515 479.395
216.221 60.072 3.4996 2.90578 118.1 458.095
210.547 60.1043 3.49126 3.05399 246.992 369.232
218.856 60.4399 3.46173 3.06025 160.817 522.406
217.171 60.7541 3.48792 3.0659 213.79 431.724
192.073 65.5598 3.58099 3.05901 100.522 943.687
193.495 53.8452 3.55627 3.05806 95.1072 1468.58
216.546 61.2275 3.4496 3.06639 173.829 370.597
217.147 60.448 3.4938 3.0345 177.487 455.931
218.249 60.3583 3.48099 3.03567 161.731 504.629
226.475 68.3065 3.7502 2.97734 104.052 884.144
207.417 57.7828 3.44577 2.96048 176.629 658.62
198.929 70.2043 3.79053 2.84777 26.0281 925.375
203.383 71.3221 3.49595 2.84458 56.7223 941.918
234.753 71.9871 3.54019 2.94693 85.6911 1367.43
198.198 69.3641 3.46848 2.85798 55.1708 877.602
202.84 70.0079 3.47753 2.941 77.8518 820.713
205.387 69.6211 3.50933 2.91687 67.3063 738.087
206.58 70.34 3.49236 2.85932 82.3077 798.191
194.656 68.2746 3.53017 2.91244 46.6473 923.72
196.822 68.4753 3.50158 2.90695 62.4532 858.987
198.806 68.6483 3.48122 2.90394 66.7428 806.34
200.413 69.1049 3.48313 2.8767 60.658 795.407
205.217 69.1565 3.52328 2.93994 51.1604 693.505
209.387 69.836 3.49284 2.93359 145.223 721.198
211.299 69.72 3.49977 2.9701 96.5375 704.178
215.088 69.9175 3.51578 2.91746 169.778 746.488
216.289 69.626 3.52821 2.98847 121.315 729.877
235.93 69.3475 3.64851 3.06349 106.365 1278.48
196.917 67.6988 3.54171 2.94427 48.8167 809.906
201.885 68.4946 3.50377 2.93645 75.793 705.038
203.387 68.7132 3.52457 2.99474 88.41 687.04
207.318 68.8799 3.50711 2.88409 76.2615 634.05
209.319 68.9656 3.51156 2.96906 126.211 625.324
211.177 69.1532 3.50845 2.93881 112.391 640.916
213.625 69.322 3.52174 2.95197 163.859 668.915
219.035 69.243 3.56791 3.03718 104.967 739.6
221.263 69.3286 3.56959 2.97545 71.1393 798.736
198.174 67.082 3.56638 3.00075 70.9942 729.507
199.397 67.4213 3.5503 3.00776 82.4759 703.697
202.768 67.4572 3.50691 2.99217 84.9121 594.854
203.811 68.2575 3.52654 3.05284 106.568 635.352
206.028 68.4414 3.54004 2.99246 55.419 607.376
208.187 68.1343 3.56398 3.0042 82.8079 544.187
210.384 68.0584 3.52232 2.99458 110.013 519.945
211.513 68.0748 3.56395 2.99527 163.912 520.904
214.432 68.1207 3.55265 3.02949 171.936 546.771
218.405 68.1861 3.59884 3.08232 140.435 627.333
220.465 68.6043 3.58291 3.02188 81.7499 716.189
222.103 68.3889 3.5671 3.07561 140.479 745.245
223.281 66.3701 3.6001 3.03346 213.947 661.778
193.671 65.4742 3.57051 3.06741 78.6096 869.16
195.352 65.7077 3.56041 3.03184 74.6872 796.913
198.75 66.442 3.562 2.97955 45.5923 675.217
200.349 66.6001 3.54468 2.97351 61.9291 619.948
202.227 66.8332 3.55035 3.04224 112.735 565.843
204.275 67.0486 3.53671 2.95919 80.9739 517.165
206.517 67.2221 3.5587 3.12071 145.093 476.694
207.821 67.5076 3.57233 2.97394 73.3166 482.392
212.113 67.5187 3.56113 3.02985 193.771 460.8
214.357 67.5933 3.56949 3.07066 196.873 489.937
215.855 67.6946 3.58889 3.08128 172.158 525.146
220.128 67.6136 3.56182 3.03606 125.37 625.815
224.214 67.6106 3.56892 2.99248 132.362 762.906
226.258 67.441 3.60424 3.00194 134.713 830.437
195.961 64.9941 3.55216 3.06503 69.1733 756.345
197.645 65.3936 3.55168 3.05887 103.095 685.97
199.349 65.5011 3.56212 3.08005 87.6468 612.626
201.346 65.895 3.5657 2.94067 68.8303 543.299
202.913 66.1434 3.5413 2.99169 103.186 495.682
206.494 66.5156 3.56739 3.08447 112.083 410.123
208.493 66.9214 3.59275 3.06498 169.607 411.077
209.976 66.7108 3.57316 3.01637 132.226 372.534
212.525 66.7004 3.57134 3.03108 193.111 373.059
213.899 66.7653 3.57842 3.06501 187.949 396.315
216.215 66.9498 3.58533 3.07862 176.564 460.883
218.345 66.8088 3.56842 3.01486 138.233 507.892
221.978 66.9116 3.57557 3.02196 136.369 639.743
223.778 66.9808 3.59517 2.99683 155.139 711.605
225.729 66.9227 3.61365 3.01432 104.098 785.741
197.761 64.6379 3.57914 3.00631 55.4147 667.065
200.087 64.937 3.55631 2.99632 71.5171 563.107
201.637 65.1527 3.55743 3.04253 86.4947 499.242
203.551 65.5276 3.55734 2.98458 117.627 434.653
205.119 65.4924 3.53779 2.98244 120.394 371.414
207.195 65.6571 3.52313 3.03151 157.235 314.293
208.623 65.8937 3.61184 3.17402 143.6 302.292
210.457 65.8251 3.58503 2.95216 141.17 271.705
212.122 65.8371 3.5519 3.06508 311.496 275.106
214.18 66.267 3.56096 3.09342 83.4116 350.038
214.181 66.267 3.57932 3.06894 152.966 350.058
218.473 66.2305 3.56089 3.05436 151.42 469.063
221.631 66.2191 3.58225 3.02585 126.54 587.789
225.657 65.8052 3.593 3.01312 90.6028 742.574
199.305 63.8864 3.58383 3.1329 85.5414 588.002
205.522 64.7962 3.58006 2.95845 103.032 314.579
208.018 65.18 3.53337 2.93606 136.951 248.896
216.846 65.3064 3.60447 3.06523 215.094 347.469
218.385 65.6035 3.58358 3.05248 231.661 425.284
220.064 65.4483 3.57057 3.0192 169.785 486
221.694 65.3609 3.59639 3.04204 180.334 553.158
223.623 65.2225 3.58874 3.04422 135.752 635.774
196.446 62.7492 3.55399 3.01357 124.924 744.541
199.398 63.2842 3.55673 2.9747 156.896 587.3
200.922 63.3965 3.55816 2.97686 83.9763 510.096
203.285 63.465 3.54861 2.93217 136.079 391.919
204.379 63.994 3.57773 3.06236 193.87 340.584
205.853 64.1767 3.58668 3.03207 199.288 274.322
216.201 64.5654 3.61292 2.92224 48.8297 279.371
216.436 64.5012 3.58849 3.02717 304.977 286.776
221.784 64.453 3.58301 3.08341 154.065 534.367
221.784 64.4525 3.56722 3.1055 161.309 534.331
223.67 64.5753 3.56093 3.04414 190.479 625.91
195.344 61.9331 3.56834 3.08724 97.6728 823.655
198.469 62.2938 3.56388 3.06501 169.313 656.001
201.699 62.7161 3.56154 3.05652 201.574 483.107
205.93 63.3569 3.52342 2.98315 307.14 260.535
217.924 64.0292 3.56756 3.05545 316.045 342.27
222.48 63.8433 3.57548 3.03992 221.487 563.683
197.317 61.3416 3.57512 3.05452 145.366 749.742
198.513 61.678 3.5668 3.02651 199.831 676.489
200.525 61.7105 3.5587 3.00525 189.99 576.94
201.703 62.1344 3.55318 3.04932 186.881 501.826
203.311 62.2195 3.54749 3.03431 220.611 420.235
205.146 62.1816 3.52787 3.01209 416.07 334.763
206.12 62.4787 3.52255 3.04794 476.291 274.918
216.652 63.0254 3.49937 3.03911 293.3 280.395
218.173 63.0618 3.5417 3.08434 286.603 355.401
221.871 63.109 3.56587 3.08893 208.535 539.363
193.799 60.3849 3.58113 3.0336 128.365 968.233
196.65 60.4135 3.57337 3.05467 126.605 828.941
198.04 60.7515 3.57277 3.05467 135.097 744.082
199.312 60.6947 3.55663 2.99791 137.251 687.206
201.041 61.0224 3.55693 3.01274 148.49 587.904
202.562 61.4009 3.55006 3.03851 197.539 496.059
204.176 61.4907 3.5347 2.98437 272.28 417.786
205.609 61.9037 3.50232 2.97086 281.366 329.156
206.868 61.8823 3.48639 2.89485 243.628 277.084
217.004 62.4013 3.52115 3.06489 125.974 318.302
218.122 62.3579 3.50804 3.03099 133.95 373.714
221.538 62.4435 3.56361 3.06666 177.246 538.378
223.206 62.5763 3.57301 3.10876 217.075 617.631
225.609 62.2024 3.58036 3.07982 151.526 748.515
198.315 59.9237 3.54827 3.02829 139.585 780.404
199.908 60.1686 3.54393 3.04989 175.299 692.398
201.231 60.4742 3.53209 3.03573 202.953 613.319
202.813 60.5269 3.53889 3.05288 223.556 541.274
204.11 60.6801 3.50483 3.02773 308.681 476.578
205.516 60.8132 3.49324 2.95017 296.09 411.652
207.791 61.2001 3.54911 3.03542 200.147 300.918
215.402 61.6061 3.47316 3.09544 183.776 297.302
222.911 61.4593 3.56039 3.11904 125.943 644.466
224.22 61.4862 3.55864 3.0998 147.31 706.97
226.918 61.1512 3.57186 3.09177 124.535 854.328
198.736 59.2533 3.55356 3.03999 180.843 807.322
200.175 59.1767 3.54898 3.01857 165.074 751.712
201.907 59.5938 3.53866 3.03269 202.356 648.705
202.905 59.7733 3.52285 3.0304 213.553 595.043
204.792 59.8542 3.52665 3.0599 153.722 519.1
205.68 60.1952 3.53028 3.05361 172.643 458.946
207.376 60.0815 3.51475 2.9917 134.927 420.292
210.276 60.4814 3.48303 3.10097 198.855 329.025
219.809 60.7718 3.43536 3.14321 104.399 539.069
221.424 60.3024 3.41786 2.99067 119.575 641.375
223.909 60.7704 3.55667 3.12499 65.7524 727.334
190.452 56.6011 3.57603 3.04572 83.3794 1371.36
202.009 59.0314 3.52964 3.05847 204.475 690.389
203.561 59.1953 3.53744 3.08322 158.571 619.785
204.771 59.3922 3.55566 3.10767 195.494 561.427
212.597 59.9979 3.56032 3.01017 120.018 387.482
222.262 59.6304 3.45141 3.07274 71.8783 724.666
223.04 60.1218 3.44711 3.00655 73.2761 725.572
226.285 59.5898 3.4767 2.93316 31.8625 908.768
227.183 60.2114 3.57997 3.11416 89.7737 914.598
203.344 58.6774 3.55093 3.11583 129.166 673.599
204.113 58.2637 3.57057 3.12861 93.0715 687.842
204.991 58.6484 3.55591 3.15244 164.195 625.079
206.355 58.9287 3.50135 3.02293 144.601 561.063
207.606 58.6097 3.46004 3.00419 146.146 567.362
213.66 59.4296 3.49442 2.94477 69.0846 462.97
227.731 58.9601 3.50051 3.04586 53.8736 1016.56
202.426 57.5673 3.56609 3.09857 69.8482 806.408
203.613 57.6397 3.55077 3.09927 66.9555 762.839
205.548 57.5665 3.49575 3.06358 88.9499 718.96
224.26 58.4133 3.49976 3.03222 38.4072 900.653
225.482 58.2747 3.50433 3.05065 73.3231 963.525
229.033 59.3946 3.58826 3.14571 51.1985 1050.59
197.939 55.703 3.55939 3.05578 85.0643 1132.98
200.447 56.2848 3.52097 3.07392 79.2365 991.645
223.768 57.9616 3.54096 3.22125 36.8503 915.921
225.424 57.4688 3.49098 2.9566 46.1465 1023.72
228.869 57.9128 3.51009 3.03617 90.499 1140.76
227.048 56.8144 3.53152 3.16045 32.1845 1144.34
229.75 56.9811 3.51555 3.04626 79.0192 1248.94
210.428 68.6408 3.49609 2.98874 111.271 584.64
226.879 56.1146 3.55544 3.03873 40.4465 1195.1
229.974 55.9154 3.52681 3.03321 49.6197 1341.77
228.385 55.3279 3.58349 3.15624 36.104 1323.17
218.842 64.7774 3.5894 3.07311 317.521 405.249
218.547 60.1369 4.01636 4.15053 100.96 533.817
217.908 60.4896 3.46956 3.02098 143.904 481.041
217.507 60.403 3.49442 2.99799 98.2665 472.855
218.338 61.0595 3.4642 3.08929 129.142 456.163
216.296 60.3923 3.52495 2.98078 108.377 431.305
215.271 60.5805 3.44762 2.96473 115.6 381.94
216.679 60.2805 3.49165 2.95746 103.27 453.994
218.244 60.7315 3.47185 3.11287 111.296 475.752
217.659 60.602 3.47205 3.00005 159.143 462.505
216.749 60.4427 3.48841 2.99515 153.545 442.232
217.639 60.9231 3.4673 3.07792 148.958 437.007
217.277 60.2474 3.51575 3.01056 117.57 477.57
218.995 60.8241 3.46511 3.0834 111.825 500.381
216.976 61.3836 3.49115 3.10937 189.208 376.458
218.049 60.1785 3.49269 2.992 123.672 511.554
216.031 60.2361 3.50199 2.9974 122.224 437.026
217.533 61.187 3.47303 3.09084 123.138 413.443
218.652 60.2994 3.47181 3.03761 133.376 525.04
219.217 60.1294 3.48696 3.03449 168.59 560.691
216.221 60.072 3.4996 2.90578 118.1 458.095
218.856 60.4399 3.46173 3.06025 160.817 522.406
216.546 61.2275 3.4496 3.06639 173.829 370.597
