# evlo=211.306 evla=69.424004
217.908 60.4896 3.47268 2.93276 40.2527 1042.38
217.507 60.403 3.5113 3.00683 41.418 1046.41
218.338 61.0595 3.47181 2.88259 41.1473 987.314
216.3 60.3932 3.47384 2.92168 44.6109 1033.38
216.716 60.1205 3.51138 2.89307 43.1077 1067.67
216.679 60.2805 3.50937 2.9175 52.9966 1049.8
217.659 60.6024 3.4829 2.96484 31.7268 1026.83
216.749 60.4427 3.51492 3.01432 70.4818 1032.9
217.277 60.2474 3.52208 3.0174 47.953 1060.4
216.976 61.3836 3.50275 2.94096 61.0907 933.43
216.031 60.2361 3.46466 2.94524 34.5264 1047.85
217.533 61.1871 3.50604 2.90549 55.7665 962.016
218.652 60.2994 3.48963 2.92736 35.1004 1073.47
218.856 60.4399 3.5151 2.89791 23.4295 1061.5
216.546 61.2275 3.48026 2.9568 47.1571 945.096
231.887 52.1847 3.56776 3.10134 15.9426 2198.62
226.475 68.3065 3.46591 2.83078 237.86 621.486
207.417 57.7828 3.48445 2.91486 58.4276 1311.26
212.138 64.8736 3.50177 2.88684 106.323 508.747
218.842 64.7774 3.48951 2.94414 75.7348 611.978
234.233 58.9305 3.55377 2.96972 24.2018 1596.85
232.224 60.0057 3.54887 2.94892 29.2754 1433.86
231.195 60.1197 3.55163 2.94366 27.7468 1391.28
229.393 60.087 3.5529 2.92774 23.2413 1340.24
226.693 60.4834 3.55596 2.97766 20.7527 1226.36
225.753 60.434 3.53887 2.93551 16.8846 1206.41
237.286 58.0965 3.53733 2.94865 25.2208 1773.32
237.012 57.7103 3.55362 2.94882 19.0371 1800.04
237.146 57.39 3.55968 2.96266 23.7332 1834.32
209.736 66.2066 3.48273 2.89212 156.947 364.865
209.329 66.7192 3.44263 2.80864 155.744 312.702
198.722 65.4015 3.48501 2.85871 125.281 699.445
211.489 65.5114 3.48398 2.84372 107.36 436.435
211.449 65.522 3.51371 2.85321 26.0776 435.225
194.662 64.5695 3.5135 2.90492 123.58 900.92
204.534 64.74 3.47469 2.9246 119.516 598.831
209.89 67.3812 3.41489 2.75438 204.151 235.153
210.457 65.825 3.48387 2.81053 122.618 403.006
217.908 60.4896 3.47268 2.93276 40.2527 1042.38
217.507 60.403 3.5113 3.00683 41.418 1046.41
218.338 61.0595 3.47182 2.88259 41.1473 987.315
216.296 60.3923 3.47405 2.92185 44.6109 1033.44
216.716 60.1205 3.51138 2.89307 43.1077 1067.67
216.679 60.2805 3.50937 2.9175 52.9966 1049.8
217.659 60.602 3.48303 2.96494 31.7268 1026.86
216.749 60.4427 3.51492 3.01432 70.4818 1032.9
217.277 60.2474 3.52208 3.0174 47.953 1060.4
216.976 61.3836 3.50275 2.94096 61.0907 933.43
216.031 60.2361 3.46466 2.94524 34.5264 1047.85
217.533 61.187 3.50609 2.90553 55.7665 962.029
218.652 60.2994 3.48963 2.92736 35.1004 1073.47
218.856 60.4399 3.5151 2.89791 23.4295 1061.5
216.546 61.2275 3.48026 2.9568 47.1571 945.096
209.81 60.4601 3.49824 2.92942 24.2197 1001.81
211.376 60.7866 3.52333 2.87248 23.8396 963.014
