# evlo=210.554398 evla=64.5756
194.627 64.5646 3.59191 3.0778 176.876 761.442
217.908 60.4896 3.45623 2.98689 150.781 591.469
217.654 61.036 3.45864 2.93155 120.641 534.918
217.507 60.403 3.47351 2.9428 67.9668 586.467
218.338 61.0595 3.46589 2.94375 140.975 557.032
220.363 59.9534 3.46873 2.94456 133.289 723.045
216.3 60.3932 3.50285 3.0037 92.3134 551.836
225.144 58.5792 3.54635 3.06541 109.114 1019.09
216.716 60.1205 3.46523 3.03503 71.4182 589.671
215.395 60.9677 3.48317 3.15729 141.161 471.736
209.094 59.7511 3.47868 2.94981 250.695 543.005
209.259 59.7417 3.47882 2.94425 260.393 542.916
208.846 60.7683 3.49824 2.94862 188.692 433.241
204.378 55.8218 3.4921 3.01277 92.5841 1032.56
200.411 54.831 3.58101 3.10196 184.584 1223.25
208.763 59.5251 3.47247 2.9652 231.439 570.55
209.796 67.2269 3.51391 2.94641 160.297 297.643
216.907 60.7523 3.46641 3.11498 117.861 535.768
218.66 60.9649 3.46671 2.93599 156.145 576.533
209.738 62.4058 3.53066 3.01891 260.972 245.261
217.513 60.0823 3.49394 3.05601 80.8522 616.397
214.225 61.1292 3.57009 3.10112 103.065 427.043
215.93 63.6482 3.65687 3.07262 202.854 281.551
214.25 60.5487 3.56047 3.08415 136.423 487.207
196.582 54.8564 3.5852 3.15135 78.4242 1331.87
213.401 60.7277 3.48551 3.07601 103.334 452.922
209.784 61.1426 3.5208 3.07917 238.759 384.639
215.271 60.5805 3.45086 2.98828 113.51 506.682
216.679 60.2805 3.47503 3.02619 62.4537 573.26
218.244 60.7315 3.46202 3.00111 87.5813 581.483
217.659 60.6024 3.44971 2.9401 115.216 573.237
216.749 60.4427 3.47211 3.0425 89.1781 559.844
217.639 60.9231 3.45016 2.93393 128.042 544.21
217.277 60.2474 3.50573 3.15294 39.1206 593.831
218.995 60.824 3.4708 2.96351 130.863 600.393
216.976 61.3836 3.47054 3.00096 150.556 481.854
218.049 60.1785 3.45608 3.0053 90.9044 624.14
216.031 60.2361 3.5449 3.09127 80.7597 559.971
217.533 61.1871 3.45934 2.92819 140.659 517.806
218.652 60.2994 3.45051 2.9523 97.1667 633.118
219.217 60.1294 3.45601 2.95301 139.83 667.341
216.221 60.072 3.65117 3.748 71.0041 581.072
218.856 60.4399 3.45511 2.94944 118.746 627.849
216.546 61.2275 3.441 2.9946 167.032 481.303
234.753 71.9871 3.5315 2.85949 72.3648 1281.61
198.198 69.3641 3.46331 2.80513 55.7862 756.601
202.84 70.0079 3.47237 2.89911 67.4763 689.874
205.387 69.6211 3.49236 3.03519 49.2802 605.31
206.58 70.34 3.49991 2.80433 79.5925 664.661
194.656 68.2746 3.52605 2.96004 38.9638 817.52
196.822 68.4753 3.50836 2.90527 55.1574 747.041
198.806 68.6483 3.48689 2.90424 83.6187 688.904
200.413 69.1049 3.46342 2.85479 78.3281 671.696
205.217 69.1565 3.50016 2.9418 81.6817 561.464
209.387 69.836 3.43202 2.89755 155.086 588.801
211.299 69.72 3.48796 2.88328 103.655 574.618
215.088 69.9175 3.50363 2.91483 192.038 626.673
216.289 69.626 3.52617 2.97731 125.398 615.238
235.93 69.3475 3.64877 3.08127 126.327 1217.74
196.917 67.6988 3.56016 3.00032 39.914 705.385
201.885 68.4946 3.48504 2.90516 71.5118 581.623
203.387 68.7132 3.51411 2.98427 71.1056 559.164
207.318 68.8799 3.5426 2.93073 95.237 500.613
209.319 68.9656 3.45592 2.90519 161.756 492.55
211.177 69.1532 3.49072 2.93564 116.47 511.214
213.625 69.322 3.51236 2.9493 196.501 545.903
219.035 69.243 3.55797 2.96143 98.5258 638.163
221.263 69.3286 3.58211 3.03339 57.1828 705.178
198.174 67.082 3.62187 3.00912 35.8386 629.688
199.397 67.4213 3.57574 3.05348 58.3235 596.509
202.768 67.4572 3.52694 3.03834 82.7358 476.946
203.811 68.2575 3.52786 3.01159 71.4781 508.588
206.028 68.4414 3.51604 2.94193 73.7216 475.536
208.187 68.1343 3.52615 3.10225 175.797 410.678
210.384 68.0584 3.50306 2.96076 92.5736 388.449
211.513 68.0748 3.53205 2.97099 169.357 392.55
214.432 68.1207 3.56547 3.05912 164.345 431.586
218.405 68.1861 3.6234 3.01652 161.374 533.429
220.465 68.6043 3.61507 3.05972 100.474 627.139
222.103 68.3889 3.62388 3.07758 107.731 665.646
223.281 66.3701 3.62345 3.08519 182.386 621.462
193.671 65.4742 3.57996 3.04028 85.2129 799.546
195.352 65.7077 3.58747 3.0349 89.4473 722.607
198.75 66.442 3.62589 3.15208 64.8541 583.473
200.349 66.6001 3.64915 3.04332 46.6308 521.362
202.227 66.8332 3.59025 3.04448 68.1291 457.314
204.275 67.0486 3.52577 2.9726 69.1966 397.818
206.517 67.2221 3.53508 3.01254 148.646 347.632
207.821 67.5076 3.59066 3.07881 160.275 349.552
212.113 67.5187 3.5559 3.03465 277.474 335.667
214.357 67.5933 3.60328 3.06386 200.706 377.789
215.855 67.6946 3.61159 3.00235 159.605 421.899
220.128 67.6136 3.62348 3.10801 113.627 548.86
224.214 67.6106 3.58416 2.99965 126.666 702.437
226.258 67.441 3.61332 3.01481 148.809 778.329
218.842 64.7774 3.64844 3.19704 243.113 396.044
218.547 60.1369 3.81501 3.79773 113.412 644.048
217.908 60.4896 3.45623 2.98689 150.781 591.469
217.507 60.403 3.47351 2.9428 67.9668 586.467
218.338 61.0595 3.46592 2.94377 140.975 557.035
216.296 60.3923 3.50281 3.00367 92.3134 551.829
216.716 60.1205 3.46523 3.03503 71.4182 589.671
215.271 60.5805 3.45086 2.98828 113.51 506.682
216.679 60.2805 3.47503 3.02619 62.4537 573.26
218.244 60.7315 3.46202 3.00111 87.5813 581.483
217.659 60.602 3.44983 2.94021 115.216 573.257
216.749 60.4427 3.47211 3.0425 89.1781 559.844
217.639 60.9231 3.45012 2.9339 128.042 544.203
217.277 60.2474 3.50573 3.15294 39.1206 593.831
218.995 60.8241 3.47076 2.96347 130.863 600.385
216.976 61.3836 3.47054 3.00096 150.556 481.854
218.049 60.1785 3.45608 3.0053 90.9044 624.14
216.031 60.2361 3.5449 3.09127 80.7597 559.971
217.533 61.187 3.45944 2.92828 140.659 517.821
218.652 60.2994 3.45051 2.9523 97.1667 633.118
219.217 60.1294 3.45601 2.95301 139.83 667.341
216.221 60.072 3.65117 3.748 71.0041 581.072
218.856 60.4399 3.45511 2.94944 118.746 627.849
216.546 61.2275 3.441 2.9946 167.032 481.303
209.518 60.7352 3.493 2.97637 180.718 431.308
209.518 60.7351 3.49307 2.97643 180.718 431.316
