# evlo=233.582497 evla=52.431499
217.908 60.4896 3.6292 3.2664 21.2164 1312.51
216.3 60.3932 3.65121 3.21231 15.8204 1379.76
217.659 60.6024 3.63141 3.19565 22.4907 1330.96
216.749 60.4427 3.64297 3.20671 25.2669 1361.95
219.217 60.1294 3.64246 3.1701 18.7581 1230.57
235.766 58.6528 3.88205 4.50065 22.6911 706.123
234.233 58.9305 3.52289 3.05423 22.3863 724.717
229.393 60.087 3.54085 3.1198 19.5895 890.627
228.256 59.933 3.52351 3.09014 17.4157 897.669
225.753 60.434 3.56299 3.0458 20.8807 1011.99
210.176 67.8516 3.57512 3.105 18.4673 2126.48
231.373 54.036 3.6244 3.09209 72.6309 231.608
231.376 54.093 3.60565 3.07912 60.9663 236.346
231.424 54.17 3.61138 3.20638 51.6297 241.106
231.479 54.262 3.5818 3.09969 80.0238 247.215
231.436 54.358 3.56287 3.15635 38.1931 257.577
231.416 54.467 3.5772 3.19754 102.946 268.371
231.434 54.502 3.57802 3.21676 103.153 271.005
231.542 54.539 3.58633 3.19657 130.815 270.83
231.6 54.636 3.59022 3.1813 93.3849 278.321
231.677 54.722 3.59321 3.13711 91.8584 284.436
231.696 54.801 3.58727 3.11487 87.6368 291.751
231.665 54.851 3.5842 3.09674 64.322 297.627
231.681 55.018 3.57293 3.05039 107.352 314.02
231.846 55.084 3.57659 3.0767 96.1686 316.637
232.267 55.179 3.59985 3.2069 85.5646 317.829
232.385 55.267 3.58898 3.13448 75.8694 325.275
232.359 55.411 3.57826 3.12395 84.4525 341.217
217.908 60.4896 3.6292 3.2664 21.2164 1312.51
216.296 60.3923 3.65149 3.21255 15.8204 1379.87
217.659 60.602 3.6314 3.19564 22.4907 1330.96
216.749 60.4427 3.64297 3.20671 25.2669 1361.95
219.217 60.1294 3.64246 3.1701 18.7581 1230.57
