# evlo=230.973999 evla=53.769001
233.654 52.4412 3.68664 2.81315 32.5385 232.438
233.783 52.4386 3.64975 2.95793 22.6674 239.352
233.869 52.4069 3.65914 2.95484 24.9431 246.141
233.933 52.3681 3.65415 2.98402 29.5281 252.236
234.034 52.3981 3.64481 2.96497 30.8177 255.511
234.223 52.362 3.65633 3.04234 34.9967 268.183
234.367 52.4126 3.64294 3.02197 39.0233 272.845
234.492 52.3773 3.66612 2.99992 37.048 282.056
234.738 52.38 3.66487 3.09849 44.3014 295.793
234.917 52.3782 3.62696 3.09089 59.6188 306.197
