# evlo=233.9328 evla=52.368099
216.3 60.3932 3.64432 3.18406 21.4642 1401.27
216.716 60.1205 3.64182 3.17293 15.1079 1365.71
216.679 60.2805 3.63284 3.19261 22.4734 1376.85
216.749 60.4427 3.63776 3.18329 33.4101 1383.29
219.217 60.1294 3.63638 3.16742 17.2921 1251.4
235.766 58.6528 3.56577 3.21124 24.9608 709.144
234.769 58.8471 3.52854 3.04277 22.5638 723.24
231.195 60.1197 3.55835 3.0735 15.6744 879.439
228.256 59.933 3.52676 3.0738 20.1387 912.422
225.753 60.434 3.54264 3.07234 22.5928 1028.66
210.176 67.8516 3.5771 3.09218 19.2522 2143.72
230.745 53.425 3.6166 3.22837 133.596 244.626
230.743 53.517 3.59475 3.17236 77.1497 249.627
230.943 53.673 3.61476 3.07904 120.786 247.638
230.974 53.769 3.65415 2.98402 29.5281 252.236
231.321 53.9 3.58752 3.04255 88.5019 244.145
231.373 54.036 3.59072 2.99747 66.7465 252.385
231.376 54.093 3.59669 3.04369 69.9389 256.877
231.424 54.17 3.58718 3.14674 70.7711 261.179
231.479 54.262 3.5695 3.17605 73.9525 266.746
231.436 54.358 3.52911 3.12063 36.2431 276.864
231.416 54.467 3.55245 3.1752 87.5533 287.306
231.434 54.502 3.56625 3.1794 107.182 289.755
231.542 54.539 3.57401 3.18269 110.108 289.1
231.6 54.636 3.59249 3.18311 108.086 296.055
231.677 54.722 3.59632 3.12825 103.981 301.616
231.696 54.801 3.59533 3.12505 81.8721 308.61
231.665 54.851 3.59017 3.10383 70.9034 314.436
231.681 55.018 3.56361 3.00576 71.8405 330.277
231.846 55.084 3.56846 3.04356 85.9301 332.145
232.267 55.179 3.58439 3.15374 98.3887 331.548
232.385 55.267 3.58684 3.13695 98.617 338.351
232.359 55.411 3.5832 3.09928 78.8149 354.114
216.296 60.3923 3.6446 3.1843 21.4642 1401.38
216.716 60.1205 3.64182 3.17293 15.1079 1365.71
216.679 60.2805 3.63284 3.19261 22.4734 1376.85
216.749 60.4427 3.63776 3.18329 33.4101 1383.29
219.217 60.1294 3.63638 3.16742 17.2921 1251.4
