# evlo=233.782501 evla=52.438599
216.679 60.2805 3.63822 3.199 18.5959 1364.11
216.749 60.4427 3.63741 3.19208 28.3801 1370.58
218.652 60.2994 3.63824 3.1752 16.7632 1275.21
235.766 58.6528 3.53204 3.24778 23.6599 703.005
234.769 58.8471 3.49945 3.01597 19.271 716.165
234.233 58.9305 3.54338 3.18559 17.1141 723.331
231.195 60.1197 3.5535 3.0762 16.4457 869.972
228.256 59.933 3.52301 3.07673 20.848 901.522
226.693 60.4834 3.51903 3.01157 15.4986 995.388
225.753 60.434 3.55605 3.09762 18.368 1017.14
210.176 67.8516 3.57518 3.09489 17.0201 2132.04
230.745 53.425 3.625 3.20436 127.414 231.852
230.743 53.517 3.61077 3.14019 74.3822 236.798
230.943 53.673 3.61405 3.08674 119.171 234.748
230.974 53.769 3.64975 2.95793 22.6674 239.352
231.098 53.819 2.68064 3.08322 17.2088 236.381
231.321 53.9 3.57703 3.00346 82.0265 231.379
231.373 54.036 3.60444 3.01678 59.0824 239.735
231.376 54.093 3.60733 3.04842 59.9834 244.273
231.424 54.17 3.61672 3.17005 46.0509 248.669
231.479 54.262 3.58367 3.14953 66.1224 254.355
231.436 54.358 3.5457 3.1647 38.0571 264.533
231.416 54.467 3.56143 3.19809 75.6961 275.064
231.434 54.502 3.57026 3.22551 82.1882 277.56
231.542 54.539 3.57202 3.24687 115.82 277.028
231.6 54.636 3.5911 3.27254 102.769 284.132
231.677 54.722 3.6025 3.2204 88.2756 289.853
231.696 54.801 3.59644 3.14452 87.5641 296.944
231.665 54.851 3.59191 3.10588 66.5679 302.787
231.681 55.018 3.57618 3.05988 75.9631 318.802
231.846 55.084 3.57389 3.06735 99.7979 320.908
232.267 55.179 3.57768 3.12115 84.051 320.914
232.385 55.267 3.58281 3.13014 72.7216 327.947
232.359 55.411 3.57883 3.09936 74.7744 343.782
216.679 60.2805 3.63822 3.199 18.5959 1364.11
216.749 60.4427 3.63741 3.19208 28.3801 1370.58
218.652 60.2994 3.63824 3.1752 16.7632 1275.21
