# evlo=217.533005 evla=61.187
221.171 59.4924 3.49399 2.93451 50.3431 275.64
225.449 60.24 3.43971 3.00189 121.756 444.563
194.627 64.5646 3.51949 3.0949 69.9964 1217.08
209.013 64.0997 3.48389 3.16219 131.607 543.677
209.094 59.7511 3.47825 2.81215 252.558 490.607
209.259 59.7417 3.4788 2.80334 237.929 482.469
210.701 64.1732 3.45844 3.03354 153.688 482.506
208.846 60.7683 3.42177 2.91675 226.129 472.311
207.916 63.4188 3.50133 3.02844 90.3418 556.743
212.195 64.6453 3.47298 2.93531 193.977 471.014
204.378 55.8218 3.53648 2.93976 110.524 969.335
200.411 54.831 3.47764 2.85507 263.908 1229.3
207.685 63.8827 3.49647 3.12015 85.6379 588.392
208.763 59.5251 3.48288 2.82069 214.625 517.822
209.796 67.2269 3.50947 3.03118 124.319 769.798
209.738 62.4058 3.49973 3.30917 190.634 432.728
212.624 63.0753 3.44789 3.09247 154.791 331.33
215.93 63.6482 3.41423 3.05236 191.234 286.516
196.582 54.8564 3.513 2.94187 77.8014 1415.72
209.784 61.1426 3.4354 2.95679 171.106 416.912
214.766 66.5657 3.53286 2.99041 136.469 614.669
188.296 63.7758 3.54113 3.06418 47.083 1520.89
203.121 64.7461 3.50467 3.1151 80.0305 829.19
211.074 61.771 3.47515 3.23627 146.01 350.149
212.904 60.8792 3.43701 2.98443 220.988 252.483
213.052 64.4091 3.45274 2.97718 203.748 425.512
213.497 60.396 3.41644 2.75266 304.23 236.796
208.348 59.6572 3.47858 2.84885 246.889 533.357
225.615 58.2758 3.49997 3.0086 41.2285 557.847
211.542 61.4131 3.45131 2.98695 180.8 321.995
197.4 66.8951 3.52559 3.02895 47.6861 1163.46
209.077 63.5527 3.49215 3.01065 113.806 510.405
211.063 63.7318 3.45689 3.09764 143.013 437.756
211.768 64.9602 3.46625 2.99348 153.402 511.216
209.256 65.0304 3.47974 2.99022 134.038 597.552
210.931 64.5928 3.46789 2.96523 190.27 506.327
214.53 62.9699 3.32287 3.01721 173.446 253.148
220.599 59.667 3.50316 2.88906 132.63 239.103
214.475 65.5174 3.522 2.97386 120.219 506.238
207.811 62.8962 3.50268 3.13642 124.591 542.582
211.667 60.8584 3.43383 2.89369 153.952 319.187
210.261 61.0889 3.44188 2.95306 187.534 391.713
197.092 68.0541 3.50375 2.99949 73.8872 1232.05
215.154 63.7399 3.47331 2.94173 198.147 309.833
211.14 63.4056 3.47303 3.09084 123.138 413.442
211.668 61.807 3.48195 3.28899 176.419 319.78
212.671 61.832 3.45963 3.18268 191.769 268.568
216.01 63.9761 3.433 3.0534 189.209 320.546
205.816 56.5593 3.53813 2.89941 130.858 848.026
208.468 61.98 3.44836 3.12819 111.672 489.064
209.777 60.5117 3.46646 2.97986 162.45 428.043
189.752 57.1766 3.54696 3.02789 77.8297 1635.89
209.253 61.4636 3.44654 3.10772 113.008 444.174
210.547 60.1043 3.47757 2.83887 215.543 400.537
192.073 65.5598 3.53638 3.05805 73.0674 1352.13
209.711 63.4502 3.49681 3.04238 109.948 477.148
193.495 53.8452 3.52442 2.92883 108.351 1642.63
211.449 62.8295 3.48441 3.02488 128.066 367.316
211.415 62.9628 3.47796 3.01221 84.7715 375.866
211.462 62.6812 3.50636 3.09345 50.8238 359.458
212.058 62.8349 3.48365 3.08545 74.5564 340.378
211.771 63.0624 3.50178 3.09153 92.4949 365.963
212.26 62.5808 3.49469 3.17964 173.214 317.747
211.152 62.8331 3.48068 3.05477 156.759 381.024
211.908 64.4716 3.44781 2.92371 176.211 464.635
226.475 68.3065 3.53511 3.01232 91.9298 898.696
207.417 57.7828 3.48134 2.80166 223.018 686.204
212.138 64.8736 3.47725 2.97782 230.232 493.005
198.929 70.2043 3.46685 2.86271 47.4793 1308.67
203.383 71.3221 3.48852 2.8843 54.2849 1289.47
234.753 71.9871 3.60621 3.06103 126.089 1414.54
198.198 69.3641 3.47511 2.87104 61.4549 1272.34
202.84 70.0079 3.4786 2.89902 50.8405 1187.56
206.58 70.34 3.50117 2.91783 40.3747 1133.3
194.656 68.2746 3.5059 2.97745 32.4527 1333.4
196.822 68.4753 3.49223 2.94156 72.5603 1264.68
198.806 68.6483 3.49125 2.90881 64.968 1206.38
200.413 69.1049 3.47915 2.90571 70.7075 1185.43
205.217 69.1565 3.48436 2.91656 44.8983 1055.31
211.299 69.72 3.5173 2.9378 52.8736 993.132
215.088 69.9175 3.52495 2.97241 34.8638 979.782
216.289 69.626 3.5004 2.96614 61.4905 942.651
235.93 69.3475 3.61093 3.08677 169.817 1241.77
196.917 67.6988 3.52567 2.98892 49.5424 1220.28
201.885 68.4946 3.48237 2.95232 73.0851 1096.14
203.387 68.7132 3.48356 2.94595 77.8718 1067.61
209.319 68.9656 3.47997 2.92433 47.1409 947.52
213.625 69.322 3.45458 2.99604 47.0754 924.749
219.035 69.243 3.54473 2.93846 42.7731 900.879
221.263 69.3286 3.5513 2.93825 43.7267 923.904
198.174 67.082 3.5271 3.04462 55.6585 1141.5
199.397 67.4213 3.52043 3.03219 63.2857 1112.52
202.768 67.4572 3.50225 3.00508 84.9234 994.588
203.811 68.2575 3.48742 2.9619 76.0574 1019.62
206.028 68.4414 3.48591 3.001 42.8861 972.723
208.187 68.1343 3.50611 2.97086 66.512 891.842
210.384 68.0584 3.50995 2.9549 23.0291 837.675
218.405 68.1861 3.52111 2.97336 67.6564 781.397
220.465 68.6043 3.5421 2.96187 51.3356 838.295
222.103 68.3889 3.56124 2.95337 89.4316 831.258
223.281 66.3701 3.51967 3.00696 246.372 642.962
193.671 65.4742 3.53663 3.05838 45.9227 1277.68
195.352 65.7077 3.52864 3.04371 47.1838 1207.64
198.75 66.442 3.51709 3.08708 48.3026 1088.55
200.349 66.6001 3.51596 3.03518 38.0918 1032.05
202.227 66.8332 3.52387 3.03653 74.2752 973.559
204.275 67.0486 3.50661 2.99557 73.0213 915.32
206.517 67.2221 3.50197 3.01257 97.9307 857.082
207.821 67.5076 3.49415 2.97322 68.4862 844.517
212.113 67.5187 3.54245 3.03987 94.3046 752.201
214.357 67.5933 3.54139 2.99392 29.3249 730.206
215.855 67.6946 3.50596 3.04728 103.741 729.911
220.128 67.6136 3.56683 2.96935 69.566 727.147
224.214 67.6106 3.53966 3.02942 107.97 784.241
226.258 67.441 3.5441 3.00431 165.054 813.35
195.961 64.9941 3.5308 3.08227 55.1121 1162.28
197.645 65.3936 3.52785 3.06178 65.907 1096.21
199.349 65.5011 3.51653 3.04124 62.3149 1024.61
201.346 65.895 3.51756 3.024 57.2746 956.692
202.913 66.1434 3.51863 3.05764 67.0372 907.042
206.494 66.5156 3.50326 2.99928 109.876 802.568
208.493 66.9214 3.50928 2.97576 71.4332 775.255
209.976 66.7108 3.51395 3.04255 102.026 717.498
212.525 66.7004 3.52843 3.07189 106.459 661.352
213.899 66.7653 3.52367 2.9619 33.5823 646.549
216.215 66.9498 3.4986 3.07726 69.4542 645.599
218.345 66.8088 3.4986 2.97068 52.3638 627.945
221.978 66.9116 3.54608 3.01451 91.009 673.67
223.778 66.9808 3.53746 3.01258 123.198 713.326
225.729 66.9227 3.53371 3.00209 124.209 752.992
197.761 64.6379 3.51566 3.10921 51.5429 1070.54
200.087 64.937 3.51098 3.07251 59.9999 971.914
201.637 65.1527 3.52218 3.08238 76.6693 911.149
203.551 65.5276 3.52271 3.00933 69.9715 847.896
205.119 65.4924 3.51191 3.02466 81.5703 783.134
207.195 65.6571 3.49735 3.04559 128.544 715.881
208.623 65.8937 3.49716 3.01981 158.974 685.474
210.457 65.8251 3.49961 3.03344 114.134 624.846
212.122 65.8371 3.53318 3.02252 133.4 583.68
214.18 66.267 3.55262 2.95262 33.8407 589.804
214.181 66.267 3.53317 3.00362 53.2332 589.79
218.473 66.2305 3.54939 2.95592 54.6414 564.114
221.631 66.2191 3.52995 3.06139 108.568 596.118
225.657 65.8052 3.50886 3.02087 185.526 653.755
213.052 64.4091 3.45274 2.97718 203.748 425.512
199.305 63.8864 3.51901 2.99828 37.8248 981.358
205.522 64.7962 3.50828 3.09155 65.5968 727.932
208.018 65.18 3.48715 3.00068 123.391 652.731
210.64 65.1479 3.48058 3.03323 167.1 561.081
216.846 65.3064 3.44666 3.10709 76.6106 460.458
218.385 65.6035 3.56022 2.96915 91.6737 494.122
220.064 65.4483 3.51895 2.9967 126.054 491.547
221.694 65.3609 3.49982 3.04166 189.64 509.718
223.623 65.2225 3.48589 3.01705 233.099 543.764
196.446 62.7492 3.51366 3.07479 50.0968 1114.49
199.398 63.2842 3.514 3.07479 51.1907 967.84
200.922 63.3965 3.52129 3.03479 33.727 893.632
203.285 63.465 3.5113 3.02789 54.1262 779.058
204.379 63.994 3.49851 3.12589 68.1778 742.977
205.853 64.1767 3.49106 3.10171 80.7155 683.372
214.63 64.613 3.49725 3.00696 133.966 409.288
216.201 64.5654 3.43034 2.95973 21.9328 382.585
216.436 64.5012 3.42165 2.98283 118.565 373.583
221.784 64.453 3.4658 3.01213 127.061 423.459
221.784 64.4525 3.46398 3.07253 181.788 423.396
223.67 64.5753 3.47944 3.05272 257.414 489.573
195.344 61.9331 3.51812 3.08329 48.0236 1176.51
198.469 62.2938 3.50227 3.1026 75.2405 1011.16
201.699 62.7161 3.51138 3.11187 75.7427 846.006
205.93 63.3569 3.49309 3.05732 73.839 648.125
214.222 63.8036 3.41045 2.89507 173.41 337.808
217.924 64.0292 3.53258 2.97955 183.984 317.413
222.48 63.8433 3.49008 3.0834 309.379 390.397
197.317 61.3416 3.5048 3.08168 78.347 1080.53
198.513 61.678 3.50566 3.07953 67.9351 1012.94
200.525 61.7105 3.49416 3.12009 82.1755 906.504
201.703 62.1344 3.49961 3.14568 86.2124 843.144
203.311 62.2195 3.50233 3.18139 105.884 759.576
205.146 62.1816 3.48973 3.17766 133.9 664.011
206.12 62.4787 3.4995 3.19494 128.855 617.382
221.871 63.109 3.47745 3.10731 329.452 311.406
193.799 60.3849 3.50757 3.06662 105.672 1288.76
196.65 60.4135 3.48907 3.03694 105.627 1135.4
198.04 60.7515 3.48427 3.04379 105.919 1052.93
199.312 60.6947 3.4723 3.03148 128.608 986.057
201.041 61.0224 3.46337 3.03051 109.839 887.249
202.562 61.4009 3.46241 3.05585 126.52 801.112
204.176 61.4907 3.44609 3.03825 101.538 714.558
205.609 61.9037 3.46315 3.13465 114.045 638.199
206.868 61.8823 3.45627 3.17146 119.95 571.922
212.274 61.7929 3.4553 3.20821 129.688 288.102
221.538 62.4435 3.47848 3.03487 382.401 253.254
223.206 62.5763 3.48497 3.01029 286.718 336.047
225.609 62.2024 3.48261 2.97477 264.645 441.816
198.315 59.9237 3.48918 2.9817 91.9989 1059.76
199.908 60.1686 3.48053 2.97349 101.797 966.951
201.231 60.4742 3.4739 3.02033 133.297 887.969
202.813 60.5269 3.47426 3.00859 124.389 801.68
204.11 60.6801 3.46098 2.98318 145.356 728.68
205.516 60.8132 3.44884 2.97723 144.603 650.607
207.791 61.2001 3.43468 3.02396 108.087 523.417
222.911 61.4593 3.43221 2.98215 288.114 289.566
224.22 61.4862 3.46134 2.9859 223.855 359.392
226.918 61.1512 3.4838 3.01022 221.505 504.69
198.736 59.2533 3.50538 2.98619 105.128 1059.98
200.175 59.1767 3.50398 2.99447 117.102 985.74
201.907 59.5938 3.49329 2.97046 151.957 877.485
202.905 59.7733 3.48897 2.96398 149.434 817.81
204.792 59.8542 3.47349 2.90644 146.088 714.102
205.68 60.1952 3.45592 2.90459 146.37 655.972
207.376 60.0815 3.44439 2.88957 170.128 568.733
210.276 60.4814 3.4514 2.91037 226.507 402.24
221.424 60.3024 3.39073 2.78579 84.1817 233.969
223.909 60.7704 3.43048 2.98928 230.47 348.205
190.452 56.6011 3.54277 3.01064 30.9195 1628.91
202.009 59.0314 3.50173 2.95313 104.948 893.733
203.561 59.1953 3.49727 2.94186 87.8864 804.524
204.771 59.3922 3.49075 2.93742 98.276 732.332
206.768 59.6524 3.46622 2.88 169.144 616.403
212.597 59.9979 3.44327 2.77837 256.562 301.098
222.262 59.6304 3.59728 3.21925 109.21 312.931
223.04 60.1218 3.39608 2.99369 189.071 323.629
226.285 59.5898 3.47998 2.99484 146.617 513.921
227.183 60.2114 3.47773 3.02843 187.06 537.609
212.566 65.1171 3.50846 3.0408 157.148 504.217
203.344 58.6774 3.50664 2.95683 94.1015 839.142
204.113 58.2637 3.49116 2.94527 135.079 820.333
204.991 58.6484 3.49296 2.91005 107.136 754.921
206.355 58.9287 3.47663 2.90024 159.371 670.474
207.606 58.6097 3.46199 2.83858 178.424 624.568
213.66 59.4296 3.45054 2.86322 293.739 290.045
227.731 58.9601 3.51183 3.06641 146.28 618.775
202.426 57.5673 3.50159 2.94935 154.729 945.83
203.613 57.6397 3.49266 2.93877 107.85 881.362
205.548 57.5665 3.46002 2.82645 94.9254 790.029
229.033 59.3946 3.49938 3.0159 132.79 665.636
197.939 55.703 3.5036 2.93794 72.3998 1290.04
200.447 56.2848 3.49732 2.91973 87.7977 1125.44
223.768 57.9616 3.58286 3.04868 51.7478 502.864
225.424 57.4688 3.60987 3.14811 26.1947 610.279
228.869 57.9128 3.52453 3.09448 57.4453 736.202
227.048 56.8144 3.719 3.57118 16.6057 731.049
229.75 56.9811 3.51282 3.06159 44.8424 840.691
212.138 64.8735 3.47721 2.97439 152.052 493.002
210.428 68.6408 3.49582 2.91298 66.3691 895.111
226.879 56.1146 3.6141 3.17449 47.4697 781.931
228.385 55.3279 3.64416 3.16359 37.4758 909.818
218.842 64.7774 3.53174 2.96135 214.415 405.633
209.768 62.6893 3.48578 3.15894 87.1831 440.375
211.063 63.7323 3.45699 3.09773 143.013 437.768
211.14 63.4057 3.47303 3.09084 123.138 413.443
212.952 61.1216 2.53006 3.26262 33.6689 246.726
210.176 67.8516 3.52413 2.97019 56.1799 821.408
209.736 66.2066 3.4873 2.97981 76.2971 678.491
210.418 68.0789 3.50564 2.9461 40.0622 839.047
211.301 69.7162 3.51605 2.90374 34.1152 992.702
209.329 66.7192 3.50067 2.99677 82.2234 734.91
198.722 65.4015 3.51608 3.05784 40.2708 1048.59
211.164 69.0223 3.5066 2.92123 39.9631 922.254
211.489 65.5114 3.48471 2.85 30.326 568.593
194.662 64.5695 3.52672 3.07352 44.3501 1215.49
211.554 70.2036 3.50783 2.92294 45.1 1041.01
204.534 64.74 3.50265 3.10547 36.9042 767.186
211.306 69.424 3.50609 2.90553 55.7665 962.029
210.41 68.6274 3.49675 2.90217 63.1235 894.067
209.89 67.3812 3.5107 3.02038 85.0709 782.208
210.457 65.825 3.48708 2.98939 94.3309 624.828
210.84 64.6544 3.47245 2.94298 123.941 514.249
210.867 64.709 3.4726 2.95776 122.868 517.734
210.853 64.7716 3.47887 2.96541 136.048 523.246
210.847 64.8338 3.482 2.9792 97.8743 528.52
210.819 64.8857 3.47987 2.99383 105.618 533.69
210.44 64.87 3.46879 2.93297 144.942 544.755
210.174 64.8537 3.46693 2.96278 126.559 552.388
210.069 64.7653 3.47034 2.98054 131.899 549.184
210.917 64.5498 3.47123 2.94962 153.241 503.381
210.782 64.5716 3.46371 2.94531 141.988 509.674
210.554 64.5756 3.45944 2.92828 140.659 517.821
210.901 64.613 3.46881 2.96911 157.313 508.934
211.172 64.6917 3.47169 2.993 190.069 506.389
230.943 53.673 3.93905 4.06883 15.7842 1157.26
231.424 54.17 3.84268 4.20292 17.2927 1134.85
232.267 55.179 3.50623 3.07792 25.04 1090.92
232.385 55.267 3.49879 3.04003 18.7324 1089.63
209.768 62.6892 3.48583 3.15899 87.1831 440.382
209.968 60.4881 3.45801 2.94173 198.32 418.446
210.253 60.4731 3.45417 2.88436 113.108 403.679
208.919 60.4641 3.46101 2.93655 89.7218 475.17
210.813 60.8045 3.44077 2.94178 139.425 365.985
209.81 60.4601 3.46728 2.92613 142.579 427.656
211.376 60.7866 3.42913 2.78472 96.8315 336.112
