# evlo=208.918503 evla=60.4641
221.171 59.4924 3.4722 2.87975 23.2237 691.609
217.908 60.4896 3.46784 2.85354 76.9588 494.029
217.507 60.403 3.46982 2.85858 90.5164 472.662
218.338 61.0595 3.45148 2.90418 95.3914 517.273
216.3 60.3932 3.48033 2.83687 101.16 406.39
215.271 60.5805 3.47619 2.8113 63.6535 348.961
216.679 60.2805 3.5011 2.79758 74.7071 428.401
218.244 60.7315 3.46416 2.90079 110.996 511.393
217.659 60.6024 3.46179 2.85487 124.88 479.765
216.749 60.4427 3.47342 2.83672 102.794 430.701
217.639 60.9231 3.46235 2.93277 110.937 478.785
217.277 60.2474 3.49224 2.82249 62.6363 461.685
218.995 60.824 3.45816 2.92564 85.4866 552.223
216.976 61.3836 3.46372 3.09321 69.2997 448.547
218.049 60.1785 3.4675 2.78352 49.6773 505.156
216.031 60.2361 3.50368 2.8838 94.7675 393.294
217.533 61.1871 3.46094 2.9365 89.7218 475.161
218.652 60.2994 3.46749 2.82886 78.6143 536.695
219.217 60.1294 3.43486 2.8081 27.0732 570.147
226.475 68.3065 3.54483 3.01879 52.7528 1209.07
207.417 57.7828 3.3802 2.83174 219.219 310.808
212.138 64.8736 3.48374 2.99293 132.569 518.261
218.842 64.7774 3.52011 3.06364 124.305 698.965
209.768 62.6893 3.40601 2.91849 141.829 252.037
218.594 60.1556 3.45743 2.74145 39.9368 535.46
218.628 60.118 3.45596 2.70299 33.5483 537.931
218.674 60.1912 3.45671 2.79198 28.5838 539.353
218.614 60.172 3.44305 2.75692 45.1956 536.318
218.545 60.2663 3.45541 2.81357 38.5139 531.226
218.45 60.2235 3.44513 2.79228 46.0129 526.561
218.652 60.1592 3.44524 2.72997 45.5663 538.596
212.952 61.1216 3.37622 3.02823 15.5148 231.508
209.736 66.2066 3.52612 2.92412 36.8258 641.391
211.164 69.0223 3.49605 2.90503 17.0108 959.945
211.489 65.5114 3.5219 3.01004 65.2994 577.347
217.908 60.4896 3.46784 2.85354 76.9588 494.029
217.507 60.403 3.46982 2.85858 90.5164 472.662
218.338 61.0595 3.45151 2.90422 95.3914 517.279
216.296 60.3923 3.47879 2.83562 101.16 406.21
215.271 60.5805 3.47619 2.8113 63.6535 348.961
216.679 60.2805 3.5011 2.79758 74.7071 428.401
218.244 60.7315 3.46416 2.90079 110.996 511.393
217.659 60.602 3.46161 2.85472 124.88 479.739
216.749 60.4427 3.47342 2.83672 102.794 430.701
217.639 60.9231 3.46227 2.9327 110.937 478.775
217.277 60.2474 3.49224 2.82249 62.6363 461.685
218.995 60.8241 3.45816 2.92564 85.4866 552.223
216.976 61.3836 3.46372 3.09321 69.2997 448.547
218.049 60.1785 3.4675 2.78352 49.6773 505.156
216.031 60.2361 3.50368 2.8838 94.7675 393.294
217.533 61.187 3.46101 2.93655 89.7218 475.17
218.652 60.2994 3.46749 2.82886 78.6143 536.695
219.217 60.1294 3.43486 2.8081 27.0732 570.147
209.768 62.6892 3.40591 2.91841 141.829 252.03
