# evlo=221.171097 evla=59.492401
217.639 60.9231 3.61051 2.94406 83.895 252.444
216.976 61.3836 3.58297 2.9879 27.3897 312.55
217.533 61.1871 3.55666 2.91311 50.8245 275.655
216.546 61.2275 3.62274 2.90669 54.3432 320.114
207.417 57.7828 3.73135 3.28729 59.6012 819.601
227.653 56.4191 3.72609 3.36621 47.9817 513.849
217.639 60.9231 3.61063 2.94416 83.895 252.452
216.976 61.3836 3.58297 2.9879 27.3897 312.55
217.533 61.187 3.55646 2.91295 50.8245 275.64
216.546 61.2275 3.62274 2.90669 54.3432 320.114
210.519 60.6717 3.55377 2.90108 32.7556 606.569
209.518 60.7352 3.55097 2.87479 26.7109 661.706
208.723 60.6622 3.54749 2.93362 29.7345 704.006
212.047 60.7098 3.52554 2.86609 36.0037 524.919
209.968 60.4881 3.55989 2.97368 30.5994 634.245
208.919 60.4641 3.53675 2.94659 25.4428 691.609
210.813 60.8045 3.545 2.91965 29.1062 592.986
209.518 60.7351 3.55085 2.87469 26.7109 661.683
