# evlo=218.337799 evla=61.059502
194.627 64.5646 3.5561 3.14049 103.324 1262.04
225.144 58.5792 3.59055 3.21237 88.5406 470.979
209.013 64.0997 3.49913 3.12944 105.468 586.09
209.094 59.7511 3.54554 2.96659 250.147 529.432
209.259 59.7417 3.54691 2.95523 232.696 521.086
210.701 64.1732 3.49745 3.0523 154.948 522.973
208.846 60.7683 3.46914 2.93885 267.43 515.528
207.916 63.4188 3.53657 3.04964 92.2426 601.317
212.195 64.6453 3.51221 3.01952 170.975 507.095
204.378 55.8218 3.62604 3.07822 100.075 999.308
200.411 54.831 3.56096 2.95211 160.73 1261.85
207.685 63.8827 3.51357 3.09535 80.6118 632.143
208.763 59.5251 3.54836 2.95286 200.467 555.885
209.796 67.2269 3.55974 3.05398 89.3479 801.901
209.738 62.4058 3.51543 3.18208 153.578 478.276
221.785 59.0906 3.55076 3.08237 18.7033 291.375
212.624 63.0753 3.50904 3.07112 157.942 373.552
215.93 63.6482 3.54195 3.03514 197.962 314.249
196.582 54.8564 3.5719 2.99726 89.0403 1451.85
213.401 60.7277 3.47271 2.9237 268.769 270.466
209.784 61.1426 3.48068 2.97835 219.272 461.139
188.296 63.7758 3.57638 3.15518 51.0781 1566.31
203.121 64.7461 3.53851 3.16772 95.5212 872.941
211.074 61.771 3.48576 3.16165 219.317 395.682
212.904 60.8792 3.48207 3.05316 291.524 294.887
213.052 64.4091 3.51868 2.96101 130.893 460.586
213.497 60.396 3.49278 2.96383 236.136 274.266
208.348 59.6572 3.54122 2.96234 210.457 572.43
225.615 58.2758 3.60042 3.23611 59.5625 513.715
211.542 61.4131 3.49604 3.08162 198.72 366.946
197.4 66.8951 3.56751 3.07581 44.6786 1205.33
209.077 63.5527 3.5285 3.05487 103.715 554.218
211.063 63.7318 3.47905 3.11766 128.128 479.387
211.768 64.9602 3.52962 3.08863 138.483 546.945
209.256 65.0304 3.53888 3.02943 146.561 636.887
210.931 64.5928 3.52154 3.00717 206.553 544.919
191.145 52.9721 3.57364 3.03726 45.8228 1862.01
214.53 62.9699 3.4297 3.13691 161.586 291.621
214.475 65.5174 3.56561 3.14119 103.211 533.114
207.811 62.8962 3.52214 3.05567 128.33 587.912
211.667 60.8584 3.47142 2.92147 237.466 361.964
210.261 61.0889 3.4963 2.98929 277.241 435.731
197.092 68.0541 3.55662 3.01987 72.2883 1272.08
215.154 63.7399 3.43365 2.90187 151.776 341.008
211.14 63.4056 3.50365 3.05468 109.722 456.158
211.668 61.807 3.49868 3.26122 169.541 365.378
212.671 61.832 3.49476 3.19095 190.547 314.212
216.01 63.9761 3.5698 3.10432 189.224 346.425
205.816 56.5593 3.61705 3.06501 152.154 878.066
208.468 61.98 3.48621 3.10631 149.102 534.633
209.777 60.5117 3.5092 2.97326 287.068 469.959
189.752 57.1766 3.60146 3.10214 92.0005 1678.52
209.253 61.4636 3.48893 3.02887 151.615 489.166
210.547 60.1043 3.54523 2.93507 213.534 439.818
192.073 65.5598 3.58284 3.08688 71.4209 1396.41
209.711 63.4502 3.52531 3.03166 75.529 520.855
193.495 53.8452 3.57795 3.0537 74.8029 1679.41
211.449 62.8295 3.52621 3.01118 177.02 411.62
211.415 62.9628 3.52069 3.01803 88.631 419.8
211.462 62.6812 3.50762 2.98993 89.4199 404.147
212.058 62.8349 3.50851 3.02871 95.8614 384.207
211.771 63.0624 3.51384 3.0321 65.9619 409.261
212.26 62.5808 3.49737 2.98668 166.868 362.24
211.152 62.8331 3.53401 3.03962 179.406 425.494
211.908 64.4716 3.51608 2.98892 181.273 502.002
231.887 52.1847 3.70265 3.47854 26.1757 1286.53
226.475 68.3065 3.61795 3.02633 144.796 894.72
207.417 57.7828 3.55886 2.96409 190.315 718.198
212.138 64.8736 3.51902 3.05739 177.876 528.304
198.929 70.2043 3.52505 2.95602 32.4099 1343.91
203.383 71.3221 3.55438 2.98069 55.3139 1319.74
234.753 71.9871 3.67377 3.11366 106.588 1409.78
198.198 69.3641 3.53435 2.95182 44.6668 1309.53
202.84 70.0079 3.54182 2.98335 37.8164 1220.7
194.656 68.2746 3.55634 3.01978 25.1561 1373.81
196.822 68.4753 3.55041 2.9857 42.8161 1304.06
198.806 68.6483 3.54408 2.97808 31.0559 1244.63
200.413 69.1049 3.54382 2.9733 49.8049 1221.97
205.217 69.1565 3.54671 3.00036 36.9621 1088.22
209.387 69.836 3.52993 3.02966 55.2126 1060.41
215.088 69.9175 3.51989 3.05676 58.3339 998.705
216.289 69.626 3.59165 3.00328 51.4589 959.754
235.93 69.3475 3.66338 3.12779 183.971 1228.84
201.885 68.4946 3.54182 3.00758 52.8694 1133.02
203.387 68.7132 3.54562 3.01259 53.7462 1103
209.319 68.9656 3.55831 3.00766 47.989 976.349
213.625 69.322 3.55985 3.10831 81.2496 946.616
219.035 69.243 3.58765 3.12184 53.9253 912.979
198.174 67.082 3.57329 3.08838 43.8786 1182.83
199.397 67.4213 3.57679 3.05206 60.8226 1152.82
202.768 67.4572 3.55574 3.02829 54.9763 1033.12
203.811 68.2575 3.53792 3.04418 47.8451 1055.67
206.028 68.4414 3.54948 3.03196 41.1189 1006.43
208.187 68.1343 3.55784 3.02407 50.6381 923.896
210.384 68.0584 3.56794 3.09081 60.845 866.908
211.513 68.0748 3.55585 2.96687 46.4231 846.581
214.432 68.1207 3.53848 3.07316 69.0372 808.745
218.405 68.1861 3.57373 3.10439 66.651 794.522
220.465 68.6043 3.60552 3.04152 43.6921 847.075
222.103 68.3889 3.64776 3.03941 25.87 836.225
223.281 66.3701 3.5935 3.0583 142.606 639.96
193.671 65.4742 3.58025 3.11707 44.4078 1321.93
195.352 65.7077 3.57038 3.07628 63.823 1251.5
198.75 66.442 3.5684 3.10716 29.688 1130.77
200.349 66.6001 3.55903 3.10858 29.7652 1073.49
202.227 66.8332 3.56852 3.07714 58.0902 1013.72
204.275 67.0486 3.55698 3.05896 51.8083 953.762
206.517 67.2221 3.54936 3.07825 105.683 893.209
207.821 67.5076 3.55055 3.09035 57.1675 878.519
212.113 67.5187 3.55854 2.95597 46.9227 779.721
214.357 67.5933 3.54257 3.13168 58.9656 753.028
215.855 67.6946 3.59853 3.07025 79.2487 749.195
224.214 67.6106 3.61848 3.08573 78.4708 782.806
226.258 67.441 3.60301 3.0567 167.844 807.04
195.961 64.9941 3.56353 3.13504 47.4551 1206.81
197.645 65.3936 3.56352 3.1043 48.6798 1140.14
199.349 65.5011 3.57187 3.08664 46.9667 1068.12
201.346 65.895 3.56233 3.0721 46.7734 999.042
202.913 66.1434 3.55929 3.10833 57.0179 948.285
206.494 66.5156 3.55683 3.04508 110.233 840.515
208.493 66.9214 3.54457 3.10528 65.8625 809.956
209.976 66.7108 3.54435 3.06553 91.0076 750.711
213.899 66.7653 3.56175 3.18723 72.7087 671.933
216.215 66.9498 3.5702 3.07666 86.334 664.694
218.345 66.8088 3.52879 3.05154 70.9563 640.907
221.978 66.9116 3.64528 3.07171 71.9748 675.987
223.778 66.9808 3.61587 3.0706 116.752 711.044
225.729 66.9227 3.57951 3.05346 145.158 745.919
197.761 64.6379 3.54263 3.12872 40.6845 1115.26
200.087 64.937 3.55339 3.15588 67.2007 1016.03
201.637 65.1527 3.55337 3.10801 62.6174 954.648
203.551 65.5276 3.55699 3.03614 64.8047 890.091
205.119 65.4924 3.55471 3.0281 72.8074 824.622
207.195 65.6571 3.54458 3.05395 106.553 755.468
208.623 65.8937 3.54817 3.0793 77.4051 722.914
210.457 65.8251 3.54535 3.03708 122.499 659.936
212.122 65.8371 3.54033 3.0358 129.11 615.625
214.18 66.267 3.56736 3.26242 31.7497 615.59
214.181 66.267 3.53675 3.17195 38.0435 615.573
218.473 66.2305 3.52244 3.087 72.5539 576.457
221.631 66.2191 3.64021 3.06867 84.627 597.655
225.657 65.8052 3.55677 3.0627 138.639 642.043
213.052 64.4091 3.51868 2.96101 130.893 460.586
199.305 63.8864 3.56306 3.06214 19.6559 1026.58
205.522 64.7962 3.53855 3.12294 73.831 770.735
208.018 65.18 3.54675 3.03332 128.516 692.899
210.64 65.1479 3.5267 3.05349 120.373 598.133
216.846 65.3064 3.55649 3.1359 98.0823 479.266
218.385 65.6035 3.49435 3.0878 54.4038 506.509
220.064 65.4483 3.62963 3.1257 130.215 496.781
221.694 65.3609 3.57684 3.0533 179.225 508.136
223.623 65.2225 3.52701 3.06001 128.77 534.718
196.446 62.7492 3.56274 3.10242 49.4729 1160.13
199.398 63.2842 3.56177 3.08092 43.2849 1013.37
200.922 63.3965 3.56745 3.05879 30.399 939.082
203.285 63.465 3.56506 3.05783 64.4348 824.341
204.379 63.994 3.52557 3.08779 36.7603 787.551
205.853 64.1767 3.51698 3.12644 94.4303 727.264
214.63 64.613 3.50742 3.07445 107.108 438.645
216.201 64.5654 3.60326 3.35061 23.1524 405.614
216.436 64.5012 3.58271 3.14063 164.067 395.651
221.784 64.453 3.53918 3.03723 132.169 417.071
221.784 64.4525 3.51472 3.06525 115.76 417.008
223.67 64.5753 3.50794 3.07978 186.155 476.591
195.344 61.9331 3.55965 3.07061 48.6039 1222.04
198.469 62.2938 3.54534 3.07876 75.7651 1056.77
201.699 62.7161 3.5473 3.12214 72.1433 891.646
205.93 63.3569 3.54968 3.04143 84.1311 693.225
214.222 63.8036 3.46903 2.96225 116.82 372.325
217.924 64.0292 3.53997 2.86798 49.9757 331.667
222.48 63.8433 3.50062 3.03793 259.866 376.64
197.317 61.3416 3.53729 3.0586 72.1116 1125.75
198.513 61.678 3.54154 3.06821 77.172 1058.32
200.525 61.7105 3.52613 3.08525 115.14 951.856
201.703 62.1344 3.52878 3.09236 83.0742 888.699
203.311 62.2195 3.52853 3.16534 78.0701 805.166
205.146 62.1816 3.51441 3.12104 127.888 709.605
206.12 62.4787 3.51384 3.0928 119.325 663.023
221.871 63.109 3.47689 3.10951 367.759 293.608
193.799 60.3849 3.54951 3.09293 104.281 1333.55
196.65 60.4135 3.53544 3.05316 114.067 1179.93
198.04 60.7515 3.52551 3.05317 97.2195 1097.64
199.312 60.6947 3.51885 3.03426 102.95 1030.59
201.041 61.0224 3.50649 3.02423 110.844 931.986
202.562 61.4009 3.49728 3.01501 114.796 846.161
204.176 61.4907 3.48529 3.01746 88.3957 759.648
205.609 61.9037 3.49979 3.14324 135.207 683.655
206.868 61.8823 3.48928 3.16232 155.071 617.383
209.88 61.7531 3.48836 3.10066 136.994 458.022
212.274 61.7929 3.50215 3.24391 146.847 333.723
213.825 62.1067 3.4632 3.06559 156.905 266.51
223.206 62.5763 3.52441 3.11705 310.404 307.178
225.609 62.2024 3.53945 3.01028 273.047 405.85
198.315 59.9237 3.53905 3.04343 121.025 1103.51
199.908 60.1686 3.53379 3.0391 81.3797 1010.74
201.231 60.4742 3.522 3.05059 135.144 931.983
202.813 60.5269 3.51779 3.04291 129.956 845.528
204.11 60.6801 3.51107 3.01406 162.336 772.588
205.516 60.8132 3.49774 2.96943 183.01 694.56
207.791 61.2001 3.47404 2.9693 113.256 567.924
224.22 61.4862 3.52036 3.0099 295.548 319.008
226.918 61.1512 3.53892 3.05352 217.491 462.506
198.736 59.2533 3.55826 3.05689 98.9825 1102.66
200.175 59.1767 3.56122 3.0625 96.7418 1027.84
201.907 59.5938 3.54798 3.03213 181.152 919.805
202.905 59.7733 3.54082 3.03081 223.099 860.175
204.792 59.8542 3.5298 2.99304 166.019 755.977
205.68 60.1952 3.5114 2.97872 272.816 698.427
207.376 60.0815 3.49997 2.93299 183.738 610.144
210.276 60.4814 3.50665 3.01426 249.161 443.758
223.909 60.7704 3.48722 3.12085 261.472 303.888
190.452 56.6011 3.60663 3.06068 19.9429 1670.74
202.009 59.0314 3.55336 3.05587 107.705 934.803
203.561 59.1953 3.54454 3.01429 77.5208 845.232
204.771 59.3922 3.55065 3.0028 102.153 772.933
206.768 59.6524 3.53201 2.95845 201.776 656.647
212.597 59.9979 3.51309 2.91212 227.43 336.543
222.262 59.6304 3.60221 3.20587 95.6276 268.822
223.04 60.1218 3.44361 2.90907 178.206 277.999
226.285 59.5898 3.53189 3.02125 134.892 468.292
227.183 60.2114 3.5422 3.10031 181.076 492.779
212.566 65.1171 3.52644 3.04536 129.513 537.636
203.344 58.6774 3.56358 3.01657 80.0602 878.597
204.113 58.2637 3.55083 2.95636 119.173 858.025
204.991 58.6484 3.55474 2.91525 119.237 793.074
206.355 58.9287 3.53525 2.95846 128.379 708.399
207.606 58.6097 3.53308 2.90512 178.971 659.815
213.66 59.4296 3.55439 2.97706 249.051 316.275
227.731 58.9601 3.55401 3.07247 117.683 573.145
202.426 57.5673 3.56321 3.05963 106.679 982.988
203.613 57.6397 3.54703 3.00882 109.646 917.651
205.548 57.5665 3.53207 2.92466 74.7921 823.919
224.26 58.4133 3.66175 3.37403 60.8112 444.518
225.482 58.2747 3.6348 3.28897 43.8238 507.841
229.033 59.3946 3.56101 3.08889 117.754 620.21
197.939 55.703 3.55487 3.00312 77.4045 1326.66
200.447 56.2848 3.55517 2.99246 106.555 1161.19
223.768 57.9616 3.62273 3.16661 40.3758 461.919
228.869 57.9128 3.57474 3.09682 98.2613 690.908
229.75 56.9811 3.59523 3.10993 50.3573 795.877
212.138 64.8735 3.517 3.04807 131.98 528.302
210.428 68.6408 3.55637 3.0574 61.9391 923.065
226.879 56.1146 3.67042 3.3714 51.2214 740.571
228.385 55.3279 3.67938 3.36846 29.8801 868.045
218.842 64.7774 3.63022 3.09116 98.7768 415.185
227.653 56.4191 3.66622 3.32584 27.6788 745.837
209.768 62.6893 3.51824 3.09954 102.839 485.622
211.063 63.7323 3.47913 3.11773 128.128 479.397
211.14 63.4057 3.50366 3.05469 109.722 456.159
210.176 67.8516 3.57453 3.04821 41.3362 851.419
209.736 66.2066 3.53879 3.06128 66.0496 713.518
210.418 68.0789 3.57196 3.11764 34.4169 868.184
211.301 69.7162 3.55792 2.95482 28.599 1017.54
209.329 66.7192 3.55038 3.06559 73.5638 769.05
198.722 65.4015 3.55755 3.11833 51.2824 1092.34
211.164 69.0223 3.53555 3.08096 25.7054 948.418
211.489 65.5114 3.55816 3.07665 75.665 602.894
194.662 64.5695 3.5677 3.13333 49.3339 1260.45
211.554 70.2036 3.5415 2.95983 20.6927 1064.8
204.534 64.74 3.54364 3.15614 41.7992 810.506
211.306 69.424 3.53552 2.94101 40.9354 987.314
210.41 68.6274 3.55173 3.04395 41.7423 922.073
209.89 67.3812 3.54627 3.02723 62.2221 813.78
210.457 65.825 3.5497 3.01375 94.9667 659.918
210.84 64.6544 3.5258 3.01353 90.6397 552.753
210.867 64.709 3.52858 3.00946 117.879 555.995
210.853 64.7716 3.53592 3.02047 95.1722 561.3
210.847 64.8338 3.53257 3.02557 66.4699 566.358
210.819 64.8857 3.53644 3.02845 87.7563 571.386
210.44 64.87 3.53795 2.99166 118.13 583.084
210.174 64.8537 3.53695 2.97946 116.505 591.149
210.069 64.7653 3.52816 2.98178 159.59 588.389
210.917 64.5498 3.51908 3.01499 131.361 542.154
210.782 64.5716 3.51764 3.01447 119.818 548.57
210.554 64.5756 3.52162 2.99724 138.569 557.032
210.901 64.613 3.52195 3.01152 187.349 547.497
211.172 64.6917 3.52667 2.99189 126.017 544.221
212.567 65.1173 3.5231 3.07102 43.4249 537.646
212.57 65.1176 3.52261 3.07067 40.784 537.597
210.183 61.5919 3.51364 3.13821 158.049 440.445
209.296 60.5169 3.50855 2.98039 130.993 495.774
211.583 60.7746 3.47732 2.91023 167.218 367.65
209.768 62.6892 3.51829 3.09958 102.839 485.629
209.947 62.0056 3.4896 3.12084 80.6301 458.337
211.822 60.7458 3.48817 2.88015 49.3996 355.205
208.982 60.799 3.47962 2.89607 109.126 507.717
210.406 60.5508 3.5052 2.99935 265.746 435.23
210.644 60.2564 3.52485 2.94615 118.852 429.895
210.59 60.0084 3.5526 2.95415 181.51 440.847
210.23 59.8351 3.56731 2.95539 93.0923 466.31
210.402 60.8738 3.49094 2.94701 197.435 430.053
210.574 60.776 3.49811 2.96843 243.609 422.072
210.502 61.001 3.4892 2.92782 161.835 423.364
209.918 61.8636 3.49389 3.09448 122.08 457.442
210.331 61.4859 3.49906 3.12455 107.425 431.84
209.538 60.4832 3.51114 3.0275 143.737 483.44
210.519 60.6717 3.49989 2.99169 196.014 426.775
211.909 60.5183 3.52065 2.98916 159.979 355.177
210.455 61.3427 3.48879 3.05112 177.83 424.753
210.626 60.4754 3.51284 2.97567 128.065 425.059
209.518 60.7352 3.48924 2.95843 206.796 479.768
209.971 61.6954 3.49711 3.12148 127.188 452.596
208.723 60.6622 3.46744 2.89666 208.766 523.901
212.047 60.7098 3.4887 2.91557 198.699 343.714
211.068 60.8049 3.48412 2.94838 192.169 394.981
209.968 60.4881 3.5103 2.9904 202.631 460.161
210.253 60.4731 3.51203 3.00045 129.982 445.17
208.919 60.4641 3.51042 2.95174 115.618 517.273
210.813 60.8045 3.49089 2.96973 176.376 408.79
209.81 60.4601 3.5163 3.0124 133.516 469.325
211.376 60.7866 3.48616 2.93407 161.251 378.627
209.518 60.7351 3.4891 2.95831 206.796 479.748
