# evlo=200.410507 evla=54.831001
194.627 64.5646 3.64481 3.2082 86.2532 1131.09
217.908 60.4896 3.58571 3.02866 109.453 1214.31
217.654 61.036 3.55348 2.93375 206.653 1227.47
217.507 60.403 3.5893 3.02445 86.2209 1190.19
218.338 61.0595 3.56096 2.95211 160.73 1261.85
216.3 60.3932 3.56622 2.98319 161.017 1129.41
225.144 58.5792 3.79968 3.52189 104.952 1561.4
216.716 60.1205 3.59569 3.0304 137.362 1137.4
215.395 60.9677 3.53397 2.89375 160.25 1116.66
209.013 64.0997 3.62488 3.17025 157.906 1139.61
210.701 64.1732 3.6293 3.18043 107.571 1189.48
208.846 60.7683 3.54188 3.07155 58.0542 828.621
207.916 63.4188 3.62081 3.17911 132.096 1047.12
212.195 64.6453 3.63387 3.12607 98.1427 1273.97
204.378 55.8218 3.58987 2.87122 239.265 274.848
207.685 63.8827 3.62471 3.17725 148.282 1088.31
209.796 67.2269 3.62715 3.15446 108.772 1467.63
216.907 60.7523 3.55624 2.94865 155.815 1177.08
218.66 60.9649 3.57026 2.98294 171.589 1273.24
209.738 62.4058 3.65989 3.33275 76.3363 1000.65
212.624 63.0753 3.42126 2.71068 82.1084 1152.48
214.225 61.1292 3.5475 2.97903 134.71 1073.3
215.93 63.6482 3.50513 2.77884 72.5408 1315.75
214.25 60.5487 3.53629 2.91838 179.881 1039.07
213.401 60.7277 3.54913 2.96405 154.166 1011.11
209.784 61.1426 3.54161 3.18627 74.0067 893.53
214.766 66.5657 3.65303 3.16806 97.3858 1516.33
188.296 63.7758 3.63194 3.18327 40.6688 1207.75
203.121 64.7461 3.64191 3.12401 100.308 1114.79
211.074 61.771 3.41113 2.62086 84.4467 991.672
216.188 61.4417 3.53343 2.90237 142.073 1180.5
212.904 60.8792 3.55027 2.92934 145.745 999.007
215.271 60.5805 3.53782 2.92555 192.552 1089.1
216.679 60.2805 3.58278 3.00107 192.56 1142.91
218.244 60.7315 3.58074 3.02559 117.516 1241.99
213.497 60.396 3.54721 2.96443 138.545 994.932
215.738 60.3351 3.56122 2.96967 205.979 1098.79
208.348 59.6572 3.54117 3.19322 130.325 719.141
217.659 60.6024 3.57827 3.00727 147.546 1206.93
225.615 58.2758 3.80921 3.53528 87.7825 1586.54
215.581 59.9268 3.58797 3.01563 156.176 1070.89
216.749 60.4427 3.57087 2.98971 188.457 1154.1
217.639 60.9231 3.55627 2.93717 210.16 1221.2
214.077 61.4924 3.5409 2.94211 160.285 1090.46
211.542 61.4131 3.46985 2.65044 129.101 981.131
209.077 63.5527 3.61349 3.14124 177.524 1088.33
217.277 60.2474 3.59718 3.00509 76.7692 1171.57
218.995 60.824 3.58405 3.04936 148.949 1283.62
216.976 61.3836 3.53483 2.92434 139.937 1213.5
211.768 64.9602 3.64094 3.18893 132.314 1290.81
209.256 65.0304 3.62895 3.18893 107.52 1236.54
210.931 64.5928 3.63463 3.18164 183.58 1234.61
216.031 60.2361 3.57659 2.98368 141.854 1108.37
191.145 52.9721 3.53407 2.7169 106.802 642.632
214.53 62.9699 3.4943 2.7729 139.494 1213.08
219.747 60.0959 3.65064 3.2035 80.1548 1293.66
207.811 62.8962 3.61245 3.17087 182.512 993.218
217.533 61.1871 3.54466 2.92476 245.4 1229.3
211.667 60.8584 3.52324 2.77621 138.98 944.954
215.323 60.3863 3.54574 2.94444 160.948 1081.17
197.092 68.0541 3.59387 3.10329 22.4896 1483.57
215.154 63.7399 3.47897 2.74633 67.1769 1294.11
219.217 60.1294 3.62769 3.19179 96.6976 1266.97
211.668 61.807 3.44019 2.64624 117.596 1016.49
212.671 61.832 3.49507 2.72067 147.994 1056.82
216.01 63.9761 3.49106 2.77264 64.5334 1342.91
214.792 60.5341 3.53157 2.90501 102.602 1063.74
205.816 56.5593 3.5127 2.7674 199.594 390.429
208.468 61.98 3.63065 3.19035 128.698 923.66
189.752 57.1766 3.64278 3.16619 68.7403 713.437
217.161 60.1791 3.60198 3.03364 116.962 1162.67
216.221 60.072 3.59215 3.02171 176.984 1110.09
210.547 60.1043 3.51385 2.84565 245.881 843.824
218.856 60.4399 3.60152 3.08498 85.2018 1260.34
217.171 60.7541 3.55756 2.96064 190.357 1190.03
192.073 65.5598 3.63155 3.10151 47.1026 1279.09
209.711 63.4502 3.61371 3.15483 166.44 1095.35
193.495 53.8452 3.64829 3.37958 148.802 462.755
216.546 61.2275 3.53813 2.9027 219.77 1184.85
212.26 62.5808 3.43226 2.66687 100.399 1099.62
217.147 60.448 3.57595 3.00577 156.873 1174.19
211.908 64.4716 3.62672 3.12727 122.447 1250.23
218.249 60.3583 3.59269 3.04101 91.2295 1225.91
207.417 57.7828 3.51558 2.84028 266.235 543.689
212.138 64.8736 3.64221 3.17301 127.991 1292.97
196.917 67.6988 3.60258 3.1047 39.0012 1445.51
201.885 68.4946 3.63581 3.12201 80.129 1524.53
203.387 68.7132 3.6209 3.10918 94.624 1554.53
207.318 68.8799 3.62597 3.04496 47.1548 1604.87
209.319 68.9656 3.61827 3.07898 55.0915 1639.3
211.177 69.1532 3.60874 3.09877 64.5544 1686.97
213.625 69.322 3.60663 3.09066 62.0983 1747.45
219.035 69.243 3.64152 3.12145 36.3316 1861.39
199.397 67.4213 3.65054 3.12316 42.1269 1403.94
202.768 67.4572 3.62855 3.15427 62.5383 1412.39
203.811 68.2575 3.62087 3.09186 78.752 1506.52
206.028 68.4414 3.63031 3.0312 39.2245 1544.12
208.187 68.1343 3.6234 3.07953 82.498 1536.39
210.384 68.0584 3.62284 3.14272 61.2696 1562.4
211.513 68.0748 3.61204 3.10402 58.8324 1584.42
214.432 68.1207 3.63173 3.19499 93.3878 1649.68
218.405 68.1861 3.66138 3.1451 58.2317 1755.08
222.103 68.3889 3.49157 2.94512 53.9324 1877.76
223.281 66.3701 3.55969 2.92219 58.5717 1775.34
193.671 65.4742 3.64825 3.14057 53.5068 1241.78
195.352 65.7077 3.62355 3.14788 79.5538 1242.77
198.75 66.442 3.64232 3.14021 51.868 1296.78
200.349 66.6001 3.64933 3.15245 58.515 1311.34
202.227 66.8332 3.63567 3.16752 89.843 1340.84
204.275 67.0486 3.63549 3.1004 57.1458 1376.73
206.517 67.2221 3.63514 3.10597 76.6409 1417.98
207.821 67.5076 3.62764 3.10362 70.338 1465.29
212.113 67.5187 3.62415 3.12937 88.1487 1541.6
214.357 67.5933 3.63868 3.17875 81.6435 1598.95
215.855 67.6946 3.65684 3.17677 69.5772 1645.15
224.214 67.6106 3.53446 2.91171 29.1269 1889.87
195.961 64.9941 3.60597 3.14113 76.1967 1158.59
201.346 65.895 3.64262 3.15525 109.091 1233.76
202.913 66.1434 3.63588 3.12126 83.7922 1267.65
206.494 66.5156 3.6372 3.10468 90.0625 1342.18
208.493 66.9214 3.63595 3.14011 80.2941 1414.11
209.976 66.7108 3.62344 3.14749 65.7101 1418.83
212.525 66.7004 3.63622 3.16822 90.2757 1472.17
213.899 66.7653 3.65412 3.20513 83.9626 1511.64
216.215 66.9498 3.65229 3.14772 54.6923 1589.6
218.345 66.8088 3.64825 2.90928 48.6379 1640.36
221.978 66.9116 3.52717 2.91795 37.1251 1765.85
223.778 66.9808 3.54298 2.86229 39.0981 1832.94
197.761 64.6379 3.90483 3.20517 16.7171 1102.43
200.087 64.937 3.64904 3.18896 103.977 1126.04
201.637 65.1527 3.6421 3.14034 74.2465 1151.93
203.551 65.5276 3.64583 3.12019 90.5352 1204.05
205.119 65.4924 3.64564 3.10751 85.799 1215.42
207.195 65.6571 3.63828 3.11724 106.178 1261.62
208.623 65.8937 3.63177 3.17289 76.5644 1310.65
210.457 65.8251 3.61638 3.13693 107.895 1340.96
212.122 65.8371 3.64115 3.18843 123.277 1381.26
214.18 66.267 3.65244 3.19735 30.8494 1473.99
214.181 66.267 3.65765 3.15813 97.7887 1474.01
221.631 66.2191 3.54524 3.00188 38.3564 1705.81
225.657 65.8052 3.55395 3.04658 27.4839 1832.28
214.843 62.3987 3.52607 2.95515 82.9771 1184.11
199.305 63.8864 3.65675 3.23386 71.2182 1010.69
205.522 64.7962 3.64298 3.08087 79.4187 1145.74
208.018 65.18 3.63105 3.13793 99.8471 1226.54
210.64 65.1479 3.63004 3.17273 148.493 1279.72
218.385 65.6035 3.48921 2.78952 50.9147 1548.37
220.064 65.4483 3.52713 2.91446 61.213 1596.45
221.694 65.3609 3.54291 2.88772 56.378 1651.29
196.446 62.7492 3.60252 3.15832 82.6965 910.888
199.398 63.2842 3.65964 3.202 86.3322 943.406
200.922 63.3965 3.64717 3.15212 71.2459 954.606
203.285 63.465 3.63867 3.10095 90.1646 975.512
204.379 63.994 3.63479 3.08445 110.175 1044.84
205.853 64.1767 3.6279 3.11137 125.218 1084.84
216.436 64.5012 3.49241 2.81415 81.1703 1397.7
221.784 64.453 3.54993 3.06898 31.2173 1598.93
195.344 61.9331 3.64667 3.18183 69.5186 844.134
198.469 62.2938 3.66911 3.22074 72.4946 838.803
201.699 62.7161 3.64075 3.11947 84.3303 881.434
205.93 63.3569 3.62985 3.11706 113.886 1000.16
214.222 63.8036 3.44747 2.79517 82.3707 1266.25
222.48 63.8433 3.54025 2.96465 136.491 1593.8
197.317 61.3416 3.5842 3.07363 65.391 747.536
198.513 61.678 3.66584 3.2027 66.0194 770.638
200.525 61.7105 3.63589 3.13753 87.1813 766.28
201.703 62.1344 3.63682 3.1106 97.3129 816.935
203.311 62.2195 3.62526 3.07602 113.204 839.938
205.146 62.1816 3.6333 3.15194 148.118 863.471
206.12 62.4787 3.62729 3.179 151.75 913.223
221.871 63.109 3.53958 2.96156 123.405 1528.63
193.799 60.3849 3.64768 3.16606 37.0006 733.237
196.65 60.4135 3.61039 3.15612 101.463 660.822
198.04 60.7515 3.64521 3.09468 42.9099 674.178
199.312 60.6947 3.64692 3.14958 94.0058 656.301
201.041 61.0224 3.64017 3.12237 98.3609 690.574
202.562 61.4009 3.62033 3.08344 101.426 742.557
204.176 61.4907 3.62664 3.09004 108.491 773.843
205.609 61.9037 3.61953 3.1814 173.485 843.833
206.868 61.8823 3.61234 3.19549 142.945 870.665
212.274 61.7929 3.47276 2.7013 86.5138 1038.43
213.825 62.1067 3.51988 2.80778 109.924 1122.58
218.122 62.3579 3.5198 2.88925 130.941 1320.49
221.538 62.4435 3.54101 2.95638 134.012 1480.58
223.206 62.5763 3.55067 2.99204 137.879 1565.11
225.609 62.2024 3.5713 2.99078 83.9267 1667
198.315 59.9237 3.65975 3.19928 49.5172 580.921
199.908 60.1686 3.6422 3.15811 121.779 595.199
201.231 60.4742 3.62595 3.10605 140.064 630.383
202.813 60.5269 3.62754 3.0796 134.587 650.245
204.11 60.6801 3.61399 3.11496 139.727 687.392
205.516 60.8132 3.62295 3.20574 179.45 731.574
207.791 61.2001 3.64899 3.23096 68.7872 831.641
224.22 61.4862 3.59765 3.15241 47.2251 1573.07
198.736 59.2533 3.64017 3.13119 85.9685 502.805
200.175 59.1767 3.62749 3.13407 104.586 484.146
201.907 59.5938 3.62116 3.07364 183.411 538.016
202.905 59.7733 3.60604 3.10131 191.088 570.471
204.792 59.8542 3.62044 3.15267 144.825 618.182
205.68 60.1952 3.63359 3.19888 122.746 675.253
207.376 60.0815 3.66763 3.13639 51.4233 718.024
219.809 60.7718 3.59235 3.08852 86.3306 1322.48
190.452 56.6011 3.63872 3.04242 36.0412 655.514
202.009 59.0314 3.59958 3.07251 150.806 477.736
203.561 59.1953 3.5949 3.08061 134.973 522.184
204.771 59.3922 3.62625 3.19407 181.336 572.256
206.768 59.6524 3.67635 3.16452 61.07 659.405
212.597 59.9979 3.54832 2.94349 137.287 928.959
222.262 59.6304 3.73321 3.34945 60.9865 1415.65
226.285 59.5898 3.74709 3.39747 86.0098 1638.52
227.183 60.2114 3.72328 3.32135 60.0451 1698.03
212.566 65.1171 3.64287 3.15436 118.488 1326.81
203.344 58.6774 3.59712 3.04413 131.808 464.289
204.113 58.2637 3.62574 3.12718 185.851 444.799
204.991 58.6484 3.62988 3.22514 130.959 508.943
206.355 58.9287 3.57277 3.03113 76.6697 582.282
213.66 59.4296 3.57228 2.99257 167.725 949.332
227.731 58.9601 3.77855 3.48075 63.7054 1713.78
202.426 57.5673 3.61617 3.03828 146.991 329.318
203.613 57.6397 3.63882 3.11979 150.153 370.368
205.548 57.5665 3.50423 2.96508 162.715 440.744
224.26 58.4133 3.80285 3.5052 55.9362 1508.47
225.482 58.2747 3.80524 3.53469 62.2754 1578.72
229.033 59.3946 3.75112 3.43663 68.133 1791.24
223.768 57.9616 3.8213 3.57107 67.2356 1475.8
225.424 57.4688 3.84342 3.59278 51.2241 1572.66
228.869 57.9128 3.81012 3.54208 52.4653 1777.69
227.048 56.8144 3.85792 3.63591 56.4178 1673.23
229.75 56.9811 3.82659 3.56803 59.5337 1836.06
212.138 64.8735 3.64409 3.17533 110.644 1292.96
210.428 68.6408 3.61322 3.12034 99.9841 1622.52
226.879 56.1146 3.87074 3.6827 81.8192 1669.57
229.974 55.9154 3.84988 3.65718 67.398 1863.85
228.385 55.3279 3.87536 3.66524 68.4759 1775.49
218.842 64.7774 3.52162 2.86703 71.5115 1504.93
227.653 56.4191 3.86125 3.63733 110.359 1713.85
209.931 62.7622 3.64532 3.04439 154.163 1038.51
218.547 60.1369 3.7133 3.30947 192.42 1232.27
210.84 64.6544 3.63318 3.1847 122.63 1238.02
210.867 64.709 3.6343 3.18511 134.746 1243.83
210.853 64.7716 3.63486 3.17953 136.818 1249.35
210.847 64.8338 3.63403 3.18185 94.0032 1255.04
210.819 64.8857 3.63352 3.18215 113.683 1259.22
210.44 64.87 3.62924 3.15527 118.735 1248.32
210.174 64.8537 3.62688 3.15105 112.427 1240.31
210.069 64.7653 3.62492 3.15183 125.687 1229.28
210.917 64.5498 3.63516 3.19175 142.213 1230.24
210.782 64.5716 3.63378 3.19008 115.962 1228.75
210.554 64.5756 3.6288 3.18049 158.353 1223.25
210.901 64.613 3.63645 3.18039 127.882 1235.71
211.172 64.6917 3.63691 3.19152 144.073 1250.17
217.908 60.4896 3.58571 3.02866 109.453 1214.31
217.507 60.403 3.5893 3.02445 86.2209 1190.19
218.338 61.0595 3.56097 2.95213 160.73 1261.85
216.296 60.3923 3.56555 2.98263 161.017 1129.2
216.716 60.1205 3.59569 3.0304 137.362 1137.4
215.271 60.5805 3.53782 2.92555 192.552 1089.1
216.679 60.2805 3.58278 3.00107 192.56 1142.91
218.244 60.7315 3.58074 3.02559 117.516 1241.99
217.659 60.602 3.57814 3.00716 147.546 1206.88
216.749 60.4427 3.57087 2.98971 188.457 1154.1
217.639 60.9231 3.55624 2.93715 210.16 1221.19
217.277 60.2474 3.59718 3.00509 76.7692 1171.57
218.995 60.8241 3.58406 3.04937 148.949 1283.63
216.976 61.3836 3.53483 2.92434 139.937 1213.5
216.031 60.2361 3.57659 2.98368 141.854 1108.37
217.533 61.187 3.54467 2.92477 245.4 1229.3
219.217 60.1294 3.62769 3.19179 96.6976 1266.97
216.221 60.072 3.59215 3.02171 176.984 1110.09
218.856 60.4399 3.60152 3.08498 85.2018 1260.34
216.546 61.2275 3.53813 2.9027 219.77 1184.85
212.567 65.1173 3.64845 3.12307 43.9288 1326.83
212.57 65.1176 3.64757 3.12597 47.3377 1326.94
209.518 60.7352 3.55429 3.22652 49.4164 850.45
209.518 60.7351 3.55431 3.22654 49.4164 850.457
