# evlo=188.296402 evla=63.775799
194.627 64.5646 3.696 3.26907 285.606 320.03
217.908 60.4896 3.58817 3.06899 59.0819 1572.16
217.654 61.036 3.58618 3.14331 47.9676 1533.67
217.507 60.403 3.58657 3.06072 57.2297 1556.64
218.338 61.0595 3.57638 3.15518 51.0781 1566.31
220.363 59.9534 3.58975 3.13893 60.5217 1720.48
216.3 60.3932 3.58476 3.04043 71.9118 1497.59
225.144 58.5792 3.57822 3.06035 127.055 2033.05
216.716 60.1205 3.58028 3.06007 75.2022 1531.95
215.395 60.9677 3.58685 3.08421 80.358 1425.4
209.013 64.0997 3.66391 3.12666 92.8733 1012.09
209.094 59.7511 3.6196 3.10037 76.7603 1179.52
209.259 59.7417 3.62113 3.0982 85.1487 1188
210.701 64.1732 3.66717 3.18536 90.0827 1092.51
208.846 60.7683 3.60683 3.09656 85.9589 1112.89
207.916 63.4188 3.65467 3.10725 71.7011 970.768
212.195 64.6453 3.67606 3.21484 135.524 1157.66
204.378 55.8218 3.61841 3.08711 35.8086 1258.31
200.411 54.831 3.63194 3.18327 40.6688 1207.75
207.685 63.8827 3.67245 3.158 99.2646 950.894
208.763 59.5251 3.61902 3.10407 77.617 1176.91
209.796 67.2269 3.64233 3.18866 136.011 1060.34
216.907 60.7523 3.58334 3.09004 72.9204 1510.08
218.66 60.9649 3.57286 3.13517 54.9577 1586.52
209.738 62.4058 3.6035 3.11685 63.2746 1088.51
217.513 60.0823 3.5792 3.04839 57.8208 1573.2
212.624 63.0753 3.6375 3.06953 52.3765 1209.89
214.225 61.1292 3.58974 3.09696 115.97 1360.36
215.93 63.6482 3.68258 3.21767 81.5413 1355.48
214.25 60.5487 3.58795 3.07044 111.058 1388.89
196.582 54.8564 3.63788 3.18791 42.9005 1097.89
213.401 60.7277 3.58804 3.09623 131.796 1338.4
209.784 61.1426 3.60514 3.12384 91.7905 1141.01
214.766 66.5657 3.67284 3.18532 144.391 1268.52
203.121 64.7461 3.67661 3.22134 192.148 724.98
211.074 61.771 3.59763 3.12201 100.984 1177.74
216.188 61.4417 3.59296 3.18755 79.3784 1443.47
212.904 60.8792 3.5904 3.10459 96.3166 1306.72
215.271 60.5805 3.5851 3.04987 88.7516 1437.64
216.679 60.2805 3.5858 3.05981 65.3468 1521.96
218.244 60.7315 3.58188 3.12902 75.8245 1577
213.052 64.4091 3.68199 3.20272 116.321 1201.7
213.497 60.396 3.59595 3.09267 82.2042 1359.41
215.738 60.3351 3.58948 3.04881 83.7228 1472.81
208.348 59.6572 3.62934 3.10519 108.782 1149.27
217.659 60.6024 3.5854 3.09537 77.0524 1554.37
225.615 58.2758 3.5883 3.06607 88.0585 2074.4
215.581 59.9268 3.58363 3.06458 55.9433 1486.2
216.749 60.4427 3.58564 3.05943 79.2692 1517.29
217.639 60.9231 3.58513 3.145 59.5879 1538.16
214.077 61.4924 3.59106 3.11271 82.4928 1337.27
211.542 61.4131 3.595 3.13797 107.971 1215.58
197.4 66.8951 3.66525 3.19789 108.6 547.55
209.077 63.5527 3.66635 3.12976 81.7796 1024.76
217.277 60.2474 3.58429 3.06541 37.921 1553.1
218.995 60.824 3.56939 3.12734 50.9016 1609.63
216.976 61.3836 3.59073 3.14709 80.4174 1484.81
211.063 63.7318 3.65903 3.10008 79.3169 1117.84
211.768 64.9602 3.67753 3.23617 124.702 1134.36
218.049 60.1785 3.58644 3.07846 75.2828 1594.72
209.256 65.0304 3.6751 3.19888 166.72 1015.58
210.931 64.5928 3.67368 3.18856 123.735 1098.08
216.031 60.2361 3.58969 3.05591 73.8046 1492.26
191.145 52.9721 3.71989 3.26503 71.3889 1214.53
214.53 62.9699 3.63532 3.11471 64.0656 1306.13
219.747 60.0959 3.58838 3.11903 60.3079 1682.71
220.599 59.667 3.57874 3.08581 71.4008 1747.31
214.475 65.5174 3.67015 3.19958 110.783 1256.8
207.811 62.8962 3.6158 3.14621 74.9613 978.481
217.533 61.1871 3.58835 3.14518 49.767 1520.88
211.667 60.8584 3.59543 3.10584 119.359 1246.8
215.323 60.3863 3.5853 3.04716 70.9093 1449.79
210.261 61.0889 3.59364 3.11006 98.611 1166.93
197.092 68.0541 3.65583 3.15424 168.331 621.834
215.154 63.7399 3.67715 3.18815 88.3226 1315.76
218.652 60.2994 3.58505 3.08873 56.7702 1618.31
211.14 63.4056 3.65339 3.07097 59.2629 1128.78
219.217 60.1294 3.58673 3.08141 72.6213 1654.83
211.668 61.807 3.59343 3.09042 119.842 1205.63
212.671 61.832 3.59529 3.11365 114.702 1254.1
216.01 63.9761 3.68701 3.18841 66.0857 1351.51
214.792 60.5341 3.58198 3.06259 77.0746 1416.3
205.816 56.5593 3.62084 3.07366 46.8994 1254.7
208.468 61.98 3.60678 3.14963 115.802 1041.13
209.777 60.5117 3.59604 3.08519 92.862 1171.24
189.752 57.1766 3.67557 3.28489 136.944 739.578
209.253 61.4636 3.60538 3.15288 126.232 1100.7
217.161 60.1791 3.58311 3.05253 82.0405 1550.89
216.221 60.072 3.58242 3.07752 76.6684 1510.08
210.547 60.1043 3.60014 3.08131 84.5114 1230.2
218.856 60.4399 3.58524 3.11371 65.4791 1621.33
217.171 60.7541 3.58 3.10183 81.3309 1522.99
192.073 65.5598 3.70041 3.20794 337.19 268.423
209.711 63.4502 3.66123 3.14212 63.9532 1057.94
193.495 53.8452 3.62675 3.21334 113.056 1145.33
216.546 61.2275 3.5893 3.13552 61.3814 1470.42
211.449 62.8295 3.63615 3.13707 61.0922 1159.37
211.415 62.9628 3.63367 3.12112 29.0096 1153.8
211.462 62.6812 3.63377 3.15623 22.0242 1164.55
212.058 62.8349 3.63682 3.16571 29.7078 1189.1
212.26 62.5808 3.62775 3.20485 35.1091 1206.97
211.152 62.8331 3.63498 3.13813 76.4014 1144.69
217.147 60.448 3.58646 3.05859 80.8743 1536.66
211.908 64.4716 3.67365 3.18972 110.072 1146.19
218.249 60.3583 3.58534 3.06926 70.6587 1595.47
207.417 57.7828 3.61056 3.12448 76.2414 1230.03
197.761 64.6379 3.67681 3.30671 164.634 469.158
200.087 64.937 3.67718 3.27239 138.309 583.19
201.637 65.1527 3.67378 3.24071 150.862 658.65
203.551 65.5276 3.66781 3.28477 132.097 752.597
205.119 65.4924 3.66971 3.22617 159.535 824.198
207.195 65.6571 3.66583 3.20769 153.235 921.258
208.623 65.8937 3.66492 3.20279 147.057 988.49
210.457 65.8251 3.67062 3.19941 122.047 1071.66
212.122 65.8371 3.67002 3.19286 145.984 1147.77
214.18 66.267 3.67975 3.20496 60.4068 1241.62
214.181 66.267 3.67392 3.18594 92.3462 1241.66
218.473 66.2305 3.66664 3.19414 99.2603 1434.65
221.631 66.2191 3.67187 3.18034 73.7375 1576.43
225.657 65.8052 3.67505 3.17993 69.1548 1763.7
214.843 62.3987 3.62029 3.12662 26.7557 1340.04
213.052 64.4091 3.68199 3.20272 116.321 1201.7
199.305 63.8864 3.69441 3.14518 100.912 541.386
205.522 64.7962 3.66378 3.18576 99.9085 839.277
208.018 65.18 3.67412 3.18642 111.392 957.223
210.64 65.1479 3.67678 3.22676 108.621 1080.18
216.846 65.3064 3.67231 3.21306 130.633 1368.43
218.385 65.6035 3.67384 3.19598 118.373 1436.02
220.064 65.4483 3.66965 3.1971 106.517 1515.19
221.694 65.3609 3.67214 3.17961 124.605 1591.5
223.623 65.2225 3.67802 3.17595 74.0051 1682.84
196.446 62.7492 3.63702 3.27491 186.052 424.615
199.398 63.2842 3.63378 3.09203 82.7103 554.322
200.922 63.3965 3.63229 3.12984 47.0237 627.322
203.285 63.465 3.65539 3.1142 57.2048 742.427
204.379 63.994 3.6684 3.11979 85.0402 788.441
205.853 64.1767 3.67114 3.1835 131.767 858.241
214.63 64.613 3.67751 3.20108 80.2431 1273.73
216.436 64.5012 3.68286 3.21616 99.9211 1361.22
221.784 64.453 3.67142 3.16356 53.2256 1614.69
221.784 64.4525 3.66895 3.17507 58.9461 1614.68
223.67 64.5753 3.66576 3.13566 74.695 1699.95
195.344 61.9331 3.69548 3.18269 98.7839 413.211
198.469 62.2938 3.65129 3.22018 163.79 540.036
201.699 62.7161 3.61308 3.21164 69.7316 682.361
205.93 63.3569 3.65067 3.10088 90.4588 874.636
214.222 63.8036 3.67082 3.1466 80.0303 1269.3
217.924 64.0292 3.6814 3.25183 69.5858 1441.95
222.48 63.8433 3.67743 3.24312 65.6334 1663.87
197.317 61.3416 3.63919 3.21323 113.143 536.795
198.513 61.678 3.66383 3.11488 83.6881 571.639
200.525 61.7105 3.65439 3.11697 114.574 664.876
201.703 62.1344 3.63123 3.17385 122.926 703.081
203.311 62.2195 3.62352 3.1643 136.574 778.463
205.146 62.1816 3.61602 3.17868 148.408 869.973
206.12 62.4787 3.60861 3.17851 121.32 907.705
216.652 63.0254 3.65806 3.11544 81.3952 1407.91
218.173 63.0618 3.67804 3.1022 66.9424 1480.64
221.871 63.109 3.6804 3.15476 47.7082 1657.82
193.799 60.3849 3.63824 3.131 89.5306 474.523
196.65 60.4135 3.66243 3.20379 72.3217 574.383
198.04 60.7515 3.66291 3.20469 121.777 607.113
199.312 60.6947 3.65052 3.20232 61.4786 666.483
201.041 61.0224 3.63672 3.11879 86.5239 725.314
202.562 61.4009 3.6425 3.12665 88.3024 777.383
204.176 61.4907 3.64279 3.10821 66.8839 851.019
205.609 61.9037 3.62484 3.16718 138.888 903.343
206.868 61.8823 3.6156 3.18418 133.02 966.101
209.88 61.7531 3.60188 3.13878 97.0143 1119.55
212.274 61.7929 3.59276 3.1168 75.8479 1236.05
213.825 62.1067 3.60947 3.16993 58.193 1300.49
217.004 62.4013 3.61595 3.14365 54.1696 1445.88
218.122 62.3579 3.63375 3.1125 78.4263 1502.17
221.538 62.4435 3.66541 3.14406 41.1955 1665.48
223.206 62.5763 3.67222 3.14417 41.8047 1741.32
225.609 62.2024 3.67889 3.17066 50.0785 1872.3
198.315 59.9237 3.67562 3.21255 74.9426 678.839
199.908 60.1686 3.64281 3.18791 73.884 728.047
201.231 60.4742 3.63984 3.16551 87.1395 766.805
202.813 60.5269 3.63276 3.15579 84.2018 836.529
204.11 60.6801 3.62718 3.1504 98.2555 888.883
205.516 60.8132 3.63771 3.13263 111.611 949.033
207.791 61.2001 3.62012 3.12509 64.1717 1040.65
215.402 61.6061 3.59526 3.1673 67.4756 1397.83
222.911 61.4593 3.6525 3.10688 35.9065 1772.99
224.22 61.4862 3.65856 3.14083 45.4989 1835.73
226.918 61.1512 3.66736 3.13888 36.9338 1982.7
198.736 59.2533 3.66083 3.20523 47.5975 748.566
200.175 59.1767 3.65796 3.10786 70.6504 812.384
201.907 59.5938 3.64133 3.17179 79.3271 855.477
202.905 59.7733 3.62681 3.14327 78.4688 887.891
204.792 59.8542 3.63153 3.18567 68.8217 969.399
205.68 60.1952 3.63813 3.15546 110.184 990.761
207.376 60.0815 3.63149 3.12403 77.2584 1078.16
210.276 60.4814 3.5913 3.09306 114.763 1197.16
219.809 60.7718 3.55046 3.07059 53.3439 1652.23
221.424 60.3024 3.55917 3.07611 90.9515 1754.86
190.452 56.6011 3.66862 3.21942 68.834 808.143
202.009 59.0314 3.64138 3.16287 71.3043 900.424
203.561 59.1953 3.6313 3.14224 66.4796 956.56
204.771 59.3922 3.62526 3.17649 76.5474 997.972
206.768 59.6524 3.63771 3.16649 64.3294 1074.48
212.597 59.9979 3.60344 3.06362 74.2201 1335.97
222.262 59.6304 3.54604 3.01259 60.1713 1831.32
223.04 60.1218 3.57701 3.09932 74.8364 1843.68
226.285 59.5898 3.59572 3.13592 29.1605 2031.74
212.566 65.1171 3.66859 3.21251 116.578 1170.69
203.344 58.6774 3.63067 3.1464 72.6444 984.217
204.113 58.2637 3.63361 3.1616 67.0108 1048.4
204.991 58.6484 3.64919 3.17149 50.577 1058.94
206.355 58.9287 3.62324 3.14342 69.1591 1101.53
207.606 58.6097 3.61809 3.12092 53.8383 1180.67
213.66 59.4296 3.61038 3.07826 69.0907 1419.32
227.731 58.9601 3.589 3.12367 34.8195 2138.3
203.613 57.6397 3.63079 3.12995 56.4369 1075.5
205.548 57.5665 3.63708 3.14051 44.6305 1163.52
224.26 58.4133 3.59895 3.10243 43.6988 1999.31
225.482 58.2747 3.58958 3.06633 70.3009 2067.89
197.939 55.703 3.63533 3.14096 46.9414 1047.68
223.768 57.9616 3.629 3.10823 72.427 2002.48
225.424 57.4688 3.64181 3.17013 42.9687 2114.94
228.869 57.9128 3.59012 3.07935 78.6588 2257.01
227.048 56.8144 3.64574 3.18271 34.3916 2237.29
229.75 56.9811 3.60336 3.08827 80.4521 2359.67
212.138 64.8735 3.67744 3.23341 108.546 1152.57
210.428 68.6408 3.62373 3.12453 70.4975 1125.86
226.879 56.1146 3.63661 3.10384 24.1937 2275.84
228.385 55.3279 3.64287 3.16071 21.3664 2404.42
227.653 56.4191 3.65941 3.2068 43.5958 2293.4
209.931 62.7622 3.11363 2.51387 131.655 1086.73
211.063 63.7323 3.65908 3.10013 79.3169 1117.86
211.14 63.4057 3.6534 3.07097 59.2629 1128.78
218.547 60.1369 3.81501 3.43959 88.7325 1621.39
217.908 60.4896 3.58817 3.06899 59.0819 1572.16
217.507 60.403 3.58657 3.06072 57.2297 1556.64
218.338 61.0595 3.57639 3.1552 51.0781 1566.31
216.296 60.3923 3.58446 3.04019 71.912 1497.47
216.716 60.1205 3.58028 3.06007 75.2022 1531.95
215.271 60.5805 3.5851 3.04987 88.7516 1437.64
216.679 60.2805 3.5858 3.05981 65.3468 1521.96
218.244 60.7315 3.58188 3.12902 75.8245 1577
217.659 60.602 3.58539 3.09536 77.0524 1554.36
216.749 60.4427 3.58564 3.05943 79.2692 1517.29
217.639 60.9231 3.58511 3.14498 59.5879 1538.15
217.277 60.2474 3.58429 3.06541 37.921 1553.1
218.995 60.8241 3.56938 3.12733 50.9016 1609.63
216.976 61.3836 3.59073 3.14709 80.4174 1484.81
218.049 60.1785 3.58644 3.07846 75.2828 1594.72
216.031 60.2361 3.58969 3.05591 73.8046 1492.26
217.533 61.187 3.58839 3.14521 49.767 1520.89
218.652 60.2994 3.58505 3.08873 56.7702 1618.31
219.217 60.1294 3.58673 3.08141 72.6213 1654.83
216.221 60.072 3.58242 3.07752 76.6684 1510.08
218.856 60.4399 3.58524 3.11371 65.4791 1621.33
216.546 61.2275 3.5893 3.13552 61.3814 1470.42
212.567 65.1173 3.68559 3.18578 25.9734 1170.7
212.57 65.1176 3.68553 3.17877 27.8861 1170.83
209.518 60.7352 3.59205 3.12041 64.9508 1147.34
209.518 60.7351 3.59213 3.12048 64.9508 1147.37
