# evlo=208.348495 evla=59.6572
194.627 64.5646 3.5822 3.10916 69.6056 898.18
217.908 60.4896 3.52302 2.82607 134.189 539.781
217.654 61.036 3.55748 2.97104 255.929 535.739
217.507 60.403 3.53348 2.91019 152.21 516.853
218.338 61.0595 3.54122 2.96234 210.457 572.43
216.716 60.1205 3.55457 2.94489 197.159 470.979
215.395 60.9677 3.54982 2.87289 242.885 415.691
209.013 64.0997 3.55501 2.98572 166.281 496.311
210.701 64.1732 3.51072 3.01181 174.938 518.147
207.916 63.4188 3.53843 2.97626 92.4173 419.814
212.195 64.6453 3.52291 3.06168 194.329 590.713
204.378 55.8218 3.51093 2.92714 216.019 488.07
200.411 54.831 3.54117 3.19322 130.325 719.141
207.685 63.8827 3.51377 2.98099 76.5782 472.191
209.796 67.2269 3.57605 2.9882 74.8679 846.805
216.907 60.7523 3.55209 2.94733 192.309 489.671
218.66 60.9649 3.53538 2.95142 206.236 587.609
209.738 62.4058 3.44814 2.95595 234.032 315.325
217.513 60.0823 3.56303 2.971 233.373 515.138
221.785 59.0906 3.64205 3.14255 17.1214 765.137
212.624 63.0753 3.50206 2.96572 206.087 444.053
214.225 61.1292 3.56628 2.92753 302.844 362.982
215.93 63.6482 3.5123 3.06914 148.598 598.599
214.25 60.5487 3.54827 2.92517 279.209 342.841
196.582 54.8564 3.60214 3.10153 139.155 886.801
213.401 60.7277 3.57274 2.94722 217.765 304.526
214.766 66.5657 3.56376 3.08382 164.886 834.385
188.296 63.7758 3.62934 3.10519 108.782 1149.27
203.121 64.7461 3.56183 3.01514 80.8046 628.56
211.074 61.771 3.46213 2.95479 208.403 278.539
216.188 61.4417 3.53273 2.88686 208.13 473.489
212.904 60.8792 3.56695 2.96613 331.863 286.467
215.271 60.5805 3.5605 2.94821 250.144 398.178
216.679 60.2805 3.55614 2.98327 195.634 470.106
218.244 60.7315 3.53073 2.92613 179.744 561.254
213.052 64.4091 3.54373 3.11172 177.368 583.632
213.497 60.396 3.56849 2.94947 240.247 298.509
215.738 60.3351 3.5577 3.01943 142.582 418.99
217.659 60.6024 3.5223 2.84863 181.03 527.64
215.581 59.9268 3.57263 3.01895 238.211 407.021
216.749 60.4427 3.54424 2.943 160.324 475.807
217.639 60.9231 3.55305 2.97823 249.826 532.383
214.077 61.4924 3.52775 3.00336 267.185 374.6
211.542 61.4131 3.47495 2.94928 261.334 262.622
197.4 66.8951 3.56845 2.94706 26.2933 973.136
209.077 63.5527 3.52364 2.97998 196.834 435.82
217.277 60.2474 3.53993 2.91862 120.423 502.823
218.995 60.824 3.53878 2.91767 200.89 603.199
216.976 61.3836 3.54148 2.874 226.342 510.903
211.063 63.7318 3.50596 3.04448 218.001 476.146
211.768 64.9602 3.53212 3.06467 232.41 616.837
218.049 60.1785 3.55468 2.96167 210.348 545.255
209.256 65.0304 3.56932 3.01222 136.362 600.673
210.931 64.5928 3.52522 3.0604 228.162 566.203
216.031 60.2361 3.55351 2.9866 205.944 433.924
191.145 52.9721 3.61735 3.12141 174.23 1292.93
214.53 62.9699 3.49536 2.9847 166.67 495.504
219.747 60.0959 3.5546 2.97865 197.002 639.499
220.599 59.667 3.61625 3.13039 170.022 689.535
214.475 65.5174 3.54428 3.04165 177.908 724.292
207.811 62.8962 3.55514 2.94897 176.173 362.081
217.533 61.1871 3.54753 2.92486 254.63 533.35
215.323 60.3863 3.55888 3.00444 150.046 397.095
215.154 63.7399 3.50568 2.98275 131.647 579.602
218.652 60.2994 3.53779 2.90831 129.326 579.149
211.14 63.4056 3.50016 3.06382 237.193 443.221
219.217 60.1294 3.55366 2.9994 253.876 609.998
211.668 61.807 3.48815 2.87677 188.464 300.241
212.671 61.832 3.49162 3.01478 269.242 337.953
216.01 63.9761 3.51157 3.04942 197.235 627.428
214.792 60.5341 3.54919 2.95242 167.036 371.401
205.816 56.5593 3.4998 2.90459 291.431 375.897
208.468 61.98 3.4774 3.08958 239.788 258.902
189.752 57.1766 3.64062 3.1984 128.287 1117.31
217.161 60.1791 3.55136 2.93915 232.928 496.002
216.221 60.072 3.56254 2.97943 297.118 443.226
218.856 60.4399 3.52674 2.87667 256.361 591.247
217.171 60.7541 3.54191 2.92322 248.628 503.833
192.073 65.5598 3.59761 3.0917 65.8043 1058.32
209.711 63.4502 3.49266 2.98588 249.107 428.818
193.495 53.8452 3.5956 3.11779 164.197 1111.6
216.546 61.2275 3.55528 2.89829 197.872 483.596
211.449 62.8295 3.49159 3.03799 255.716 390.633
211.415 62.9628 3.46918 3.05647 138.102 403.218
211.462 62.6812 3.49454 3.06955 159.612 376.239
212.058 62.8349 3.50643 3.00942 135.357 406.112
211.771 63.0624 3.48251 3.07825 152.907 421.188
212.26 62.5808 3.48715 2.92863 180.31 387.907
211.152 62.8331 3.4793 3.02633 283.091 384.501
217.147 60.448 3.53685 2.92602 152.057 497.643
211.908 64.4716 3.52051 3.05379 194.59 567.697
218.249 60.3583 3.53247 2.85192 131.603 557.27
213.052 64.4091 3.54373 3.11172 177.368 583.632
199.305 63.8864 3.56877 3.04976 50.2633 669.7
205.522 64.7962 3.57974 3.19479 107.694 591.156
208.018 65.18 3.50593 2.95541 58.8753 615.761
210.64 65.1479 3.54342 3.0739 176.958 623.205
216.846 65.3064 3.54238 3.05077 134.318 765.694
218.385 65.6035 3.54235 3.04471 114.393 837.258
220.064 65.4483 3.54304 3.04955 97.3255 880.428
221.694 65.3609 3.55312 3.06943 108.562 932.989
223.623 65.2225 3.56134 3.11446 75.5974 999.094
196.446 62.7492 3.59099 3.09989 72.3886 725.234
199.398 63.2842 3.56816 3.0532 50.7146 624.333
200.922 63.3965 3.57404 3.01478 48.3112 573.571
205.853 64.1767 3.54692 3.13761 121.566 520.352
214.63 64.613 3.54012 3.01439 155.115 641.531
216.201 64.5654 3.79415 3.91089 21.9733 682.545
216.436 64.5012 3.51131 3.01157 104.839 684.563
221.784 64.453 3.54351 3.12472 101.627 879.985
221.784 64.4525 3.54131 3.13736 52.9948 879.932
223.67 64.5753 3.54606 3.10529 89.9012 965.626
195.344 61.9331 3.5936 3.12904 75.4406 750.622
198.469 62.2938 3.59355 3.12388 78.4098 609.432
201.699 62.7161 3.5702 3.01135 56.5983 493.649
205.93 63.3569 3.52562 3.06076 149.07 431.849
214.222 63.8036 3.48838 2.95275 159.601 556.197
217.924 64.0292 3.53535 3.10678 151.927 699.899
222.48 63.8433 3.54273 3.063 113.989 877.439
197.317 61.3416 3.62422 3.09042 84.8238 633.742
198.513 61.678 3.5776 3.07816 60.8349 582.226
200.525 61.7105 3.5828 3.06055 64.092 484.43
201.703 62.1344 3.57932 3.10528 70.1418 453.883
203.311 62.2195 3.56985 3.03227 83.5815 394.862
205.146 62.1816 3.56153 2.9183 107.797 330.527
206.12 62.4787 3.49165 3.06729 146.005 336.584
216.652 63.0254 3.51196 3.07513 179.089 580.973
218.173 63.0618 3.5233 3.09838 151.787 647.073
221.871 63.109 3.53382 3.02695 123.012 816.602
193.799 60.3849 3.59536 3.07431 104.037 813.708
196.65 60.4135 3.61082 3.12094 144.498 656.611
198.04 60.7515 3.61406 3.08181 135.37 583.866
199.312 60.6947 3.61438 3.08821 149.857 514.277
201.041 61.0224 3.62234 3.03732 127.24 431.014
202.562 61.4009 3.57478 3.00085 80.6138 372.193
204.176 61.4907 3.54859 3.19626 120.373 306.621
205.609 61.9037 3.56773 3.13227 104.679 291.391
206.868 61.8823 3.46919 2.91331 128.033 260.71
212.274 61.7929 3.47904 2.98002 166.098 320.079
213.825 62.1067 3.50851 3.0899 265.611 403.434
217.004 62.4013 3.50859 3.05672 147.277 558.247
218.122 62.3579 3.50363 2.97056 215.134 607.457
221.538 62.4435 3.52053 3.02062 155.237 775.406
223.206 62.5763 3.5378 3.03623 149.366 862.038
225.609 62.2024 3.53454 3.01207 119.139 974.648
198.315 59.9237 3.57551 3.14786 156.789 563.656
199.908 60.1686 3.58666 3.12063 130.695 475.315
201.231 60.4742 3.60414 3.11316 175.821 406.466
202.813 60.5269 3.61141 3.09453 145.458 322.774
204.11 60.6801 3.61922 3.02663 182.739 261.37
215.402 61.6061 3.54562 2.95939 213.972 442.599
222.911 61.4593 3.52251 2.95647 109.301 821.818
224.22 61.4862 3.52406 2.95101 144.759 891.435
226.918 61.1512 3.54441 2.95829 165.501 1033.33
198.736 59.2533 3.58556 3.18778 132.702 546.529
200.175 59.1767 3.59014 3.19828 142.557 466.834
201.907 59.5938 3.59157 3.23542 213.204 363.427
202.905 59.7733 3.57529 3.17193 275.317 306.518
219.809 60.7718 3.52487 2.89949 156.693 646.513
221.424 60.3024 3.54345 2.95384 145.493 732.395
223.909 60.7704 3.53352 2.93058 203.564 869.444
190.452 56.6011 3.64161 3.18395 56.3621 1104.07
202.009 59.0314 3.58906 3.25968 206.824 367.222
203.561 59.1953 3.57342 3.27992 266.301 276.541
222.262 59.6304 3.60624 3.11788 95.802 783.267
223.04 60.1218 3.5659 3.00499 183.13 822.45
227.183 60.2114 3.57545 3.00242 142.154 1051.24
212.566 65.1171 3.54043 3.08282 186.527 646.107
203.344 58.6774 3.62969 3.24114 260.113 306.227
204.113 58.2637 3.57399 3.04161 193.162 288.846
213.66 59.4296 3.59971 3.12014 287.99 301.448
227.731 58.9601 3.64635 3.15385 68.7872 1102.8
202.426 57.5673 3.58346 3.16603 239.475 415.317
203.613 57.6397 3.5435 3.08497 249.338 354.965
205.548 57.5665 3.51148 3.07686 134.396 284.082
197.939 55.703 3.59083 3.06506 133.905 759.968
200.447 56.2848 3.5869 3.07604 123.286 599.133
223.768 57.9616 3.76464 3.44317 65.7888 908.71
225.424 57.4688 3.78883 3.5045 68.7645 1020.13
227.048 56.8144 3.79928 3.50047 55.1496 1138.83
229.75 56.9811 3.7421 3.41515 51.2257 1283.07
212.138 64.8735 3.52862 3.08253 162.566 613.507
210.428 68.6408 3.55256 2.95057 78.074 1006.43
226.879 56.1146 3.83463 3.53506 62.8673 1163.25
229.974 55.9154 3.79572 3.51588 43.2764 1345.15
228.385 55.3279 3.8607 3.57094 60.4356 1288.38
227.653 56.4191 3.81134 3.57949 65.7809 1191.04
209.931 62.7622 4.17884 3.43945 215.197 356.27
211.063 63.7323 3.5064 3.04486 218.001 476.206
211.14 63.4057 3.50021 3.06387 237.193 443.228
218.547 60.1369 3.58367 4.24434 247.593 572.762
217.908 60.4896 3.52302 2.82607 134.189 539.781
217.507 60.403 3.53348 2.91019 152.21 516.853
218.338 61.0595 3.54125 2.96237 210.457 572.436
216.716 60.1205 3.55457 2.94489 197.159 470.979
215.271 60.5805 3.5605 2.94821 250.144 398.178
216.679 60.2805 3.55614 2.98327 195.634 470.106
218.244 60.7315 3.53073 2.92613 179.744 561.254
217.659 60.602 3.52208 2.84846 181.03 527.607
216.749 60.4427 3.54424 2.943 160.324 475.807
217.639 60.9231 3.55298 2.97817 249.826 532.372
217.277 60.2474 3.53993 2.91862 120.423 502.823
218.995 60.8241 3.53879 2.91768 200.89 603.2
216.976 61.3836 3.54148 2.874 226.342 510.903
218.049 60.1785 3.55468 2.96167 210.348 545.255
216.031 60.2361 3.55351 2.9866 205.944 433.924
217.533 61.187 3.54758 2.92491 254.63 533.357
218.652 60.2994 3.53779 2.90831 129.326 579.149
219.217 60.1294 3.55366 2.9994 253.876 609.998
216.221 60.072 3.56254 2.97943 297.118 443.226
218.856 60.4399 3.52674 2.87667 256.361 591.247
216.546 61.2275 3.55528 2.89829 197.872 483.596
212.567 65.1173 3.53474 3.12377 83.6912 646.133
212.57 65.1176 3.53304 3.12917 79.9895 646.212
