# evlo=197.399994 evla=66.895103
194.627 64.5646 3.64649 3.2236 212.446 289.276
217.908 60.4896 3.57999 3.10624 31.2412 1231.32
217.654 61.036 3.58312 3.08324 40.7041 1179.56
218.338 61.0595 3.56751 3.07581 44.6786 1205.33
220.363 59.9534 3.57604 3.0539 48.5814 1370.69
216.3 60.3932 3.59543 3.1474 34.6271 1176.27
225.144 58.5792 3.59974 3.09872 19.8782 1672.46
216.716 60.1205 3.58599 3.12057 33.4791 1214.16
215.395 60.9677 3.59477 3.07456 39.3858 1095.99
209.013 64.0997 3.62447 3.07804 66.8283 620.072
209.094 59.7511 3.57631 3.05741 46.9127 985.302
209.259 59.7417 3.57487 3.07723 51.6027 991.022
210.701 64.1732 3.65914 3.07763 33.5819 683.907
208.846 60.7683 3.57189 3.09576 51.7533 882.621
207.916 63.4188 3.59118 3.11289 76.1523 625.907
212.195 64.6453 3.67035 3.1256 52.4866 720.609
207.685 63.8827 3.58808 3.12019 74.3482 583.186
208.763 59.5251 3.56638 2.97537 49.281 997.501
209.796 67.2269 3.58696 3.07531 136.557 539.73
216.907 60.7523 3.60029 3.0813 32.0649 1171.56
218.66 60.9649 3.57102 3.06669 52.9736 1225.36
209.738 62.4058 3.60146 3.11017 81.276 771.042
217.513 60.0823 3.59687 3.11026 31.0285 1247.91
212.624 63.0753 3.61595 3.1408 49.4887 832.135
214.225 61.1292 3.59561 3.10624 54.6261 1038.58
215.93 63.6482 3.68896 3.15997 35.3532 933.479
214.25 60.5487 3.57941 3.02205 50.373 1086.47
196.582 54.8564 3.64525 3.18343 42.9395 1342.12
213.401 60.7277 3.57794 3.04666 55.802 1040.54
209.784 61.1426 3.56285 3.10012 50.9435 878.955
214.766 66.5657 3.61809 3.11504 65.4624 764.264
188.296 63.7758 3.66525 3.19789 108.6 547.55
203.121 64.7461 3.57224 3.2391 86.2982 354.495
211.074 61.771 3.58192 3.05647 51.3627 870.427
216.188 61.4417 3.58939 3.08625 63.4571 1090.81
212.904 60.8792 3.577 3.05688 72.1956 1009.9
215.271 60.5805 3.58523 3.11492 40.6865 1122.04
216.679 60.2805 3.58674 3.11135 34.0921 1199.86
218.244 60.7315 3.57464 3.0988 34.2827 1226.12
213.052 64.4091 3.6588 3.11748 54.1815 769.267
213.497 60.396 3.58309 3.04236 55.4199 1071.75
215.738 60.3351 3.58722 3.09211 47.5101 1159.56
208.348 59.6572 3.56845 2.94706 26.2933 973.136
217.659 60.6024 3.59187 3.03504 22.0665 1212.75
225.615 58.2758 3.59898 3.1152 22.686 1715.85
215.581 59.9268 3.58127 3.02376 41.6601 1187.3
216.749 60.4427 3.59189 3.10931 34.0176 1189.64
217.639 60.9231 3.58359 3.07979 40.4758 1187.47
214.077 61.4924 3.60123 3.11013 50.4024 1004.5
211.542 61.4131 3.57024 3.04088 65.7041 916.579
209.077 63.5527 3.60659 3.12177 70.9677 659.644
217.277 60.2474 3.59433 3.09914 23.4185 1225.58
218.995 60.824 3.57153 3.07581 47.4804 1249.39
216.976 61.3836 3.57451 3.08841 40.975 1126.58
211.063 63.7318 3.62863 3.18585 40.7667 725.943
211.768 64.9602 3.67342 3.1619 86.4356 687.055
218.049 60.1785 3.57827 3.13254 21.3272 1261.19
209.256 65.0304 3.70586 3.19304 81.7113 576.698
210.931 64.5928 3.67372 3.15408 43.5177 669.798
216.031 60.2361 3.58799 3.12196 49.667 1178.7
191.145 52.9721 3.65763 3.22345 63.3186 1588.15
219.747 60.0959 3.56845 3.06528 40.1003 1334.96
220.599 59.667 3.57819 3.07006 35.0417 1402.44
214.475 65.5174 3.63573 3.16762 98.6159 781.597
207.811 62.8962 3.59282 3.16298 78.8485 663.226
217.533 61.1871 3.57681 3.08679 42.6145 1163.45
211.667 60.8584 3.57244 3.03281 66.5215 967.632
215.323 60.3863 3.57929 3.02575 27.5919 1139.75
210.261 61.0889 3.56936 3.11065 64.5606 899.581
215.154 63.7399 3.66351 3.11699 35.4982 895.28
218.652 60.2994 3.56707 3.07087 37.5306 1275.51
211.14 63.4056 3.60916 3.13783 51.8437 750.491
219.217 60.1294 3.57624 3.05779 36.3959 1311.18
211.668 61.807 3.60123 3.11083 79.4579 889.196
212.671 61.832 3.60727 3.09505 58.8128 924.639
214.792 60.5341 3.58334 3.09292 38.5715 1107.8
208.468 61.98 3.58727 3.1289 65.3196 762.416
209.777 60.5117 3.55446 3.06116 56.957 935.202
189.752 57.1766 3.66757 3.24679 81.9419 1152.64
209.253 61.4636 3.57658 3.10853 44.583 833.271
217.161 60.1791 3.59317 3.11197 43.6806 1226.56
216.221 60.072 3.58971 3.11442 43.0536 1199.28
210.547 60.1043 3.56509 3.0607 59.8772 996.843
218.856 60.4399 3.5701 3.0531 42.7705 1272.79
217.171 60.7541 3.59297 3.06506 27.2768 1181.78
192.073 65.5598 3.69933 3.34127 235.159 282.047
209.711 63.4502 3.60726 3.1079 73.475 691.31
193.495 53.8452 3.62841 3.16528 67.9857 1469.13
216.546 61.2275 3.59095 3.10824 47.69 1121.03
211.449 62.8295 3.60993 3.08488 61.1899 802.944
211.415 62.9628 3.60927 3.12761 35.6798 792.032
211.462 62.6812 3.60509 3.08627 36.0059 814.275
212.058 62.8349 3.60558 3.09971 34.8601 826.321
211.771 63.0624 3.62415 3.12879 28.4024 799.045
212.26 62.5808 3.61225 3.10238 53.7931 852.494
211.152 62.8331 3.60982 3.09798 64.0276 791.214
217.147 60.448 3.59784 3.09949 24.0315 1204.68
211.908 64.4716 3.68896 3.18445 47.9008 717.472
218.249 60.3583 3.57289 3.10965 25.2318 1254.96
213.052 64.4091 3.6588 3.11748 54.1815 769.267
197.317 61.3416 3.62155 3.22221 64.0229 619.11
198.513 61.678 3.63748 3.19811 51.01 584.078
201.703 62.1344 3.58691 3.18716 47.8069 569.241
203.311 62.2195 3.54521 3.0262 23.0761 592.774
206.12 62.4787 3.60439 3.19829 63.3277 643.534
221.871 63.109 3.69118 3.17916 46.4709 1219.42
193.799 60.3849 3.65022 3.19084 54.2185 747.013
196.65 60.4135 3.61918 3.19798 59.1441 723.453
198.04 60.7515 3.62879 3.20865 73.934 685.567
199.312 60.6947 3.67966 3.21565 36.7789 697.49
201.041 61.0224 3.57155 3.03114 20.1178 678.255
202.562 61.4009 3.62971 3.27775 38.4026 661.497
205.609 61.9037 3.58281 3.09994 43.9119 681.746
206.868 61.8823 3.58708 3.0927 33.9396 720.248
209.88 61.7531 3.56831 3.05678 50.1901 829.642
212.274 61.7929 3.61115 3.0921 41.9517 912.766
213.825 62.1067 3.5967 3.13336 69.0783 948.339
218.122 62.3579 3.64258 3.10994 39.5027 1105.57
223.206 62.5763 3.67521 3.16532 24.1511 1308.54
225.609 62.2024 3.68863 3.16288 28.5311 1435.39
198.315 59.9237 3.65172 3.22882 57.0105 778.405
199.908 60.1686 3.67731 3.2141 29.9954 759.952
201.231 60.4742 3.57387 3.03696 40.4723 740.082
202.813 60.5269 3.64589 3.22106 33.3743 757.97
204.11 60.6801 3.60097 3.10515 44.5141 766.745
207.791 61.2001 3.59405 3.08537 40.9373 810.698
215.402 61.6061 3.5981 3.10741 48.0877 1047.45
222.911 61.4593 3.64401 3.07635 16.822 1367.29
198.736 59.2533 3.67042 3.20868 44.1924 854.393
200.175 59.1767 3.71406 3.13931 16.678 871.477
201.907 59.5938 3.60642 3.17152 47.4336 844.218
202.905 59.7733 3.6361 3.19273 36.9452 839.598
204.792 59.8542 3.62995 3.19578 33.7995 866.198
210.276 60.4814 3.54649 3.08894 53.7331 953.934
219.809 60.7718 3.57317 3.08535 23.7182 1286.36
221.424 60.3024 3.58145 3.10243 21.9521 1387.32
202.009 59.0314 3.60659 3.2004 48.206 906.546
204.771 59.3922 3.63443 3.23596 55.32 913.708
212.597 59.9979 3.57509 3.11247 48.329 1074.41
222.262 59.6304 3.80211 3.08283 26.1206 1472.54
227.183 60.2114 3.65641 3.09338 21.2158 1635.64
212.566 65.1171 3.66896 3.21665 122.265 714.404
204.113 58.2637 3.60912 3.11184 34.4652 1020.63
206.355 58.9287 3.61785 3.14691 38.3386 995.535
213.66 59.4296 3.58127 3.09691 60.7051 1161.1
202.426 57.5673 3.62844 3.17212 50.771 1071.06
197.939 55.703 3.65903 3.17702 38.3277 1247.48
223.768 57.9616 3.58161 3.08163 27.1851 1666.26
225.424 57.4688 3.5915 3.1132 19.8032 1773.37
227.048 56.8144 3.60169 3.17471 16.8275 1893.32
212.138 64.8735 3.67208 3.15716 49.705 707.012
210.428 68.6408 3.53974 2.95563 127.03 582.377
226.879 56.1146 3.62314 3.15374 32.1555 1945.38
228.385 55.3279 3.63398 3.17326 37.5528 2073.24
227.653 56.4191 3.60722 3.12045 26.3628 1950.93
209.931 62.7622 2.81183 2.19402 55.3425 750.248
211.063 63.7323 3.62858 3.1858 40.7667 725.933
211.14 63.4057 3.60915 3.13782 51.8437 750.49
218.547 60.1369 3.81053 3.56359 40.5673 1284.03
217.908 60.4896 3.57999 3.10624 31.2412 1231.32
218.338 61.0595 3.56752 3.07582 44.6786 1205.33
216.296 60.3923 3.59525 3.14724 34.6271 1176.21
216.716 60.1205 3.58599 3.12057 33.4791 1214.16
215.271 60.5805 3.58523 3.11492 40.6865 1122.04
216.679 60.2805 3.58674 3.11135 34.0921 1199.86
218.244 60.7315 3.57464 3.0988 34.2827 1226.12
217.659 60.602 3.59191 3.03507 22.0665 1212.76
216.749 60.4427 3.59189 3.10931 34.0176 1189.64
217.639 60.9231 3.58357 3.07977 40.4758 1187.46
217.277 60.2474 3.59433 3.09914 23.4185 1225.58
218.995 60.8241 3.57151 3.07579 47.4804 1249.38
216.976 61.3836 3.57451 3.08841 40.975 1126.58
218.049 60.1785 3.57827 3.13254 21.3272 1261.19
216.031 60.2361 3.58799 3.12196 49.667 1178.7
217.533 61.187 3.57686 3.08683 42.6145 1163.46
218.652 60.2994 3.56707 3.07087 37.5306 1275.51
219.217 60.1294 3.57624 3.05779 36.3959 1311.18
216.221 60.072 3.58971 3.11442 43.0536 1199.28
218.856 60.4399 3.5701 3.0531 42.7705 1272.79
216.546 61.2275 3.59095 3.10824 47.69 1121.03
212.567 65.1173 3.66025 3.24422 28.9901 714.408
212.57 65.1176 3.65772 3.25482 27.5832 714.516
209.518 60.7352 3.54201 2.99482 24.2518 906.687
209.518 60.7351 3.5421 2.99489 24.2518 906.708
