# evlo=219.747498 evla=60.095901
225.449 60.24 3.56221 3.07187 203.457 316.843
194.627 64.5646 3.57168 3.11292 50.2143 1382.69
225.144 58.5792 3.65768 3.10693 142.548 350.39
215.395 60.9677 3.5315 2.90516 186.443 257.892
209.013 64.0997 3.53079 3.06002 134.59 715.02
209.094 59.7511 3.55089 2.98893 166.791 596.44
209.259 59.7417 3.5503 2.98977 153.553 587.418
210.701 64.1732 3.50503 2.99706 99.6951 654.019
208.846 60.7683 3.48293 2.88543 153.019 604.289
207.916 63.4188 3.51559 3.0961 75.1914 724.775
212.195 64.6453 3.52965 3.05185 198.717 639.362
204.378 55.8218 3.7089 3.33719 99.9129 1023.55
200.411 54.831 3.65064 3.2035 80.1548 1293.66
207.685 63.8827 3.5331 3.13992 116.144 758.32
208.763 59.5251 3.56481 3.02188 236.497 618.998
209.796 67.2269 3.56462 3.07407 107.899 932.788
209.738 62.4058 3.55219 3.07811 128.845 594.974
212.624 63.0753 3.49142 3.11283 117.911 502.844
214.225 61.1292 3.52316 2.97884 230.037 323.486
215.93 63.6482 3.51365 2.98286 113.114 443.737
214.25 60.5487 3.50654 2.90402 252.871 307.838
196.582 54.8564 3.61521 3.12732 62.4443 1497.33
213.401 60.7277 3.50618 2.92079 161.999 356.572
209.784 61.1426 3.5178 2.97005 187.207 557.3
214.766 66.5657 3.58979 3.08561 46.5393 762.548
188.296 63.7758 3.58838 3.11903 60.3079 1682.71
203.121 64.7461 3.55559 3.10087 75.1348 998.926
211.074 61.771 3.52807 2.99526 182.996 505.483
212.904 60.8792 3.50548 2.93737 254.54 386.025
215.271 60.5805 3.52755 3.06702 221.925 253.019
213.052 64.4091 3.5159 3.03648 156.368 592.748
213.497 60.396 3.50244 2.93353 182.337 347.691
208.348 59.6572 3.5546 2.97865 197.002 639.499
225.615 58.2758 3.67985 3.15146 92.3286 391.741
214.077 61.4924 3.55745 2.94766 236.005 345.617
211.542 61.4131 3.52241 2.96644 270.169 470.51
197.4 66.8951 3.56845 3.06528 40.1003 1334.96
209.077 63.5527 3.5241 3.12173 108.394 680.317
211.063 63.7318 3.49835 3.06171 105.576 609.366
211.768 64.9602 3.53678 3.05211 99.6206 679.174
209.256 65.0304 3.53631 3.01317 124.451 768.624
210.931 64.5928 3.5193 2.99165 172.959 676.919
214.53 62.9699 3.46949 3.04897 128.154 423.545
214.475 65.5174 3.56053 3.08963 78.0271 660.871
207.811 62.8962 3.52952 3.0568 60.1757 706.801
211.667 60.8584 3.52625 2.96277 190.101 452.146
210.261 61.0889 3.52334 2.98528 174.366 530.991
197.092 68.0541 3.55579 2.99462 49.4069 1403.49
215.154 63.7399 3.48686 2.9615 153.764 472.141
211.14 63.4056 3.51567 3.11276 132.341 584.674
211.668 61.807 3.54124 3.02635 180.154 477.108
212.671 61.832 3.56616 2.9948 178.497 429.066
216.01 63.9761 3.52956 3.09702 124.008 474.435
214.792 60.5341 3.51488 2.99183 219.312 278.143
205.816 56.5593 3.69652 3.31593 99.066 904.01
208.468 61.98 3.53559 2.99908 180.719 643.709
209.777 60.5117 3.52287 2.89088 162.975 552.658
189.752 57.1766 3.6157 3.09777 87.9588 1756.21
209.253 61.4636 3.51575 2.94098 200.531 590.977
210.547 60.1043 3.51475 2.91505 233.781 511.402
192.073 65.5598 3.57482 3.09763 46.4412 1520.38
209.711 63.4502 3.51815 3.08722 127.285 647.278
211.449 62.8295 3.51904 2.93977 89.108 536.551
211.415 62.9628 3.50892 2.98163 61.5267 545.806
211.462 62.6812 3.522 2.95072 51.2291 527.676
212.058 62.8349 3.49409 2.96875 59.8772 510.569
211.771 63.0624 3.4924 3.07203 57.6389 536.768
212.26 62.5808 3.49974 2.93194 121.369 486.696
211.152 62.8331 3.53443 2.96605 85.4661 549.805
211.908 64.4716 3.51585 2.98152 142.491 634.244
213.052 64.4091 3.5159 3.03648 156.368 592.748
212.566 65.1171 3.53961 3.08329 156.693 669.317
203.344 58.6774 3.59189 3.04278 119.966 942.928
204.113 58.2637 3.58806 3.04431 127.221 914.539
204.991 58.6484 3.5822 3.02866 117.424 852.401
206.355 58.9287 3.57046 2.99431 154.62 767.93
207.606 58.6097 3.60942 3.03376 139.789 709.151
213.66 59.4296 3.57269 3.06323 256.4 349.931
227.731 58.9601 3.61025 3.1569 161.63 468.858
202.426 57.5673 3.5906 3.02645 120.948 1035.91
203.613 57.6397 3.58993 2.99671 68.2215 967.478
205.548 57.5665 3.61123 3.05697 72.939 865.148
224.26 58.4133 3.72226 3.36514 90.3325 318.347
225.482 58.2747 3.6909 3.14839 66.2607 385.318
229.033 59.3946 3.59493 3.16376 209.304 527.453
197.939 55.703 3.58863 3.06715 108.001 1374.86
200.447 56.2848 3.60172 3.07899 65.8131 1206.64
223.768 57.9616 3.69933 3.19657 100.995 331.302
225.424 57.4688 3.72183 3.30286 105.871 439.52
228.869 57.9128 3.64472 3.18162 117.229 577.211
227.048 56.8144 3.72803 3.29011 52.6122 560.9
229.75 56.9811 3.63772 3.13209 86.5212 677.058
212.138 64.8735 3.5348 3.0608 101.439 660.476
210.428 68.6408 3.56376 3.04279 58.0785 1050.87
226.879 56.1146 3.72914 3.22411 64.4972 610.442
229.974 55.9154 3.68559 3.309 37.4994 761.764
228.385 55.3279 3.73401 3.27363 74.3866 738.512
227.653 56.4191 3.73331 3.3485 75.373 618.253
211.063 63.7323 3.49843 3.06177 105.576 609.379
211.14 63.4057 3.51568 3.11277 132.341 584.675
215.271 60.5805 3.52755 3.06702 221.925 253.019
