# evlo=216.009506 evla=63.976101
225.449 60.24 3.68393 3.03984 62.06 644.088
194.627 64.5646 3.67216 3.1738 113.095 1033.31
217.908 60.4896 3.53944 3.0374 123.54 400.872
217.654 61.036 3.49816 3.11822 244.279 338.432
217.507 60.403 3.48511 3.00738 108.501 405.75
218.338 61.0595 3.5698 3.10432 189.224 346.425
220.363 59.9534 3.51609 3.04246 92.8516 502.864
216.3 60.3932 3.50121 2.85693 58.3994 399.593
225.144 58.5792 3.61556 3.21356 101.907 774.186
216.716 60.1205 3.46836 2.84652 75.9708 431.271
215.395 60.9677 3.54758 2.97536 148.73 336.787
209.013 64.0997 3.68323 3.24086 295.052 342.007
209.094 59.7511 3.54494 3.06301 178.765 594.453
209.259 59.7417 3.55361 3.06348 178.203 590.083
210.701 64.1732 3.66248 3.27398 327.837 259.92
208.846 60.7683 3.53415 3.12092 170.618 514.501
207.916 63.4188 3.61873 3.13942 248.48 404.832
204.378 55.8218 3.52694 3.01719 116.839 1113.99
200.411 54.831 3.49106 2.77264 64.5334 1342.91
207.685 63.8827 3.65948 3.16982 202.823 408.212
208.763 59.5251 3.51911 3.04263 184.286 625.78
209.796 67.2269 3.59835 3.10662 145.253 461.585
216.907 60.7523 3.44736 2.90028 151.466 362.282
218.66 60.9649 3.53085 2.99028 135.325 362.316
209.738 62.4058 3.59955 3.04405 255.275 360.792
217.513 60.0823 3.51076 3.01074 165.911 440.994
221.785 59.0906 3.56808 3.11512 16.6022 624.568
214.225 61.1292 3.53169 3.09583 241.81 330.28
214.25 60.5487 3.53673 3.0061 194.643 392.728
196.582 54.8564 3.58762 3.11573 99.7911 1488.52
213.401 60.7277 3.5283 3.05513 209.201 386.34
209.784 61.1426 3.5506 3.11511 237.043 449.386
214.766 66.5657 3.72699 3.16361 148.356 294.499
188.296 63.7758 3.68701 3.18841 66.0857 1351.51
203.121 64.7461 3.68869 3.22723 121.158 627.284
211.074 61.771 3.58078 3.13838 250.911 351.24
216.188 61.4417 3.57162 3.01007 221.063 282.623
212.904 60.8792 3.53144 3.04317 230.191 380.515
215.271 60.5805 3.54972 2.98476 114.333 380.371
216.679 60.2805 3.47861 2.84749 92.164 413.338
218.244 60.7315 3.5641 3.20141 135.787 379.625
213.497 60.396 3.53102 3.01153 174.079 419.831
215.738 60.3351 3.59241 3.01333 107.619 406.028
208.348 59.6572 3.51157 3.04942 197.235 627.428
217.659 60.6024 3.50885 2.99609 138.13 385.593
225.615 58.2758 3.62636 3.18772 87.3204 817.663
215.581 59.9268 3.57536 2.95929 79.9449 451.829
216.749 60.4427 3.45574 2.866 134.375 395.662
217.639 60.9231 3.50618 3.11849 219.989 350.486
214.077 61.4924 3.53978 3.0637 303.903 293.896
211.542 61.4131 3.5726 3.21696 268.393 365.801
209.077 63.5527 3.61197 3.10161 330.898 345.151
217.277 60.2474 3.48821 3.08039 97.9762 420.764
218.995 60.824 3.48357 2.98016 112.086 383.636
216.976 61.3836 3.44418 2.8502 120.237 293.153
218.049 60.1785 3.55225 3.04375 167.362 436.396
209.256 65.0304 3.7409 3.21358 205.554 344.94
210.931 64.5928 3.73896 3.23788 290.154 255.338
216.031 60.2361 3.59047 2.96037 70.8862 416.814
191.145 52.9721 3.60898 3.14484 101.129 1877.58
219.747 60.0959 3.52956 3.09702 124.008 474.435
220.599 59.667 3.5268 3.10148 133.43 537.37
207.811 62.8962 3.59488 3.04695 424.302 426.244
217.533 61.1871 3.47123 3.08667 186.833 320.532
211.667 60.8584 3.55522 3.13543 301.023 413.455
215.323 60.3863 3.562 3.02003 96.9568 401.667
210.261 61.0889 3.56043 3.09807 208.151 436.861
197.092 68.0541 3.61855 3.02409 110.571 965.975
218.652 60.2994 3.49777 2.88709 78.9498 432.233
219.217 60.1294 3.5263 3.16555 153.506 460.225
211.668 61.807 3.59514 3.21547 380.295 327.276
212.671 61.832 3.56263 3.16321 344.84 293.037
214.792 60.5341 3.53995 2.94841 133.623 388.774
205.816 56.5593 3.53351 2.99681 145.684 998.005
208.468 61.98 3.58121 3.11022 280.497 442.033
209.777 60.5117 3.54591 3.10391 249.015 503.557
189.752 57.1766 3.63433 3.14086 110.042 1610.5
209.253 61.4636 3.57195 3.14749 251.577 444.452
217.161 60.1791 3.48267 3.00714 155.14 427.404
216.221 60.072 3.52874 2.81691 60.3211 435.236
210.547 60.1043 3.5818 3.13283 243.065 517.181
218.856 60.4399 3.48985 3.05825 120.475 420.918
217.171 60.7541 3.44819 2.96193 189.919 364.078
192.073 65.5598 3.65776 3.22204 108.945 1145.37
209.711 63.4502 3.58785 3.04488 275.584 316.7
193.495 53.8452 3.59115 3.11505 107.936 1703.02
216.546 61.2275 3.52612 2.89143 110.447 307.577
211.449 62.8295 3.59117 3.06916 390.73 261.206
211.415 62.9628 3.56169 3.15051 204.582 255.347
211.462 62.6812 3.57116 3.04874 157.472 269.607
211.152 62.8331 3.59633 3.06533 346.227 274.021
217.147 60.448 3.46958 2.96383 161.693 397.616
218.249 60.3583 3.59073 3.08503 82.6373 419.681
227.048 56.8144 3.65083 3.14385 34.6299 1000.62
229.75 56.9811 3.62481 3.1918 54.7161 1081.21
210.428 68.6408 3.57038 3.02175 137.522 576.757
226.879 56.1146 3.64172 3.25952 64.9201 1061.79
229.974 55.9154 3.6356 3.14181 31.4758 1184.66
228.385 55.3279 3.6527 3.20221 47.0747 1185.21
227.653 56.4191 3.63591 3.1444 58.2196 1057.73
209.931 62.7622 3.03859 2.63164 209.475 332.698
218.547 60.1369 4.17861 3.49868 114.682 447.886
217.908 60.4896 3.53944 3.0374 123.54 400.872
217.507 60.403 3.48511 3.00738 108.501 405.75
218.338 61.0595 3.56982 3.10434 189.224 346.427
216.296 60.3923 3.50203 2.8576 58.3994 399.687
216.716 60.1205 3.46836 2.84652 75.9708 431.271
215.271 60.5805 3.54972 2.98476 114.333 380.371
216.679 60.2805 3.47861 2.84749 92.164 413.338
218.244 60.7315 3.5641 3.20141 135.787 379.625
217.659 60.602 3.50919 2.99639 138.13 385.631
216.749 60.4427 3.45574 2.866 134.375 395.662
217.639 60.9231 3.50615 3.11846 219.989 350.484
217.277 60.2474 3.48821 3.08039 97.9762 420.764
218.995 60.8241 3.48348 2.98008 112.086 383.626
216.976 61.3836 3.44418 2.8502 120.237 293.153
218.049 60.1785 3.55225 3.04375 167.362 436.396
216.031 60.2361 3.59047 2.96037 70.8862 416.814
217.533 61.187 3.47138 3.08679 186.833 320.546
218.652 60.2994 3.49777 2.88709 78.9498 432.233
219.217 60.1294 3.5263 3.16555 153.506 460.225
216.221 60.072 3.52874 2.81691 60.3211 435.236
218.856 60.4399 3.48985 3.05825 120.475 420.918
216.546 61.2275 3.52612 2.89143 110.447 307.577
