# evlo=211.414505 evla=62.962799
194.627 64.5646 3.60935 3.11197 37.6138 844.723
217.908 60.4896 3.50769 2.96626 29.6696 439.919
217.654 61.036 3.54417 3.03605 106.649 390.892
217.507 60.403 3.52551 3.03761 32.9885 430.277
218.338 61.0595 3.52069 3.01803 88.631 419.8
220.363 59.9534 3.48462 3.01895 45.2097 582.444
216.3 60.3932 3.58884 3.10766 74.6635 385.682
225.144 58.5792 3.52786 3.04427 56.8007 890.773
216.716 60.1205 3.53842 3.03705 43.8464 423.783
215.395 60.9677 3.46613 3.28539 99.1278 304.911
209.094 59.7511 3.45133 3.10557 139.737 378.76
209.259 59.7417 3.46118 3.11673 154.901 376.971
208.846 60.7683 3.54123 3.15971 192.144 279.382
204.378 55.8218 3.52242 2.92718 88.3369 889.15
208.763 59.5251 3.46487 3.07598 175.369 408.592
209.796 67.2269 4.31359 3.41245 51.4775 481.426
216.907 60.7523 3.49479 2.9706 88.2854 379.646
218.66 60.9649 3.49986 2.99187 86.0826 440.146
217.513 60.0823 3.53588 3.15794 71.4684 456.106
221.785 59.0906 3.56273 3.20051 18.3374 706.067
214.25 60.5487 3.53333 3.05646 130.11 307.84
196.582 54.8564 3.61704 3.13474 61.3772 1237.6
213.401 60.7277 3.62894 2.98522 31.5708 270.139
214.766 66.5657 3.60075 3.14859 110.953 432.04
188.296 63.7758 3.63367 3.12112 29.0096 1153.8
216.188 61.4417 3.54697 3.00068 122.93 300.656
215.271 60.5805 3.49981 3.06695 59.8219 334.433
216.679 60.2805 3.54155 2.96336 50.0012 408.821
218.244 60.7315 3.51472 3.0604 65.7496 436.897
213.497 60.396 3.55857 3.17399 58.3848 306.512
215.738 60.3351 3.50719 3.16153 76.3388 371.654
208.348 59.6572 3.46918 3.05647 138.102 403.218
217.659 60.6024 3.53176 3.01346 69.9594 421.353
225.615 58.2758 3.54427 3.08003 53.3919 933.504
215.581 59.9268 3.48704 2.98467 48.7512 404.633
216.749 60.4427 3.53618 2.95472 56.4554 397.919
217.639 60.9231 3.52103 3.03084 71.049 397.806
197.4 66.8951 3.60927 3.12761 35.6798 792.032
217.277 60.2474 3.53154 3.17428 75.684 433.706
218.995 60.824 3.52373 3.0143 66.7878 464.009
216.976 61.3836 3.55582 3.10461 75.1562 338.852
218.049 60.1785 3.52607 3.07788 47.8765 469.231
209.256 65.0304 3.54103 3.4695 78.8331 253.513
216.031 60.2361 3.55703 3.17065 82.5376 390.167
191.145 52.9721 3.62578 3.19283 73.4199 1623.28
219.747 60.0959 3.50892 2.98163 61.5267 545.806
220.599 59.667 3.51362 3.06973 50.5389 613.037
214.475 65.5174 3.64177 3.13985 82.3115 321.09
217.533 61.1871 3.52781 3.00616 88.7768 375.85
215.323 60.3863 3.47136 2.95492 33.4597 353.808
197.092 68.0541 3.59915 3.06651 21.5727 869.03
218.652 60.2994 3.50611 3.0428 50.4697 484.728
219.217 60.1294 3.50784 3.02751 51.8072 520.82
216.01 63.9761 3.56169 3.15051 204.582 255.347
214.792 60.5341 3.58049 2.97158 67.776 324.081
205.816 56.5593 3.51751 2.97485 155.766 779.021
209.777 60.5117 3.49238 3.15887 131.355 286.513
189.752 57.1766 3.63835 3.13154 42.334 1358.35
217.161 60.1791 3.52133 3.15996 60.5159 434.969
210.547 60.1043 3.54829 3.14102 142.648 321.86
218.856 60.4399 3.50513 2.99193 54.9926 483.329
217.171 60.7541 3.50912 3.00249 81.3229 390.149
192.073 65.5598 3.62127 3.12405 30.5157 976.715
216.546 61.2275 3.50999 2.967 81.5064 330.352
217.147 60.448 3.52285 3.08006 27.2986 412.66
218.249 60.3583 3.519 3.03195 56.7817 463.657
227.653 56.4191 3.59336 3.1066 41.2488 1163.97
218.547 60.1369 4.1183 4.54392 62.9985 492.459
217.908 60.4896 3.50769 2.96626 29.6696 439.919
217.507 60.403 3.52551 3.03761 32.9885 430.277
218.338 61.0595 3.52073 3.01807 88.631 419.805
216.296 60.3923 3.58843 3.10731 74.6635 385.639
216.716 60.1205 3.53842 3.03705 43.8464 423.783
215.271 60.5805 3.49981 3.06695 59.8219 334.433
216.679 60.2805 3.54155 2.96336 50.0012 408.821
218.244 60.7315 3.51472 3.0604 65.7496 436.897
217.659 60.602 3.53184 3.01353 69.9594 421.362
216.749 60.4427 3.53618 2.95472 56.4554 397.919
217.639 60.9231 3.52095 3.03078 71.049 397.798
217.277 60.2474 3.53154 3.17428 75.684 433.706
218.995 60.8241 3.52368 3.01426 66.7878 464.002
216.976 61.3836 3.55582 3.10461 75.1562 338.852
218.049 60.1785 3.52607 3.07788 47.8765 469.231
216.031 60.2361 3.55703 3.17065 82.5376 390.167
217.533 61.187 3.52795 3.00628 88.7768 375.866
218.652 60.2994 3.50611 3.0428 50.4697 484.728
219.217 60.1294 3.50784 3.02751 51.8072 520.82
218.856 60.4399 3.50513 2.99193 54.9926 483.329
216.546 61.2275 3.50999 2.967 81.5064 330.352
