# evlo=226.474594 evla=68.306503
217.908 60.4896 3.61574 3.0094 90.1199 962.367
217.507 60.403 3.60826 3.01588 105.821 979.558
218.338 61.0595 3.61795 3.02633 144.796 894.72
216.3 60.3932 3.59149 3.03822 85.753 1007.01
216.716 60.1205 3.59875 3.03657 72.9604 1025.47
215.271 60.5805 3.61163 3.02165 22.0837 1012.9
216.679 60.2805 3.60046 3.04118 81.9235 1009.92
218.244 60.7315 3.62427 3.00596 82.2513 930.553
213.052 64.4091 3.62874 3.13545 79.1712 739.104
217.659 60.6024 3.61295 3.01386 91.6432 955.822
216.749 60.4427 3.60251 3.03477 114.374 991.817
217.639 60.9231 3.59389 3.03227 112.434 923.301
217.277 60.2474 3.60967 3.01742 85.9481 1000.42
218.995 60.824 3.62451 2.99287 49.6963 906.466
216.976 61.3836 3.59465 3.06455 70.1662 891.547
211.063 63.7318 3.65574 3.05097 89.9299 861.694
218.049 60.1785 3.60738 3.01567 96.3731 991.923
216.031 60.2361 3.58961 3.03251 120.627 1029.12
217.533 61.1871 3.59036 3.06258 89.521 898.69
218.652 60.2994 3.62369 3.02642 47.6999 967.838
211.14 63.4056 3.83819 3.04762 97.0015 884.15
216.221 60.072 3.59106 3.03009 82.4708 1041.42
218.856 60.4399 3.62102 3.04057 96.5482 949.341
216.546 61.2275 3.53539 3.089 28.8011 917.355
231.887 52.1847 3.62348 3.12263 72.6602 1819.33
207.417 57.7828 3.58655 3.03194 123.41 1505.32
213.052 64.4091 3.62874 3.13545 79.1712 739.104
212.566 65.1171 3.62767 3.0912 86.6611 707.162
212.138 64.8735 3.64293 3.09759 95.0943 739.636
210.428 68.6408 3.51514 2.93044 110.443 656.549
211.063 63.7323 3.6555 3.05077 89.9299 861.638
210.135 62.8603 3.83623 2.98828 67.2723 963.019
210.921 64.5797 3.8759 3.11825 107.103 805.551
209.196 62.5277 3.49264 3.04481 75.498 1023.04
210.834 64.0412 3.848 3.07658 81.11 846.969
211.14 63.4057 3.83816 3.0476 97.0015 884.144
210.523 63.7231 3.65862 3.05843 115.299 881.978
209.8 63.4686 3.49155 3.06525 54.6141 927.579
210.879 63.9391 3.85064 3.05572 32.0901 852.83
209.939 62.15 3.50194 3.0776 56.3758 1028.23
211.225 63.6559 3.8532 3.07253 81.7894 861.653
218.547 60.1369 3.51891 2.9491 33.2388 986.852
218.45 60.2235 3.61817 2.99669 73.8384 979.561
218.652 60.1592 3.62116 2.98579 70.1187 982.579
218.546 60.2176 3.61956 2.99529 78.2383 978.398
218.626 60.2469 3.62037 2.99087 66.1101 973.838
212.952 61.1216 2.38032 1.757 72.6541 1023.67
211.489 65.5114 3.64261 3.10671 131.989 723.949
211.449 65.522 3.67049 3.05779 48.7211 724.891
194.662 64.5695 3.62161 3.15417 47.0167 1460.79
211.554 70.2036 3.50532 2.83629 120.84 624.917
204.534 64.74 3.64987 3.13107 52.5204 1046.59
211.306 69.424 3.5368 2.87899 260.038 621.486
210.41 68.6274 3.53064 2.89717 153.255 657.375
209.89 67.3812 3.60749 2.97577 157.17 703.638
210.457 65.825 3.65063 3.1081 130.298 747.052
217.908 60.4896 3.61574 3.0094 90.1199 962.367
217.507 60.403 3.60826 3.01588 105.821 979.558
218.338 61.0595 3.61795 3.02632 144.796 894.717
216.296 60.3923 3.5921 3.03874 85.753 1007.18
216.716 60.1205 3.59875 3.03657 72.9604 1025.47
215.271 60.5805 3.61163 3.02165 22.0837 1012.9
216.679 60.2805 3.60046 3.04118 81.9235 1009.92
218.244 60.7315 3.62427 3.00596 82.2513 930.553
217.659 60.602 3.61315 3.01402 91.6432 955.873
216.749 60.4427 3.60251 3.03477 114.374 991.817
217.639 60.9231 3.59391 3.03228 112.434 923.305
217.277 60.2474 3.60967 3.01742 85.9481 1000.42
218.995 60.8241 3.62447 2.99283 49.6963 906.455
216.976 61.3836 3.59465 3.06455 70.1662 891.547
218.049 60.1785 3.60738 3.01567 96.3731 991.923
216.031 60.2361 3.58961 3.03251 120.627 1029.12
217.533 61.187 3.59038 3.0626 89.521 898.696
218.652 60.2994 3.62369 3.02642 47.6999 967.838
216.221 60.072 3.59106 3.03009 82.4708 1041.42
218.856 60.4399 3.62102 3.04057 96.5482 949.341
216.546 61.2275 3.53539 3.089 28.8011 917.355
212.567 65.1173 3.62592 3.09825 87.8912 707.138
220.454 59.9722 3.6546 3.08484 32.3355 973.13
209.918 61.8636 3.63517 3.09707 92.4687 1053.19
210.331 61.4859 3.62069 3.07925 44.8809 1072.14
209.538 60.4832 3.59376 3.08021 58.8254 1187.29
210.519 60.6717 3.60637 3.06531 70.6984 1139.05
211.909 60.5183 3.61058 3.13756 43.6843 1110.91
210.455 61.3427 3.61054 3.08356 57.3794 1080.74
210.626 60.4754 3.61181 3.06828 57.8299 1153.71
209.518 60.7352 3.6081 3.0852 49.1436 1165.27
209.971 61.6954 3.63647 3.08439 104.505 1065.87
208.723 60.6622 3.61226 3.08165 86.7215 1197.83
212.047 60.7098 3.61565 3.11895 96.1772 1088.88
211.068 60.8049 3.61498 3.07779 55.9784 1109.75
209.968 60.4881 3.59915 3.06985 71.9764 1173.14
210.253 60.4731 3.60349 3.05323 40.7302 1165.54
208.919 60.4641 3.60005 3.07159 55.3308 1209.07
210.813 60.8045 3.60736 3.07087 70.4213 1117.73
209.81 60.4601 3.60153 3.06844 58.9042 1180.71
211.376 60.7866 3.61527 3.0978 48.1547 1101.95
209.518 60.7351 3.60809 3.08519 49.1436 1165.27
