# evlo=202.840103 evla=70.007896
194.627 64.5646 3.56855 2.85997 89.6258 701.417
217.908 60.4896 3.53866 2.95478 40.5712 1265.94
217.507 60.403 3.52928 2.95664 22.9523 1264.7
218.338 61.0595 3.54182 2.98335 37.8164 1220.7
216.3 60.3932 3.53539 3.00773 34.3412 1237.24
215.271 60.5805 3.5497 2.99883 34.146 1195.24
218.244 60.7315 3.54436 2.98329 53.9764 1250.46
213.052 64.4091 3.54038 2.91818 54.7661 762.673
217.659 60.6024 3.53171 2.92926 32.1612 1248.55
217.639 60.9231 3.54057 2.95791 55.1045 1216.26
218.995 60.824 3.5447 2.94553 35.4964 1260.9
216.976 61.3836 3.54363 2.98679 41.3849 1154.23
211.063 63.7318 3.54576 3.05519 96.8914 785.768
217.533 61.1871 3.53958 2.97849 42.1652 1187.55
218.652 60.2994 3.54711 2.96667 25.9109 1303.51
211.14 63.4056 3.53371 3.0065 79.7616 820.717
219.217 60.1294 3.54864 2.95048 35.8987 1334.79
218.856 60.4399 3.54969 2.94537 37.8231 1294.86
216.546 61.2275 3.53077 2.98921 41.2058 1159.15
194.656 68.2746 3.49875 2.73239 234.731 378.011
196.822 68.4753 3.48744 2.71297 249.68 292.938
211.299 69.72 3.56379 2.82485 233.547 326.44
215.088 69.9175 3.57079 2.90121 145.645 467.853
216.289 69.626 3.56954 2.86576 125.134 518.736
196.917 67.6988 3.45762 2.66084 113.495 350.787
209.319 68.9656 3.57605 2.71195 73.8001 278.708
211.177 69.1532 3.5544 2.72348 128.752 338.137
213.625 69.322 3.56101 2.81891 151.55 424.786
219.035 69.243 3.55518 2.82168 100.211 633.347
221.263 69.3286 3.53328 2.81638 95.3903 715.909
198.174 67.082 3.48935 2.79482 174.152 377.683
199.397 67.4213 3.45889 2.70543 192.645 320.375
202.768 67.4572 3.45626 2.75282 156.205 284.533
208.187 68.1343 3.49129 2.74543 74.672 298.383
210.384 68.0584 3.49988 2.83103 100.611 371.229
211.513 68.0748 3.50151 2.69471 74.4687 407.457
214.432 68.1207 3.487 2.76936 86.4733 507.067
218.405 68.1861 3.54531 2.83768 76.921 650.347
220.465 68.6043 3.56419 2.88402 118.194 710.061
222.103 68.3889 3.57066 2.88206 109.952 781.231
223.281 66.3701 3.55665 2.9248 53.4637 933.946
193.671 65.4742 3.5336 2.91636 150.62 635.82
195.352 65.7077 3.51919 2.81275 126.974 572.979
198.75 66.442 3.49868 2.79477 172.214 432.083
200.349 66.6001 3.47746 2.76836 117.441 393.687
202.227 66.8332 3.48333 2.78028 166.679 354.998
204.275 67.0486 3.48364 2.83103 155.06 335.232
206.517 67.2221 3.48106 2.82138 116.299 344.769
207.821 67.5076 3.50517 2.73933 88.3769 343.832
212.113 67.5187 3.49322 2.74933 76.3394 465.818
214.357 67.5933 3.47228 2.73424 53.995 536.129
215.855 67.6946 3.48844 2.7696 91.8882 582.741
220.128 67.6136 3.54778 2.88195 73.5456 743.88
224.214 67.6106 3.57164 2.90091 94.8879 897.658
226.258 67.441 3.58035 2.90718 81.1396 983.876
195.961 64.9941 3.55583 2.84818 84.6779 630.817
197.645 65.3936 3.52148 2.91525 95.4262 559.246
199.349 65.5011 3.51158 2.88677 167.952 523.656
201.346 65.895 3.49621 2.80003 151.92 462.95
202.913 66.1434 3.4892 2.86849 132.94 431.043
206.494 66.5156 3.48246 2.77265 107.971 417.628
208.493 66.9214 3.48034 2.79277 80.9808 414.591
209.976 66.7108 3.49529 2.8528 86.5238 470.1
212.525 66.7004 3.51867 2.85506 77.0873 542.17
213.899 66.7653 3.54247 2.81465 84.3759 579.618
216.215 66.9498 3.48669 2.77328 68.6273 643.276
218.345 66.8088 3.50638 2.84105 93.898 727.213
221.978 66.9116 3.57124 2.8763 74.2954 852.464
223.778 66.9808 3.5718 2.9132 70.0321 915.355
225.729 66.9227 3.58701 2.91989 76.0632 991.919
197.761 64.6379 3.54092 2.97517 111.878 637.023
200.087 64.937 3.54038 2.8746 106.912 577.526
201.637 65.1527 3.50055 2.87856 128.18 543.889
203.551 65.5276 3.51054 2.97485 153.18 500.588
205.119 65.4924 3.5251 2.82153 93.6904 512.664
207.195 65.6571 3.51226 2.88355 100.42 518.464
208.623 65.8937 3.49686 2.83831 98.4214 518.431
210.457 65.8251 3.535 2.96187 74.8576 564.663
212.122 65.8371 3.50268 2.87849 78.7075 605.408
214.181 66.267 3.54987 2.82407 54.6676 627.876
218.473 66.2305 3.52848 2.84273 78.279 771.583
221.631 66.2191 3.5395 2.88639 90.7711 883.787
225.657 65.8052 3.58001 2.93144 29.1346 1058.04
214.843 62.3987 3.55008 3.0171 55.2755 1002.15
213.052 64.4091 3.54038 2.91818 54.7661 762.673
199.305 63.8864 3.54534 2.86989 91.1582 699.654
205.522 64.7962 3.49834 2.86399 55.4912 592.375
208.018 65.18 3.54432 2.86315 42.8755 581.302
210.64 65.1479 3.54174 2.98185 88.8273 634.608
216.846 65.3064 3.57156 2.86513 62.4735 789.336
218.385 65.6035 3.54459 2.82711 51.0312 815.341
220.064 65.4483 3.53886 2.85795 49.0251 883.776
221.694 65.3609 3.54675 2.88166 55.8033 946.511
223.623 65.2225 3.55969 2.90875 62.2006 1024.63
196.446 62.7492 3.5747 3.07714 125.384 857.37
199.398 63.2842 3.55214 2.90814 88.1302 764.814
200.922 63.3965 3.53535 2.95097 98.9984 742.035
203.285 63.465 3.56986 3.01968 148.234 729.904
204.379 63.994 3.58153 2.9602 68.5471 673.971
205.853 64.1767 3.51183 2.94105 91.6615 663.159
214.63 64.613 3.53425 2.94965 79.6166 784.574
216.436 64.5012 3.55431 2.96472 65.7401 845.82
221.784 64.453 3.56703 2.8447 28.8589 1019.39
221.784 64.4525 3.55856 2.85669 44.9426 1019.41
223.67 64.5753 3.56021 2.87996 77.1389 1074.48
195.344 61.9331 3.59694 3.06099 94.0338 961.018
198.469 62.2938 3.55996 2.93889 109.798 881.967
201.699 62.7161 3.54698 3.00833 136.372 814.688
205.93 63.3569 3.53342 2.99363 105.537 753.917
214.222 63.8036 3.55821 2.97515 46.1487 849.809
222.48 63.8433 3.55763 2.88902 45.701 1092.01
197.317 61.3416 3.58042 3.02671 92.291 998.13
198.513 61.678 3.57882 2.96015 85.0448 949.031
200.525 61.7105 3.55916 3.00778 102.2 931.042
201.703 62.1344 3.55875 3.0278 122.044 879.423
203.311 62.2195 3.59083 3.02986 74.1374 868.723
205.146 62.1816 3.53913 2.95239 74.0953 878.745
206.12 62.4787 3.55181 3.00262 113.853 852.134
216.652 63.0254 3.57162 3.0178 47.3464 987.109
218.173 63.0618 3.57817 3.01598 51.3074 1025.95
193.799 60.3849 3.61946 3.13623 79.2264 1150.53
196.65 60.4135 3.58207 3.06041 75.6315 1106.89
198.04 60.7515 3.58402 2.98396 69.6647 1055.13
199.312 60.6947 3.56941 2.99371 99.0934 1050.86
201.041 61.0224 3.57209 3.04636 126.597 1005.22
202.562 61.4009 3.58636 3.0631 108.285 959.777
204.176 61.4907 3.56658 2.98492 46.3642 951.603
205.609 61.9037 3.5427 2.98874 96.793 912.158
206.868 61.8823 3.58151 3.02468 100.062 923.904
209.88 61.7531 3.52741 2.9085 34.9585 973.333
212.274 61.7929 3.56491 3.03947 50.16 1009.24
217.004 62.4013 3.55952 2.97821 49.0448 1055.88
218.122 62.3579 3.5722 3.01717 41.9897 1090.12
221.538 62.4435 3.57884 3.0238 42.6676 1182.12
225.609 62.2024 3.58749 2.92609 30.5266 1333.95
198.315 59.9237 3.57782 2.99923 91.3324 1143.66
199.908 60.1686 3.57705 3.02503 88.4813 1105.32
201.231 60.4742 3.58206 3.07648 111.963 1065.52
202.813 60.5269 3.60042 3.02577 65.0256 1057.08
205.516 60.8132 3.55206 3.02879 78.8279 1032.44
207.791 61.2001 3.55678 2.94247 92.2459 1007.44
222.911 61.4593 3.59535 3.02651 36.6563 1313.25
224.22 61.4862 3.58177 2.97383 21.8523 1351.64
226.918 61.1512 3.5869 2.93259 15.0562 1468.68
198.736 59.2533 3.5793 3.00597 79.5844 1214.26
200.175 59.1767 3.58491 3.07357 88.8022 1213.95
201.907 59.5938 3.59964 3.06264 85.9536 1161.86
202.905 59.7733 3.59908 3.02006 52.3447 1141.05
204.792 59.8542 3.55142 3.03628 47.4385 1135.65
205.68 60.1952 3.56068 3.07408 59.7688 1101.85
207.376 60.0815 3.55967 2.93535 46.2524 1126.37
219.809 60.7718 3.55607 3.01927 25.3394 1287.8
221.424 60.3024 3.56043 3.00703 30.8377 1377.69
223.909 60.7704 3.60541 3.04393 41.6116 1406.98
202.009 59.0314 3.60234 3.05234 76.6474 1224.32
204.771 59.3922 3.5573 3.04629 55.0897 1186.93
212.597 59.9979 3.57627 3.0647 51.5351 1203.71
222.262 59.6304 3.55664 2.98186 30.1713 1465.94
223.04 60.1218 3.58841 3.03273 36.0987 1441.41
227.183 60.2114 3.59327 3.03914 29.3659 1561.25
212.566 65.1171 3.51469 2.8783 62.6704 683.377
203.344 58.6774 3.59474 3.06985 36.0962 1263.35
204.113 58.2637 3.56207 3.05906 27.3853 1310.6
204.991 58.6484 3.57851 3.08722 56.7305 1270.43
206.355 58.9287 3.58885 3.05715 50.407 1246.15
202.426 57.5673 3.62237 3.02782 43.5819 1386.91
205.548 57.5665 3.57526 3.10057 53.596 1392.93
224.26 58.4133 3.57488 3.01908 20.5928 1640.6
229.033 59.3946 3.58769 2.94743 19.3117 1695.59
200.447 56.2848 3.6061 3.04213 80.172 1534.05
225.424 57.4688 3.6033 3.06209 35.6751 1766.03
228.869 57.9128 3.77985 3.07242 18.24 1827.74
210.428 68.6408 3.49206 2.58048 75.2413 335.425
226.879 56.1146 3.61433 3.13859 23.3222 1940.96
228.385 55.3279 3.62454 3.11665 26.5927 2062.55
218.842 64.7774 3.57059 2.88524 46.6919 896.264
211.063 63.7323 3.54558 3.05504 96.8914 785.728
211.14 63.4057 3.53369 3.00648 79.7616 820.713
218.547 60.1369 3.6509 3.3042 34.1521 1316.95
210.84 64.6544 3.54642 2.98472 38.1563 687.916
210.867 64.709 3.54495 2.95911 48.4534 683.038
210.853 64.7716 3.54656 2.99397 59.7952 676.509
210.847 64.8338 3.54157 2.99044 49.4851 670.19
210.819 64.8857 3.5404 2.98522 53.0173 664.425
210.44 64.87 3.53118 2.95673 77.1831 657.935
210.174 64.8537 3.52649 2.92666 61.4496 654.101
210.069 64.7653 3.53021 2.93175 62.2503 660.926
210.917 64.5498 3.54626 3.0032 56.1971 699.995
210.782 64.5716 3.54407 2.96732 41.6844 694.982
210.554 64.5756 3.53388 2.95807 55.8848 689.874
210.901 64.613 3.55315 2.95555 56.8365 693.333
211.172 64.6917 3.55316 2.97967 59.5758 691.353
217.908 60.4896 3.53866 2.95478 40.5712 1265.94
217.507 60.403 3.52928 2.95664 22.9523 1264.7
218.338 61.0595 3.54183 2.98336 37.8164 1220.7
216.296 60.3923 3.53542 3.00776 34.3412 1237.25
215.271 60.5805 3.5497 2.99883 34.146 1195.24
218.244 60.7315 3.54436 2.98329 53.9764 1250.46
217.659 60.602 3.53179 2.92933 32.1612 1248.58
217.639 60.9231 3.54056 2.95789 55.1045 1216.26
218.995 60.8241 3.54468 2.9455 35.4964 1260.9
216.976 61.3836 3.54363 2.98679 41.3849 1154.23
217.533 61.187 3.53962 2.97853 42.1652 1187.56
218.652 60.2994 3.54711 2.96667 25.9109 1303.51
219.217 60.1294 3.54864 2.95048 35.8987 1334.79
218.856 60.4399 3.54969 2.94537 37.8231 1294.86
216.546 61.2275 3.53077 2.98921 41.2058 1159.15
