# evlo=211.176697 evla=69.153198
194.627 64.5646 3.57961 3.00935 195.442 883.78
220.363 59.9534 3.57771 3.07725 56.0644 1113.44
225.144 58.5792 3.58969 3.06541 35.2619 1356.85
216.716 60.1205 3.5651 3.10792 75.2635 1040.24
209.013 64.0997 3.57262 2.99771 129.634 571.547
209.094 59.7511 3.55314 2.97794 95.088 1052.8
209.259 59.7417 3.55129 2.98838 97.2838 1053.15
210.701 64.1732 3.56556 3.03683 116.287 555.746
208.846 60.7683 3.56761 3.00665 61.4077 941.13
207.916 63.4188 3.59079 3.0289 130.341 655.765
212.195 64.6453 3.54636 2.98871 90.5742 504.676
204.378 55.8218 3.59299 3.01907 33.4012 1524.35
200.411 54.831 3.60874 3.09877 64.5544 1686.97
207.685 63.8827 3.57458 2.9963 125.537 607.673
208.763 59.5251 3.54564 3.00864 64.9189 1079.46
216.907 60.7523 3.565 3.078 68.7651 973.969
218.66 60.9649 3.54767 3.07023 64.653 976.847
209.738 62.4058 3.579 3.0232 93.2214 755.186
217.513 60.0823 3.58646 3.06079 39.5717 1054.4
213.401 60.7277 3.55403 3.01192 75.0067 945.076
216.679 60.2805 3.55669 3.11366 93.0166 1022.39
213.052 64.4091 3.56141 3.02991 92.8652 535.388
216.749 60.4427 3.56415 3.09733 107.581 1005.59
218.995 60.824 3.56638 3.16328 79.834 997.393
216.976 61.3836 3.56181 3.04988 94.6832 906.658
211.063 63.7318 3.5699 3.01842 94.4538 604.579
218.652 60.2994 3.55728 3.02284 41.7557 1047.59
211.14 63.4056 3.56924 3.01275 94.2439 640.922
218.856 60.4399 3.55903 3.07696 43.5353 1035.86
216.546 61.2275 3.54021 3.05852 107.86 917.907
212.138 64.8736 3.54981 2.98993 95.5271 479.091
198.929 70.2043 3.53448 2.80057 89.4595 488.243
203.383 71.3221 3.57872 2.84315 123.09 380.474
205.026 71.0033 3.60456 2.95231 103.166 311.767
198.198 69.3641 3.48865 2.70351 142.361 512.732
202.84 70.0079 3.5544 2.72348 128.752 338.137
194.656 68.2746 3.4833 2.7075 123.391 674.57
196.822 68.4753 3.47975 2.7473 167.218 582.701
198.806 68.6483 3.47547 2.77114 152.178 499.508
200.413 69.1049 3.46186 2.70287 228.556 427.632
235.93 69.3475 3.52968 2.80039 185.479 972.671
196.917 67.6988 3.47379 2.71683 166.019 605.884
201.885 68.4946 3.46105 2.73567 176.82 381.479
203.387 68.7132 3.46149 2.75916 253.314 316.227
219.035 69.243 3.54599 2.99849 260.152 311.536
221.263 69.3286 3.54063 2.95205 128.74 399.173
198.174 67.082 3.49764 2.84275 166.992 586.846
199.397 67.4213 3.48662 2.80673 199.487 522.437
202.768 67.4572 3.4817 2.84498 174.748 394.766
203.811 68.2575 3.47986 2.81142 222.783 314.665
218.405 68.1861 3.54734 2.94433 229.052 312.506
220.465 68.6043 3.53756 2.96473 215.693 378.279
222.103 68.3889 3.54157 2.95484 226.258 449.225
223.281 66.3701 3.60928 2.93407 109.776 596.737
193.671 65.4742 3.5491 2.96496 80.8648 853.921
195.352 65.7077 3.5403 2.9411 136.365 776.145
198.75 66.442 3.51742 2.9285 154.768 603.638
200.349 66.6001 3.4968 2.87095 124.916 535.874
202.227 66.8332 3.50708 2.8602 191.384 454.435
204.275 67.0486 3.49974 2.76631 190.745 370.711
206.517 67.2221 3.50992 2.86747 282.2 289.257
220.128 67.6136 3.58166 2.94579 162.335 405.752
224.214 67.6106 3.56031 2.96823 146.213 561.896
226.258 67.441 3.57143 2.98203 207.89 649.333
195.961 64.9941 3.56752 3.00423 138.388 804.597
197.645 65.3936 3.55095 2.96774 150.539 716.131
199.349 65.5011 3.56803 2.95119 125.217 650.077
201.346 65.895 3.54804 2.95911 171.881 553.927
202.913 66.1434 3.55561 2.91447 153.688 484.83
206.494 66.5156 3.48101 2.88768 222.275 353.965
208.493 66.9214 3.45372 2.8179 198.806 272.929
209.976 66.7108 3.50479 2.85515 264.626 277.014
212.525 66.7004 3.52 2.95583 184.871 279.338
213.899 66.7653 3.55152 2.91296 109.256 289.656
216.215 66.9498 3.48654 2.99155 126.114 323.221
218.345 66.8088 3.52376 2.88444 105.725 397.559
221.978 66.9116 3.61452 2.94153 97.4564 514.746
223.778 66.9808 3.60088 2.95196 125.534 577.285
225.729 66.9227 3.60106 2.99162 101.403 654.579
197.761 64.6379 3.57358 2.97856 93.1533 771.036
200.087 64.937 3.55596 2.99657 132.945 672.102
201.637 65.1527 3.55103 2.93772 137.733 607.016
203.551 65.5276 3.55611 2.9972 174.381 519.893
205.119 65.4924 3.53521 2.95159 154.819 483.93
207.195 65.6571 3.50034 2.90815 224.003 425.467
208.623 65.8937 3.52619 2.94841 286.129 379.439
210.457 65.8251 3.53302 2.88743 140.722 372.444
212.122 65.8371 3.5344 2.94601 115.438 372.027
214.18 66.267 3.54172 2.9896 63.7514 346.02
214.181 66.267 3.58807 2.92552 100.371 346.035
218.473 66.2305 3.53786 3.03396 102.719 448.745
221.631 66.2191 3.57782 2.92409 78.9782 549.713
225.657 65.8052 3.62746 2.94126 48.8442 720.469
214.843 62.3987 3.62035 3.04399 95.9207 771.304
213.052 64.4091 3.56141 3.02991 92.8652 535.388
199.305 63.8864 3.58726 3.01016 156.82 787.16
205.522 64.7962 3.52203 2.99946 134.335 544.526
208.018 65.18 3.54325 2.98998 161.13 463.607
210.64 65.1479 3.52658 2.98518 113.276 447.287
216.846 65.3064 3.53274 3.01834 89.2398 493.565
218.385 65.6035 3.5454 2.98555 103.611 501.857
220.064 65.4483 3.56026 2.99543 84.4035 562.277
221.694 65.3609 3.56483 3.01643 80.7959 618.912
223.623 65.2225 3.56676 2.96148 51.1383 692.375
196.446 62.7492 3.61338 3.02476 109.176 974.382
199.398 63.2842 3.5732 2.96593 104.246 839.393
200.922 63.3965 3.60363 3.0805 111.336 787.903
203.285 63.465 3.5597 3.08927 139.236 725.102
204.379 63.994 3.54888 3.03336 118.914 648.77
205.853 64.1767 3.55665 2.98723 213.229 602.299
214.63 64.613 3.58873 2.99534 87.5262 528.26
216.436 64.5012 3.52997 3.0021 84.247 567.436
221.784 64.453 3.54605 2.97764 50.6025 699.763
221.784 64.4525 3.56102 2.97584 58.3004 699.79
223.67 64.5753 3.57459 2.93536 65.4449 746.409
195.344 61.9331 3.60347 3.05053 90.8472 1081.52
198.469 62.2938 3.59597 3.02381 104.794 957.902
201.699 62.7161 3.58899 3.09634 136.951 835.376
205.93 63.3569 3.57833 3.00147 174.815 687.439
214.222 63.8036 3.5778 2.99119 94.2824 611.597
217.924 64.0292 3.57175 2.92909 64.9068 644.172
222.48 63.8433 3.57163 2.95848 97.2697 774.641
197.317 61.3416 3.60469 3.07656 106.768 1080.13
198.513 61.678 3.60189 3.04736 87.0015 1015.81
200.525 61.7105 3.60044 3.1268 130.07 962.899
201.703 62.1344 3.59117 3.09719 122.376 893.653
203.311 62.2195 3.58232 3.06145 155.051 851.894
205.146 62.1816 3.58837 3.04265 154.976 824.418
206.12 62.4787 3.58747 3.04899 111.43 778.694
216.652 63.0254 3.5765 3.11776 63.2769 726.143
218.173 63.0618 3.5805 2.96288 70.7138 748.183
221.871 63.109 3.57994 3.05458 42.0907 826.75
193.799 60.3849 3.61457 3.06664 102.938 1271.12
196.65 60.4135 3.60661 3.0708 79.7869 1187.92
198.04 60.7515 3.60018 3.05809 64.4603 1118.62
199.312 60.6947 3.61533 3.12695 96.7853 1093.2
201.041 61.0224 3.60087 3.1006 186.601 1021.16
202.562 61.4009 3.58988 3.05078 132.258 951.23
204.176 61.4907 3.59896 3.02046 103.674 913.147
205.609 61.9037 3.59369 3.05916 110.89 847.5
206.868 61.8823 3.5898 3.03547 96.0021 834.338
209.88 61.7531 3.57983 3.02045 93.5504 827.242
212.274 61.7929 3.55274 3.06186 80.8787 822.203
213.825 62.1067 3.55864 2.9989 88.8715 794.919
217.004 62.4013 3.59269 3.09025 109.671 797.912
218.122 62.3579 3.59952 3.06727 84.8827 820.657
221.538 62.4435 3.58019 3.06837 67.3386 883.158
223.206 62.5763 3.5802 3.01682 55.0782 912.756
225.609 62.2024 3.59636 2.99161 57.4037 1015.19
198.315 59.9237 3.61857 3.11942 85.9903 1194.42
199.908 60.1686 3.61553 3.10919 147.964 1133.06
201.231 60.4742 3.60066 3.06963 113.828 1073.68
202.813 60.5269 3.59078 3.06481 104.946 1038.21
204.11 60.6801 3.59932 3.06078 118.923 1000.55
205.516 60.8132 3.59606 3.05736 110.32 966.477
207.791 61.2001 3.5749 3.02701 137.72 900.465
222.911 61.4593 3.57934 3.08767 57.574 1013.74
224.22 61.4862 3.58854 3.01767 74.6546 1044.36
226.918 61.1512 3.60917 3.01307 60.4495 1151.13
198.736 59.2533 3.62709 3.10963 99.975 1252.77
200.175 59.1767 3.60832 3.09222 122.202 1229.86
201.907 59.5938 3.60124 3.07881 116.676 1152.87
202.905 59.7733 3.5999 3.07174 90.6 1116.54
204.792 59.8542 3.6004 3.07803 95.3767 1079.73
205.68 60.1952 3.57669 3.06745 74.117 1031.61
207.376 60.0815 3.57496 3.05526 98.101 1027.09
210.276 60.4814 3.55843 3.0392 81.233 967.726
219.809 60.7718 3.56386 3.02392 53.8466 1017.29
221.424 60.3024 3.56152 3.07955 67.0327 1097.63
223.909 60.7704 3.59042 3.07576 62.0871 1106.61
202.009 59.0314 3.6001 3.10131 77.6256 1210.61
203.561 59.1953 3.61171 3.07652 64.7402 1168.12
204.771 59.3922 3.59878 3.09326 82.4633 1130.08
206.768 59.6524 3.57678 3.04899 114.298 1079.61
212.597 59.9979 3.55615 3.07416 100.622 1022.87
222.262 59.6304 3.57399 3.04214 48.6409 1184.51
223.04 60.1218 3.57611 3.07922 68.008 1151.11
226.285 59.5898 3.59996 3.11399 55.5706 1284.11
227.183 60.2114 3.60553 3.06861 46.7134 1247.96
212.566 65.1171 3.54492 2.96727 122.066 454.108
203.344 58.6774 3.59731 3.08269 76.9174 1227.08
204.113 58.2637 3.6064 3.11822 56.2745 1261.11
204.991 58.6484 3.59664 3.07865 75.0168 1208.28
206.355 58.9287 3.58122 3.05778 82.6378 1163
207.606 58.6097 3.55039 3.00459 100.091 1187.85
213.66 59.4296 3.56384 2.96258 79.9093 1090.41
227.731 58.9601 3.60416 3.08438 52.1975 1384.71
203.613 57.6397 3.59299 3.11572 44.8095 1335.49
205.548 57.5665 3.58691 3.04626 89.1374 1320.54
224.26 58.4133 3.58792 3.05253 33.723 1353.42
225.482 58.2747 3.59882 3.06176 47.4843 1395.86
229.033 59.3946 3.61212 3.00469 42.8255 1379.11
197.939 55.703 3.62283 3.13609 85.6703 1639.29
200.447 56.2848 3.59996 3.11054 62.3804 1530.38
225.424 57.4688 3.59185 3.0936 38.4516 1476.99
228.869 57.9128 3.60854 3.09619 29.7756 1518.89
227.048 56.8144 3.6165 3.15722 21.484 1582.46
212.138 64.8735 3.54753 2.98944 62.9143 479.101
226.879 56.1146 3.61679 3.13142 41.9655 1650.27
229.974 55.9154 3.60995 3.07525 31.2449 1748.17
228.385 55.3279 3.62723 3.20102 31.4339 1767.36
218.842 64.7774 3.56056 3.03533 88.2303 590.889
209.931 62.7622 2.95448 2.27717 75.3379 714.847
211.063 63.7323 3.56957 3.01815 94.4538 604.524
211.14 63.4057 3.5692 3.01273 94.2439 640.916
210.84 64.6544 3.55422 3.01034 101.743 501.92
210.867 64.709 3.5495 2.98116 117.711 495.802
210.853 64.7716 3.54372 2.97791 71.806 488.842
210.847 64.8338 3.53884 2.96798 54.3879 481.918
210.819 64.8857 3.54065 2.99711 84.4974 476.173
210.44 64.87 3.54188 3.01544 128.347 478.738
210.174 64.8537 3.55513 3.02419 105.908 481.459
210.069 64.7653 3.55434 2.99579 113.979 491.708
210.917 64.5498 3.5549 3.00687 82.7806 513.493
210.782 64.5716 3.56039 3.0063 86.8863 511.227
210.554 64.5756 3.54896 3.02789 106.729 511.214
210.901 64.613 3.55623 3.00027 102.837 506.465
211.172 64.6917 3.54895 2.97387 112.051 497.547
216.716 60.1205 3.5651 3.10792 75.2635 1040.24
216.679 60.2805 3.55669 3.11366 93.0166 1022.39
216.749 60.4427 3.56415 3.09733 107.581 1005.59
218.995 60.8241 3.56634 3.16324 79.834 997.383
216.976 61.3836 3.56181 3.04988 94.6832 906.658
218.652 60.2994 3.55728 3.02284 41.7557 1047.59
218.856 60.4399 3.55903 3.07696 43.5353 1035.86
216.546 61.2275 3.54021 3.05852 107.86 917.907
209.518 60.7352 3.56408 3.04532 38.7079 941.711
209.518 60.7351 3.56412 3.04535 38.7079 941.72
