# evlo=202.227203 evla=66.833199
194.627 64.5646 3.6609 3.20388 161.649 430.696
217.908 60.4896 3.58111 3.03431 49.3532 1044.97
217.654 61.036 3.58106 3.09357 45.325 990.309
217.507 60.403 3.58078 3.07108 46.3661 1038
218.338 61.0595 3.56852 3.07714 58.0902 1013.72
220.363 59.9534 3.56707 3.05066 71.3406 1179.74
216.3 60.3932 3.5862 3.15583 52.4822 996.967
225.144 58.5792 3.60128 3.18562 32.1134 1475.99
216.716 60.1205 3.57449 3.12774 21.3674 1035.1
215.395 60.9677 3.57969 3.1315 70.8367 916.092
209.013 64.0997 3.60299 3.13311 83.8858 437.526
209.094 59.7511 3.53903 3.11369 62.6574 860.095
209.259 59.7417 3.54151 3.10667 67.1813 864.359
210.701 64.1732 3.60052 3.16305 75.8383 491.059
208.846 60.7683 3.55262 3.10513 40.6124 749.696
207.916 63.4188 3.64303 3.29836 91.686 464.644
212.195 64.6453 3.68178 3.20354 82.2306 517.395
204.378 55.8218 3.58985 3.15768 58.449 1232.24
200.411 54.831 3.63567 3.16752 89.843 1340.84
207.685 63.8827 3.62593 3.22816 95.9689 415.318
208.763 59.5251 3.54117 3.08849 59.5471 877.45
209.796 67.2269 3.59116 3.06209 209.971 332.449
216.907 60.7523 3.57632 3.09213 53.0774 987.056
218.66 60.9649 3.56808 3.08652 75.571 1033.39
209.738 62.4058 3.60986 3.08994 66.5054 609.66
217.513 60.0823 3.58161 3.14479 44.4753 1065.85
212.624 63.0753 3.60886 3.12171 87.0747 644.294
214.225 61.1292 3.58684 3.22131 69.2546 862.875
215.93 63.6482 3.68912 3.10419 38.1981 730.278
214.25 60.5487 3.57662 3.10799 86.6426 915.852
213.401 60.7277 3.58382 3.08086 53.1327 873.076
215.271 60.5805 3.56553 3.08044 59.5663 945.945
216.679 60.2805 3.57112 3.15272 32.2878 1019.78
218.244 60.7315 3.57174 3.07323 63.5554 1036.98
213.052 64.4091 3.70213 3.2126 89.5429 566.246
217.659 60.6024 3.57982 3.03871 46.5985 1026.52
216.749 60.4427 3.57704 3.11376 31.8863 1008.06
217.639 60.9231 3.57523 3.0758 59.2795 999.064
218.995 60.824 3.56606 3.09379 85.953 1057.31
216.976 61.3836 3.58093 3.11889 92.1853 937.135
211.063 63.7318 3.60061 3.26328 91.4155 537.355
218.049 60.1785 3.57861 3.05835 44.3933 1076.43
217.533 61.1871 3.57462 3.08594 67.0313 973.544
218.652 60.2994 3.56997 3.04244 35.5459 1087.85
211.14 63.4056 3.60118 3.17111 103.725 565.845
219.217 60.1294 3.56805 3.03938 59.3517 1122.72
218.856 60.4399 3.5695 3.04859 58.2698 1083.56
216.546 61.2275 3.57638 3.08991 68.0919 934.307
212.138 64.8736 3.68252 3.26004 91.7881 501.842
198.929 70.2043 3.45246 2.62108 96.1485 399.332
203.383 71.3221 3.48523 2.74786 118.597 502.826
205.026 71.0033 3.51003 2.80346 180.651 478.424
198.198 69.3641 3.49423 2.78393 117.4 328.23
202.84 70.0079 3.48333 2.78028 166.679 354.998
205.387 69.6211 3.48026 2.82155 191.114 337.267
206.58 70.34 3.52106 2.82258 183.076 429.274
194.656 68.2746 3.5323 2.80878 117.904 360.212
196.822 68.4753 3.4859 2.76892 112.825 293.374
200.413 69.1049 3.51211 2.74697 130.448 264.496
205.217 69.1565 3.48378 2.85655 175.016 287.65
209.387 69.836 3.52948 2.86412 133.196 445.847
211.299 69.72 3.50988 2.82266 165.411 493.315
215.088 69.9175 3.52435 2.81588 94.2663 629.251
216.289 69.626 3.51478 2.86998 80.4516 658.213
235.93 69.3475 3.56926 2.97546 60.7819 1412.48
207.318 68.8799 3.53265 2.85728 180.328 312.858
209.319 68.9656 3.51305 2.835 227.982 380.802
211.177 69.1532 3.50708 2.8602 191.384 454.435
213.625 69.322 3.50963 2.86775 146.557 549.016
219.035 69.243 3.50547 2.89478 184.978 748.531
221.263 69.3286 3.51189 2.86236 172.277 836.628
208.187 68.1343 3.5231 3.03116 204.849 293.035
210.384 68.0584 3.50285 2.95219 200.134 374.69
211.513 68.0748 3.51082 2.95649 214.865 420.432
214.432 68.1207 3.5139 2.92784 154.687 540.309
218.405 68.1861 3.53345 2.95251 142.209 704.95
220.465 68.6043 3.53257 2.94814 129.131 793.592
222.103 68.3889 3.55004 2.98762 126.14 858.776
223.281 66.3701 3.62981 3.10881 82.5783 930.329
193.671 65.4742 3.6633 3.26728 245.298 414.398
195.352 65.7077 3.6502 3.22008 270.718 333.176
207.821 67.5076 3.52879 3.02749 209.968 253.595
212.113 67.5187 3.55404 2.99527 232.993 434.378
214.357 67.5933 3.56018 3.01095 156.567 530.378
215.855 67.6946 3.55305 3.00273 127.669 594.506
220.128 67.6136 3.59124 3.09375 106.503 775.786
224.214 67.6106 3.5846 3.06973 81.4918 949.177
226.258 67.441 3.60467 3.07962 77.0194 1037.95
195.961 64.9941 3.65324 3.18109 213.714 351.228
197.645 65.3936 3.64826 3.19744 234.295 261.936
208.493 66.9214 3.59253 3.08577 191.696 274.737
209.976 66.7108 3.58896 3.10451 132.206 341.221
212.525 66.7004 3.62976 3.16826 158.707 453.195
213.899 66.7653 3.62858 3.17167 116.481 512.61
216.215 66.9498 3.61376 3.15723 100.029 611.721
218.345 66.8088 3.61934 3.14266 83.3873 706.257
221.978 66.9116 3.61259 3.09802 68.9003 862.443
223.778 66.9808 3.61583 3.1153 90.0567 939.08
225.729 66.9227 3.61911 3.10031 85.5308 1024.22
197.761 64.6379 3.68252 3.14929 157.728 319.058
207.195 65.6571 3.66819 3.05475 142.541 258.94
208.623 65.8937 3.69171 3.18306 142.904 304.65
210.457 65.8251 3.65413 3.05105 116.751 385.261
212.122 65.8371 3.66786 3.15663 103.372 456.527
214.181 66.267 3.63387 3.11053 107.727 533.955
218.473 66.2305 3.6363 3.1528 100.936 723.301
221.631 66.2191 3.64326 3.13004 91.0009 862.024
225.657 65.8052 3.65361 3.11943 50.7727 1050.42
214.843 62.3987 3.6163 3.13873 66.1265 777.859
213.052 64.4091 3.70213 3.2126 89.5429 566.246
199.305 63.8864 3.63143 3.09559 203.861 355.504
205.522 64.7962 3.63683 3.30644 124.644 272.486
208.018 65.18 3.62873 3.06396 84.2727 320.855
210.64 65.1479 3.67307 3.20969 124.733 425.362
216.846 65.3064 3.64176 3.1471 85.5021 681.726
218.385 65.6035 3.65195 3.09147 105.338 737.953
220.064 65.4483 3.64447 3.09603 87.5171 817.115
221.694 65.3609 3.63501 3.106 88.2391 891.816
223.623 65.2225 3.63541 3.0624 64.7262 981.765
196.446 62.7492 3.68067 3.13978 95.1508 531.363
199.398 63.2842 3.61029 3.13597 244.188 417.397
200.922 63.3965 3.62052 3.15062 166.588 388.021
203.285 63.465 3.63121 3.19618 108.079 378.784
204.379 63.994 3.61391 3.12637 122.972 331.914
205.853 64.1767 3.67409 3.26458 113.713 340.316
214.63 64.613 3.68437 3.2084 99.2386 619.397
221.784 64.453 3.63484 3.15298 36.3624 934.22
221.784 64.4525 3.64283 3.1422 64.6239 934.218
223.67 64.5753 3.63294 3.10675 83.7185 1010.92
195.344 61.9331 3.66659 3.1376 92.7404 638.512
198.469 62.2938 3.62022 3.1545 168.342 536.959
201.699 62.7161 3.62606 3.13468 139.768 459.695
205.93 63.3569 3.65161 3.2105 108.047 424.703
214.222 63.8036 3.68146 3.14439 56.3261 651.649
217.924 64.0292 3.67208 3.18298 59.349 790.047
222.48 63.8433 3.64913 3.19568 72.2809 995.144
197.317 61.3416 3.63678 3.24614 227.69 656.898
198.513 61.678 3.62634 3.1637 160.418 601.997
200.525 61.7105 3.6387 3.16629 155.515 576.953
201.703 62.1344 3.62568 3.17224 160.083 524.445
203.311 62.2195 3.64099 3.17866 107.501 516.965
205.146 62.1816 3.59528 3.12266 118.012 537.057
206.12 62.4787 3.65693 3.19093 102.084 519.646
218.173 63.0618 3.70403 3.13234 59.8723 859.566
221.871 63.109 3.67747 3.21203 102.14 1010.78
193.799 60.3849 3.64128 3.15764 70.8825 829.963
196.65 60.4135 3.64317 3.28069 130.684 766.473
198.04 60.7515 3.63472 3.17305 165.664 708.284
199.312 60.6947 3.63879 3.13873 141.603 699.046
201.041 61.0224 3.64254 3.15796 145.14 650.342
202.562 61.4009 3.64063 3.22383 92.996 605.803
204.176 61.4907 3.61088 3.08207 74.5116 603
205.609 61.9037 3.61482 3.19394 95.0966 573.087
209.88 61.7531 3.62136 3.1541 78.2741 675.719
212.274 61.7929 3.59478 3.17912 60.4879 741.213
213.825 62.1067 3.58381 3.13224 64.6751 765.246
217.004 62.4013 3.62422 3.15798 41.2956 859.199
223.206 62.5763 3.69032 3.21528 70.2834 1100.33
225.609 62.2024 3.68473 3.1856 57.4708 1226.19
198.315 59.9237 3.63624 3.15518 123.116 794.264
199.908 60.1686 3.64429 3.15224 154.981 751.689
201.231 60.4742 3.63685 3.14707 100.329 710.538
202.813 60.5269 3.63161 3.20287 91.0646 703.564
204.11 60.6801 3.60514 3.06178 79.6989 692.092
205.516 60.8132 3.62459 3.18238 138.645 690.1
207.791 61.2001 3.58551 3.13529 81.0743 683.745
215.402 61.6061 3.58942 3.13322 83.847 862.118
226.918 61.1512 3.69258 3.19347 35.0274 1351.79
198.736 59.2533 3.64423 3.13759 113.482 862.796
200.175 59.1767 3.64217 3.1599 105.945 859.589
201.907 59.5938 3.63601 3.20972 105.286 807.092
202.905 59.7733 3.64812 3.21453 96.9129 787.659
204.792 59.8542 3.59821 3.1567 93.6569 788.286
205.68 60.1952 3.63512 3.21206 63.4821 759.341
207.376 60.0815 3.59467 3.14087 71.2625 794.561
210.276 60.4814 3.58432 3.0882 61.234 811.1
219.809 60.7718 3.56677 3.09174 65.4156 1092.29
221.424 60.3024 3.58032 3.12667 56.5558 1191.66
223.909 60.7704 3.64035 3.00075 22.8028 1254.28
202.009 59.0314 3.64396 3.19787 95.0121 869.654
203.561 59.1953 3.6364 3.13858 43.0283 853.952
204.771 59.3922 3.60222 3.17804 83.4737 839.095
212.597 59.9979 3.59748 3.14812 50.4284 918.747
222.262 59.6304 3.58258 3.11288 68.0918 1278.16
226.285 59.5898 3.45084 3.05824 24.507 1440.39
212.566 65.1171 3.66316 3.13285 126.152 506.623
204.113 58.2637 3.58995 3.13446 49.4045 959.906
204.991 58.6484 3.61417 3.28559 82.8056 922.9
202.426 57.5673 3.66041 3.20205 47.205 1032.71
205.548 57.5665 3.63058 3.23364 61.1873 1046.74
224.26 58.4133 3.60222 3.1159 37.452 1455.72
225.482 58.2747 3.61141 3.11387 20.8433 1514.44
229.033 59.3946 3.66766 3.08492 20.7103 1568.21
200.447 56.2848 3.63438 3.15655 73.5568 1179.16
223.768 57.9616 3.59248 3.12013 60.0329 1475.64
225.424 57.4688 3.60733 3.17538 32.564 1580.58
227.048 56.8144 3.61211 3.13645 17.6986 1699.16
229.75 56.9811 3.61216 3.16888 16.8941 1791.01
212.138 64.8735 3.69364 3.21708 23.0472 501.84
210.428 68.6408 3.51388 2.95626 205.852 400.724
226.879 56.1146 3.6219 3.19566 48.0161 1754.03
228.385 55.3279 3.62807 3.20551 36.83 1880.95
227.653 56.4191 3.60103 3.20659 24.1677 1756.77
209.931 62.7622 2.97551 2.05631 49.8817 582.319
211.063 63.7323 3.60048 3.26316 91.4155 537.336
211.14 63.4057 3.60116 3.1711 103.725 565.843
218.547 60.1369 3.7944 3.57472 59.7492 1097.77
210.84 64.6544 3.67026 3.14681 43.3759 463.151
210.867 64.709 3.67244 3.13073 64.1257 460.694
210.853 64.7716 3.67716 3.13801 49.8162 456.205
210.847 64.8338 3.68149 3.21801 52.8257 452.099
210.819 64.8857 3.70131 3.23594 65.3246 447.806
210.44 64.87 3.68638 3.20398 95.6101 433.799
210.174 64.8537 3.67376 3.15543 85.22 424.43
210.069 64.7653 3.65528 3.12016 88.3149 426.102
210.917 64.5498 3.67266 3.09802 71.5002 472.959
210.782 64.5716 3.65992 3.12014 56.7592 466.321
210.554 64.5756 3.64731 3.13094 65.7778 457.314
210.901 64.613 3.66681 3.12589 65.0987 468.184
211.172 64.6917 3.669 3.14956 79.6128 473.768
217.908 60.4896 3.58111 3.03431 49.3532 1044.97
217.507 60.403 3.58078 3.07108 46.3661 1038
218.338 61.0595 3.56854 3.07715 58.0902 1013.73
216.296 60.3923 3.58607 3.15572 52.4822 996.93
216.716 60.1205 3.57449 3.12774 21.3674 1035.1
215.271 60.5805 3.56553 3.08044 59.5663 945.945
216.679 60.2805 3.57112 3.15272 32.2878 1019.78
218.244 60.7315 3.57174 3.07323 63.5554 1036.98
217.659 60.602 3.57988 3.03876 46.5985 1026.53
216.749 60.4427 3.57704 3.11376 31.8863 1008.06
217.639 60.9231 3.5752 3.07578 59.2795 999.056
218.995 60.8241 3.56604 3.09376 85.953 1057.31
216.976 61.3836 3.58093 3.11889 92.1853 937.135
218.049 60.1785 3.57861 3.05835 44.3933 1076.43
217.533 61.187 3.57468 3.08598 67.0313 973.559
218.652 60.2994 3.56997 3.04244 35.5459 1087.85
219.217 60.1294 3.56805 3.03938 59.3517 1122.72
218.856 60.4399 3.5695 3.04859 58.2698 1083.56
216.546 61.2275 3.57638 3.08991 68.0919 934.307
