# evlo=223.778397 evla=66.980797
194.627 64.5646 3.6533 3.17318 75.1045 1349.01
217.908 60.4896 3.60399 3.07399 110.871 778.71
217.654 61.036 3.60351 3.06002 117.215 726.48
217.507 60.403 3.59033 3.06598 70.1716 795.243
218.338 61.0595 3.61587 3.0706 116.752 711.044
220.363 59.9534 3.61073 3.02323 40.8715 801.327
216.3 60.3932 3.58099 3.03859 90.3255 820.981
225.144 58.5792 3.65115 3.12746 62.7771 938.951
216.716 60.1205 3.58816 3.03925 125.295 840.245
215.395 60.9677 3.58693 3.06274 167.508 784.582
209.013 64.0997 3.6723 3.15614 224.552 751.881
209.094 59.7511 3.58696 3.0854 92.4832 1085.23
209.259 59.7417 3.59164 3.0758 102.953 1080.65
210.701 64.1732 3.663 3.14533 160.079 678.152
208.846 60.7683 3.60687 3.0968 98.9122 1004.35
207.916 63.4188 3.66957 3.18421 209.55 838.941
212.195 64.6453 3.65612 3.10861 208.792 589.149
204.378 55.8218 3.5755 3.01601 46.3378 1604.68
200.411 54.831 3.54298 2.86229 39.0981 1832.94
207.685 63.8827 3.67332 3.15669 151.159 819.844
208.763 59.5251 3.58241 3.07044 92.8087 1116.57
209.796 67.2269 3.62569 3.11858 146.979 606.633
216.907 60.7523 3.59337 3.06404 83.1132 771.085
218.66 60.9649 3.61597 3.1152 113.997 715.385
209.738 62.4058 3.64649 3.08132 136.238 838.899
217.513 60.0823 3.59826 3.04461 110.441 828.77
212.624 63.0753 3.63646 3.07433 167.221 680.894
214.225 61.1292 3.60058 3.11556 216.332 800.118
215.93 63.6482 3.66314 3.09731 178.017 520.758
214.25 60.5487 3.58399 3.058 180.499 855.355
196.582 54.8564 3.6238 3.13609 48.7438 1970.78
213.401 60.7277 3.60267 3.10145 134.252 861.604
209.784 61.1426 3.61378 3.12748 91.8077 939.709
214.766 66.5657 3.66414 3.04437 241.173 399.12
215.271 60.5805 3.58263 3.0379 131.551 826.04
216.679 60.2805 3.58647 3.06227 108.401 824.455
218.244 60.7315 3.61338 3.07039 72.2298 747.231
213.052 64.4091 3.66687 3.08443 162.489 569.119
217.659 60.6024 3.59999 3.06521 112.255 771.499
216.749 60.4427 3.58777 3.05475 123.216 806.264
217.639 60.9231 3.60338 3.05901 159.126 738.472
218.995 60.824 3.60697 3.09894 100.644 724.891
216.976 61.3836 3.59899 3.05747 153.963 705.257
211.063 63.7318 3.64772 3.13109 182.996 692.04
218.049 60.1785 3.60298 3.05616 96.1923 809.071
216.031 60.2361 3.57661 3.03704 152.461 842.962
217.533 61.1871 3.59336 3.05399 117.333 713.319
218.652 60.2994 3.61683 3.09554 48.3881 786.283
211.14 63.4056 3.65906 3.08213 141.48 711.611
219.217 60.1294 3.60331 3.0729 95.8627 796.148
216.221 60.072 3.57782 3.03881 143.063 855.616
218.856 60.4399 3.61987 3.11912 81.1914 768.094
216.546 61.2275 3.58998 3.05479 153.288 730.829
212.138 64.8736 3.65567 3.13683 185.051 578.632
198.929 70.2043 3.56713 2.82719 44.9221 1065.5
205.026 71.0033 3.58822 3.13561 43.1861 869.138
234.753 71.9871 3.71446 3.19977 160.703 702.265
198.198 69.3641 3.54404 2.85552 85.4984 1085.77
202.84 70.0079 3.5718 2.9132 70.0321 915.355
205.387 69.6211 3.57164 2.9119 69.9672 810.398
206.58 70.34 3.59662 2.92878 44.223 789.005
194.656 68.2746 3.53123 2.89141 81.9795 1234.04
196.822 68.4753 3.53599 2.89972 89.1962 1143.15
198.806 68.6483 3.54165 2.92452 76.5704 1061.32
200.413 69.1049 3.54578 2.92437 69.5391 997.042
205.217 69.1565 3.5635 2.92144 102.817 807.486
209.387 69.836 3.58376 2.95184 59.66 669.281
211.299 69.72 3.60759 2.97228 92.2807 596.354
215.088 69.9175 3.59106 2.9023 116.086 483.265
216.289 69.626 3.59916 2.91334 110.24 426.797
235.93 69.3475 3.79989 3.19697 203.013 568.116
196.917 67.6988 3.5378 2.91367 122.143 1148.96
201.885 68.4946 3.54459 2.95601 167.846 935.993
203.387 68.7132 3.55501 2.96118 133.648 875.512
207.318 68.8799 3.55708 2.97286 124.957 719.7
209.319 68.9656 3.58039 2.99561 136.462 642.76
211.177 69.1532 3.60088 2.95196 125.534 577.285
213.625 69.322 3.61363 2.94095 99.2285 495.245
219.035 69.243 3.59386 2.88764 122.45 320.183
221.263 69.3286 3.52659 2.91888 137.23 281.887
198.174 67.082 3.59083 3.03366 94.4211 1107.61
199.397 67.4213 3.56918 2.99219 101.829 1049.05
202.768 67.4572 3.57364 3.00261 127.715 905.388
203.811 68.2575 3.55266 3.00101 115.693 856.668
206.028 68.4414 3.56076 2.98682 100.179 766.161
208.187 68.1343 3.55425 2.98655 141.382 674.91
210.384 68.0584 3.55702 3.01207 198.826 583.035
211.513 68.0748 3.57348 3.02572 130.819 536.444
214.432 68.1207 3.59794 3.0972 210.663 417.761
218.405 68.1861 3.6636 3.15722 181.731 265.205
193.671 65.4742 3.64277 3.13976 83.222 1351.59
195.352 65.7077 3.63831 3.13893 67.2447 1269.84
198.75 66.442 3.62783 3.12926 76.4249 1098.83
200.349 66.6001 3.61569 3.09245 74.8721 1025.57
202.227 66.8332 3.61583 3.1153 90.0567 939.08
204.275 67.0486 3.61773 3.09457 118.209 846.779
206.517 67.2221 3.62177 3.08679 177.024 747.869
207.821 67.5076 3.60368 3.08522 166.29 689.64
212.113 67.5187 3.61599 3.10497 230.347 506.415
214.357 67.5933 3.62165 3.10295 232.637 411.396
215.855 67.6946 3.6492 3.16534 249.148 349.748
195.961 64.9941 3.65964 3.17249 79.6588 1271.7
197.645 65.3936 3.6554 3.15816 104.608 1182.02
199.349 65.5011 3.65622 3.14946 100.595 1103.68
201.346 65.895 3.64758 3.14382 89.3787 1002.75
202.913 66.1434 3.64759 3.13378 105.259 926.754
206.494 66.5156 3.64222 3.11851 135.039 761.02
208.493 66.9214 3.64479 3.1222 108.697 666.453
209.976 66.7108 3.66815 3.14427 177.489 605.366
212.525 66.7004 3.66408 3.1463 234.619 494.411
213.899 66.7653 3.66172 3.10194 197.64 433.406
216.215 66.9498 3.64734 3.04719 345.431 330.191
197.761 64.6379 3.6597 3.1516 76.5809 1208.86
200.087 64.937 3.66724 3.14956 108.519 1094.09
201.637 65.1527 3.67064 3.15263 86.2825 1017.43
203.551 65.5276 3.67485 3.14872 126.275 919.32
205.119 65.4924 3.67567 3.14699 163.174 852.181
207.195 65.6571 3.67404 3.14334 171.319 755.654
208.623 65.8937 3.67207 3.14149 188.274 685.318
210.457 65.8251 3.67585 3.09354 195.419 607.829
212.122 65.8371 3.66216 3.09013 212.074 535.288
214.18 66.267 3.64083 3.02853 80.2858 432.057
214.181 66.267 3.65582 3.03539 139.059 432.013
214.843 62.3987 3.64566 3.15938 181.232 664.144
213.052 64.4091 3.66687 3.08443 162.489 569.119
199.305 63.8864 3.67555 3.16473 111.708 1178.18
205.522 64.7962 3.66713 3.15475 154.585 863.872
208.018 65.18 3.66775 3.12834 141.878 738.807
210.64 65.1479 3.6616 3.12056 184.086 627.757
216.846 65.3064 3.65643 2.99046 190.2 364.163
218.385 65.6035 3.68884 2.97918 336.25 286.557
196.446 62.7492 3.6711 3.14586 133.325 1365.62
199.398 63.2842 3.67496 3.14207 112.714 1206.93
200.922 63.3965 3.68158 3.15039 107.967 1134.85
203.285 63.465 3.67187 3.13418 144.798 1029.78
204.379 63.994 3.67428 3.12587 139.389 953.416
205.853 64.1767 3.67477 3.10723 181.534 880.58
214.63 64.613 3.65583 3.05488 263.945 494.251
216.436 64.5012 3.68006 3.03507 199.57 435.234
221.784 64.453 3.7291 3.00782 95.3926 296.315
221.784 64.4525 3.70893 3.06305 152.264 296.377
223.67 64.5753 3.64107 3.02385 90.8675 268.269
195.344 61.9331 3.67173 3.16335 85.0273 1463.37
198.469 62.2938 3.66932 3.15462 122.496 1306.32
201.699 62.7161 3.67697 3.14979 131.111 1142.33
205.93 63.3569 3.6747 3.16159 195.819 924.746
214.222 63.8036 3.65879 3.04805 144.202 567.168
217.924 64.0292 3.67292 3.1547 230.232 425.933
222.48 63.8433 3.71848 3.14517 136.452 354.968
197.317 61.3416 3.67683 3.1825 104.1 1417.86
198.513 61.678 3.67797 3.17988 95.7016 1344.49
200.525 61.7105 3.67555 3.16312 97.8655 1257.6
201.703 62.1344 3.67348 3.16321 93.1617 1179.77
203.311 62.2195 3.67218 3.2046 112.598 1107.2
205.146 62.1816 3.65642 3.15321 133.972 1034.85
206.12 62.4787 3.65135 3.1463 117.731 974.746
216.652 63.0254 3.65096 3.18103 178.117 553.792
218.173 63.0618 3.65535 3.11338 255.888 510.191
221.871 63.109 3.69821 3.03447 75.6302 440.874
193.799 60.3849 3.67069 3.18279 97.3721 1633.84
196.65 60.4135 3.67394 3.1741 91.9124 1511.1
198.04 60.7515 3.67386 3.16084 100.232 1428.58
199.312 60.6947 3.66949 3.15322 88.3367 1379.81
201.041 61.0224 3.66022 3.1892 66.775 1284.81
202.562 61.4009 3.66427 3.15218 85.4719 1195.24
204.176 61.4907 3.65298 3.11475 101.064 1123.6
205.609 61.9037 3.64044 3.11388 151.353 1036.21
206.868 61.8823 3.63048 3.08074 198.1 988.267
209.88 61.7531 3.64053 3.10493 147.567 885.404
212.274 61.7929 3.63003 3.0854 116.038 799.304
213.825 62.1067 3.63328 3.1201 158.309 721.735
217.004 62.4013 3.63266 3.14726 248.941 603.557
218.122 62.3579 3.63009 3.07471 223.567 581.366
221.538 62.4435 3.66612 3.04352 74.6689 516.93
223.206 62.5763 3.63616 3.05612 98.3923 491.8
225.609 62.2024 3.6377 3.15028 134.018 539.835
198.315 59.9237 3.65809 3.14565 66.2391 1478.15
201.231 60.4742 3.6496 3.13811 92.0727 1317.8
202.813 60.5269 3.64101 3.12364 111.815 1250.57
204.11 60.6801 3.63523 3.10037 150.745 1187.74
205.516 60.8132 3.61932 3.08962 132.609 1123.02
207.791 61.2001 3.6236 3.09712 125.305 1006.5
215.402 61.6061 3.60269 3.10147 220.096 722.21
222.911 61.4593 3.6086 3.04249 97.087 616.959
224.22 61.4862 3.64168 3.08497 103.766 612.912
226.918 61.1512 3.6408 3.08142 74.4798 667.489
198.736 59.2533 3.64661 3.10468 64.9959 1512.81
200.175 59.1767 3.64484 3.11591 66.6588 1461.45
201.907 59.5938 3.63983 3.13071 120.307 1359.88
202.905 59.7733 3.63707 3.12725 151.199 1306.64
204.792 59.8542 3.60923 3.10364 115.795 1228.33
205.68 60.1952 3.60703 3.0797 88.7922 1166.99
207.376 60.0815 3.59971 3.08331 105.585 1114.98
210.276 60.4814 3.60312 3.09013 104.901 980.739
219.809 60.7718 3.61698 3.07136 78.6432 718.751
221.424 60.3024 3.59167 2.98248 69.3388 753.396
223.909 60.7704 3.62954 3.05536 133.406 692.332
190.452 56.6011 3.6665 3.18467 42.2992 2065.52
202.009 59.0314 3.63921 3.14113 142.943 1401.92
203.561 59.1953 3.61951 3.10989 151.19 1329.48
204.771 59.3922 3.60054 3.08704 93.9519 1267.93
206.768 59.6524 3.59994 3.08844 92.3369 1173.55
212.597 59.9979 3.60229 3.0772 134.52 954.155
222.262 59.6304 3.61439 3.07307 61.4532 822.775
223.04 60.1218 3.62575 3.07618 66.9771 765.436
226.285 59.5898 3.64195 3.11367 82.727 833.216
227.183 60.2114 3.62673 3.09883 68.6124 772.987
212.566 65.1171 3.6478 3.12367 187.326 547.991
203.344 58.6774 3.61022 3.11017 120.135 1381.56
204.113 58.2637 3.59872 3.10857 82.7462 1389.57
204.991 58.6484 3.60134 3.09522 75.8562 1324.33
207.606 58.6097 3.57263 3.03832 161.665 1238.16
213.66 59.4296 3.5743 3.02399 147.008 980.974
227.731 58.9601 3.63368 3.1186 59.6051 915.736
202.426 57.5673 3.60582 3.13197 65.4758 1512.02
203.613 57.6397 3.5893 3.10561 56.6157 1462.9
224.26 58.4133 3.62936 3.1201 65.0701 955.207
225.482 58.2747 3.63932 3.11728 46.4047 974.171
229.033 59.3946 3.62756 3.07948 79.5379 885.241
197.939 55.703 3.62442 3.14914 64.3701 1843.74
200.447 56.2848 3.60792 3.11003 61.255 1698.55
223.768 57.9616 3.62577 3.1388 90.6786 1005.21
225.424 57.4688 3.64188 3.1367 73.8415 1063.45
228.869 57.9128 3.61564 3.08356 71.3934 1043.41
227.048 56.8144 3.65987 3.1635 29.59 1145.54
229.75 56.9811 3.60342 3.08256 71.4291 1156.28
212.138 64.8735 3.65454 3.15024 141.749 578.646
210.428 68.6408 3.57595 3.01834 144.609 591.18
229.974 55.9154 3.61237 3.094 50.5848 1275.08
228.385 55.3279 3.64695 3.12677 45.2148 1321.07
227.653 56.4191 3.6407 3.12906 40.0191 1194.14
209.931 62.7622 3.36466 2.89656 134.266 804.683
211.063 63.7323 3.64744 3.13085 182.996 691.987
211.14 63.4057 3.65903 3.0821 141.48 711.605
218.547 60.1369 3.49267 2.96163 131.548 805.299
217.908 60.4896 3.60399 3.07399 110.871 778.71
217.507 60.403 3.59033 3.06598 70.1716 795.243
218.338 61.0595 3.61586 3.0706 116.752 711.042
216.296 60.3923 3.58172 3.03921 90.3255 821.148
216.716 60.1205 3.58816 3.03925 125.295 840.245
215.271 60.5805 3.58263 3.0379 131.551 826.04
216.679 60.2805 3.58647 3.06227 108.401 824.455
218.244 60.7315 3.61338 3.07039 72.2298 747.231
217.659 60.602 3.60023 3.06541 112.255 771.55
216.749 60.4427 3.58777 3.05475 123.216 806.264
217.639 60.9231 3.6034 3.05902 159.126 738.476
218.995 60.8241 3.60691 3.09889 100.644 724.881
216.976 61.3836 3.59899 3.05747 153.963 705.257
218.049 60.1785 3.60298 3.05616 96.1923 809.071
216.031 60.2361 3.57661 3.03704 152.461 842.962
217.533 61.187 3.59339 3.05402 117.333 713.326
218.652 60.2994 3.61683 3.09554 48.3881 786.283
219.217 60.1294 3.60331 3.0729 95.8627 796.148
216.221 60.072 3.57782 3.03881 143.063 855.616
218.856 60.4399 3.61987 3.11912 81.1914 768.094
216.546 61.2275 3.58998 3.05479 153.288 730.829
209.518 60.7352 3.59858 3.1115 94.3443 983.878
209.518 60.7351 3.59856 3.11148 94.3443 983.873
