# evlo=206.494202 evla=66.515602
194.627 64.5646 3.64326 3.15023 190.85 588.947
217.908 60.4896 3.55674 3.05105 84.1305 877.245
217.654 61.036 3.5561 3.06498 98.4732 819.896
217.507 60.403 3.56432 3.0589 73.5641 872.621
218.338 61.0595 3.55683 3.04508 110.233 840.515
220.363 59.9534 3.55945 3.04794 76.6519 1006.15
216.3 60.3932 3.57419 3.09856 66.1929 837.59
225.144 58.5792 3.60354 3.16089 55.1913 1295.81
216.716 60.1205 3.55915 3.11793 53.0273 875.523
215.395 60.9677 3.57336 3.15698 97.4783 757.193
209.013 64.0997 3.6457 3.26982 199.361 293.799
209.094 59.7511 3.56233 3.06846 120.976 765.141
209.259 59.7417 3.56392 3.06483 128.997 767.622
210.701 64.1732 3.59373 3.24209 113.53 326.328
208.846 60.7683 3.58083 3.1363 88.3562 651.058
207.916 63.4188 3.54229 3.0147 103.423 351.712
212.195 64.6453 3.61782 3.04842 124.294 335.492
204.378 55.8218 3.64313 3.16572 52.7599 1196.87
200.411 54.831 3.6372 3.10468 90.0625 1342.18
207.685 63.8827 3.57824 2.95973 114.045 298.789
208.763 59.5251 3.55874 3.08591 135.072 787.46
216.907 60.7523 3.54925 3.07895 86.081 821.965
218.66 60.9649 3.5657 3.05976 94.2415 859.636
209.738 62.4058 3.62568 3.07617 83.6226 483.875
217.513 60.0823 3.55426 3.12273 78.3402 902.63
212.624 63.0753 3.58255 3.0473 98.041 481.235
214.225 61.1292 3.59074 3.09995 63.8613 709.82
215.93 63.6482 3.68303 3.08657 86.3241 546.056
214.25 60.5487 3.5906 3.09641 79.0926 767.671
196.582 54.8564 3.66277 3.20148 80.4297 1403.47
213.401 60.7277 3.59488 3.10923 73.942 729.494
209.784 61.1426 3.58892 3.03173 73.0736 620.244
214.766 66.5657 3.65408 3.17901 237.019 367.375
215.271 60.5805 3.57128 3.10842 89.6575 790.939
216.679 60.2805 3.5537 3.1061 58.4827 859.251
218.244 60.7315 3.54942 3.06698 77.4207 866.291
213.052 64.4091 3.63174 3.08865 106.349 383.847
217.659 60.6024 3.55063 3.03261 96.7085 859.095
216.749 60.4427 3.56634 3.08977 57.7662 846.004
217.639 60.9231 3.5571 3.06485 119.042 829.501
218.995 60.824 3.56118 3.07856 95.7681 883.278
216.976 61.3836 3.55171 3.08179 95.7416 767.016
211.063 63.7318 3.6023 3.22833 207.005 377.094
218.049 60.1785 3.55717 3.05906 64.9517 910.168
216.031 60.2361 3.5757 3.15584 61.9571 845.058
217.533 61.1871 3.55635 3.04923 101.334 802.552
218.652 60.2994 3.552 3.00796 67.3453 918.337
211.14 63.4056 3.61666 3.17151 109.11 410.127
219.217 60.1294 3.55213 3.02363 95.4104 952.097
218.856 60.4399 3.54585 3.03711 101.34 912.398
216.546 61.2275 3.54621 3.06679 94.9066 767.319
212.138 64.8736 3.64513 3.08877 160.534 317.267
203.383 71.3221 3.47815 2.77479 77.1792 550.343
205.026 71.0033 3.53236 2.88172 104.555 504.057
234.753 71.9871 3.44642 2.63104 103.874 1256.68
202.84 70.0079 3.48246 2.77265 107.971 417.628
205.387 69.6211 3.49897 2.92364 133.766 349.424
206.58 70.34 3.51363 2.87197 141.222 426.592
194.656 68.2746 3.55019 2.93684 109.7 543.477
196.822 68.4753 3.53972 2.82996 113.754 466.816
198.806 68.6483 3.49728 2.7675 85.2866 404.177
200.413 69.1049 3.49157 2.81552 109.681 385.86
205.217 69.1565 3.50242 2.76436 114.588 299.406
209.387 69.836 3.47379 2.79659 194.837 389.225
211.299 69.72 3.4988 2.85854 202.897 409.252
215.088 69.9175 3.54213 2.95699 145.128 519.42
216.289 69.626 3.52393 2.86812 137.502 534.761
235.93 69.3475 3.64152 3.08611 87.3388 1260.8
201.885 68.4946 3.4939 2.79734 93.3032 295.613
203.387 68.7132 3.4897 2.90043 171.977 278.361
207.318 68.8799 3.51266 2.90509 194.916 265.986
209.319 68.9656 3.48088 2.85837 229.859 298.156
211.177 69.1532 3.48101 2.88768 222.275 353.965
213.625 69.322 3.55434 3.07235 262.953 432.538
219.035 69.243 3.52371 2.88325 151.643 607.072
221.263 69.3286 3.52041 2.86946 118.022 692.252
198.174 67.082 3.62086 3.02152 102.585 371.05
199.397 67.4213 3.63453 3.14062 141.832 325.795
211.513 68.0748 3.59257 3.10167 296.908 277.368
214.432 68.1207 3.58737 3.10167 222.505 385.379
218.405 68.1861 3.59358 3.05906 195.675 543.837
220.465 68.6043 3.59632 3.07469 151.959 637.571
222.103 68.3889 3.61595 3.11064 167.334 697.886
223.281 66.3701 3.64893 3.1357 126.376 746.876
193.671 65.4742 3.64022 3.21446 242.329 592.685
195.352 65.7077 3.63257 3.20725 225.698 510.982
198.75 66.442 3.62943 3.21436 228.988 344.904
200.349 66.6001 3.61487 3.15028 160.295 272.983
212.113 67.5187 3.58524 3.02046 325.274 269.127
214.357 67.5933 3.59003 3.01855 328.131 362.4
215.855 67.6946 3.5855 3.023 233.617 426.78
220.128 67.6136 3.632 3.12478 139.019 604.327
224.214 67.6106 3.6318 3.09761 130.674 777.751
226.258 67.441 3.64203 3.10698 159.22 865.249
195.961 64.9941 3.64743 3.18477 171.278 511.019
197.645 65.3936 3.6495 3.25908 183.096 421.075
199.349 65.5011 3.6263 3.24136 307.436 343.27
212.525 66.7004 3.61875 3.20727 303.227 267.962
213.899 66.7653 3.65427 3.18002 214.45 328.731
216.215 66.9498 3.64662 3.20627 204.794 430.957
218.345 66.8088 3.65105 3.21074 164.065 524.321
221.978 66.9116 3.63846 3.12264 104.273 682.976
223.778 66.9808 3.64222 3.11851 135.039 761.02
225.729 66.9227 3.64697 3.11127 89.2639 846.52
197.761 64.6379 3.61597 3.15925 192.054 453.683
200.087 64.937 3.63467 3.11949 196.991 342.441
201.637 65.1527 3.62711 3.10101 231.131 268.906
212.122 65.8371 3.65879 3.11919 211.536 264.693
214.18 66.267 3.64561 3.26945 130.205 344.526
214.181 66.267 3.64523 3.26299 185.518 344.571
218.473 66.2305 3.65029 3.21045 213.765 536.074
221.631 66.2191 3.6539 3.15954 128.553 676.528
225.657 65.8052 3.66702 3.16342 103.629 864.803
214.843 62.3987 3.58585 3.12011 106.355 609.028
213.052 64.4091 3.63174 3.08865 106.349 383.847
199.305 63.8864 3.67282 3.17192 189.592 445.886
216.846 65.3064 3.63716 3.1465 165.972 489.899
218.385 65.6035 3.67057 3.1732 181.389 547.26
220.064 65.4483 3.65251 3.1172 104.971 626.65
221.694 65.3609 3.65449 3.11619 133.769 701.829
223.623 65.2225 3.67226 3.10132 85.7021 792.269
196.446 62.7492 3.63977 3.13057 118.051 636.833
199.398 63.2842 3.62726 3.15452 140.756 492.088
200.922 63.3965 3.67297 3.37398 170.825 435.84
203.285 63.465 3.64513 3.1988 244.07 372.208
204.379 63.994 3.62686 3.15298 231.483 297.98
205.853 64.1767 3.62832 3.1757 314.797 262.481
214.63 64.613 3.67946 3.14731 181.661 431.003
216.436 64.5012 3.67358 3.18867 122.683 511.233
221.784 64.453 3.6401 3.11701 82.2652 742.416
221.784 64.4525 3.64521 3.10813 69.3393 742.414
223.67 64.5753 3.64205 3.09982 86.7435 819.713
195.344 61.9331 3.6514 3.17093 126.5 742.265
198.469 62.2938 3.64662 3.12685 138.978 608.381
201.699 62.7161 3.6655 3.2212 134.431 481.446
205.93 63.3569 3.66576 3.13397 239.449 353.174
214.222 63.8036 3.63647 3.09047 90.6119 471.39
217.924 64.0292 3.67566 3.22769 130.744 600.212
222.48 63.8433 3.64985 3.17761 132.069 803.344
197.317 61.3416 3.65929 3.18762 135.897 730.16
198.513 61.678 3.66859 3.15847 110.337 663.971
200.525 61.7105 3.66139 3.25677 144.341 608.942
201.703 62.1344 3.65325 3.17761 131.325 540.244
203.311 62.2195 3.64657 3.16592 202.097 502.837
205.146 62.1816 3.65158 3.1491 204.074 487.51
206.12 62.4787 3.68567 3.20378 184.26 450.41
216.652 63.0254 3.62807 2.98225 33.645 619.242
218.173 63.0618 3.67947 3.05944 103.584 674.075
221.871 63.109 3.65698 3.18369 99.394 820.345
193.799 60.3849 3.65069 3.13512 94.9656 928.376
196.65 60.4135 3.65855 3.17408 113.246 836.773
198.04 60.7515 3.67047 3.14213 73.9313 765.68
199.312 60.6947 3.68083 3.30631 187.663 739.237
201.041 61.0224 3.64533 3.21851 148.486 668.258
202.562 61.4009 3.64635 3.15424 179.21 601.554
204.176 61.4907 3.64496 3.142 138.929 571.43
205.609 61.9037 3.66302 3.21112 159.261 515.918
206.868 61.8823 3.63099 3.10637 101.629 516.838
212.274 61.7929 3.61879 3.21834 100.565 596.332
213.825 62.1067 3.57335 3.11198 146.219 605.309
217.004 62.4013 3.60575 3.18506 123.214 681.24
218.122 62.3579 3.60881 3.15378 103.006 725.058
221.538 62.4435 3.67616 3.06703 64.2212 850.838
223.206 62.5763 3.67634 3.19922 80.2534 910.164
225.609 62.2024 3.67019 3.21696 97.4073 1035.23
198.315 59.9237 3.68007 3.24621 77.1975 840.52
199.908 60.1686 3.65647 3.26869 140.984 779.604
201.231 60.4742 3.64708 3.1657 171.403 722.059
202.813 60.5269 3.64306 3.12862 186.554 691.939
204.11 60.6801 3.64924 3.16885 150.369 661.038
205.516 60.8132 3.66316 3.16513 105.923 637.477
207.791 61.2001 3.55652 3.1302 162 595.934
215.402 61.6061 3.56236 3.10879 120.157 697.709
222.911 61.4593 3.65211 3.04634 39.3193 976.92
224.22 61.4862 3.6757 3.12729 61.5914 1027.25
226.918 61.1512 3.68182 3.19879 71.639 1161.81
198.736 59.2533 3.67275 3.2964 155.338 898.992
200.175 59.1767 3.64448 3.15666 108.286 877.983
201.907 59.5938 3.63784 3.14583 196.038 805.122
202.905 59.7733 3.64749 3.1805 172.87 772.681
204.792 59.8542 3.65437 3.18746 106.532 747.365
205.68 60.1952 3.66344 3.1805 84.3862 705.676
207.376 60.0815 3.56367 3.12743 140.048 718.525
210.276 60.4814 3.57794 3.01097 64.638 698.186
219.809 60.7718 3.56538 3.08419 85.3461 915.924
221.424 60.3024 3.57609 3.09391 95.0186 1013.17
190.452 56.6011 3.66228 3.16141 54.7033 1387.02
202.009 59.0314 3.64836 3.16382 158.829 864.489
203.561 59.1953 3.64879 3.1865 130.482 829.243
204.771 59.3922 3.66388 3.19442 113.703 798.701
206.768 59.6524 3.56484 3.05813 77.7311 765.111
212.597 59.9979 3.60496 3.17139 59.5321 787.642
222.262 59.6304 3.57344 3.08828 92.72 1100.61
223.04 60.1218 3.62047 3.2607 57.2452 1087.5
226.285 59.5898 3.65038 3.07951 30.7123 1254.91
227.183 60.2114 3.68539 3.06418 36.6088 1241.94
212.566 65.1171 3.64381 3.11078 182.096 318.291
203.344 58.6774 3.65225 3.17274 119.617 888.176
204.113 58.2637 3.65843 3.23026 96.0335 927.719
204.991 58.6484 3.67612 3.27388 71.5814 880.161
206.355 58.9287 3.58355 3.09801 59.1262 845.637
207.606 58.6097 3.55391 3.14323 100.597 882.959
213.66 59.4296 3.60532 3.09728 62.6293 868.129
227.731 58.9601 3.66915 3.00785 22.6046 1362.52
202.426 57.5673 3.64284 3.15085 121.514 1019.18
203.613 57.6397 3.65699 3.20547 101.614 1000.31
224.26 58.4133 3.60204 3.09418 42.4617 1278.15
225.482 58.2747 3.60745 3.14436 56.6694 1334.59
229.033 59.3946 3.67805 3.11936 47.5237 1379.86
197.939 55.703 3.66039 3.21013 102.467 1287.35
200.447 56.2848 3.6369 3.11717 73.0806 1183.62
223.768 57.9616 3.58693 3.11438 83.9902 1301.09
225.424 57.4688 3.60625 3.157 36.2724 1403.62
227.048 56.8144 3.60881 3.14762 27.7304 1520.65
229.75 56.9811 3.62171 3.16088 44.1764 1607.14
212.138 64.8735 3.64233 3.08593 105.614 317.266
210.428 68.6408 3.51639 2.94862 219.556 290.11
226.879 56.1146 3.61483 3.21615 61.7012 1578.02
228.385 55.3279 3.6198 3.19235 50.2193 1703.8
227.653 56.4191 3.60788 3.18846 25.2912 1578.14
209.931 62.7622 2.51122 1.91538 73.7111 449.397
211.063 63.7323 3.60199 3.22805 207.005 377.062
211.14 63.4057 3.61663 3.17149 109.11 410.123
218.547 60.1369 3.78733 3.6532 89.3947 929.693
217.908 60.4896 3.55674 3.05105 84.1305 877.245
217.507 60.403 3.56432 3.0589 73.5641 872.621
218.338 61.0595 3.55684 3.04509 110.233 840.518
216.296 60.3923 3.57414 3.09852 66.1929 837.578
216.716 60.1205 3.55915 3.11793 53.0273 875.523
215.271 60.5805 3.57128 3.10842 89.6575 790.939
216.679 60.2805 3.5537 3.1061 58.4827 859.251
218.244 60.7315 3.54942 3.06698 77.4207 866.291
217.659 60.602 3.55071 3.03268 96.7085 859.116
216.749 60.4427 3.56634 3.08977 57.7662 846.004
217.639 60.9231 3.55707 3.06483 119.042 829.494
218.995 60.8241 3.56114 3.07853 95.7681 883.269
216.976 61.3836 3.55171 3.08179 95.7416 767.016
218.049 60.1785 3.55717 3.05906 64.9517 910.168
216.031 60.2361 3.5757 3.15584 61.9571 845.058
217.533 61.187 3.55641 3.04928 101.334 802.568
218.652 60.2994 3.552 3.00796 67.3453 918.337
219.217 60.1294 3.55213 3.02363 95.4104 952.097
218.856 60.4399 3.54585 3.03711 101.34 912.398
216.546 61.2275 3.54621 3.06679 94.9066 767.319
209.518 60.7352 3.58257 3.04962 49.8494 661.365
209.518 60.7351 3.58265 3.04969 49.8494 661.38
