# evlo=212.524597 evla=66.700401
194.627 64.5646 3.64177 3.13594 159.464 854.644
217.654 61.036 3.589 3.15874 82.5639 679.387
217.507 60.403 3.58105 3.11275 75.412 743.82
220.363 59.9534 3.57121 3.10635 70.7924 846.97
225.144 58.5792 3.6189 3.17903 50.6808 1108.35
216.716 60.1205 3.53905 2.9722 49.5827 762.33
215.395 60.9677 3.58398 3.13825 114.213 654.305
209.013 64.0997 3.66872 3.19011 219.19 332.626
209.094 59.7511 3.56283 3.05659 166.97 793.278
209.259 59.7417 3.56376 3.0424 177.632 792.574
210.701 64.1732 3.62162 3.21722 173.941 294.182
208.846 60.7683 3.59209 3.12936 136.37 685.483
207.916 63.4188 3.65697 3.18576 266.2 425.111
204.378 55.8218 3.56918 3.09596 82.5094 1286.1
200.411 54.831 3.63622 3.16822 90.2757 1472.17
207.685 63.8827 3.65603 3.17272 210.373 386.674
208.763 59.5251 3.56111 3.07002 167.266 821.641
216.907 60.7523 3.52977 3.04001 43.1268 697.101
209.738 62.4058 3.61749 3.12232 170.067 496.973
217.513 60.0823 3.59056 3.14643 84.5951 778.115
212.624 63.0753 3.59104 3.04861 146.249 404.193
214.225 61.1292 3.53602 3.08853 64.8851 626.576
215.93 63.6482 3.67001 3.25947 140.829 375.751
214.25 60.5487 3.53379 3.03751 71.6608 690.985
196.582 54.8564 3.63266 3.23047 30.913 1569.68
213.401 60.7277 3.60531 3.08574 62.0454 667.183
209.784 61.1426 3.59743 3.11976 105.544 633.836
215.271 60.5805 3.58151 3.09619 81.24 695.466
216.679 60.2805 3.52471 3.00027 49.0027 744.545
213.052 64.4091 3.67994 3.12008 185.67 256.637
216.749 60.4427 3.5292 3.02292 64.5789 728.026
217.639 60.9231 3.5888 3.12895 85.0915 691.006
218.995 60.824 3.56125 3.11263 81.8727 727.859
216.976 61.3836 3.54379 3.02727 95.1973 630.964
211.063 63.7318 3.60735 3.1068 211.985 337.958
217.533 61.1871 3.57416 3.15153 96.1652 661.338
218.652 60.2994 3.56342 2.97967 25.5936 775.175
211.14 63.4056 3.62702 3.13308 184.823 373.065
219.217 60.1294 3.57791 3.08879 70.5754 804.088
218.856 60.4399 3.56839 3.08956 83.176 764.569
198.929 70.2043 3.52145 2.80892 70.1736 678.468
203.383 71.3221 3.5543 2.77903 49.9312 630.592
205.026 71.0033 3.53311 2.88444 62.3798 566.209
198.198 69.3641 3.51016 2.85454 61.2896 665.875
202.84 70.0079 3.51867 2.85506 77.0873 542.17
205.387 69.6211 3.54475 2.85334 112.627 439.909
206.58 70.34 3.50176 2.84926 66.4442 472.664
194.656 68.2746 3.52531 2.91259 139.687 780.685
196.822 68.4753 3.52646 2.8695 104.778 694.861
198.806 68.6483 3.54108 2.88892 81.1569 619.431
200.413 69.1049 3.51612 2.81926 65.4155 573.684
205.217 69.1565 3.52147 2.90519 125.023 410.661
209.387 69.836 3.56414 2.91405 127.589 372.894
211.299 69.72 3.53959 2.89788 126 340.591
215.088 69.9175 3.51399 2.89182 209.515 374.017
216.289 69.626 3.53163 2.90344 232.704 361.664
235.93 69.3475 3.68238 3.10584 143.644 1014.22
196.917 67.6988 3.52428 2.96675 107.561 682.437
201.885 68.4946 3.54267 2.92243 146.465 494.118
203.387 68.7132 3.5649 2.87379 79.9504 446.759
207.318 68.8799 3.51031 2.93803 98.3535 327.459
209.319 68.9656 3.56046 2.85101 152.158 286.373
211.177 69.1532 3.52 2.95583 184.871 279.338
213.625 69.322 3.50716 2.85093 245.198 295.985
219.035 69.243 3.58013 2.93886 176.988 392.986
221.263 69.3286 3.61233 3.01836 146.669 467.603
198.174 67.082 3.60445 3.09129 92.9102 628.807
199.397 67.4213 3.57735 3.13893 102.961 575.695
202.768 67.4572 3.54347 2.99775 90.0595 432.021
203.811 68.2575 3.54545 2.94656 131.318 410.59
206.028 68.4414 3.58897 2.92707 92.786 337.788
218.405 68.1861 3.6577 3.16525 319.406 301.258
220.465 68.6043 3.673 3.26884 251.551 397.93
222.103 68.3889 3.65167 3.21824 212.292 449.151
223.281 66.3701 3.65736 3.1324 198.46 478.946
193.671 65.4742 3.65127 3.20462 125.276 860.555
195.352 65.7077 3.65205 3.19873 118.873 778.819
198.75 66.442 3.64495 3.20663 137.796 610.852
200.349 66.6001 3.63633 3.16487 112.96 537.996
202.227 66.8332 3.62976 3.16826 158.707 453.195
204.275 67.0486 3.59766 3.10362 138.039 363.511
206.517 67.2221 3.60964 3.18114 194.599 268.724
220.128 67.6136 3.65705 3.14555 193.744 344.655
224.214 67.6106 3.6332 3.10582 197.861 515.863
226.258 67.441 3.6604 3.10225 184.628 601.718
195.961 64.9941 3.64326 3.15789 134.297 777.541
197.645 65.3936 3.63989 3.15294 178.122 688.133
199.349 65.5011 3.64963 3.16678 158.051 609.47
201.346 65.895 3.65275 3.16086 169.345 508.89
202.913 66.1434 3.64748 3.19944 231.631 433.215
206.494 66.5156 3.61875 3.20727 303.227 267.962
218.345 66.8088 3.6465 3.26634 366.359 256.637
221.978 66.9116 3.64629 3.13347 190.208 415.892
223.778 66.9808 3.66408 3.1463 234.619 494.411
225.729 66.9227 3.68041 3.1484 163.157 579.877
197.761 64.6379 3.65123 3.13671 153.974 714.876
200.087 64.937 3.64136 3.14762 186.14 600.53
201.637 65.1527 3.63634 3.14604 240.159 524.146
203.551 65.5276 3.64406 3.1387 234.156 425.762
205.119 65.4924 3.66172 3.16659 234.07 360.765
207.195 65.6571 3.65262 3.09118 350.197 266.861
218.473 66.2305 3.64523 3.28961 271.714 270.194
221.631 66.2191 3.6607 3.14772 206.729 409.177
225.657 65.8052 3.66483 3.15741 127.07 597.597
214.843 62.3987 3.57231 3.09563 89.3205 492.219
213.052 64.4091 3.67994 3.12008 185.67 256.637
199.305 63.8864 3.66467 3.20258 213.517 690.162
205.522 64.7962 3.68742 3.15502 163.17 384.614
208.018 65.18 3.6968 3.34533 285.741 265.996
218.385 65.6035 3.65821 2.982 157.149 291.258
220.064 65.4483 3.64121 3.01653 124.791 368.508
221.694 65.3609 3.64138 3.03726 111.814 441.34
223.623 65.2225 3.66542 3.02319 108.35 530.078
196.446 62.7492 3.65835 3.1609 114.453 880.216
199.398 63.2842 3.66618 3.19863 129.607 725.063
200.922 63.3965 3.67692 3.14521 72.8064 657.363
203.285 63.465 3.645 3.19981 157.273 563.805
204.379 63.994 3.65551 3.09389 135.372 484.062
205.853 64.1767 3.68576 3.22559 207.714 417.943
214.63 64.613 3.61865 3.28309 94.4118 252.079
216.436 64.5012 3.5964 3.00442 112.009 304.297
221.784 64.453 3.63049 3.05057 75.9674 494.732
221.784 64.4525 3.63251 3.06132 97.2101 494.74
223.67 64.5753 3.63881 3.04047 123.648 564.236
195.344 61.9331 3.65934 3.21607 108.15 981.566
198.469 62.2938 3.66884 3.20815 106.643 832.233
201.699 62.7161 3.67401 3.22282 134.045 679.462
205.93 63.3569 3.67013 3.22032 265.201 484.816
214.222 63.8036 3.74104 3.25112 101.898 332.544
217.924 64.0292 3.64897 3.08877 94.4285 389.382
222.48 63.8433 3.63659 3.09005 73.7155 562.543
197.317 61.3416 3.67526 3.18944 102.561 949.557
198.513 61.678 3.68024 3.17494 94.1282 878.196
200.525 61.7105 3.66041 3.22478 155.646 803.217
201.703 62.1344 3.6575 3.16008 144.002 726.988
203.311 62.2195 3.68577 3.17771 132.005 666.622
205.146 62.1816 3.66738 3.22317 174.608 615.631
206.12 62.4787 3.65411 3.1982 168.16 561.19
216.652 63.0254 3.63964 3.05996 66.4367 453.847
218.173 63.0618 3.62091 3.16744 112.734 485.584
221.871 63.109 3.68985 3.17696 76.2941 595.675
193.799 60.3849 3.66861 3.23736 84.5973 1159.8
196.65 60.4135 3.66014 3.16491 90.1474 1049.92
198.04 60.7515 3.67031 3.16237 76.4052 971.42
199.312 60.6947 3.67473 3.21664 134.322 931.965
201.041 61.0224 3.67795 3.13213 86.1046 845.668
202.562 61.4009 3.69901 3.18035 88.3885 763.536
204.176 61.4907 3.65137 3.22715 123.524 707.982
205.609 61.9037 3.63581 3.21351 134.303 630.071
206.868 61.8823 3.62605 3.15252 159.566 602.377
209.88 61.7531 3.61278 3.15048 161.727 566.144
212.274 61.7929 3.61016 3.09332 127.299 547.226
213.825 62.1067 3.63521 3.12298 67.8058 515.917
217.004 62.4013 3.59158 3.09089 113.433 524.926
218.122 62.3579 3.65729 3.19988 103.417 553.206
221.538 62.4435 3.64038 3.24015 70.7668 640.548
223.206 62.5763 3.6867 3.11395 51.4958 685.573
225.609 62.2024 3.64464 3.10787 69.3515 802.477
198.315 59.9237 3.67708 3.2412 140.284 1033.61
199.908 60.1686 3.67065 3.15373 97.0972 959.112
202.813 60.5269 3.67079 3.25964 99.0133 837.995
204.11 60.6801 3.64471 3.26202 143.159 788.218
205.516 60.8132 3.61763 3.16322 163.794 740.817
207.791 61.2001 3.6071 3.10878 148.27 655.139
215.402 61.6061 3.58166 3.14156 79.5832 584.759
222.911 61.4593 3.63192 3.22955 100.232 771.486
226.918 61.1512 3.65196 3.12306 39.2631 934.86
198.736 59.2533 3.66556 3.16023 89.5527 1080.49
200.175 59.1767 3.65374 3.13457 56.9065 1043.17
201.907 59.5938 3.66831 3.27965 135.279 953.263
202.905 59.7733 3.66124 3.3166 219.947 908.761
204.792 59.8542 3.60832 3.16386 167.55 854.685
205.68 60.1952 3.60128 3.12172 115.353 800.432
207.376 60.0815 3.58989 3.14344 135.094 780.766
210.276 60.4814 3.57168 3.0693 121.339 702.05
219.809 60.7718 3.57833 3.10576 88.4631 751.362
221.424 60.3024 3.58651 3.13114 80.2832 837.908
223.909 60.7704 3.64106 3.19031 106.079 865.213
190.452 56.6011 3.65979 3.20162 57.0321 1606.88
202.009 59.0314 3.66842 3.28771 141.297 1005.59
203.561 59.1953 3.63013 3.21116 120.475 950.149
204.771 59.3922 3.60938 3.15664 139.655 902.559
206.768 59.6524 3.59342 3.12995 139.886 836.55
212.597 59.9979 3.61601 3.09923 93.791 747.113
222.262 59.6304 3.58193 3.10984 61.5783 925.947
223.04 60.1218 3.62179 3.1234 89.691 899.536
226.285 59.5898 3.65183 3.15805 66.7757 1048.75
203.344 58.6774 3.62708 3.19399 126.94 1007.88
204.113 58.2637 3.61571 3.17511 97.1496 1033.4
204.991 58.6484 3.6073 3.1721 94.008 975.294
206.355 58.9287 3.59307 3.12784 156.545 920.512
207.606 58.6097 3.55859 3.0797 173.4 935.642
227.731 58.9601 3.65593 3.1809 72.5975 1153.62
202.426 57.5673 3.62574 3.20212 86.4043 1142.85
203.613 57.6397 3.61143 3.1736 105.283 1108.9
205.548 57.5665 3.58438 3.12628 52.9699 1079.47
224.26 58.4133 3.60875 3.13678 46.8786 1099.45
225.482 58.2747 3.62491 3.21896 46.2842 1147.59
229.033 59.3946 3.92482 3.27028 36.6243 1159.69
197.939 55.703 3.72371 3.52854 45.6814 1446.88
200.447 56.2848 3.64038 3.24449 77.4159 1321.79
223.768 57.9616 3.607 3.1538 68.6147 1131.12
225.424 57.4688 3.63246 3.16028 69.1739 1224.65
228.869 57.9128 3.65794 3.11977 43.3733 1287.39
227.048 56.8144 3.65209 3.20879 36.3938 1335.28
229.75 56.9811 3.64088 3.11454 27.5276 1403.19
226.879 56.1146 3.64788 3.2033 43.4226 1399.43
229.974 55.9154 3.63645 3.22174 24.743 1511.6
228.385 55.3279 3.65708 3.16311 47.2828 1520.52
227.653 56.4191 3.65038 3.16629 47.9889 1391.73
209.931 62.7622 2.83144 2.10919 62.0324 456.028
211.063 63.7323 3.60673 3.10627 211.985 337.9
211.14 63.4057 3.62696 3.13302 184.823 373.059
218.547 60.1369 4.06944 3.51524 81.4615 790.182
217.507 60.403 3.58105 3.11275 75.412 743.82
216.716 60.1205 3.53905 2.9722 49.5827 762.33
215.271 60.5805 3.58151 3.09619 81.24 695.466
216.679 60.2805 3.52471 3.00027 49.0027 744.545
216.749 60.4427 3.5292 3.02292 64.5789 728.026
217.639 60.9231 3.58878 3.12893 85.0915 691.002
218.995 60.8241 3.5612 3.11259 81.8727 727.849
216.976 61.3836 3.54379 3.02727 95.1973 630.964
217.533 61.187 3.57424 3.1516 96.1652 661.352
218.652 60.2994 3.56342 2.97967 25.5936 775.175
219.217 60.1294 3.57791 3.08879 70.5754 804.088
218.856 60.4399 3.56839 3.08956 83.176 764.569
209.518 60.7352 3.57926 3.08383 99.6874 681.162
209.518 60.7351 3.57929 3.08386 99.6874 681.169
