# evlo=214.181305 evla=66.266998
194.627 64.5646 3.66149 3.18633 95.7403 923.685
217.908 60.4896 3.54563 3.0384 53.8515 670.137
217.654 61.036 3.56605 3.09663 34.5456 607.723
217.507 60.403 3.56557 3.07882 46.2491 674.295
218.338 61.0595 3.53675 3.17195 38.0435 615.573
220.363 59.9534 3.58413 3.17793 43.2359 768.959
216.3 60.3932 3.54394 3.06263 79.3019 663.179
225.144 58.5792 3.62088 3.16857 39.5757 1023.94
216.716 60.1205 3.56804 3.02579 58.7007 696.747
209.013 64.0997 3.68116 3.19705 174.225 341.899
209.094 59.7511 3.56188 3.06108 127.508 770.034
209.259 59.7417 3.56068 3.06414 131.77 768.322
210.701 64.1732 3.68762 3.21448 131.273 284.541
208.846 60.7683 3.57655 3.0643 97.3011 667.427
207.916 63.4188 3.70474 3.24682 158.719 434.624
204.378 55.8218 3.56106 3.03766 68.4697 1275.27
200.411 54.831 3.65765 3.15813 97.7887 1474.01
207.685 63.8827 3.69136 3.19044 149.062 404.706
208.763 59.5251 3.56016 3.04396 142.682 799.665
216.907 60.7523 3.57477 3.06687 77.4125 629.374
218.66 60.9649 3.58325 3.13617 61.8656 631.015
209.738 62.4058 3.64793 3.11667 117.163 480.81
217.513 60.0823 3.56924 3.06025 42.2384 709.25
212.624 63.0753 3.56993 3.14724 158.974 363.493
214.225 61.1292 3.59338 3.07123 96.9197 572.726
215.93 63.6482 3.73632 3.20027 55.7325 303.415
214.25 60.5487 3.60254 3.02216 101.205 637.414
213.401 60.7277 3.56424 3.07296 119.694 618.669
209.784 61.1426 3.58734 3.12605 96.893 610.86
188.296 63.7758 3.67392 3.18594 92.3462 1241.66
203.121 64.7461 3.66154 3.20861 160.26 538.397
211.074 61.771 3.58323 3.15709 134.424 523.568
216.188 61.4417 3.52303 3.06954 57.4497 546.805
212.904 60.8792 3.56351 3.07452 147.84 603.889
216.679 60.2805 3.56988 3.04211 61.1131 678.827
218.244 60.7315 3.53705 3.05574 45.4848 649.039
217.659 60.6024 3.56187 3.07385 42.6545 654.606
216.749 60.4427 3.57282 3.06937 75.0991 661.675
217.639 60.9231 3.56508 3.06094 46.6307 619.695
216.976 61.3836 3.55142 3.05358 79.3275 561.355
211.063 63.7318 3.64459 3.19912 163.245 318.564
218.049 60.1785 3.54506 3.06584 66.0549 705.647
216.031 60.2361 3.52195 3.00507 51.3687 678.549
217.533 61.1871 3.58775 3.10834 56.5973 589.777
218.652 60.2994 3.58005 3.05948 56.8546 701.567
211.14 63.4056 3.63167 3.16227 167.344 350.064
216.221 60.072 3.54694 2.963 63.6899 698.027
216.546 61.2275 3.54042 3.05193 84.527 573.663
198.929 70.2043 3.53001 2.79703 42.9672 765.763
205.026 71.0033 3.55734 2.74697 43.5334 644.895
234.753 71.9871 3.57171 2.95365 66.5248 1028.87
198.198 69.3641 3.52018 2.91194 47.2009 754.081
202.84 70.0079 3.54987 2.82407 54.6676 627.876
205.387 69.6211 3.55681 2.84788 48.0012 524.3
206.58 70.34 3.55201 2.84537 60.9339 551.229
194.656 68.2746 3.53927 2.90895 67.1043 867.341
196.822 68.4753 3.53776 2.87982 66.6633 782.148
198.806 68.6483 3.55495 2.87331 49.1781 707.255
200.413 69.1049 3.54369 2.90682 51.7044 661.884
205.217 69.1565 3.55093 3.01016 76.57 497.098
211.299 69.72 3.57819 2.95173 96.0903 403.455
215.088 69.9175 3.53268 2.92126 139.087 408.901
216.289 69.626 3.54744 2.97426 136.586 384.861
235.93 69.3475 3.709 3.13025 64.2626 972.972
201.885 68.4946 3.55878 2.96957 60.7097 582.166
203.387 68.7132 3.54526 2.87882 54.1588 534.93
207.318 68.8799 3.5596 2.92831 53.2608 412.32
209.319 68.9656 3.48481 2.99263 60.1563 364.885
211.177 69.1532 3.58807 2.92552 100.371 346.035
213.625 69.322 3.55321 2.99741 93.314 341.537
219.035 69.243 3.58585 3.09643 185.024 389.94
221.263 69.3286 3.65306 3.02837 83.319 453.165
198.174 67.082 3.61796 3.15897 72.6484 711.356
199.397 67.4213 3.60186 3.24194 73.1851 659.965
202.768 67.4572 3.57342 3.03402 66.8032 517.116
203.811 68.2575 3.54131 2.97037 100.944 498.664
206.028 68.4414 3.60387 3.03162 74.9379 425.666
208.187 68.1343 3.59328 2.98694 84.9533 332.351
210.384 68.0584 3.57411 2.87778 70.7895 258.729
218.405 68.1861 3.66958 3.18645 199.98 281.16
220.465 68.6043 3.70386 3.07898 118.67 374.387
222.103 68.3889 3.66461 3.13908 96.4692 414.497
223.281 66.3701 3.64156 3.07884 170.623 407.806
193.671 65.4742 3.66178 3.23565 76.6536 935.872
195.352 65.7077 3.66161 3.21519 94.1468 854.387
198.75 66.442 3.65075 3.19059 111.707 689.442
200.349 66.6001 3.64576 3.16821 113.202 617.234
202.227 66.8332 3.63387 3.11053 107.727 533.955
204.275 67.0486 3.603 3.11795 69.4598 446.259
206.517 67.2221 3.62068 3.15149 80.1215 353.947
207.821 67.5076 3.5877 3.06093 92.2543 310.975
220.128 67.6136 3.65468 3.2232 171.088 300.114
224.214 67.6106 3.62983 3.13416 173.842 462.979
226.258 67.441 3.66475 3.09895 143.946 544.912
195.961 64.9941 3.65733 3.23165 95.0483 847.977
197.645 65.3936 3.65891 3.25288 102.38 759.766
199.349 65.5011 3.65906 3.22205 124.029 680.259
201.346 65.895 3.65671 3.22627 165.071 581.385
202.913 66.1434 3.65667 3.23627 146.882 507.021
206.494 66.5156 3.64523 3.26299 185.518 344.571
208.493 66.9214 3.65043 3.24668 133.897 262.503
221.978 66.9116 3.62908 3.07164 191.849 352.948
223.778 66.9808 3.65582 3.03539 139.059 432.013
225.729 66.9227 3.66294 3.07789 141.217 516.512
197.761 64.6379 3.65468 3.16213 109.522 780.392
200.087 64.937 3.64254 3.17034 145.092 665.045
201.637 65.1527 3.65145 3.16149 121.217 588.221
203.551 65.5276 3.66145 3.1963 148.742 490.964
205.119 65.4924 3.66313 3.25964 170.293 421.926
207.195 65.6571 3.65131 3.17012 191.117 324.696
208.623 65.8937 3.65039 3.25284 211.416 254.925
221.631 66.2191 3.62801 3.07769 161.855 334.879
225.657 65.8052 3.65228 3.10634 111.298 522.128
214.843 62.3987 3.66685 3.12306 120.507 432.426
199.305 63.8864 3.65996 3.21343 130.706 746.217
205.522 64.7962 3.66519 3.1685 136.817 432.219
208.018 65.18 3.63798 3.15942 139.723 307.585
220.064 65.4483 3.63 3.0767 147.083 283.574
221.694 65.3609 3.64657 3.03503 113.815 357.877
223.623 65.2225 3.65829 3.07361 161.425 447.897
196.446 62.7492 3.66261 3.17207 91.6096 933.709
199.398 63.2842 3.67471 3.18974 157.376 775.436
200.922 63.3965 3.69048 3.19135 94.4942 704.238
203.285 63.465 3.69513 3.12691 126.682 602.547
204.379 63.994 3.7012 3.21854 113.437 524.557
205.853 64.1767 3.67543 3.18985 143.18 453.48
221.784 64.453 3.62839 3.0233 45.786 407.181
221.784 64.4525 3.61706 2.96829 69.2378 407.188
223.67 64.5753 3.62989 3.0383 88.3452 478.628
195.344 61.9331 3.67056 3.19232 78.8649 1032.12
198.469 62.2938 3.65643 3.17031 88.336 877.102
201.699 62.7161 3.6858 3.16122 116.879 716.924
205.93 63.3569 3.68443 3.18862 123.242 508.16
214.222 63.8036 3.60942 3.13463 129.279 274.658
217.924 64.0292 3.68724 3.08192 93.0886 304.987
222.48 63.8433 3.6548 3.17674 80.6056 474.445
197.317 61.3416 3.66723 3.21485 118.201 991.094
198.513 61.678 3.66955 3.20432 90.8909 918.376
200.525 61.7105 3.69608 3.18498 116.253 836.641
201.703 62.1344 3.69972 3.23587 122.166 759.184
203.311 62.2195 3.67637 3.18432 110.022 692.325
205.146 62.1816 3.69734 3.18973 84.0444 631.131
206.12 62.4787 3.67094 3.18604 98.3368 573.451
216.652 63.0254 3.59481 3.18105 69.3176 380.133
218.173 63.0618 3.65481 3.13226 56.4625 404.832
221.871 63.109 3.7043 3.14491 44.2855 507.922
193.799 60.3849 3.66938 3.22218 66.5972 1205.16
196.65 60.4135 3.66953 3.19609 76.465 1087.74
198.04 60.7515 3.67753 3.19123 87.4682 1006.93
199.312 60.6947 3.69054 3.17998 87.5616 962.751
201.041 61.0224 3.68208 3.27155 115.952 871.992
202.562 61.4009 3.6532 3.20011 110.613 785.986
204.176 61.4907 3.69037 3.20215 82.962 723.106
205.609 61.9037 3.65977 3.18375 126.982 640.365
206.868 61.8823 3.64135 3.16335 147.316 604.401
209.88 61.7531 3.61446 3.13964 102.558 545.118
212.274 61.7929 3.57542 3.1246 123.306 507.341
213.825 62.1067 3.57964 3.06121 118.558 464.111
217.004 62.4013 3.59601 3.1735 120.621 451.93
218.122 62.3579 3.66333 3.19692 70.6621 475.46
221.538 62.4435 3.63856 3.23367 49.8744 554.245
223.206 62.5763 3.66023 3.11984 39.9869 597.692
225.609 62.2024 3.65996 3.08675 33.3733 714.268
201.231 60.4742 3.64581 3.22489 82.4538 911.403
202.813 60.5269 3.6647 3.1633 62.1856 853.175
204.11 60.6801 3.67236 3.17957 103.183 797.97
205.516 60.8132 3.6336 3.10673 107.192 743.761
207.791 61.2001 3.61739 3.11328 107.639 646.308
215.402 61.6061 3.69362 3.16214 53.2362 522.989
222.911 61.4593 3.62825 3.28571 61.0579 685.39
224.22 61.4862 3.60557 3.30727 30.199 724.609
200.175 59.1767 3.64698 3.22407 78.4936 1061.96
202.905 59.7733 3.67887 3.16834 63.2248 919.066
204.792 59.8542 3.63051 3.14467 152.162 856.139
205.68 60.1952 3.61792 3.11857 119.109 798.903
207.376 60.0815 3.58647 3.08252 76.8192 768.955
210.276 60.4814 3.58176 3.12714 81.0697 673.524
219.809 60.7718 3.58503 3.14195 55.8211 672.932
221.424 60.3024 3.57801 3.11656 50.5775 756.602
223.909 60.7704 3.64145 3.26643 45.4289 779.122
190.452 56.6011 3.66831 3.23437 32.8446 1644.44
203.561 59.1953 3.64634 3.15713 82.6196 954.437
204.771 59.3922 3.62719 3.16454 150.659 901.865
206.768 59.6524 3.57696 3.14462 78.6495 826.398
212.597 59.9979 3.57049 3.08982 111.52 703.271
222.262 59.6304 3.58858 3.11861 63.8678 844.307
223.04 60.1218 3.63993 3.07884 38.312 815.645
226.285 59.5898 3.65145 3.21851 49.4271 962.014
203.344 58.6774 3.64836 3.16335 75.4888 1010.83
204.113 58.2637 3.62918 3.20113 94.0912 1031.13
204.991 58.6484 3.61327 3.17649 71.5065 970.345
206.355 58.9287 3.57978 3.15999 99.4969 909.756
207.606 58.6097 3.55247 3.01476 93.5702 917.32
213.66 59.4296 3.58935 3.02585 103.924 762.541
227.731 58.9601 3.65418 3.2424 51.4025 1066.49
202.426 57.5673 3.64462 3.18702 103.36 1145.4
203.613 57.6397 3.61967 3.18224 61.4794 1106.61
205.548 57.5665 3.56759 3.18584 75.1913 1068.2
224.26 58.4133 3.60627 3.18069 37.8339 1016.47
225.482 58.2747 3.62712 3.12877 19.4323 1063.16
200.447 56.2848 3.65267 3.16197 44.5989 1327.74
225.424 57.4688 3.63259 3.0864 16.5794 1141.32
228.869 57.9128 3.65618 3.15175 29.7397 1200.39
227.048 56.8144 3.66414 3.23048 19.5705 1250.76
229.75 56.9811 3.64171 3.11031 33.6041 1316.33
210.428 68.6408 3.57796 2.80781 41.759 309.567
229.974 55.9154 3.63977 3.24163 19.4918 1425.34
228.385 55.3279 3.65807 3.15678 26.4936 1436.04
227.653 56.4191 3.64828 3.21793 28.3806 1306.98
209.931 62.7622 2.94589 2.18834 119.728 440.623
211.063 63.7323 3.6439 3.19852 163.245 318.504
211.14 63.4057 3.6316 3.16221 167.344 350.058
217.908 60.4896 3.54563 3.0384 53.8515 670.137
217.507 60.403 3.56557 3.07882 46.2491 674.295
218.338 61.0595 3.53676 3.17195 38.0435 615.575
216.296 60.3923 3.54432 3.06296 79.3019 663.251
216.716 60.1205 3.56804 3.02579 58.7007 696.747
216.679 60.2805 3.56988 3.04211 61.1131 678.827
218.244 60.7315 3.53705 3.05574 45.4848 649.039
217.659 60.602 3.56207 3.07402 42.6545 654.643
216.749 60.4427 3.57282 3.06937 75.0991 661.675
217.639 60.9231 3.56506 3.06093 46.6307 619.692
216.976 61.3836 3.55142 3.05358 79.3275 561.355
218.049 60.1785 3.54506 3.06584 66.0549 705.647
216.031 60.2361 3.52195 3.00507 51.3687 678.549
217.533 61.187 3.58783 3.10841 56.5973 589.79
218.652 60.2994 3.58005 3.05948 56.8546 701.567
216.221 60.072 3.54694 2.963 63.6899 698.027
216.546 61.2275 3.54042 3.05193 84.527 573.663
209.518 60.7352 3.55496 3.08449 61.7966 658.481
209.518 60.7351 3.55498 3.08451 61.7966 658.485
