# evlo=223.623306 evla=65.222504
194.627 64.5646 3.66347 3.14347 84.6203 1363.19
217.908 60.4896 3.53299 3.01768 118.891 601.926
217.654 61.036 3.53569 3.04055 95.4857 554.861
217.507 60.403 3.53253 3.01741 123.003 620.537
218.338 61.0595 3.52701 3.06001 128.77 534.718
220.363 59.9534 3.57641 3.01312 94.2081 610.492
216.3 60.3932 3.52854 3.02766 119.788 654.291
225.144 58.5792 3.62349 3.18944 83.5889 744.6
216.716 60.1205 3.53397 3.02429 110.414 668.958
215.395 60.9677 3.54573 3.0622 256.326 629.601
209.013 64.0997 3.66988 3.20668 180.044 707.44
209.094 59.7511 3.57435 3.10854 76.49 962.074
209.259 59.7417 3.57462 3.09677 79.7067 956.334
210.701 64.1732 3.66021 3.16125 137.902 626.328
208.846 60.7683 3.57442 3.10957 99.2248 895.187
207.916 63.4188 3.67419 3.1931 124.63 783.65
212.195 64.6453 3.65931 3.17628 200.436 543.536
204.378 55.8218 3.53815 2.98014 54.9391 1476.58
207.685 63.8827 3.67302 3.22168 130.384 776.699
208.763 59.5251 3.56095 3.08957 80.0531 993.135
209.796 67.2269 3.63033 3.00732 76.1091 659.528
216.907 60.7523 3.53529 3.03985 130.054 602.766
218.66 60.9649 3.53274 3.05215 134.967 536.345
209.738 62.4058 3.63529 3.12505 138.873 750.53
217.513 60.0823 3.53207 3.01005 167.337 652.308
212.624 63.0753 3.62401 3.10538 151.32 585.42
214.225 61.1292 3.56202 3.0465 184.97 656.226
215.93 63.6482 3.66 3.0831 108.02 409.673
214.25 60.5487 3.5483 2.99658 155.301 704.822
196.582 54.8564 3.59478 3.10374 45.9711 1873.96
213.401 60.7277 3.56149 3.0379 162.151 719.348
209.784 61.1426 3.59353 3.15414 84.9859 829.463
214.766 66.5657 3.66823 3.12326 128.521 430.266
188.296 63.7758 3.67802 3.17595 74.0051 1682.84
203.121 64.7461 3.67047 3.17508 110.034 964.962
211.074 61.771 3.61065 3.11897 110.318 732.088
216.188 61.4417 3.54592 3.07017 241.241 561.743
212.904 60.8792 3.56765 3.0498 136.188 725.204
215.271 60.5805 3.53957 3.05212 141.938 668.252
216.679 60.2805 3.5322 3.03684 133.528 654.414
218.244 60.7315 3.53006 3.02842 163.554 569.618
213.052 64.4091 3.66112 3.16562 210.657 509.636
213.497 60.396 3.55131 3.01692 142.557 744.086
215.738 60.3351 3.53653 3.02559 117.49 676.326
208.348 59.6572 3.56134 3.11446 75.5974 999.094
217.659 60.6024 3.53077 3.01834 143.907 596.967
216.749 60.4427 3.53285 3.03175 145.507 636.834
217.639 60.9231 3.53246 3.04521 156.533 566.152
218.995 60.824 3.54141 3.02724 158.274 543.054
216.976 61.3836 3.55081 3.09587 226.662 541.837
211.063 63.7318 3.66738 3.16042 140.961 625.37
218.049 60.1785 3.53136 3.00627 147.573 629.898
216.031 60.2361 3.53184 3.01882 164.134 676.982
217.533 61.1871 3.53462 3.0686 225.826 543.76
218.652 60.2994 3.54795 3.00835 80.4777 604.204
211.14 63.4056 3.6466 3.10358 141.583 635.779
219.217 60.1294 3.54506 3.02068 109.172 610.543
216.221 60.072 3.53755 3.00915 142.1 687.241
218.856 60.4399 3.54835 3.03007 97.6326 585.443
216.546 61.2275 3.54238 3.0911 205.745 569.357
212.138 64.8736 3.66268 3.19065 207.816 541.475
198.929 70.2043 3.55433 2.88523 49.2059 1172.41
205.026 71.0033 3.6136 2.90691 32.7516 1000.18
234.753 71.9871 3.74807 3.18511 96.0461 877.117
198.198 69.3641 3.5408 2.89606 54.3749 1178.01
202.84 70.0079 3.55969 2.90875 62.2006 1024.63
205.387 69.6211 3.55818 2.94243 76.2299 917.476
206.58 70.34 3.5831 2.94535 43.4255 913.048
194.656 68.2746 3.57368 2.92131 64.4892 1307.56
196.822 68.4753 3.57568 2.92339 58.599 1219.68
198.806 68.6483 3.57118 2.93733 53.4375 1141.24
200.413 69.1049 3.56532 2.89104 36.208 1086.36
205.217 69.1565 3.56703 2.99154 54.7432 904.454
209.387 69.836 3.59269 2.96127 52.7734 792.735
211.299 69.72 3.59883 2.96092 52.9448 725.226
215.088 69.9175 3.60936 3.06323 61.7047 636.235
216.289 69.626 3.62119 3.08299 49.0626 582.237
235.93 69.3475 3.76581 3.22711 170.424 699.974
196.917 67.6988 3.57222 2.98914 62.2783 1211.94
201.885 68.4946 3.57643 2.92287 46.3605 1014.53
203.387 68.7132 3.57425 2.89674 54.1942 960.049
207.318 68.8799 3.57365 2.95195 63.9342 814.985
209.319 68.9656 3.56587 2.92772 75.9182 745.93
211.177 69.1532 3.56676 2.96148 51.1383 692.375
213.625 69.322 3.61343 3.00375 53.4431 627.031
219.035 69.243 3.62617 3.04573 94.6277 489.929
221.263 69.3286 3.57877 2.92496 88.7348 469.02
198.174 67.082 3.6279 3.10087 59.4538 1158.61
202.768 67.4572 3.61502 3.07832 51.9166 961.822
203.811 68.2575 3.57807 2.98705 65.9597 931.629
206.028 68.4414 3.59156 3.01043 44.5499 848.177
208.187 68.1343 3.58723 3.01652 63.8873 752.85
210.384 68.0584 3.58782 3.02795 66.8432 664.048
211.513 68.0748 3.59922 3.01792 75.4151 621.612
214.432 68.1207 3.6123 2.99013 96.9166 518.32
218.405 68.1861 3.66877 3.24645 77.0109 402.578
220.465 68.6043 3.62967 3.02138 112.742 401.554
222.103 68.3889 3.64237 3.06438 108.741 359.356
193.671 65.4742 3.65852 3.14333 82.4982 1381.7
195.352 65.7077 3.66604 3.15729 58.531 1300.54
198.75 66.442 3.65608 3.08493 69.3277 1137.17
200.349 66.6001 3.64415 3.10177 61.5706 1065.1
202.227 66.8332 3.63541 3.0624 64.7262 981.765
204.275 67.0486 3.62922 3.04242 61.4663 893.284
206.517 67.2221 3.62467 3.03899 73.1391 798.659
207.821 67.5076 3.61994 3.04348 84.4468 749.229
212.113 67.5187 3.62455 3.07459 109.256 574.005
214.357 67.5933 3.62303 3.06664 125.883 490.48
215.855 67.6946 3.64365 3.04721 92.2274 442.174
220.128 67.6136 3.6491 3.10704 141.948 308.86
224.214 67.6106 3.76619 3.17027 118.215 267.604
226.258 67.441 3.73036 3.11587 205.121 274.065
195.961 64.9941 3.6599 3.15871 117.467 1289.51
197.645 65.3936 3.65884 3.17142 120.333 1202.96
199.349 65.5011 3.66228 3.15468 117.352 1123.08
201.346 65.895 3.66859 3.13547 132.808 1026.22
202.913 66.1434 3.66618 3.13052 120.049 953.085
206.494 66.5156 3.67226 3.10132 85.7021 792.269
208.493 66.9214 3.6614 3.05398 82.2535 708.779
209.976 66.7108 3.67304 3.1127 107.838 640.814
212.525 66.7004 3.66542 3.02319 108.35 530.078
213.899 66.7653 3.66957 3.08965 91.8012 473.359
216.215 66.9498 3.65499 3.02782 100.611 386.273
218.345 66.8088 3.66259 2.91956 99.6259 297.589
197.761 64.6379 3.66367 3.13845 98.8909 1216.39
200.087 64.937 3.65641 3.14814 129.854 1101.04
201.637 65.1527 3.65646 3.17404 141.353 1024.77
203.551 65.5276 3.66141 3.14812 168.487 930.3
205.119 65.4924 3.65915 3.16748 141.498 858.68
207.195 65.6571 3.66057 3.17155 165.911 761.602
208.623 65.8937 3.65602 3.15096 165.51 695.201
210.457 65.8251 3.65316 3.11783 117.085 611.497
212.122 65.8371 3.66153 3.10626 142.236 535.439
214.181 66.267 3.65829 3.07361 161.425 447.897
218.473 66.2305 3.6921 3.0978 157.949 261.59
214.843 62.3987 3.61342 3.10596 171.248 534.199
213.052 64.4091 3.66112 3.16562 210.657 509.636
199.305 63.8864 3.66269 3.17581 100.605 1168.31
205.522 64.7962 3.67059 3.16613 128.951 852.033
208.018 65.18 3.67228 3.13137 106.351 728.807
210.64 65.1479 3.6712 3.15945 176.006 607.248
216.846 65.3064 3.63014 3.10878 205.904 316.549
196.446 62.7492 3.67298 3.18859 113.641 1347.52
199.398 63.2842 3.66924 3.16818 122.489 1186.6
200.922 63.3965 3.67931 3.18064 92.5252 1110.82
203.285 63.465 3.68079 3.21593 119.239 997.655
204.379 63.994 3.67684 3.1693 130.798 927.532
205.853 64.1767 3.68153 3.16097 153.274 852.771
214.63 64.613 3.65942 3.13218 241.907 430.563
216.436 64.5012 3.66835 3.15634 237.574 349.946
195.344 61.9331 3.68053 3.12793 58.0705 1438.11
198.469 62.2938 3.69348 3.19093 85.9304 1274.16
201.699 62.7161 3.68534 3.18447 111.026 1103.49
205.93 63.3569 3.68002 3.2178 123.517 878.472
214.222 63.8036 3.6636 3.1524 178.172 477.948
217.924 64.0292 3.6726 3.03543 250.801 303.197
197.317 61.3416 3.6716 3.19146 80.5064 1377.32
198.513 61.678 3.67146 3.18273 73.1033 1303.46
200.525 61.7105 3.64109 3.15326 67.7544 1208.3
201.703 62.1344 3.65437 3.15286 87.3207 1131.49
203.311 62.2195 3.64158 3.16865 91.2519 1052.68
205.146 62.1816 3.63112 3.12583 126.078 970.284
206.12 62.4787 3.63431 3.11676 152.966 910.155
216.652 63.0254 3.64338 3.07968 173.368 418.339
218.173 63.0618 3.6228 3.16065 318.112 358.161
193.799 60.3849 3.66552 3.19261 46.665 1596.05
196.65 60.4135 3.65263 3.17865 96.9733 1462.04
198.04 60.7515 3.64475 3.16849 97.4129 1377.56
199.312 60.6947 3.63661 3.14721 88.9903 1322.4
201.041 61.0224 3.63462 3.16341 110.685 1223.52
202.562 61.4009 3.63339 3.16545 124.836 1131.77
204.176 61.4907 3.63199 3.13018 110.409 1053.1
205.609 61.9037 3.62098 3.11819 151.363 964.407
206.868 61.8823 3.61699 3.11511 132.556 908.79
209.88 61.7531 3.61218 3.12668 110.45 784.113
212.274 61.7929 3.59781 3.15949 122.638 680.74
213.825 62.1067 3.59704 3.07772 147.405 595.661
217.004 62.4013 3.60741 3.12842 199.758 452.607
218.122 62.3579 3.57713 3.12127 206.668 418.656
221.538 62.4435 3.60662 3.09221 131.805 326.313
223.206 62.5763 3.64763 3.04895 161.933 295.695
225.609 62.2024 3.58928 3.18338 105.32 350.64
198.315 59.9237 3.63443 3.14491 104.654 1416.18
199.908 60.1686 3.63055 3.14198 126.304 1327.93
201.231 60.4742 3.63215 3.14398 89.3239 1248.48
202.813 60.5269 3.62669 3.11042 130.934 1173.85
204.11 60.6801 3.6101 3.08918 143.591 1106.06
205.516 60.8132 3.60175 3.10994 90.2996 1035.2
207.791 61.2001 3.60255 3.10459 121.417 910.404
215.402 61.6061 3.55931 3.08067 193.147 574.639
222.911 61.4593 3.65254 3.08933 54.2915 420.977
224.22 61.4862 3.5869 3.02 104.091 417.541
226.918 61.1512 3.5917 3.06934 68.1318 483.018
198.736 59.2533 3.62971 3.11387 79.0725 1441.62
200.175 59.1767 3.61846 3.13585 89.9655 1382.52
201.907 59.5938 3.61795 3.12424 90.6666 1276.7
202.905 59.7733 3.60574 3.1177 86.9385 1220.25
204.792 59.8542 3.59012 3.13991 87.4259 1132.49
205.68 60.1952 3.59205 3.11267 69.8253 1070.12
207.376 60.0815 3.57525 3.09978 122.783 1006.48
210.276 60.4814 3.58409 3.1048 106.527 858.147
219.809 60.7718 3.54836 3.03387 119.035 532.172
221.424 60.3024 3.5772 3.10447 85.4703 559.681
223.909 60.7704 3.6011 3.05108 92.9218 496.447
190.452 56.6011 3.64986 3.15404 59.3509 2007.14
202.009 59.0314 3.5962 3.1022 80.3503 1312.18
203.561 59.1953 3.59182 3.12443 78.1028 1233.17
204.771 59.3922 3.59058 3.14178 94.3297 1167.01
206.768 59.6524 3.57361 3.10002 120.025 1063.82
212.597 59.9979 3.56063 2.99509 109.996 810.034
223.04 60.1218 3.56475 2.99595 80.0732 569.282
226.285 59.5898 3.63227 3.12595 82.0643 642.537
227.183 60.2114 3.60431 3.04788 94.8073 587.23
212.566 65.1171 3.66807 3.17377 192.771 517.767
203.344 58.6774 3.59757 3.15425 84.0191 1281.18
204.113 58.2637 3.58135 3.13548 115.786 1281.14
204.991 58.6484 3.57956 3.11824 99.8194 1214.6
206.355 58.9287 3.56232 3.09718 123.956 1136.78
207.606 58.6097 3.5474 3.05927 80.5099 1112.99
213.66 59.4296 3.53458 3.00757 110.606 824.822
227.731 58.9601 3.59772 3.08364 74.2047 729.788
202.426 57.5673 3.58907 3.16173 69.5039 1406.52
203.613 57.6397 3.58098 3.09817 66.8707 1351.77
205.548 57.5665 3.54667 3.02888 82.9556 1280.41
224.26 58.4133 3.58742 3.07192 55.7955 759.563
225.482 58.2747 3.64216 3.19146 61.0657 780.383
229.033 59.3946 3.62417 3.07578 82.0805 706.925
197.939 55.703 3.59563 3.10895 34.986 1746.24
200.447 56.2848 3.57547 3.10387 49.291 1593.14
223.768 57.9616 3.59735 3.04755 72.7989 809.177
228.869 57.9128 3.60804 3.08768 64.3141 860.235
227.048 56.8144 3.63234 3.13079 35.35 954.673
229.75 56.9811 3.59781 3.06243 70.0774 974.896
212.138 64.8735 3.64259 3.20629 63.1446 541.487
210.428 68.6408 3.57758 2.96171 79.3699 689.578
229.974 55.9154 3.59827 3.10313 44.3673 1092.61
228.385 55.3279 3.62951 3.15204 45.9123 1132.67
209.931 62.7622 3.57605 3.05032 162.151 722.287
211.063 63.7323 3.66713 3.1602 140.961 625.327
211.14 63.4057 3.64657 3.10356 141.583 635.774
218.547 60.1369 3.30075 2.84615 141.932 623.162
217.908 60.4896 3.53299 3.01768 118.891 601.926
217.507 60.403 3.53253 3.01741 123.003 620.537
218.338 61.0595 3.52699 3.05999 128.77 534.715
216.296 60.3923 3.52953 3.02851 119.788 654.474
216.716 60.1205 3.53397 3.02429 110.414 668.958
215.271 60.5805 3.53957 3.05212 141.938 668.252
216.679 60.2805 3.5322 3.03684 133.528 654.414
218.244 60.7315 3.53006 3.02842 163.554 569.618
217.659 60.602 3.53108 3.01861 143.907 597.019
216.749 60.4427 3.53285 3.03175 145.507 636.834
217.639 60.9231 3.5325 3.04524 156.533 566.157
218.995 60.8241 3.54135 3.02719 158.274 543.044
216.976 61.3836 3.55081 3.09587 226.662 541.837
218.049 60.1785 3.53136 3.00627 147.573 629.898
216.031 60.2361 3.53184 3.01882 164.134 676.982
217.533 61.187 3.53465 3.06863 225.826 543.764
218.652 60.2994 3.54795 3.00835 80.4777 604.204
219.217 60.1294 3.54506 3.02068 109.172 610.543
216.221 60.072 3.53755 3.00915 142.1 687.241
218.856 60.4399 3.54835 3.03007 97.6326 585.443
216.546 61.2275 3.54238 3.0911 205.745 569.357
