# evlo=213.824997 evla=62.106701
194.627 64.5646 3.58859 3.15592 77.0762 995.534
217.908 60.4896 3.53804 2.86765 152.99 283.42
217.507 60.403 3.52242 2.84617 83.7508 273.961
218.338 61.0595 3.4632 3.06559 156.905 266.51
220.363 59.9534 3.54488 2.92685 106.877 426.871
225.144 58.5792 3.47981 2.88692 85.078 736.846
216.716 60.1205 3.51495 2.95409 119.463 270.641
209.013 64.0997 3.5395 3.21162 193.085 329.076
209.094 59.7511 3.5203 3.01816 285.903 366.873
209.259 59.7417 3.52331 3.00936 260.88 361.477
210.701 64.1732 3.5437 3.1235 241.882 278.997
208.846 60.7683 3.45052 2.90057 296.953 304.568
207.916 63.4188 3.60594 3.02069 141.015 335.264
212.195 64.6453 3.66142 3.24626 223.987 294.463
204.378 55.8218 3.52529 2.99675 117.491 884.507
200.411 54.831 3.51988 2.80778 109.924 1122.58
207.685 63.8827 3.57956 2.99759 139.661 368.591
208.763 59.5251 3.51602 3.01299 278.703 398.081
209.796 67.2269 3.61915 3.10717 108.586 602.091
218.66 60.9649 3.45169 3.0762 171.902 286.845
217.513 60.0823 3.50798 3.12312 185.088 300.683
196.582 54.8564 3.56709 3.08339 126.385 1283.09
214.766 66.5657 3.5793 3.05679 147.814 499.16
188.296 63.7758 3.60947 3.16993 58.193 1300.49
203.121 64.7461 3.5859 3.12744 105.505 609.026
216.679 60.2805 3.49544 2.92326 180.634 254.838
218.244 60.7315 3.56963 3.20959 200.977 281.262
213.052 64.4091 3.6551 3.06585 216.344 259.555
208.348 59.6572 3.50851 3.0899 265.611 403.434
217.659 60.6024 3.52863 2.89305 126.77 264.857
225.615 58.2758 3.47921 2.92973 63.1291 779.27
215.581 59.9268 3.46893 2.94772 154.05 260.788
197.4 66.8951 3.5967 3.13336 69.0783 948.339
209.077 63.5527 3.5957 3.04166 199.686 290.653
217.277 60.2474 3.49315 2.99503 101.732 278.165
218.995 60.824 3.49229 3.12418 177.786 310.381
218.049 60.1785 3.5226 2.88038 154.599 312.849
218.652 60.2994 3.53799 2.88648 86.3697 328.355
219.217 60.1294 3.51738 2.90592 141.44 364.554
216.221 60.072 3.60347 3.48177 157 260.954
218.856 60.4399 3.55388 2.9752 141.533 327.458
207.417 57.7828 3.55483 2.96013 245.333 599.714
212.138 64.8736 3.68313 3.23056 151.969 319.637
203.383 71.3221 3.58043 2.98122 63.7235 1122.54
205.026 71.0033 3.56621 3.04596 52.0244 1063.74
234.753 71.9871 3.66078 3.14473 114.244 1414.26
198.198 69.3641 3.54885 2.97198 49.2024 1074.84
205.387 69.6211 3.57075 3.04159 76.2503 920.21
194.656 68.2746 3.57047 3.03647 23.7575 1123.02
196.822 68.4753 3.5578 3.02301 62.5646 1058.32
198.806 68.6483 3.55829 2.9985 69.6799 1004.75
205.217 69.1565 3.58461 3.07374 46.3368 878.491
209.387 69.836 3.5348 2.87944 36.2303 884.581
211.299 69.72 3.56174 2.9935 94.222 856.502
215.088 69.9175 3.59977 2.99511 72.5646 872.791
216.289 69.626 3.57499 3.01552 104.921 845.769
235.93 69.3475 3.69466 3.12016 99.8104 1284.04
196.917 67.6988 3.59666 3.03072 31.7111 1009.12
203.387 68.7132 3.54522 3.09068 70.6758 879.297
207.318 68.8799 3.56096 3.14596 57.9554 812.037
209.319 68.9656 3.5685 2.90659 21.3774 792.103
211.177 69.1532 3.55864 2.9989 88.8715 794.919
213.625 69.322 3.5746 3.06256 60.5271 804.573
219.035 69.243 3.57022 3.15344 88.6779 830.272
221.263 69.3286 3.58349 3.06464 96.8794 873.195
198.174 67.082 3.60321 3.10304 63.7797 928.213
199.397 67.4213 3.57916 3.04347 50.9154 903.112
202.768 67.4572 3.56101 3.09903 52.4405 792.927
203.811 68.2575 3.55709 3.07363 74.2809 828.723
206.028 68.4414 3.5797 3.09257 75.1111 793.205
208.187 68.1343 3.58096 3.12825 86.9049 721.619
210.384 68.0584 3.60266 3.06962 107.81 682.764
211.513 68.0748 3.54054 3.02506 95.6571 674.102
214.432 68.1207 3.61186 3.02556 130.165 671.12
218.405 68.1861 3.59346 3.11598 102.106 710.589
220.465 68.6043 3.59075 3.10902 128.683 786.592
222.103 68.3889 3.58712 3.06424 127.768 798.639
223.281 66.3701 3.62558 3.12895 245.665 659.251
193.671 65.4742 3.60973 3.1146 47.5778 1056.44
195.352 65.7077 3.59141 3.10142 43.0542 987.053
198.75 66.442 3.59964 3.12714 50.1854 872.385
200.349 66.6001 3.59697 3.07554 43.0698 818.667
202.227 66.8332 3.58381 3.13224 64.6751 765.246
204.275 67.0486 3.56954 3.08007 65.6658 714.65
206.517 67.2221 3.58072 3.1163 114.775 667.681
207.821 67.5076 3.59029 3.21724 79.1181 665.598
214.357 67.5933 3.60445 3.07072 124.745 612.214
215.855 67.6946 3.59479 3.10434 128.244 630.28
220.128 67.6136 3.57934 3.09135 152.733 682.071
224.214 67.6106 3.63455 3.0976 112.785 784.858
226.258 67.441 3.6513 3.11653 139.45 835.915
195.961 64.9941 3.58685 3.1338 62.4594 940.766
197.645 65.3936 3.60773 3.10027 58.2392 875.521
199.349 65.5011 3.60891 3.08981 56.6696 804.878
201.346 65.895 3.58077 3.08062 62.7203 740.365
202.913 66.1434 3.58494 3.13558 87.6332 694.81
206.494 66.5156 3.57335 3.11198 146.219 605.309
208.493 66.9214 3.57671 3.23304 123.36 594.243
209.976 66.7108 3.62435 3.17753 138.427 545.549
212.525 66.7004 3.63521 3.12298 67.8058 515.917
213.899 66.7653 3.59544 3.05493 135.936 519.369
216.215 66.9498 3.59275 3.11935 115.01 551.888
218.345 66.8088 3.5713 3.07398 161.925 567.21
221.978 66.9116 3.61251 3.12011 157.746 662.456
223.778 66.9808 3.63328 3.1201 158.309 721.735
225.729 66.9227 3.65461 3.11533 100.39 781.977
197.761 64.6379 3.57708 3.12511 61.4016 848.931
200.087 64.937 3.58098 3.11121 69.2348 750.933
201.637 65.1527 3.60475 3.1246 91.9072 691.518
203.551 65.5276 3.58251 3.08062 53.016 632.387
205.119 65.4924 3.57236 3.05624 86.5103 570.54
207.195 65.6571 3.55803 3.11209 221.322 512.08
208.623 65.8937 3.58046 3.19675 118.045 492.609
210.457 65.8251 3.59619 3.19626 183.04 445.999
212.122 65.8371 3.64984 3.11548 92.1989 424.097
214.18 66.267 3.59654 2.96398 66.2315 464.109
214.181 66.267 3.57964 3.06121 118.558 464.111
218.473 66.2305 3.55114 3.0901 176.648 511.986
221.631 66.2191 3.62308 3.10715 163.703 594.427
225.657 65.8052 3.60929 3.08472 98.5784 709.728
213.052 64.4091 3.6551 3.06585 216.344 259.555
199.305 63.8864 3.61121 3.01399 76.841 760.256
205.522 64.7962 3.5948 3.13529 95.3348 510.708
208.018 65.18 3.53297 3.02852 118.794 447.055
210.64 65.1479 3.59127 3.24563 250.498 373.881
216.846 65.3064 3.56258 3.10123 213.338 386.586
218.385 65.6035 3.56373 3.10653 297.461 449.459
220.064 65.4483 3.59158 3.14581 177.792 482.725
221.694 65.3609 3.61585 3.15861 255.334 530.978
223.623 65.2225 3.59704 3.07772 147.405 595.661
196.446 62.7492 3.60124 3.18078 88.1073 897.926
199.398 63.2842 3.61851 3.14198 126.855 748.56
200.922 63.3965 3.61299 3.11379 100.5 673.611
203.285 63.465 3.60582 3.0901 142.986 558.187
204.379 63.994 3.58304 2.9878 67.5512 521.462
205.853 64.1767 3.58317 3.04933 87.168 463.034
214.63 64.613 3.55436 3.04576 257.124 282.256
216.201 64.5654 3.47019 3.18359 40.9075 298.739
216.436 64.5012 3.54002 3.10404 219.545 297.241
221.784 64.453 3.57718 3.10427 214 476.936
221.784 64.4525 3.59251 3.08954 110.348 476.884
223.67 64.5753 3.57351 3.13165 188.346 563.763
195.344 61.9331 3.58288 3.13245 82.846 964.628
198.469 62.2938 3.58216 3.11574 122.842 797.726
201.699 62.7161 3.58716 3.15447 114.76 629.538
205.93 63.3569 3.58349 3.05215 156.053 426.767
217.924 64.0292 3.56839 3.22516 440.25 297.993
222.48 63.8433 3.58822 3.20461 228.373 479.231
197.317 61.3416 3.5859 3.14304 121.206 874.544
198.513 61.678 3.57698 3.14018 107.996 804.678
200.525 61.7105 3.56982 3.17524 124.601 699.125
201.703 62.1344 3.57431 3.16772 139.11 631.755
203.311 62.2195 3.57042 3.16962 157.916 547.489
205.146 62.1816 3.56436 3.2149 277.721 452.368
206.12 62.4787 3.5799 3.22225 221.815 401.74
221.871 63.109 3.59149 3.10103 243.777 427.688
193.799 60.3849 3.5919 3.15972 98.7354 1087.58
196.65 60.4135 3.58721 3.14566 126.889 937.839
198.04 60.7515 3.58159 3.13861 167.997 853.729
199.312 60.6947 3.57839 3.14152 154.874 789.396
201.041 61.0224 3.57126 3.14076 138.335 688.891
202.562 61.4009 3.55478 3.14274 191.176 599.289
204.176 61.4907 3.54514 3.11101 220.071 513.052
205.609 61.9037 3.53849 3.12095 271.592 430.761
206.868 61.8823 3.54122 3.22343 215.487 365.27
221.538 62.4435 3.52831 3.09394 252.502 401.991
223.206 62.5763 3.57041 3.11484 270.082 488.433
225.609 62.2024 3.5727 3.10047 293.604 613.597
198.315 59.9237 3.57713 3.13071 123.699 870.966
199.908 60.1686 3.57089 3.11226 139.742 778.51
201.231 60.4742 3.56863 3.13317 172.43 698.023
202.813 60.5269 3.56304 3.16591 132.952 614.714
204.11 60.6801 3.56096 3.15138 178.249 542.32
205.516 60.8132 3.52994 3.09164 274.5 465.526
207.791 61.2001 3.51108 3.10022 262.835 335.188
222.911 61.4593 3.50883 3.09698 156.925 484.482
224.22 61.4862 3.52682 3.14478 164.555 552.064
226.918 61.1512 3.53686 3.07282 166.222 701.26
198.736 59.2533 3.56102 3.08959 108.515 881.257
200.175 59.1767 3.55408 3.13386 147.461 813.074
201.907 59.5938 3.54246 3.0996 176.742 704.488
202.905 59.7733 3.53333 3.08421 233.657 645.503
204.792 59.8542 3.51532 3.06423 234.427 549.054
205.68 60.1952 3.49829 3.02417 219.966 487.147
207.376 60.0815 3.47819 2.98915 401.365 414.404
210.276 60.4814 3.53316 3.03166 331.369 262.609
219.809 60.7718 3.45929 3.13404 149.321 352.095
221.424 60.3024 3.41708 2.788 152.543 454.965
223.909 60.7704 3.47994 3.0464 178.677 557.68
190.452 56.6011 3.60182 3.13065 73.8443 1453.58
202.009 59.0314 3.54977 3.10693 212.531 731.491
203.561 59.1953 3.53646 3.10036 217.697 647.397
204.771 59.3922 3.53132 3.10011 236.496 578.281
206.768 59.6524 3.49669 3.01947 284.275 470.434
222.262 59.6304 3.40623 2.68928 77.1708 534.428
223.04 60.1218 3.46041 2.89327 209.378 543.208
226.285 59.5898 3.52502 3.00387 211.696 731.69
227.183 60.2114 3.52846 3.07316 180.489 747.958
212.566 65.1171 3.64967 3.04774 128.086 341.314
203.344 58.6774 3.55533 3.12469 186.864 691.528
204.113 58.2637 3.52807 3.07264 167.283 687.083
204.991 58.6484 3.5223 3.03662 172.743 620.341
206.355 58.9287 3.49914 2.96965 245.611 541.369
207.606 58.6097 3.50046 2.99329 271.697 518.83
213.66 59.4296 3.60315 2.87769 156.994 298.431
227.731 58.9601 3.53269 3.01221 166.973 837.882
202.426 57.5673 3.54938 3.09903 166.353 813.156
203.613 57.6397 3.52285 3.04478 146.957 756.696
205.548 57.5665 3.49903 2.9477 117.261 685.491
225.482 58.2747 3.47108 2.91011 47.4686 773.205
229.033 59.3946 3.54858 3.06718 144.299 880.125
197.939 55.703 3.56034 3.07998 88.2451 1155.47
200.447 56.2848 3.5365 3.06356 77.1891 999.22
223.768 57.9616 3.61186 3.18695 59.9791 720.099
228.869 57.9128 3.5357 3.03188 100.776 957.287
227.048 56.8144 3.55831 3.21584 23.5397 950.845
229.75 56.9811 3.53488 2.9974 112.495 1062.29
212.138 64.8735 3.68806 3.22686 111.456 319.629
210.428 68.6408 3.59338 3.02013 100.45 745.196
226.879 56.1146 3.64346 3.31062 41.459 999.152
229.974 55.9154 3.54375 2.96252 44.6684 1150.93
228.385 55.3279 3.65677 3.31665 57.6311 1127.65
217.908 60.4896 3.53804 2.86765 152.99 283.42
217.507 60.403 3.52242 2.84617 83.7508 273.961
218.338 61.0595 3.46327 3.06565 156.905 266.515
216.716 60.1205 3.51495 2.95409 119.463 270.641
216.679 60.2805 3.49544 2.92326 180.634 254.838
218.244 60.7315 3.56963 3.20959 200.977 281.262
217.659 60.602 3.52875 2.89315 126.77 264.866
217.277 60.2474 3.49315 2.99503 101.732 278.165
218.995 60.8241 3.49222 3.12412 177.786 310.376
218.049 60.1785 3.5226 2.88038 154.599 312.849
218.652 60.2994 3.53799 2.88648 86.3697 328.355
219.217 60.1294 3.51738 2.90592 141.44 364.554
216.221 60.072 3.60347 3.48177 157 260.954
218.856 60.4399 3.55388 2.9752 141.533 327.458
209.518 60.7352 3.46918 2.95344 200.654 276.036
209.518 60.7351 3.46904 2.95332 200.654 276.025
