# evlo=200.1754 evla=59.176701
194.627 64.5646 3.649 3.14835 83.9093 667.085
217.908 60.4896 3.56257 2.99759 71.3812 1002.03
217.654 61.036 3.56203 3.05645 65.0751 990.792
217.507 60.403 3.57332 3.03133 60.1791 979.838
218.338 61.0595 3.56122 3.0625 96.7418 1027.84
220.363 59.9534 3.58441 3.05952 55.4986 1140.03
216.3 60.3932 3.58952 3.04869 87.7862 913.274
225.144 58.5792 3.65491 3.26316 76.3457 1433.27
216.716 60.1205 3.6008 3.06899 68.0795 936.136
215.395 60.9677 3.56019 3.04368 134.784 868.412
209.013 64.0997 3.67668 3.13667 102.407 720.171
209.094 59.7511 3.57971 3.17336 134.079 509.307
209.259 59.7417 3.58027 3.17859 130.965 518.506
210.701 64.1732 3.63893 3.21804 97.8998 786.007
208.846 60.7683 3.59689 3.16462 162.736 515.202
207.916 63.4188 3.64811 3.09627 131.77 628.103
212.195 64.6453 3.64681 3.22367 109.303 875.066
204.378 55.8218 3.97859 4.25655 53.4811 450.446
200.411 54.831 3.62749 3.13407 104.586 484.146
207.685 63.8827 3.67702 3.19726 130.395 658.38
208.763 59.5251 3.57933 3.20262 118.564 489.721
209.796 67.2269 3.64906 3.20507 147.826 1016.95
216.907 60.7523 3.57115 3.02461 117.569 948.249
218.66 60.9649 3.56138 3.03893 105.414 1044.63
209.738 62.4058 3.58224 3.0739 189.894 631.999
217.513 60.0823 3.58737 3.07543 74.6111 980.546
212.624 63.0753 3.59583 3.15956 122.176 797.236
214.225 61.1292 3.55871 3.06685 145.018 808.32
215.93 63.6482 3.57904 3.14408 45.9754 974.059
214.25 60.5487 3.57649 3.08749 138.393 801.651
196.582 54.8564 3.64965 3.28947 130.489 528.117
213.401 60.7277 3.57094 3.08145 124.224 757.585
209.784 61.1426 3.57157 3.11793 136.704 576.08
214.766 66.5657 3.6498 3.21376 64.3736 1103.57
188.296 63.7758 3.65796 3.10786 70.6504 812.384
203.121 64.7461 3.66662 3.12585 117.261 639.452
211.074 61.771 3.55776 3.14781 113.762 664.386
216.188 61.4417 3.55263 3.10311 105.516 917.748
212.904 60.8792 3.57501 3.09949 97.5491 733.262
215.271 60.5805 3.57763 3.07548 124.572 857.745
216.679 60.2805 3.60168 3.06943 80.3515 934.026
218.244 60.7315 3.56631 3.03459 91.0477 1020.99
213.052 64.4091 3.63606 3.11682 120.993 892.334
213.497 60.396 3.58625 3.12851 122.285 758.962
215.738 60.3351 3.59285 3.07281 66.6899 882.102
208.348 59.6572 3.59014 3.19828 142.557 466.834
217.659 60.6024 3.57166 2.99687 73.2948 988.604
225.615 58.2758 3.67029 3.28373 42.8605 1468.17
215.581 59.9268 3.60445 3.13335 85.6363 873.241
216.749 60.4427 3.57909 3.04561 80.1184 938.163
217.639 60.9231 3.56564 3.06395 101.951 989.144
214.077 61.4924 3.57452 3.10353 172.584 808.211
211.542 61.4131 3.56852 3.10583 188.77 675.059
197.4 66.8951 3.71406 3.13931 16.678 871.477
209.077 63.5527 3.63188 3.12589 142.417 680.359
218.995 60.824 3.56552 3.03152 101.937 1062.2
216.976 61.3836 3.5541 3.07819 111.885 958.509
211.063 63.7318 3.62485 3.14138 166.467 769.454
211.768 64.9602 3.63441 3.22821 70.1436 882.128
218.049 60.1785 3.58255 3.07764 79.9092 1010.07
209.256 65.0304 3.66129 3.13941 93.9641 804.85
210.931 64.5928 3.63093 3.20862 80.6954 825.13
216.031 60.2361 3.59375 3.0658 65.2297 898.098
191.145 52.9721 3.64563 3.10947 90.2607 889.202
217.533 61.1871 3.55669 3.05757 126.333 985.73
218.652 60.2994 3.56645 3.00648 55.7414 1043.14
211.14 63.4056 3.60432 3.09242 155.106 751.707
219.217 60.1294 3.57634 3.01341 76.7616 1075.08
216.221 60.072 3.60095 3.07944 79.547 908.671
218.856 60.4399 3.5626 3.02225 81.1344 1054.14
216.546 61.2275 3.55648 3.05399 135.245 933.451
207.417 57.7828 3.58944 3.00188 153.064 449.794
212.138 64.8736 3.64266 3.23462 98.3909 889.1
198.929 70.2043 3.59078 3.00665 65.4829 1230.79
203.383 71.3221 3.58769 3.02594 92.8862 1361.93
205.026 71.0033 3.58958 3.01578 89.0707 1337.1
198.198 69.3641 3.59764 3.03082 64.5096 1139.57
202.84 70.0079 3.58491 3.07357 88.8022 1213.95
205.387 69.6211 3.59571 3.02883 64.7428 1190.13
206.58 70.34 3.59732 3.01096 55.1982 1279.66
194.656 68.2746 3.61307 3.14042 100.177 1049.17
196.822 68.4753 3.58357 3.09201 49.4748 1049.22
198.806 68.6483 3.61962 3.10413 62.6395 1057.91
200.413 69.1049 3.60484 3.06913 98.4631 1106.83
205.217 69.1565 3.60383 3.04523 78.9074 1138.29
209.387 69.836 3.60366 3.05201 87.2311 1264.77
211.299 69.72 3.60406 3.08492 86.0808 1286.93
215.088 69.9175 3.62774 3.09983 100.826 1386.33
216.289 69.626 3.62738 3.08344 67.4016 1390.73
235.93 69.3475 3.68813 3.12799 40.8165 2025.5
196.917 67.6988 3.58379 3.15136 46.8486 963.425
201.885 68.4946 3.61141 3.11709 135.402 1042
203.387 68.7132 3.60552 3.07482 99.0854 1074.31
207.318 68.8799 3.60977 3.0511 86.5939 1134.82
209.319 68.9656 3.61018 3.1028 121.019 1176
211.177 69.1532 3.60832 3.09222 122.202 1229.86
213.625 69.322 3.62705 3.11905 164.66 1299.05
219.035 69.243 3.61461 3.17315 35.4454 1436.05
221.263 69.3286 3.63209 3.19606 55.8961 1509.62
198.174 67.082 3.64014 3.16868 69.0246 886.796
199.397 67.4213 3.64539 3.18488 106.251 919.796
202.768 67.4572 3.62987 3.16515 77.2547 931.891
203.811 68.2575 3.62191 3.10706 65.0806 1027.64
206.028 68.4414 3.62616 3.05992 63.1645 1071.09
208.187 68.1343 3.6259 3.10541 76.6257 1072.4
210.384 68.0584 3.63546 3.16909 104.387 1108.7
211.513 68.0748 3.64504 3.18285 118.628 1136.06
218.405 68.1861 3.63961 3.22763 69.5014 1339.68
220.465 68.6043 3.65231 3.20996 63.6997 1435.05
222.103 68.3889 3.64966 3.21993 61.6303 1476.05
223.281 66.3701 3.64235 3.12819 65.6292 1413.37
195.352 65.7077 3.61363 3.19228 115.324 768.787
198.75 66.442 3.65043 3.21609 112.332 812.978
200.349 66.6001 3.62432 3.20192 131.331 827.45
202.227 66.8332 3.64217 3.1599 105.945 859.589
204.275 67.0486 3.63568 3.12781 95.5351 901.01
206.517 67.2221 3.63166 3.10875 106.879 950.701
207.821 67.5076 3.62934 3.12534 93.7823 1002.7
212.113 67.5187 3.65897 3.17721 117.703 1101.22
214.357 67.5933 3.65291 3.12814 80.3054 1170.17
215.855 67.6946 3.63078 3.18361 99.5062 1223.24
220.128 67.6136 3.66315 3.20817 69.4571 1359.39
224.214 67.6106 3.64037 3.09832 71.6257 1509.07
226.258 67.441 3.65018 3.11004 77.8498 1580.27
195.961 64.9941 3.59498 3.13669 113.118 684.33
197.645 65.3936 3.64293 3.09892 52.73 705.064
199.349 65.5011 3.6278 3.21201 115.016 706.142
201.346 65.895 3.63417 3.15969 109.428 751.165
202.913 66.1434 3.65367 3.18574 104.775 788.866
206.494 66.5156 3.64448 3.15666 108.286 877.983
208.493 66.9214 3.65597 3.2065 140.636 958.415
209.976 66.7108 3.65423 3.20929 116.952 973.564
212.525 66.7004 3.65374 3.13457 56.9065 1043.17
216.215 66.9498 3.6508 3.218 82.4598 1179.95
218.345 66.8088 3.64937 3.19808 80.5717 1245.17
221.978 66.9116 3.63305 3.12006 87.5072 1387.56
223.778 66.9808 3.64484 3.11591 66.6588 1461.45
225.729 66.9227 3.65568 3.13201 66.541 1537.08
197.761 64.6379 3.63706 3.16491 91.7799 621.589
200.087 64.937 3.61961 3.20216 154.076 641.978
201.637 65.1527 3.64959 3.19147 133.007 670.305
203.551 65.5276 3.65277 3.12804 142.768 728.818
205.119 65.4924 3.65635 3.14255 148.762 748.512
207.195 65.6571 3.64962 3.23267 163.656 807.119
208.623 65.8937 3.65462 3.21548 108.238 864.085
210.457 65.8251 3.68756 3.14357 96.2536 908.523
212.122 65.8371 3.64962 3.14237 78.4735 961.099
214.181 66.267 3.64698 3.22407 78.4936 1061.96
218.473 66.2305 3.63556 3.14572 59.0043 1214.86
221.631 66.2191 3.64106 3.13677 81.9878 1339.03
225.657 65.8052 3.6436 3.12621 55.2752 1492.02
214.843 62.3987 3.55354 3.11727 156.632 873.351
213.052 64.4091 3.63606 3.11682 120.993 892.334
199.305 63.8864 3.63022 3.20244 111.879 526.863
205.522 64.7962 3.64998 3.20598 124.09 685.549
208.018 65.18 3.66682 3.18427 134.073 782.639
210.64 65.1479 3.66986 3.15441 77.51 858.194
216.846 65.3064 3.64349 3.12297 85.0887 1097.75
218.385 65.6035 3.64193 3.1163 101.354 1176.13
220.064 65.4483 3.63736 3.12507 126.411 1237.54
221.694 65.3609 3.63164 3.13092 93.3871 1303.15
223.623 65.2225 3.61846 3.13585 89.9655 1382.52
196.446 62.7492 3.60847 3.17039 115.901 446.235
199.398 63.2842 3.63295 3.17713 179.386 459.602
200.922 63.3965 3.66081 3.22288 94.6186 471.921
203.285 63.465 3.63372 3.11965 157.409 505.903
204.379 63.994 3.63422 3.15628 142.304 581.095
205.853 64.1767 3.64726 3.20569 175.92 632.581
214.63 64.613 3.63117 3.1059 128.95 968.144
216.436 64.5012 3.61718 3.12047 151.369 1037.25
221.784 64.4525 3.59181 3.14073 79.6041 1273.13
223.67 64.5753 3.59356 3.1144 139.776 1363.91
198.469 62.2938 3.63732 3.20519 114.559 359.547
201.699 62.7161 3.64043 3.19914 196.038 402.907
205.93 63.3569 3.67048 3.23517 154.088 558.375
214.222 63.8036 3.60054 3.09842 156.454 905.645
217.924 64.0292 3.58923 3.13333 118.366 1080.97
222.48 63.8433 3.58741 3.15906 84.8068 1287.65
197.317 61.3416 3.68829 2.92967 134.157 288.422
198.513 61.678 3.6191 3.17065 77.9665 293.323
200.525 61.7105 3.63414 3.21772 245.373 282.97
201.703 62.1344 3.62768 3.20172 228.538 339.955
203.311 62.2195 3.63784 3.13549 155.194 379.75
205.146 62.1816 3.66282 3.19565 170.711 430.902
206.12 62.4787 3.6618 3.15754 160.256 489.468
216.652 63.0254 3.56414 3.17619 102.198 983.005
218.173 63.0618 3.56781 3.17523 116.921 1057.7
221.871 63.109 3.57254 3.13733 76.8934 1240.71
193.799 60.3849 3.56857 3.03405 121.55 382.427
202.562 61.4009 3.65806 3.19147 220.623 280.752
204.176 61.4907 3.65166 3.21933 220.039 339.435
205.609 61.9037 3.63162 3.17969 210.84 425.473
206.868 61.8823 3.59861 3.16261 198.415 474.909
209.88 61.7531 3.59327 3.1924 139.983 605.321
212.274 61.7929 3.55838 3.12277 178.996 724.85
213.825 62.1067 3.55408 3.13386 147.461 813.074
217.004 62.4013 3.54678 3.07223 149.43 980.946
218.122 62.3579 3.54481 3.07398 169.269 1036.27
221.538 62.4435 3.55279 3.10766 128.789 1211.89
223.206 62.5763 3.563 3.11425 107.714 1299.05
225.609 62.2024 3.56281 3.10294 147.359 1419.79
204.11 60.6801 3.63212 3.11403 215.887 276.462
205.516 60.8132 3.63689 3.19084 267.074 349.25
207.791 61.2001 3.6105 3.16803 196.409 478.513
215.402 61.6061 3.56857 3.09618 95.9226 879.737
222.911 61.4593 3.53806 3.05142 119.689 1275.01
224.22 61.4862 3.54098 3.05121 109.063 1344.82
226.918 61.1512 3.5503 3.02799 103.128 1490.27
204.792 59.8542 3.58442 3.30697 286.892 271.979
205.68 60.1952 3.62009 3.26868 255.411 330.047
207.376 60.0815 3.62274 3.23249 193.484 418.367
210.276 60.4814 3.58617 3.14082 155.952 584.215
219.809 60.7718 3.55858 3.03116 77.8309 1106.41
221.424 60.3024 3.5627 2.99975 82.8531 1196.29
223.909 60.7704 3.55528 3.03065 74.1104 1329.77
190.452 56.6011 3.67853 3.21061 151.531 643.353
204.771 59.3922 3.60373 3.22169 196.194 262.985
206.768 59.6524 3.60106 3.24971 160.121 377.923
212.597 59.9979 3.59302 3.1209 138.803 706.6
222.262 59.6304 3.60106 3.13285 66.6421 1249.76
223.04 60.1218 3.56646 3.03058 69.6033 1287.12
226.285 59.5898 3.59723 3.1025 37.2523 1475.11
227.183 60.2114 3.57841 3.08051 56.1704 1514.55
212.566 65.1171 3.64945 3.26226 119.152 922.03
204.991 58.6484 3.61593 3.18863 172.165 283.606
206.355 58.9287 3.62595 3.15364 180.976 355.6
207.606 58.6097 3.59094 3.0794 211.058 432.784
213.66 59.4296 3.59862 3.13571 99.2804 767.413
227.731 58.9601 3.63739 3.21399 50.4897 1569.54
203.613 57.6397 3.49826 3.02 73.0404 263.926
205.548 57.5665 3.56917 3.0032 44.5185 361.785
224.26 58.4133 3.6741 3.291 64.8253 1387.49
225.482 58.2747 3.666 3.2626 47.1066 1460.64
229.033 59.3946 3.60381 3.07365 54.8811 1632.09
197.939 55.703 3.64888 3.06987 102.172 409.449
200.447 56.2848 3.6277 3.12049 116.024 322.484
223.768 57.9616 3.70221 3.33228 49.3003 1372.27
225.424 57.4688 3.72514 3.39678 55.1879 1482.61
228.869 57.9128 3.66962 3.28008 68.5189 1663.78
227.048 56.8144 3.74773 3.40517 59.0386 1599.52
229.75 56.9811 3.70862 3.35363 33.1258 1747.25
210.428 68.6408 3.62399 3.12514 121.023 1165.33
226.879 56.1146 3.76916 3.40216 74.4398 1619
229.974 55.9154 3.75058 3.42477 43.7093 1804.84
228.385 55.3279 3.77817 3.43313 69.2626 1741.44
227.653 56.4191 3.75614 3.40459 52.1095 1650.22
209.931 62.7622 3.11697 2.6897 124.218 661.272
211.063 63.7323 3.6251 3.14159 166.467 769.506
211.14 63.4057 3.60434 3.09244 155.106 751.712
218.547 60.1369 3.93492 3.72093 124.675 1037.83
217.908 60.4896 3.56257 2.99759 71.3812 1002.03
217.507 60.403 3.57332 3.03133 60.1791 979.838
218.338 61.0595 3.56124 3.06252 96.7418 1027.84
216.296 60.3923 3.58878 3.04806 87.7862 913.084
216.716 60.1205 3.6008 3.06899 68.0795 936.136
215.271 60.5805 3.57763 3.07548 124.572 857.745
216.679 60.2805 3.60168 3.06943 80.3515 934.026
218.244 60.7315 3.56631 3.03459 91.0477 1020.99
217.659 60.602 3.57156 2.99678 73.2948 988.576
216.749 60.4427 3.57909 3.04561 80.1184 938.163
217.639 60.9231 3.5656 3.06392 101.951 989.133
218.995 60.8241 3.56552 3.03152 101.937 1062.2
216.976 61.3836 3.5541 3.07819 111.885 958.509
218.049 60.1785 3.58255 3.07764 79.9092 1010.07
216.031 60.2361 3.59375 3.0658 65.2297 898.098
217.533 61.187 3.55673 3.0576 126.333 985.74
218.652 60.2994 3.56645 3.00648 55.7414 1043.14
219.217 60.1294 3.57634 3.01341 76.7616 1075.08
216.221 60.072 3.60095 3.07944 79.547 908.671
218.856 60.4399 3.5626 3.02225 81.1344 1054.14
216.546 61.2275 3.55648 3.05399 135.245 933.451
