# evlo=198.736206 evla=59.2533
225.449 60.24 3.55113 3.06017 15.7623 1495.64
194.627 64.5646 3.60088 3.15497 104.803 629.761
217.908 60.4896 3.55606 3.0052 74.4558 1078.83
217.654 61.036 3.56344 3.05399 92.8036 1065.64
217.507 60.403 3.56396 3.04709 50.9167 1056.92
218.338 61.0595 3.55826 3.05689 98.9825 1102.66
220.363 59.9534 3.57347 3.0352 67.9246 1218.22
216.3 60.3932 3.58054 3.07645 64.8905 990.389
225.144 58.5792 3.65217 3.25704 52.1433 1513.35
215.395 60.9677 3.55737 3.05953 122.302 943.192
209.013 64.0997 3.6569 3.19312 145.783 764.981
209.094 59.7511 3.58482 3.17388 130.03 588.616
209.259 59.7417 3.58386 3.16578 146.587 597.872
210.701 64.1732 3.65792 3.14176 134.921 834.947
208.846 60.7683 3.59632 3.13046 123.707 587.982
207.916 63.4188 3.64892 3.1764 181.199 674.821
212.195 64.6453 3.64881 3.14297 72.9258 924.127
200.411 54.831 3.64017 3.13119 85.9685 502.805
207.685 63.8827 3.6534 3.16397 162.765 700.373
208.763 59.5251 3.57805 3.15381 144.183 570.02
209.796 67.2269 3.6544 3.14779 92.3439 1044.85
216.907 60.7523 3.56793 3.0121 98.002 1024.09
218.66 60.9649 3.56275 3.06125 113.57 1119.82
209.738 62.4058 3.57886 3.07882 163.733 692.62
217.513 60.0823 3.56654 3.02964 53.5341 1058.63
212.624 63.0753 3.59316 3.12345 139.16 857.827
214.225 61.1292 3.55875 3.07402 137.189 882.045
215.93 63.6482 3.58579 3.11946 69.9318 1035.14
214.25 60.5487 3.56894 3.07475 97.6042 878.026
196.582 54.8564 3.60706 3.15645 101.713 506.716
213.401 60.7277 3.57016 3.08172 106.664 833.001
209.784 61.1426 3.58247 3.10494 98.1426 646.963
214.766 66.5657 3.67204 3.20062 70.9296 1146.08
188.296 63.7758 3.66083 3.20523 47.5975 748.566
203.121 64.7461 3.6509 3.23345 156.445 653.465
211.074 61.771 3.57842 3.14308 126.048 732.099
216.188 61.4417 3.55961 3.10752 112.644 990.621
212.904 60.8792 3.56521 3.10368 126.468 807.783
215.271 60.5805 3.57516 3.05554 106.306 934.109
216.679 60.2805 3.58593 3.10184 57.1699 1011.52
218.244 60.7315 3.56255 3.03484 98.5933 1096.98
213.052 64.4091 3.635 3.12684 130.697 944.642
213.497 60.396 3.58654 3.08907 106.716 835.882
215.738 60.3351 3.58849 3.07092 93.0136 959.41
208.348 59.6572 3.58556 3.18778 132.702 546.529
217.659 60.6024 3.55943 3.02367 71.9276 1065.02
225.615 58.2758 3.66635 3.27569 58.577 1548.6
215.581 59.9268 3.59205 3.12036 88.9791 951.912
216.749 60.4427 3.57633 3.02568 73.179 1015.11
217.639 60.9231 3.56248 3.04313 123.223 1064.41
214.077 61.4924 3.5607 3.09208 118.393 880.019
211.542 61.4131 3.56176 3.06982 124.738 745.692
197.4 66.8951 3.67042 3.20868 44.1924 854.393
209.077 63.5527 3.64244 3.15742 148.905 729.696
218.995 60.824 3.56253 3.05054 86.4028 1137.89
216.976 61.3836 3.55584 3.09501 117.42 1031.84
211.063 63.7318 3.62013 3.12348 162.838 822.475
211.768 64.9602 3.68837 3.21033 53.0713 928.17
218.049 60.1785 3.5594 3.03593 62.0539 1087.84
209.256 65.0304 3.65693 3.13842 89.1747 843.734
210.931 64.5928 3.66749 3.21465 116.043 871.662
216.031 60.2361 3.59804 3.0848 67.9956 975.751
191.145 52.9721 3.65743 3.20224 129.216 842.739
217.533 61.1871 3.55863 3.06515 116.849 1059.97
218.652 60.2994 3.55636 3.01978 57.9264 1120.52
211.14 63.4056 3.60666 3.10997 180.474 807.317
219.217 60.1294 3.55694 2.99767 103.272 1152.91
216.221 60.072 3.58942 3.0761 45.2894 986.856
218.856 60.4399 3.54862 2.99081 70.1879 1131.07
216.546 61.2275 3.56206 3.07834 137.332 1007.35
207.417 57.7828 3.59343 3.00609 162.219 531.26
198.929 70.2043 3.59456 2.99912 80.6745 1220.92
203.383 71.3221 3.58687 2.98358 103.034 1361.98
205.026 71.0033 3.59828 2.96122 61.3145 1341.16
198.198 69.3641 3.61239 3.04953 82.7969 1127.44
202.84 70.0079 3.5793 3.00597 79.5844 1214.26
205.387 69.6211 3.60319 3.03135 91.8181 1197.71
206.58 70.34 3.59902 3.04645 81.1418 1288.52
194.656 68.2746 3.58446 3.13659 70.7847 1025.02
196.822 68.4753 3.62733 3.12132 83.9143 1032.18
198.806 68.6483 3.62102 3.10115 121.699 1047.31
200.413 69.1049 3.6 3.0592 114.159 1101.16
205.217 69.1565 3.6086 3.03913 95.0506 1146.47
209.387 69.836 3.61659 3.11071 99.4928 1281.35
211.299 69.72 3.61391 3.08916 105.793 1307.98
215.088 69.9175 3.62815 3.06924 54.9917 1413.64
216.289 69.626 3.61074 3.07359 56.7988 1421.18
235.93 69.3475 3.68777 3.1352 38.6405 2073.85
196.917 67.6988 3.63573 3.17248 56.015 945.657
201.885 68.4946 3.6155 3.05745 89.4204 1041.39
203.387 68.7132 3.6158 3.03924 113.553 1078.09
207.318 68.8799 3.62159 3.15072 110.29 1149.43
209.319 68.9656 3.63933 3.13182 76.3971 1195.38
211.177 69.1532 3.62709 3.10963 99.975 1252.77
213.625 69.322 3.62787 3.07313 68.3595 1326.19
219.035 69.243 3.64138 3.17411 81.0973 1472.12
221.263 69.3286 3.66249 3.18767 53.0053 1548.05
198.174 67.082 3.63424 3.20421 119.756 873.064
199.397 67.4213 3.62778 3.16121 105.201 911.042
202.768 67.4572 3.63061 3.12263 110.754 935.978
203.811 68.2575 3.6228 3.08601 144.372 1033.66
206.028 68.4414 3.61973 3.15724 117.686 1083.46
208.187 68.1343 3.65005 3.20075 107.808 1091.96
210.384 68.0584 3.64295 3.17752 118.112 1134.29
211.513 68.0748 3.64719 3.11342 88.689 1164.24
218.405 68.1861 3.68087 3.20799 64.1805 1379.7
223.281 66.3701 3.64659 3.09533 52.9303 1467.11
193.671 65.4742 3.62224 3.21264 91.2417 740.688
195.352 65.7077 3.58677 3.0839 86.9079 739.965
198.75 66.442 3.633 3.21201 148.116 801.241
200.349 66.6001 3.644 3.13603 88.6649 822.887
202.227 66.8332 3.64423 3.13759 113.482 862.796
204.275 67.0486 3.63731 3.1646 118.565 911.781
206.517 67.2221 3.65514 3.25237 133.629 968.788
207.821 67.5076 3.65899 3.25126 119.044 1023.72
212.113 67.5187 3.65166 3.12927 97.4206 1133.38
214.357 67.5933 3.65651 3.17496 71.1197 1206.55
215.855 67.6946 3.67256 3.20908 84.5567 1261.77
224.214 67.6106 3.64763 3.1332 70.413 1557.97
226.258 67.441 3.65198 3.08951 58.6041 1631.39
197.645 65.3936 3.64279 3.25558 139.666 686.644
199.349 65.5011 3.63326 3.153 141.413 697.036
201.346 65.895 3.64592 3.13651 141.933 752.141
202.913 66.1434 3.64271 3.1359 129.423 796.723
206.494 66.5156 3.67275 3.2964 155.338 898.992
208.493 66.9214 3.67167 3.19904 100.716 984.084
209.976 66.7108 3.66674 3.13185 89.2921 1004.56
212.525 66.7004 3.66556 3.16023 89.5527 1080.49
218.345 66.8088 3.64349 3.13622 92.6019 1291.85
221.978 66.9116 3.63621 3.11673 66.2352 1437.71
223.778 66.9808 3.64661 3.10468 64.9959 1512.81
225.729 66.9227 3.64981 3.0888 52.3683 1590.07
197.761 64.6379 3.63603 3.17934 131.876 602.244
200.087 64.937 3.64012 3.14517 146.569 637.311
201.637 65.1527 3.65194 3.119 154.4 674.409
203.551 65.5276 3.65629 3.22469 164.741 741.779
205.119 65.4924 3.66726 3.27748 135.072 768.946
207.195 65.6571 3.67126 3.1714 105.004 835.075
208.623 65.8937 3.66358 3.12038 88.927 895.583
210.457 65.8251 3.65923 3.17534 113.057 945.819
212.122 65.8371 3.65995 3.2003 112.686 1002.45
218.473 66.2305 3.64185 3.14009 104.685 1264.67
221.631 66.2191 3.64394 3.13043 57.2681 1392.14
225.657 65.8052 3.64643 3.12579 54.7193 1549.71
214.843 62.3987 3.55861 3.08795 121.607 940.632
213.052 64.4091 3.635 3.12684 130.697 944.642
199.305 63.8864 3.64377 3.16389 179.351 517.183
205.522 64.7962 3.69552 3.28846 95.1348 711.716
208.018 65.18 3.67335 3.14456 84.3945 816.461
216.846 65.3064 3.64805 3.17145 86.7951 1150.47
218.385 65.6035 3.64536 3.16608 113.612 1229.11
220.064 65.4483 3.63392 3.12007 116.219 1293.01
221.694 65.3609 3.63472 3.11081 106.104 1360.38
223.623 65.2225 3.62971 3.11387 79.0725 1441.62
196.446 62.7492 3.67099 3.2289 95.4735 408.713
199.398 63.2842 3.64988 3.15331 183.648 450.571
200.922 63.3965 3.65317 3.16125 141.926 476.236
203.285 63.465 3.66888 3.24469 132.466 528.352
204.379 63.994 3.678 3.2815 161.061 606.665
205.853 64.1767 3.6511 3.1319 112.586 664.515
214.63 64.613 3.63788 3.14493 167.106 1021.8
216.436 64.5012 3.6252 3.10427 143.359 1094
221.784 64.453 3.60451 3.13923 41.0419 1334.68
221.784 64.4525 3.60469 3.13795 92.2806 1334.63
223.67 64.5753 3.60904 3.12901 114.251 1425.84
195.344 61.9331 3.62437 3.12668 130.165 351.604
198.469 62.2938 3.65472 3.14119 223.572 339.1
201.699 62.7161 3.64544 3.18455 184.374 417.747
205.93 63.3569 3.64903 3.12871 190.119 597.381
214.222 63.8036 3.59972 3.09749 195.471 963.736
217.924 64.0292 3.60101 3.13242 142.221 1141.83
222.48 63.8433 3.59868 3.1381 105.448 1352.2
198.513 61.678 3.67643 3.18405 215.41 270.439
200.525 61.7105 3.64257 3.12186 253.213 290.892
201.703 62.1344 3.66608 3.19821 212.822 359.522
203.311 62.2195 3.66892 3.16994 188.642 413.961
205.146 62.1816 3.62149 3.17286 212.908 478.014
206.12 62.4787 3.62388 3.18986 225.194 538.063
216.652 63.0254 3.57886 3.19832 86.2023 1048.19
221.871 63.109 3.56571 3.07473 69.3972 1308.13
193.799 60.3849 3.57451 3.10562 120.242 304.245
202.562 61.4009 3.6189 3.08582 222.386 319.183
204.176 61.4907 3.61093 3.09082 201.757 389.929
205.609 61.9037 3.60963 3.1323 224.975 478.293
206.868 61.8823 3.59711 3.10712 155.773 532.988
209.88 61.7531 3.59222 3.13316 133.055 671.575
212.274 61.7929 3.5665 3.08741 116.909 793.654
213.825 62.1067 3.56102 3.08959 108.515 881.257
217.004 62.4013 3.54404 3.05711 132.958 1049.58
218.122 62.3579 3.54687 3.07236 133.224 1105.62
221.538 62.4435 3.55526 3.10473 105.586 1281.92
223.206 62.5763 3.56738 3.1156 112.348 1368.89
225.609 62.2024 3.568 3.10947 99.1798 1491.16
202.813 60.5269 3.60723 3.15204 350.097 268.694
204.11 60.6801 3.62323 3.17927 236.843 339.527
205.516 60.8132 3.61763 3.1533 219.502 415.731
207.791 61.2001 3.60956 3.17216 206.852 546.088
215.402 61.6061 3.55836 3.10104 138.233 951.56
222.911 61.4593 3.54557 3.04562 113.038 1348.69
224.22 61.4862 3.54902 3.05302 100.15 1418.41
226.918 61.1512 3.55566 3.0448 122.907 1564.67
204.792 59.8542 3.58217 3.19342 231.01 348.805
205.68 60.1952 3.60712 3.20166 181.578 404.311
207.376 60.0815 3.60611 3.2194 162.465 495.218
210.276 60.4814 3.57223 3.11092 132.13 659.89
219.809 60.7718 3.55776 3.06064 92.5763 1182.28
221.424 60.3024 3.55561 2.99481 103.893 1273.45
223.909 60.7704 3.53835 3.01313 82.5814 1405.45
190.452 56.6011 3.66422 3.15043 128.6 572.322
203.561 59.1953 3.60149 3.10873 175.951 275.493
204.771 59.3922 3.58534 3.12976 181.832 343.819
206.768 59.6524 3.59263 3.2035 165.08 457.439
212.597 59.9979 3.58665 3.11078 90.7563 785.069
222.262 59.6304 3.59629 3.12676 61.1948 1328.45
223.04 60.1218 3.5632 3.02513 75.9292 1364.57
226.285 59.5898 3.59109 3.08438 48.9047 1553.22
227.183 60.2114 3.56147 3.06819 67.1718 1591.21
203.344 58.6774 3.60174 3.13696 217.813 272.714
204.113 58.2637 3.61797 3.12739 152.682 330.056
204.991 58.6484 3.61931 3.14053 206.011 366.138
206.355 58.9287 3.60706 3.11987 139.741 438.012
207.606 58.6097 3.58969 3.09472 167.535 515.406
213.66 59.4296 3.59303 3.13836 84.2092 847.693
227.731 58.9601 3.63276 3.21492 46.1501 1648.52
202.426 57.5673 3.55572 3.07443 73.1062 285.904
203.613 57.6397 3.56852 3.15111 56.3821 336.619
205.548 57.5665 3.588 3.0888 67.5037 439.997
224.26 58.4133 3.66807 3.26968 42.392 1467.99
225.482 58.2747 3.66719 3.2723 49.6849 1541.1
197.939 55.703 3.63314 3.15855 225.536 398.265
200.447 56.2848 3.60427 3.09929 68.2351 345.901
223.768 57.9616 3.69291 3.32325 30.185 1453.45
225.424 57.4688 3.71317 3.36212 57.9431 1564.03
227.048 56.8144 3.74153 3.36402 44.0118 1681.24
229.75 56.9811 3.69481 3.29276 29.7422 1828.33
210.428 68.6408 3.63289 3.14682 107.553 1188.58
226.879 56.1146 3.75773 3.39333 84.1431 1701.21
229.974 55.9154 3.74125 3.40371 46.1496 1886.72
228.385 55.3279 3.76641 3.41144 63.7612 1823.83
227.653 56.4191 3.74344 3.40841 51.0352 1732.13
209.931 62.7622 3.08304 2.6613 106.671 719.347
211.063 63.7323 3.62042 3.12435 162.75 822.525
211.14 63.4057 3.60669 3.10999 180.474 807.322
218.547 60.1369 3.91083 3.64938 106.289 1115.69
217.908 60.4896 3.55606 3.0052 74.4558 1078.83
217.507 60.403 3.56396 3.04709 50.9167 1056.92
218.338 61.0595 3.55828 3.05691 98.9825 1102.67
216.296 60.3923 3.57986 3.07587 64.8905 990.202
215.271 60.5805 3.57516 3.05554 106.306 934.109
216.679 60.2805 3.58593 3.10184 57.1699 1011.52
218.244 60.7315 3.56255 3.03484 98.5933 1096.98
217.659 60.602 3.55934 3.02359 71.9276 1064.99
216.749 60.4427 3.57633 3.02568 73.179 1015.11
217.639 60.9231 3.56244 3.0431 123.223 1064.4
218.995 60.8241 3.56253 3.05054 86.4028 1137.89
216.976 61.3836 3.55584 3.09501 117.42 1031.84
218.049 60.1785 3.5594 3.03593 62.0539 1087.84
216.031 60.2361 3.59804 3.0848 67.9956 975.751
217.533 61.187 3.55866 3.06518 116.849 1059.98
218.652 60.2994 3.55636 3.01978 57.9264 1120.52
219.217 60.1294 3.55694 2.99767 103.272 1152.91
216.221 60.072 3.58942 3.0761 45.2894 986.856
218.856 60.4399 3.54862 2.99081 70.1879 1131.07
216.546 61.2275 3.56206 3.07834 137.332 1007.35
