# evlo=202.009399 evla=59.031399
225.449 60.24 3.57411 3.05592 72.6059 1322.04
194.627 64.5646 3.62548 3.16163 32.7608 728.25
217.908 60.4896 3.55854 3.01005 97.1343 905.88
217.654 61.036 3.55997 3.07221 101.839 897.81
217.507 60.403 3.5648 3.02485 101.655 883.26
218.338 61.0595 3.55336 3.05587 107.705 934.803
220.363 59.9534 3.59158 3.07368 103.261 1041.45
216.3 60.3932 3.58745 3.07924 123.806 816.779
225.144 58.5792 3.66926 3.26675 68.4469 1331.43
216.716 60.1205 3.58238 3.04256 103.639 838.111
215.395 60.9677 3.56671 3.05323 161.077 775.884
209.013 64.0997 3.65438 3.25099 162.754 675.549
209.094 59.7511 3.57601 3.20688 219.993 410.239
209.259 59.7417 3.57378 3.19502 237.831 419.277
210.701 64.1732 3.64667 3.17027 124.109 734.328
208.846 60.7683 3.61347 3.12608 205.04 428.507
207.916 63.4188 3.64677 3.26214 256.859 582.321
212.195 64.6453 3.63145 3.11074 138.934 822.21
204.378 55.8218 3.51252 3.00878 72.6794 384.655
200.411 54.831 3.59958 3.07251 150.806 477.736
207.685 63.8827 3.65765 3.25445 150.494 619.028
208.763 59.5251 3.56922 3.20293 218.181 388.746
209.796 67.2269 3.62704 3.16981 117.73 992.599
216.907 60.7523 3.57763 3.06783 140.402 853.755
218.66 60.9649 3.55511 3.03837 118.662 950.973
209.738 62.4058 3.58608 3.16818 207.512 564.421
217.513 60.0823 3.58717 3.06692 125.912 882.326
212.624 63.0753 3.59747 3.20028 198.203 727.743
214.225 61.1292 3.55265 3.05026 120.879 717.753
215.93 63.6482 3.58564 3.17998 85.0588 902.516
214.25 60.5487 3.57627 3.07497 146.032 706.689
196.582 54.8564 3.58693 3.07108 112.97 569.919
213.401 60.7277 3.57052 3.08438 123.884 664.404
209.784 61.1426 3.5665 3.04974 224.231 492.03
214.766 66.5657 3.67826 3.19078 55.1228 1058.24
188.296 63.7758 3.64138 3.16287 71.3043 900.424
203.121 64.7461 3.65331 3.16885 156.954 639.516
211.074 61.771 3.55712 3.14352 172.49 584.772
216.188 61.4417 3.54949 3.05225 155.558 828.143
212.904 60.8792 3.58039 3.09486 142.157 641.712
215.271 60.5805 3.57935 3.06387 144.414 762.634
216.679 60.2805 3.58107 3.04232 107.956 836.855
218.244 60.7315 3.55915 3.05982 93.4296 926.108
213.052 64.4091 3.61279 3.14879 201.194 834.524
213.497 60.396 3.58722 3.10331 173.977 663.212
215.738 60.3351 3.5847 3.06377 111.157 785.354
208.348 59.6572 3.58906 3.25968 206.824 367.222
217.659 60.6024 3.56174 3.0281 109.635 893.095
225.615 58.2758 3.69283 3.32249 53.7359 1365.77
215.581 59.9268 3.59576 3.11171 156.555 774.222
216.749 60.4427 3.57371 3.0386 139.218 841.887
217.639 60.9231 3.56427 3.07146 139.605 895.486
214.077 61.4924 3.56155 3.06605 181.996 720.794
211.542 61.4131 3.55875 3.06292 263.459 590.461
197.4 66.8951 3.60659 3.2004 48.206 906.546
209.077 63.5527 3.64298 3.21557 249.91 629.625
218.995 60.824 3.56005 3.0314 139.383 967.713
216.976 61.3836 3.55138 3.03486 147.653 868.037
211.063 63.7318 3.59501 3.07902 196.065 711.86
211.768 64.9602 3.673 3.18974 77.6003 833.61
218.049 60.1785 3.5781 3.05292 136.058 912.331
209.256 65.0304 3.65128 3.24086 115.701 767.576
210.931 64.5928 3.66912 3.22986 133.246 776.527
216.031 60.2361 3.58758 3.06113 136.752 800.741
191.145 52.9721 3.63319 3.15687 191.603 954.151
217.533 61.1871 3.55897 3.03203 113.147 893.724
218.652 60.2994 3.56552 3.02954 93.898 945.99
211.14 63.4056 3.57843 3.10446 182.823 690.383
219.217 60.1294 3.57998 3.03399 130.134 977.149
216.221 60.072 3.59057 3.04709 138.616 810.406
218.856 60.4399 3.56624 3.01594 116.706 957.672
216.546 61.2275 3.56017 3.03471 179.419 842.141
207.417 57.7828 3.56945 2.97973 196.063 345.213
212.138 64.8736 3.64821 3.12849 97.0728 838.488
198.929 70.2043 3.54753 2.97989 40.338 1253.9
203.383 71.3221 3.60413 3.00194 87.9449 1371.74
205.026 71.0033 3.60042 3.04219 105.989 1341.9
234.753 71.9871 3.61732 3.05216 33.6792 2044.95
198.198 69.3641 3.5619 3.0267 58.8257 1166.1
202.84 70.0079 3.60234 3.05234 76.6474 1224.32
205.387 69.6211 3.59523 3.07711 105.628 1191.34
206.58 70.34 3.59944 3.04221 106.32 1278.6
196.822 68.4753 3.60127 3.12077 83.3312 1082.49
198.806 68.6483 3.57343 3.0897 51.7194 1083.19
200.413 69.1049 3.60005 3.03091 43.3409 1125.57
205.217 69.1565 3.6005 3.0747 96.7007 1139.12
209.387 69.836 3.60336 3.02141 109.918 1253.69
211.299 69.72 3.60257 3.08032 74.9572 1269.8
215.088 69.9175 3.60091 3.10982 104.162 1360.26
216.289 69.626 3.61898 3.12636 108.898 1360.42
235.93 69.3475 3.68878 3.15767 54.7394 1968.79
196.917 67.6988 3.60167 3.14801 76.2924 998.342
201.885 68.4946 3.63312 3.11659 72.3402 1054.9
203.387 68.7132 3.61188 3.1293 84.6496 1081.32
207.318 68.8799 3.62526 3.04925 131.11 1127.24
209.319 68.9656 3.61227 3.08038 117.973 1161.82
211.177 69.1532 3.6001 3.10131 77.6256 1210.61
213.625 69.322 3.6015 3.12842 82.3938 1273.67
219.035 69.243 3.6473 3.16275 42.2543 1397.87
198.174 67.082 3.59693 3.14658 66.894 917.628
199.397 67.4213 3.59464 3.12133 52.4916 944.14
202.768 67.4572 3.63518 3.18522 97.8571 939.932
203.811 68.2575 3.61689 3.13214 91.0105 1032.2
206.028 68.4414 3.6213 3.08468 79.5691 1067
208.187 68.1343 3.62342 3.09755 135.458 1058.79
210.384 68.0584 3.61952 3.16184 97.3878 1086.71
211.513 68.0748 3.61436 3.14134 85.5052 1110.36
214.432 68.1207 3.65819 3.22157 149.741 1181.35
218.405 68.1861 3.67603 3.26174 54.3056 1296.5
222.103 68.3889 3.6499 3.22753 46.45 1427.48
223.281 66.3701 3.62825 3.15512 103.587 1350.63
193.671 65.4742 3.61739 3.08727 50.9673 837.088
195.352 65.7077 3.63592 3.0358 61.5268 818.965
198.75 66.442 3.58795 3.13388 55.3088 842.32
200.349 66.6001 3.6239 3.1487 52.2752 847.754
202.227 66.8332 3.64396 3.19787 95.0121 869.654
204.275 67.0486 3.63284 3.12162 101.684 900.78
206.517 67.2221 3.63801 3.14962 131.981 940.249
207.821 67.5076 3.62623 3.12968 128.568 987.784
212.113 67.5187 3.63244 3.18814 109.998 1070.33
214.357 67.5933 3.67271 3.27681 105.891 1132.95
215.855 67.6946 3.6827 3.30329 76.5977 1182.72
220.128 67.6136 3.64671 3.17784 67.1408 1309.3
224.214 67.6106 3.64114 3.09277 81.9928 1452.84
226.258 67.441 3.64555 3.13477 94.2749 1520.72
195.961 64.9941 3.63141 3.0653 45.3674 735.39
197.645 65.3936 3.60998 3.206 96.5979 744.097
201.346 65.895 3.64921 3.23983 78.6274 765.718
202.913 66.1434 3.64636 3.14139 121.029 794
206.494 66.5156 3.64836 3.16382 158.829 864.489
208.493 66.9214 3.63558 3.14494 114.301 937.684
209.976 66.7108 3.63101 3.16182 107.12 945.39
212.525 66.7004 3.66842 3.28771 141.297 1005.59
213.899 66.7653 3.68919 3.29789 80.48 1049.1
216.215 66.9498 3.66256 3.20028 56.9446 1133.59
218.345 66.8088 3.64058 3.13787 88.1214 1193.12
221.978 66.9116 3.63817 3.13761 69.4189 1329.99
223.778 66.9808 3.63921 3.14113 142.943 1401.92
225.729 66.9227 3.64443 3.17304 68.663 1475.03
197.761 64.6379 3.61851 3.2007 112.726 663.32
200.087 64.937 3.63701 3.146 65.725 665.737
201.637 65.1527 3.64941 3.20625 97.2901 682.472
203.551 65.5276 3.64876 3.13596 127.075 728.35
205.119 65.4924 3.64718 3.14837 147.422 737.746
207.195 65.6571 3.64975 3.14868 172.13 785.15
208.623 65.8937 3.64099 3.18255 139.166 836.437
210.457 65.8251 3.64167 3.24413 134.002 872.24
212.122 65.8371 3.67444 3.27909 168.7 918.554
218.473 66.2305 3.62941 3.15674 126.561 1158.53
221.631 66.2191 3.62732 3.14919 98.3733 1277.45
225.657 65.8052 3.61068 3.10984 76.3575 1423.4
214.843 62.3987 3.55517 3.11778 240.552 792.836
213.052 64.4091 3.61279 3.14879 201.194 834.524
199.305 63.8864 3.57655 3.06565 69.0821 559.787
205.522 64.7962 3.65459 3.14825 124.306 668.18
208.018 65.18 3.64094 3.19898 113.856 752.868
210.64 65.1479 3.6652 3.26645 171.355 815.72
216.846 65.3064 3.62255 3.17746 138.335 1037.84
218.385 65.6035 3.62043 3.16455 132.154 1115.45
220.064 65.4483 3.60973 3.13106 101.191 1172.97
221.694 65.3609 3.60604 3.13833 124.256 1235.79
223.623 65.2225 3.5962 3.1022 80.3503 1312.18
199.398 63.2842 3.58137 3.05982 75.2484 494.21
200.922 63.3965 3.64211 3.20897 97.2887 489.891
203.285 63.465 3.63452 3.13634 158.225 498.744
204.379 63.994 3.63732 3.1152 170.651 567.118
205.853 64.1767 3.64422 3.16386 136.488 608.332
214.63 64.613 3.61018 3.14543 191.297 907.724
216.436 64.5012 3.58923 3.1245 172.883 971.804
221.784 64.453 3.59054 3.16941 49.7382 1199.68
221.784 64.4525 3.58648 3.1327 59.2066 1199.63
223.67 64.5753 3.58651 3.13612 82.2296 1289.51
195.344 61.9331 3.61979 3.12 66.3504 488.283
198.469 62.2938 3.64807 3.1492 100.352 411.698
201.699 62.7161 3.64733 3.16276 161.033 410.92
205.93 63.3569 3.65861 3.22297 163.564 525.863
214.222 63.8036 3.58286 3.14196 128.195 839.073
217.924 64.0292 3.58831 3.19291 126.367 1009.19
222.48 63.8433 3.59283 3.16233 110.74 1209.63
197.317 61.3416 3.61066 3.05148 113.207 365.942
198.513 61.678 3.68519 3.2086 101.721 352.316
200.525 61.7105 3.64225 3.12372 84.2098 309.508
201.703 62.1344 3.65218 3.16852 176.358 346.15
203.311 62.2195 3.61062 3.11997 161.203 362.288
205.146 62.1816 3.66604 3.23967 283.296 390.682
206.12 62.4787 3.64652 3.26299 190.025 444.527
216.652 63.0254 3.57291 3.13742 149.696 905.163
218.173 63.0618 3.57555 3.14847 166.227 978.276
221.871 63.109 3.56971 3.1269 164.759 1158.54
193.799 60.3849 3.58544 3.06773 88.9849 485.771
196.65 60.4135 3.55734 3.02002 84.591 338.456
198.04 60.7515 3.53391 3.10709 154.884 293.35
202.562 61.4009 3.61067 3.105 243.77 265.772
204.176 61.4907 3.6389 3.23373 213.617 299.064
205.609 61.9037 3.64766 3.22348 226.26 376.199
206.868 61.8823 3.6475 3.24365 315.596 414.974
209.88 61.7531 3.57992 3.20507 280.208 528.846
212.274 61.7929 3.55416 3.0846 195.125 642.887
213.825 62.1067 3.54977 3.10693 212.531 731.491
217.004 62.4013 3.53955 3.08103 196.043 897.796
218.122 62.3579 3.53187 3.06074 208.913 951.794
221.538 62.4435 3.54103 3.08473 173.221 1125.87
223.206 62.5763 3.55641 3.09853 156.462 1213.12
225.609 62.2024 3.55157 3.08215 189.59 1331.35
205.516 60.8132 3.66191 3.20752 276.911 278.994
207.791 61.2001 3.59139 3.11026 249.781 401.931
215.402 61.6061 3.54793 3.05734 122.403 791.965
222.911 61.4593 3.52286 3.01052 95.1995 1183.29
224.22 61.4862 3.52709 3.01859 90.9834 1253.12
226.918 61.1512 3.54786 3.01411 109.319 1397.16
207.376 60.0815 3.64329 3.24759 257.748 325.11
210.276 60.4814 3.58827 3.16489 221.136 491.538
219.809 60.7718 3.55042 2.99767 141.066 1011.56
221.424 60.3024 3.56679 3.03249 159.09 1099.27
223.909 60.7704 3.56027 3.01863 109.625 1234.9
190.452 56.6011 3.66605 3.17501 123.758 737.158
206.768 59.6524 3.60447 3.29372 316.138 279.42
212.597 59.9979 3.58592 3.1246 203.007 608.316
222.262 59.6304 3.60779 3.14434 92.0045 1150.27
223.04 60.1218 3.57451 3.06455 101.231 1189.55
226.285 59.5898 3.60784 3.17186 83.3558 1376.36
227.183 60.2114 3.58785 3.07868 98.2588 1418.01
212.566 65.1171 3.651 3.14681 109.365 872.061
207.606 58.6097 3.56546 3.0606 235.927 326.622
213.66 59.4296 3.59659 3.13348 193.451 665.767
205.548 57.5665 3.53624 3.00892 79.1095 263.892
224.26 58.4133 3.68272 3.28769 59.2233 1285.01
225.482 58.2747 3.69094 3.29358 64.8607 1358.19
197.939 55.703 3.63321 3.12187 151.037 444.103
200.447 56.2848 3.58513 3.05978 223.801 319.777
223.768 57.9616 3.72732 3.37815 71.7045 1268.68
225.424 57.4688 3.74262 3.41139 65.7944 1378.6
228.869 57.9128 3.68129 3.29312 67.8966 1561.6
227.048 56.8144 3.75643 3.41366 52.1736 1494.99
229.75 56.9811 3.71768 3.39736 68.045 1643.72
212.138 64.8735 3.64847 3.13652 79.3371 838.473
210.428 68.6408 3.61059 3.11891 105.431 1146.06
226.879 56.1146 3.77764 3.45356 94.9613 1513.63
229.974 55.9154 3.75699 3.44569 60.3359 1700.02
228.385 55.3279 3.78569 3.46453 94.6471 1635.75
227.653 56.4191 3.76318 3.43847 87.5015 1545.35
209.931 62.7622 3.2098 2.774 124.466 597.322
211.063 63.7323 3.59529 3.07926 196.065 711.916
211.14 63.4057 3.57846 3.10449 182.823 690.389
218.547 60.1369 3.96465 3.77568 144.405 939.902
217.908 60.4896 3.55854 3.01005 97.1343 905.88
217.507 60.403 3.5648 3.02485 101.655 883.26
218.338 61.0595 3.55338 3.05589 107.705 934.809
216.296 60.3923 3.5866 3.07851 123.806 816.584
216.716 60.1205 3.58238 3.04256 103.639 838.111
215.271 60.5805 3.57935 3.06387 144.414 762.634
216.679 60.2805 3.58107 3.04232 107.956 836.855
218.244 60.7315 3.55915 3.05982 93.4296 926.108
217.659 60.602 3.56162 3.028 109.635 893.065
216.749 60.4427 3.57371 3.0386 139.218 841.887
217.639 60.9231 3.56423 3.07142 139.605 895.475
218.995 60.8241 3.56005 3.0314 139.383 967.714
216.976 61.3836 3.55138 3.03486 147.653 868.037
218.049 60.1785 3.5781 3.05292 136.058 912.331
216.031 60.2361 3.58758 3.06113 136.752 800.741
217.533 61.187 3.55901 3.03206 113.147 893.733
218.652 60.2994 3.56552 3.02954 93.898 945.99
219.217 60.1294 3.57998 3.03399 130.134 977.149
216.221 60.072 3.59057 3.04709 138.616 810.406
218.856 60.4399 3.56624 3.01594 116.706 957.672
216.546 61.2275 3.56017 3.03471 179.419 842.141
