# evlo=204.991394 evla=58.648399
194.627 64.5646 3.60259 3.14337 52.5828 856.495
217.908 60.4896 3.55012 2.85458 100.041 756.993
217.654 61.036 3.56303 2.96253 110.307 756.634
217.507 60.403 3.56867 2.94705 104.582 733.546
218.338 61.0595 3.55474 2.91525 119.237 793.074
220.363 59.9534 3.59563 3.07851 140.184 885.661
216.3 60.3932 3.57867 2.93406 75.8519 667.996
225.144 58.5792 3.6981 3.34087 98.3607 1166.84
216.716 60.1205 3.57327 2.97077 118.669 685.219
215.395 60.9677 3.56986 2.93247 120.038 637.587
209.013 64.0997 3.59358 3.12259 121.14 644.085
209.094 59.7511 3.57416 3.11057 377.555 264.587
209.259 59.7417 3.57794 3.10783 306.574 272.523
210.701 64.1732 3.58235 3.19212 149.635 686.409
208.846 60.7683 3.55041 3.13952 221.053 320.614
207.916 63.4188 3.58368 3.15763 180.938 554.418
212.195 64.6453 3.59588 3.17425 134.029 768.59
204.378 55.8218 3.51627 2.86388 121.869 316.953
200.411 54.831 3.62988 3.22514 130.959 508.943
207.685 63.8827 3.59758 3.13361 113.577 600.775
209.796 67.2269 3.60886 3.15472 65.1477 986.075
216.907 60.7523 3.55552 2.90377 80.9503 709.481
218.66 60.9649 3.54826 2.91628 103.811 807.618
209.738 62.4058 3.58016 3.2157 191.328 492.854
217.513 60.0823 3.57717 2.98171 139.973 728.533
212.624 63.0753 3.55345 3.11364 151.125 643.626
214.225 61.1292 3.55614 2.99033 150.016 585.491
215.93 63.6482 3.54305 3.11121 120.448 808.856
214.25 60.5487 3.57776 2.96196 141.827 563.5
196.582 54.8564 3.58145 3.07319 98.418 664.702
213.401 60.7277 3.57275 2.94915 123.405 526.779
209.784 61.1426 3.5225 3.04542 158.645 386.044
214.766 66.5657 3.62352 3.17624 87.2162 1012.54
188.296 63.7758 3.64919 3.17149 50.577 1058.94
203.121 64.7461 3.58173 3.15055 83.3451 686.623
211.074 61.771 3.51726 3.03857 193.417 484.166
216.188 61.4417 3.5482 2.98692 159.837 695.992
212.904 60.8792 3.54803 3.00236 136.142 508.94
215.271 60.5805 3.58021 2.91794 87.6267 618.095
216.679 60.2805 3.57649 2.96291 90.4291 686.14
218.244 60.7315 3.54901 2.89177 100.558 780.091
213.052 64.4091 3.56105 3.0448 58.584 770.752
213.497 60.396 3.58857 2.95418 165.166 518.818
215.738 60.3351 3.58215 2.96257 107.247 636.319
217.659 60.6024 3.54582 2.85262 88.5874 745.9
225.615 58.2758 3.71689 3.3793 87.9549 1199.76
215.581 59.9268 3.5754 2.9861 131.177 619.409
216.749 60.4427 3.56482 2.92027 82.6047 693.359
217.639 60.9231 3.55832 2.94694 136.954 752.727
214.077 61.4924 3.53976 3.08125 159.83 596.171
211.542 61.4131 3.52963 3.05597 205.134 477.335
209.077 63.5527 3.57303 3.14578 162.611 588.952
218.995 60.824 3.54432 2.89578 134.566 822.232
216.976 61.3836 3.54873 2.98342 127.893 733.195
211.063 63.7318 3.58776 3.19647 95.4633 653.188
211.768 64.9602 3.60465 3.21255 120.801 787.96
218.049 60.1785 3.5713 2.9512 155.878 759.476
209.256 65.0304 3.60133 3.15351 125.014 745.439
210.931 64.5928 3.59941 3.18621 110.543 732.813
216.031 60.2361 3.58182 2.96137 117.892 649.956
191.145 52.9721 3.61019 3.1251 130.064 1070.49
214.53 62.9699 3.54416 3.11602 167.654 706.834
219.747 60.0959 3.5822 3.02866 117.424 852.401
220.599 59.667 3.61754 3.14395 154.25 897.973
214.475 65.5174 3.59893 3.1351 105.215 909.814
207.811 62.8962 3.55893 3.11857 195.684 497.501
217.533 61.1871 3.55587 2.96762 118.248 754.914
211.667 60.8584 3.55509 3.05129 159.619 448.484
218.652 60.2994 3.56127 2.95235 79.3613 794.311
211.14 63.4056 3.59613 3.20814 183.284 625.072
219.217 60.1294 3.57986 3.00564 167.772 823.338
216.221 60.072 3.5716 2.94874 136.505 657.179
218.856 60.4399 3.55691 2.91542 102.647 807.564
216.546 61.2275 3.5668 2.98354 132.49 705.709
212.138 64.8736 3.60506 3.20899 176.195 788.658
203.383 71.3221 3.55957 3.08406 65.2808 1414.9
234.753 71.9871 3.60531 3.03705 69.4578 1992.46
202.84 70.0079 3.57851 3.08722 56.7305 1270.43
206.58 70.34 3.66462 3.32725 30.0013 1305.53
194.656 68.2746 3.57955 3.13496 30.3276 1186.71
196.822 68.4753 3.63506 3.10472 39.4469 1165.83
198.806 68.6483 3.59986 3.02491 51.1629 1154.65
200.413 69.1049 3.61844 3.1188 42.5836 1186.34
209.387 69.836 3.61129 3.11211 79.282 1264.48
211.299 69.72 3.59495 3.07004 58.1327 1270.13
215.088 69.9175 3.58549 3.0687 88.5401 1343.91
216.289 69.626 3.5945 3.14709 87.8403 1336.64
235.93 69.3475 3.65043 3.13592 36.0104 1892.13
196.917 67.6988 3.64357 3.06348 24.1606 1085.57
201.885 68.4946 3.60824 3.18002 63.8366 1107.99
203.387 68.7132 3.58397 3.1544 38.9716 1124.64
207.318 68.8799 3.6367 3.20073 41.7393 1146.08
209.319 68.9656 3.62248 3.14623 80.7153 1168.97
211.177 69.1532 3.59664 3.07865 75.0168 1208.28
213.625 69.322 3.58813 3.09156 80.7104 1259.79
219.035 69.243 3.60682 3.08639 63.2111 1359.65
221.263 69.3286 3.59781 3.08911 38.3204 1422.51
198.174 67.082 3.62179 3.13861 62.0433 1000.61
202.768 67.4572 3.59819 3.21645 56.9476 988.097
203.811 68.2575 3.5753 3.11997 52.9592 1072.67
206.028 68.4414 3.66995 3.27999 38.5394 1092.79
208.187 68.1343 3.64202 3.16283 62.556 1069
210.384 68.0584 3.61166 3.13703 71.1469 1082.07
211.513 68.0748 3.59898 3.08979 83.6596 1098.79
214.432 68.1207 3.61393 3.18176 110.497 1153.55
218.405 68.1861 3.62104 3.1552 80.0631 1250.61
220.465 68.6043 3.60272 3.14212 46.278 1340.85
222.103 68.3889 3.599 3.16237 67.0657 1370.06
223.281 66.3701 3.59811 3.10742 89.8867 1267.46
193.671 65.4742 3.60267 3.10896 26.1223 960.922
195.352 65.7077 3.62238 3.19206 43.1566 931.074
198.75 66.442 3.62595 3.10222 56.0564 925.018
200.349 66.6001 3.64459 3.1508 42.1333 917.107
202.227 66.8332 3.61417 3.28559 82.8056 922.9
204.275 67.0486 3.7665 3.5822 40.4622 936.965
206.517 67.2221 3.66906 3.25944 72.5467 958.682
207.821 67.5076 3.6437 3.20089 85.3759 997.501
212.113 67.5187 3.6073 3.13784 70.5259 1050.52
214.357 67.5933 3.61722 3.20247 104.543 1100.57
215.855 67.6946 3.61895 3.17847 111.764 1143.47
220.128 67.6136 3.5934 3.14378 81.8305 1250.54
224.214 67.6106 3.59577 3.08067 66.256 1380.94
226.258 67.441 3.61477 3.11798 64.0425 1441.93
199.349 65.5011 3.6261 2.98292 25.6516 817.908
202.913 66.1434 3.59231 3.15931 72.637 842.096
206.494 66.5156 3.67612 3.27388 71.5814 880.161
208.493 66.9214 3.6306 3.17592 76.5844 938.876
209.976 66.7108 3.60451 3.15314 87.4902 933.452
212.525 66.7004 3.6073 3.1721 94.008 975.294
213.899 66.7653 3.61934 3.18693 110.74 1010.77
216.215 66.9498 3.61812 3.14861 88.345 1084.48
218.345 66.8088 3.58699 3.12949 132.391 1132.39
221.978 66.9116 3.59997 3.11337 53.3466 1256.93
223.778 66.9808 3.60134 3.09522 75.8562 1324.33
225.729 66.9227 3.60407 3.10609 49.9041 1391.91
201.637 65.1527 3.64233 3.28825 123.231 745.742
203.551 65.5276 3.59127 3.11257 39.2161 770.296
205.119 65.4924 3.69576 3.29985 77.9984 762.765
207.195 65.6571 3.63828 3.19885 82.3807 789.381
208.623 65.8937 3.62991 3.19248 98.1685 828.866
210.457 65.8251 3.59463 3.13649 99.2531 848.044
212.122 65.8371 3.60358 3.18408 105.41 881.466
214.18 66.267 3.62937 3.2449 41.0928 970.32
214.181 66.267 3.61327 3.17649 71.5065 970.345
218.473 66.2305 3.57545 3.10296 100.912 1090.22
221.631 66.2191 3.58814 3.09229 48.142 1197.36
225.657 65.8052 3.59117 3.10742 55.698 1328.12
214.843 62.3987 3.51752 3.05439 191.476 682.408
213.052 64.4091 3.56105 3.0448 58.584 770.752
205.522 64.7962 3.66658 3.29804 64.4638 685.681
208.018 65.18 3.62882 3.18912 84.0744 744.857
210.64 65.1479 3.59458 3.14264 114.209 782.099
216.846 65.3064 3.57553 3.12075 89.7065 964.806
218.385 65.6035 3.57945 3.12287 95.8764 1039.47
220.064 65.4483 3.58279 3.10446 68.6723 1088.49
221.694 65.3609 3.59432 3.11321 132.11 1144.96
223.623 65.2225 3.57956 3.11824 99.8194 1214.6
196.446 62.7492 3.61118 3.12814 54.3802 652.183
203.285 63.465 3.61335 3.11795 59.8168 544.522
204.379 63.994 3.68256 3.32442 63.6718 596.578
205.853 64.1767 3.67875 3.27755 82.9539 617.751
214.63 64.613 3.56091 3.09699 77.0367 836.635
216.436 64.5012 3.57931 3.11233 108.527 889.125
221.784 64.453 3.55788 3.12343 108.178 1097.06
221.784 64.4525 3.55332 3.10974 72.1922 1097.01
223.67 64.5753 3.55297 3.10095 88.3844 1184.07
195.344 61.9331 3.62842 3.14201 76.4031 646.007
198.469 62.2938 3.62485 3.23875 66.8531 541.408
201.699 62.7161 3.65732 3.33391 92.3872 487.497
205.93 63.3569 3.65958 3.29121 140.102 527.099
214.222 63.8036 3.56874 3.11448 136.12 757.405
217.924 64.0292 3.55289 3.11954 127.596 912.878
222.48 63.8433 3.54894 3.08515 126.529 1097.65
197.317 61.3416 3.61165 3.15879 87.7049 522.42
198.513 61.678 3.63796 3.19186 70.5414 492.864
200.525 61.7105 3.60897 3.10211 61.181 421.491
201.703 62.1344 3.67593 3.30729 100.916 428.519
203.311 62.2195 3.59805 3.14079 79.191 408.468
205.146 62.1816 3.67288 3.31341 142.006 393.758
206.12 62.4787 3.64826 3.26491 141.757 431.228
216.652 63.0254 3.53218 3.09536 135.29 798.058
218.173 63.0618 3.53638 3.07479 169.043 866.429
221.871 63.109 3.5374 3.04995 148.844 1038.46
193.799 60.3849 3.58919 3.10171 69.6126 661.562
196.65 60.4135 3.58638 3.07652 80.5265 510.892
198.04 60.7515 3.58401 3.21805 103.35 455.827
199.312 60.6947 3.58622 3.20378 95.0748 392.742
201.041 61.0224 3.62999 3.13115 100.327 344.892
202.562 61.4009 3.61281 3.32732 129.084 335.182
204.176 61.4907 3.69333 3.26494 124.023 319.904
205.609 61.9037 3.6437 3.30109 166.688 364.295
206.868 61.8823 3.58198 3.15966 164.884 374.948
209.88 61.7531 3.54891 3.07227 144.686 439.244
212.274 61.7929 3.52608 3.07175 191.572 533.943
213.825 62.1067 3.5223 3.03662 172.743 620.341
217.004 62.4013 3.50381 3.00105 143.882 779.2
218.122 62.3579 3.50312 2.95826 138.381 829.354
221.538 62.4435 3.52814 3.02082 116.687 997.917
223.206 62.5763 3.53987 3.0393 96.5449 1084.55
225.609 62.2024 3.54078 3.01711 62.6516 1196.58
198.315 59.9237 3.61769 3.05535 133.7 405.986
199.908 60.1686 3.57356 3.03354 108.499 334.582
201.231 60.4742 3.59311 3.35961 140.632 294.148
207.791 61.2001 3.59218 3.22154 304.246 324.489
215.402 61.6061 3.53963 3.03718 148.847 664.833
222.911 61.4593 3.53702 2.94949 88.8452 1042.41
224.22 61.4862 3.54111 2.94045 88.7185 1111.82
226.918 61.1512 3.56071 2.98595 102.948 1252.07
198.736 59.2533 3.61931 3.14053 206.011 366.138
200.175 59.1767 3.61593 3.18863 172.165 283.606
210.276 60.4814 3.56964 3.05139 151.214 361.695
219.809 60.7718 3.54418 2.9095 137.123 864.848
221.424 60.3024 3.56528 2.9907 217.539 946.864
223.909 60.7704 3.55056 2.95982 147.324 1086.69
190.452 56.6011 3.65119 3.18209 96.0019 896.189
212.597 59.9979 3.57499 2.99564 218.859 458.067
222.262 59.6304 3.6209 3.17717 110.877 991.788
223.04 60.1218 3.58493 3.07487 158.903 1035.43
226.285 59.5898 3.63227 3.19007 102.046 1218.85
212.566 65.1171 3.60935 3.19802 131.207 822.388
213.66 59.4296 3.567 3.0142 216.222 504.844
227.731 58.9601 3.66827 3.29073 98.5759 1308.49
224.26 58.4133 3.71255 3.37637 88.8277 1118.95
225.482 58.2747 3.71908 3.40388 85.294 1192.1
229.033 59.3946 3.6365 3.19777 79.3534 1375.87
197.939 55.703 3.57648 3.05401 152.433 537.641
200.447 56.2848 3.56324 2.96656 86.3587 378.879
223.768 57.9616 3.75233 3.40935 116.051 1099.89
225.424 57.4688 3.7583 3.41747 105.893 1208.61
228.869 57.9128 3.70815 3.34866 77.438 1395.84
227.048 56.8144 3.77125 3.44521 88.4647 1323.56
229.75 56.9811 3.73052 3.38831 86.5204 1474.69
212.138 64.8735 3.60823 3.20141 139.076 788.644
210.428 68.6408 3.6113 3.10896 74.7587 1144.88
226.879 56.1146 3.79405 3.45969 113.19 1339.98
229.974 55.9154 3.77477 3.46439 69.3914 1527.73
228.385 55.3279 3.79663 3.47473 96.8775 1461.11
227.653 56.4191 3.78143 3.45452 93.8286 1373.04
209.931 62.7622 3.60482 2.97558 123.408 531.508
211.063 63.7323 3.58809 3.19676 95.4633 653.248
211.14 63.4057 3.59617 3.20817 183.284 625.079
218.547 60.1369 3.99897 3.71261 87.585 786.367
217.908 60.4896 3.55012 2.85458 100.041 756.993
217.507 60.403 3.56867 2.94705 104.582 733.546
218.338 61.0595 3.55477 2.91527 119.237 793.08
216.296 60.3923 3.57758 2.93316 75.8519 667.792
216.716 60.1205 3.57327 2.97077 118.669 685.219
215.271 60.5805 3.58021 2.91794 87.6267 618.095
216.679 60.2805 3.57649 2.96291 90.4291 686.14
218.244 60.7315 3.54901 2.89177 100.558 780.091
217.659 60.602 3.54566 2.85248 88.5874 745.865
216.749 60.4427 3.56482 2.92027 82.6047 693.359
217.639 60.9231 3.55827 2.9469 136.954 752.717
218.995 60.8241 3.54433 2.89579 134.566 822.234
216.976 61.3836 3.54873 2.98342 127.893 733.195
218.049 60.1785 3.5713 2.9512 155.878 759.476
216.031 60.2361 3.58182 2.96137 117.892 649.956
217.533 61.187 3.5559 2.96764 118.248 754.921
218.652 60.2994 3.56127 2.95235 79.3613 794.311
219.217 60.1294 3.57986 3.00564 167.772 823.338
216.221 60.072 3.5716 2.94874 136.505 657.179
218.856 60.4399 3.55691 2.91542 102.647 807.564
216.546 61.2275 3.5668 2.98354 132.49 705.709
