# evlo=210.410004 evla=68.627403
217.908 60.4896 3.55276 3.02625 31.8103 974.23
217.507 60.403 3.52837 3.00609 35.3787 976.683
218.338 61.0595 3.55173 3.04395 41.7423 922.073
216.3 60.3932 3.5734 3.11258 52.1163 959.54
216.716 60.1205 3.58355 3.00068 39.9717 994.787
216.679 60.2805 3.57692 3.01676 56.0312 977.042
218.244 60.7315 3.56207 3.0249 35.1829 954.681
217.659 60.6024 3.54029 3.00129 41.1203 958.035
216.749 60.4427 3.56823 3.02268 70.309 960.642
217.639 60.9231 3.55652 2.92492 27.8479 923.761
217.277 60.2474 3.56337 2.94055 29.2817 989.596
216.976 61.3836 3.5711 3.00907 35.4794 863.82
218.049 60.1785 3.53146 3.03429 20.8443 1009.6
216.031 60.2361 3.57669 3.07494 55.1376 972.911
217.533 61.1871 3.56146 2.95532 60.0708 894.053
219.217 60.1294 3.5696 2.95691 34.5011 1036
216.221 60.072 3.57724 3.09126 26.5359 993.178
216.546 61.2275 3.56425 2.99894 50.1923 873.555
231.887 52.1847 3.65079 3.18066 16.7526 2155.38
226.475 68.3065 3.53064 2.89717 153.255 657.375
207.417 57.7828 3.54822 2.95417 49.7841 1217.76
212.138 64.8736 3.57224 3.00696 75.4017 425.447
218.842 64.7774 3.59025 3.0606 78.5123 567.298
236.736 59.4036 3.80644 3.06216 22.4991 1625.69
235.766 58.6528 3.60538 3.00675 32.9961 1656.02
234.769 58.8471 3.61109 3.02563 16.4807 1603.74
232.224 60.0057 3.61072 3.01417 15.6584 1413.29
231.195 60.1197 3.60766 2.99385 17.232 1368.09
228.256 59.933 3.61731 3.06421 24.3904 1289.16
237.284 58.3883 3.60619 2.95412 17.8751 1733.49
237.286 58.0965 3.60274 2.98958 35.0622 1759.3
237.012 57.7103 3.61246 3.01039 34.9441 1783.97
237.146 57.39 3.60967 3.01888 26.6951 1817.53
237.423 57.0779 3.61183 3.01974 25.1463 1855.53
209.736 66.2066 3.5305 2.89763 115.134 271.522
198.722 65.4015 3.55366 3.02653 152.997 622.143
211.489 65.5114 3.59446 2.90453 111.206 350.644
211.449 65.522 3.61409 2.95661 29.0668 349.242
194.662 64.5695 3.59302 3.0929 178.046 828.426
204.534 64.74 3.56317 3.02661 138.751 504.827
210.457 65.825 3.59745 2.86017 103.363 312.544
217.908 60.4896 3.55276 3.02625 31.8103 974.23
217.507 60.403 3.52837 3.00609 35.3787 976.683
218.338 61.0595 3.55173 3.04395 41.7423 922.075
216.296 60.3923 3.57358 3.11274 52.1163 959.59
216.716 60.1205 3.58355 3.00068 39.9717 994.787
216.679 60.2805 3.57692 3.01676 56.0312 977.042
218.244 60.7315 3.56207 3.0249 35.1829 954.681
217.659 60.602 3.54042 3.0014 41.1203 958.069
216.749 60.4427 3.56823 3.02268 70.309 960.642
217.639 60.9231 3.55651 2.92491 27.8479 923.758
217.277 60.2474 3.56337 2.94055 29.2817 989.596
216.976 61.3836 3.5711 3.00907 35.4794 863.82
218.049 60.1785 3.53146 3.03429 20.8443 1009.6
216.031 60.2361 3.57669 3.07494 55.1376 972.911
217.533 61.187 3.56151 2.95537 60.0708 894.067
219.217 60.1294 3.5696 2.95691 34.5011 1036
216.221 60.072 3.57724 3.09126 26.5359 993.178
216.546 61.2275 3.56425 2.99894 50.1923 873.555
209.81 60.4601 3.5601 2.97868 21.7822 910.972
211.376 60.7866 3.58001 3.13181 21.9429 875.335
