# evlo=210.900803 evla=64.612999
194.627 64.5646 3.65379 3.18229 162.795 777.395
217.908 60.4896 3.51231 2.99624 109.498 583.425
217.654 61.036 3.51977 2.9993 137.866 526.186
217.507 60.403 3.52598 3.1028 94.3336 579.04
218.338 61.0595 3.52195 3.01152 187.349 547.497
220.363 59.9534 3.53173 2.98081 130.857 713.409
216.3 60.3932 3.56749 3.16123 112.058 546.01
225.144 58.5792 3.59979 3.12182 87.5138 1007.82
216.716 60.1205 3.55643 3.03501 71.1097 583.694
215.395 60.9677 3.51226 3.07197 104.057 466.308
209.094 59.7511 3.5314 3.01036 225.439 549.906
209.259 59.7417 3.53632 3.00418 204.213 549.548
208.846 60.7683 3.55001 3.01681 161.249 441.186
204.378 55.8218 3.53616 3.05345 99.2746 1042.79
200.411 54.831 3.63645 3.18039 127.882 1235.71
208.763 59.5251 3.5222 3.02488 193.969 577.856
209.796 67.2269 3.60641 3.00933 121.525 295.764
216.907 60.7523 3.49917 3.00402 85.5356 528.499
218.66 60.9649 3.52513 2.99663 160.437 566.844
209.738 62.4058 3.59541 3.13585 270.938 252.75
217.513 60.0823 3.52393 3.17485 119.244 609.468
214.225 61.1292 3.5775 3.1715 126.982 423.425
215.93 63.6482 3.72596 3.19692 211.002 267.431
214.25 60.5487 3.5668 3.12571 130.596 484.428
196.582 54.8564 3.6294 3.21979 89.5556 1346.16
213.401 60.7277 3.50503 3.06688 88.4705 451.512
209.784 61.1426 3.56877 3.14569 211.155 390.948
215.271 60.5805 3.5139 2.93274 69.4891 502.116
216.679 60.2805 3.55795 3.02918 101.181 567.089
218.244 60.7315 3.5144 2.98583 110.64 572.648
217.659 60.6024 3.50849 3.00484 108.658 565.292
216.749 60.4427 3.52763 3.01419 94.3576 553.319
217.639 60.9231 3.51365 2.98614 134.739 535.709
217.277 60.2474 3.52398 3.11837 65.2516 586.938
218.995 60.824 3.52454 2.97453 147.969 590.627
216.976 61.3836 3.50591 3.01501 134.041 473.246
218.049 60.1785 3.51986 2.98766 94.3777 616.437
216.031 60.2361 3.55459 3.17833 87.3509 554.771
217.533 61.1871 3.52164 3.01939 149.339 508.918
218.652 60.2994 3.5045 2.97626 80.1666 624.571
219.217 60.1294 3.5136 2.9683 133.639 658.489
216.221 60.072 3.56122 3.18853 93.984 575.84
218.856 60.4399 3.50875 2.96915 118.967 618.868
216.546 61.2275 3.508 2.96965 100.538 473.605
198.929 70.2043 3.52777 2.87237 51.6341 804.878
234.753 71.9871 3.60218 2.97486 74.6312 1267.84
198.198 69.3641 3.53847 2.91156 53.2959 764.11
202.84 70.0079 3.55315 2.95555 56.8365 693.333
205.387 69.6211 3.55872 3.01041 55.6403 607.075
194.656 68.2746 3.58481 3.02433 38.8866 828.262
196.822 68.4753 3.56762 2.9249 46.7222 756.765
198.806 68.6483 3.5525 3.001 76.3754 697.445
200.413 69.1049 3.53204 2.92781 73.8887 678.438
205.217 69.1565 3.56359 2.98852 84.322 564.075
209.387 69.836 3.50806 2.96474 117.709 586.107
211.299 69.72 3.55528 2.96914 85.8823 569.81
215.088 69.9175 3.55837 2.97575 141.875 618.199
216.289 69.626 3.57911 3.05133 117.425 605.464
235.93 69.3475 3.70525 3.16248 163.953 1201.98
196.917 67.6988 3.61537 3.09712 27.8704 716.527
201.885 68.4946 3.53918 2.99647 85.6015 588.576
203.387 68.7132 3.56315 3.01416 74.2538 564.399
207.318 68.8799 3.6006 3.02421 80.7533 501.148
209.319 68.9656 3.52437 3.00883 120.681 490.316
211.177 69.1532 3.55623 3.00027 102.837 506.465
213.625 69.322 3.56282 3.01569 135.902 538.33
219.035 69.243 3.62302 3.09791 93.4446 625.988
221.263 69.3286 3.64389 3.12032 70.5226 691.994
199.397 67.4213 3.62452 3.10581 50.5224 607.34
202.768 67.4572 3.58023 3.16677 87.5688 485.708
203.811 68.2575 3.55309 3.01536 79.0904 514.394
206.028 68.4414 3.58227 3.0364 59.6149 478.427
208.187 68.1343 3.60497 3.17476 106.081 410.917
210.384 68.0584 3.57111 2.99752 84.4988 384.899
211.513 68.0748 3.58545 3.02828 129.242 387.001
214.432 68.1207 3.61204 3.14637 204.368 421.706
218.405 68.1861 3.68367 3.14444 196.716 520.093
220.465 68.6043 3.66124 3.15134 110.161 613.353
222.103 68.3889 3.66999 3.22253 115.335 650.967
223.281 66.3701 3.67585 3.18748 203.823 604.634
193.671 65.4742 3.63911 3.1358 63.646 814.541
195.352 65.7077 3.64203 3.12258 86.0209 737.3
198.75 66.442 3.67055 3.2684 68.0607 596.597
200.349 66.6001 3.68377 3.16305 40.5545 533.703
202.227 66.8332 3.66681 3.12589 65.0987 468.184
204.275 67.0486 3.58428 3.00827 68.7163 406.403
206.517 67.2221 3.58176 3.11368 108.352 352.689
207.821 67.5076 3.67321 3.235 139.655 351.529
212.113 67.5187 3.60231 3.09041 189.636 328.611
214.357 67.5933 3.64467 3.19439 174.756 367.117
215.855 67.6946 3.67216 3.19991 166.305 409.681
220.128 67.6136 3.66166 3.2585 129.338 533.829
224.214 67.6106 3.64555 3.08443 113.489 686.45
226.258 67.441 3.67934 3.10347 169.65 761.981
218.842 64.7774 3.69613 3.32122 299.097 379.083
218.547 60.1369 3.80956 3.71564 68.2846 635.864
217.908 60.4896 3.51231 2.99624 109.498 583.425
217.507 60.403 3.52598 3.1028 94.3336 579.04
218.338 61.0595 3.52198 3.01153 187.334 547.501
216.296 60.3923 3.56749 3.16123 112.058 546.009
216.716 60.1205 3.55643 3.03501 71.1097 583.694
215.271 60.5805 3.5139 2.93274 69.4891 502.116
216.679 60.2805 3.55795 3.02918 101.181 567.089
218.244 60.7315 3.5144 2.98583 110.64 572.648
217.659 60.602 3.50863 3.00496 108.658 565.313
216.749 60.4427 3.52763 3.01419 94.3576 553.319
217.639 60.9231 3.51361 2.9861 134.739 535.703
217.277 60.2474 3.52398 3.11837 65.2516 586.938
218.995 60.8241 3.52449 2.97449 147.969 590.618
216.976 61.3836 3.50591 3.01501 134.041 473.246
218.049 60.1785 3.51986 2.98766 94.3777 616.437
216.031 60.2361 3.55459 3.17833 87.3509 554.771
217.533 61.187 3.52175 3.01948 149.339 508.934
218.652 60.2994 3.5045 2.97626 80.1666 624.571
219.217 60.1294 3.5136 2.9683 133.639 658.489
216.221 60.072 3.56122 3.18853 93.984 575.84
218.856 60.4399 3.50875 2.96915 118.967 618.868
216.546 61.2275 3.508 2.96965 100.538 473.605
209.518 60.7352 3.52595 3.01251 102.713 437.949
209.518 60.7351 3.52601 3.01257 102.713 437.957
