# evlo=208.982407 evla=60.799
217.908 60.4896 3.52704 2.90366 52.3422 489.194
217.507 60.403 3.50182 2.83925 81.3722 468.757
218.338 61.0595 3.47962 2.89607 109.126 507.717
216.3 60.3932 3.53024 2.94577 75.1189 403.26
216.716 60.1205 3.52919 2.91542 79.0233 431.924
212.138 64.8736 3.5379 3.09274 90.2247 481.636
217.908 60.4896 3.52704 2.90366 52.3422 489.194
217.507 60.403 3.50182 2.83925 81.3722 468.757
218.338 61.0595 3.47966 2.8961 109.126 507.723
216.296 60.3923 3.52877 2.94454 75.1189 403.091
216.716 60.1205 3.52919 2.91542 79.0233 431.924
