# evlo=209.5383 evla=60.4832
217.908 60.4896 3.53393 2.93309 131.064 459.874
217.507 60.403 3.54724 2.93606 107.95 438.511
218.338 61.0595 3.51114 3.0275 143.737 483.44
216.3 60.3932 3.55759 2.91724 123.688 372.252
216.716 60.1205 3.57868 2.94784 110.508 398.706
215.271 60.5805 3.53365 2.95443 97.8118 314.812
216.679 60.2805 3.57728 2.92288 122.525 394.303
218.244 60.7315 3.53449 2.94734 164.512 477.308
217.659 60.6024 3.52544 2.91849 136.703 445.627
216.749 60.4427 3.55102 2.9276 148.78 396.549
217.639 60.9231 3.52822 2.96687 157.707 444.837
217.277 60.2474 3.56703 2.89376 133.87 427.587
218.995 60.824 3.5215 2.95563 113.328 518.19
226.475 68.3065 3.59376 3.08021 58.8254 1187.29
207.417 57.7828 3.46915 2.91872 186.471 324.379
212.138 64.8736 3.52874 3.06016 121.561 507.035
218.842 64.7774 3.57185 3.12516 112.283 674.741
218.545 60.2663 3.49255 3.12542 30.9459 497.094
218.45 60.2235 3.4826 3.10911 32.3239 492.443
217.908 60.4896 3.53393 2.93309 131.064 459.874
217.507 60.403 3.54724 2.93606 107.95 438.511
218.338 61.0595 3.51118 3.02754 143.737 483.446
216.296 60.3923 3.55588 2.91584 123.688 372.072
216.716 60.1205 3.57868 2.94784 110.508 398.706
215.271 60.5805 3.53365 2.95443 97.8118 314.812
216.679 60.2805 3.57728 2.92288 122.525 394.303
218.244 60.7315 3.53449 2.94734 164.512 477.308
217.659 60.602 3.52524 2.91833 136.703 445.602
216.749 60.4427 3.55102 2.9276 148.78 396.549
217.639 60.9231 3.52814 2.9668 157.707 444.826
217.277 60.2474 3.56703 2.89376 133.87 427.587
218.995 60.8241 3.5215 2.95563 113.328 518.19
