# evlo=210.518997 evla=60.6717
221.171 59.4924 3.55377 2.90108 32.7556 606.569
217.908 60.4896 3.52637 2.89279 190.575 405.38
217.507 60.403 3.53626 2.90796 152.123 384.567
218.338 61.0595 3.49989 2.99169 196.014 426.775
216.3 60.3932 3.55481 2.96354 161.371 318.769
216.716 60.1205 3.58044 2.93312 156.448 346.984
215.271 60.5805 3.51712 3.04083 168.319 260.266
216.679 60.2805 3.58405 2.95762 179.211 341.441
218.244 60.7315 3.52583 2.94274 184.124 421.716
217.659 60.6024 3.52411 2.90678 217.178 390.633
216.749 60.4427 3.55389 2.91781 171.134 342.593
217.639 60.9231 3.51649 2.9997 205.497 388.541
217.277 60.2474 3.56175 2.92203 155.074 374.655
218.995 60.824 3.51518 2.98122 176.376 462.246
226.475 68.3065 3.60637 3.06531 70.6984 1139.05
207.417 57.7828 3.51719 2.9324 242.206 367.258
212.138 64.8736 3.54897 3.07513 118.91 475.539
218.842 64.7774 3.58719 3.0983 140.94 624.046
218.594 60.1556 3.52454 2.87798 57.3409 448.363
218.628 60.118 3.53947 2.85421 50.7272 451.035
218.674 60.1912 3.52641 2.9111 47.0422 452.02
218.614 60.172 3.52914 2.89861 67.0652 449.118
218.545 60.2663 3.52206 2.89863 61.6691 443.537
218.45 60.2235 3.53149 2.90421 62.437 439.142
217.908 60.4896 3.52637 2.89279 190.575 405.38
217.507 60.403 3.53626 2.90796 152.123 384.567
218.338 61.0595 3.49994 2.99173 196.014 426.781
216.296 60.3923 3.5529 2.96195 161.371 318.598
216.716 60.1205 3.58044 2.93312 156.448 346.984
215.271 60.5805 3.51712 3.04083 168.319 260.266
216.679 60.2805 3.58405 2.95762 179.211 341.441
218.244 60.7315 3.52583 2.94274 184.124 421.716
217.659 60.602 3.5239 2.90661 217.178 390.61
216.749 60.4427 3.55389 2.91781 171.134 342.593
217.639 60.9231 3.51639 2.99961 205.497 388.53
217.277 60.2474 3.56175 2.92203 155.074 374.655
218.995 60.8241 3.51518 2.98122 176.376 462.245
