# evlo=210.812805 evla=60.804501
221.171 59.4924 3.545 2.91965 29.1062 592.986
217.908 60.4896 3.53884 2.92806 182.908 389.572
217.507 60.403 3.54478 2.91257 123.742 369.257
218.338 61.0595 3.49089 2.96973 176.376 408.79
216.3 60.3932 3.55508 2.95696 184.012 303.994
216.716 60.1205 3.5832 2.88717 159.01 333.481
216.679 60.2805 3.57861 2.94378 131.127 327.094
218.244 60.7315 3.52655 2.92885 163.228 404.889
217.659 60.6024 3.52659 2.924 167.906 374.407
216.749 60.4427 3.56078 2.93757 181.204 327.361
217.639 60.9231 3.5108 2.97832 210.384 371.023
217.277 60.2474 3.56799 2.91071 105.12 360.171
216.976 61.3836 3.49543 3.0049 135.849 338.557
218.049 60.1785 3.53048 2.85926 108.801 403.654
216.031 60.2361 3.58542 2.90478 135.524 293.41
217.533 61.1871 3.49556 2.94564 150.431 365.975
218.652 60.2994 3.55353 2.92813 71.4825 433.531
216.221 60.072 3.58764 2.85663 101.307 308.658
218.856 60.4399 3.54989 2.94744 107.411 441.928
231.887 52.1847 3.84195 3.52523 20.0517 1602.49
226.475 68.3065 3.60736 3.07087 70.4213 1117.73
207.417 57.7828 3.52923 2.97386 179.532 388.173
212.138 64.8736 3.54202 3.06568 136.256 458.512
218.842 64.7774 3.58391 3.11205 176.795 602.445
218.594 60.1556 3.5483 2.89839 40.4064 433.687
218.628 60.118 3.55551 2.90507 41.7917 436.495
218.674 60.1912 3.54169 2.89937 45.219 437.17
218.614 60.172 3.53601 2.89979 59.573 434.369
218.545 60.2663 3.54268 2.90066 61.3309 428.44
218.45 60.2235 3.5378 2.90249 60.7492 424.252
218.652 60.1592 3.54113 2.90474 61.5508 436.737
218.546 60.2176 3.54128 2.90732 56.071 429.566
218.626 60.2469 3.54328 2.88583 53.8477 433.244
217.908 60.4896 3.53884 2.92806 182.908 389.572
217.507 60.403 3.54478 2.91257 123.742 369.257
218.338 61.0595 3.49094 2.96977 176.376 408.795
216.296 60.3923 3.55315 2.95536 184.012 303.829
216.716 60.1205 3.5832 2.88717 159.01 333.481
216.679 60.2805 3.57861 2.94378 131.127 327.094
218.244 60.7315 3.52655 2.92885 163.228 404.889
217.659 60.602 3.52639 2.92384 167.906 374.385
216.749 60.4427 3.56078 2.93757 181.204 327.361
217.639 60.9231 3.5107 2.97823 210.384 371.012
217.277 60.2474 3.56799 2.91071 105.12 360.171
216.976 61.3836 3.49543 3.0049 135.849 338.557
218.049 60.1785 3.53048 2.85926 108.801 403.654
216.031 60.2361 3.58542 2.90478 135.524 293.41
217.533 61.187 3.49566 2.94572 150.431 365.985
218.652 60.2994 3.55353 2.92813 71.4825 433.531
216.221 60.072 3.58764 2.85663 101.307 308.658
218.856 60.4399 3.54989 2.94744 107.411 441.928
