# evlo=225.144104 evla=58.579201
194.627 64.5646 3.78168 3.37792 49.0856 1731.87
217.908 60.4896 3.88644 3.54993 132.537 461.078
217.654 61.036 3.88363 3.21023 83.2616 501.183
217.507 60.403 3.83899 3.54052 67.5256 477.638
218.338 61.0595 3.8594 3.18627 108.216 470.979
216.3 60.3932 3.8256 3.52988 106.765 539.836
216.716 60.1205 3.79814 3.52084 131.752 508.875
215.395 60.9677 3.83581 3.48503 71.2625 608.144
209.013 64.0997 3.78716 3.38348 63.1326 1055.42
210.701 64.1732 3.80999 3.3114 31.9269 988.558
208.846 60.7683 3.81862 3.56575 141.606 947.438
212.195 64.6453 3.77509 3.5779 48.587 960.521
204.378 55.8218 3.8924 3.75656 64.812 1286.56
200.411 54.831 3.88496 3.72194 88.5512 1561.4
207.685 63.8827 3.78409 3.24788 53.2067 1103.02
209.796 67.2269 3.79734 3.45387 45.3986 1233.14
216.907 60.7523 3.87199 3.41681 74.5086 523.066
218.66 60.9649 3.86756 3.23437 100.695 450.629
209.738 62.4058 3.78261 3.19549 75.5417 944.963
217.513 60.0823 3.8209 3.55902 122.219 465.22
212.624 63.0753 3.78731 3.2608 64.2556 843.176
214.225 61.1292 3.80218 3.37759 85.1053 673.606
215.93 63.6482 3.76286 3.68487 104.182 750.769
214.25 60.5487 3.80961 3.57827 228.808 652.862
196.582 54.8564 3.87383 3.67566 35.0574 1782.57
213.401 60.7277 3.82063 3.57915 132.968 702.858
209.784 61.1426 3.83596 3.54271 136.138 904.348
214.766 66.5657 3.78729 3.43649 72.5962 1034.8
188.296 63.7758 3.78592 3.42205 85.1507 2033.05
203.121 64.7461 3.77689 3.37733 56.1838 1343.79
216.188 61.4417 3.83114 3.18394 81.6528 591.961
212.904 60.8792 3.82364 3.53302 152.633 733.357
215.271 60.5805 3.81703 3.52821 126.186 600.069
216.679 60.2805 3.81737 3.536 152.288 516.029
218.244 60.7315 3.91933 3.46346 98.4041 456.634
213.052 64.4091 3.77361 3.61613 37.813 911.996
213.497 60.396 3.81534 3.55836 177.188 689.237
215.738 60.3351 3.80282 3.55803 111.852 567.58
217.659 60.6024 3.89259 3.50674 109.31 478.736
215.581 59.9268 3.79771 3.64135 162.399 565.303
216.749 60.4427 3.83583 3.48894 118.491 518.225
217.639 60.9231 3.87177 3.31729 125.864 495.734
214.077 61.4924 3.81314 3.27613 70.844 695.81
211.542 61.4131 3.80554 3.41952 158.452 820.205
197.4 66.8951 3.75965 3.58715 30.8416 1672.46
209.077 63.5527 3.7546 3.27259 44.4188 1025.14
217.277 60.2474 3.81101 3.49245 85.5277 483.488
218.995 60.824 3.90228 3.47517 108.457 426.8
216.976 61.3836 3.82979 3.17746 103.289 552.187
211.063 63.7318 3.80784 3.30506 61.2819 947.663
211.768 64.9602 3.77207 3.62853 61.3209 998.35
218.049 60.1785 3.82838 3.5748 126.931 440.59
210.931 64.5928 3.79051 3.55748 40.5522 1005.36
216.031 60.2361 3.80075 3.569 149.408 548.969
214.53 62.9699 3.77326 3.30417 68.223 755.904
214.475 65.5174 3.80075 3.57348 105.118 950.927
207.811 62.8962 3.77911 3.2537 115.272 1056.36
211.667 60.8584 3.83208 3.60505 154.414 798.093
215.323 60.3863 3.8201 3.55517 105.612 591.172
210.261 61.0889 3.82735 3.53355 147.846 877.931
197.092 68.0541 3.8112 3.52935 64.0781 1733.04
215.154 63.7399 3.7688 3.60828 62.9816 785.667
218.652 60.2994 3.86276 3.59024 98.1557 414.979
211.14 63.4056 3.78437 3.25941 66.6535 926.191
219.217 60.1294 3.86549 3.6148 142.471 378.614
211.668 61.807 3.76525 3.16469 95.5406 827.489
216.01 63.9761 3.75336 3.62324 80.1645 774.186
214.792 60.5341 3.81691 3.51474 124.401 623.758
205.816 56.5593 3.90702 3.74983 124.982 1173.96
208.468 61.98 3.81584 3.35765 64.8337 993.866
209.777 60.5117 3.8217 3.61028 193.88 893.221
189.752 57.1766 3.82146 3.60114 108.4 2081.24
209.253 61.4636 3.83009 3.46654 88.9899 939.718
217.161 60.1791 3.80536 3.4954 142.021 487.13
216.221 60.072 3.80212 3.52802 168.876 534.044
210.547 60.1043 3.82469 3.62847 256.193 845.96
218.856 60.4399 3.89125 3.55343 122.047 411.771
217.171 60.7541 3.86502 3.40882 104.975 510.068
209.711 63.4502 3.76469 3.20251 33.7982 991.74
216.546 61.2275 3.84636 3.14421 95.4309 563.802
211.449 62.8295 3.75669 3.19914 45.8427 882.543
211.415 62.9628 3.76585 3.24521 16.1129 890.773
211.462 62.6812 3.79557 3.16623 20.9323 874.751
212.058 62.8349 3.80753 3.20367 19.6513 855.165
211.771 63.0624 3.77707 3.22889 28.2665 879.943
212.26 62.5808 3.78403 3.20549 60.6199 833.045
211.152 62.8331 3.77479 3.22926 47.5385 896.321
217.147 60.448 3.83728 3.50127 102.733 497.915
211.908 64.4716 3.78723 3.51387 47.2213 959.485
218.249 60.3583 3.85409 3.52313 122.065 437.983
207.417 57.7828 3.88239 3.75814 193.574 1043.68
212.138 64.8736 3.77272 3.64059 64.6543 978.682
194.656 68.2746 3.80972 3.50735 22.0048 1835.93
198.806 68.6483 3.8259 3.50964 26.6061 1698.6
205.217 69.1565 3.76931 3.50531 37.121 1518.43
209.387 69.836 3.79423 3.49962 32.7694 1459.9
211.299 69.72 3.7887 3.50706 24.262 1405.34
215.088 69.9175 3.80742 3.54961 57.6526 1350.63
216.289 69.626 3.8133 3.53174 62.5495 1301.78
235.93 69.3475 3.91182 3.47412 28.4951 1307.04
196.917 67.6988 3.78151 3.52178 35.4497 1724.35
201.885 68.4946 3.83214 3.48684 25.071 1581.69
207.318 68.8799 3.79221 3.48973 33.7155 1435.71
209.319 68.9656 3.80619 3.56981 55.3833 1387.25
211.177 69.1532 3.80079 3.48123 39.6319 1356.85
213.625 69.322 3.80564 3.49669 40.0505 1318.86
198.174 67.082 3.76007 3.54442 28.3848 1648.46
202.768 67.4572 3.79909 3.53747 27.5431 1489.33
208.187 68.1343 3.77129 3.40575 27.5496 1352.42
210.384 68.0584 3.77006 3.50581 45.3773 1282.65
211.513 68.0748 3.76458 3.58708 57.907 1253.48
214.432 68.1207 3.80812 3.52145 42.5052 1187.22
218.405 68.1861 3.81408 3.51731 41.5257 1121.04
222.103 68.3889 3.83912 3.50866 47.0459 1103.58
223.281 66.3701 3.80687 3.61277 79.8316 873.517
193.671 65.4742 3.79472 3.43616 20.3955 1792.9
195.352 65.7077 3.7871 3.43665 18.3679 1722.38
198.75 66.442 3.7416 3.60062 15.892 1598.93
200.349 66.6001 3.76034 3.50396 20.2335 1539.63
202.227 66.8332 3.76293 3.53614 33.5625 1475.99
204.275 67.0486 3.78217 3.60193 43.8887 1410.09
207.821 67.5076 3.80793 3.49567 37.4543 1316.97
212.113 67.5187 3.77099 3.52499 45.4236 1189.45
214.357 67.5933 3.80023 3.56007 52.4451 1139.32
215.855 67.6946 3.82236 3.55324 39.8078 1116.04
220.128 67.6136 3.82418 3.49129 69.9148 1037.54
224.214 67.6106 3.81447 3.57511 53.8514 1007.72
226.258 67.441 3.85755 3.47054 45.5477 989.311
195.961 64.9941 3.77909 3.44571 30.3621 1677.59
197.645 65.3936 3.8019 3.43963 29.405 1611.06
202.913 66.1434 3.78023 3.5949 17.6282 1414.12
206.494 66.5156 3.77487 3.52631 64.2306 1295.81
208.493 66.9214 3.82492 3.56271 58.3867 1252.56
209.976 66.7108 3.8255 3.6045 48.0224 1188.01
212.525 66.7004 3.79879 3.49793 36.5468 1108.35
213.899 66.7653 3.78503 3.42692 50.3946 1075.51
218.345 66.8088 3.82362 3.58096 58.9852 979.715
223.778 66.9808 3.83314 3.5844 63.3357 938.951
225.729 66.9227 3.81821 3.49502 26.3663 930.408
197.761 64.6379 3.78972 3.34182 30.4276 1585.75
200.087 64.937 3.7952 3.36001 40.2561 1487.01
201.637 65.1527 3.77868 3.41348 25.8569 1425.25
207.195 65.6571 3.74988 3.58409 36.5008 1217.07
208.623 65.8937 3.76832 3.5625 32.3553 1177.52
210.457 65.8251 3.77483 3.54502 59.9446 1106.74
212.122 65.8371 3.79584 3.58026 76.7678 1051.07
214.18 66.267 3.82449 3.51459 21.271 1023.97
214.181 66.267 3.81233 3.46269 24.2898 1023.94
218.473 66.2305 3.81115 3.60647 65.4359 918.636
221.631 66.2191 3.8101 3.53026 57.2848 870.297
214.843 62.3987 3.79334 3.194 88.011 707.041
213.052 64.4091 3.77361 3.61613 37.813 911.996
199.305 63.8864 3.76765 3.36985 38.9551 1495.27
210.64 65.1479 3.76715 3.62751 59.1652 1053.05
216.846 65.3064 3.84504 3.59533 56.9567 865.475
218.385 65.6035 3.78085 3.48261 60.122 857.658
221.694 65.3609 3.81798 3.60041 58.5554 776.857
223.623 65.2225 3.78327 3.48214 64.3808 744.6
196.446 62.7492 3.77967 3.40593 50.6636 1621.02
199.398 63.2842 3.77355 3.34407 33.3383 1478.9
200.922 63.3965 3.75867 3.32025 32.3515 1405.94
203.285 63.465 3.7889 3.25532 36.9215 1292.8
205.853 64.1767 3.7738 3.31822 39.3896 1198.2
214.63 64.613 3.75428 3.60812 55.4603 871.646
216.436 64.5012 3.7618 3.54755 83.8658 804.698
221.784 64.453 3.74903 3.52859 56.211 678.315
221.784 64.4525 3.77782 3.57287 48.4037 678.269
223.67 64.5753 3.77203 3.51596 44.88 672.723
195.344 61.9331 3.80047 3.47426 44.7993 1675.67
198.469 62.2938 3.79019 3.4477 73.8297 1513.76
201.699 62.7161 3.78068 3.34892 46.8432 1353.76
205.93 63.3569 3.7666 3.28176 65.6794 1162.73
214.222 63.8036 3.78512 3.5782 41.0433 824.97
217.924 64.0292 3.76385 3.50715 84.6011 719.119
222.48 63.8433 3.78656 3.42947 68.2403 603.682
197.317 61.3416 3.81824 3.53156 71.9204 1572.03
198.513 61.678 3.80732 3.4922 78.5868 1508.41
200.525 61.7105 3.80176 3.49416 49.4699 1402.16
201.703 62.1344 3.79596 3.41697 47.0823 1344.62
203.311 62.2195 3.79547 3.35558 55.8092 1262.86
205.146 62.1816 3.78544 3.33229 86.5168 1168.09
206.12 62.4787 3.79131 3.28532 66.401 1126.01
216.652 63.0254 3.73129 3.62162 59.7823 676.573
218.173 63.0618 3.74686 3.69333 78.7715 626.468
221.871 63.109 3.77648 3.55712 109.37 535.024
193.799 60.3849 3.8125 3.59465 76.1771 1770.57
198.04 60.7515 3.81231 3.58127 82.4517 1535.31
201.041 61.0224 3.81388 3.59315 84.2636 1371.84
202.562 61.4009 3.8159 3.52375 88.4469 1291.86
204.176 61.4907 3.81566 3.49767 60.1708 1207.03
205.609 61.9037 3.77888 3.36433 99.0425 1138.57
206.868 61.8823 3.79581 3.35408 88.3041 1073.1
209.88 61.7531 3.80329 3.33821 86.4042 915.551
213.825 62.1067 3.7843 3.14953 109.449 736.846
217.004 62.4013 3.79539 3.31342 65.3244 616.916
218.122 62.3579 3.74826 3.75486 35.5035 570.763
221.538 62.4435 3.78098 3.64551 85.575 473.788
223.206 62.5763 3.81425 3.48738 108.857 457.805
225.609 62.2024 3.82497 3.44861 87.4374 404.504
198.315 59.9237 3.80946 3.57292 76.6857 1527.43
199.908 60.1686 3.80607 3.57157 88.9136 1436.6
201.231 60.4742 3.80917 3.58421 136.688 1361.91
202.813 60.5269 3.82211 3.60278 101.598 1274.89
204.11 60.6801 3.82327 3.58559 148.569 1204.13
205.516 60.8132 3.81969 3.58166 207.159 1128.33
207.791 61.2001 3.81848 3.52998 112.382 1010.98
215.402 61.6061 3.80312 3.18823 89.1062 637.481
198.736 59.2533 3.80699 3.54778 100.307 1513.35
200.175 59.1767 3.81376 3.55783 87.3728 1433.27
201.907 59.5938 3.80984 3.5914 119.472 1330.13
202.905 59.7733 3.81714 3.58228 176.452 1272.49
204.792 59.8542 3.81973 3.6073 136.412 1166.32
205.68 60.1952 3.81858 3.61625 148.468 1116.44
207.376 60.0815 3.82962 3.60824 162.307 1021.94
210.276 60.4814 3.8232 3.5989 183.672 865.59
219.809 60.7718 3.91484 3.34001 84.6063 387.123
190.452 56.6011 3.82714 3.59705 33.5722 2063.03
202.009 59.0314 3.81508 3.57945 114.925 1331.43
203.561 59.1953 3.82359 3.59934 119.548 1241.01
206.768 59.6524 3.82593 3.61354 145.134 1055.93
212.597 59.9979 3.82207 3.64326 169.194 731.166
212.566 65.1171 3.76863 3.59827 103.374 981.171
204.113 58.2637 3.8375 3.61193 125.029 1224.43
204.991 58.6484 3.83326 3.59628 131.887 1166.84
206.355 58.9287 3.83043 3.6075 153.67 1084.7
207.606 58.6097 3.83726 3.67474 156.838 1016.95
213.66 59.4296 3.81799 3.70501 196.578 665.867
202.426 57.5673 3.8533 3.6253 137.959 1338.91
203.613 57.6397 3.86204 3.67132 120.207 1268.12
205.548 57.5665 3.88366 3.70445 81.4618 1157.75
197.939 55.703 3.85576 3.67289 83.1648 1665.75
200.447 56.2848 3.86751 3.68483 58.3518 1496.44
212.138 64.8735 3.76694 3.63987 70.1581 978.683
210.428 68.6408 3.788 3.57468 98.397 1330.63
229.974 55.9154 3.93026 3.45451 60.7808 415.772
228.385 55.3279 3.79744 3.88407 34.3551 412.171
218.842 64.7774 3.82488 3.51134 84.0685 766.25
209.931 62.7622 4.31661 4.80984 127.35 950.041
211.063 63.7323 3.80786 3.30508 61.2819 947.669
211.14 63.4057 3.78437 3.25941 66.6535 926.192
218.547 60.1369 3.41411 2.41678 121.802 413.17
210.84 64.6544 3.79678 3.50365 18.1879 1012.84
210.867 64.709 3.76823 3.70683 31.9281 1015.33
210.853 64.7716 3.78906 3.6651 30.9951 1019.94
210.847 64.8338 3.77512 3.81834 22.3314 1024.27
210.819 64.8857 3.77675 3.68604 29.4487 1028.78
210.44 64.87 3.78724 3.70557 44.5343 1042.29
210.174 64.8537 3.78541 3.68231 25.5744 1051.56
210.069 64.7653 3.78583 3.68322 32.6107 1050.13
210.917 64.5498 3.78599 3.55947 28.1154 1003.15
210.782 64.5716 3.78673 3.52003 26.1128 1009.84
210.554 64.5756 3.78425 3.57479 29.3919 1019.09
210.901 64.613 3.77812 3.61363 28.4412 1007.82
211.172 64.6917 3.78344 3.67063 32.6113 1002.43
217.908 60.4896 3.88644 3.54993 132.537 461.078
217.507 60.403 3.83899 3.54052 67.5256 477.638
218.338 61.0595 3.85936 3.18623 108.216 470.975
216.296 60.3923 3.82664 3.53084 106.765 539.983
216.716 60.1205 3.79814 3.52084 131.752 508.875
215.271 60.5805 3.81703 3.52821 126.186 600.069
216.679 60.2805 3.81737 3.536 152.288 516.029
218.244 60.7315 3.91933 3.46346 98.4041 456.634
217.659 60.602 3.89264 3.50678 109.31 478.741
216.749 60.4427 3.83583 3.48894 118.491 518.225
217.639 60.9231 3.87184 3.31735 125.864 495.744
217.277 60.2474 3.81101 3.49245 85.5277 483.488
218.995 60.8241 3.90233 3.47522 108.457 426.806
216.976 61.3836 3.82979 3.17746 103.289 552.187
218.049 60.1785 3.82838 3.5748 126.931 440.59
216.031 60.2361 3.80075 3.569 149.408 548.969
218.652 60.2994 3.86276 3.59024 98.1557 414.979
219.217 60.1294 3.86549 3.6148 142.471 378.614
216.221 60.072 3.80212 3.52802 168.876 534.044
218.856 60.4399 3.89125 3.55343 122.047 411.771
216.546 61.2275 3.84636 3.14421 95.4309 563.802
209.518 60.7352 3.81628 3.61098 110.035 910.662
209.518 60.7351 3.81618 3.61089 110.035 910.639
