# evlo=210.930603 evla=64.592796
194.627 64.5646 3.79877 3.69572 247.313 779.088
217.908 60.4896 3.73752 3.31737 76.9839 580.791
217.654 61.036 3.74105 3.40238 98.3602 523.573
217.507 60.403 3.75182 3.25036 46.1539 576.392
218.338 61.0595 3.70403 3.47549 132.901 544.919
220.363 59.9534 3.76555 3.48184 87.118 710.838
216.3 60.3932 3.72998 3.37626 80.863 543.344
225.144 58.5792 3.79051 3.55748 40.5522 1005.36
216.716 60.1205 3.74283 3.43499 65.9988 581.029
215.395 60.9677 3.75108 3.31087 127.888 463.642
209.094 59.7511 3.78456 3.26724 184.056 547.96
209.259 59.7417 3.79427 3.29231 183.972 547.571
208.846 60.7683 3.78146 3.32291 133.516 439.375
204.378 55.8218 3.78007 3.33906 89.0729 1041.28
200.411 54.831 3.80081 3.5458 129.057 1234.61
208.763 59.5251 3.78685 3.23764 177.991 575.956
216.907 60.7523 3.76523 3.3487 86.448 525.847
218.66 60.9649 3.7157 3.55108 143.171 564.274
217.513 60.0823 3.72077 3.26609 56.5682 606.811
214.225 61.1292 3.74786 3.32253 136.014 420.781
214.25 60.5487 3.77882 3.3824 158.506 481.803
196.582 54.8564 3.81074 3.45431 53.2396 1345.49
213.401 60.7277 3.7815 3.24615 75.3001 448.935
209.784 61.1426 3.75983 3.32937 124.351 388.947
188.296 63.7758 3.80822 3.68552 150.224 1098.08
216.188 61.4417 3.7014 3.51322 165.034 440.428
212.904 60.8792 3.82637 3.4019 76.6671 425.977
215.271 60.5805 3.80179 3.38323 77.318 499.456
216.679 60.2805 3.74352 3.48745 92.3273 564.424
218.244 60.7315 3.74576 3.4366 94.8835 570.04
213.497 60.396 3.80314 3.29284 72.6022 485.988
215.738 60.3351 3.73055 3.38478 68.9611 535.105
208.348 59.6572 3.77387 3.21882 136.017 566.203
217.659 60.6024 3.74758 3.24998 75.3323 562.655
225.615 58.2758 3.78937 3.67618 54.756 1048.89
215.581 59.9268 3.74552 3.28774 58.9905 573.052
216.749 60.4427 3.74373 3.42223 84.1462 550.657
217.639 60.9231 3.74216 3.3775 142.861 533.089
214.077 61.4924 3.7297 3.3152 210.865 380.383
197.4 66.8951 3.87277 3.56325 69.6897 669.798
217.277 60.2474 3.73913 3.34054 48.0803 584.28
218.995 60.824 3.73349 3.48241 160.275 588.061
216.976 61.3836 3.71106 3.46649 145.607 470.628
218.049 60.1785 3.73521 3.32491 71.1506 613.795
216.031 60.2361 3.71651 3.38833 106.453 552.105
191.145 52.9721 3.81753 3.60176 94.3242 1713.01
219.747 60.0959 3.76058 3.47951 99.5285 676.919
220.599 59.667 3.73902 3.39757 70.1703 743.977
217.533 61.1871 3.7288 3.39901 98.5333 506.311
211.667 60.8584 3.94818 3.34317 110.41 417.916
215.323 60.3863 3.78279 3.35801 61.6599 520.36
210.261 61.0889 3.77771 3.32748 149.432 392.022
197.092 68.0541 3.84611 3.47807 68.0405 728.237
218.652 60.2994 3.74619 3.39004 98.1897 621.953
219.217 60.1294 3.75434 3.46534 120.386 655.882
214.792 60.5341 3.8011 3.5237 102.789 493.81
205.816 56.5593 3.78292 3.32204 121.052 937.262
209.777 60.5117 3.79174 3.3289 145.921 458.692
189.752 57.1766 3.81151 3.67274 100.897 1405.12
217.161 60.1791 3.74995 3.3411 73.9075 587.522
216.221 60.072 3.72014 3.36314 98.3379 573.175
210.547 60.1043 3.82393 3.32438 182.638 500.638
218.856 60.4399 3.75406 3.4252 109.121 616.266
217.171 60.7541 3.75878 3.3272 87.6608 533.606
192.073 65.5598 3.8355 3.56121 109.361 890.166
216.546 61.2275 3.71032 3.54213 174.711 470.961
217.147 60.448 3.77276 3.34717 60.8686 561.502
218.249 60.3583 3.74589 3.36121 76.5398 603.566
198.736 59.2533 3.80529 3.59712 98.1308 871.662
200.175 59.1767 3.80545 3.50629 90.9864 825.13
201.907 59.5938 3.82205 3.64647 190.992 728.409
202.905 59.7733 3.79608 3.60361 160.477 679.539
204.792 59.8542 3.79313 3.48414 137.51 616.511
205.68 60.1952 3.78903 3.43796 141.702 559.903
207.376 60.0815 3.77042 3.35531 131.423 535.261
210.276 60.4814 3.79365 3.28765 113.447 459.463
219.809 60.7718 3.74354 3.38547 79.3357 622.047
221.424 60.3024 3.74964 3.36181 68.4036 721.028
223.909 60.7704 3.9463 3.64214 50.2329 787.399
190.452 56.6011 3.81442 3.68305 27.6218 1421.45
202.009 59.0314 3.8075 3.61774 194.278 776.527
203.561 59.1953 3.78749 3.52089 137.086 714.526
204.771 59.3922 3.77915 3.42994 167.521 662.745
206.768 59.6524 3.77407 3.36976 128.603 591.593
212.597 59.9979 3.86183 3.51401 70.523 519.303
222.262 59.6304 3.77629 3.54668 48.1934 807.686
223.04 60.1218 3.73867 3.34796 53.0244 798.748
227.183 60.2114 3.88869 3.6099 77.1153 967.874
203.344 58.6774 3.7822 3.50179 112.7 771.07
204.113 58.2637 3.78137 3.42998 110.917 792.603
204.991 58.6484 3.78099 3.42721 117.001 732.813
206.355 58.9287 3.77176 3.37115 144.124 675.455
207.606 58.6097 3.76139 3.28012 108.876 689.473
213.66 59.4296 3.77004 3.36984 65.9584 592.771
202.426 57.5673 3.78821 3.48392 127.326 905.753
203.613 57.6397 3.78277 3.42015 125.521 868.15
205.548 57.5665 3.79073 3.36062 44.4915 834.389
224.26 58.4133 3.79103 3.4647 28.6923 985.293
225.482 58.2747 3.78231 3.64976 28.3517 1043.78
200.447 56.2848 3.78831 3.52898 124.066 1087.8
223.768 57.9616 3.77492 3.44292 68.2878 1006.36
225.424 57.4688 3.7919 3.52532 49.2005 1110.35
228.869 57.9128 3.79064 3.41754 31.6184 1209.91
227.048 56.8144 3.79289 3.55289 24.8349 1228.6
229.75 56.9811 3.77163 3.62211 31.661 1321.6
210.428 68.6408 3.8417 3.41305 106.772 451.963
226.879 56.1146 3.80206 3.49743 46.2169 1284.18
229.974 55.9154 3.78498 3.62471 24.5953 1420.32
228.385 55.3279 3.79022 3.54256 37.4654 1410.73
227.653 56.4191 3.79022 3.52652 47.3524 1286.19
218.547 60.1369 3.77835 4.33445 77.0849 633.235
217.908 60.4896 3.73752 3.31737 76.9839 580.791
217.507 60.403 3.75182 3.25036 46.1539 576.392
218.338 61.0595 3.70405 3.47552 132.901 544.922
216.296 60.3923 3.72998 3.37626 80.863 543.343
216.716 60.1205 3.74283 3.43499 65.9988 581.029
215.271 60.5805 3.80179 3.38323 77.318 499.456
216.679 60.2805 3.74352 3.48745 92.3273 564.424
218.244 60.7315 3.74576 3.4366 94.8835 570.04
217.659 60.602 3.74773 3.25011 75.3323 562.676
216.749 60.4427 3.74373 3.42223 84.1462 550.657
217.639 60.9231 3.74212 3.37746 142.861 533.082
217.277 60.2474 3.73913 3.34054 48.0803 584.28
218.995 60.8241 3.73344 3.48236 160.275 588.052
216.976 61.3836 3.71106 3.46649 145.607 470.628
218.049 60.1785 3.73521 3.32491 71.1506 613.795
216.031 60.2361 3.71651 3.38833 106.453 552.105
217.533 61.187 3.72891 3.39911 98.5333 506.327
218.652 60.2994 3.74619 3.39004 98.1897 621.953
219.217 60.1294 3.75434 3.46534 120.386 655.882
216.221 60.072 3.72014 3.36314 98.3379 573.175
218.856 60.4399 3.75406 3.4252 109.121 616.266
216.546 61.2275 3.71032 3.54213 174.711 470.961
