# evlo=211.666595 evla=60.858398
225.449 60.24 3.72453 3.37145 95.9066 757.997
194.627 64.5646 3.76179 3.53014 78.1802 960.88
220.363 59.9534 3.74807 3.45574 149.627 489.409
225.144 58.5792 3.83208 3.60505 154.414 798.093
209.013 64.0997 3.7421 3.2164 86.5655 386.232
212.195 64.6453 3.828 3.277 115.051 422.937
204.378 55.8218 3.79862 3.40608 83.164 704.102
200.411 54.831 3.81318 3.30027 81.7199 944.954
207.685 63.8827 3.8134 3.51471 104.026 394.915
209.796 67.2269 3.71167 3.31012 44.462 715.718
218.66 60.9649 3.69743 3.38815 323.476 379.446
221.785 59.0906 3.76462 3.50196 33.298 597.631
215.93 63.6482 3.72017 3.42991 193.954 381.61
196.582 54.8564 3.79938 3.38965 69.2677 1113.18
214.766 66.5657 3.80825 3.35406 104.243 654.192
188.296 63.7758 3.77087 3.51545 88.5381 1246.8
203.121 64.7461 3.77916 3.41452 55.1373 613.717
213.052 64.4091 3.77112 3.33254 163.399 402.052
225.615 58.2758 3.84334 3.56275 172.4 837.362
197.4 66.8951 3.7857 3.5209 43.8039 967.632
218.995 60.824 3.72549 3.43854 277.769 398.321
211.768 64.9602 3.85524 3.27841 121.944 457.215
209.256 65.0304 3.79623 3.32733 56.8417 480.763
210.931 64.5928 3.94818 3.34317 110.41 417.916
191.145 52.9721 3.79653 3.47182 105.605 1517.26
219.747 60.0959 3.73622 3.4246 176.736 452.146
220.599 59.667 3.76462 3.41205 194.756 511.505
214.475 65.5174 3.80497 3.34321 100.57 538.089
197.092 68.0541 3.77051 3.44507 52.8228 1060.35
218.652 60.2994 3.73895 3.4219 182.745 387.806
219.217 60.1294 3.7285 3.43806 240.323 422.65
216.01 63.9761 3.74613 3.43906 237.579 413.455
205.816 56.5593 3.80992 3.51508 146.746 586.304
189.752 57.1766 3.79408 3.54269 127.591 1316.72
218.856 60.4399 3.74218 3.48771 187.486 395.818
192.073 65.5598 3.75055 3.50105 70.1065 1109.88
193.495 53.8452 3.7914 3.41724 112.565 1336.79
211.908 64.4716 3.84842 3.21545 112.145 402.903
213.052 64.4091 3.77112 3.33254 163.399 402.052
203.344 58.6774 3.83708 3.39534 131.916 526.468
204.113 58.2637 3.80423 3.21279 126.024 515.185
204.991 58.6484 3.8352 3.28557 113.163 448.484
227.731 58.9601 3.77316 3.49092 138.269 920.842
202.426 57.5673 3.76164 3.37423 98.1982 641.759
203.613 57.6397 3.75354 3.3726 105.735 582.208
205.548 57.5665 3.79224 3.29983 124.599 506.202
224.26 58.4133 3.84725 3.59335 109.839 759.378
225.482 58.2747 3.84452 3.56577 80.4308 830.388
229.033 59.3946 3.74562 3.46699 101.167 976.002
197.939 55.703 3.78568 3.39938 109.505 986.034
200.447 56.2848 3.78099 3.378 59.8988 826.263
228.869 57.9128 3.8118 3.60829 110.959 1027.67
229.75 56.9811 3.817 3.57826 82.9385 1123.14
212.138 64.8735 3.84407 3.25129 112.782 448.16
210.428 68.6408 3.7457 3.44718 28.3248 869.601
218.995 60.8241 3.72548 3.43853 277.769 398.32
218.652 60.2994 3.73895 3.4219 182.745 387.806
219.217 60.1294 3.7285 3.43806 240.323 422.65
218.856 60.4399 3.74218 3.48771 187.486 395.818
