# evlo=217.170807 evla=60.754101
225.449 60.24 3.70457 3.43517 179.899 458.26
194.627 64.5646 3.76503 3.40746 58.1438 1223.26
225.144 58.5792 3.86502 3.40882 104.975 510.068
209.013 64.0997 3.73794 3.41121 108.438 561.994
209.094 59.7511 3.80634 3.47814 138.601 460.684
209.259 59.7417 3.80328 3.51385 190.67 452.168
210.701 64.1732 3.75642 3.38496 89.7624 506.139
208.846 60.7683 3.74413 3.36656 142.961 453.505
207.916 63.4188 3.8312 3.21438 51.8885 566.705
212.195 64.6453 3.70963 3.31299 107.937 502.643
204.378 55.8218 3.81745 3.49236 51.3029 927.453
200.411 54.831 3.79754 3.44445 88.6575 1190.03
207.685 63.8827 3.74608 3.19227 53.5525 601.958
208.763 59.5251 3.80624 3.47144 189.884 486.458
209.796 67.2269 3.77025 3.41479 76.8261 805.559
209.738 62.4058 3.83753 3.31685 126.922 435.305
196.582 54.8564 3.81629 3.40273 31.348 1380.91
209.784 61.1426 3.7365 3.41527 142.047 402.467
214.766 66.5657 3.76831 3.4939 81.3899 658.562
188.296 63.7758 3.77111 3.4195 60.6984 1522.99
203.121 64.7461 3.76612 3.36095 61.2082 841.983
213.052 64.4091 3.73964 3.19819 100.57 458.875
208.348 59.6572 3.78339 3.43387 175.686 503.833
225.615 58.2758 3.86969 3.35577 91.4103 551.483
197.4 66.8951 3.78083 3.61368 46.4938 1181.78
209.077 63.5527 3.78823 3.18473 53.1825 524.12
211.063 63.7318 3.70412 3.33843 114.597 458.909
211.768 64.9602 3.72941 3.41978 107.863 543.137
209.256 65.0304 3.74882 3.42071 130.831 622.968
210.931 64.5928 3.75878 3.3272 87.6608 533.606
214.475 65.5174 3.79249 3.41558 108.016 547.937
207.811 62.8962 3.84568 3.25489 113.523 547.316
197.092 68.0541 3.80509 3.41111 53.3891 1254.71
211.14 63.4056 3.70924 3.2442 90.0709 431.723
205.816 56.5593 3.82116 3.50472 154.535 806.202
208.468 61.98 3.76308 3.25937 159.734 484.636
209.777 60.5117 3.74608 3.44486 255.929 405.358
189.752 57.1766 3.80213 3.51166 82.6289 1613.97
209.253 61.4636 3.73725 3.33548 172.904 433.903
192.073 65.5598 3.77935 3.43017 30.5664 1361.91
209.711 63.4502 3.77135 3.15099 70.1485 491.494
211.449 62.8295 3.88662 3.26512 98.2356 380.046
211.415 62.9628 3.86857 3.1877 47.5402 390.149
211.771 63.0624 3.77688 3.27531 76.7402 382.791
211.152 62.8331 3.90054 3.28332 112.746 392.782
211.908 64.4716 3.72134 3.32167 104.511 494.294
213.052 64.4091 3.73964 3.19819 100.57 458.875
210.428 68.6408 3.77492 3.58477 80.2564 934.956
226.879 56.1146 3.87144 3.64307 62.4235 765.851
229.974 55.9154 3.83748 3.41965 32.7905 921.056
228.385 55.3279 3.83825 3.6733 52.6985 894.493
227.653 56.4191 3.84936 3.46939 58.2617 776.227
211.063 63.7323 3.70427 3.33856 114.597 458.928
211.14 63.4057 3.70925 3.24421 90.0709 431.724
