# evlo=194.656403 evla=68.274597
194.627 64.5646 3.81332 3.58617 115.468 413.716
217.654 61.036 3.80764 3.43011 25.6121 1350.05
220.363 59.9534 3.80447 3.42996 34.3587 1539.8
216.3 60.3932 3.77958 3.32374 34.7338 1353.63
225.144 58.5792 3.80972 3.50735 22.0048 1835.93
216.716 60.1205 3.77009 3.33165 30.1573 1391.71
215.395 60.9677 3.78845 3.43362 42.4912 1272.88
209.013 64.0997 3.77102 3.61961 70.0759 794.076
210.701 64.1732 3.77092 3.53944 22.3872 850.939
215.271 60.5805 3.76571 3.42975 21.4856 1301.1
216.679 60.2805 3.7594 3.32529 28.9387 1376.79
218.244 60.7315 3.79756 3.4646 39.3743 1396.73
213.052 64.4091 3.8903 3.42137 45.0971 925.04
216.749 60.4427 3.77502 3.32126 29.5199 1365.64
217.639 60.9231 3.80809 3.4374 51.8553 1358.64
218.995 60.824 3.7945 3.44335 70.4158 1417.45
216.976 61.3836 3.80525 3.48979 42.3735 1296.88
211.063 63.7318 3.76063 3.61821 54.0727 896.4
217.533 61.1871 3.80694 3.48085 47.1139 1333.39
211.14 63.4056 3.77705 3.62378 79.2586 923.721
219.217 60.1294 3.8152 3.38709 34.8507 1482.38
216.221 60.072 3.75484 3.37029 31.443 1378.23
218.856 60.4399 3.82446 3.44927 47.7236 1443.35
203.383 71.3221 3.8704 3.39674 261.387 477.456
205.026 71.0033 3.82966 3.39132 163.047 503.821
202.84 70.0079 3.79905 3.37442 265.879 378.011
205.387 69.6211 3.79175 3.30058 192.632 455.101
206.58 70.34 3.82228 3.33403 176.651 522.637
205.217 69.1565 3.80401 3.49765 316.957 438.537
209.387 69.836 3.82069 3.43735 194.685 611.439
211.299 69.72 3.83257 3.40187 174.711 682.851
215.088 69.9175 3.84605 3.38943 168.518 830.018
216.289 69.626 3.84054 3.38753 117.696 875.622
235.93 69.3475 3.84235 3.40838 108.479 1638.06
207.318 68.8799 3.81928 3.35742 230.143 519.749
209.319 68.9656 3.80886 3.32122 177.084 600.26
211.177 69.1532 3.80241 3.37891 191.226 674.57
213.625 69.322 3.81393 3.3892 184.059 771.517
219.035 69.243 3.83544 3.41182 131.084 985.311
221.263 69.3286 3.83824 3.37461 104.988 1071.89
203.811 68.2575 3.80494 3.36351 195.941 378.137
206.028 68.4414 3.78568 3.3586 118.525 467.919
208.187 68.1343 3.82168 3.33707 130.296 559.957
210.384 68.0584 3.82425 3.33178 133.848 651.682
211.513 68.0748 3.82378 3.35597 145.817 697.832
214.432 68.1207 3.80019 3.27119 150.302 816.652
218.405 68.1861 3.79904 3.32887 127.5 977.291
220.465 68.6043 3.8232 3.40097 161.024 1051.72
222.103 68.3889 3.82613 3.37097 163.456 1122.13
223.281 66.3701 3.81075 3.38877 98.4915 1238.45
204.275 67.0486 3.90108 3.28705 99.269 429.897
206.517 67.2221 3.8679 3.22799 126.222 514.092
207.821 67.5076 3.83472 3.20696 127.007 558.616
212.113 67.5187 3.81856 3.32307 99.8721 735.622
214.357 67.5933 3.81334 3.33242 122.491 826.168
215.855 67.6946 3.79915 3.28692 109.25 885.07
220.128 67.6136 3.79384 3.34558 112.341 1062.73
224.214 67.6106 3.82454 3.36603 119.254 1229.48
226.258 67.441 3.83405 3.40825 123.845 1318.32
201.346 65.895 3.7915 3.2854 59.2847 393.298
202.913 66.1434 3.8088 3.61109 64.8588 428.404
206.494 66.5156 3.85877 3.34557 107.418 543.477
208.493 66.9214 3.84967 3.23451 81.04 606.287
209.976 66.7108 3.84608 3.25292 95.9452 675.556
212.525 66.7004 3.79755 3.37106 87.9725 780.685
213.899 66.7653 3.80686 3.35287 73.8317 834.797
216.215 66.9498 3.80323 3.35559 126.155 923.58
218.345 66.8088 3.80202 3.36256 103.496 1016.83
221.978 66.9116 3.80681 3.34401 90.8245 1162.7
223.778 66.9808 3.81014 3.3598 98.1874 1234.04
225.729 66.9227 3.81542 3.3852 147.789 1316.22
197.761 64.6379 3.76621 3.59971 86.431 428.39
200.087 64.937 3.8096 3.53769 100.084 442.905
201.637 65.1527 3.77327 3.30158 78.2036 464.33
203.551 65.5276 3.7277 3.62844 82.403 494.795
205.119 65.4924 3.81349 3.4089 85.028 552.574
207.195 65.6571 3.84911 3.32006 89.4874 619.076
208.623 65.8937 3.85873 3.41821 71.4256 660.748
210.457 65.8251 3.87003 3.3601 65.9231 737.482
212.122 65.8371 3.86525 3.37258 62.4633 803.935
214.181 66.267 3.82116 3.37959 69.1467 867.341
218.473 66.2305 3.81753 3.40624 124.712 1045.97
221.631 66.2191 3.81042 3.39895 103.591 1176.95
225.657 65.8052 3.82528 3.45525 102.346 1362.35
214.843 62.3987 3.80616 3.57921 59.8536 1137.6
213.052 64.4091 3.8903 3.42137 45.0971 925.04
199.305 63.8864 3.74571 3.50175 64.3037 532.289
205.522 64.7962 3.75809 3.43932 66.943 617.999
208.018 65.18 3.86129 3.40202 37.0761 680.914
210.64 65.1479 3.83954 3.41864 66.1495 783.837
216.846 65.3064 3.80446 3.38314 60.6254 1024.15
218.385 65.6035 3.82573 3.42129 71.357 1071.91
220.064 65.4483 3.82616 3.46792 94.2857 1148.98
221.694 65.3609 3.8272 3.41668 78.2026 1220.69
223.623 65.2225 3.82412 3.4769 90.4273 1307.56
196.446 62.7492 3.74544 3.61586 104.005 621.554
199.398 63.2842 3.73873 3.47949 115.303 596.902
200.922 63.3965 3.80837 3.60718 80.9841 613.995
203.285 63.465 3.79736 3.34031 79.4489 664.048
205.853 64.1767 3.77556 3.55912 79.3292 678.429
214.63 64.613 3.87897 3.41304 45.955 974.456
216.436 64.5012 3.84999 3.43979 66.7072 1053.67
221.784 64.453 3.80076 3.51081 29.957 1274.26
221.784 64.4525 3.82065 3.45212 87.138 1274.26
223.67 64.5753 3.8259 3.43616 96.514 1344.81
195.344 61.9331 3.76875 3.60646 85.8206 707.763
198.469 62.2938 3.76545 3.50117 65.29 689.85
201.699 62.7161 3.81073 3.61817 72.7511 699.304
205.93 63.3569 3.77146 3.51914 76.5855 750.457
214.222 63.8036 3.86842 3.45028 20.5521 1011.19
217.924 64.0292 3.85767 3.40676 44.3987 1142.87
222.48 63.8433 3.82274 3.45876 73.6545 1339.43
197.317 61.3416 3.76207 3.63497 88.3748 783.039
198.513 61.678 3.75129 3.51005 48.0156 757.309
200.525 61.7105 3.78281 3.55688 83.3857 781.662
203.311 62.2195 3.81753 3.39262 55.9428 785.409
206.12 62.4787 3.77928 3.57456 47.4949 835.111
221.871 63.109 3.86305 3.44682 45.6774 1361.93
193.799 60.3849 3.84267 3.58087 68.2014 880.509
196.65 60.4135 3.77647 3.68453 99.4333 881.531
198.04 60.7515 3.76621 3.54242 53.6375 853.988
199.312 60.6947 3.74678 3.44939 55.9798 873.571
201.041 61.0224 3.78567 3.57789 84.5662 863.103
202.562 61.4009 3.80418 3.56552 72.6851 851.724
204.176 61.4907 3.81514 3.36891 43.6696 878.422
206.868 61.8823 3.77371 3.51294 61.843 912.008
209.88 61.7531 3.77254 3.40671 48.68 1016.45
212.274 61.7929 3.77888 3.45763 44.7454 1093.58
213.825 62.1067 3.79218 3.49464 67.2589 1123.02
221.538 62.4435 3.85637 3.51909 27.4331 1394.22
223.206 62.5763 3.84115 3.48502 47.762 1452.05
225.609 62.2024 3.84773 3.47229 43.24 1575.33
198.315 59.9237 3.75863 3.5373 54.7431 947.461
199.908 60.1686 3.76243 3.51487 75.5861 938.102
201.231 60.4742 3.78085 3.60329 53.7155 924.485
202.813 60.5269 3.82092 3.58688 63.1825 947.241
204.11 60.6801 3.78808 3.43334 37.1254 958.596
226.918 61.1512 3.85323 3.52334 35.3823 1703.73
198.736 59.2533 3.75271 3.47873 64.7584 1025.02
200.175 59.1767 3.75957 3.57366 70.3643 1049.17
201.907 59.5938 3.79226 3.6286 83.4613 1029.3
202.905 59.7733 3.80949 3.5773 71.5862 1027.85
204.792 59.8542 3.82675 3.46724 55.6672 1058.02
210.276 60.4814 3.78478 3.38846 33.679 1143.72
219.809 60.7718 3.78698 3.45434 39.5411 1452.5
221.424 60.3024 3.79009 3.47489 52.6103 1551.78
222.262 59.6304 3.79008 3.51428 52.5838 1638.35
212.566 65.1171 3.86979 3.40235 57.36 861.768
204.991 58.6484 3.79009 3.41719 31.2862 1186.71
207.606 58.6097 4.22043 3.70751 74.3266 1250.57
213.66 59.4296 3.7751 3.43897 36.1859 1347.7
224.26 58.4133 3.79684 3.46581 17.4881 1815.92
225.482 58.2747 3.81489 3.54187 15.2802 1874.44
197.939 55.703 3.77868 3.61398 69.4403 1411.05
200.447 56.2848 3.75234 3.55305 45.3295 1368.18
223.768 57.9616 3.79151 3.40344 29.1866 1835.73
225.424 57.4688 3.80017 3.39328 26.7835 1940.79
228.869 57.9128 3.78408 3.56425 52.2626 2036.74
210.428 68.6408 3.80454 3.39005 155.536 646.03
218.842 64.7774 3.82381 3.42399 44.0776 1135.03
227.653 56.4191 3.80687 3.42035 23.6992 2116.93
211.063 63.7323 3.76056 3.61815 54.0727 896.383
211.14 63.4057 3.77704 3.62378 79.2586 923.72
218.547 60.1369 3.81724 3.84444 21.5534 1456.92
210.84 64.6544 3.86074 3.55185 19.782 823.195
210.867 64.709 3.87483 3.54639 34.8324 820.621
210.847 64.8338 3.86726 3.56282 36.35 811.714
210.819 64.8857 3.87252 3.47986 45.7524 807.274
210.44 64.87 3.85109 3.51155 52.2896 793.649
210.174 64.8537 3.83939 3.51392 37.2982 784.482
210.069 64.7653 3.8442 3.51236 60.1969 786.292
210.917 64.5498 3.86732 3.42964 28.1255 833.107
210.782 64.5716 3.848 3.55031 28.4463 826.487
210.554 64.5756 3.8462 3.47184 24.2893 817.52
210.901 64.613 3.85312 3.45377 28.1467 828.262
211.172 64.6917 3.87746 3.44672 38.2643 833.515
216.296 60.3923 3.77945 3.32363 34.7338 1353.58
216.716 60.1205 3.77009 3.33165 30.1573 1391.71
215.271 60.5805 3.76571 3.42975 21.4856 1301.1
216.679 60.2805 3.7594 3.32529 28.9387 1376.79
218.244 60.7315 3.79756 3.4646 39.3743 1396.73
216.749 60.4427 3.77502 3.32126 29.5199 1365.64
217.639 60.9231 3.80807 3.43738 51.8553 1358.64
218.995 60.8241 3.79448 3.44333 70.4158 1417.44
216.976 61.3836 3.80525 3.48979 42.3735 1296.88
217.533 61.187 3.80698 3.48089 47.1139 1333.4
219.217 60.1294 3.8152 3.38709 34.8507 1482.38
216.221 60.072 3.75484 3.37029 31.443 1378.23
218.856 60.4399 3.82446 3.44927 47.7236 1443.35
