# evlo=216.288605 evla=69.625999
194.627 64.5646 3.82804 3.40911 106.897 1088.73
217.908 60.4896 3.78955 3.46272 38.8355 1021.39
217.654 61.036 3.76578 3.47602 75.097 959.802
217.507 60.403 3.80063 3.42996 39.9525 1029.84
218.338 61.0595 3.80003 3.5393 36.2727 959.754
220.363 59.9534 3.76549 3.56563 61.6152 1095.04
216.3 60.3932 3.74391 3.36681 35.3128 1029.38
225.144 58.5792 3.8133 3.53174 62.5495 1301.78
216.716 60.1205 3.79202 3.44332 45.9377 1059.95
215.395 60.9677 3.76456 3.26481 36.3084 966.237
209.013 64.0997 3.7979 3.50545 121.644 692.952
209.094 59.7511 3.78115 3.4184 75.6708 1151.34
209.259 59.7417 3.78088 3.42047 88.8519 1150.12
210.701 64.1732 3.80492 3.4446 55.7722 654.863
213.401 60.7277 3.8015 3.51851 66.033 1001.01
215.271 60.5805 3.73107 3.28479 20.2655 1009.6
216.679 60.2805 3.79239 3.44366 58.8182 1042.09
218.244 60.7315 3.77471 3.41592 36.4348 995.779
213.052 64.4091 3.80057 3.39815 90.4754 598.452
217.659 60.6024 3.78731 3.45448 46.9468 1008.06
216.749 60.4427 3.79259 3.42682 63.6815 1024.08
217.639 60.9231 3.77433 3.44875 64.333 972.321
218.995 60.824 3.75821 3.41865 51.2646 989.266
216.976 61.3836 3.75218 3.40693 98.3523 919.554
211.063 63.7318 3.78818 3.41903 106.748 696.094
218.049 60.1785 3.80222 3.38897 39.5694 1056.48
216.031 60.2361 3.77368 3.38534 48.0766 1046.95
217.533 61.1871 3.77899 3.40224 78.0806 942.64
218.652 60.2994 3.78036 3.40325 24.688 1045.61
211.14 63.4056 3.78968 3.41245 83.3276 729.883
219.217 60.1294 3.74248 3.4077 46.8732 1067.52
216.221 60.072 3.78497 3.39673 48.8886 1065.17
218.856 60.4399 3.76339 3.37311 37.2832 1031.06
216.546 61.2275 3.75616 3.3957 78.7454 936.487
198.929 70.2043 3.8614 3.59485 89.3713 666.427
203.383 71.3221 3.79884 3.16901 102.504 516.22
205.026 71.0033 3.8406 3.28848 71.4628 449.803
234.753 71.9871 3.79939 3.14631 107.986 723.574
198.198 69.3641 3.83044 3.45404 125.945 705.502
202.84 70.0079 3.84141 3.45026 129.193 518.736
205.387 69.6211 3.80965 3.55049 203.537 423.225
206.58 70.34 3.82333 3.58069 132.92 379.04
194.656 68.2746 3.84054 3.38753 117.696 875.622
196.822 68.4753 3.8321 3.37222 111.414 784.093
198.806 68.6483 3.84418 3.41764 144.286 701.132
200.413 69.1049 3.83027 3.40572 129.094 625.553
205.217 69.1565 3.82177 3.46837 167.24 437.63
235.93 69.3475 3.852 3.38615 154.386 765.752
196.917 67.6988 3.82481 3.36301 91.9357 811.897
201.885 68.4946 3.82528 3.43083 121.636 586.926
203.387 68.7132 3.82735 3.39607 140.137 521.205
198.174 67.082 3.81506 3.34898 90.578 794.489
199.397 67.4213 3.80842 3.25543 89.5826 730.058
202.768 67.4572 3.84092 3.20309 101.558 601.227
203.811 68.2575 3.85078 3.2561 109.518 522.228
206.028 68.4414 3.87811 3.32125 141.03 430.074
223.281 66.3701 3.98656 3.46906 64.7047 465.691
193.671 65.4742 3.80584 3.39446 73.1471 1061.3
195.352 65.7077 3.81655 3.41278 93.8488 983.171
198.75 66.442 3.84612 3.24775 90.9051 810.118
200.349 66.6001 3.85916 3.29415 103.811 741.312
202.227 66.8332 3.86622 3.3028 101.279 658.213
204.275 67.0486 3.85977 3.1915 125.163 571.12
206.517 67.2221 3.84271 3.24537 136.098 481.687
207.821 67.5076 3.84811 3.34963 180.722 417.975
224.214 67.6106 3.86851 3.3326 126.454 392.719
226.258 67.441 3.87979 3.40622 206.223 473.851
195.961 64.9941 3.81487 3.32921 89.5132 1009.33
197.645 65.3936 3.82692 3.31331 75.9127 920.114
199.349 65.5011 3.82871 3.31335 62.1626 851.59
201.346 65.895 3.82764 3.38584 89.6887 753.129
202.913 66.1434 3.81538 3.27395 106.678 681.044
206.494 66.5156 3.81025 3.39736 148.291 534.761
208.493 66.9214 3.80105 3.36907 99.8467 440.776
209.976 66.7108 3.78665 3.39596 153.036 417.204
221.978 66.9116 3.90087 3.47591 80.4831 383.043
223.778 66.9808 3.95953 3.36052 115.669 426.797
225.729 66.9227 3.91392 3.39152 118.646 492.208
197.761 64.6379 3.85366 3.34959 46.3016 971.342
200.087 64.937 3.8236 3.41036 75.2037 868.166
201.637 65.1527 3.80692 3.30417 71.4021 799.3
203.551 65.5276 3.83111 3.32564 92.0878 706.969
205.119 65.4924 3.79992 3.45089 103.124 660.81
207.195 65.6571 3.77602 3.42669 181.962 586.256
208.623 65.8937 3.78933 3.38112 138.508 526.658
210.457 65.8251 3.79294 3.40699 155.558 490.043
212.122 65.8371 3.76793 3.36575 139.014 457.628
214.18 66.267 3.77202 3.52689 37.903 384.871
214.181 66.267 3.76387 3.47408 119.608 384.861
218.473 66.2305 3.77489 3.32283 71.7812 389.587
221.631 66.2191 3.80355 3.53339 66.7091 440.828
225.657 65.8052 3.93977 3.38639 58.3545 580.951
214.843 62.3987 3.81373 3.53174 104.829 808.5
213.052 64.4091 3.80057 3.39815 90.4754 598.452
199.305 63.8864 3.80537 3.53803 89.4633 978.79
205.522 64.7962 3.799 3.57841 77.1619 709.96
208.018 65.18 3.79554 3.40777 166.149 608.604
210.64 65.1479 3.78435 3.46466 119.699 554.651
216.846 65.3064 3.84696 3.58439 60.1525 482.341
218.385 65.6035 3.76132 3.34547 85.7492 457.328
220.064 65.4483 3.81368 3.55119 58.3635 492.762
221.694 65.3609 3.82736 3.48793 55.2165 528.332
223.623 65.2225 3.88913 3.28076 49.4151 582.237
196.446 62.7492 3.81468 3.51342 90.0276 1168.54
199.398 63.2842 3.81241 3.48965 99.8096 1026.8
200.922 63.3965 3.82254 3.42689 80.1522 969.495
203.285 63.465 3.81808 3.56169 127.611 894
204.379 63.994 3.79693 3.5509 109.652 814.822
205.853 64.1767 3.78537 3.44345 110.077 758.249
214.63 64.613 3.80118 3.53705 140.354 563.627
216.436 64.5012 3.80785 3.43499 78.1166 571.565
221.784 64.453 3.83078 3.42219 36.423 623.993
221.784 64.4525 3.84224 3.51636 40.4408 624.036
223.67 64.5753 3.86482 3.44553 50.3157 647.12
195.344 61.9331 3.82267 3.49749 84.2098 1274.96
198.469 62.2938 3.80884 3.45545 77.1225 1142.96
201.699 62.7161 3.83437 3.51325 81.4061 1008.04
205.93 63.3569 3.78723 3.4456 99.6689 835.12
214.222 63.8036 3.8158 3.54181 108.952 655.579
217.924 64.0292 3.77845 3.37039 62.2108 628.213
222.48 63.8433 3.8443 3.5244 76.502 699.456
197.317 61.3416 3.81527 3.51214 63.1408 1264.5
198.513 61.678 3.81459 3.46216 27.1411 1197.25
203.311 62.2195 3.79545 3.57846 91.9647 1011.09
205.146 62.1816 3.78491 3.4739 110.031 969.778
206.12 62.4787 3.78772 3.43637 98.7455 917.894
216.652 63.0254 3.75969 3.4248 52.7631 736.219
218.173 63.0618 3.799 3.48495 87.4639 736.744
221.871 63.109 3.81927 3.57636 88.1405 767.704
193.799 60.3849 3.82138 3.47041 86.2829 1462.51
198.04 60.7515 3.80245 3.53465 45.29 1297.2
199.312 60.6947 3.82899 3.51095 54.442 1265.83
201.041 61.0224 3.82182 3.56672 96.8062 1186.71
202.562 61.4009 3.79795 3.56796 100.497 1109.99
204.176 61.4907 3.77628 3.51514 81.6225 1061.45
205.609 61.9037 3.79285 3.45124 91.3537 987.225
206.868 61.8823 3.80851 3.40765 81.5694 962.906
209.88 61.7531 3.78028 3.41955 66.0403 924.736
212.274 61.7929 3.81537 3.46339 81.8994 892.178
213.825 62.1067 3.79811 3.47776 82.2073 845.769
217.004 62.4013 3.75438 3.42839 67.7268 806.241
218.122 62.3579 3.78207 3.49638 57.5152 814.613
221.538 62.4435 3.80725 3.54128 79.9979 834.775
223.206 62.5763 3.83355 3.45427 70.616 844.819
225.609 62.2024 3.85927 3.44169 69.0414 927.976
198.315 59.9237 3.82841 3.46329 76.7951 1367.83
199.908 60.1686 3.82222 3.52279 66.8493 1300.06
201.231 60.4742 3.81233 3.55864 91.2679 1235.14
202.813 60.5269 3.79067 3.59918 103.068 1190.33
204.11 60.6801 3.78507 3.50465 119.855 1144.63
205.516 60.8132 3.79942 3.41194 100.417 1100.6
207.791 61.2001 3.80967 3.45287 102.874 1016.77
215.402 61.6061 3.808 3.54717 38.3898 895.133
222.911 61.4593 3.82576 3.47743 67.0755 959.322
224.22 61.4862 3.82604 3.45671 50.8183 976.865
226.918 61.1512 3.86181 3.47347 47.6057 1062.86
198.736 59.2533 3.82176 3.52044 55.8923 1421.18
200.175 59.1767 3.81291 3.5895 70.2335 1390.73
201.907 59.5938 3.79752 3.58139 126.963 1305.9
202.905 59.7733 3.79458 3.55693 181.737 1264.19
204.792 59.8542 3.78797 3.37981 76.8281 1214.66
205.68 60.1952 3.79756 3.42041 54.8116 1161.34
207.376 60.0815 3.79573 3.4158 77.816 1142.23
210.276 60.4814 3.78192 3.38542 52.5071 1056.89
219.809 60.7718 3.74608 3.45043 87.0063 1000.45
221.424 60.3024 3.81075 3.48825 56.6043 1066.51
223.909 60.7704 3.81018 3.49026 57.1824 1047.96
202.009 59.0314 3.79356 3.55705 125.486 1360.42
203.561 59.1953 3.78399 3.45696 83.2489 1308.75
204.771 59.3922 3.79164 3.41875 99.7693 1263.09
206.768 59.6524 3.79458 3.39895 89.2997 1198.18
212.597 59.9979 3.80981 3.47027 100.752 1087.16
226.285 59.5898 3.83398 3.53966 52.1025 1213.26
227.183 60.2114 3.86197 3.50165 48.7573 1165.33
212.566 65.1171 3.7782 3.43734 110.613 527.429
203.344 58.6774 3.77771 3.4865 87.7951 1366.92
204.113 58.2637 3.78113 3.40643 68.2619 1394.16
204.991 58.6484 3.77761 3.40543 75.6753 1336.64
206.355 58.9287 3.78746 3.38346 70.8727 1282.13
207.606 58.6097 3.778 3.39648 113.339 1295.86
213.66 59.4296 3.80989 3.53403 51.5729 1143.45
227.731 58.9601 3.83633 3.52542 39.3332 1306.72
202.426 57.5673 3.78363 3.46335 73.3532 1501.78
203.613 57.6397 3.78774 3.45281 57.7229 1469.58
224.26 58.4133 3.81235 3.56197 28.6119 1306.7
225.482 58.2747 3.82412 3.54457 32.7186 1339.73
229.033 59.3946 3.8633 3.48854 37.4393 1288.57
200.447 56.2848 3.78889 3.53179 64.0504 1678.58
223.768 57.9616 3.81038 3.53673 44.8782 1349.12
225.424 57.4688 3.8224 3.54216 52.233 1425.54
228.869 57.9128 3.82109 3.57628 28.9197 1439.03
227.048 56.8144 3.83256 3.56787 33.5121 1521.73
229.75 56.9811 3.82817 3.51187 23.8985 1554.58
212.138 64.8735 3.8092 3.3765 91.0298 559.182
226.879 56.1146 3.8282 3.54092 63.1496 1594.03
228.385 55.3279 3.82113 3.55682 48.763 1703.82
218.842 64.7774 3.77977 3.47639 86.3368 551.781
227.653 56.4191 3.82807 3.54017 54.715 1574.37
209.931 62.7622 3.59057 2.86825 66.1006 816.204
211.063 63.7323 3.78786 3.41874 106.748 696.034
211.14 63.4057 3.78965 3.41242 83.3276 729.877
218.547 60.1369 3.92897 3.45907 20.267 1063.15
210.84 64.6544 3.79458 3.48414 54.2184 602.144
210.867 64.709 3.78692 3.4496 62.3229 595.997
210.853 64.7716 3.7864 3.49201 53.3961 589.709
210.847 64.8338 3.78904 3.47091 56.6449 583.349
210.819 64.8857 3.78589 3.47811 85.9343 578.456
210.44 64.87 3.78106 3.46411 110.969 586.845
210.174 64.8537 3.77106 3.4564 94.8949 593.479
210.069 64.7653 3.78211 3.46439 143.284 604.51
210.917 64.5498 3.79521 3.48032 74.2462 611.817
210.782 64.5716 3.78782 3.46938 89.8485 611.767
210.554 64.5756 3.78472 3.47476 102.659 615.238
210.901 64.613 3.79244 3.47678 103.569 605.464
211.172 64.6917 3.79958 3.47837 87.8565 592.797
217.908 60.4896 3.78955 3.46272 38.8355 1021.39
217.507 60.403 3.80063 3.42996 39.9525 1029.84
218.338 61.0595 3.80003 3.5393 36.2727 959.754
216.296 60.3923 3.74428 3.36714 35.3128 1029.48
216.716 60.1205 3.79202 3.44332 45.9377 1059.95
215.271 60.5805 3.73107 3.28479 20.2655 1009.6
216.679 60.2805 3.79239 3.44366 58.8182 1042.09
218.244 60.7315 3.77471 3.41592 36.4348 995.779
217.659 60.602 3.78747 3.45463 46.9468 1008.1
216.749 60.4427 3.79259 3.42682 63.6815 1024.08
217.639 60.9231 3.77433 3.44875 64.333 972.32
218.995 60.8241 3.75817 3.41861 51.2646 989.255
216.976 61.3836 3.75218 3.40693 98.3523 919.554
218.049 60.1785 3.80222 3.38897 39.5694 1056.48
216.031 60.2361 3.77368 3.38534 48.0766 1046.95
217.533 61.187 3.77904 3.40228 78.0806 942.651
218.652 60.2994 3.78036 3.40325 24.688 1045.61
219.217 60.1294 3.74248 3.4077 46.8732 1067.52
216.221 60.072 3.78497 3.39673 48.8886 1065.17
218.856 60.4399 3.76339 3.37311 37.2832 1031.06
216.546 61.2275 3.75616 3.3957 78.7454 936.487
209.518 60.7352 3.77587 3.38148 64.4104 1039.29
209.518 60.7351 3.77589 3.3815 64.4104 1039.3
