# evlo=220.128296 evla=67.613602
194.627 64.5646 3.80022 3.58745 129.017 1193.14
217.908 60.4896 3.8393 3.60788 28.6728 801.4
217.654 61.036 3.80771 3.55242 29.5282 742.834
217.507 60.403 3.81103 3.5378 39.4201 813.794
220.363 59.9534 3.78391 3.5084 41.9074 853.982
216.3 60.3932 3.80952 3.60283 51.9927 826.025
225.144 58.5792 3.82418 3.49129 69.9148 1037.54
216.716 60.1205 3.80783 3.49637 49.3041 851.648
215.395 60.9677 3.77981 3.43433 111.839 774.99
209.013 64.0997 3.80888 3.63709 115.413 639.65
209.094 59.7511 3.78732 3.41732 103.358 1029.27
209.259 59.7417 3.79298 3.39866 92.6834 1026.01
210.701 64.1732 3.8189 3.64868 111.097 575.057
208.846 60.7683 3.78486 3.44836 61.6618 936.603
207.916 63.4188 3.8345 3.65335 139.825 731.288
212.195 64.6453 3.83604 3.62907 108.787 487.199
204.378 55.8218 3.79244 3.47374 41.7149 1545.74
207.685 63.8827 3.80127 3.61868 102.136 704.078
208.763 59.5251 3.78826 3.39077 114.486 1060.18
209.796 67.2269 3.78556 3.57681 211.991 444.463
216.907 60.7523 3.80718 3.52488 34.5154 780.491
218.66 60.9649 3.82117 3.54487 47.1502 744.554
209.738 62.4058 3.82736 3.47292 66.966 757.797
217.513 60.0823 3.81402 3.52813 28.3279 849.158
212.624 63.0753 3.78559 3.56156 113.081 614.038
214.225 61.1292 3.75744 3.40721 89.7532 776.231
215.93 63.6482 3.80461 3.42348 72.1529 482.324
214.25 60.5487 3.76548 3.37319 65.331 837.286
213.401 60.7277 3.76731 3.39959 56.1159 833.314
215.271 60.5805 3.80545 3.42592 74.9597 818.425
216.679 60.2805 3.79876 3.56652 88.5313 834.447
218.244 60.7315 3.80181 3.53815 37.8869 772.572
213.052 64.4091 3.82646 3.68983 177.766 479.879
217.659 60.6024 3.8278 3.57531 48.8633 790.647
216.749 60.4427 3.79603 3.5404 69.9064 815.977
217.639 60.9231 3.82628 3.53339 47.6023 755.397
218.995 60.824 3.79723 3.49236 42.3879 758.868
216.976 61.3836 3.80889 3.538 93.9213 710.648
211.063 63.7318 3.84654 3.52406 117.621 599.83
218.049 60.1785 3.81776 3.46197 43.0666 834.972
216.031 60.2361 3.801 3.53294 71.0788 846.168
217.533 61.1871 3.83165 3.59491 56.5109 727.138
218.652 60.2994 3.81673 3.50275 26.8265 818.5
211.14 63.4056 3.84351 3.47907 89.8391 625.821
219.217 60.1294 3.80251 3.47944 52.2453 835.475
216.221 60.072 3.79881 3.51243 64.5764 861.974
218.856 60.4399 3.77786 3.45172 41.6536 802.075
216.546 61.2275 3.80534 3.51101 134.044 732.28
212.138 64.8736 3.8285 3.59892 125.235 471.043
198.929 70.2043 3.83627 3.47012 60.4014 893.944
203.383 71.3221 3.84732 3.38203 71.1289 771.438
205.026 71.0033 3.83846 3.38238 64.6197 702.756
234.753 71.9871 3.89501 3.47151 84.0247 742.183
198.198 69.3641 3.82032 3.34363 117.523 913.419
202.84 70.0079 3.83922 3.37036 74.9833 743.88
205.387 69.6211 3.82192 3.42712 92.1791 638.519
206.58 70.34 3.87723 3.37932 86.8624 620.129
194.656 68.2746 3.79384 3.34558 112.341 1062.73
196.822 68.4753 3.79275 3.33797 149.447 971.633
198.806 68.6483 3.79194 3.34324 149.047 889.575
200.413 69.1049 3.8066 3.35552 137.278 824.768
205.217 69.1565 3.79384 3.40522 154.485 635.139
209.387 69.836 3.90421 3.43102 117.532 499.803
211.299 69.72 3.92117 3.45497 80.9444 428.11
235.93 69.3475 3.97118 3.48705 117.761 673.213
196.917 67.6988 3.78244 3.35569 140.64 979.4
201.885 68.4946 3.78069 3.35411 149.16 764.612
203.387 68.7132 3.77983 3.34655 197.132 703.645
207.318 68.8799 3.76979 3.33189 148.365 547.409
209.319 68.9656 3.81289 3.38723 163.116 470.44
211.177 69.1532 3.84145 3.48757 128.861 405.752
198.174 67.082 3.78609 3.43756 176.167 940.841
199.397 67.4213 3.78818 3.39137 172.26 881.156
202.768 67.4572 3.78113 3.42113 225.382 738.332
203.811 68.2575 3.76691 3.34255 170.075 686.005
206.028 68.4414 3.7709 3.37115 129.349 594.832
208.187 68.1343 3.74419 3.35551 167.433 504.667
210.384 68.0584 3.72718 3.43655 215.796 412.963
193.671 65.4742 3.79886 3.53653 160.901 1189.85
195.352 65.7077 3.79547 3.5232 156.209 1108.3
198.75 66.442 3.79178 3.47233 145.982 935.759
200.349 66.6001 3.79333 3.47987 143.609 862.616
202.227 66.8332 3.78873 3.47516 172.067 775.786
204.275 67.0486 3.78595 3.47852 159.941 683.116
206.517 67.2221 3.78544 3.50356 141.549 583.961
207.821 67.5076 3.77337 3.50134 139.116 523.726
195.961 64.9941 3.80588 3.5843 110.435 1114.86
197.645 65.3936 3.81162 3.5948 141.407 1024.56
199.349 65.5011 3.81031 3.61901 132.231 947.469
201.346 65.895 3.81356 3.60961 154.28 845.876
202.913 66.1434 3.81352 3.61801 139.533 769.58
206.494 66.5156 3.79814 3.57413 142.372 604.327
208.493 66.9214 3.78784 3.58902 164.863 507.082
209.976 66.7108 3.8359 3.56173 159.885 450.705
197.761 64.6379 3.80787 3.58672 126.231 1056.8
200.087 64.937 3.79332 3.59361 156.683 943.391
201.637 65.1527 3.80694 3.61228 132.718 867.465
203.551 65.5276 3.81559 3.65423 115.465 769.025
205.119 65.4924 3.82271 3.54693 127.757 705.295
207.195 65.6571 3.83308 3.59671 124.674 611.346
208.623 65.8937 3.83407 3.57621 135.146 541.037
210.457 65.8251 3.83888 3.55745 133.011 470.38
212.122 65.8371 3.85552 3.56877 165.185 404.52
214.843 62.3987 3.77502 3.45715 132.69 632.071
213.052 64.4091 3.82646 3.68983 177.766 479.879
199.305 63.8864 3.82988 3.63425 116.05 1034.82
205.522 64.7962 3.84763 3.60821 71.2744 726.72
208.018 65.18 3.82603 3.60282 109.512 604.168
210.64 65.1479 3.84895 3.60849 167.931 504.879
196.446 62.7492 3.82509 3.61237 92.057 1224.75
199.398 63.2842 3.83667 3.58004 121.854 1068.88
200.922 63.3965 3.86734 3.51888 71.0509 999.825
203.285 63.465 3.84187 3.611 96.6713 901.34
204.379 63.994 3.86608 3.64353 103.491 822.624
205.853 64.1767 3.85175 3.61884 93.234 752.712
214.63 64.613 3.78109 3.58981 228.087 416.472
216.436 64.5012 3.79635 3.45839 172.113 385.101
195.344 61.9331 3.82375 3.60925 51.6663 1325.6
198.469 62.2938 3.81113 3.58732 92.9066 1173.96
201.699 62.7161 3.83157 3.62218 92.3726 1016.21
205.93 63.3569 3.80224 3.66036 140.119 807.996
214.222 63.8036 3.77098 3.50255 125.921 503.56
217.924 64.0292 3.85234 3.48469 106.835 412.122
222.48 63.8433 3.84084 3.70306 97.1773 433.951
197.317 61.3416 3.81773 3.63431 109.15 1289.46
198.513 61.678 3.81459 3.61297 88.8307 1217.14
200.525 61.7105 3.84497 3.69698 110.454 1136.65
201.703 62.1344 3.84165 3.70133 88.4145 1059.25
203.311 62.2195 3.82585 3.66203 129.628 992.181
205.146 62.1816 3.82435 3.59035 110.193 928.609
206.12 62.4787 3.84354 3.56319 138.1 869.979
216.652 63.0254 3.81283 3.49234 66.325 536.411
218.173 63.0618 3.83319 3.59362 109.943 515.56
221.871 63.109 3.79546 3.61524 58.9627 508.707
193.799 60.3849 3.80199 3.6762 85.3559 1502
196.65 60.4135 3.82337 3.62275 58.3863 1387.23
198.04 60.7515 3.83229 3.61518 115.674 1306.78
199.312 60.6947 3.84632 3.6644 83.7209 1262.86
201.041 61.0224 3.83171 3.64467 133.631 1171.77
202.562 61.4009 3.82134 3.6125 104.926 1085.12
204.176 61.4907 3.83575 3.56216 114.107 1020
205.609 61.9037 3.8296 3.56153 99.0606 935.48
206.868 61.8823 3.8339 3.5475 84.1157 894.839
209.88 61.7531 3.79786 3.47257 89.7368 814.058
212.274 61.7929 3.78238 3.53335 99.0311 748.033
213.825 62.1067 3.76683 3.45287 119.758 682.071
217.004 62.4013 3.81464 3.51968 104.402 599.336
218.122 62.3579 3.83245 3.62135 107.571 593.492
221.538 62.4435 3.80553 3.60793 104.015 580.203
223.206 62.5763 3.81335 3.5361 76.6697 579.79
225.609 62.2024 3.88045 3.5123 75.8906 656.135
198.315 59.9237 3.84874 3.6593 81.6109 1363.32
201.231 60.4742 3.82388 3.62022 69.5521 1210.17
204.11 60.6801 3.83797 3.5296 87.7076 1091.75
205.516 60.8132 3.81281 3.47498 74.732 1033.34
207.791 61.2001 3.79598 3.50657 89.6023 926.714
215.402 61.6061 3.77374 3.40982 88.7884 706.434
222.911 61.4593 3.78263 3.50505 98.4119 698.815
224.22 61.4862 3.84991 3.53173 59.0066 710.378
226.918 61.1512 3.86521 3.50149 52.8015 790.393
200.175 59.1767 3.81329 3.59757 85.9091 1359.39
202.905 59.7733 3.80215 3.51981 57.9726 1212.55
204.792 59.8542 3.80429 3.4927 54.5985 1143.51
205.68 60.1952 3.79829 3.47349 52.5126 1084.2
210.276 60.4814 3.80907 3.45247 85.3596 926.944
219.809 60.7718 3.79884 3.47423 58.8412 762.875
221.424 60.3024 3.80828 3.41326 51.306 817.448
190.452 56.6011 3.8205 3.65953 41.6479 1944.14
202.009 59.0314 3.8043 3.54684 51.9436 1309.3
204.771 59.3922 3.79091 3.48361 74.1247 1186.94
212.597 59.9979 3.77434 3.4442 77.72 924.951
222.262 59.6304 3.77163 3.49027 36.5855 896.024
227.183 60.2114 3.87543 3.54598 84.6428 893.536
212.566 65.1171 3.86949 3.64647 133.833 437.71
203.344 58.6774 3.80101 3.53454 60.9357 1298.37
204.113 58.2637 3.79432 3.4938 81.0717 1313.63
204.991 58.6484 3.79145 3.4592 61.5794 1250.54
206.355 58.9287 3.79121 3.44354 91.2659 1183.91
207.606 58.6097 3.79571 3.35877 98.6585 1181.14
213.66 59.4296 3.77284 3.40743 99.6049 966.147
227.731 58.9601 3.86481 3.54325 52.8664 1035.45
202.426 57.5673 3.80517 3.47219 59.2421 1431.83
203.613 57.6397 3.78148 3.43598 40.8604 1388.54
205.548 57.5665 3.79023 3.40843 66.3264 1339.9
224.26 58.4133 3.84969 3.54362 27.7704 1046.03
225.482 58.2747 3.81804 3.50529 42.3713 1074.84
229.033 59.3946 3.88689 3.52474 56.0833 1015.5
228.869 57.9128 3.86339 3.56132 54.4038 1167.13
227.048 56.8144 3.82383 3.5519 35.7307 1254.37
229.75 56.9811 3.84846 3.56962 41.0914 1282.36
212.138 64.8735 3.73396 3.62805 38.9994 471.058
210.428 68.6408 3.75633 3.38782 224.926 418.92
229.974 55.9154 3.83566 3.48878 26.4561 1399.47
228.385 55.3279 3.8268 3.57611 43.4285 1435.08
227.653 56.4191 3.83176 3.57531 61.2482 1306.05
209.931 62.7622 3.25444 2.93659 56.3475 719.875
211.063 63.7323 3.84616 3.52372 117.621 599.771
211.14 63.4057 3.84347 3.47904 89.8391 625.815
218.547 60.1369 3.89185 3.50377 74.9589 837.008
210.867 64.709 3.83232 3.6017 83.608 527.79
210.853 64.7716 3.8276 3.62922 84.4508 523.642
210.847 64.8338 3.83306 3.58731 57.0683 519.316
210.819 64.8857 3.83587 3.64015 116.825 516.588
210.44 64.87 3.83689 3.64172 144.007 531.481
210.174 64.8537 3.8463 3.63733 88.4464 542.396
210.069 64.7653 3.83431 3.63673 101.462 552.5
210.917 64.5498 3.80819 3.56073 70.9571 538.089
210.782 64.5716 3.82021 3.57819 60.8894 541.132
210.554 64.5756 3.81217 3.6115 112.74 548.86
210.901 64.613 3.81146 3.54254 70.7054 533.829
211.172 64.6917 3.8177 3.52824 80.3445 518.359
217.908 60.4896 3.8393 3.60788 28.6728 801.4
217.507 60.403 3.81103 3.5378 39.4201 813.794
216.296 60.3923 3.81014 3.60342 51.9927 826.16
216.716 60.1205 3.80783 3.49637 49.3041 851.648
215.271 60.5805 3.80545 3.42592 74.9597 818.425
216.679 60.2805 3.79876 3.56652 88.5313 834.447
218.244 60.7315 3.80181 3.53815 37.8869 772.572
217.659 60.602 3.82804 3.57552 48.8633 790.695
216.749 60.4427 3.79603 3.5404 69.9064 815.977
217.639 60.9231 3.82629 3.53339 47.6023 755.399
218.995 60.8241 3.79718 3.49231 42.3879 758.857
216.976 61.3836 3.80889 3.538 93.9213 710.648
218.049 60.1785 3.81776 3.46197 43.0666 834.972
216.031 60.2361 3.801 3.53294 71.0788 846.168
217.533 61.187 3.8317 3.59496 56.5109 727.147
218.652 60.2994 3.81673 3.50275 26.8265 818.5
219.217 60.1294 3.80251 3.47944 52.2453 835.475
216.221 60.072 3.79881 3.51243 64.5764 861.974
218.856 60.4399 3.77786 3.45172 41.6536 802.075
216.546 61.2275 3.80534 3.51101 134.044 732.28
