# evlo=215.854507 evla=67.694603
194.627 64.5646 3.79306 3.52321 130.531 1014.35
217.908 60.4896 3.75156 3.50126 65.9715 809.308
217.654 61.036 3.75074 3.46647 59.1105 747.304
217.507 60.403 3.75142 3.34424 39.3023 816.771
218.338 61.0595 3.76262 3.63252 75.9113 749.195
216.3 60.3932 3.73398 3.27694 28.8093 814.224
225.144 58.5792 3.82236 3.55324 39.8078 1116.04
216.716 60.1205 3.73866 3.387 49.7875 845.36
209.013 64.0997 3.8377 3.72534 156.568 507.305
209.094 59.7511 3.76903 3.41885 112.476 945.093
209.259 59.7417 3.7706 3.4427 167.394 943.309
210.701 64.1732 3.8263 3.55205 91.6672 457.067
208.846 60.7683 3.79488 3.43229 95.5641 842.495
207.916 63.4188 3.84006 3.6248 163.347 600.519
204.378 55.8218 3.78942 3.34853 37.1662 1449.83
200.411 54.831 3.8153 3.59433 64.2585 1645.15
207.685 63.8827 3.83353 3.70715 197.916 565.27
208.763 59.5251 3.77452 3.41193 139.21 974.777
216.907 60.7523 3.74352 3.35098 40.1836 775.585
218.66 60.9649 3.75383 3.55642 84.3859 762.207
209.738 62.4058 3.80227 3.59881 94.1361 655.534
217.513 60.0823 3.75117 3.43823 47.3632 852.403
212.624 63.0753 3.76438 3.42884 147.04 536.318
214.225 61.1292 3.79219 3.47441 73.2712 736.069
215.93 63.6482 3.83365 3.55261 63.6139 451.197
214.25 60.5487 3.80029 3.51293 78.3718 800.371
213.401 60.7277 3.77171 3.45939 69.2132 785.597
215.271 60.5805 3.81873 3.61065 34.9058 793.57
216.679 60.2805 3.75092 3.3353 51.2082 827.462
218.244 60.7315 3.75936 3.53049 56.8127 784.723
213.052 64.4091 3.78217 3.52243 113.905 387.651
217.659 60.6024 3.75842 3.42591 68.013 795.409
216.749 60.4427 3.75466 3.29298 70.3152 809.581
217.639 60.9231 3.74388 3.44111 76.9442 759.741
218.995 60.824 3.75307 3.48203 66.8491 780.673
216.976 61.3836 3.71742 3.23618 60.1699 705.607
211.063 63.7318 3.7889 3.56188 178.437 493.276
218.049 60.1785 3.76688 3.49853 53.4444 844.613
216.031 60.2361 3.7849 3.37261 31.1216 831.487
217.533 61.1871 3.75425 3.37553 66.4339 729.899
218.652 60.2994 3.78309 3.4285 26.5075 835.467
211.14 63.4056 3.79853 3.57532 122.933 525.153
219.217 60.1294 3.73951 3.43056 60.2244 859.017
216.221 60.072 3.78022 3.35155 38.3383 849.913
218.856 60.4399 3.76647 3.39797 38.2211 821.656
216.546 61.2275 3.72176 3.27696 54.4506 721.731
198.929 70.2043 3.83246 3.23059 51.3736 731.175
203.383 71.3221 3.91596 3.42381 58.2038 631.485
205.026 71.0033 3.92165 3.28707 76.7371 562.534
198.198 69.3641 3.83057 3.33283 91.2784 742.251
202.84 70.0079 3.84529 3.20501 63.7154 582.741
205.387 69.6211 3.85343 3.25372 72.8964 475.679
206.58 70.34 3.87417 3.23267 62.5557 473.037
194.656 68.2746 3.79915 3.28692 109.25 885.07
196.822 68.4753 3.80662 3.32468 163.529 794.56
198.806 68.6483 3.8154 3.35676 135.151 713.293
200.413 69.1049 3.81691 3.39008 112.192 651.927
205.217 69.1565 3.82974 3.28649 118.216 465.424
235.93 69.3475 3.92853 3.49257 108.975 837.004
196.917 67.6988 3.77669 3.30439 155.445 799.228
201.885 68.4946 3.7791 3.32438 165.591 587.329
203.387 68.7132 3.77309 3.32789 123.306 528.177
198.174 67.082 3.78232 3.42155 137.954 759.358
199.397 67.4213 3.77858 3.37412 161.28 699.967
202.768 67.4572 3.75392 3.32346 161.423 556.87
203.811 68.2575 3.75496 3.33473 152.89 507.241
206.028 68.4414 3.77304 3.3647 156.841 417.659
193.671 65.4742 3.78995 3.52796 175.68 1008.76
195.352 65.7077 3.78828 3.51625 178.315 927.302
198.75 66.442 3.77895 3.41936 151.308 754.45
200.349 66.6001 3.77696 3.48551 168.243 681.367
202.227 66.8332 3.78488 3.47106 195.101 594.506
204.275 67.0486 3.75908 3.46564 230.082 501.81
206.517 67.2221 3.76311 3.48664 216.454 402.685
226.258 67.441 3.85298 3.56601 278.905 443.568
195.961 64.9941 3.78929 3.53125 131.062 935.7
197.645 65.3936 3.7972 3.59716 152.531 845.235
199.349 65.5011 3.79438 3.60158 160.656 768.914
201.346 65.895 3.794 3.57417 164.624 667.193
202.913 66.1434 3.77245 3.5298 179.824 590.95
206.494 66.5156 3.81684 3.51607 195.395 426.78
225.729 66.9227 3.83374 3.6411 184.991 433.395
197.761 64.6379 3.79425 3.59962 140.012 880.413
200.087 64.937 3.78776 3.5123 105.781 768.259
201.637 65.1527 3.7874 3.50174 133.506 693.191
203.551 65.5276 3.82726 3.58861 198.401 595.094
205.119 65.4924 3.82483 3.5258 156.298 534.723
207.195 65.6571 3.82836 3.49909 217.879 444.55
225.657 65.8052 3.8834 3.53988 196.539 479.932
214.843 62.3987 3.79749 3.47581 113.388 592.352
213.052 64.4091 3.78217 3.52243 113.905 387.651
199.305 63.8864 3.83797 3.54734 90.4822 864.636
205.522 64.7962 3.85536 3.59115 119.419 564.896
208.018 65.18 3.83745 3.68736 157.279 447.712
223.623 65.2225 3.90766 3.4449 82.0692 442.174
196.446 62.7492 3.81366 3.54839 79.0457 1055.62
199.398 63.2842 3.84804 3.53307 97.2883 902.737
200.922 63.3965 3.84656 3.56809 93.4063 836.741
203.285 63.465 3.79802 3.5304 123.861 745.281
204.379 63.994 3.80902 3.47679 114.351 665.437
205.853 64.1767 3.80961 3.604 155.413 599.701
221.784 64.453 3.87094 3.39907 38.0084 449.845
221.784 64.4525 3.90256 3.49827 37.0271 449.876
223.67 64.5753 3.87606 3.47855 79.7646 494.881
198.469 62.2938 3.81981 3.59126 79.9738 1011.91
201.699 62.7161 3.80874 3.62253 130.646 860.969
205.93 63.3569 3.8294 3.73194 182.434 665.27
214.222 63.8036 3.80048 3.49936 103.3 440.234
217.924 64.0292 3.7654 3.41735 72.8718 419.431
222.48 63.8433 3.86761 3.35698 68.7708 525.28
197.317 61.3416 3.83546 3.65908 93.0846 1130.06
200.525 61.7105 3.81677 3.59981 97.9936 984.954
201.703 62.1344 3.84201 3.5894 91.1852 908.746
203.311 62.2195 3.8537 3.66901 98.2998 847.82
205.146 62.1816 3.81717 3.66193 166.848 794.15
206.12 62.4787 3.81502 3.57319 150.832 738.333
216.652 63.0254 3.82329 3.52277 76.5182 521.916
218.173 63.0618 3.73267 3.50284 107.977 527.584
221.871 63.109 3.79869 3.55428 94.8338 582.125
193.799 60.3849 3.79281 3.63463 82.7907 1338.82
196.65 60.4135 3.84077 3.63471 108.197 1231.13
198.04 60.7515 3.83376 3.69917 124.983 1152.97
199.312 60.6947 3.82738 3.60499 99.8358 1113.72
201.041 61.0224 3.83621 3.59606 94.8683 1027.08
204.176 61.4907 3.81716 3.65849 84.3871 886.548
205.609 61.9037 3.81377 3.56826 125.233 806.554
206.868 61.8823 3.81094 3.53 106.31 774.533
209.88 61.7531 3.77263 3.51276 84.2661 720.256
212.274 61.7929 3.77976 3.48795 149.891 679.431
213.825 62.1067 3.78299 3.50517 108.808 630.28
217.004 62.4013 3.76079 3.34672 65.758 592.615
218.122 62.3579 3.74347 3.54691 108.052 604.42
221.538 62.4435 3.81239 3.57598 83.9361 643.024
223.206 62.5763 3.7932 3.54637 62.2565 665.891
225.609 62.2024 3.84676 3.49204 39.7521 764.673
198.315 59.9237 3.82185 3.61354 84.6127 1215.34
199.908 60.1686 3.83345 3.5381 61.7848 1140.45
201.231 60.4742 3.84839 3.58237 75.8176 1070.22
202.813 60.5269 3.82056 3.62203 127.171 1016.77
204.11 60.6801 3.79607 3.62991 133.596 964.759
205.516 60.8132 3.79612 3.56126 113.814 913.8
207.791 61.2001 3.81088 3.54479 124.328 820.038
215.402 61.6061 3.79707 3.49541 64.2001 679.127
222.911 61.4593 3.81711 3.46956 74.6062 771.918
224.22 61.4862 3.81482 3.61421 56.3233 798.216
198.736 59.2533 3.81324 3.58808 65.6919 1261.77
200.175 59.1767 3.81462 3.51008 51.6089 1223.24
201.907 59.5938 3.81104 3.62775 101.506 1131.68
202.905 59.7733 3.80323 3.64342 109.177 1085.71
204.792 59.8542 3.79571 3.58278 100.426 1026.97
205.68 60.1952 3.80152 3.5499 79.1913 970.769
207.376 60.0815 3.80595 3.43359 108.632 943.413
210.276 60.4814 3.77385 3.39385 74.2205 848.086
219.809 60.7718 3.72783 3.48847 83.7109 794.857
221.424 60.3024 3.77606 3.46127 61.0658 867.126
223.909 60.7704 3.79932 3.47504 80.2044 863.616
190.452 56.6011 3.82691 3.55955 34.4709 1787.91
202.009 59.0314 3.80431 3.63143 101.968 1182.72
203.561 59.1953 3.79555 3.63251 133.221 1124.17
204.771 59.3922 3.80192 3.53912 112.314 1073.56
206.768 59.6524 3.79622 3.38626 64.6233 1000.62
212.597 59.9979 3.7895 3.44205 109.658 872.522
223.04 60.1218 3.78939 3.56704 85.5826 913.507
226.285 59.5898 3.8169 3.44626 50.8877 1037.75
227.183 60.2114 3.82658 3.67271 53.9455 998.705
203.344 58.6774 3.80766 3.61993 109.627 1181.21
204.113 58.2637 3.79608 3.54321 84.5998 1203.49
204.991 58.6484 3.78818 3.50083 76.0593 1143.47
206.355 58.9287 3.78418 3.39957 76.292 1084.14
207.606 58.6097 3.7796 3.3887 162.332 1092.46
213.66 59.4296 3.80892 3.50221 83.613 927.579
227.731 58.9601 3.82805 3.43582 39.505 1136.72
202.426 57.5673 3.79508 3.60555 118.417 1316.06
203.613 57.6397 3.80056 3.57481 76.0089 1279.04
205.548 57.5665 3.78216 3.31112 55.6592 1242.75
224.26 58.4133 3.80119 3.49741 42.0508 1116.11
225.482 58.2747 3.82489 3.51498 33.1758 1154.75
229.033 59.3946 3.84544 3.65613 66.8715 1128.74
197.939 55.703 3.80067 3.55874 56.295 1625.29
200.447 56.2848 3.80744 3.5846 85.2881 1496.99
223.768 57.9616 3.77362 3.51163 49.3275 1155.19
225.424 57.4688 3.81197 3.5257 50.3165 1237.96
228.869 57.9128 3.79233 3.51586 42.001 1270.69
227.048 56.8144 3.82182 3.5663 23.3905 1340.03
229.75 56.9811 3.78603 3.52284 30.3942 1387.12
226.879 56.1146 3.82129 3.47677 15.6059 1409.66
229.974 55.9154 3.80888 3.60623 41.9804 1500.99
227.653 56.4191 3.81752 3.56481 41.217 1394.42
209.931 62.7622 3.57087 2.70878 69.1621 615.164
211.063 63.7323 3.78844 3.56144 178.437 493.216
211.14 63.4057 3.79848 3.57527 122.933 525.146
218.547 60.1369 4.10273 3.8806 34.9492 852.593
210.867 64.709 3.79184 3.67423 90.6591 401.365
210.853 64.7716 3.79492 3.67625 86.8123 395.798
210.847 64.8338 3.79189 3.68754 76.1397 390.121
210.819 64.8857 3.78953 3.66788 137.67 386.022
210.44 64.87 3.79515 3.67343 163.115 397.591
210.174 64.8537 3.79682 3.67587 125.383 406.43
210.069 64.7653 3.81331 3.67802 169.092 417.335
210.917 64.5498 3.81562 3.6966 112.392 415.36
210.782 64.5716 3.80821 3.68098 93.5241 416.56
210.554 64.5756 3.8108 3.71592 115.808 421.899
210.901 64.613 3.80175 3.68855 107.701 409.681
211.172 64.6917 3.80341 3.73866 165.006 395.547
217.908 60.4896 3.75156 3.50126 65.9715 809.308
217.507 60.403 3.75142 3.34424 39.3023 816.771
218.338 61.0595 3.76262 3.63252 75.9113 749.196
216.296 60.3923 3.73442 3.27733 28.8093 814.32
216.716 60.1205 3.73866 3.387 49.7875 845.36
215.271 60.5805 3.81873 3.61065 34.9058 793.57
216.679 60.2805 3.75092 3.3353 51.2082 827.462
218.244 60.7315 3.75936 3.53049 56.8127 784.723
217.659 60.602 3.75862 3.42609 68.013 795.451
216.749 60.4427 3.75466 3.29298 70.3152 809.581
217.639 60.9231 3.74388 3.44111 76.9442 759.74
218.995 60.8241 3.75302 3.48198 66.8491 780.662
216.976 61.3836 3.71742 3.23618 60.1699 705.607
218.049 60.1785 3.76688 3.49853 53.4444 844.613
216.031 60.2361 3.7849 3.37261 31.1216 831.487
217.533 61.187 3.75432 3.37558 66.4339 729.911
218.652 60.2994 3.78309 3.4285 26.5075 835.467
219.217 60.1294 3.73951 3.43056 60.2244 859.017
216.221 60.072 3.78022 3.35155 38.3383 849.913
218.856 60.4399 3.76647 3.39797 38.2211 821.656
216.546 61.2275 3.72176 3.27696 54.4506 721.731
209.518 60.7352 3.75505 3.37902 63.6336 833.604
209.518 60.7351 3.75507 3.37903 63.6336 833.607
