# evlo=221.977707 evla=66.911598
194.627 64.5646 3.81238 3.56711 119.682 1270.53
217.908 60.4896 3.8585 3.51816 35.2933 743.232
217.654 61.036 3.85025 3.50838 30.9054 687.974
217.507 60.403 3.82666 3.37993 43.6483 758.089
218.338 61.0595 3.86626 3.52618 72.4257 675.987
220.363 59.9534 3.82136 3.50642 50.5487 779.724
216.3 60.3932 3.82315 3.40503 45.9526 778.4
216.716 60.1205 3.81163 3.4284 36.6353 800.345
215.395 60.9677 3.77921 3.44787 81.5905 736.126
209.013 64.0997 3.86364 3.53886 133.466 675.253
209.094 59.7511 3.80507 3.41253 64.244 1022.39
209.259 59.7417 3.80369 3.39106 65.5864 1018.19
210.701 64.1732 3.88277 3.52854 60.9922 602.767
208.846 60.7683 3.80436 3.41623 53.779 937.946
207.916 63.4188 3.84594 3.51828 152.294 763.219
212.195 64.6453 3.86486 3.49815 108.008 513.598
200.411 54.831 3.7925 3.41085 26.0825 1765.85
207.685 63.8827 3.87144 3.5122 130.8 742.845
208.763 59.5251 3.80054 3.38709 89.8598 1053.68
209.796 67.2269 3.79194 3.50504 148.699 530.153
216.907 60.7523 3.8151 3.37048 51.0536 729.984
218.66 60.9649 3.85061 3.56345 94.5 682.347
209.738 62.4058 3.84064 3.57794 74.9705 768.593
217.513 60.0823 3.83906 3.43361 30.3099 792.578
212.624 63.0753 3.85672 3.53958 121.682 613.448
214.225 61.1292 3.77804 3.52082 96.6495 746.572
215.93 63.6482 3.84452 3.63 69.9144 460.107
214.25 60.5487 3.78569 3.49037 121.422 804.155
196.582 54.8564 3.80881 3.51566 35.3372 1899.45
213.401 60.7277 3.79294 3.49026 110.032 806.84
209.784 61.1426 3.81428 3.40321 43.6157 873.929
215.271 60.5805 3.77693 3.48469 81.9776 778.556
216.679 60.2805 3.78501 3.44353 68.2309 783.894
218.244 60.7315 3.84406 3.52683 44.3164 712.714
213.052 64.4091 3.90377 3.41625 87.2706 495.782
217.659 60.6024 3.82766 3.46682 67.0277 734.461
216.749 60.4427 3.79204 3.4393 80.583 765.492
217.639 60.9231 3.8222 3.46515 56.24 700.287
218.995 60.824 3.84384 3.58551 60.404 694.074
216.976 61.3836 3.80624 3.43619 92.1657 662.099
211.063 63.7318 3.82038 3.56277 104.12 618.74
218.049 60.1785 3.83995 3.50554 44.3731 775.157
216.031 60.2361 3.77462 3.43481 93.6455 799.762
217.533 61.1871 3.82892 3.48575 73.8778 673.663
211.14 63.4056 3.83002 3.56108 100.687 639.749
219.217 60.1294 3.82112 3.47853 54.5099 768.198
216.221 60.072 3.78786 3.44038 70.9538 813.739
216.546 61.2275 3.80027 3.42882 108.791 686.282
212.138 64.8736 3.86325 3.50469 125.284 502.155
198.929 70.2043 3.84702 3.413 42.6169 1002.27
203.383 71.3221 3.84033 3.39928 64.3149 883.02
205.026 71.0033 3.84882 3.39847 59.123 814.271
234.753 71.9871 3.91483 3.55358 124.945 752.792
198.198 69.3641 3.82575 3.40776 92.2039 1018.4
202.84 70.0079 3.84179 3.49726 82.9449 852.464
205.387 69.6211 3.84549 3.42473 61.3349 746.435
206.58 70.34 3.85577 3.47 79.88 730.963
194.656 68.2746 3.80681 3.34401 90.8245 1162.7
196.822 68.4753 3.80733 3.35158 107.315 1072.26
198.806 68.6483 3.80361 3.36529 95.6801 990.974
200.413 69.1049 3.81951 3.37012 106.346 928.72
205.217 69.1565 3.8187 3.38859 99.5897 740.538
209.387 69.836 3.89062 3.34807 62.5832 610.463
211.299 69.72 3.91191 3.44515 63.554 539.358
215.088 69.9175 3.95103 3.43783 90.3558 438.224
216.289 69.626 3.90087 3.47591 80.4831 383.043
235.93 69.3475 4.00983 3.69891 97.8561 638.796
196.917 67.6988 3.79258 3.38211 159.14 1075.54
201.885 68.4946 3.7959 3.36475 130.849 865.033
203.387 68.7132 3.79287 3.38733 146.828 805.687
207.318 68.8799 3.80575 3.39061 95.3038 651.906
209.319 68.9656 3.83728 3.41158 89.1354 576.771
211.177 69.1532 3.88574 3.49797 161.804 514.746
213.625 69.322 3.92573 3.53625 111.222 438.804
198.174 67.082 3.80066 3.47646 116.679 1032.3
199.397 67.4213 3.79421 3.42519 115.701 974.437
202.768 67.4572 3.78654 3.46824 178.848 830.422
203.811 68.2575 3.78149 3.37147 139.014 784.731
206.028 68.4414 3.79066 3.39646 85.8642 695.359
208.187 68.1343 3.78475 3.44384 154.631 602.817
210.384 68.0584 3.75124 3.44158 129.051 511.026
211.513 68.0748 3.75975 3.44724 134.557 464.988
193.671 65.4742 3.80739 3.62569 204.014 1274.23
195.352 65.7077 3.79918 3.60844 140.576 1192.47
198.75 66.442 3.80115 3.54154 127.178 1021.99
200.349 66.6001 3.79399 3.54014 101.294 948.747
202.227 66.8332 3.79505 3.55205 155.795 862.443
204.275 67.0486 3.78671 3.52344 124.289 770.369
206.517 67.2221 3.7869 3.53011 184.709 671.689
207.821 67.5076 3.77396 3.52677 152.341 614.426
212.113 67.5187 3.77449 3.56499 148.4 431.359
195.961 64.9941 3.81149 3.57488 144.325 1193.38
197.645 65.3936 3.81532 3.58714 137.251 1103.82
199.349 65.5011 3.82153 3.61594 157.722 1025.32
201.346 65.895 3.82452 3.59167 119.797 924.549
202.913 66.1434 3.81547 3.56302 154.127 848.647
206.494 66.5156 3.82381 3.60577 154.31 682.976
208.493 66.9214 3.81313 3.54287 117.702 589.079
209.976 66.7108 3.80833 3.57685 192.577 527.221
212.525 66.7004 3.81714 3.63068 161.768 415.892
197.761 64.6379 3.83021 3.60786 87.3183 1130.03
200.087 64.937 3.82996 3.61783 125.291 1015.19
201.637 65.1527 3.82807 3.62404 105.56 938.505
203.551 65.5276 3.8358 3.64999 123.288 840.442
205.119 65.4924 3.83288 3.64185 173.715 773.153
207.195 65.6571 3.83093 3.61496 158.441 676.58
208.623 65.8937 3.83165 3.61066 170.269 606.26
210.457 65.8251 3.86393 3.5317 219.795 528.758
212.122 65.8371 3.86189 3.54906 151.258 456.377
214.843 62.3987 3.80123 3.5031 96.9062 606.935
213.052 64.4091 3.90377 3.41625 87.2706 495.782
199.305 63.8864 3.82935 3.62495 146.22 1099.09
205.522 64.7962 3.83346 3.58718 107.855 784.903
208.018 65.18 3.8512 3.60975 140.678 659.892
210.64 65.1479 3.86501 3.53385 156.527 549.565
196.446 62.7492 3.83596 3.61271 106.413 1286.6
199.398 63.2842 3.84616 3.62279 128.875 1128.01
200.922 63.3965 3.85905 3.62188 91.4918 1056.09
203.285 63.465 3.87371 3.58299 104.287 951.507
204.379 63.994 3.86504 3.61136 121.051 874.883
205.853 64.1767 3.87027 3.5798 115.053 802.249
214.63 64.613 3.90751 3.54236 134.368 422.723
195.344 61.9331 3.83867 3.58439 93.1792 1384.51
198.469 62.2938 3.84256 3.5757 85.5563 1227.81
201.699 62.7161 3.86067 3.53534 100.165 1064.36
205.93 63.3569 3.8687 3.50137 109.903 847.766
214.222 63.8036 3.86461 3.67197 95.7561 499.755
197.317 61.3416 3.83354 3.58013 80.0189 1339.77
198.513 61.678 3.83954 3.56833 72.8748 1266.48
200.525 61.7105 3.84416 3.5694 76.0183 1180.34
201.703 62.1344 3.84914 3.55923 79.918 1102.51
203.311 62.2195 3.85512 3.55892 95.8305 1030.68
205.146 62.1816 3.83192 3.51474 111.768 959.707
206.12 62.4787 3.83361 3.51877 86.0296 899.778
216.652 63.0254 3.8036 3.46527 143.625 500.602
218.173 63.0618 3.86367 3.55146 130.462 465.08
221.871 63.109 3.91878 3.39337 72.8199 423.991
193.799 60.3849 3.81967 3.59913 70.8496 1555.46
196.65 60.4135 3.83668 3.60946 63.9716 1433.58
198.04 60.7515 3.84387 3.58548 57.8354 1351.3
199.312 60.6947 3.83923 3.56748 75.9124 1303.2
201.041 61.0224 3.84483 3.55879 64.436 1208.76
202.562 61.4009 3.8509 3.58348 83.402 1119.61
204.176 61.4907 3.83748 3.54786 89.1989 1049.06
205.609 61.9037 3.82891 3.53661 90.5052 962.108
206.868 61.8823 3.82676 3.52756 96.8522 915.568
209.88 61.7531 3.84278 3.54058 81.5255 817.688
212.274 61.7929 3.83019 3.46936 100.805 736.866
213.825 62.1067 3.80661 3.51298 154.878 662.456
217.004 62.4013 3.81104 3.50084 98.1736 555.772
218.122 62.3579 3.84415 3.50589 104.525 539.873
221.538 62.4435 3.85744 3.47398 47.1813 498.576
223.206 62.5763 3.87958 3.58678 49.4695 486.841
225.609 62.2024 3.83735 3.59897 104.235 552.912
198.315 59.9237 3.83463 3.57415 67.8255 1401.94
199.908 60.1686 3.82915 3.57399 72.4896 1318.97
201.231 60.4742 3.82947 3.56727 65.1958 1242.72
202.813 60.5269 3.82595 3.55868 80.0206 1176.69
204.11 60.6801 3.8198 3.5213 123.242 1114.82
205.516 60.8132 3.81275 3.50539 93.2419 1051.39
207.791 61.2001 3.82156 3.49912 82.5942 936.985
215.402 61.6061 3.77205 3.48293 117.242 671.084
222.911 61.4593 3.83903 3.53722 50.5091 609.495
224.22 61.4862 3.80272 3.4027 66.3871 614.458
226.918 61.1512 3.86536 3.51944 120.95 685.544
198.736 59.2533 3.83651 3.5413 75.8721 1437.71
200.175 59.1767 3.82727 3.55027 79.0325 1387.56
201.907 59.5938 3.82115 3.55367 68.5008 1286.85
202.905 59.7733 3.81579 3.53452 98.4581 1234.28
204.792 59.8542 3.80501 3.47213 87.4877 1158
205.68 60.1952 3.79942 3.44398 95.718 1097.05
210.276 60.4814 3.81282 3.45644 67.7552 918.248
219.809 60.7718 3.79984 3.6103 60.16 692.589
221.424 60.3024 3.84127 3.36326 32.2612 737.234
223.909 60.7704 3.78357 3.49008 70.1589 691.068
190.452 56.6011 3.8217 3.62817 17.1217 1988.51
202.009 59.0314 3.80359 3.54421 61.9083 1329.99
204.771 59.3922 3.79751 3.45959 93.6172 1198.6
212.597 59.9979 3.80061 3.50524 94.5864 899.46
222.262 59.6304 3.83519 3.37863 29.3015 811.722
223.04 60.1218 3.81461 3.43864 48.6602 758.669
226.285 59.5898 3.84458 3.53369 65.5112 843.831
227.183 60.2114 3.89527 3.50251 67.971 789.736
212.566 65.1171 3.8687 3.50472 153.157 471.008
203.344 58.6774 3.80707 3.49981 81.3517 1311.83
204.113 58.2637 3.79172 3.42334 67.3446 1321.7
207.606 58.6097 3.80047 3.42705 80.7084 1175.34
213.66 59.4296 3.77771 3.46203 119.498 931.479
227.731 58.9601 3.84538 3.5567 52.4633 932.238
202.426 57.5673 3.79029 3.43612 53.3218 1443.19
205.548 57.5665 3.8046 3.38641 57.848 1338.38
229.033 59.3946 3.86576 3.53802 79.4122 908.875
200.447 56.2848 3.79448 3.47998 46.2584 1629.39
228.869 57.9128 3.84808 3.56778 54.5392 1062.77
227.048 56.8144 3.83788 3.58286 45.4904 1155.52
229.75 56.9811 3.84419 3.55534 52.5256 1177.36
212.138 64.8735 3.86548 3.6285 36.8842 502.169
210.428 68.6408 3.80456 3.40248 126.832 523.469
229.974 55.9154 3.81798 3.48394 45.2162 1295.14
228.385 55.3279 3.8143 3.62046 43.5418 1334.48
227.653 56.4191 3.82074 3.59384 51.9287 1206.09
209.931 62.7622 3.44769 3.17295 110.073 733.4
211.063 63.7323 3.82004 3.56246 104.12 618.685
211.14 63.4057 3.82999 3.56105 100.687 639.743
218.547 60.1369 3.75451 3.46401 81.9748 773.934
217.908 60.4896 3.8585 3.51816 35.2933 743.232
217.507 60.403 3.82666 3.37993 43.6483 758.089
218.338 61.0595 3.86625 3.52617 72.4257 675.986
216.296 60.3923 3.82391 3.40571 45.9526 778.555
216.716 60.1205 3.81163 3.4284 36.6353 800.345
215.271 60.5805 3.77693 3.48469 81.9776 778.556
216.679 60.2805 3.78501 3.44353 68.2309 783.894
218.244 60.7315 3.84406 3.52683 44.3164 712.714
217.659 60.602 3.82792 3.46706 67.0277 734.511
216.749 60.4427 3.79204 3.4393 80.583 765.492
217.639 60.9231 3.82222 3.46516 56.24 700.29
218.995 60.8241 3.84378 3.58546 60.404 694.063
216.976 61.3836 3.80624 3.43619 92.1657 662.099
218.049 60.1785 3.83995 3.50554 44.3731 775.157
216.031 60.2361 3.77462 3.43481 93.6455 799.762
217.533 61.187 3.82896 3.48579 73.8778 673.67
219.217 60.1294 3.82112 3.47853 54.5099 768.198
216.221 60.072 3.78786 3.44038 70.9538 813.739
216.546 61.2275 3.80027 3.42882 108.791 686.282
