# evlo=203.550598 evla=65.527603
194.627 64.5646 3.74353 3.76277 218.447 433.348
217.908 60.4896 3.78308 3.48557 39.1262 915.359
217.654 61.036 3.80499 3.52534 29.8498 863.867
217.507 60.403 3.76792 3.48966 51.0598 906.334
218.338 61.0595 3.80636 3.34362 36.1227 890.091
220.363 59.9534 3.78131 3.38748 38.9266 1055.17
216.3 60.3932 3.75428 3.45175 47.1966 860.883
216.716 60.1205 3.75834 3.38331 37.8259 898.847
215.395 60.9677 3.76131 3.49708 73.0255 780.435
208.846 60.7683 3.78749 3.36012 39.5723 593.41
212.195 64.6453 3.87543 3.55586 142.444 417.839
200.411 54.831 3.83791 3.55525 40.8817 1204.05
216.907 60.7523 3.77148 3.41498 47.8997 855.607
218.66 60.9649 3.80315 3.36428 40.1204 910.191
209.738 62.4058 3.74786 3.53749 76.4899 461.082
217.513 60.0823 3.74947 3.4124 41.4365 932.155
212.624 63.0753 3.79855 3.46038 57.1135 516.617
214.225 61.1292 3.71785 3.48872 67.7474 723.832
215.93 63.6482 3.92588 3.5361 32.3634 627.683
214.25 60.5487 3.75883 3.49668 69.4262 773.407
196.582 54.8564 3.80605 3.60674 46.8694 1248.37
213.401 60.7277 3.79644 3.43653 60.1803 728.638
209.784 61.1426 3.79539 3.27311 35.1455 579.393
214.766 66.5657 3.80348 3.66968 203.428 520.536
188.296 63.7758 3.76661 3.66997 133.077 752.597
211.074 61.771 3.78366 3.54699 63.2404 559.886
216.188 61.4417 3.77416 3.50568 55.0757 774.922
212.904 60.8792 3.803 3.33672 66.9543 698.603
215.271 60.5805 3.76582 3.5038 51.022 807.305
216.679 60.2805 3.757 3.40895 52.9073 884.358
218.244 60.7315 3.78374 3.40045 36.0051 910.385
213.052 64.4091 3.92172 3.66308 94.8068 465.251
217.659 60.6024 3.77797 3.48617 44.8325 896.793
216.749 60.4427 3.74869 3.41314 44.9156 873.911
217.639 60.9231 3.78936 3.55346 48.5501 871.668
218.995 60.824 3.78662 3.37921 39.7162 934.228
216.976 61.3836 3.79781 3.43644 52.2522 810.964
211.063 63.7318 3.84783 3.34412 96.1469 410.934
218.049 60.1785 3.77504 3.40708 33.7116 945.236
216.031 60.2361 3.76248 3.4798 50.5348 863.829
217.533 61.1871 3.7936 3.45854 45.0875 847.881
218.652 60.2994 3.79608 3.51422 32.5035 959.611
211.14 63.4056 3.78308 3.37979 63.6784 434.654
219.217 60.1294 3.76827 3.34789 26.9496 995.329
216.221 60.072 3.77068 3.43959 47.3219 884.525
218.856 60.4399 3.79954 3.48265 38.9065 957.047
216.546 61.2275 3.78621 3.53737 68.787 805.108
212.138 64.8736 3.84188 3.59125 145.722 408.314
198.929 70.2043 3.79373 3.30153 88.2228 556.284
203.383 71.3221 3.81623 3.39271 79.5378 646.359
205.026 71.0033 3.81948 3.2608 80.0748 613.744
234.753 71.9871 3.81266 3.31984 80.9504 1429.53
198.198 69.3641 3.85386 3.43875 106.62 484.982
202.84 70.0079 3.75053 3.24543 95.2094 500.588
205.387 69.6211 3.8222 3.33395 127.977 463.145
206.58 70.34 3.81067 3.31394 145.686 551.415
194.656 68.2746 3.7277 3.62844 82.403 494.795
196.822 68.4753 3.74759 3.32352 76.8335 440.191
198.806 68.6483 3.80831 3.42728 98.8293 404.283
200.413 69.1049 3.86215 3.44641 71.9838 421.082
205.217 69.1565 3.79044 3.37585 137.718 410.973
209.387 69.836 3.8278 3.45927 141.981 539.948
211.299 69.72 3.80343 3.35847 153.037 570.988
215.088 69.9175 3.83361 3.50151 119.044 689.38
216.289 69.626 3.83111 3.32564 92.0878 706.969
235.93 69.3475 3.87058 3.52576 76.045 1431.36
196.917 67.6988 3.72278 3.3538 71.3792 380.492
207.318 68.8799 3.81951 3.43362 100.107 407.655
209.319 68.9656 3.80846 3.40737 133.929 456.807
211.177 69.1532 3.799 3.34494 146.719 519.893
213.625 69.322 3.82559 3.53105 110.571 603.19
219.035 69.243 3.82078 3.37067 124.135 780.035
221.263 69.3286 3.84716 3.43481 126.249 864.895
210.384 68.0584 3.8397 3.51288 145.477 411.904
211.513 68.0748 3.85322 3.55111 146.45 450.319
214.432 68.1207 3.80674 3.40448 138.153 557.602
218.405 68.1861 3.83249 3.47812 111.981 713.682
220.465 68.6043 3.82694 3.45917 88.1763 808.403
222.103 68.3889 3.82405 3.56504 111.005 867.02
223.281 66.3701 3.84546 3.60533 127.965 898.735
193.671 65.4742 3.7986 3.52196 202.845 456.89
195.352 65.7077 3.79736 3.61956 137.457 378.098
212.113 67.5187 3.8598 3.419 160.121 440.258
214.357 67.5933 3.82518 3.58484 197.938 531.359
215.855 67.6946 3.82726 3.58861 198.401 595.094
220.128 67.6136 3.81559 3.65423 115.465 769.025
224.214 67.6106 3.8356 3.59501 114.193 941.315
226.258 67.441 3.84467 3.61033 114.272 1027.47
212.525 66.7004 3.82589 3.63141 206.514 425.762
213.899 66.7653 3.81879 3.64427 160.019 486.466
216.215 66.9498 3.80501 3.63268 156.814 590.148
218.345 66.8088 3.81419 3.66656 155.191 680.695
221.978 66.9116 3.8358 3.64999 123.288 840.442
223.778 66.9808 3.84816 3.63351 142.564 919.32
225.729 66.9227 3.85385 3.612 113.047 1004.62
212.122 65.8371 3.7704 3.74034 261.944 395.209
214.181 66.267 3.7964 3.68807 163.07 490.964
218.473 66.2305 3.81974 3.62131 209.292 683.614
221.631 66.2191 3.83658 3.6002 153.791 825.685
225.657 65.8052 3.84648 3.59957 196.505 1012.06
214.843 62.3987 3.83641 3.5295 64.6532 652.659
213.052 64.4091 3.92172 3.66308 94.8068 465.251
216.846 65.3064 3.80299 3.65399 172.11 616.76
218.385 65.6035 3.80589 3.6252 215.78 683.442
220.064 65.4483 3.81879 3.61901 180.905 762.67
221.694 65.3609 3.82127 3.59696 130.224 838.96
223.623 65.2225 3.83411 3.60963 112.318 930.3
196.446 62.7492 3.85401 3.49774 178.545 463.842
214.63 64.613 3.83712 3.6652 135.512 530.46
216.436 64.5012 3.82628 3.70774 200.14 617.098
221.784 64.453 3.83714 3.62426 63.8579 865.652
221.784 64.4525 3.81985 3.61352 120.915 865.64
223.67 64.5753 3.82579 3.6135 164.008 949.09
195.344 61.9331 3.82014 3.51653 98.9185 569.175
198.469 62.2938 3.78753 3.69316 217.186 438.081
214.222 63.8036 3.98959 3.547 72.1628 543.908
217.924 64.0292 3.84838 3.6028 74.193 702.107
222.48 63.8433 3.83491 3.58146 111.263 919.046
197.317 61.3416 3.81455 3.72112 110.228 560.275
198.513 61.678 3.79704 3.63007 94.1862 496.28
200.525 61.7105 3.82796 3.56222 116.585 451.051
201.703 62.1344 3.79679 3.59679 226.691 388.997
205.146 62.1816 3.81216 3.53606 62.5814 381.126
216.652 63.0254 3.89702 3.35268 34.4986 691.662
218.173 63.0618 3.90582 3.62904 44.2864 757.263
221.871 63.109 3.85934 3.65432 62.4486 922.532
193.799 60.3849 3.80192 3.6446 80.5659 755.614
196.65 60.4135 3.81389 3.77451 133.068 668.06
198.04 60.7515 3.8087 3.62862 138.038 600.019
199.312 60.6947 3.79647 3.52206 104.281 579.323
201.041 61.0224 3.80632 3.65174 157.271 517.635
202.562 61.4009 3.83487 3.60144 143.82 462.615
204.176 61.4907 3.84413 3.55765 104.331 451.061
205.609 61.9037 3.77099 3.6049 80.2354 416.519
206.868 61.8823 3.77257 3.56608 90.4631 438.07
209.88 61.7531 3.75778 3.46147 53.5394 524.272
212.274 61.7929 3.72948 3.45962 57.2387 598.992
213.825 62.1067 3.74863 3.67007 79.5132 632.387
217.004 62.4013 3.88326 3.3257 58.9997 743.523
218.122 62.3579 3.86868 3.38037 49.8977 794.563
221.538 62.4435 3.82878 3.5663 40.8033 941.258
223.206 62.5763 3.84684 3.65338 56.846 1009.85
225.609 62.2024 3.85527 3.68513 56.4979 1139.12
198.315 59.9237 3.78892 3.50797 96.8718 679.036
199.908 60.1686 3.80703 3.65443 163.61 625.206
201.231 60.4742 3.8173 3.66835 119.955 575.292
202.813 60.5269 3.82807 3.52247 119.93 558.625
204.11 60.6801 3.83337 3.56457 77.7579 541.05
205.516 60.8132 3.75942 3.54175 99.5467 534.668
215.402 61.6061 3.77695 3.62837 77.8221 731.486
222.911 61.4593 3.82775 3.44553 35.7385 1060.05
224.22 61.4862 3.83824 3.51337 49.6437 1116.82
226.918 61.1512 3.86063 3.5601 32.0252 1258.56
198.736 59.2533 3.79921 3.6158 90.5651 741.779
200.175 59.1767 3.83734 3.65309 103.926 728.818
201.907 59.5938 3.8103 3.55702 117.106 666.67
202.905 59.7733 3.80053 3.58765 111.558 642.193
204.792 59.8542 3.81485 3.63381 60.697 635.492
205.68 60.1952 3.82127 3.66038 56.2326 604.062
210.276 60.4814 3.75973 3.37429 54.2359 656.818
219.809 60.7718 3.77551 3.42942 38.2202 971.786
221.424 60.3024 3.79827 3.45485 35.7269 1073.26
190.452 56.6011 3.79608 3.61358 56.4219 1215.34
202.009 59.0314 3.82565 3.5534 89.2184 728.35
203.561 59.1953 3.80811 3.58582 81.7855 705.74
204.771 59.3922 3.81001 3.61516 51.7934 686.665
206.768 59.6524 3.7772 3.56196 87.6821 675.145
222.262 59.6304 3.81474 3.43232 39.6426 1157.87
226.285 59.5898 3.77859 3.47326 21.4998 1332.88
227.183 60.2114 3.85229 3.49229 29.7677 1330
212.566 65.1171 3.7871 3.56582 180.986 422.313
203.344 58.6774 3.79254 3.67791 61.5719 763.506
204.113 58.2637 3.7913 3.64271 63.7221 810.044
204.991 58.6484 3.78865 3.51465 38.778 770.296
206.355 58.9287 3.78613 3.50522 70.7765 749.576
213.66 59.4296 3.79784 3.31391 22.9586 854.465
227.731 58.9601 3.79357 3.45346 31.3174 1441.1
202.426 57.5673 3.81768 3.58882 79.2936 889.052
203.613 57.6397 3.84788 3.53401 31.0886 879.016
205.548 57.5665 3.76021 3.42119 32.9253 893.381
224.26 58.4133 3.7795 3.45539 16.4393 1334.52
229.033 59.3946 3.80774 3.49835 31.8709 1467.76
197.939 55.703 3.80854 3.41724 45.405 1135.89
200.447 56.2848 3.8215 3.58149 49.8318 1043.25
223.768 57.9616 3.78295 3.4688 33.2782 1350.56
225.424 57.4688 3.76457 3.50421 18.2511 1458.05
227.048 56.8144 3.77461 3.47421 15.476 1578.31
229.75 56.9811 3.79019 3.50063 16.9363 1678.72
212.138 64.8735 3.79891 3.6682 64.1276 408.308
210.428 68.6408 3.79614 3.3644 126.107 457.628
226.879 56.1146 3.78459 3.53972 33.0055 1629.72
229.974 55.9154 3.7646 3.51174 19.3561 1774.24
228.385 55.3279 3.79791 3.5577 45.7352 1757.71
227.653 56.4191 3.77249 3.56787 20.7451 1635.9
209.931 62.7622 2.80391 2.06188 60.5037 437.22
211.063 63.7323 3.84776 3.34406 96.1469 410.927
211.14 63.4057 3.78307 3.37978 63.6784 434.653
218.547 60.1369 3.86665 4.19874 52.7176 968.062
217.908 60.4896 3.78308 3.48557 39.1262 915.359
217.507 60.403 3.76792 3.48966 51.0598 906.334
218.338 61.0595 3.80638 3.34363 36.1227 890.095
216.296 60.3923 3.75405 3.45153 47.1966 860.829
216.716 60.1205 3.75834 3.38331 37.8259 898.847
215.271 60.5805 3.76582 3.5038 51.022 807.305
216.679 60.2805 3.757 3.40895 52.9073 884.358
218.244 60.7315 3.78374 3.40045 36.0051 910.385
217.659 60.602 3.77802 3.48621 44.8325 896.805
216.749 60.4427 3.74869 3.41314 44.9156 873.911
217.639 60.9231 3.78933 3.55343 48.5501 871.66
218.995 60.8241 3.78659 3.37919 39.7162 934.221
216.976 61.3836 3.79781 3.43644 52.2522 810.964
218.049 60.1785 3.77504 3.40708 33.7116 945.236
216.031 60.2361 3.76248 3.4798 50.5348 863.829
217.533 61.187 3.79367 3.4586 45.0875 847.896
218.652 60.2994 3.79608 3.51422 32.5035 959.611
219.217 60.1294 3.76827 3.34789 26.9496 995.329
216.221 60.072 3.77068 3.43959 47.3219 884.525
218.856 60.4399 3.79954 3.48265 38.9065 957.047
216.546 61.2275 3.78621 3.53737 68.787 805.108
