# evlo=205.853302 evla=64.176697
194.627 64.5646 3.84782 3.62584 149.352 543.049
217.908 60.4896 3.75656 3.35625 51.9596 745.961
217.654 61.036 3.75846 3.20968 52.1473 698.305
217.507 60.403 3.74063 3.5372 43.9727 734.939
218.338 61.0595 3.7629 3.14444 65.6273 727.264
220.363 59.9534 3.7251 3.27981 81.8257 889.758
216.3 60.3932 3.75605 3.59511 68.078 685.517
225.144 58.5792 3.7738 3.31822 39.3896 1198.2
216.716 60.1205 3.76666 3.51723 61.6325 723.08
215.395 60.9677 3.75394 3.42407 106.821 606.108
209.094 59.7511 3.74703 3.36332 88.4978 521.517
209.259 59.7417 3.76915 3.37495 79.1554 525.377
208.846 60.7683 3.77305 3.38579 81.504 409.94
204.378 55.8218 3.79895 3.56905 50.9566 934.401
200.411 54.831 3.82074 3.5413 73.5016 1084.84
208.763 59.5251 3.75127 3.32049 120.89 540.408
209.796 67.2269 3.76075 3.58346 161.761 385.152
216.907 60.7523 3.75748 3.36366 44.3015 684.862
218.66 60.9649 3.7552 3.11803 59.2737 747.601
217.513 60.0823 3.76164 3.54915 87.5272 758.588
214.225 61.1292 3.75653 3.36506 82.4178 546.66
215.93 63.6482 3.81889 3.56807 136.693 497.589
214.25 60.5487 3.76978 3.56782 133.57 592.847
196.582 54.8564 3.83315 3.59633 63.8797 1160.7
213.401 60.7277 3.79731 3.43593 110.479 546.671
209.784 61.1426 3.80733 3.38593 81.6022 393.473
214.766 66.5657 3.85338 3.55767 171.342 492.124
188.296 63.7758 3.83229 3.68326 166.083 858.241
216.188 61.4417 3.79151 3.16291 74.8733 607.865
212.904 60.8792 3.79439 3.42139 87.292 516.04
215.271 60.5805 3.76284 3.56638 79.8796 629.902
216.679 60.2805 3.77096 3.52705 97.4535 709.46
218.244 60.7315 3.75014 3.217 46.9239 744.153
213.497 60.396 3.81 3.36579 75.3009 577.991
215.738 60.3351 3.77864 3.60315 75.2312 667.372
208.348 59.6572 3.74061 3.22611 80.9791 520.352
217.659 60.6024 3.75084 3.31268 61.4167 727.441
216.749 60.4427 3.7658 3.48478 91.0353 700.313
217.639 60.9231 3.76754 3.23665 64.2128 704.998
217.277 60.2474 3.7297 3.61485 26.513 736.565
218.995 60.824 3.74098 3.08993 61.8246 771.488
216.976 61.3836 3.81063 3.15706 68.1148 646.363
218.049 60.1785 3.75301 3.50173 57.31 774.006
216.031 60.2361 3.78067 3.58906 91.8154 686.691
217.533 61.1871 3.78056 3.16914 54.3786 683.357
218.652 60.2994 3.74038 3.37995 29.4747 791.234
219.217 60.1294 3.71814 3.3562 73.34 827.526
216.221 60.072 3.7912 3.55892 85.8905 707.031
218.856 60.4399 3.72905 3.24937 50.9729 790.46
216.546 61.2275 3.78922 3.12168 80.0685 637.266
203.383 71.3221 3.83638 3.42864 107.932 803.583
205.026 71.0033 3.82382 3.52024 94.6051 762.162
234.753 71.9871 3.80561 3.47564 107.582 1462.77
202.84 70.0079 3.78831 3.36442 71.0709 663.159
205.387 69.6211 3.77078 3.44366 75.6953 607.497
206.58 70.34 3.81142 3.42965 78.1225 688.063
194.656 68.2746 3.77556 3.55912 79.3292 678.429
196.822 68.4753 3.76681 3.47549 70.2533 626.161
198.806 68.6483 3.80775 3.31826 63.3321 588.903
205.217 69.1565 3.77132 3.39877 72.7919 556.036
209.387 69.836 3.82172 3.3915 115.814 649.409
211.299 69.72 3.79801 3.47646 102.313 661.827
215.088 69.9175 3.7793 3.37425 92.4913 754.202
216.289 69.626 3.78537 3.44345 110.077 758.249
235.93 69.3475 3.87359 3.65881 109.93 1425.92
196.917 67.6988 3.74277 3.6797 67.7065 564.417
201.885 68.4946 3.82612 3.4317 69.3022 513.028
203.387 68.7132 3.78208 3.40565 57.3672 517.606
207.318 68.8799 3.83548 3.43055 102.357 528.465
209.319 68.9656 3.81018 3.4256 152.019 555.538
211.177 69.1532 3.78338 3.46579 158.864 602.299
213.625 69.322 3.7764 3.39411 173.523 667.098
219.035 69.243 3.83309 3.61705 101.981 807.894
221.263 69.3286 3.84773 3.58058 90.0018 885.122
198.174 67.082 3.73071 3.74063 79.0897 479.06
199.397 67.4213 3.76065 3.46309 77.6285 466.613
202.768 67.4572 3.81949 3.50101 89.1847 391.936
203.811 68.2575 3.78812 3.41061 64.0583 464.178
206.028 68.4414 3.80924 3.42858 97.6271 475.628
208.187 68.1343 3.82208 3.51585 154.012 453.619
210.384 68.0584 3.78925 3.421 117.651 478.538
211.513 68.0748 3.79172 3.47925 161.163 503.863
214.432 68.1207 3.7939 3.60454 169.736 584.956
218.405 68.1861 3.80824 3.52965 98.8452 718.933
222.103 68.3889 3.81578 3.59776 84.9349 863.745
223.281 66.3701 3.86015 3.56565 183.308 846.498
193.671 65.4742 3.85609 3.47962 74.6265 595.217
195.352 65.7077 3.80106 3.32767 75.816 524.267
207.821 67.5076 3.80761 3.51758 162.21 382.088
212.113 67.5187 3.77859 3.5632 160.21 469.228
214.357 67.5933 3.78711 3.59607 179.546 542.79
215.855 67.6946 3.80961 3.604 155.413 599.701
220.128 67.6136 3.85175 3.61884 93.234 752.712
224.214 67.6106 3.87433 3.56832 120.965 915.998
226.258 67.441 3.8894 3.6387 141.002 996.168
195.961 64.9941 3.88765 3.6607 130.103 482.031
197.645 65.3936 3.92217 3.49135 82.4014 412.872
212.525 66.7004 3.85154 3.59587 169.278 417.943
213.899 66.7653 3.87267 3.61872 115.629 470.924
216.215 66.9498 3.85741 3.58861 129.219 568.655
218.345 66.8088 3.8421 3.66031 228.549 647.076
221.978 66.9116 3.87027 3.5798 115.053 802.249
223.778 66.9808 3.88545 3.58979 173.817 880.58
225.729 66.9227 3.88215 3.61916 111.272 963.127
197.761 64.6379 3.84476 3.61634 166.692 393.293
214.18 66.267 3.88683 3.48507 55.859 453.439
214.181 66.267 3.8803 3.51878 86.4112 453.48
218.473 66.2305 3.84217 3.60254 210.29 632.29
221.631 66.2191 3.84675 3.57932 137.591 770.711
225.657 65.8052 3.86161 3.58056 183.65 947.848
214.843 62.3987 3.92468 3.50889 102.939 492.123
216.846 65.3064 3.82965 3.601 280.856 537.764
218.385 65.6035 3.83751 3.57612 278.659 613.394
220.064 65.4483 3.83253 3.59566 173.128 688.256
221.694 65.3609 3.85836 3.5946 227.136 763.08
223.623 65.2225 3.86375 3.62702 167.686 852.771
196.446 62.7492 3.73483 3.6384 310.34 494.832
214.63 64.613 3.81374 3.68585 358.92 425.839
216.201 64.5654 3.8245 3.57259 26.8382 500.918
216.436 64.5012 3.81708 3.70626 170.704 512.246
221.784 64.453 3.83269 3.61035 100.882 769.332
221.784 64.4525 3.8471 3.65973 121.608 769.308
223.67 64.5753 3.84389 3.55993 158.236 858.356
195.344 61.9331 3.78574 3.65356 216.775 586.479
198.469 62.2938 3.82477 3.63425 210.423 426.025
214.222 63.8036 3.82247 3.67359 166.149 411.423
217.924 64.0292 3.8288 3.66271 197.962 587.822
222.48 63.8433 3.82341 3.66047 146.967 811.806
197.317 61.3416 3.86128 3.63288 120.251 537.858
198.513 61.678 3.89342 3.65571 199.768 464.944
200.525 61.7105 3.8666 3.609 140.846 385.424
216.652 63.0254 3.81945 3.55359 161.5 550.347
218.173 63.0618 3.81516 3.62611 196.549 622.45
221.871 63.109 3.81009 3.62484 177.753 800.432
193.799 60.3849 3.80776 3.55329 100.32 753.257
196.65 60.4135 3.81678 3.58255 112.739 634.519
198.04 60.7515 3.81165 3.52759 147.214 554.518
199.312 60.6947 3.82583 3.72269 125.142 514.042
201.041 61.0224 3.8276 3.64583 199.555 429.522
212.274 61.7929 3.72974 3.33061 55.4303 419.853
213.825 62.1067 3.88101 3.307 98.0426 463.034
217.004 62.4013 3.81957 3.38685 101.267 592.465
218.122 62.3579 3.813 3.47086 175.429 647.295
221.538 62.4435 3.81077 3.59708 123.755 807.431
223.206 62.5763 3.80993 3.63069 167.129 883.177
225.609 62.2024 3.8178 3.635 161.363 1014.21
198.315 59.9237 3.85373 3.74007 147.304 615.763
199.908 60.1686 3.83182 3.62151 101.423 543.104
201.231 60.4742 3.8211 3.57027 133.235 476.894
202.813 60.5269 3.82126 3.57122 198.921 436.063
204.11 60.6801 3.82296 3.63168 149.098 399.933
215.402 61.6061 3.80276 3.23745 94.5138 563.045
222.911 61.4593 3.82575 3.57326 86.7025 917.635
224.22 61.4862 3.80157 3.58219 135.479 978.898
226.918 61.1512 3.81976 3.57648 107.243 1125.05
198.736 59.2533 3.81705 3.65855 164.978 664.515
200.175 59.1767 3.80861 3.54963 95.746 632.581
201.907 59.5938 3.801 3.5672 193.783 551.049
202.905 59.7733 3.80543 3.56384 120.651 514.373
204.792 59.8542 3.82554 3.58143 110.313 484.901
205.68 60.1952 3.84454 3.58899 92.2769 443.822
207.376 60.0815 3.79705 3.29916 101.95 463.228
210.276 60.4814 3.8164 3.34032 80.2611 471.089
219.809 60.7718 3.74598 3.11328 54.8931 811.414
221.424 60.3024 3.74555 3.17302 57.3195 914.117
223.909 60.7704 3.8216 3.57027 125.174 1001.45
190.452 56.6011 3.82975 3.60974 37.5909 1191.5
202.009 59.0314 3.80727 3.62327 132.062 608.332
203.561 59.1953 3.81237 3.59938 146.566 568.146
204.771 59.3922 3.80594 3.57807 127.378 536.223
206.768 59.6524 3.77635 3.46864 59.9503 506.477
212.597 59.9979 3.81189 3.41139 72.5812 583.333
222.262 59.6304 3.73896 3.27566 64.2517 996.072
223.04 60.1218 3.77953 3.245 61.6037 999.342
227.183 60.2114 3.82451 3.56225 125.148 1188.11
203.344 58.6774 3.81779 3.64381 116.234 627.157
204.113 58.2637 3.79851 3.58626 115.698 665.433
204.991 58.6484 3.80566 3.59407 63.7502 617.751
206.355 58.9287 3.80837 3.45796 84.3492 585.43
207.606 58.6097 3.77418 3.33366 105.724 627.327
213.66 59.4296 3.80542 3.34777 90.1999 669.366
227.731 58.9601 3.7769 3.31104 39.4254 1290.85
202.426 57.5673 3.7972 3.55757 89.6849 759.359
203.613 57.6397 3.81551 3.55879 75.2402 738.357
205.548 57.5665 3.75777 3.51759 71.5139 736.735
224.26 58.4133 3.76268 3.37297 40.5287 1170.72
225.482 58.2747 3.76116 3.35396 28.0586 1235.09
229.033 59.3946 3.82873 3.5828 53.2348 1324.48
197.939 55.703 3.78805 3.67737 107.257 1040.76
200.447 56.2848 3.81223 3.54108 71.1366 928.106
223.768 57.9616 3.77223 3.46067 62.2676 1182.95
225.424 57.4688 3.75484 3.4833 45.0401 1292.41
228.869 57.9128 3.77165 3.39864 33.3967 1414.62
227.048 56.8144 3.76252 3.48922 40.7471 1413.83
229.75 56.9811 3.75888 3.44085 34.1891 1522.12
210.428 68.6408 3.76492 3.42691 133.275 537.776
229.974 55.9154 3.76438 3.56937 38.0673 1613.2
227.653 56.4191 3.77905 3.507 87.373 1471.2
218.547 60.1369 3.92569 4.51237 79.2071 798.141
217.908 60.4896 3.75656 3.35625 51.9596 745.961
217.507 60.403 3.74063 3.5372 43.9727 734.939
218.338 61.0595 3.76292 3.14446 65.6273 727.269
216.296 60.3923 3.75566 3.59474 68.078 685.446
216.716 60.1205 3.76666 3.51723 61.6325 723.08
215.271 60.5805 3.76284 3.56638 79.8796 629.902
216.679 60.2805 3.77096 3.52705 97.4535 709.46
218.244 60.7315 3.75014 3.217 46.9239 744.153
217.659 60.602 3.75087 3.31271 61.4167 727.448
216.749 60.4427 3.7658 3.48478 91.0353 700.313
217.639 60.9231 3.7675 3.23661 64.2128 704.989
217.277 60.2474 3.7297 3.61485 26.513 736.565
218.995 60.8241 3.74095 3.0899 61.8246 771.482
216.976 61.3836 3.81063 3.15706 68.1148 646.363
218.049 60.1785 3.75301 3.50173 57.31 774.006
216.031 60.2361 3.78067 3.58906 91.8154 686.691
217.533 61.187 3.78064 3.16921 54.3786 683.372
218.652 60.2994 3.74038 3.37995 29.4747 791.234
219.217 60.1294 3.71814 3.3562 73.34 827.526
216.221 60.072 3.7912 3.55892 85.8905 707.031
218.856 60.4399 3.72905 3.24937 50.9729 790.46
216.546 61.2275 3.78922 3.12168 80.0685 637.266
209.518 60.7352 3.78065 3.39295 32.7273 427.497
209.518 60.7351 3.78065 3.39431 32.7113 427.516
