# evlo=216.201004 evla=64.565399
217.908 60.4896 3.68646 3.77737 22.5427 462.65
217.654 61.036 3.63059 3.43114 22.1686 400.275
218.338 61.0595 3.65725 3.4474 15.9223 405.614
209.094 59.7511 3.79691 3.25833 20.6578 651.187
209.259 59.7417 3.78884 3.35303 28.2554 647.276
207.916 63.4188 3.84667 3.57173 19.7894 424.84
207.685 63.8827 3.81918 3.8238 24.0855 419.984
209.796 67.2269 3.95603 3.2397 17.0262 415.948
216.907 60.7523 3.61081 3.29666 17.2894 426.526
218.66 60.9649 3.66673 3.56111 20.0361 420.421
214.225 61.1292 3.8644 3.38851 16.4169 395.951
196.582 54.8564 3.82612 3.51223 17.4837 1533.6
213.401 60.7277 3.84036 3.15357 23.9811 451.081
212.904 60.8792 3.79473 3.19297 18.1659 443.977
208.348 59.6572 3.76561 3.37892 17.6635 682.545
217.659 60.6024 3.67705 3.40034 32.2396 447.978
216.749 60.4427 3.71065 3.21937 19.8649 460.352
217.639 60.9231 3.6067 3.65686 19.2294 412.539
218.995 60.824 3.67456 3.15582 20.012 440.758
217.533 61.1871 3.62659 3.26401 18.7053 382.572
218.856 60.4399 3.74086 3.42219 29.4562 479.617
223.281 66.3701 4.04679 3.53888 26.3237 384.604
208.018 65.18 3.80988 3.59701 24.143 393.596
205.853 64.1767 3.8245 3.57259 26.8382 500.918
205.93 63.3569 3.83424 3.66389 30.7728 520.347
205.146 62.1816 3.84679 3.39072 21.7708 612.473
206.12 62.4787 3.89292 3.28657 21.4651 552.18
205.609 61.9037 3.77516 3.42937 20.3674 608.458
204.11 60.6801 3.92634 3.1804 16.1953 754.782
207.376 60.0815 3.83401 3.7184 25.9838 676.348
210.276 60.4814 3.73382 3.52326 18.8287 547.49
213.66 59.4296 3.85619 3.38555 19.7966 587.524
210.428 68.6408 3.79011 3.77972 18.0989 521.085
217.908 60.4896 3.68646 3.77737 22.5427 462.65
218.338 61.0595 3.65726 3.44741 15.9223 405.615
217.659 60.602 3.67737 3.40064 32.2396 448.018
216.749 60.4427 3.71065 3.21937 19.8649 460.352
217.639 60.9231 3.60669 3.65684 19.2294 412.537
218.995 60.8241 3.67447 3.15575 20.012 440.747
217.533 61.187 3.62671 3.26412 18.7053 382.585
218.856 60.4399 3.74086 3.42219 29.4562 479.617
