# evlo=198.513107 evla=61.678001
217.908 60.4896 3.77544 3.40183 94.3076 1051.01
217.654 61.036 3.74904 3.40509 65.0575 1022.78
217.507 60.403 3.77725 3.39956 85.7919 1032.39
218.338 61.0595 3.74283 3.39482 97.554 1058.32
220.363 59.9534 3.78343 3.39301 116.095 1198.62
216.3 60.3932 3.77976 3.4132 73.7075 968.766
225.144 58.5792 3.80732 3.4922 78.5868 1508.41
216.716 60.1205 3.79291 3.42393 84.3955 999.702
215.395 60.9677 3.762 3.40532 99.3181 905.029
209.013 64.0997 3.83881 3.6358 168.375 597.431
209.094 59.7511 3.83814 3.44909 71.3724 615.377
209.259 59.7417 3.83442 3.46189 66.7414 624.229
210.701 64.1732 3.82753 3.6511 146.154 677.353
208.846 60.7683 3.78905 3.44945 108.521 563.713
207.916 63.4188 3.78196 3.62382 191.436 520.644
212.195 64.6453 3.84223 3.66324 131.864 762.618
204.378 55.8218 3.88583 3.33339 20.9758 734.706
200.411 54.831 3.82364 3.6276 51.9827 770.638
207.685 63.8827 3.82436 3.64581 209.412 528.141
208.763 59.5251 3.80644 3.35119 48.5878 609.765
209.796 67.2269 3.84352 3.60539 103.486 820.772
216.907 60.7523 3.76575 3.4148 86.1334 990.532
218.66 60.9649 3.74361 3.40545 106.511 1077.63
209.738 62.4058 3.7762 3.54903 127.707 592.133
217.513 60.0823 3.78506 3.40249 96.7886 1043.19
212.624 63.0753 3.78137 3.54534 148.911 745.039
214.225 61.1292 3.75912 3.39677 120.695 839.494
215.93 63.6482 3.81333 3.56424 117.995 916.186
214.25 60.5487 3.78219 3.45075 114.215 855.557
196.582 54.8564 3.8639 3.58888 55.1926 768.117
213.401 60.7277 3.77091 3.45878 133.601 805.58
209.784 61.1426 3.7497 3.41545 105.463 604.117
214.766 66.5657 3.84575 3.56101 65.3798 956.678
188.296 63.7758 3.83208 3.73386 57.7712 571.639
203.121 64.7461 3.79314 3.62402 131.344 412.908
211.074 61.771 3.75328 3.4652 92.0648 663.152
216.188 61.4417 3.74394 3.38225 168.673 936.929
212.904 60.8792 3.76358 3.45459 113.832 775.328
215.271 60.5805 3.77656 3.44213 106.18 908.676
216.679 60.2805 3.78615 3.42322 112.121 992.429
218.244 60.7315 3.76009 3.41284 100.687 1061.81
213.052 64.4091 3.83298 3.63938 153.406 793.857
213.497 60.396 3.79027 3.47178 103.817 820.354
215.738 60.3351 3.79013 3.41698 75.0055 940.846
208.348 59.6572 3.80577 3.37261 46.9423 582.226
217.659 60.6024 3.77403 3.39921 95.8986 1034.5
225.615 58.2758 3.81564 3.5262 65.4268 1547.65
215.581 59.9268 3.79478 3.41778 116.106 946.568
216.749 60.4427 3.77831 3.41929 100.611 991.037
217.639 60.9231 3.7584 3.40567 104.22 1024.8
214.077 61.4924 3.7519 3.39446 146.758 824.89
211.542 61.4131 3.75084 3.40089 152.622 692.28
197.4 66.8951 3.75322 3.60469 32.769 584.078
209.077 63.5527 3.78714 3.59674 202.474 580.337
218.995 60.824 3.74733 3.4022 129.846 1098.99
216.976 61.3836 3.73938 3.38215 87.9286 979.517
211.063 63.7318 3.80367 3.60839 227.293 680.55
218.049 60.1785 3.78923 3.42255 96.754 1068.34
216.031 60.2361 3.79315 3.41726 93.7808 959.567
217.533 61.1871 3.74727 3.39428 98.0425 1012.93
218.652 60.2994 3.78317 3.42681 76.4507 1096.3
211.14 63.4056 3.78968 3.58846 290.249 676.485
219.217 60.1294 3.77623 3.40313 103.546 1131.83
216.221 60.072 3.79578 3.42974 123.615 975.19
218.856 60.4399 3.7662 3.40758 86.9719 1102.65
216.546 61.2275 3.74563 3.39668 142.555 959.989
207.417 57.7828 3.74876 3.45814 66.9231 661.694
212.138 64.8736 3.84117 3.63675 111.086 768.96
198.929 70.2043 3.7761 3.46474 88.1859 950.909
203.383 71.3221 3.82511 3.42521 65.5068 1096.2
205.026 71.0033 3.84758 3.44106 50.0067 1078.54
198.198 69.3641 3.7782 3.47272 98.0943 857.115
202.84 70.0079 3.81951 3.44577 117.483 949.031
205.387 69.6211 3.81713 3.41639 82.1678 939.092
206.58 70.34 3.81685 3.41509 81.2497 1030.85
194.656 68.2746 3.75129 3.51005 48.0156 757.309
196.822 68.4753 3.76742 3.59587 85.756 761.94
198.806 68.6483 3.77709 3.45539 122.042 777.267
200.413 69.1049 3.79058 3.49668 78.1003 832.673
205.217 69.1565 3.79624 3.44529 97.6966 888.813
209.387 69.836 3.77932 3.55773 116.776 1033.75
211.299 69.72 3.81734 3.54333 101.919 1067.24
215.088 69.9175 3.83045 3.46823 56.9875 1183.39
216.289 69.626 3.81459 3.46216 27.1411 1197.25
235.93 69.3475 3.87792 3.63791 69.3052 1890.22
196.917 67.6988 3.75055 3.58083 87.8066 675.494
201.885 68.4946 3.83405 3.52117 124.194 776.077
203.387 68.7132 3.82251 3.49721 106.597 816.298
207.318 68.8799 3.78128 3.56339 81.7957 900.045
209.319 68.9656 3.80464 3.58391 122.368 952.922
211.177 69.1532 3.82479 3.52529 95.671 1015.81
213.625 69.322 3.82677 3.44531 58.1175 1096.47
198.174 67.082 3.7476 3.53278 94.7664 602.673
199.397 67.4213 3.78198 3.49802 123.642 641.68
202.768 67.4572 3.79243 3.54654 101.001 675.432
203.811 68.2575 3.8094 3.50619 80.5567 774.39
206.028 68.4414 3.77351 3.47765 76.3074 831.522
210.384 68.0584 3.83548 3.54706 78.1109 903.881
211.513 68.0748 3.82882 3.51987 83.299 938.682
220.465 68.6043 3.85863 3.66189 78.381 1275.78
222.103 68.3889 3.83626 3.65435 62.1382 1326.68
223.281 66.3701 3.84808 3.5811 90.2761 1307.8
193.671 65.4742 3.79854 3.50993 123.208 486.42
195.352 65.7077 3.78071 3.58898 76.318 475.499
198.75 66.442 3.77471 3.53781 107.453 531.205
200.349 66.6001 3.79519 3.6147 156.772 555.879
202.227 66.8332 3.7935 3.55938 105.457 601.997
204.275 67.0486 3.79305 3.49843 101.183 659.59
206.517 67.2221 3.81418 3.62224 110.646 727.094
207.821 67.5076 3.81877 3.66691 117.053 786.322
212.113 67.5187 3.82629 3.61057 82.5288 917.163
220.128 67.6136 3.81459 3.61297 88.8307 1217.14
224.214 67.6106 3.82506 3.59056 64.9736 1380.92
226.258 67.441 3.84758 3.61028 93.437 1460.67
195.961 64.9941 3.79159 3.54481 67.4612 391.031
197.645 65.3936 3.78533 3.54647 106.166 416.41
199.349 65.5011 3.78792 3.60065 140.061 428.168
201.346 65.895 3.80349 3.57585 235.106 490.272
202.913 66.1434 3.78869 3.50662 120.952 542.308
206.494 66.5156 3.81551 3.75865 116.034 663.971
208.493 66.9214 3.83288 3.63663 63.5635 756.509
209.976 66.7108 3.83226 3.64573 72.341 788.315
212.525 66.7004 3.83558 3.64687 78.3173 878.196
213.899 66.7653 3.84932 3.67071 61.3116 933.636
216.215 66.9498 3.84843 3.58473 78.2835 1032.95
218.345 66.8088 3.8275 3.58244 71.039 1111.98
221.978 66.9116 3.83954 3.56833 72.8748 1266.48
223.778 66.9808 3.84839 3.57519 102.761 1344.49
225.729 66.9227 3.85995 3.59631 68.4671 1426.28
201.637 65.1527 3.82846 3.56798 154.436 417.443
203.551 65.5276 3.79704 3.63007 94.1862 496.28
205.119 65.4924 3.8318 3.7744 148.531 536.447
207.195 65.6571 3.85236 3.65678 156.286 616.648
208.623 65.8937 3.84028 3.56839 96.3743 683.586
210.457 65.8251 3.84702 3.58759 87.5876 747.206
212.122 65.8371 3.84554 3.60228 138.118 813.475
214.181 66.267 3.8542 3.5612 60.0195 918.376
218.473 66.2305 3.82124 3.56749 117.049 1095.45
221.631 66.2191 3.8358 3.56421 101.383 1231.87
225.657 65.8052 3.84954 3.56114 72.8223 1404.03
214.843 62.3987 3.75499 3.45676 91.1446 856.044
213.052 64.4091 3.83298 3.63938 153.406 793.857
205.522 64.7962 3.82799 3.60334 87.9253 494.347
208.018 65.18 3.81577 3.58924 96.229 613.396
210.64 65.1479 3.84713 3.59814 108.997 716.963
216.846 65.3064 3.84038 3.64424 113.206 994.172
218.385 65.6035 3.83664 3.63068 108.549 1071.7
220.064 65.4483 3.84447 3.63649 118.112 1143.41
221.694 65.3609 3.84926 3.63241 108.034 1216.18
223.623 65.2225 3.84963 3.61413 109.051 1303.46
204.379 63.994 3.9182 3.77023 185.295 394.66
205.853 64.1767 3.89342 3.65571 199.768 464.944
214.63 64.613 3.83759 3.65167 151.646 872.988
216.436 64.5012 3.83794 3.62181 186.889 954.695
221.784 64.453 3.82847 3.64152 36.2971 1208.92
221.784 64.4525 3.82359 3.58385 89.5018 1208.89
223.67 64.5753 3.83287 3.59344 111.639 1300.13
205.93 63.3569 3.79362 3.6146 293.266 425.053
214.222 63.8036 3.8209 3.56306 178.61 834.81
217.924 64.0292 3.82681 3.5857 200.702 1018.23
222.48 63.8433 3.82743 3.5727 111.925 1240.14
206.12 62.4787 3.76629 3.68645 271.614 407.206
216.652 63.0254 3.77677 3.49907 133.608 948.11
218.173 63.0618 3.78589 3.52017 159.844 1025.06
221.871 63.109 3.79527 3.53837 166.867 1211.68
206.868 61.8823 3.76732 3.52299 230.454 441.225
209.88 61.7531 3.75159 3.47488 125.063 600.417
212.274 61.7929 3.74917 3.44286 132.558 726.035
213.825 62.1067 3.74992 3.45737 137.215 804.678
217.004 62.4013 3.74128 3.45635 162.889 967.623
218.122 62.3579 3.74339 3.44709 125.718 1025.69
221.538 62.4435 3.76572 3.50488 170.339 1200.64
223.206 62.5763 3.78014 3.53176 149.75 1284.44
225.609 62.2024 3.78319 3.51705 159.726 1413.38
205.516 60.8132 3.80439 3.66225 140.499 387.932
207.791 61.2001 3.74411 3.49947 167.203 497.491
215.402 61.6061 3.74188 3.40066 124.546 892.825
222.911 61.4593 3.73474 3.41489 157.97 1289.1
224.22 61.4862 3.74283 3.42571 111.667 1356.71
226.918 61.1512 3.75725 3.44991 170.737 1505.92
204.792 59.8542 3.7784 3.41314 57.2625 397.775
205.68 60.1952 3.852 3.59723 73.5378 421.936
207.376 60.0815 3.85428 3.5361 84.0994 512.681
210.276 60.4814 3.78948 3.476 95.6218 647.752
219.809 60.7718 3.74963 3.3852 119.878 1143.4
221.424 60.3024 3.75246 3.37891 107.098 1242.89
223.909 60.7704 3.73281 3.41426 115.178 1359.44
190.452 56.6011 3.81252 3.68183 83.2921 728.852
203.561 59.1953 3.76279 3.56626 56.5159 391.921
204.771 59.3922 3.72759 3.59631 75.1508 427.344
206.768 59.6524 3.81355 3.35131 57.6269 504.149
212.597 59.9979 3.81215 3.46524 86.074 786.751
222.262 59.6304 3.78714 3.4526 137.764 1311.13
223.04 60.1218 3.75242 3.37397 122.816 1334.37
226.285 59.5898 3.7586 3.41666 125.79 1525.57
227.183 60.2114 3.75056 3.43771 143.692 1549.69
212.566 65.1171 3.82983 3.61084 91.9338 797.786
203.344 58.6774 3.86513 3.46762 47.0033 428.328
204.113 58.2637 3.74696 3.42281 59.2443 492.118
204.991 58.6484 3.78285 3.65684 40.1585 492.864
206.355 58.9287 3.76285 3.45451 73.905 530.32
207.606 58.6097 3.78427 3.50046 68.2544 609.13
213.66 59.4296 3.83842 3.51129 49.6443 865.685
227.731 58.9601 3.77368 3.4105 89.6268 1628.23
202.426 57.5673 3.77752 3.35749 52.0341 508.195
224.26 58.4133 3.81945 3.53148 75.1293 1469.4
225.482 58.2747 3.82143 3.52852 64.8365 1540.65
229.033 59.3946 3.75974 3.45562 111.627 1678.52
197.939 55.703 3.83743 3.58496 111.19 666.377
200.447 56.2848 3.8024 3.56576 64.1217 610.907
223.768 57.9616 3.82342 3.54859 74.48 1465.53
225.424 57.4688 3.82447 3.52294 63.8 1578.42
228.869 57.9128 3.79105 3.48651 56.0685 1737.71
227.048 56.8144 3.82712 3.50352 48.4696 1699.85
212.138 64.8735 3.864 3.62126 47.9851 768.947
210.428 68.6408 3.83695 3.57321 98.8197 952.964
227.653 56.4191 3.82809 3.56862 42.1957 1754.38
209.931 62.7622 3.4073 2.59939 133.858 605.26
211.063 63.7323 3.80388 3.60859 227.293 680.588
211.14 63.4057 3.7897 3.58848 290.249 676.489
218.547 60.1369 3.96214 4.1549 105.809 1096.08
217.908 60.4896 3.77544 3.40183 94.3076 1051.01
217.507 60.403 3.77725 3.39956 85.7919 1032.39
218.338 61.0595 3.74285 3.39484 97.554 1058.32
216.296 60.3923 3.77917 3.41266 73.7075 968.614
216.716 60.1205 3.79291 3.42393 84.3955 999.702
215.271 60.5805 3.77656 3.44213 106.18 908.676
216.679 60.2805 3.78615 3.42322 112.121 992.429
218.244 60.7315 3.76009 3.41284 100.687 1061.81
217.659 60.602 3.77398 3.39916 95.8986 1034.49
216.749 60.4427 3.77831 3.41929 100.611 991.037
217.639 60.9231 3.75836 3.40564 104.22 1024.79
218.995 60.8241 3.74732 3.40219 129.846 1098.98
216.976 61.3836 3.73938 3.38215 87.9286 979.517
218.049 60.1785 3.78923 3.42255 96.754 1068.34
216.031 60.2361 3.79315 3.41726 93.7808 959.567
217.533 61.187 3.74732 3.39432 98.0425 1012.94
218.652 60.2994 3.78317 3.42681 76.4507 1096.3
219.217 60.1294 3.77623 3.40313 103.546 1131.83
216.221 60.072 3.79578 3.42974 123.615 975.19
218.856 60.4399 3.7662 3.40758 86.9719 1102.65
216.546 61.2275 3.74563 3.39668 142.555 959.989
209.518 60.7352 3.73969 3.44969 29.6807 600.056
209.518 60.7351 3.73984 3.44983 29.6807 600.08
