# evlo=203.344406 evla=58.677399
225.449 60.24 3.79634 3.48783 52.8598 1259.47
194.627 64.5646 3.76817 3.42391 45.6406 801.146
217.908 60.4896 3.80808 3.45443 128.002 845.349
217.654 61.036 3.82737 3.4079 91.1172 841.854
217.507 60.403 3.8075 3.46006 92.8908 822.187
218.338 61.0595 3.81236 3.37678 112.709 878.597
220.363 59.9534 3.79715 3.48408 146.018 976.763
216.3 60.3932 3.81369 3.46901 118.63 756.147
216.716 60.1205 3.81173 3.47004 138.949 775.008
215.395 60.9677 3.8264 3.41881 143.139 721.279
209.013 64.0997 3.7769 3.47266 104.51 675.32
210.701 64.1732 3.79391 3.50506 93.0387 726.505
208.846 60.7683 3.80992 3.29849 117.757 387.207
207.916 63.4188 3.77838 3.56428 155.755 582.858
212.195 64.6453 3.7964 3.56009 132.296 812.135
200.411 54.831 3.84666 3.40423 103.71 464.289
207.685 63.8827 3.78447 3.58985 100.262 624.665
209.796 67.2269 3.78255 3.53261 103.921 1006.34
216.907 60.7523 3.81773 3.46465 104.757 795.888
218.66 60.9649 3.81306 3.42187 132.299 893.836
209.738 62.4058 3.77853 3.57252 211.997 543.276
217.513 60.0823 3.79897 3.47004 142.448 818.73
212.624 63.0753 3.77045 3.41218 143.011 701.752
214.225 61.1292 3.82355 3.32815 169.439 666.329
215.93 63.6482 3.76352 3.38747 91.0343 872.506
214.25 60.5487 3.82242 3.42769 263.722 649.057
196.582 54.8564 3.75284 3.43184 83.9185 592.777
213.401 60.7277 3.84756 3.40677 155.504 609.766
209.784 61.1426 3.7571 3.22341 108.01 452.697
214.766 66.5657 3.81151 3.60635 108.882 1053.15
188.296 63.7758 3.79231 3.58765 44.4919 984.217
203.121 64.7461 3.81223 3.59937 94.1911 676.4
211.074 61.771 3.72182 3.35014 87.7088 549.233
216.188 61.4417 3.81438 3.32218 94.6241 777.172
212.904 60.8792 3.83328 3.40756 137.865 589.65
215.271 60.5805 3.82338 3.45466 111.771 704.389
216.679 60.2805 3.80755 3.4758 181.409 775.09
218.244 60.7315 3.81241 3.42931 103.873 867.343
213.052 64.4091 3.80228 3.50195 86.8959 819.45
213.497 60.396 3.83923 3.42962 171.922 604.73
215.738 60.3351 3.81999 3.48705 138.251 724.503
217.659 60.6024 3.81803 3.46788 113.987 833.565
225.615 58.2758 3.8366 3.64172 134.164 1294.18
215.581 59.9268 3.80908 3.46052 147.303 709.811
216.749 60.4427 3.80653 3.47159 132.326 781.459
217.639 60.9231 3.81755 3.42059 114.515 838.598
214.077 61.4924 3.79879 3.26976 126.615 673.57
211.542 61.4131 3.75119 3.25015 145.759 548.521
209.077 63.5527 3.7753 3.46816 117.317 624.457
216.976 61.3836 3.81499 3.37006 108.635 815.658
211.063 63.7318 3.79064 3.49356 180.812 698.544
211.768 64.9602 3.78845 3.548 125.908 827.548
218.049 60.1785 3.80377 3.49732 134.572 849.364
209.256 65.0304 3.79403 3.49707 78.9182 772.601
210.931 64.5928 3.7822 3.50179 112.7 771.07
216.031 60.2361 3.81522 3.48157 237.872 738.864
191.145 52.9721 3.78633 3.46057 110.168 991.447
214.53 62.9699 3.75395 3.44307 151.835 772.271
219.747 60.0959 3.80065 3.48518 159.492 942.928
220.599 59.667 3.79556 3.52312 148.482 990.022
214.475 65.5174 3.81203 3.57984 145.172 955.808
207.811 62.8962 3.7771 3.43962 142.549 529.009
217.533 61.1871 3.81305 3.38818 122.518 839.134
211.667 60.8584 3.83708 3.39534 131.916 526.468
218.652 60.2994 3.79767 3.4541 86.1083 883.802
211.14 63.4056 3.7792 3.46794 151.421 673.593
216.221 60.072 3.81578 3.46296 176.778 747.048
218.856 60.4399 3.80446 3.43499 165.262 896.471
216.546 61.2275 3.82461 3.40132 120.071 788.79
212.138 64.8736 3.7933 3.55505 143.697 830.385
198.929 70.2043 3.77447 3.46091 64.9624 1301.68
205.026 71.0033 3.80619 3.57095 58.9172 1376.37
234.753 71.9871 3.82404 3.47663 69.2529 2038.21
198.198 69.3641 3.78133 3.53441 65.3226 1216.54
202.84 70.0079 3.79661 3.50075 38.0809 1263.35
205.387 69.6211 3.78648 3.53216 47.3009 1223.85
206.58 70.34 3.80319 3.53604 71.3104 1308.98
196.822 68.4753 3.79906 3.5887 76.4464 1137.68
198.806 68.6483 3.77486 3.52079 47.3972 1133.2
200.413 69.1049 3.77685 3.46149 46.1671 1170.95
205.217 69.1565 3.79729 3.56589 82.1848 1171.62
209.387 69.836 3.81719 3.55501 65.0455 1276.48
211.299 69.72 3.81327 3.53765 78.8629 1287.69
215.088 69.9175 3.78303 3.4339 80.4122 1370.37
216.289 69.626 3.77771 3.4865 87.7951 1366.92
235.93 69.3475 3.86839 3.54154 75.8636 1949.61
201.885 68.4946 3.81497 3.54204 48.9385 1096.64
203.387 68.7132 3.8068 3.58885 61.6165 1118.7
207.318 68.8799 3.8098 3.57785 107.806 1153.46
209.319 68.9656 3.81978 3.5681 65.6798 1182.65
211.177 69.1532 3.80636 3.48555 52.0381 1227.08
213.625 69.322 3.78705 3.43842 92.4193 1284.77
219.035 69.243 3.80773 3.63323 54.9311 1397.38
221.263 69.3286 3.83 3.66075 68.3693 1463.99
198.174 67.082 3.78179 3.60683 75.7046 972.193
199.397 67.4213 3.76469 3.49959 57.5877 994.352
202.768 67.4572 3.79219 3.60901 73.0252 979.032
203.811 68.2575 3.79843 3.56922 78.098 1068.12
206.028 68.4414 3.79314 3.57963 68.6911 1096.26
208.187 68.1343 3.81911 3.58777 75.9823 1080.73
210.384 68.0584 3.7985 3.47615 56.5895 1101.7
211.513 68.0748 3.79166 3.48422 71.0576 1122.1
214.432 68.1207 3.77868 3.5182 112.755 1185.45
218.405 68.1861 3.82085 3.62925 84.2309 1291.99
220.465 68.6043 3.82016 3.6207 71.2471 1384.31
222.103 68.3889 3.802 3.49075 76.7451 1417.46
223.281 66.3701 3.80005 3.49031 89.9685 1327.28
198.75 66.442 3.76721 3.56519 65.3348 896.488
200.349 66.6001 3.76815 3.48486 45.7958 896.037
204.275 67.0486 3.79296 3.66039 70.7501 934.215
206.517 67.2221 3.80858 3.5822 74.9489 965.594
207.821 67.5076 3.80953 3.60229 119.358 1009.23
212.113 67.5187 3.78266 3.46504 84.3212 1077.97
214.357 67.5933 3.79248 3.56134 95.3112 1134.67
215.855 67.6946 3.80766 3.61993 109.627 1181.21
220.128 67.6136 3.80101 3.53454 60.9357 1298.37
224.214 67.6106 3.80877 3.47879 75.8909 1435.5
226.258 67.441 3.83222 3.52506 84.9874 1499.92
199.349 65.5011 3.78048 3.53109 79.0651 788.218
201.346 65.895 3.77882 3.5134 60.419 810.953
202.913 66.1434 3.77666 3.65518 76.3142 832.39
206.494 66.5156 3.81608 3.61851 99.6068 888.176
208.493 66.9214 3.80612 3.58646 70.3399 954.87
209.976 66.7108 3.792 3.5252 101.614 956.328
212.525 66.7004 3.78963 3.52978 101.586 1007.88
213.899 66.7653 3.79394 3.55517 109.075 1047.62
216.215 66.9498 3.81462 3.5953 80.6005 1127.05
218.345 66.8088 3.81488 3.5149 76.9417 1180.92
221.978 66.9116 3.80707 3.49981 81.3517 1311.83
223.778 66.9808 3.81241 3.51033 133.108 1381.56
225.729 66.9227 3.83015 3.49559 66.2284 1451.91
200.087 64.937 3.77883 3.50895 68.1698 718.172
201.637 65.1527 3.79055 3.59836 50.3074 727.119
203.551 65.5276 3.79254 3.67791 61.5719 763.506
205.119 65.4924 3.81836 3.6475 115.801 765.069
207.195 65.6571 3.80986 3.61045 105.672 802.961
208.623 65.8937 3.80349 3.5874 71.9905 848.92
210.457 65.8251 3.78482 3.43108 102.318 876.896
212.122 65.8371 3.79757 3.52774 118.624 917.146
214.18 66.267 3.81865 3.60391 31.529 1010.8
214.181 66.267 3.80036 3.61979 76.3347 1010.83
218.473 66.2305 3.78804 3.45613 111.109 1142.4
221.631 66.2191 3.79492 3.45347 80.8076 1255.56
225.657 65.8052 3.80248 3.41904 67.2717 1393.81
214.843 62.3987 3.74729 3.37475 130.972 753.555
213.052 64.4091 3.80228 3.50195 86.8959 819.45
199.305 63.8864 3.76385 3.61251 58.2331 619.261
205.522 64.7962 3.82043 3.64853 74.4505 691.42
208.018 65.18 3.79145 3.55432 71.6522 764.607
210.64 65.1479 3.78258 3.50028 154.607 815.464
216.846 65.3064 3.79507 3.42481 106.525 1018.95
218.385 65.6035 3.78606 3.42418 93.5417 1095.28
220.064 65.4483 3.7929 3.42315 124.402 1148.57
221.694 65.3609 3.78836 3.43735 83.273 1208.21
223.623 65.2225 3.79183 3.41066 80.9708 1281.18
196.446 62.7492 3.77078 3.43982 61.2344 588.999
199.398 63.2842 3.79832 3.53521 81.8669 555.77
200.922 63.3965 3.76169 3.58648 78.2748 541.796
203.285 63.465 3.78731 3.57982 86.0404 533.492
204.379 63.994 3.79331 3.60697 75.4317 595.012
205.853 64.1767 3.81779 3.64381 116.234 627.157
214.63 64.613 3.78686 3.41108 137.32 889.319
216.436 64.5012 3.76692 3.39003 105.962 947.739
221.784 64.453 3.76608 3.40199 48.9377 1165.78
221.784 64.4525 3.77483 3.41548 55.9602 1165.73
223.67 64.5753 3.77033 3.37761 75.4241 1254.26
195.344 61.9331 3.78532 3.75665 46.2292 571.324
201.699 62.7161 3.78097 3.59757 61.6614 458.86
205.93 63.3569 3.80238 3.5998 146.992 539.743
214.222 63.8036 3.76816 3.36639 122.661 814.967
217.924 64.0292 3.76647 3.42676 109.322 978.163
222.48 63.8433 3.76593 3.39734 163.454 1170.7
197.317 61.3416 3.75557 3.6628 84.0652 448.187
198.513 61.678 3.86513 3.46762 47.0033 428.328
201.703 62.1344 3.7762 3.56864 78.2025 395.626
203.311 62.2195 3.78395 3.68639 166.16 394.664
205.146 62.1816 3.81533 3.58836 170.658 402.802
206.12 62.4787 3.81336 3.56296 109.524 449.954
216.652 63.0254 3.75188 3.41613 106.116 868.091
218.173 63.0618 3.7508 3.40558 142.239 938.895
221.871 63.109 3.75164 3.40379 125.967 1115.06
193.799 60.3849 3.7756 3.3439 69.308 572.053
196.65 60.4135 3.78773 3.20763 30.6539 424.928
205.609 61.9037 3.80797 3.55606 183.408 380.596
206.868 61.8823 3.76394 3.50811 197.261 406.703
209.88 61.7531 3.73944 3.46092 169.461 498.252
212.274 61.7929 3.74336 3.30223 129.646 603.532
213.825 62.1067 3.74681 3.35412 177.033 691.528
217.004 62.4013 3.74092 3.30086 116.097 854.522
218.122 62.3579 3.74855 3.29768 107.14 906.568
221.538 62.4435 3.75262 3.34592 89.1018 1077.93
223.206 62.5763 3.75289 3.36383 86.905 1164.96
225.609 62.2024 3.76525 3.32415 90.5073 1279.77
215.402 61.6061 3.79521 3.27732 103.848 743.663
222.911 61.4593 3.80289 3.36115 79.4142 1127.95
224.22 61.4862 3.80055 3.33261 77.3172 1197.6
226.918 61.1512 3.80778 3.43391 83.214 1339.48
210.276 60.4814 3.83078 3.40587 183.981 439.93
219.809 60.7718 3.79721 3.40852 172.668 952.507
221.424 60.3024 3.79692 3.4293 124.575 1036.8
223.909 60.7704 3.79726 3.40497 129.499 1175.17
190.452 56.6011 3.82584 3.56325 70.8112 802.558
212.597 59.9979 3.81822 3.43465 264.69 546.221
222.262 59.6304 3.80216 3.49762 190.561 1083.9
223.04 60.1218 3.80314 3.4565 142.159 1126.06
227.183 60.2114 3.80427 3.45947 193.04 1355.58
212.566 65.1171 3.79445 3.55729 123.688 864.215
213.66 59.4296 3.78987 3.487 172.788 597.256
227.731 58.9601 3.81892 3.56289 184.839 1401.51
224.26 58.4133 3.83674 3.61958 123.141 1213.36
229.033 59.3946 3.80476 3.50475 183.794 1467.87
197.939 55.703 3.74127 3.47636 197.851 465.057
223.768 57.9616 3.85879 3.67259 125.508 1194.92
225.424 57.4688 3.86032 3.70141 124.416 1303.88
228.869 57.9128 3.83286 3.63322 167.027 1490.24
227.048 56.8144 3.86316 3.75127 64.1366 1419.05
229.75 56.9811 3.83452 3.67048 101.131 1569.82
212.138 64.8735 3.79784 3.57089 95.0655 830.371
210.428 68.6408 3.81939 3.54442 98.4093 1162.89
226.879 56.1146 3.88389 3.7858 154.759 1435.61
229.974 55.9154 3.86735 3.7526 60.4442 1623.31
228.385 55.3279 3.87807 3.79231 185.743 1556.7
227.653 56.4191 3.86776 3.74224 92.8655 1468.62
209.931 62.7622 3.65605 3.23683 155.456 579.413
211.063 63.7323 3.79096 3.49385 180.812 698.602
211.14 63.4057 3.77924 3.46798 151.421 673.599
218.547 60.1369 3.98011 4.30018 111.767 876.545
217.908 60.4896 3.80808 3.45443 128.002 845.349
217.507 60.403 3.8075 3.46006 92.8908 822.187
218.338 61.0595 3.81238 3.3768 112.709 878.602
216.296 60.3923 3.81268 3.46809 118.63 755.946
216.716 60.1205 3.81173 3.47004 138.949 775.008
215.271 60.5805 3.82338 3.45466 111.771 704.389
216.679 60.2805 3.80755 3.4758 181.409 775.09
218.244 60.7315 3.81241 3.42931 103.873 867.343
217.659 60.602 3.81788 3.46774 113.987 833.532
216.749 60.4427 3.80653 3.47159 132.326 781.459
217.639 60.9231 3.8175 3.42055 114.515 838.587
216.976 61.3836 3.81499 3.37006 108.635 815.658
218.049 60.1785 3.80377 3.49732 134.572 849.364
216.031 60.2361 3.81522 3.48157 237.872 738.864
217.533 61.187 3.81308 3.38821 122.518 839.142
218.652 60.2994 3.79767 3.4541 86.1083 883.802
216.221 60.072 3.81578 3.46296 176.778 747.048
218.856 60.4399 3.80446 3.43499 165.262 896.471
216.546 61.2275 3.82461 3.40132 120.071 788.79
