# evlo=227.730896 evla=58.960098
194.627 64.5646 3.77378 3.43822 33.7809 1831.02
217.908 60.4896 3.76541 3.56885 134.666 577.672
217.654 61.036 3.77728 3.4141 132.234 607.252
217.507 60.403 3.76136 3.64317 94.003 597.292
218.338 61.0595 3.78101 3.38349 89.4271 573.145
220.363 59.9534 3.78001 3.56476 125.422 431.994
216.3 60.3932 3.76835 3.61172 147.122 662.641
216.716 60.1205 3.75988 3.57058 105.838 635.612
215.395 60.9677 3.76512 3.44516 85.1229 723.205
209.094 59.7511 3.80579 3.58675 147.364 1060.24
209.259 59.7417 3.80602 3.58149 140.706 1051.04
210.701 64.1732 3.71431 3.06165 17.256 1070.28
208.846 60.7683 3.767 3.47727 100.465 1073.14
207.916 63.4188 3.80268 3.35218 72.6371 1169.52
212.195 64.6453 3.80501 3.42252 46.4135 1031.13
204.378 55.8218 3.87103 3.78727 60.7456 1439.02
200.411 54.831 3.87623 3.73661 83.0568 1713.78
207.685 63.8827 3.78455 3.31572 26.8497 1195.63
208.763 59.5251 3.80995 3.58585 199.634 1080.66
209.796 67.2269 3.80296 3.66297 40.7159 1283.12
216.907 60.7523 3.77328 3.50318 80.6988 637.715
218.66 60.9649 3.79447 3.43777 120.821 553.178
209.738 62.4058 3.78454 3.3815 92.1412 1051.25
217.513 60.0823 3.75492 3.62087 148.741 591.101
212.624 63.0753 3.80125 3.30102 52.8633 933.6
214.225 61.1292 3.76041 3.44365 115.83 788.78
215.93 63.6482 3.79946 3.41305 27.5864 818.098
214.25 60.5487 3.76684 3.51422 184.116 776.691
196.582 54.8564 3.85672 3.6426 31.0646 1932.65
213.401 60.7277 3.76108 3.46526 95.3903 825.312
209.784 61.1426 3.76391 3.48868 110.366 1025.47
188.296 63.7758 3.7652 3.47198 46.7826 2138.3
211.074 61.771 3.76009 3.39708 87.3829 967.858
216.188 61.4417 3.774 3.41271 146.728 696.139
212.904 60.8792 3.76905 3.4829 120.14 854.405
215.271 60.5805 3.7785 3.5662 98.0129 721.768
216.679 60.2805 3.76 3.6216 126.863 640.028
218.244 60.7315 3.78254 3.48029 95.5388 566.633
213.052 64.4091 3.8028 3.43661 24.2468 982.296
213.497 60.396 3.7727 3.54736 103.26 816.073
215.738 60.3351 3.77145 3.594 133.388 692.404
208.348 59.6572 3.81201 3.58787 149.253 1102.8
217.659 60.6024 3.77189 3.57389 111.669 593.85
215.581 59.9268 3.77076 3.56686 137.794 696.645
216.749 60.4427 3.76536 3.59073 132.042 639.14
217.639 60.9231 3.77398 3.43756 157.484 604.238
214.077 61.4924 3.77249 3.427 120.023 805.7
211.542 61.4131 3.75967 3.44347 142.142 936.112
209.077 63.5527 3.78186 3.34427 62.4781 1118.75
218.995 60.824 3.78992 3.45436 127.046 530.778
216.976 61.3836 3.77638 3.42024 180.09 654.218
211.063 63.7318 3.77399 3.33258 18.2236 1033.97
211.768 64.9602 3.84056 3.4491 38.7597 1066.59
218.049 60.1785 3.75097 3.57507 154.262 563.244
209.256 65.0304 3.80808 3.43874 32.0816 1174.15
216.031 60.2361 3.76559 3.62362 164.656 674.92
214.53 62.9699 3.82112 3.34641 64.2324 840.809
219.747 60.0959 3.76712 3.55515 115.099 468.858
220.599 59.667 3.79772 3.65424 191.917 413.546
214.475 65.5174 3.79134 3.65189 25.5461 1000.59
207.811 62.8962 3.78305 3.34483 73.2171 1159.95
217.533 61.1871 3.77512 3.4311 127.49 618.789
211.667 60.8584 3.77316 3.49092 138.269 920.842
218.652 60.2994 3.76624 3.54051 92.6513 533.037
211.14 63.4056 3.80345 3.29273 41.6448 1016.56
219.217 60.1294 3.75756 3.52792 143.99 498.487
216.221 60.072 3.76276 3.59263 151.623 662.382
218.856 60.4399 3.77798 3.58315 174.24 525.722
216.546 61.2275 3.76403 3.41511 131.346 670.624
207.417 57.7828 3.86691 3.67264 133.502 1191.31
212.138 64.8736 3.83162 3.43293 50.4636 1046.61
203.383 71.3221 3.8357 3.51623 35.7402 1764.52
205.026 71.0033 3.82337 3.49057 40.5977 1696.22
234.753 71.9871 3.9135 3.47823 40.5394 1486.06
198.198 69.3641 3.81302 3.55814 31.5208 1815.2
206.58 70.34 3.82716 3.48213 33.3811 1604.3
198.806 68.6483 3.80449 3.58395 25.7825 1760.35
200.413 69.1049 3.81943 3.57178 26.0259 1723.77
205.217 69.1565 3.83797 3.5824 28.1943 1563.53
209.387 69.836 3.82745 3.47468 44.5561 1488.11
211.299 69.72 3.8345 3.48239 44.893 1428.37
215.088 69.9175 3.84549 3.4826 35.5681 1358.6
216.289 69.626 3.83633 3.52542 39.3332 1306.72
201.885 68.4946 3.80624 3.57129 42.8307 1639.63
203.387 68.7132 3.81867 3.56689 41.5231 1598.11
207.318 68.8799 3.85054 3.59062 24.0667 1477.79
209.319 68.9656 3.81589 3.45444 49.0902 1422.74
211.177 69.1532 3.81285 3.4529 47.5909 1384.71
213.625 69.322 3.82169 3.54992 39.8382 1336.52
219.035 69.243 3.84366 3.51572 37.6936 1219.36
221.263 69.3286 3.84214 3.48694 44.5913 1196.37
202.768 67.4572 3.74257 3.62417 24.2689 1554.92
203.811 68.2575 3.80304 3.55731 36.2308 1557.42
206.028 68.4414 3.83444 3.56195 43.405 1491.03
210.384 68.0584 3.83861 3.61905 50.1661 1322.67
211.513 68.0748 3.83938 3.5604 36.8609 1289.34
214.432 68.1207 3.81595 3.48608 38.4115 1210.93
218.405 68.1861 3.85445 3.5527 57.1992 1125.07
220.465 68.6043 3.84021 3.51291 37.2328 1131.34
222.103 68.3889 3.82188 3.54377 76.4776 1086.23
223.281 66.3701 3.84817 3.54818 48.2222 856.268
198.75 66.442 3.84068 3.59797 35.4974 1679.69
206.517 67.2221 3.75233 3.7113 33.0158 1400.33
207.821 67.5076 3.78649 3.62311 73.686 1370.26
212.113 67.5187 3.83799 3.66088 90.2143 1228.2
214.357 67.5933 3.83349 3.55191 39.3801 1167.92
215.855 67.6946 3.82805 3.43582 39.505 1136.72
220.128 67.6136 3.86481 3.54325 52.8664 1035.45
224.214 67.6106 3.83833 3.53547 70.2034 979.853
226.258 67.441 3.84266 3.54815 61.4249 948.146
195.961 64.9941 3.76131 3.43761 40.8198 1772.79
197.645 65.3936 3.77186 3.41716 28.8166 1701.87
201.346 65.895 3.82351 3.51734 26.5232 1550.06
202.913 66.1434 3.83392 3.54762 19.4083 1491.82
208.493 66.9214 3.75056 3.69531 35.81 1309.72
209.976 66.7108 3.75212 3.63234 44.8568 1242.67
212.525 66.7004 3.78992 3.67486 74.1163 1153.62
213.899 66.7653 3.82054 3.69868 51.4579 1114.14
221.978 66.9116 3.84538 3.5567 52.4633 932.238
223.778 66.9808 3.83126 3.54628 72.2456 915.736
225.729 66.9227 3.83233 3.59354 51.9219 893.192
197.761 64.6379 3.76326 3.40302 40.8357 1682.76
203.551 65.5276 3.79357 3.45346 31.3174 1441.1
205.119 65.4924 3.77515 3.47875 34.9275 1371.63
207.195 65.6571 3.83945 3.50876 34.0156 1291.05
208.623 65.8937 3.89631 3.54719 24.796 1245.15
210.457 65.8251 3.90269 3.52255 30.2945 1169.41
214.181 66.267 3.78156 3.63136 43.2567 1066.49
218.473 66.2305 3.88086 3.62592 60.2302 937.395
221.631 66.2191 3.83545 3.43824 42.6584 866.671
225.657 65.8052 3.80735 3.57262 49.8393 770.293
214.843 62.3987 3.80308 3.3495 94.0889 799.834
213.052 64.4091 3.8028 3.43661 24.2468 982.296
199.305 63.8864 3.78502 3.4527 39.509 1597.59
208.018 65.18 3.79938 3.36156 25.8806 1233.79
210.64 65.1479 3.82481 3.46155 45.2475 1122.97
216.846 65.3064 3.78386 3.66571 44.9661 904.478
218.385 65.6035 3.80642 3.71905 84.4317 883.215
220.064 65.4483 3.86556 3.6297 69.6292 824.554
221.694 65.3609 3.86821 3.49491 61.8081 778.851
223.623 65.2225 3.82027 3.39492 55.0343 729.788
196.446 62.7492 3.76473 3.44688 64.6034 1733.21
199.398 63.2842 3.78843 3.45896 53.574 1586.19
200.922 63.3965 3.77861 3.45966 38.2607 1511.48
203.285 63.465 3.77804 3.43899 51.3692 1395.89
204.379 63.994 3.78473 3.37682 30.5058 1354.98
205.853 64.1767 3.7769 3.31104 39.4254 1290.85
214.63 64.613 3.81577 3.50891 46.4587 932.009
216.436 64.5012 3.8207 3.57923 64.4399 856.563
221.784 64.453 3.78521 3.64256 88.5684 687.561
221.784 64.4525 3.81216 3.57712 50.1216 687.527
223.67 64.5753 3.85037 3.50742 65.8131 661.154
195.344 61.9331 3.77087 3.46082 73.2622 1793.5
198.469 62.2938 3.77032 3.40483 91.4832 1629.09
201.699 62.7161 3.76952 3.40611 48.4668 1464.76
205.93 63.3569 3.7865 3.38905 79.9047 1263.95
217.924 64.0292 3.7903 3.53978 54.3972 767.747
222.48 63.8433 3.8116 3.67605 63.9553 611.746
197.317 61.3416 3.77513 3.43411 72.9394 1694.05
198.513 61.678 3.77368 3.4105 89.6268 1628.23
200.525 61.7105 3.7672 3.41029 109.03 1521.69
201.703 62.1344 3.76638 3.36604 89.2345 1460.54
203.311 62.2195 3.7703 3.37158 99.507 1377.43
205.146 62.1816 3.76831 3.39841 132.967 1281.96
206.12 62.4787 3.77675 3.38122 77.8296 1236.14
216.652 63.0254 3.90313 3.48669 31.1785 749.809
218.173 63.0618 3.90182 3.49433 48.4674 688.826
221.871 63.109 3.81356 3.60377 101.945 559.912
193.799 60.3849 3.77356 3.49417 87.9952 1897.32
196.65 60.4135 3.77677 3.51145 84.9883 1741.69
198.04 60.7515 3.77373 3.49173 114.185 1661.34
201.041 61.0224 3.76597 3.47357 137.106 1496.51
202.562 61.4009 3.76678 3.41775 94.845 1413.6
204.176 61.4907 3.7643 3.42428 84.0725 1327.68
205.609 61.9037 3.75976 3.39209 140.615 1254.8
206.868 61.8823 3.76477 3.34837 149.665 1188.67
209.88 61.7531 3.76152 3.39971 140.408 1029.51
212.274 61.7929 3.76822 3.42898 119.853 906.556
213.825 62.1067 3.78214 3.35567 118.988 837.882
217.004 62.4013 3.84464 3.40507 63.5812 699.175
218.122 62.3579 3.90332 3.46541 57.1222 646.621
223.206 62.5763 3.77556 3.67866 54.5017 472.148
225.609 62.2024 3.82306 3.85003 168.053 379.47
198.315 59.9237 3.77883 3.52967 74.1226 1658.62
199.908 60.1686 3.7729 3.51858 123.854 1566.87
201.231 60.4742 3.77458 3.51304 118.031 1490.5
202.813 60.5269 3.77647 3.51215 83.4503 1403.36
204.11 60.6801 3.7765 3.51126 130.838 1331.52
205.516 60.8132 3.7698 3.48554 127.06 1254.54
207.791 61.2001 3.7648 3.42668 120.539 1132.85
215.402 61.6061 3.77494 3.39347 117.186 741.583
222.911 61.4593 4.06456 3.542 108.428 385.738
198.736 59.2533 3.79175 3.53514 106.129 1648.52
200.175 59.1767 3.80183 3.54143 77.4231 1569.54
201.907 59.5938 3.79505 3.53635 163.878 1464.7
202.905 59.7733 3.78959 3.56312 161.634 1406.26
204.792 59.8542 3.79291 3.55271 116.045 1300.05
205.68 60.1952 3.7884 3.53849 112.239 1247.74
207.376 60.0815 3.78958 3.53881 136.129 1154.28
210.276 60.4814 3.78483 3.51163 143.206 993.627
219.809 60.7718 3.81193 3.45472 100.786 487.142
221.424 60.3024 3.79176 3.52527 169.353 385.757
190.452 56.6011 3.82177 3.59684 39.8264 2204.05
203.561 59.1953 3.81071 3.55981 128.956 1378.72
204.771 59.3922 3.80525 3.55587 147.467 1307.25
206.768 59.6524 3.80391 3.55688 137.335 1191.62
212.597 59.9979 3.78703 3.58162 175.291 863.529
212.566 65.1171 3.84264 3.50789 37.5033 1044.36
203.344 58.6774 3.81892 3.56289 184.839 1401.51
204.113 58.2637 3.8253 3.56569 135.42 1367.68
204.991 58.6484 3.81706 3.55538 142.825 1308.49
206.355 58.9287 3.81379 3.57302 157.642 1225.3
207.606 58.6097 3.828 3.59814 194.13 1160.16
213.66 59.4296 3.79167 3.57522 201.879 804.338
202.426 57.5673 3.8371 3.57539 129.003 1484.39
203.613 57.6397 3.84295 3.59267 118.657 1414.04
205.548 57.5665 3.86177 3.64997 94.1016 1305.2
197.939 55.703 3.83295 3.64691 69.2334 1814.6
200.447 56.2848 3.84932 3.63704 52.7485 1645.25
212.138 64.8735 3.84249 3.4364 41.8595 1046.61
210.428 68.6408 3.83653 3.57738 33.216 1365.31
228.385 55.3279 3.75138 3.62265 95.2098 406.418
209.931 62.7622 4.11751 4.43056 97.2725 1051.57
211.063 63.7323 3.77398 3.33257 18.2236 1033.97
211.14 63.4057 3.80344 3.29273 41.6448 1016.56
218.547 60.1369 3.45265 2.64479 97.9543 535.231
217.908 60.4896 3.76541 3.56885 134.666 577.672
217.507 60.403 3.76136 3.64317 94.003 597.292
218.338 61.0595 3.78098 3.38346 89.4271 573.139
216.296 60.3923 3.76931 3.61265 147.122 662.811
216.716 60.1205 3.75988 3.57058 105.838 635.612
215.271 60.5805 3.7785 3.5662 98.0129 721.768
216.679 60.2805 3.76 3.6216 126.863 640.028
218.244 60.7315 3.78254 3.48029 95.5388 566.633
217.659 60.602 3.77199 3.57398 111.669 593.865
216.749 60.4427 3.76536 3.59073 132.042 639.14
217.639 60.9231 3.77404 3.43762 157.484 604.249
218.995 60.8241 3.78995 3.45438 127.046 530.782
216.976 61.3836 3.77638 3.42024 180.09 654.218
218.049 60.1785 3.75097 3.57507 154.262 563.244
216.031 60.2361 3.76559 3.62362 164.656 674.92
217.533 61.187 3.77504 3.43103 127.49 618.775
218.652 60.2994 3.76624 3.54051 92.6513 533.037
219.217 60.1294 3.75756 3.52792 143.99 498.487
216.221 60.072 3.76276 3.59263 151.623 662.382
218.856 60.4399 3.77798 3.58315 174.24 525.722
216.546 61.2275 3.76403 3.41511 131.346 670.624
