# evlo=206.355392 evla=58.928699
225.449 60.24 3.79581 3.44852 113.582 1084.7
194.627 64.5646 3.77753 3.51643 81.0338 879.703
217.908 60.4896 3.80181 3.44608 178.842 672.178
217.654 61.036 3.83912 3.38655 133.487 672.01
217.507 60.403 3.79946 3.44212 109.216 648.745
218.338 61.0595 3.81082 3.35008 154.385 708.399
220.363 59.9534 3.79493 3.4779 167.843 801.378
216.3 60.3932 3.81226 3.44254 156.83 583.17
225.144 58.5792 3.83043 3.6075 153.67 1084.7
216.716 60.1205 3.80102 3.44128 155.938 600.555
215.395 60.9677 3.8294 3.3827 127.774 553.317
209.013 64.0997 3.7751 3.36882 112.89 593.218
210.701 64.1732 3.75186 3.35064 80.6143 628.098
207.916 63.4188 3.7747 3.37378 142.235 507.296
212.195 64.6453 3.7624 3.37388 100.024 706.978
200.411 54.831 3.81693 3.44576 96.3738 582.282
207.685 63.8827 3.79566 3.40652 126.568 556.569
209.796 67.2269 3.78637 3.41983 73.2215 940.776
216.907 60.7523 3.81411 3.4352 101.434 624.72
218.66 60.9649 3.81311 3.37252 175.241 722.861
209.738 62.4058 3.76213 3.20279 205.584 429.157
217.513 60.0823 3.79458 3.4632 251.109 643.96
212.624 63.0753 3.76152 3.24341 139.363 572.62
214.225 61.1292 3.8167 3.29925 124.328 502.134
215.93 63.6482 3.75885 3.29145 135.229 733.498
214.25 60.5487 3.83205 3.39948 142.572 478.892
196.582 54.8564 3.81503 3.48625 58.9322 747.41
213.401 60.7277 3.85295 3.38908 178.897 442.807
214.766 66.5657 3.78599 3.38244 64.7525 951.671
188.296 63.7758 3.78861 3.589 43.0665 1101.53
203.121 64.7461 3.77356 3.57632 82.806 670.104
211.074 61.771 3.7353 3.4713 142.26 409.859
216.188 61.4417 3.7964 3.281 129.414 612.38
212.904 60.8792 3.83067 3.33153 165.17 425.78
215.271 60.5805 3.82331 3.43281 165.375 533.363
216.679 60.2805 3.8014 3.44784 180.929 601.361
218.244 60.7315 3.81252 3.3984 159.734 695.27
213.052 64.4091 3.76806 3.33144 76.0806 705.406
213.497 60.396 3.842 3.45605 191.591 434.174
215.738 60.3351 3.82083 3.44959 127.981 551.493
217.659 60.6024 3.80869 3.43364 189.625 661.071
225.615 58.2758 3.83889 3.64183 137.955 1118.17
215.581 59.9268 3.80667 3.45437 183.629 534.867
216.749 60.4427 3.8028 3.43692 171.928 608.533
217.639 60.9231 3.82455 3.3915 162.256 668.016
214.077 61.4924 3.76615 3.22764 159.292 514.173
211.542 61.4131 3.73819 3.31079 211.473 399.156
197.4 66.8951 3.77926 3.60598 25.2814 995.535
209.077 63.5527 3.75462 3.27025 112.887 535.464
217.277 60.2474 3.76058 3.48783 53.8787 633.408
218.995 60.824 3.81554 3.41322 121.525 737.414
216.976 61.3836 3.812 3.29886 140.136 649.174
211.063 63.7318 3.76603 3.32587 126.138 591.238
211.768 64.9602 3.7791 3.39322 99.125 729.137
218.049 60.1785 3.79125 3.47438 226.472 674.841
209.256 65.0304 3.78377 3.39144 92.2865 696.615
210.931 64.5928 3.77176 3.37115 144.124 675.455
216.031 60.2361 3.81346 3.44514 151.101 565.17
191.145 52.9721 3.79916 3.49831 131.168 1154.55
214.53 62.9699 3.75806 3.3049 228.189 630.801
219.747 60.0959 3.79975 3.46224 163.475 767.93
220.599 59.667 3.78665 3.47174 120.977 814.117
214.475 65.5174 3.77112 3.36888 93.5448 845.593
207.811 62.8962 3.7472 3.33598 142.402 449.053
217.533 61.1871 3.82617 3.33024 150.677 670.467
218.652 60.2994 3.79142 3.49127 163.976 709.611
211.14 63.4056 3.76469 3.3166 113.293 561.056
216.221 60.072 3.80673 3.4371 208.197 572.525
218.856 60.4399 3.80696 3.46015 214.046 722.792
216.546 61.2275 3.82553 3.37685 174.382 621.544
212.138 64.8736 3.77303 3.37845 96.4803 728.238
203.383 71.3221 3.79849 3.41639 52.2876 1388.38
205.026 71.0033 3.77388 3.4144 54.5549 1347.57
234.753 71.9871 3.83627 3.46886 71.1885 1926.07
202.84 70.0079 3.77638 3.47585 81.2283 1246.15
205.387 69.6211 3.78086 3.36149 37.8732 1192.87
206.58 70.34 3.76666 3.34132 30.15 1272.23
198.806 68.6483 3.86348 3.58659 46.1958 1143.6
200.413 69.1049 3.83228 3.52544 40.6008 1169.71
205.217 69.1565 3.77146 3.35255 45.2024 1141.46
211.299 69.72 3.80045 3.43049 54.5624 1225.57
215.088 69.9175 3.78802 3.42642 61.4315 1292.24
216.289 69.626 3.78746 3.38346 70.8727 1282.13
196.917 67.6988 3.81101 3.39873 38.7669 1083.26
201.885 68.4946 3.80342 3.47899 53.7468 1088.28
203.387 68.7132 3.76655 3.47871 58.583 1100.14
207.318 68.8799 3.80431 3.45245 46.3609 1110.27
209.319 68.9656 3.79017 3.45436 56.9237 1127.93
211.177 69.1532 3.78871 3.43957 67.4154 1163
213.625 69.322 3.79316 3.43548 91.109 1209.51
219.035 69.243 3.78559 3.38577 51.7274 1299.69
203.811 68.2575 3.77943 3.40552 60.6946 1047.29
206.028 68.4414 3.77533 3.41068 52.9529 1060.51
208.187 68.1343 3.81297 3.52073 65.0509 1030.06
210.384 68.0584 3.78652 3.4389 77.0842 1036.72
211.513 68.0748 3.78736 3.45349 113.833 1050.47
214.432 68.1207 3.79052 3.44123 79.7966 1098.46
218.405 68.1861 3.77928 3.41792 59.9618 1188.37
220.465 68.6043 3.78569 3.4512 52.4325 1276.95
222.103 68.3889 3.79657 3.41989 79.4593 1303.46
223.281 66.3701 3.81101 3.42322 89.3404 1193.3
193.671 65.4742 3.78015 3.53472 59.8691 980.345
200.349 66.6001 3.85433 3.64344 66.0897 907.424
204.275 67.0486 3.75093 3.39881 47.9772 911.042
206.517 67.2221 3.80204 3.57409 84.573 924.432
207.821 67.5076 3.81501 3.49981 82.1848 959.006
212.113 67.5187 3.78895 3.4569 105.587 999.255
214.357 67.5933 3.78317 3.43559 85.1245 1044.07
215.855 67.6946 3.78418 3.39957 76.292 1084.14
220.128 67.6136 3.79121 3.44354 91.2659 1183.91
224.214 67.6106 3.80914 3.40522 56.9911 1309.76
197.645 65.3936 3.80311 3.41719 37.7284 849.901
206.494 66.5156 3.7995 3.44044 44.7194 845.637
208.493 66.9214 3.79938 3.50516 75.7021 897.321
209.976 66.7108 3.77444 3.44482 99.0214 886.431
212.525 66.7004 3.78374 3.45529 86.2112 920.512
213.899 66.7653 3.78364 3.3754 67.1339 952.645
216.215 66.9498 3.78062 3.38813 68.334 1021.93
218.345 66.8088 3.76926 3.37127 66.9992 1065.59
225.729 66.9227 3.82991 3.44633 73.6742 1317.47
203.551 65.5276 3.78613 3.50522 70.7765 749.576
205.119 65.4924 3.78146 3.42309 57.6034 734.3
207.195 65.6571 3.80533 3.55962 106.836 751.125
208.623 65.8937 3.7937 3.47841 92.6405 784.927
210.457 65.8251 3.7746 3.41066 94.1459 796.96
212.122 65.8371 3.7831 3.39725 93.3414 824.915
214.18 66.267 3.76235 3.39483 43.9905 909.734
214.181 66.267 3.78686 3.29253 64.0096 909.756
218.473 66.2305 3.77979 3.43368 83.0299 1021.15
221.631 66.2191 3.80292 3.43853 97.3412 1124.27
225.657 65.8052 3.79502 3.3747 63.047 1250.64
214.843 62.3987 3.74612 3.36779 217.078 603.232
213.052 64.4091 3.76806 3.33144 76.0806 705.406
199.305 63.8864 3.77175 3.46468 61.6067 667.764
205.522 64.7962 3.79064 3.40241 39.4551 655.347
208.018 65.18 3.79717 3.48288 102.035 702.024
210.64 65.1479 3.78343 3.36702 142.321 728.057
216.846 65.3064 3.78252 3.4017 128.804 894.843
218.385 65.6035 3.78521 3.40066 101.361 968.205
220.064 65.4483 3.79507 3.37668 86.2147 1014.5
221.694 65.3609 3.79774 3.39634 138.22 1069.03
223.623 65.2225 3.78793 3.35282 103.122 1136.78
196.446 62.7492 3.77821 3.49802 54.0432 685.51
199.398 63.2842 3.77268 3.51232 73.8714 612.741
203.285 63.465 3.82386 3.48376 71.365 531.624
204.379 63.994 3.80549 3.49803 81.2281 574.145
205.853 64.1767 3.80837 3.45796 84.3492 585.43
214.63 64.613 3.77467 3.34655 94.6281 768.158
216.436 64.5012 3.77088 3.4208 114.76 816.568
221.784 64.453 3.75213 3.31257 88.0113 1018.28
221.784 64.4525 3.75048 3.3233 66.9958 1018.23
223.67 64.5753 3.762 3.34908 112.199 1104.46
195.344 61.9331 3.76829 3.43928 52.5064 691.414
198.469 62.2938 3.80056 3.50635 59.1053 571.266
201.699 62.7161 3.8465 3.5381 62.9363 491.954
205.93 63.3569 3.8134 3.49171 115.471 493.968
214.222 63.8036 3.77463 3.33294 130.635 686.08
217.924 64.0292 3.75956 3.32369 137.356 836.27
222.48 63.8433 3.76046 3.40087 120.083 1016.81
197.317 61.3416 3.75876 3.40317 61.1231 569.021
198.513 61.678 3.76285 3.45451 73.905 530.32
200.525 61.7105 3.76575 3.61909 84.574 446.749
201.703 62.1344 3.82771 3.37262 69.7187 438.889
203.311 62.2195 3.84658 3.50388 111.051 402.761
206.12 62.4787 3.79588 3.50855 93.0506 395.763
216.652 63.0254 3.74983 3.34248 162.13 719.143
218.173 63.0618 3.74292 3.35381 180.349 786.151
221.871 63.109 3.74316 3.44147 97.6872 956.174
193.799 60.3849 3.83186 3.55285 109.075 725.037
196.65 60.4135 3.84957 3.56078 82.4222 570.786
198.04 60.7515 3.83513 3.39767 65.0182 508.085
199.312 60.6947 3.80536 3.31617 89.9132 441.229
212.274 61.7929 3.72704 3.40674 205.486 456.33
213.825 62.1067 3.74726 3.34889 170.002 541.369
217.004 62.4013 3.71643 3.32557 148.026 697.748
218.122 62.3579 3.73276 3.32189 121.528 747.03
221.538 62.4435 3.72919 3.35451 111.256 914.454
223.206 62.5763 3.73667 3.37886 90.5807 1000.92
225.609 62.2024 3.76057 3.36834 100.319 1112.22
198.315 59.9237 3.82386 3.59768 150.151 469.355
199.908 60.1686 3.83229 3.60316 139.399 389.746
215.402 61.6061 3.76877 3.24641 158.335 582.099
222.911 61.4593 3.79319 3.35826 102.498 957.694
224.22 61.4862 3.79591 3.34697 123.808 1027.08
226.918 61.1512 3.804 3.38013 86.5053 1167.24
198.736 59.2533 3.79348 3.5457 186.217 438.012
219.809 60.7718 3.80496 3.42756 136.431 780.018
221.424 60.3024 3.79607 3.44785 193.227 862.258
223.909 60.7704 3.7947 3.40224 183.172 1001.89
190.452 56.6011 3.80808 3.56029 69.8871 978.81
222.262 59.6304 3.79586 3.48329 139.455 907.972
226.285 59.5898 3.79944 3.49039 193.667 1134.94
212.566 65.1171 3.77722 3.39886 110.139 761.659
213.66 59.4296 3.78369 3.45594 270.072 421.149
227.731 58.9601 3.81379 3.57302 157.642 1225.3
224.26 58.4133 3.84307 3.64631 110.845 1037.35
225.482 58.2747 3.83598 3.6374 88.643 1110.54
229.033 59.3946 3.80425 3.51411 160.3 1292.02
197.939 55.703 3.783 3.49617 140.649 620.765
200.447 56.2848 3.75926 3.40311 114.644 459.561
223.768 57.9616 3.85853 3.70173 170.211 1019.6
225.424 57.4688 3.87218 3.73745 118.128 1129.07
228.869 57.9128 3.82802 3.65356 157.359 1314.2
227.048 56.8144 3.88095 3.77018 64.8947 1245.04
229.75 56.9811 3.83752 3.69129 137.273 1394.61
212.138 64.8735 3.75804 3.37909 78.6411 728.224
210.428 68.6408 3.79654 3.46454 75.5479 1100.5
226.879 56.1146 3.89482 3.84364 111.777 1263.52
229.974 55.9154 3.8786 3.80677 79.5618 1449.93
228.385 55.3279 3.89674 3.84607 153.161 1385.84
227.653 56.4191 3.87752 3.80677 135.019 1295.25
209.931 62.7622 4.08126 3.59482 179.433 469.138
211.063 63.7323 3.76641 3.32621 126.138 591.298
211.14 63.4057 3.76473 3.31664 113.293 561.063
218.547 60.1369 3.99799 4.53403 164.633 701.798
217.908 60.4896 3.80181 3.44608 178.842 672.178
217.507 60.403 3.79946 3.44212 109.216 648.745
218.338 61.0595 3.81085 3.35011 154.385 708.405
216.296 60.3923 3.81092 3.44133 156.83 582.966
216.716 60.1205 3.80102 3.44128 155.938 600.555
215.271 60.5805 3.82331 3.43281 165.375 533.363
216.679 60.2805 3.8014 3.44784 180.929 601.361
218.244 60.7315 3.81252 3.3984 159.734 695.27
217.659 60.602 3.80849 3.43345 189.625 661.036
216.749 60.4427 3.8028 3.43692 171.928 608.533
217.639 60.9231 3.82449 3.39145 162.256 668.006
217.277 60.2474 3.76058 3.48783 53.8787 633.408
218.995 60.8241 3.81555 3.41323 121.525 737.417
216.976 61.3836 3.812 3.29886 140.136 649.174
218.049 60.1785 3.79125 3.47438 226.472 674.841
216.031 60.2361 3.81346 3.44514 151.101 565.17
217.533 61.187 3.82621 3.33028 150.677 670.474
218.652 60.2994 3.79142 3.49127 163.976 709.611
216.221 60.072 3.80673 3.4371 208.197 572.525
218.856 60.4399 3.80696 3.46015 214.046 722.792
216.546 61.2275 3.82553 3.37685 174.382 621.544
