# evlo=228.384995 evla=55.3279
225.449 60.24 3.77808 3.82209 20.1089 574.137
194.627 64.5646 3.81691 3.5725 42.898 2113.25
217.908 60.4896 3.86216 3.76977 36.1686 844.519
217.654 61.036 3.83312 3.7884 28.6588 893.9
217.507 60.403 3.85556 3.6606 26.947 856.232
218.338 61.0595 3.77867 3.62291 47.2094 868.045
216.3 60.3932 3.85746 3.61096 56.422 910.33
225.144 58.5792 3.79744 3.88407 34.3551 412.171
215.395 60.9677 3.85904 3.58692 46.876 986.821
209.013 64.0997 3.80527 3.52041 51.83 1453.47
210.701 64.1732 3.80242 3.50594 50.2704 1390.82
208.846 60.7683 3.86288 3.59479 57.6948 1296.35
207.916 63.4188 3.78457 3.56694 68.3817 1461
204.378 55.8218 3.92951 3.85808 72.1489 1507.7
200.411 54.831 3.92574 3.86225 95.0047 1775.49
207.685 63.8827 3.79624 3.53323 67.7142 1496.24
208.763 59.5251 3.89952 3.87684 77.0758 1262.25
209.796 67.2269 3.80398 3.64498 46.6261 1645.04
216.907 60.7523 3.83701 3.66917 46.5658 905.825
218.66 60.9649 3.78721 3.68916 43.162 848.124
209.738 62.4058 3.8107 3.6001 35.0989 1325.95
217.513 60.0823 3.85152 3.62615 56.7464 835.202
212.624 63.0753 3.77719 3.52755 68.1683 1241.14
214.225 61.1292 3.84648 3.64002 61.8228 1049.73
215.93 63.6482 3.82045 3.59189 30.9335 1160.71
196.582 54.8564 3.90745 3.79483 49.5305 2013.49
188.296 63.7758 3.82351 3.62 50.7047 2404.42
211.074 61.771 3.85249 3.66618 28.8509 1231.14
216.188 61.4417 3.77212 3.55919 29.9984 983.423
216.679 60.2805 3.84948 3.62555 74.5853 885.919
218.244 60.7315 3.8303 3.67668 37.3046 847.473
213.052 64.4091 3.79928 3.54763 36.5575 1320.17
208.348 59.6572 3.90716 3.8629 69.5555 1288.38
217.659 60.6024 3.83762 3.76189 25.694 863.034
216.749 60.4427 3.84936 3.61092 64.4485 892.796
217.639 60.9231 3.8282 3.76536 54.0973 886.37
214.077 61.4924 3.84256 3.68652 46.0227 1078.1
209.077 63.5527 3.78514 3.48239 63.3183 1418.3
218.995 60.824 3.80027 3.77009 44.6396 824.116
216.976 61.3836 3.77463 3.57806 36.6775 946.751
211.063 63.7318 3.79722 3.48574 101.071 1347.35
218.049 60.1785 3.86814 3.57833 52.1448 817.223
209.256 65.0304 3.7877 3.51326 50.8203 1503.49
210.931 64.5928 3.79022 3.54256 37.4654 1410.73
216.031 60.2361 3.83947 3.60276 57.0498 913.608
191.145 52.9721 3.92008 3.83257 69.0851 2417.91
214.53 62.9699 3.78827 3.50537 64.7218 1158.59
219.747 60.0959 3.86098 4.05904 53.9261 738.512
220.599 59.667 3.86876 3.61193 47.1638 671.095
214.475 65.5174 3.79204 3.58937 53.1976 1363.03
207.811 62.8962 3.79464 3.58095 40.4984 1438.81
217.533 61.1871 3.7985 3.68282 33.452 909.833
197.092 68.0541 3.77728 3.46977 23.5267 2138.93
215.154 63.7399 3.82175 3.56849 39.0246 1194.61
218.652 60.2994 3.86827 3.60564 53.8969 799.3
211.14 63.4056 3.78749 3.50731 70.2387 1323.17
219.217 60.1294 3.87159 3.87327 65.3892 763.13
211.668 61.807 3.84081 3.65722 51.9854 1205.49
212.671 61.832 3.83812 3.73744 47.2406 1161.29
216.01 63.9761 3.79005 3.61457 34.0795 1185.21
205.816 56.5593 3.92098 3.85013 188.761 1410.4
208.468 61.98 3.85772 3.59242 51.1407 1364.68
189.752 57.1766 3.85887 3.69974 81.2105 2371.15
217.161 60.1791 3.87508 3.6162 69.428 857.423
218.856 60.4399 3.86273 3.94734 36.2162 800.866
217.171 60.7541 3.83825 3.6733 52.6985 894.493
209.711 63.4502 3.78167 3.52548 55.8928 1385.43
193.495 53.8452 3.90694 3.80474 89.0089 2237.92
216.546 61.2275 3.81897 3.68131 29.3548 953.597
207.417 57.7828 3.89585 3.85699 158.503 1312.44
205.026 71.0033 3.79766 3.53003 32.8011 2076.75
198.198 69.3641 3.78548 3.47958 31.0527 2168.73
202.84 70.0079 3.81271 3.55517 23.0785 2062.55
205.387 69.6211 3.82858 3.57494 24.3227 1960.16
206.58 70.34 3.81667 3.52044 27.6388 1983.68
196.822 68.4753 3.79156 3.51098 24.9745 2169.69
198.806 68.6483 3.79234 3.47869 27.4193 2107.48
200.413 69.1049 3.79101 3.51719 38.7999 2079.11
205.217 69.1565 3.81132 3.59514 32.2975 1930.54
209.387 69.836 3.8049 3.52344 35.1599 1870.59
211.299 69.72 3.80465 3.57102 44.1174 1814.71
215.088 69.9175 3.8181 3.52681 46.0903 1754.25
216.289 69.626 3.82113 3.55682 48.763 1703.82
201.885 68.4946 3.78506 3.53975 33.8578 1991.87
207.318 68.8799 3.80938 3.55732 40.7599 1847.87
209.319 68.9656 3.81061 3.55802 34.9569 1799.01
211.177 69.1532 3.79303 3.56522 24.9943 1767.36
219.035 69.243 3.83429 3.5628 38.8644 1620.59
221.263 69.3286 3.83132 3.52252 51.4991 1600.84
202.768 67.4572 3.77494 3.51995 36.0629 1897.24
208.187 68.1343 3.80169 3.59766 32.6395 1764.52
210.384 68.0584 3.81318 3.58261 42.206 1694.73
211.513 68.0748 3.80257 3.54297 45.493 1665.2
214.432 68.1207 3.79986 3.65529 42.402 1596.48
218.405 68.1861 3.82757 3.58599 37.3985 1522.22
220.465 68.6043 3.82248 3.55284 45.1174 1533.78
222.103 68.3889 3.81434 3.55973 43.2038 1490.76
223.281 66.3701 3.81135 3.59688 48.5727 1260.25
195.352 65.7077 3.78331 3.57674 43.4016 2113.76
198.75 66.442 3.79516 3.57426 41.652 1998.35
200.349 66.6001 3.80442 3.55208 32.7129 1941.54
204.275 67.0486 3.77572 3.49895 27.6644 1817.87
206.517 67.2221 3.77907 3.55215 54.7284 1750.87
207.821 67.5076 3.78844 3.63452 39.8712 1728.41
212.113 67.5187 3.80881 3.56549 47.2993 1601.41
214.357 67.5933 3.80742 3.5778 49.1493 1549.71
220.128 67.6136 3.8268 3.57611 43.4285 1435.08
224.214 67.6106 3.82685 3.54582 37.1882 1385.89
195.961 64.9941 3.80244 3.46806 38.071 2063.82
197.645 65.3936 3.78645 3.5102 57.6214 2002.16
199.349 65.5011 3.7814 3.55995 36.2117 1932.44
201.346 65.895 3.79232 3.60106 42.6459 1866.47
202.913 66.1434 3.81548 3.55018 42.3736 1816.32
206.494 66.5156 3.78516 3.46873 39.7505 1703.8
208.493 66.9214 3.7787 3.60621 57.892 1663.4
209.976 66.7108 3.78354 3.6219 56.6478 1599.39
212.525 66.7004 3.80622 3.69359 60.2606 1520.52
216.215 66.9498 3.80207 3.59312 48.6558 1445.54
221.978 66.9116 3.8143 3.62046 43.5418 1334.48
223.778 66.9808 3.83089 3.60113 48.4368 1321.07
201.637 65.1527 3.79139 3.50013 37.9945 1819.13
203.551 65.5276 3.79791 3.5577 45.7352 1757.71
205.119 65.4924 3.7946 3.55609 52.116 1692.66
207.195 65.6571 3.80254 3.5657 47.0556 1622.19
208.623 65.8937 3.78675 3.44847 34.7102 1585.53
212.122 65.8371 3.78035 3.52607 56.4456 1462.37
214.181 66.267 3.80769 3.69565 38.3539 1436.04
221.631 66.2191 3.79604 3.58812 48.6554 1266.36
214.843 62.3987 3.76993 3.52176 80.6271 1105.32
213.052 64.4091 3.79928 3.54763 36.5575 1320.17
199.305 63.8864 3.80382 3.6129 59.0223 1874.41
205.522 64.7962 3.82201 3.48878 35.083 1637.43
208.018 65.18 3.79475 3.53926 42.5504 1560.38
210.64 65.1479 3.78462 3.50204 35.6586 1460.68
216.846 65.3064 3.79398 3.65657 61.1013 1277.15
220.064 65.4483 3.82291 3.52763 57.1336 1214.93
221.694 65.3609 3.81122 3.47643 32.7042 1175.75
223.623 65.2225 3.79249 3.55996 55.8118 1132.67
196.446 62.7492 3.83861 3.62581 48.5932 1984.5
199.398 63.2842 3.81729 3.65184 27.2448 1851.43
200.922 63.3965 3.81634 3.62249 33.0291 1781.68
203.285 63.465 3.78692 3.57599 49.2158 1672.91
214.63 64.613 3.78243 3.55717 49.701 1282.66
216.436 64.5012 3.78325 3.56137 72.7906 1216.79
221.784 64.453 3.79241 3.59494 23.2299 1080.32
221.784 64.4525 3.81428 3.58136 31.0221 1080.28
223.67 64.5753 3.79787 3.59636 75.4169 1062.7
201.699 62.7161 3.84586 3.55395 39.533 1722.07
205.93 63.3569 3.78917 3.62329 51.5821 1546.56
214.222 63.8036 3.81254 3.52511 33.5833 1232.41
217.924 64.0292 3.76501 3.60377 60.0032 1131.28
222.48 63.8433 3.81579 3.59417 60.9542 1004.58
201.703 62.1344 3.85157 3.58195 58.4818 1704.81
206.12 62.4787 3.83868 3.61396 48.064 1498.79
216.652 63.0254 3.82069 3.5529 40.4436 1085.27
218.173 63.0618 3.8026 3.62566 50.875 1037.95
221.871 63.109 3.79111 3.61682 62.85 942.133
193.799 60.3849 3.83819 3.69773 47.0985 2101.98
201.041 61.0224 3.80318 3.31851 21.7092 1713.82
209.88 61.7531 3.84564 3.63714 64.2121 1286.64
212.274 61.7929 3.84023 3.68734 51.2959 1177.01
213.825 62.1067 3.77105 3.53258 47.4732 1127.65
217.004 62.4013 3.80529 3.56892 80.3201 1022.74
218.122 62.3579 3.80492 3.64212 69.4859 979.588
221.538 62.4435 3.77557 3.5652 47.4277 884.408
223.206 62.5763 3.78713 3.6633 72.5239 860.014
225.609 62.2024 3.79825 3.65802 53.697 782.232
198.315 59.9237 3.86936 3.77661 55.3305 1850
199.908 60.1686 3.87141 3.77764 49.5977 1763.32
215.402 61.6061 3.77571 3.58925 36.5076 1027.72
222.911 61.4593 3.80723 3.52817 67.2592 753.62
224.22 61.4862 3.79 3.65365 82.2448 727.5
226.918 61.1512 3.79 3.62954 55.4474 654.261
198.736 59.2533 3.87189 3.76324 86.725 1823.83
200.175 59.1767 3.87963 3.76039 82.4403 1741.44
201.907 59.5938 3.87572 3.77846 114.267 1646.08
202.905 59.7733 3.88209 3.78489 111.824 1592.22
204.792 59.8542 3.88991 3.82634 86.0815 1488.7
205.68 60.1952 3.88269 3.76873 52.8433 1447.08
219.809 60.7718 3.77959 3.73269 68.2581 788.699
221.424 60.3024 3.78039 3.71607 45.7856 690.676
223.909 60.7704 3.83418 3.66622 77.8187 660.92
190.452 56.6011 3.86657 3.7092 58.7686 2342.86
202.009 59.0314 3.87715 3.77942 147.297 1635.75
203.561 59.1953 3.88543 3.80508 80.9275 1548.46
204.771 59.3922 3.89077 3.8347 91.0579 1482.35
206.768 59.6524 3.90517 3.89186 132.937 1375.4
222.262 59.6304 3.84798 3.713 27.666 603.238
223.04 60.1218 3.79872 3.72507 73.4132 621.229
226.285 59.5898 3.82105 3.61517 97.4056 491.022
227.183 60.2114 3.76963 3.67476 81.1829 548.554
203.344 58.6774 3.87807 3.79231 185.743 1556.7
204.113 58.2637 3.88596 3.77939 160.113 1509.83
204.991 58.6484 3.88597 3.82723 106.192 1461.11
206.355 58.9287 3.89674 3.84607 153.161 1385.84
207.606 58.6097 3.89463 3.87467 160.486 1309.6
227.731 58.9601 3.75138 3.62265 95.2098 406.418
202.426 57.5673 3.88511 3.75074 171.25 1609.97
203.613 57.6397 3.8948 3.77194 120.58 1538.82
205.548 57.5665 3.90066 3.83222 118.628 1423.19
224.26 58.4133 3.891 3.61388 41.2586 425.653
229.033 59.3946 3.76721 3.47041 74.8752 454.561
197.939 55.703 3.89645 3.73715 104.651 1908.26
200.447 56.2848 3.90663 3.77677 93.0285 1743.02
223.768 57.9616 3.90636 3.54476 118.45 407.551
210.428 68.6408 3.81194 3.55648 35.8266 1742.26
211.063 63.7323 3.79725 3.48577 101.071 1347.36
211.14 63.4057 3.78749 3.50731 70.2387 1323.17
217.908 60.4896 3.86216 3.76977 36.1686 844.519
217.507 60.403 3.85556 3.6606 26.947 856.232
218.338 61.0595 3.77865 3.62289 47.2094 868.041
216.296 60.3923 3.8579 3.61137 56.422 910.433
216.679 60.2805 3.84948 3.62555 74.5853 885.919
218.244 60.7315 3.8303 3.67668 37.3046 847.473
217.659 60.602 3.83759 3.76186 25.694 863.028
216.749 60.4427 3.84936 3.61092 64.4485 892.796
217.639 60.9231 3.82824 3.76539 54.0973 886.379
218.995 60.8241 3.80031 3.77013 44.6396 824.123
216.976 61.3836 3.77463 3.57806 36.6775 946.751
218.049 60.1785 3.86814 3.57833 52.1448 817.223
216.031 60.2361 3.83947 3.60276 57.0498 913.608
217.533 61.187 3.79843 3.68276 33.452 909.818
218.652 60.2994 3.86827 3.60564 53.8969 799.3
219.217 60.1294 3.87159 3.87327 65.3892 763.13
218.856 60.4399 3.86273 3.94734 36.2162 800.866
216.546 61.2275 3.81897 3.68131 29.3548 953.597
