# evlo=218.594101 evla=60.155602
210.406 60.5508 3.75083 3.46063 30.4531 453.864
210.59 60.0084 3.6834 3.44104 36.1258 445.524
210.402 60.8738 3.75409 3.48286 27.1912 456.728
210.519 60.6717 3.75384 3.51078 30.3955 448.363
209.518 60.7352 3.69123 3.6643 24.5197 503.382
208.723 60.6622 3.76553 3.64667 24.0498 546.392
209.968 60.4881 3.74856 3.3675 19.242 477.723
208.919 60.4641 3.75555 3.52675 24.3947 535.46
210.813 60.8045 3.75047 3.55826 32.9086 433.687
209.518 60.7351 3.69107 3.66414 24.5197 503.36
