# evlo=237.422997 evla=57.0779
216.3 60.3932 3.77612 3.51734 41.4393 1271.54
216.679 60.2805 3.76229 3.54058 35.5154 1249.13
216.749 60.4427 3.76008 3.57374 40.1309 1247.78
216.031 60.2361 3.76725 3.51161 32.8476 1284.15
233.05 59.6548 3.92663 3.59677 21.8576 384.41
232.224 60.0057 3.94663 3.69411 43.4076 444.739
231.195 60.1197 3.9234 3.62719 41.7545 495.513
230.28 60.1576 3.87602 3.59374 38.1899 537.993
229.393 60.087 3.83946 3.8017 30.0842 574.294
228.256 59.933 3.80052 3.61782 70.0112 621.113
226.693 60.4834 3.83774 3.52646 41.0307 726.082
225.753 60.434 3.81953 3.64786 57.471 770.525
209.736 66.2066 3.86367 3.55647 15.7783 1762.25
211.301 69.7162 3.84976 3.53387 18.997 1891.19
211.489 65.5114 3.85713 3.53301 15.6118 1659.03
210.41 68.6274 3.86187 3.48787 16.6109 1855.53
216.296 60.3923 3.77664 3.51782 41.4393 1271.71
216.679 60.2805 3.76229 3.54058 35.5154 1249.13
216.749 60.4427 3.76008 3.57374 40.1309 1247.78
216.031 60.2361 3.76725 3.51161 32.8476 1284.15
