# evlo=210.440201 evla=64.870003
194.627 64.5646 3.78506 3.70448 228.092 752.68
217.908 60.4896 3.76051 3.39944 76.2758 619.428
217.654 61.036 3.72925 3.49586 103.545 562.048
217.507 60.403 3.77282 3.29186 51.8412 615.113
218.338 61.0595 3.72976 3.59044 104.979 583.084
220.363 59.9534 3.76092 3.41406 51.2917 748.927
216.3 60.3932 3.75195 3.46774 82.1854 582.006
225.144 58.5792 3.78724 3.70557 44.5343 1042.29
216.716 60.1205 3.74797 3.46993 82.2468 619.714
215.395 60.9677 3.72133 3.28356 82.4852 502.226
209.094 59.7511 3.7932 3.32953 122.312 574.727
209.259 59.7417 3.78702 3.36408 137.459 574.801
208.846 60.7683 3.79624 3.40223 88.3748 464.3
204.378 55.8218 3.79566 3.31519 60.0897 1061.09
200.411 54.831 3.79893 3.59077 91.6116 1248.32
208.763 59.5251 3.79324 3.29736 98.4734 601.993
216.907 60.7523 3.77141 3.29119 52.0153 564.581
218.66 60.9649 3.75921 3.54757 103.45 602.362
217.513 60.0823 3.73822 3.34043 60.8395 645.555
214.225 61.1292 3.78612 3.46076 114.903 458.761
214.25 60.5487 3.80359 3.49327 153.08 519.381
215.271 60.5805 3.76533 3.32834 44.9271 537.813
216.679 60.2805 3.76555 3.48886 96.2682 603.132
218.244 60.7315 3.75013 3.41567 57.136 608.475
217.659 60.6024 3.73203 3.31615 70.9544 601.311
216.749 60.4427 3.75689 3.41274 95.5498 589.392
217.639 60.9231 3.72146 3.37045 107.803 571.628
218.995 60.824 3.75481 3.54486 107.667 626.105
216.976 61.3836 3.74406 3.40734 90.8283 509.147
216.031 60.2361 3.74046 3.42662 86.5434 590.646
217.533 61.1871 3.74358 3.43994 102.343 544.74
218.652 60.2994 3.73832 3.38397 51.2183 660.47
219.217 60.1294 3.74156 3.41553 84.4715 694.302
216.221 60.072 3.72877 3.48789 78.2841 611.724
218.856 60.4399 3.74934 3.46664 66.7578 654.646
216.546 61.2275 3.73724 3.41863 117.415 509.659
198.929 70.2043 3.82402 3.40852 47.9173 768.849
203.383 71.3221 3.84838 3.36136 69.4393 776.147
234.753 71.9871 3.82365 3.50345 112.343 1260
198.198 69.3641 3.73436 3.36886 41.4831 728.087
202.84 70.0079 3.77334 3.32397 51.743 657.935
206.58 70.34 3.82726 3.48875 84.0177 631.46
194.656 68.2746 3.85109 3.51155 52.2896 793.649
196.822 68.4753 3.83194 3.62609 37.3384 721.49
198.806 68.6483 3.73212 3.49081 33.8382 661.664
200.413 69.1049 3.76582 3.46377 54.5575 642.353
205.217 69.1565 3.87355 3.39654 63.3291 529.075
209.387 69.836 3.75275 3.25623 79.1506 555.664
211.299 69.72 3.78251 3.45963 82.0484 542.149
215.088 69.9175 3.81336 3.47001 166.282 596.808
216.289 69.626 3.78106 3.46411 110.969 586.845
235.93 69.3475 3.90252 3.61918 97.1295 1202.67
196.917 67.6988 3.82811 3.48769 49.5156 682.273
201.885 68.4946 3.77239 3.50831 51.0269 552.502
203.387 68.7132 3.74104 3.51985 82.7033 528.437
207.318 68.8799 3.80623 3.46795 68.6208 467.519
209.319 68.9656 3.77071 3.40821 83.5597 459.35
211.177 69.1532 3.76938 3.27508 102.957 478.738
213.625 69.322 3.80151 3.47566 164.34 515.248
219.035 69.243 3.85045 3.58456 88.4045 613.448
221.263 69.3286 3.8549 3.61867 70.4609 682.47
198.174 67.082 3.87546 3.68789 58.2265 608.282
199.397 67.4213 3.84006 3.58344 62.6757 572.856
202.768 67.4572 3.86461 3.43278 32.6421 450.039
203.811 68.2575 3.71025 3.46814 68.8629 478.345
206.028 68.4414 3.86799 3.57659 70.7147 443.27
214.432 68.1207 3.79892 3.63035 145.903 403.532
218.405 68.1861 3.82424 3.64568 127.842 511.275
220.465 68.6043 3.82621 3.63621 103.819 605.951
222.103 68.3889 3.81824 3.60672 107.118 646.933
223.281 66.3701 3.87813 3.57384 181.945 613.634
193.671 65.4742 3.82914 3.59861 73.3771 786.516
195.352 65.7077 3.84166 3.58034 95.4389 708.521
198.75 66.442 3.88734 3.44455 57.177 564.788
200.349 66.6001 3.90185 3.56249 54.3701 500.825
202.227 66.8332 3.82981 3.48877 72.0739 433.799
215.855 67.6946 3.79515 3.67343 163.115 397.591
220.128 67.6136 3.83689 3.64172 144.007 531.481
224.214 67.6106 3.86735 3.56866 107.329 688.778
226.258 67.441 3.88991 3.5979 158.872 766.578
218.842 64.7774 3.80096 3.70515 347.502 398.805
218.547 60.1369 3.75448 4.17609 43.6605 671.84
217.908 60.4896 3.76051 3.39944 76.2758 619.428
217.507 60.403 3.77282 3.29186 51.8412 615.113
218.338 61.0595 3.72978 3.59047 104.979 583.088
216.296 60.3923 3.75194 3.46774 82.1854 582.004
216.716 60.1205 3.74797 3.46993 82.2468 619.714
215.271 60.5805 3.76533 3.32834 44.9271 537.813
216.679 60.2805 3.76555 3.48886 96.2682 603.132
218.244 60.7315 3.75013 3.41567 57.136 608.475
217.659 60.602 3.73217 3.31627 70.9544 601.333
216.749 60.4427 3.75689 3.41274 95.5498 589.392
217.639 60.9231 3.72142 3.37041 107.803 571.622
218.995 60.8241 3.75476 3.54481 107.667 626.096
216.976 61.3836 3.74406 3.40734 90.8283 509.147
216.031 60.2361 3.74046 3.42662 86.5434 590.646
217.533 61.187 3.74368 3.44004 102.343 544.755
218.652 60.2994 3.73832 3.38397 51.2183 660.47
219.217 60.1294 3.74156 3.41553 84.4715 694.302
216.221 60.072 3.72877 3.48789 78.2841 611.724
218.856 60.4399 3.74934 3.46664 66.7578 654.646
216.546 61.2275 3.73724 3.41863 117.415 509.659
209.518 60.7352 3.79101 3.42802 65.611 463.242
209.518 60.7351 3.79109 3.42809 65.611 463.251
