# evlo=231.479004 evla=54.262001
217.507 60.403 3.80868 3.66423 26.5966 1080.63
216.3 60.3932 3.82741 3.72188 18.5789 1136.75
216.679 60.2805 3.82345 3.71443 25.7619 1112.32
216.749 60.4427 3.8262 3.76346 25.3686 1118.31
216.031 60.2361 3.81273 3.64631 24.8232 1141.06
216.221 60.072 3.81605 3.68016 21.9803 1123.03
228.256 59.933 3.72339 3.51013 16.7628 660.864
217.507 60.403 3.80868 3.66423 26.5966 1080.63
216.296 60.3923 3.82778 3.72225 18.5789 1136.86
216.679 60.2805 3.82345 3.71443 25.7619 1112.32
216.749 60.4427 3.8262 3.76346 25.3686 1118.31
216.031 60.2361 3.81273 3.64631 24.8232 1141.06
216.221 60.072 3.81605 3.68016 21.9803 1123.03
