# evlo=232.359001 evla=55.410999
217.507 60.403 3.80969 3.58635 44.8846 1037.83
216.3 60.3932 3.83351 3.56707 55.0554 1097.94
216.679 60.2805 3.82326 3.56152 70.039 1073.72
217.659 60.6024 3.81587 3.49256 21.0234 1040.26
216.749 60.4427 3.82135 3.52966 78.1847 1077.51
217.277 60.2474 3.80729 3.53787 31.9885 1041.99
216.031 60.2361 3.82856 3.62505 60.1856 1104.94
216.221 60.072 3.8278 3.62028 53.5542 1088.38
235.766 58.6528 3.81775 3.52558 33.3223 415.965
231.195 60.1197 3.6441 3.56917 17.2998 528.955
229.393 60.087 3.75515 3.39951 16.0382 549.774
228.256 59.933 3.72071 3.50051 35.0569 559.74
226.693 60.4834 3.73559 3.59778 23.2919 656.533
225.753 60.434 3.71328 3.60768 21.2336 682.111
210.176 67.8516 3.75631 3.48387 45.5266 1797.54
217.507 60.403 3.80969 3.58635 44.8846 1037.83
216.296 60.3923 3.83397 3.5675 55.0554 1098.07
216.679 60.2805 3.82326 3.56152 70.039 1073.72
217.659 60.602 3.81588 3.49258 21.0234 1040.26
216.749 60.4427 3.82135 3.52966 78.1847 1077.51
217.277 60.2474 3.80729 3.53787 31.9885 1041.99
216.031 60.2361 3.82856 3.62505 60.1856 1104.94
216.221 60.072 3.8278 3.62028 53.5542 1088.38
209.971 61.6954 3.84747 3.55814 20.0732 1468.96
