# evlo=212.566803 evla=65.117302
194.627 64.5646 3.77135 3.66814 48.2363 850.693
217.654 61.036 3.75614 3.36333 49.6332 522.165
217.507 60.403 3.75266 3.45787 24.6328 582.506
218.338 61.0595 3.73798 3.31693 40.021 537.646
216.716 60.1205 3.76723 3.53679 19.5285 595.948
209.094 59.7511 3.78029 3.22959 54.5212 624.166
209.259 59.7417 3.78152 3.2589 68.2848 622.808
208.846 60.7683 3.74979 3.2132 30.7957 520.035
204.378 55.8218 3.77182 3.3202 18.3201 1127.26
200.411 54.831 3.829 3.57429 21.8073 1326.83
208.763 59.5251 3.79951 3.23464 41.0448 653.424
216.907 60.7523 3.73012 3.26575 26.2669 533.842
218.66 60.9649 3.74577 3.37653 34.1012 555.591
217.513 60.0823 3.76467 3.29598 30.1097 615.567
214.25 60.5487 3.75702 3.18797 17.3079 516.338
196.582 54.8564 3.82697 3.51056 16.6102 1441.48
209.784 61.1426 3.77955 3.24441 35.477 464.639
188.296 63.7758 3.79345 3.7144 36.9986 1170.7
211.074 61.771 3.77494 3.39369 48.9394 380.346
216.188 61.4417 3.77594 3.59154 68.2889 448.026
212.904 60.8792 3.86496 3.18665 30.6293 472.692
215.271 60.5805 3.74264 3.52151 42.2545 523.967
216.679 60.2805 3.79654 3.43238 33.2248 578.448
213.497 60.396 3.77223 3.73645 21.6857 528.349
215.738 60.3351 3.79738 3.51662 25.392 556.964
208.348 59.6572 3.74613 3.24306 33.1344 646.133
216.749 60.4427 3.84596 3.40479 27.1946 562.782
217.639 60.9231 3.73739 3.35084 44.6039 533.035
214.077 61.4924 3.81101 3.6623 22.8769 411.062
211.542 61.4131 3.81681 3.46492 37.1059 416.074
217.277 60.2474 3.73431 3.39883 31.248 593.596
218.995 60.824 3.76514 3.39258 25.3933 578.452
216.976 61.3836 3.72991 3.19088 30.9387 471.2
218.049 60.1785 3.7714 3.50468 30.0506 617.584
191.145 52.9721 3.81411 3.55467 21.692 1810.13
226.475 68.3065 3.78875 3.60207 80.6723 707.138
207.417 57.7828 3.79032 3.31824 100.715 861.57
234.753 71.9871 3.85235 3.47045 82.9112 1174.17
235.93 69.3475 3.91072 3.63194 97.0127 1105.04
223.281 66.3701 3.88976 3.52815 198.361 510.098
210.276 60.4814 3.80361 3.24377 40.944 529.675
218.547 60.1369 4.52232 4.27171 41.9977 633.655
217.507 60.403 3.75266 3.45787 24.6328 582.506
218.338 61.0595 3.738 3.31695 40.021 537.649
216.716 60.1205 3.76723 3.53679 19.5285 595.948
215.271 60.5805 3.74264 3.52151 42.2545 523.967
216.679 60.2805 3.79654 3.43238 33.2248 578.448
216.749 60.4427 3.84596 3.40479 27.1946 562.782
217.639 60.9231 3.73736 3.35081 44.6039 533.03
217.277 60.2474 3.73431 3.39883 31.248 593.596
218.995 60.8241 3.76508 3.39253 25.3933 578.442
216.976 61.3836 3.72991 3.19088 30.9387 471.2
218.049 60.1785 3.7714 3.50468 30.0506 617.584
