# evlo=208.982407 evla=60.799
217.908 60.4896 3.78676 3.45986 89.1589 489.194
217.507 60.403 3.77293 3.39921 91.7952 468.757
218.338 61.0595 3.72839 3.37144 77.394 507.717
216.3 60.3932 3.75139 3.46858 83.3618 403.26
216.716 60.1205 3.78671 3.38307 112.724 431.924
212.138 64.8736 3.74751 3.25106 54.3075 481.636
217.908 60.4896 3.78676 3.45986 89.1589 489.194
217.507 60.403 3.77293 3.39921 91.7952 468.757
218.338 61.0595 3.72843 3.37148 77.394 507.723
216.296 60.3923 3.74982 3.46713 83.3618 403.091
216.716 60.1205 3.78671 3.38307 112.724 431.924
