# evlo=210.518997 evla=60.6717
221.171 59.4924 3.75693 3.56044 37.1342 606.569
217.908 60.4896 3.77045 3.53704 171.362 405.38
217.507 60.403 3.75679 3.52527 165.461 384.567
218.338 61.0595 3.72647 3.35631 231.68 426.775
218.244 60.7315 3.75718 3.49512 174.822 421.716
217.659 60.6024 3.75216 3.5363 252.954 390.633
217.639 60.9231 3.73818 3.44093 276.481 388.541
218.995 60.824 3.74685 3.41002 216.753 462.246
226.475 68.3065 3.82894 3.51265 74.8674 1139.05
212.138 64.8736 3.78272 3.38152 100.108 475.539
218.842 64.7774 3.75403 3.52415 209.466 624.046
218.594 60.1556 3.75384 3.51078 30.3955 448.363
218.628 60.118 3.78768 3.46273 31.8002 451.035
218.674 60.1912 3.7431 3.51793 31.7976 452.02
218.614 60.172 3.75874 3.43793 58.5989 449.118
218.545 60.2663 3.76062 3.49827 56.3213 443.537
218.45 60.2235 3.7613 3.47742 53.9631 439.142
217.908 60.4896 3.77045 3.53704 171.362 405.38
217.507 60.403 3.75679 3.52527 165.461 384.567
218.338 61.0595 3.72652 3.35636 231.68 426.781
218.244 60.7315 3.75718 3.49512 174.822 421.716
217.659 60.602 3.75194 3.53609 252.954 390.61
217.639 60.9231 3.73808 3.44084 276.481 388.53
218.995 60.8241 3.74685 3.41002 216.753 462.245
