# evlo=210.253204 evla=60.473099
217.908 60.4896 3.79424 3.45187 87.1647 420.711
217.507 60.403 3.75727 3.47983 95.1511 399.268
218.338 61.0595 3.76446 3.40336 122.659 445.17
218.244 60.7315 3.76774 3.45028 92.7132 438.441
217.659 60.6024 3.7631 3.48872 126.477 406.58
217.639 60.9231 3.76703 3.51913 126.468 406.323
217.277 60.2474 3.76671 3.52192 89.3021 388.266
218.995 60.824 3.75278 3.41053 123.952 479.46
216.976 61.3836 3.77515 3.33403 86.5179 378.232
218.049 60.1785 3.79536 3.52646 82.9149 431.743
217.533 61.1871 3.78131 3.47495 112.552 403.67
218.652 60.2994 3.78778 3.42643 124.267 463.28
226.475 68.3065 3.83292 3.54162 28.2262 1165.54
212.138 64.8736 3.79155 3.40168 53.0037 499.827
218.842 64.7774 3.77763 3.57844 80.735 650.412
217.908 60.4896 3.79424 3.45187 87.1647 420.711
217.507 60.403 3.75727 3.47983 95.1511 399.268
218.338 61.0595 3.76451 3.4034 122.659 445.175
218.244 60.7315 3.76774 3.45028 92.7132 438.441
217.659 60.602 3.76286 3.4885 126.477 406.554
217.639 60.9231 3.76693 3.51903 126.468 406.312
217.277 60.2474 3.76671 3.52192 89.3021 388.266
218.995 60.8241 3.75278 3.41053 123.952 479.461
216.976 61.3836 3.77515 3.33403 86.5179 378.232
218.049 60.1785 3.79536 3.52646 82.9149 431.743
217.533 61.187 3.7814 3.47503 112.552 403.679
218.652 60.2994 3.78778 3.42643 124.267 463.28
