# evlo=217.659393 evla=60.602402
194.627 64.5646 3.97489 3.60538 28.2291 1254.84
204.378 55.8218 3.96677 3.50702 26.5902 942.338
200.411 54.831 3.97149 3.58831 20.9627 1206.93
207.685 63.8827 4.0373 3.93293 18.403 633.314
209.796 67.2269 3.91353 3.58504 24.9447 831.772
214.766 66.5657 3.93423 3.57407 23.2776 679.9
188.296 63.7758 3.95521 3.66111 18.1997 1554.37
203.121 64.7461 4.00111 3.60207 19.8457 873.431
209.256 65.0304 3.81352 3.86826 31.9183 652.537
197.092 68.0541 3.88623 3.87232 45.0263 1285.01
205.816 56.5593 3.94282 3.6067 27.5943 821.269
189.752 57.1766 3.91378 3.72943 33.8665 1640.19
192.073 65.5598 3.95666 3.71984 15.4668 1393.5
193.495 53.8452 3.94717 3.63917 36.7707 1629.2
226.475 68.3065 4.03041 3.58822 20.0559 955.822
207.417 57.7828 4.00334 3.79762 53.6238 663.363
203.383 71.3221 3.92685 3.76794 24.7863 1352.26
202.84 70.0079 3.94838 3.62088 16.7933 1248.55
196.822 68.4753 3.90674 3.71166 18.7151 1318.68
200.413 69.1049 3.9546 3.67036 16.4173 1243.3
205.217 69.1565 3.99968 3.91962 23.1165 1116.52
215.088 69.9175 3.93535 3.78584 18.3079 1045.28
216.289 69.626 3.92722 3.68996 20.9398 1008.06
235.93 69.3475 4.01165 3.7797 29.4549 1291.69
209.319 68.9656 3.88007 3.65403 24.136 1011.13
219.035 69.243 3.91965 3.98564 35.7244 965.476
221.263 69.3286 3.92936 3.97006 23.6973 987.248
198.174 67.082 3.81973 3.81471 22.4983 1191.99
199.397 67.4213 3.886 3.79531 20.3378 1165.08
208.187 68.1343 3.87463 3.87669 16.5105 953.752
210.384 68.0584 3.90669 3.43984 22.7512 901.158
211.513 68.0748 3.85106 3.73962 26.4658 883.398
220.465 68.6043 3.94258 3.54602 41.2354 901.916
222.103 68.3889 3.98934 3.59129 29.6746 893.389
223.281 66.3701 3.94421 3.67459 39.5416 700.635
204.275 67.0486 3.87039 3.55999 17.0763 971.041
206.517 67.2221 3.92558 4.04534 18.7035 915.65
214.357 67.5933 3.91438 3.77575 20.5658 795.512
215.855 67.6946 3.92731 3.72971 18.1589 795.409
220.128 67.6136 3.96469 3.35741 21.4866 790.647
224.214 67.6106 4.00625 3.58921 16.762 842.973
226.258 67.441 3.97989 3.54512 36.4953 868.787
206.494 66.5156 3.87042 3.649 19.1715 859.095
208.493 66.9214 3.94588 3.67435 18.8503 835.272
209.976 66.7108 3.90506 3.76405 25.4868 778.767
216.215 66.9498 3.97231 3.52179 20.3757 711.092
218.345 66.8088 3.91649 3.71486 18.7024 692.66
221.978 66.9116 4.03019 3.50065 28.7508 734.461
223.778 66.9808 3.99801 3.54694 36.2717 771.499
225.729 66.9227 3.93993 3.5337 39.374 807.835
200.087 64.937 4.00357 3.60521 16.2661 1014.44
207.195 65.6571 3.86708 3.40544 25.0239 770.2
208.623 65.8937 3.88226 3.80822 15.6317 742.818
210.457 65.8251 3.85328 4.10656 39.982 684.733
214.181 66.267 3.9374 3.58871 17.7608 654.606
221.631 66.2191 3.97543 3.69526 29.59 656.45
225.657 65.8052 3.86798 3.62731 25.9064 704.736
205.522 64.7962 3.99793 3.46338 18.1429 775.458
208.018 65.18 3.86118 3.54642 36.8035 706.226
196.446 62.7492 3.96 3.84789 29.9723 1142.93
199.398 63.2842 3.96963 3.67457 17.2399 1000.17
200.922 63.3965 4.01509 3.91107 23.5213 927.406
203.285 63.465 4.01282 3.83286 15.8752 814.967
205.853 64.1767 4.06199 3.52859 25.6935 727.441
195.344 61.9331 3.90585 3.77453 27.297 1200.3
198.469 62.2938 3.91404 3.88014 33.5352 1036.84
201.699 62.7161 3.98243 3.61225 26.1884 875.271
205.93 63.3569 4.02417 4.06618 49.0807 686.001
197.317 61.3416 3.88011 3.85885 28.9346 1100.21
198.513 61.678 3.90825 3.88878 27.3245 1034.5
200.525 61.7105 3.91204 3.52085 34.5214 927.974
201.703 62.1344 3.9276 3.62403 48.783 867.902
203.311 62.2195 3.97188 3.56098 59.9996 785.409
205.146 62.1816 3.95506 3.83318 67.2805 690.273
206.12 62.4787 4.00332 3.91016 64.3838 647.309
193.799 60.3849 3.8808 3.83398 46.7638 1304.55
196.65 60.4135 3.8915 3.76077 37.026 1149.58
198.04 60.7515 3.89644 3.58115 36.5513 1068.46
199.312 60.6947 3.88726 3.58665 41.9771 1000.49
201.041 61.0224 3.90168 3.4766 40.3118 903.266
202.562 61.4009 3.91681 3.57616 42.9945 819.775
204.176 61.4907 3.94591 3.64173 37.3149 733.835
205.609 61.9037 3.94902 3.75166 55.9226 661.86
198.315 59.9237 3.92864 3.53808 46.1508 1069.62
199.908 60.1686 3.89703 3.54078 54.7977 977.195
201.231 60.4742 3.88948 3.5118 44.7286 899.538
202.813 60.5269 3.89804 3.62884 50.1461 812.569
204.11 60.6801 3.8887 3.54493 49.1704 740.097
205.516 60.8132 3.89547 3.72566 95.3554 662.532
198.736 59.2533 3.92935 3.60946 50.935 1065.02
200.175 59.1767 3.93137 3.68105 47.5116 988.604
201.907 59.5938 3.89487 3.86068 80.1069 881.393
202.905 59.7733 3.88145 3.85245 63.4226 822.031
204.792 59.8542 3.90776 3.6401 71.0123 716.73
205.68 60.1952 3.90364 3.61518 62.5344 661.029
202.009 59.0314 3.93208 3.87534 50.7737 893.095
203.561 59.1953 3.91659 3.57786 49.383 802.878
204.771 59.3922 3.93187 3.55222 67.5873 730.521
203.344 58.6774 3.9358 3.81453 42.6939 833.565
204.113 58.2637 3.96004 3.89885 44.6813 809.962
204.991 58.6484 3.97995 3.7775 49.7911 745.9
206.355 58.9287 3.98627 3.77415 71.7561 661.071
202.426 57.5673 3.99411 3.56627 29.5893 933.897
203.613 57.6397 4.01915 3.8101 22.9381 867.409
205.548 57.5665 4.01987 3.6959 21.0708 770.855
229.033 59.3946 3.83952 3.82011 50.118 647.888
197.939 55.703 3.96556 3.65355 15.5611 1276.43
200.447 56.2848 3.99454 3.56465 20.5224 1109.93
228.869 57.9128 3.91083 3.86411 41.1954 704.974
229.75 56.9811 3.9216 3.79859 29.1965 805.403
226.879 56.1146 3.95397 3.5021 22.9292 734.429
227.653 56.4191 4.0324 3.62388 36.758 744.638
210.176 67.8516 3.9235 3.43177 24.7325 884.532
209.736 66.2066 3.89899 3.65651 22.911 738.346
209.329 66.7192 3.95451 3.70139 19.2681 795.447
