# evlo=205.815796 evla=56.559299
225.449 60.24 3.93248 3.61748 20.8726 1213.51
217.908 60.4896 3.92144 3.61053 33.4801 827.652
217.654 61.036 3.97668 3.64288 34.8733 844.771
217.507 60.403 3.94804 3.63617 19.6254 803.57
218.338 61.0595 3.95839 3.65507 40.865 878.066
220.363 59.9534 3.8742 3.53992 23.9524 931.466
225.144 58.5792 3.97258 3.74582 53.1312 1173.96
216.716 60.1205 3.9663 3.60143 32.1095 750.253
210.701 64.1732 3.99095 3.58299 28.0887 889.487
207.916 63.4188 4.04021 3.54262 32.3338 773.056
212.195 64.6453 3.96806 3.56917 33.23 965.204
207.685 63.8827 4.01738 3.44865 24.0045 822.398
209.796 67.2269 3.98238 3.70834 20.2152 1206.49
216.907 60.7523 3.92601 3.89224 30.5011 793.755
218.66 60.9649 3.95083 3.66442 39.7436 888.339
209.738 62.4058 3.99286 3.58946 34.3883 687.879
217.513 60.0823 3.95996 3.58513 29.1655 788.268
212.624 63.0753 3.89124 3.81633 38.2351 819.283
214.25 60.5487 3.93059 3.70931 49.6708 661.332
188.296 63.7758 3.9087 3.68421 28.1822 1254.7
203.121 64.7461 3.89796 3.70318 17.3361 923.814
212.904 60.8792 3.95873 3.63179 39.8908 631.938
215.271 60.5805 3.95767 3.79101 43.0663 708.316
216.679 60.2805 3.97125 3.72839 42.1483 756.75
218.244 60.7315 3.92629 3.79713 43.1529 856.265
217.659 60.6024 3.94282 3.6067 27.5943 821.269
225.615 58.2758 3.98232 3.85812 51.7055 1200.48
215.581 59.9268 3.95573 3.58563 44.749 684.265
216.749 60.4427 3.96078 3.51766 44.2701 768.87
217.639 60.9231 3.95895 3.68391 46.4284 837.708
214.077 61.4924 3.97618 3.62361 44.8556 724.927
211.542 61.4131 3.95161 3.827 39.2759 632.501
218.995 60.824 3.93599 3.70729 41.1453 897.446
211.063 63.7318 3.96923 3.57511 42.1462 849.933
211.768 64.9602 3.9381 3.85855 34.5829 989.665
218.049 60.1785 3.9368 3.57688 24.4737 819.862
209.256 65.0304 4.00981 3.64918 32.8864 961.942
216.031 60.2361 3.95883 3.6379 42.9157 723.012
214.53 62.9699 3.95418 3.75235 72.282 864.335
219.747 60.0959 3.9098 3.47805 20.9646 904.01
220.599 59.667 3.90793 3.52844 32.5613 935.128
214.475 65.5174 3.968 3.87971 25.5717 1100.11
207.811 62.8962 3.98623 3.76697 52.998 714.751
217.533 61.1871 3.95475 3.8586 69.1735 848.023
215.323 60.3863 3.94747 3.60445 40.7675 698.503
215.154 63.7399 3.90771 3.71536 30.4927 951.354
218.652 60.2994 3.88656 3.50678 18.9571 855.847
211.14 63.4056 3.93093 3.73706 25.8106 817.953
219.217 60.1294 3.91798 3.61761 27.5305 877.664
211.668 61.807 3.94059 3.69784 43.8313 672.962
212.671 61.832 3.95956 3.61155 42.1078 705.213
216.01 63.9761 3.9246 3.63713 41.0957 998.005
189.752 57.1766 3.92195 3.79308 57.6532 979.791
217.161 60.1791 3.97501 3.72343 48.2985 775.281
216.221 60.072 3.96927 3.70777 37.3802 723.354
218.856 60.4399 3.91267 3.63016 28.2278 872.421
217.171 60.7541 3.94013 3.71985 43.653 806.202
193.495 53.8452 3.96872 3.77219 44.7239 839.189
211.449 62.8295 3.94598 3.67545 28.2357 766.519
211.771 63.0624 3.89686 3.53994 15.5339 797.084
212.26 62.5808 3.95586 3.70369 30.7857 762.486
211.152 62.8331 3.9524 3.72334 26.207 760.193
217.147 60.448 3.9393 3.59889 39.4672 788.348
211.908 64.4716 3.96539 3.59378 31.0784 941.946
218.249 60.3583 3.88313 3.66563 18.227 838.206
227.048 56.8144 3.96393 3.83016 24.773 1296.21
212.138 64.8735 3.95987 3.54503 29.7341 987.435
210.428 68.6408 3.98705 3.73771 30.8962 1366.26
226.879 56.1146 3.94108 3.86884 84.1576 1298.56
229.974 55.9154 3.93365 3.8727 33.0924 1492.03
228.385 55.3279 3.93603 3.87725 76.4988 1410.4
227.653 56.4191 3.9451 3.83955 84.4782 1339.66
211.063 63.7323 3.96951 3.57537 42.1462 849.993
211.14 63.4057 3.93097 3.73709 25.8106 817.959
218.547 60.1369 3.52406 4.47262 49.4874 843.396
217.908 60.4896 3.92144 3.61053 33.4801 827.652
217.507 60.403 3.94804 3.63617 19.6254 803.57
218.338 61.0595 3.95842 3.65509 40.865 878.071
216.716 60.1205 3.9663 3.60143 32.1095 750.253
215.271 60.5805 3.95767 3.79101 43.0663 708.316
216.679 60.2805 3.97125 3.72839 42.1483 756.75
218.244 60.7315 3.92629 3.79713 43.1529 856.265
217.659 60.602 3.9426 3.6065 27.5942 821.224
216.749 60.4427 3.96078 3.51766 44.2701 768.87
217.639 60.9231 3.9589 3.68387 46.4284 837.699
218.995 60.8241 3.93601 3.70731 41.1453 897.451
218.049 60.1785 3.9368 3.57688 24.4737 819.862
216.031 60.2361 3.95883 3.6379 42.9157 723.012
217.533 61.187 3.95477 3.85861 69.1735 848.026
218.652 60.2994 3.88656 3.50678 18.9571 855.847
219.217 60.1294 3.91798 3.61761 27.5305 877.664
216.221 60.072 3.96927 3.70777 37.3802 723.354
218.856 60.4399 3.91267 3.63016 28.2278 872.421
