# evlo=194.656403 evla=68.274597
216.3 60.3932 3.92571 3.79174 25.5131 1353.63
209.013 64.0997 3.85375 3.68065 18.295 794.076
216.679 60.2805 3.94729 3.97853 15.7324 1376.79
218.244 60.7315 3.89416 3.63316 17.0056 1396.73
213.052 64.4091 3.99183 3.79312 21.2442 925.04
217.639 60.9231 3.90235 3.66126 24.4051 1358.64
218.995 60.824 3.89751 3.77194 29.5382 1417.45
216.976 61.3836 3.88806 3.71293 21.973 1296.88
217.533 61.1871 3.89155 3.77032 27.5214 1333.39
211.14 63.4056 3.88519 3.35035 15.1696 923.721
211.299 69.72 3.97663 3.69534 75.9393 682.851
215.088 69.9175 3.96384 3.75454 53.6265 830.018
216.289 69.626 3.96929 3.85518 52.4305 875.622
235.93 69.3475 4.02044 3.73463 21.0429 1638.06
211.177 69.1532 3.93665 4.01036 61.6753 674.57
213.625 69.322 3.98407 3.67408 90.6818 771.517
221.263 69.3286 4.01572 3.77762 45.6273 1071.89
210.384 68.0584 4.03629 3.59409 54.2967 651.682
211.513 68.0748 3.98344 3.66427 46.5491 697.832
214.432 68.1207 3.98591 3.7208 33.0503 816.652
222.103 68.3889 3.98003 3.86475 37.7861 1122.13
223.281 66.3701 3.99773 3.72698 29.3147 1238.45
212.113 67.5187 4.02156 3.53647 28.7868 735.622
214.357 67.5933 3.96685 3.68939 46.1368 826.168
215.855 67.6946 3.97998 3.68854 39.1871 885.07
220.128 67.6136 3.95767 3.92486 60.1222 1062.73
224.214 67.6106 3.99675 3.75292 28.773 1229.48
226.258 67.441 3.98912 3.85815 27.465 1318.32
209.976 66.7108 4.07111 3.86293 25.2913 675.556
212.525 66.7004 4.03649 3.516 30.6425 780.685
213.899 66.7653 4.0083 3.8085 19.847 834.797
216.215 66.9498 3.97193 3.78169 41.7817 923.58
218.345 66.8088 3.97351 3.71104 41.7551 1016.83
221.978 66.9116 3.98948 3.79539 77.2666 1162.7
223.778 66.9808 3.99661 3.74397 26.1707 1234.04
225.729 66.9227 3.97864 3.84052 23.4134 1316.22
208.623 65.8937 4.05341 3.77688 21.8227 660.748
210.457 65.8251 4.08503 3.59759 25.1551 737.482
212.122 65.8371 4.0626 3.97238 20.0256 803.935
214.181 66.267 4.00796 3.59003 30.9114 867.341
218.473 66.2305 3.97983 3.75103 32.7933 1045.97
221.631 66.2191 3.99855 3.71323 36.0103 1176.95
225.657 65.8052 3.99045 3.80253 25.9028 1362.35
214.843 62.3987 3.86797 3.67586 19.1084 1137.6
213.052 64.4091 3.99183 3.79312 21.2442 925.04
210.64 65.1479 4.00564 3.55042 25.3091 783.837
216.846 65.3064 4.03583 3.55898 18.8767 1024.15
218.385 65.6035 4.00256 3.7272 32.1003 1071.91
220.064 65.4483 3.99618 3.73873 38.3239 1148.98
221.694 65.3609 3.99816 3.79403 23.8504 1220.69
223.623 65.2225 3.99135 3.78675 25.5312 1307.56
203.285 63.465 3.98323 3.71214 24.8555 664.048
205.853 64.1767 3.83636 3.52919 43.5965 678.429
214.63 64.613 4.01938 4.0015 21.3738 974.456
216.436 64.5012 4.02868 3.71379 20.2409 1053.67
221.784 64.4525 3.99777 3.63468 15.993 1274.26
223.67 64.5753 3.98905 3.80366 27.8449 1344.81
195.344 61.9331 3.86681 3.72817 30.5815 707.763
198.469 62.2938 3.86075 3.74871 25.4346 689.85
201.699 62.7161 3.95451 3.4681 36.578 699.304
205.93 63.3569 3.90795 3.419 21.0828 750.457
217.924 64.0292 4.04819 3.81057 29.583 1142.87
222.48 63.8433 3.96187 3.67854 21.2033 1339.43
197.317 61.3416 3.87188 3.50403 22.3746 783.039
198.513 61.678 3.87112 3.55365 25.5293 757.309
200.525 61.7105 3.8828 3.52188 31.2966 781.662
203.311 62.2195 4.0023 3.46227 28.2652 785.409
206.12 62.4787 3.93823 3.56629 22.5361 835.111
221.871 63.109 4.00652 3.68141 21.5011 1361.93
193.799 60.3849 3.945 3.66663 27.6919 880.509
196.65 60.4135 3.84716 3.57382 30.0656 881.531
198.04 60.7515 3.8845 3.3534 28.551 853.988
199.312 60.6947 3.89985 3.70558 20.7069 873.571
201.041 61.0224 3.89549 3.53982 27.8099 863.103
202.562 61.4009 3.90126 3.38735 24.1038 851.724
206.868 61.8823 3.92105 3.50878 21.5244 912.008
212.274 61.7929 3.90218 3.72769 18.157 1093.58
213.825 62.1067 3.88333 3.63965 16.1055 1123.02
223.206 62.5763 3.98909 3.729 29.4154 1452.05
198.315 59.9237 3.8407 3.72318 36.8816 947.461
199.908 60.1686 3.85615 3.8518 24.4143 938.102
201.231 60.4742 3.87157 3.85744 27.3732 924.485
202.813 60.5269 3.8685 3.81079 35.6196 947.241
198.736 59.2533 3.87811 3.70206 19.9439 1025.02
201.907 59.5938 3.86042 3.77033 26.5888 1029.3
202.905 59.7733 3.85801 3.79541 40.9306 1027.85
210.276 60.4814 3.95226 3.72054 19.5035 1143.72
219.809 60.7718 3.93188 3.55704 27.182 1452.5
221.424 60.3024 3.91765 3.6842 15.1984 1551.78
222.262 59.6304 3.89648 3.58403 21.4037 1638.35
212.566 65.1171 3.98841 3.96703 15.5798 861.768
204.991 58.6484 3.90636 3.90129 18.7718 1186.71
213.66 59.4296 3.95053 3.5777 15.5037 1347.7
223.768 57.9616 3.93528 3.72459 19.684 1835.73
210.428 68.6408 3.95474 4.01366 66.3227 646.03
218.842 64.7774 4.00237 3.61429 16.084 1135.03
211.14 63.4057 3.88519 3.35035 15.1696 923.72
218.547 60.1369 3.71157 4.17184 18.2929 1456.92
211.172 64.6917 3.97932 3.79521 15.6688 833.515
216.296 60.3923 3.92558 3.79161 25.5131 1353.58
216.679 60.2805 3.94729 3.97853 15.7324 1376.79
218.244 60.7315 3.89416 3.63316 17.0056 1396.73
217.639 60.9231 3.90233 3.66124 24.4051 1358.64
218.995 60.8241 3.89749 3.77192 29.5382 1417.44
216.976 61.3836 3.88806 3.71293 21.973 1296.88
217.533 61.187 3.8916 3.77037 27.5214 1333.4
