# evlo=203.284607 evla=63.465
217.908 60.4896 4.04055 3.93675 24 833.052
217.654 61.036 3.98574 3.80127 16.7432 792.222
217.507 60.403 4.03466 3.85165 16.8618 818.809
218.338 61.0595 3.98305 3.73717 27.8054 824.341
220.363 59.9534 4.00386 3.70389 20.3967 980.662
216.3 60.3932 4.04053 4.02088 16.6788 762.611
215.395 60.9677 4 4.02066 36.9559 687.41
216.907 60.7523 4.01939 3.76867 18.7878 770.93
218.66 60.9649 3.98648 3.72121 26.5942 844.61
217.513 60.0823 4.01665 3.94798 17.9591 837.902
214.766 66.5657 3.94732 3.91175 27.7536 640.84
188.296 63.7758 3.89147 3.77226 70.6561 742.427
216.188 61.4417 4.00685 3.85747 43.9245 701.728
215.271 60.5805 4.0269 3.83674 21.1877 703.646
216.679 60.2805 3.99691 3.93619 20.2206 787.032
218.244 60.7315 4.00696 3.93106 25.5481 836.196
213.497 60.396 3.99513 3.61048 21.7313 634.992
217.659 60.6024 4.01282 3.83286 15.8752 814.967
216.749 60.4427 4.01011 3.8172 19.9341 780.751
217.639 60.9231 3.99019 3.87206 47.0859 797.165
218.995 60.824 3.97533 3.85977 24.3305 867.88
216.976 61.3836 3.99545 3.73867 31.0766 742.772
218.049 60.1785 4.02977 3.85129 24.6745 857.433
217.533 61.1871 3.98974 3.72132 33.4126 779.043
219.217 60.1294 3.99936 3.97889 24.7307 915.76
218.856 60.4399 4.01678 4.04339 17.3602 881.154
216.546 61.2275 4.00888 3.86964 32.2574 729.19
198.929 70.2043 3.92159 3.90026 18.0195 775.037
205.026 71.0033 4.02803 3.61254 25.2576 843.972
198.198 69.3641 3.94057 3.64636 23.5767 695.38
202.84 70.0079 3.99934 3.49131 26.2043 729.904
205.387 69.6211 4.02876 3.56931 38.1381 692.721
206.58 70.34 4.01449 3.68945 45.7341 779.88
194.656 68.2746 3.98323 3.71214 24.8555 664.048
200.413 69.1049 3.9407 3.47761 34.6911 641.818
205.217 69.1565 3.99066 3.70946 39.6823 640.475
209.387 69.836 3.90795 3.77684 44.9054 759.166
211.299 69.72 3.89624 3.79946 28.1494 781.389
215.088 69.9175 3.92083 3.7791 24.0434 885.36
216.289 69.626 3.91175 3.94963 44.1936 894
235.93 69.3475 3.99502 3.76196 45.1957 1574.49
207.318 68.8799 3.92233 3.60466 28.953 630.285
209.319 68.9656 3.91474 3.62562 30.0782 670.113
211.177 69.1532 3.93902 3.91977 40.2299 725.102
213.625 69.322 3.93525 3.64062 31.3921 797.909
219.035 69.243 3.90331 4.02232 54.4213 950.189
221.263 69.3286 3.94683 3.64809 35.4537 1029.32
211.513 68.0748 3.86559 3.66192 42.9721 636.321
214.432 68.1207 3.89905 3.58025 66.3973 725.876
218.405 68.1861 3.924 3.89453 22.783 865.052
220.465 68.6043 3.92686 3.54245 36.8405 961.729
222.103 68.3889 3.93888 3.63553 29.6676 1011.44
223.281 66.3701 3.98651 3.79222 50.7504 995.003
214.357 67.5933 3.91444 3.67948 40.348 686.721
215.855 67.6946 3.93616 3.66547 58.3267 745.281
220.128 67.6136 3.94766 3.59413 30.015 901.34
224.214 67.6106 3.97877 3.77691 43.6687 1065.23
226.258 67.441 3.98797 3.91664 55.4518 1145.46
216.215 66.9498 3.95544 3.54851 27.7255 717.175
218.345 66.8088 3.96729 3.63964 50.5977 796.33
221.978 66.9116 3.98291 3.56501 37.2916 951.507
223.778 66.9808 3.97473 4.01729 31.5389 1029.78
225.729 66.9227 3.98659 3.91468 46.9207 1112.17
218.473 66.2305 3.96052 3.81653 30.8303 781.28
221.631 66.2191 3.98262 3.8573 56.1861 919.145
225.657 65.8052 4.00258 3.64882 34.2514 1094.75
216.846 65.3064 3.97567 3.72686 85.8296 684.295
218.385 65.6035 3.98004 3.56947 48.2866 760.748
220.064 65.4483 3.95463 3.90864 45.6765 834.545
221.694 65.3609 3.99617 3.69295 39.7539 908.716
223.623 65.2225 3.97943 3.89621 57.3562 997.655
221.784 64.453 3.94191 3.91362 19.8306 909.9
221.784 64.4525 3.92306 4.04504 49.546 909.872
223.67 64.5753 3.95145 4.00152 63.7598 999.979
217.924 64.0292 3.8794 3.7004 61.1158 723.924
222.48 63.8433 3.92784 3.56387 72.96 948.192
216.652 63.0254 3.91063 3.535 42.3382 672.238
218.173 63.0618 3.88917 3.49294 66.527 747.261
221.871 63.109 3.88596 3.7564 54.0288 930.128
217.004 62.4013 3.931 3.51993 57.3738 705.364
218.122 62.3579 3.91341 3.49795 32.3475 762.364
223.206 62.5763 3.88943 3.73101 40.174 1009.49
225.609 62.2024 3.89268 3.59502 68.3278 1140.42
215.402 61.6061 3.97895 4.06417 35.4269 656.072
222.911 61.4593 3.88857 3.63734 38.4573 1032.77
224.22 61.4862 3.89306 3.8532 36.6748 1096.88
226.918 61.1512 3.91574 3.67732 27.0769 1245.02
221.424 60.3024 3.97943 3.72684 26.6236 1012.92
223.909 60.7704 3.93168 3.69097 45.3664 1112.13
222.262 59.6304 4.00128 3.80502 23.1851 1090.6
223.04 60.1218 3.97103 3.66074 29.5118 1101.39
226.285 59.5898 3.93612 3.87449 26.2218 1289.32
227.183 60.2114 3.92058 3.7317 32.2396 1301.34
213.66 59.4296 3.95775 3.52188 32.6426 711.692
227.731 58.9601 3.95007 3.72418 25.1716 1395.89
202.426 57.5673 3.88475 3.61233 37.7319 658.8
205.548 57.5665 3.86613 3.58674 26.2296 668.758
229.033 59.3946 3.91925 3.75091 38.5091 1435.68
197.939 55.703 3.93022 3.66956 41.8806 915.179
200.447 56.2848 3.9027 3.62573 27.7616 815.377
223.768 57.9616 4.02585 3.70465 26.0096 1267.42
228.869 57.9128 3.97315 3.74915 33.8907 1515.24
229.75 56.9811 3.96919 3.7459 15.3699 1619.11
210.428 68.6408 3.93087 3.72216 36.587 660.738
228.385 55.3279 3.93795 3.634 20.1626 1672.91
218.547 60.1369 3.75863 4.81036 19.7269 883.417
217.908 60.4896 4.04055 3.93675 24 833.052
217.507 60.403 4.03466 3.85165 16.8618 818.809
218.338 61.0595 3.98307 3.73719 27.8054 824.346
216.296 60.3923 4.03998 4.02033 16.6788 762.505
215.271 60.5805 4.0269 3.83674 21.1877 703.646
216.679 60.2805 3.99691 3.93619 20.2206 787.032
218.244 60.7315 4.00696 3.93106 25.5481 836.196
217.659 60.602 4.01281 3.83285 15.8752 814.965
216.749 60.4427 4.01011 3.8172 19.9341 780.751
217.639 60.9231 3.99014 3.87201 47.0859 797.155
218.995 60.8241 3.97531 3.85975 24.3305 867.875
216.976 61.3836 3.99545 3.73867 31.0766 742.772
218.049 60.1785 4.02977 3.85129 24.6745 857.433
217.533 61.187 3.98982 3.72139 33.4126 779.058
219.217 60.1294 3.99936 3.97889 24.7307 915.76
218.856 60.4399 4.01678 4.04339 17.3602 881.154
216.546 61.2275 4.00888 3.86964 32.2574 729.19
