# evlo=198.469193 evla=62.2938
217.908 60.4896 3.92344 3.821 28.752 1053.87
217.654 61.036 3.91383 3.81076 29.4574 1022.01
217.507 60.403 3.93251 3.71348 38.5189 1036.3
218.338 61.0595 3.88537 3.79371 23.8361 1056.77
220.363 59.9534 3.92296 3.7415 20.8725 1202.24
216.3 60.3932 3.94326 3.67019 26.7739 974.172
225.144 58.5792 3.92973 3.79153 21.095 1513.76
216.716 60.1205 3.92751 3.81996 31.6017 1006.58
215.395 60.9677 3.93554 3.56162 34.4613 906.957
209.094 59.7511 3.95232 3.87747 23.0556 639.51
209.259 59.7417 3.95483 3.59415 26.8993 648.015
210.701 64.1732 3.84362 3.74095 47.0741 648.352
212.195 64.6453 3.91215 3.68878 77.238 730.991
208.763 59.5251 3.97434 3.53165 22.0571 637.068
209.796 67.2269 3.91157 3.95538 36.4316 767.97
218.66 60.9649 3.90086 3.81246 27.5745 1076.46
217.513 60.0823 3.93817 3.86218 37.8685 1049.33
212.624 63.0753 3.86573 3.70204 50.3063 728.697
214.225 61.1292 3.90973 3.58165 33.5474 841.248
214.25 60.5487 3.92053 3.93491 36.5404 862.325
213.401 60.7277 3.92544 3.60565 40.2614 811.897
214.766 66.5657 3.89344 3.78859 27.793 914.263
211.074 61.771 3.92302 3.44226 40.1839 661.275
216.188 61.4417 3.92408 3.4908 36.582 934.287
212.904 60.8792 3.92457 3.60413 57.3068 780.883
215.271 60.5805 3.92219 3.83909 30.4191 913.886
216.679 60.2805 3.94284 3.68714 29.4744 998.201
218.244 60.7315 3.92796 3.65856 24.5531 1062.64
213.052 64.4091 3.8825 3.74116 55.3258 765.169
213.497 60.396 3.93996 3.67255 32.3078 829.488
215.738 60.3351 3.9396 3.85164 18.6797 947.396
217.659 60.6024 3.91404 3.88014 33.5352 1036.84
225.615 58.2758 3.94027 3.82026 25.7497 1553.82
216.749 60.4427 3.94019 3.75274 32.9301 995.539
217.639 60.9231 3.92566 3.7097 45.6852 1024.85
218.995 60.824 3.89988 3.75616 31.3085 1098.47
216.976 61.3836 3.89586 3.79687 31.7509 976.713
211.063 63.7318 3.84591 3.52506 90.2514 656.505
218.049 60.1785 3.93636 3.6876 38.349 1073.18
216.031 60.2361 3.93941 3.81833 23.7647 966.488
217.533 61.1871 3.90661 3.77517 43.9802 1011.15
218.652 60.2994 3.95594 3.67187 22.3294 1099.64
211.14 63.4056 3.8502 3.62492 57.0143 655.998
219.217 60.1294 3.96064 3.8094 30.4824 1135.64
216.221 60.072 3.95716 3.64658 22.4953 983.075
218.856 60.4399 3.94565 3.70119 30.0588 1104.84
216.546 61.2275 3.92167 3.49033 52.8941 958.748
212.138 64.8736 3.92765 3.60727 38.0122 735.31
198.929 70.2043 3.93614 3.53214 26.0551 882.334
203.383 71.3221 3.95012 3.94262 35.3297 1028.9
205.026 71.0033 3.95844 3.87484 38.2743 1012.24
198.198 69.3641 3.92872 3.60101 25.2143 788.462
202.84 70.0079 3.93883 4.07219 30.1025 881.967
205.387 69.6211 3.94518 3.63552 24.6081 874.226
206.58 70.34 3.92438 3.79167 40.4649 966.19
194.656 68.2746 3.86075 3.74871 25.4346 689.85
196.822 68.4753 3.91482 3.55186 31.4871 693.4
198.806 68.6483 3.93139 3.77013 37.3982 708.689
200.413 69.1049 3.95904 3.58313 36.5781 764.584
205.217 69.1565 3.90605 3.7329 41.9963 824.339
211.299 69.72 3.9178 3.86542 41.1545 1007.98
216.289 69.626 3.955 3.79822 33.2259 1142.96
235.93 69.3475 3.96825 3.70347 25.2614 1846.15
201.885 68.4946 3.92686 3.60007 65.016 709.099
203.387 68.7132 3.91901 3.5718 38.0691 750.503
207.318 68.8799 3.93187 3.58402 35.5282 838.344
209.319 68.9656 3.91762 3.5448 29.8493 893.397
211.177 69.1532 3.91253 4.04025 45.6412 957.902
213.625 69.322 3.94649 3.75967 44.8107 1040.65
221.263 69.3286 3.93246 3.71804 38.0666 1291.85
203.811 68.2575 3.92701 3.55969 36.2937 709.546
206.028 68.4414 3.90308 3.58848 25.0655 769.12
208.187 68.1343 3.89612 3.51795 44.5963 792.304
210.384 68.0584 3.91734 3.66857 40.9459 848.526
211.513 68.0748 3.90166 3.95611 31.3155 884.772
218.405 68.1861 3.91401 3.73219 27.4286 1132.06
220.465 68.6043 3.92261 3.7497 49.0454 1228.53
222.103 68.3889 3.92837 3.69586 28.538 1281.38
223.281 66.3701 3.94574 3.80999 40.5339 1272.41
206.517 67.2221 3.88124 3.65039 47.1203 668.688
207.821 67.5076 3.88221 3.57491 77.4244 729.136
212.113 67.5187 3.94179 3.83277 33.5363 866.416
214.357 67.5933 3.92819 3.57442 39.7357 950.987
215.855 67.6946 3.91205 3.67302 25.5239 1011.91
220.128 67.6136 3.93237 3.84538 46.3542 1173.96
224.214 67.6106 3.96078 3.80779 30.0584 1340.07
226.258 67.441 3.96062 3.70052 25.7419 1421.36
208.493 66.9214 3.93333 3.45732 33.4534 702.919
209.976 66.7108 3.94553 3.67535 33.1076 738.394
212.525 66.7004 3.92284 3.61363 53.3861 832.233
213.899 66.7653 3.92404 3.79445 32.526 889.073
218.345 66.8088 3.91901 3.78082 38.2514 1071.52
221.978 66.9116 3.94917 3.78526 58.3153 1227.81
223.778 66.9808 3.94962 3.76405 42.0632 1306.32
225.729 66.9227 3.96445 3.70683 39.0332 1389.09
208.623 65.8937 3.96805 3.67366 41.5899 636.092
210.457 65.8251 3.9627 3.66584 43.1652 703.624
212.122 65.8371 3.93784 3.53871 40.208 772.397
214.181 66.267 3.92472 3.58696 37.4148 877.102
218.473 66.2305 3.91178 3.57099 41.3565 1058.3
221.631 66.2191 3.92811 3.7877 60.0089 1196.58
225.657 65.8052 3.94647 3.67391 30.2328 1372.1
214.843 62.3987 3.88133 3.52546 41.3219 846.029
213.052 64.4091 3.8825 3.74116 55.3258 765.169
210.64 65.1479 3.93992 3.71715 75.3488 678.886
216.846 65.3064 3.91505 3.8201 57.7985 961.642
218.385 65.6035 3.92899 3.5759 37.7497 1038.25
220.064 65.4483 3.93539 3.72695 52.8325 1111.76
221.694 65.3609 3.9603 3.72789 41.969 1185.64
223.623 65.2225 3.94754 3.79963 58.875 1274.16
214.63 64.613 3.91825 3.76508 58.621 843.916
216.436 64.5012 3.91404 3.90123 90.0143 927.612
221.784 64.4525 3.94021 3.89692 34.469 1183.69
223.67 64.5753 3.96069 3.78258 62.7985 1274.38
214.222 63.8036 3.8995 3.71204 60.4174 812.228
217.924 64.0292 3.90403 3.93724 59.9197 995.14
222.48 63.8433 3.92871 3.79813 62.1551 1218.6
216.652 63.0254 3.88452 3.5057 70.8114 932.501
218.173 63.0618 3.88448 3.81154 69.022 1009.02
221.871 63.109 3.89244 3.71471 60.3501 1194.68
212.274 61.7929 3.91459 3.67407 55.6323 723.077
213.825 62.1067 3.88216 3.69575 40.9375 797.726
217.004 62.4013 3.86464 3.577 63.7337 956.879
218.122 62.3579 3.86525 3.60754 52.9061 1014.86
221.538 62.4435 3.88232 3.61825 39.4858 1187.88
223.206 62.5763 3.88884 3.71777 58.3458 1270.23
225.609 62.2024 3.89137 3.63067 62.9567 1400.2
215.402 61.6061 3.89428 3.68441 40.4132 889.419
222.911 61.4593 3.87966 3.76241 41.946 1281.56
224.22 61.4862 3.87773 3.69162 54.5094 1348.17
226.918 61.1512 3.88014 3.76136 39.1326 1497.34
210.276 60.4814 3.94222 3.66869 45.3754 661.467
219.809 60.7718 3.90139 3.66856 28.7741 1142.48
221.424 60.3024 3.89738 3.83192 26.5079 1243.33
223.909 60.7704 3.87212 3.65439 39.7457 1355.04
190.452 56.6011 3.90136 3.66032 24.4224 779.204
212.597 59.9979 3.9697 3.663 45.325 800.837
222.262 59.6304 3.92219 3.77957 42.4509 1314.5
223.04 60.1218 3.8731 3.7636 44.3695 1334.26
226.285 59.5898 3.88437 3.71318 41.1235 1525.02
227.183 60.2114 3.8818 3.64981 70.1991 1545.41
212.566 65.1171 3.93075 3.83479 49.8144 762.67
207.606 58.6097 3.85689 3.61009 19.5217 648.115
213.66 59.4296 3.96058 3.72059 30.9589 882.481
227.731 58.9601 3.89734 3.79213 33.291 1629.09
224.26 58.4133 3.93983 3.79142 19.8545 1476.57
229.033 59.3946 3.87654 3.73579 29.2826 1676.26
197.939 55.703 3.94937 3.80785 35.6529 734.805
200.447 56.2848 3.91332 3.54202 17.8831 678.74
223.768 57.9616 3.96353 3.73856 33.1083 1475.42
225.424 57.4688 3.97079 3.781 26.7085 1588.3
228.869 57.9128 3.90548 3.76855 23.209 1741.68
212.138 64.8735 3.98016 3.96248 23.2522 735.298
210.428 68.6408 3.90655 3.6145 35.582 895.696
229.974 55.9154 3.95069 3.73862 17.6101 1916.28
227.653 56.4191 3.97168 3.64176 16.6175 1765.49
211.063 63.7323 3.8461 3.52524 90.2514 656.538
211.14 63.4057 3.85022 3.62494 57.0143 656.001
218.547 60.1369 3.75935 4.53492 28.8631 1100.62
217.908 60.4896 3.92344 3.821 28.752 1053.87
217.507 60.403 3.93251 3.71348 38.5189 1036.3
218.338 61.0595 3.88539 3.79373 23.8361 1056.77
216.296 60.3923 3.94269 3.66966 26.7739 974.031
216.716 60.1205 3.92751 3.81996 31.6017 1006.58
215.271 60.5805 3.92219 3.83909 30.4191 913.886
216.679 60.2805 3.94284 3.68714 29.4744 998.201
218.244 60.7315 3.92796 3.65856 24.5531 1062.64
217.659 60.602 3.914 3.8801 33.5352 1036.83
216.749 60.4427 3.94019 3.75274 32.9301 995.539
217.639 60.9231 3.92562 3.70967 45.6852 1024.84
218.995 60.8241 3.89987 3.75615 31.3085 1098.47
216.976 61.3836 3.89586 3.79687 31.7509 976.713
218.049 60.1785 3.93636 3.6876 38.349 1073.18
216.031 60.2361 3.93941 3.81833 23.7647 966.488
217.533 61.187 3.90666 3.77522 43.9802 1011.16
218.652 60.2994 3.95594 3.67187 22.3294 1099.64
219.217 60.1294 3.96064 3.8094 30.4824 1135.64
216.221 60.072 3.95716 3.64658 22.4953 983.075
218.856 60.4399 3.94565 3.70119 30.0588 1104.84
216.546 61.2275 3.92167 3.49033 52.8941 958.748
