# evlo=212.273804 evla=61.7929
194.627 64.5646 3.95726 3.92586 37.5326 937.231
204.378 55.8218 3.96471 3.39814 24.7839 805.419
200.411 54.831 3.97518 3.72155 17.3114 1038.43
196.582 54.8564 3.96905 3.63021 25.7552 1195.55
188.296 63.7758 3.94882 3.6572 29.0627 1236.05
234.753 71.9871 4.02177 3.74139 33.044 1485.79
198.198 69.3641 3.97715 3.70985 26.0327 1059.89
202.84 70.0079 4.00228 3.53526 18.5393 1009.24
205.387 69.6211 3.99758 3.96893 18.7073 927.016
194.656 68.2746 3.90218 3.72769 18.157 1093.58
196.822 68.4753 3.94311 3.90871 17.9539 1034.21
198.806 68.6483 3.94435 3.84185 23.1004 986.22
200.413 69.1049 3.94273 3.73728 25.9317 979.863
209.387 69.836 3.98611 3.70993 15.5918 906.244
211.299 69.72 3.95074 3.45605 19.6691 884.993
215.088 69.9175 3.99112 3.52786 21.4334 914.75
216.289 69.626 3.97815 3.56442 25.3256 892.178
196.917 67.6988 3.87689 3.85346 25.1924 979.257
201.885 68.4946 3.95238 3.68299 25.2271 889.57
207.318 68.8799 4.0459 3.59853 22.4725 822.562
209.319 68.9656 3.98416 3.71231 21.0808 811.219
211.177 69.1532 4.01372 3.45731 25.9088 822.203
213.625 69.322 3.96935 3.53456 26.8584 841.758
219.035 69.243 3.93726 3.58755 23.7424 886.36
221.263 69.3286 3.93852 3.84355 25.564 934.987
198.174 67.082 3.86763 3.54389 26.6756 895.765
202.768 67.4572 3.93471 3.55304 17.2109 776.357
203.811 68.2575 3.94712 3.8087 21.9344 822.079
210.384 68.0584 4.02484 3.51609 23.0023 704.161
211.513 68.0748 4.02234 3.36072 24.312 701.284
214.432 68.1207 3.97149 3.57693 46.0309 712.716
218.405 68.1861 3.9598 3.34408 35.6882 768.401
220.465 68.6043 3.91688 3.7627 28.4547 849.142
222.103 68.3889 3.93829 3.62594 67.404 866.278
223.281 66.3701 3.96653 3.61266 65.1334 738.88
193.671 65.4742 3.92323 3.75949 21.1854 1004.46
195.352 65.7077 3.86193 3.72101 15.0572 938.436
198.75 66.442 3.82922 3.53906 23.0046 835.437
200.349 66.6001 3.85341 3.54484 16.5542 786.904
202.227 66.8332 3.89896 3.62366 17.151 741.213
206.517 67.2221 3.95521 3.666 33.1698 664.816
212.113 67.5187 4.06081 3.44293 32.004 638.397
214.357 67.5933 3.97585 3.59985 43.1525 654.173
215.855 67.6946 3.94118 3.74298 36.0962 679.431
220.128 67.6136 3.89331 3.48925 46.0721 748.033
224.214 67.6106 3.98592 3.63597 25.8736 860.282
226.258 67.441 3.98672 4.01846 53.7126 915.017
197.645 65.3936 3.90114 3.57005 21.8145 826.963
199.349 65.5011 3.87346 3.46129 23.5206 760.076
201.346 65.895 3.85807 3.48653 25.6657 704.172
202.913 66.1434 3.86021 3.76371 24.9677 666.134
218.345 66.8088 3.93726 3.68476 40.3453 631.041
221.978 66.9116 3.96497 3.65214 41.3555 736.866
223.778 66.9808 3.98385 3.62253 36.9132 799.304
225.729 66.9227 3.98184 3.64201 40.6794 862.539
197.761 64.6379 3.95566 3.4705 23.7182 793.581
200.087 64.937 3.93255 3.54865 18.6276 701.679
201.637 65.1527 3.96281 3.58688 25.2236 647.886
221.631 66.2191 3.94825 3.80583 45.9888 671.73
225.657 65.8052 3.97396 3.60686 30.9307 794.434
223.623 65.2225 3.94659 3.84451 54.8477 680.74
196.446 62.7492 3.91302 3.52055 72.5638 826.708
199.398 63.2842 3.95452 3.70496 57.4259 681.975
223.67 64.5753 3.93112 3.72651 60.0108 650.972
195.344 61.9331 3.87097 3.57566 41.3155 888.658
198.469 62.2938 3.91459 3.67407 55.6323 723.077
197.317 61.3416 3.87561 3.7863 63.0448 794.622
198.513 61.678 3.9002 3.60592 53.6709 726.035
193.799 60.3849 3.88382 3.72351 61.7123 1005.56
196.65 60.4135 3.8882 3.81559 56.5644 854.338
198.04 60.7515 3.87351 3.79618 78.9282 770.717
199.312 60.6947 3.86611 3.70555 79.5523 705.408
225.609 62.2024 3.8826 3.76693 77.2341 699.059
198.315 59.9237 3.88972 3.62269 111.282 784.992
199.908 60.1686 3.88695 3.77153 66.6016 692.334
224.22 61.4862 3.82015 3.83201 64.3087 633.389
226.918 61.1512 3.84536 3.66815 68.8094 782.174
198.736 59.2533 3.91801 3.65671 57.2302 793.654
200.175 59.1767 3.94197 3.59016 53.2947 724.85
223.909 60.7704 3.84101 3.59854 46.3107 633.407
190.452 56.6011 3.90756 3.64629 19.1686 1365.94
202.009 59.0314 3.99602 3.85745 46.5975 642.887
226.285 59.5898 3.84937 3.7788 58.9301 802.014
227.183 60.2114 3.83395 3.5784 72.4437 823.677
227.731 58.9601 3.86598 3.82941 38.9163 906.556
202.426 57.5673 3.91614 3.49107 43.2868 726.296
203.613 57.6397 3.91016 3.91017 40.4316 671.048
224.26 58.4133 4.01427 3.73028 30.0669 764.086
225.482 58.2747 4.00883 3.56226 22.8375 831.993
229.033 59.3946 3.85582 3.63819 54.68 953.368
197.939 55.703 3.94266 3.5322 57.8116 1067.88
200.447 56.2848 3.92546 3.80118 32.8928 912.684
223.768 57.9616 4.03155 4.04338 26.1871 770.741
225.424 57.4688 4.02841 3.993 33.5032 882.141
228.869 57.9128 3.92093 3.98395 53.2623 1021.85
229.75 56.9811 3.94193 3.94428 45.1239 1123.63
210.428 68.6408 4.01291 3.55283 20.7716 768.291
226.879 56.1146 3.98666 3.62032 17.3828 1048.08
228.385 55.3279 3.96398 3.53283 17.7874 1177.01
227.653 56.4191 4.02334 3.80624 16.9163 1061.2
