# evlo=207.376007 evla=60.081501
225.449 60.24 3.88589 3.8456 24.7227 1000.6
194.627 64.5646 3.85054 3.99473 54.1696 826.097
220.363 59.9534 3.89589 3.58808 62.8375 723.273
225.144 58.5792 3.89028 3.9278 45.3418 1021.94
200.411 54.831 4.02364 3.60484 19.1695 718.024
209.796 67.2269 4.01215 3.40863 36.0066 805.323
196.582 54.8564 3.97642 3.79276 28.4553 868.785
214.766 66.5657 3.96417 3.58469 25.8459 810.853
188.296 63.7758 3.86926 3.53356 40.197 1078.16
218.995 60.824 3.88967 3.81472 57.7445 643.932
219.217 60.1294 3.8826 3.80344 67.8387 657.774
218.856 60.4399 3.87789 3.92099 47.2333 635.963
205.026 71.0033 3.95132 3.64097 31.3636 1222.37
234.753 71.9871 3.98032 3.71233 27.3458 1786.05
202.84 70.0079 3.94986 3.63828 22.8077 1126.37
205.387 69.6211 3.95974 3.67116 26.2694 1067.59
198.806 68.6483 3.96667 3.67614 15.2176 1038.59
200.413 69.1049 3.94419 3.90216 49.441 1058.2
205.217 69.1565 3.95165 3.71513 35.345 1016.83
209.387 69.836 4.0058 3.57855 20.4575 1091.53
211.299 69.72 3.96522 3.59654 27.3158 1089.97
215.088 69.9175 3.96331 3.72618 38.9715 1153.24
216.289 69.626 3.96431 3.6839 64.4626 1142.23
235.93 69.3475 4.0149 3.88895 35.3221 1682.72
201.885 68.4946 3.91841 4.00787 23.869 973.932
207.318 68.8799 3.9445 3.59414 24.6186 980.879
209.319 68.9656 4.00512 3.72146 27.1782 994.695
211.177 69.1532 4.00659 3.6713 17.6674 1027.09
213.625 69.322 3.94723 3.77175 46.1812 1071.11
219.035 69.243 3.96303 3.9362 29.3927 1158.89
221.263 69.3286 3.9831 3.83884 25.7914 1219.03
199.397 67.4213 3.98644 3.72993 17.1653 906.385
202.768 67.4572 3.9406 3.46705 23.8997 852.462
206.028 68.4414 3.91172 3.70835 20.1203 934.194
210.384 68.0584 3.94976 3.79716 27.5724 901.013
211.513 68.0748 3.93753 3.73945 34.8684 913.149
218.405 68.1861 3.97776 3.55453 35.9347 1047.57
220.465 68.6043 3.98904 3.83177 29.4173 1136.31
222.103 68.3889 3.97122 3.73599 24.3158 1163.44
223.281 66.3701 3.9586 3.89258 51.5721 1058.03
193.671 65.4742 3.85421 3.8896 37.7975 919.019
195.352 65.7077 3.81798 4.02746 32.2294 873.128
202.227 66.8332 3.96486 3.54762 21.2443 794.561
206.517 67.2221 3.96412 3.43571 24.737 797.087
207.821 67.5076 3.95446 3.74338 36.5537 828.096
212.113 67.5187 3.9552 3.50852 29.9115 860.677
214.357 67.5933 3.93699 3.85352 25.6414 903.791
215.855 67.6946 3.93314 3.83172 64.9257 943.413
226.258 67.441 3.98989 3.8092 28.1949 1232.51
195.961 64.9941 3.85885 3.91812 19.7492 800.954
197.645 65.3936 3.95136 3.37891 23.0647 771.626
206.494 66.5156 3.99701 3.485 28.4384 718.525
208.493 66.9214 3.9931 3.33425 29.9512 764.429
209.976 66.7108 3.97651 3.52272 28.9986 750.127
212.525 66.7004 3.9818 3.43776 24.332 780.766
213.899 66.7653 3.92873 3.76525 37.6176 812.1
216.215 66.9498 3.95112 3.8651 32.0068 881.131
218.345 66.8088 3.97716 3.69151 26.2705 925.582
223.778 66.9808 3.97618 3.79558 37.9319 1114.98
225.729 66.9227 3.98474 3.65727 38.0108 1182.49
197.761 64.6379 3.85453 3.50473 16.047 709.735
200.087 64.937 3.95245 3.60146 21.8241 657.8
208.623 65.8937 3.99525 3.76793 32.8283 650.875
210.457 65.8251 3.99188 3.56232 33.8523 658.805
212.122 65.8371 3.98146 3.87511 51.7307 684.768
214.18 66.267 3.89563 3.68582 15.8721 768.932
214.181 66.267 3.96756 3.74715 32.0031 768.955
218.473 66.2305 3.9576 3.73503 41.1276 882.055
221.631 66.2191 3.96386 3.56326 30.4243 987.957
225.657 65.8052 3.96295 3.93012 24.0899 1119.72
216.846 65.3064 3.98456 3.59712 51.913 756.188
218.385 65.6035 3.94429 3.7701 53.9139 830.404
220.064 65.4483 3.93658 3.69697 57.6889 879.054
221.694 65.3609 3.92671 3.80079 50.5557 935.86
223.623 65.2225 3.94176 3.76327 40.9355 1006.48
196.446 62.7492 3.91669 3.47907 23.1557 653.873
216.436 64.5012 3.95347 3.66668 71.1341 679.752
221.784 64.453 3.91023 3.8671 41.1569 889.862
221.784 64.4525 3.92106 3.72114 30.2419 889.812
223.67 64.5753 3.94325 3.67007 30.138 977.748
195.344 61.9331 3.89919 3.72747 31.1961 681.602
217.924 64.0292 3.8816 3.73644 59.3446 704.176
222.48 63.8433 3.9476 3.44698 44.2843 893.423
218.173 63.0618 3.93967 3.64997 75.2815 661.653
221.871 63.109 3.9562 3.58312 43.5926 837.896
193.799 60.3849 3.87749 3.58503 70.7933 751.688
221.538 62.4435 3.97372 3.63308 47.2998 802.243
223.206 62.5763 3.98157 3.52933 48.412 889.425
225.609 62.2024 3.93686 3.87962 46.6499 1006.5
222.911 61.4593 3.91172 3.74662 73.9867 858.295
224.22 61.4862 3.93552 3.56539 91.807 928.123
226.918 61.1512 3.9619 3.6956 67.5448 1072.64
219.809 60.7718 3.90245 3.69055 62.3508 688.083
221.424 60.3024 3.88012 3.68905 71.3876 778.274
223.909 60.7704 3.90388 3.76988 159.769 911.466
190.452 56.6011 3.93038 3.91304 32.2876 1060.66
222.262 59.6304 3.87962 3.62974 60.983 833.979
223.04 60.1218 3.89107 3.68887 59.4904 869.349
226.285 59.5898 3.88991 3.79325 86.3477 1058.15
227.183 60.2114 3.92309 3.65694 108.629 1096.28
227.731 58.9601 3.89485 3.74876 66.2927 1154.28
229.033 59.3946 3.90251 3.67794 59.0182 1214.9
197.939 55.703 3.936 3.58712 44.6836 741.124
228.869 57.9128 3.89994 3.74687 56.6526 1252.9
210.428 68.6408 3.98039 3.80618 35.6055 965.224
227.653 56.4191 3.94077 3.80124 56.8024 1252.66
218.995 60.8241 3.88967 3.81472 57.7445 643.932
219.217 60.1294 3.8826 3.80344 67.8387 657.774
218.856 60.4399 3.87789 3.92099 47.2333 635.963
