# evlo=190.451599 evla=56.601101
218.338 61.0595 3.974 3.69545 15.473 1670.74
215.395 60.9677 3.93778 3.78755 16.9116 1511.42
209.094 59.7511 3.94125 3.83246 21.7152 1147.2
209.259 59.7417 3.93879 3.83339 29.4621 1156.17
208.846 60.7683 3.92331 3.80938 29.2368 1158.45
208.763 59.5251 3.92522 3.89565 32.4747 1124.72
209.796 67.2269 3.92172 3.73392 17.5294 1547.17
216.907 60.7523 3.90981 3.87365 21.6884 1590.44
218.66 60.9649 3.93813 3.70725 16.888 1687.29
209.738 62.4058 3.8576 3.69833 18.34 1262.13
212.624 63.0753 3.87302 3.67885 19.9785 1426.65
214.225 61.1292 3.94677 3.72839 18.7936 1451.65
214.25 60.5487 3.93917 3.77032 24.1362 1443.5
213.401 60.7277 3.94852 3.76855 17.596 1400.31
209.784 61.1426 3.9089 3.78138 28.1443 1218.62
216.188 61.4417 3.93857 3.76875 20.6647 1561.09
212.904 60.8792 3.93008 3.73176 20.5372 1376.44
213.052 64.4091 3.88101 3.71383 20.0901 1503.05
213.497 60.396 3.95251 3.71884 22.7132 1400.23
208.348 59.6572 3.94405 3.87503 37.1286 1104.07
215.581 59.9268 3.9401 3.78988 18.2764 1510.74
217.639 60.9231 3.92516 3.75922 20.5145 1631.78
214.077 61.4924 3.9309 3.92031 23.1741 1451.28
211.542 61.4131 3.91842 3.62223 20.7955 1317.51
216.976 61.3836 3.92294 3.79504 18.7276 1601.86
217.533 61.1871 3.92544 3.80928 16.5281 1628.91
207.417 57.7828 3.9102 3.66582 25.3954 1031.31
219.035 69.243 3.94705 3.87922 21.4856 1988.45
222.103 68.3889 3.92344 3.87335 19.0011 2054.89
206.517 67.2221 3.88078 3.89073 15.1623 1444.49
212.113 67.5187 3.91539 3.69951 17.2232 1645.15
202.913 66.1434 3.89611 3.68815 17.8274 1249.79
209.976 66.7108 3.90294 3.744 25.1556 1516.64
197.761 64.6379 3.83994 3.82945 16.8143 979.351
203.551 65.5276 3.89902 3.6801 15.6663 1215.34
205.119 65.4924 3.90582 3.66529 17.6675 1262.27
207.195 65.6571 3.9066 3.62267 21.8852 1345.19
214.843 62.3987 3.93488 3.59734 23.0461 1512.87
213.052 64.4091 3.88101 3.71383 20.0901 1503.05
199.305 63.8864 3.90126 3.62581 18.7137 946.393
223.623 65.2225 3.92143 3.76102 17.0418 2007.14
196.446 62.7492 3.82345 3.86268 27.575 762.936
199.398 63.2842 3.95477 3.60786 20.9335 895.121
200.922 63.3965 3.90964 3.50844 21.0047 953.862
205.853 64.1767 3.92066 3.64608 18.763 1191.5
195.344 61.9331 3.73783 3.96191 20.4791 655.826
198.469 62.2938 3.90136 3.66032 24.4224 779.204
201.699 62.7161 3.89109 3.50238 19.1824 928.124
205.93 63.3569 3.92533 3.71384 23.2622 1140.78
197.317 61.3416 3.89528 3.69487 36.3295 658.675
198.513 61.678 3.89985 3.67104 31.6081 728.852
200.525 61.7105 3.8513 3.87389 19.51 808.368
205.146 62.1816 3.87012 3.61682 17.8345 1037.07
206.12 62.4787 3.87834 3.47636 17.7388 1097.36
221.871 63.109 3.89453 3.6635 20.6131 1880.32
198.04 60.7515 3.94094 3.69447 19.1905 637.617
201.041 61.0224 3.88402 3.66644 16.4777 783.915
204.176 61.4907 3.89377 3.64428 19.6294 954.742
206.868 61.8823 3.8738 3.51743 19.5793 1101.65
209.88 61.7531 3.8668 3.80809 18.4576 1243.75
212.274 61.7929 3.90756 3.64629 19.1686 1365.94
213.825 62.1067 3.92678 3.70477 34.5356 1453.58
217.004 62.4013 3.93509 3.6409 18.2593 1621.89
218.122 62.3579 3.92133 3.59117 15.0903 1677.88
221.538 62.4435 3.89786 3.73648 15.1686 1854.06
223.206 62.5763 3.90925 3.75008 17.3546 1941.09
225.609 62.2024 3.91189 3.68283 21.6665 2062.79
199.908 60.1686 3.92588 3.74831 23.5291 680.076
202.813 60.5269 3.89668 3.80991 21.5046 839.964
204.11 60.6801 3.85748 3.75314 22.8934 911.606
205.516 60.8132 3.86586 3.62571 19.2892 988.052
215.402 61.6061 3.93534 3.7255 21.3508 1522.83
222.911 61.4593 3.90629 3.6664 19.755 1918.29
226.918 61.1512 3.939 3.76341 18.2486 2133.24
200.175 59.1767 3.87488 3.80915 34.8061 643.353
201.907 59.5938 3.8494 3.7779 26.1556 751.966
202.905 59.7733 3.87319 3.60559 34.439 811.653
204.792 59.8542 3.88308 3.94047 31.674 914.824
205.68 60.1952 3.89114 3.96792 28.8792 973.398
207.376 60.0815 3.93038 3.91304 32.2876 1060.66
210.276 60.4814 3.93013 3.81713 17.9615 1226.98
221.424 60.3024 3.94126 3.76397 18.8728 1836.38
223.909 60.7704 3.93061 3.92978 20.054 1971.82
202.009 59.0314 3.83812 4.02922 35.9963 737.158
203.561 59.1953 3.88094 3.69238 28.1301 827.65
204.771 59.3922 3.88448 3.94895 21.0731 899.898
206.768 59.6524 3.91379 3.96087 35.0481 1016.58
212.597 59.9979 3.96494 3.75534 36.3545 1345.31
222.262 59.6304 3.92998 3.77694 15.5295 1886.01
223.04 60.1218 3.93657 3.7486 15.4395 1926.52
212.566 65.1171 3.88143 3.62632 15.1842 1517.57
203.344 58.6774 3.88809 3.66958 29.0937 802.558
204.113 58.2637 3.88881 3.93872 19.1719 839.657
206.355 58.9287 3.92926 3.63323 21.5899 978.81
207.606 58.6097 3.93931 3.63722 24.9357 1046.52
213.66 59.4296 3.94569 3.76059 18.3217 1399.73
227.731 58.9601 3.93515 3.73906 17.5771 2204.05
202.426 57.5673 3.88444 3.70466 17.9286 732.992
205.548 57.5665 3.88666 3.77659 16.5403 919.703
224.26 58.4133 3.94013 3.74987 18.1801 2014.95
229.033 59.3946 3.93018 3.78529 16.8282 2269.75
223.768 57.9616 3.92886 3.84313 36.4988 1994.6
229.974 55.9154 3.92388 3.73891 18.3425 2416.62
228.385 55.3279 3.93792 3.7543 17.8174 2342.86
209.931 62.7622 3.62772 3.45463 19.1064 1286.62
218.338 61.0595 3.97402 3.69546 15.473 1670.74
217.639 60.9231 3.92514 3.75919 20.5145 1631.77
216.976 61.3836 3.92294 3.79504 18.7276 1601.86
217.533 61.187 3.92546 3.80931 16.5281 1628.91
