# evlo=225.423706 evla=57.4688
215.395 60.9677 4.05553 4.08069 34.5152 691.658
212.195 64.6453 3.85423 3.80834 27.8896 1068.19
200.411 54.831 3.97972 3.81603 17.5702 1572.66
209.796 67.2269 3.89984 3.7578 15.1289 1347.57
209.738 62.4058 4.0429 3.71968 23.5078 1031.14
214.225 61.1292 4.02587 3.7826 18.7345 755.721
214.25 60.5487 3.99591 3.74409 42.7746 726.671
216.188 61.4417 4.09416 3.87635 30.3484 684.671
212.904 60.8792 3.98862 3.73514 27.8665 808.681
215.271 60.5805 4.02894 3.85239 21.3583 677.312
215.738 60.3351 3.98105 3.73596 29.3251 642.249
215.581 59.9268 3.9595 3.68264 44.9393 632.112
214.077 61.4924 4.05827 4.04132 18.8686 782.154
211.542 61.4131 4.01994 3.72886 29.7393 899.378
211.768 64.9602 3.86916 3.69956 19.915 1106.84
210.931 64.5928 3.86069 3.98983 19.5422 1110.35
214.53 62.9699 3.85843 3.44684 21.8425 858.253
214.475 65.5174 3.87623 3.97044 20.5458 1066.53
215.323 60.3863 4.00798 3.65295 21.9475 665.405
216.546 61.2275 4.11153 4.10767 26.3599 655.149
207.417 57.7828 3.94113 3.8293 64.1839 1073.3
212.138 64.8736 3.85844 3.73572 30.518 1087.42
196.822 68.4753 3.92582 3.91514 20.2784 1869.36
205.217 69.1565 3.9379 3.77461 18.1553 1633.75
211.299 69.72 3.93477 3.73974 15.6761 1526.38
215.088 69.9175 3.93045 3.80565 17.5037 1474.02
216.289 69.626 3.92963 3.84121 15.9193 1425.54
201.885 68.4946 3.92105 3.8638 24.3131 1692.34
209.319 68.9656 3.89119 3.66708 16.3162 1505.55
211.177 69.1532 3.9404 3.60846 15.0945 1476.99
213.625 69.322 3.8988 3.82472 21.6619 1440.96
219.035 69.243 3.95024 4.04017 18.4988 1349.05
199.397 67.4213 3.91333 3.79758 16.6938 1719.76
202.768 67.4572 3.87091 3.82635 15.3608 1597.01
211.513 68.0748 3.902 3.52993 19.1597 1371.96
218.405 68.1861 3.94885 3.8008 19.9448 1245.03
214.357 67.5933 3.89537 3.71822 20.0213 1259.71
215.855 67.6946 3.8932 3.65744 19.0964 1237.96
226.258 67.441 3.99998 3.74443 21.4384 1112.22
202.913 66.1434 3.88929 3.67963 17.9843 1516.18
206.494 66.5156 3.87044 3.64407 21.707 1403.62
209.976 66.7108 3.88936 3.83067 22.5259 1301
212.525 66.7004 3.89567 3.74883 21.7534 1224.65
223.778 66.9808 3.94031 3.92247 20.0051 1063.45
201.637 65.1527 3.90508 3.77136 16.1112 1520.79
207.195 65.6571 3.86939 3.61642 21.2721 1321.81
208.623 65.8937 3.84287 3.71365 16.138 1285.38
210.457 65.8251 3.8812 3.70847 28.9686 1217.01
212.122 65.8371 3.87689 3.85656 29.6507 1163.97
218.473 66.2305 3.92146 3.72458 23.5447 1041.25
225.657 65.8052 3.93982 3.93811 18.9198 929.077
208.018 65.18 3.86044 3.8716 15.0863 1260.05
210.64 65.1479 3.87018 3.79433 24.2505 1160.49
220.064 65.4483 3.89272 4.09067 19.0017 933.184
221.694 65.3609 3.89255 3.30482 20.5055 901.337
196.446 62.7492 3.94832 3.71239 16.5792 1698.09
199.398 63.2842 4.00447 3.76488 16.1753 1560.85
216.436 64.5012 3.86327 3.46481 20.2903 920.414
221.784 64.4525 3.95185 3.39163 18.8708 802.447
223.67 64.5753 3.87565 3.51996 19.0337 797.45
195.344 61.9331 3.93163 3.70512 21.6397 1747.08
198.469 62.2938 3.97079 3.781 26.7085 1588.3
201.699 62.7161 3.9935 3.89961 28.3249 1433.08
217.924 64.0292 3.90305 3.73265 21.2862 836.355
222.48 63.8433 3.93022 3.52691 30.6463 728.088
198.513 61.678 3.95539 3.71475 26.7404 1578.42
200.525 61.7105 3.95273 3.77871 34.3923 1472.98
201.703 62.1344 3.97275 3.82863 23.0879 1419.39
203.311 62.2195 4.00361 3.92881 24.9416 1339.39
205.146 62.1816 4.01438 3.73599 26.5541 1245.9
206.12 62.4787 4.05737 3.66067 17.5545 1207.48
218.173 63.0618 3.84207 3.61139 26.5255 740.236
221.871 63.109 3.89223 3.68549 31.0623 658.172
198.04 60.7515 3.92291 3.80616 31.8123 1598.2
205.609 61.9037 3.98289 3.87905 36.265 1214.32
206.868 61.8823 4.00289 3.91519 52.6696 1149.99
209.88 61.7531 4.01879 3.86171 26.5185 995.425
212.274 61.7929 4.02841 3.993 33.5032 882.141
217.004 62.4013 3.88913 3.14464 20.0957 722.453
218.122 62.3579 3.78661 3.48329 20.1436 679.993
215.402 61.6061 4.08201 3.78835 27.7239 729.37
198.736 59.2533 3.90685 3.74642 39.5056 1564.03
200.175 59.1767 3.92718 3.74159 34.8037 1482.61
201.907 59.5938 3.91474 3.78207 42.9803 1382.65
210.276 60.4814 3.96689 3.74645 35.3386 931.038
202.009 59.0314 3.92386 3.82546 35.0981 1378.6
203.561 59.1953 3.92159 3.75835 34.0939 1289.19
204.771 59.3922 3.92189 3.79565 36.8856 1220.27
212.566 65.1171 3.85782 3.86322 24.4074 1091.85
203.344 58.6774 3.93759 3.73663 43.064 1303.88
204.113 58.2637 3.94396 3.69527 67.8067 1262.61
204.991 58.6484 3.93106 3.75938 41.5256 1208.61
206.355 58.9287 3.91522 3.95267 52.8737 1129.07
207.606 58.6097 3.91783 3.76464 85.4736 1056.93
213.66 59.4296 3.91021 3.68804 52.0933 719.648
202.426 57.5673 3.95223 3.76731 71.5244 1371.59
203.613 57.6397 3.94176 3.72861 32.1796 1300.23
205.548 57.5665 3.95633 3.86785 39.2238 1186.88
197.939 55.703 3.95995 3.74816 17.4156 1688.44
200.447 56.2848 3.96924 3.78557 22.8034 1519.93
212.138 64.8735 3.84622 3.78662 17.5948 1087.42
209.931 62.7622 4.08453 4.78413 25.9265 1039.83
215.271 60.5805 4.02894 3.85239 21.3583 677.312
216.546 61.2275 4.11153 4.10767 26.3599 655.149
