# evlo=210.410004 evla=68.627403
218.338 61.0595 3.88671 3.66226 16.5032 922.073
216.679 60.2805 3.90318 3.42942 17.021 977.042
216.749 60.4427 3.93682 3.59454 23.2058 960.642
216.031 60.2361 3.93984 3.82552 22.1626 972.911
217.533 61.1871 3.86533 3.63332 17.2831 894.053
219.217 60.1294 3.87206 3.73412 16.8738 1036
216.221 60.072 3.92696 3.65082 15.654 993.178
216.546 61.2275 3.90071 3.742 24.017 873.555
226.475 68.3065 4.02443 3.67303 59.476 657.375
207.417 57.7828 4.04756 3.58284 24.7314 1217.76
194.662 64.5695 3.97581 3.69061 31.6395 828.426
218.338 61.0595 3.88672 3.66227 16.5032 922.075
216.679 60.2805 3.90318 3.42942 17.021 977.042
216.749 60.4427 3.93682 3.59454 23.2058 960.642
216.031 60.2361 3.93984 3.82552 22.1626 972.911
217.533 61.187 3.86539 3.63338 17.2831 894.067
219.217 60.1294 3.87206 3.73412 16.8738 1036
216.221 60.072 3.92696 3.65082 15.654 993.178
216.546 61.2275 3.90071 3.742 24.017 873.555
