# evlo=210.818604 evla=64.885696
194.627 64.5646 3.81039 3.65185 31.6994 770.413
217.513 60.0823 3.84008 3.9537 19.1865 636.246
219.217 60.1294 3.78184 3.71731 16.1629 683.159
234.753 71.9871 3.95755 3.82253 24.7898 1247.02
200.413 69.1049 3.8439 3.52367 16.9419 652.22
235.93 69.3475 4.03635 3.82416 27.7128 1187.1
221.263 69.3286 3.94841 3.72076 20.2492 670.023
222.103 68.3889 3.96458 3.9117 23.4612 632.586
195.352 65.7077 3.94289 3.47131 17.1161 725.466
224.214 67.6106 3.97438 3.56545 31.4961 672.731
226.258 67.441 4.01226 3.5778 36.2485 750.057
218.547 60.1369 3.39002 4.99402 24.4498 661.335
219.217 60.1294 3.78184 3.71731 16.1629 683.159
