# evlo=220.363098 evla=59.9534
194.627 64.5646 3.6506 3.2569 68.7036 1420.22
225.144 58.5792 3.76387 3.33459 171.931 312.595
215.395 60.9677 3.63231 3.11594 235.101 295.709
209.013 64.0997 3.60887 3.13211 90.1811 750.955
209.259 59.7417 3.66192 3.23486 280.588 622.194
210.701 64.1732 3.5997 3.05937 112.091 688.916
208.846 60.7683 3.60952 3.05824 146.528 641.234
207.916 63.4188 3.58753 3.19132 27.8956 761.906
212.195 64.6453 3.63238 3.18315 109.224 672.024
204.378 55.8218 3.79547 3.54545 88.7485 1050.41
207.685 63.8827 3.60145 3.26852 81.9912 795.006
208.763 59.5251 3.67507 3.27917 261.284 653.288
209.796 67.2269 3.64957 3.27891 68.5935 962.854
209.738 62.4058 3.65759 3.12006 104.256 632.637
212.624 63.0753 3.56087 3.10194 106.122 538.577
214.225 61.1292 3.63361 3.11935 225.108 361.296
215.93 63.6482 3.60893 3.05629 119.59 473.245
214.25 60.5487 3.60765 3.13593 229.242 344.825
196.582 54.8564 3.715 3.28225 57.4437 1527.61
213.401 60.7277 3.60101 3.12458 213.602 393.825
209.784 61.1426 3.62037 3.08585 185.738 594.759
188.296 63.7758 3.66289 3.29743 77.3138 1720.48
203.121 64.7461 3.63107 3.17403 58.7348 1035.7
211.074 61.771 3.63083 3.12032 137.028 543.298
212.904 60.8792 3.61327 3.1536 269.865 423.462
213.052 64.4091 3.61703 3.14541 91.8839 624.981
213.497 60.396 3.61541 3.17541 230.188 384.131
225.615 58.2758 3.78156 3.30789 136.41 354.027
214.077 61.4924 3.66642 3.12675 192.263 383.323
211.542 61.4131 3.63508 3.15067 229.405 508.285
197.4 66.8951 3.66631 3.2175 38.9653 1370.69
209.077 63.5527 3.59147 3.22452 66.9831 716.996
211.063 63.7318 3.58984 3.14264 103.582 644.855
211.768 64.9602 3.62344 3.18053 108.978 711.6
209.256 65.0304 3.62768 3.13311 90.6028 802.905
210.931 64.5928 3.63308 3.10299 135.245 710.838
214.53 62.9699 3.54494 3.1662 136.726 457.618
214.475 65.5174 3.65159 3.21412 80.2121 688.672
207.811 62.8962 3.63403 3.05742 69.4491 744.371
211.667 60.8584 3.63673 3.16039 195.109 489.409
210.261 61.0889 3.6326 3.13078 211.853 568.427
197.092 68.0541 3.66586 3.12277 71.5232 1438.11
215.154 63.7399 3.6056 3.11022 102.403 502.959
211.14 63.4056 3.58622 3.19585 89.9428 620.707
211.668 61.807 3.64258 3.14747 171.185 514.894
212.671 61.832 3.68373 3.1276 161.186 466.737
216.01 63.9761 3.60233 3.15247 82.2681 502.864
214.792 60.5341 3.63658 3.26815 175.193 315.196
205.816 56.5593 3.78571 3.58414 145.918 931.466
208.468 61.98 3.65092 3.1268 141.37 681.525
209.777 60.5117 3.62765 3.09597 208.928 589.199
189.752 57.1766 3.69892 3.30128 91.8972 1791.33
209.253 61.4636 3.62959 3.11318 220.795 628.655
210.547 60.1043 3.63999 3.1658 255.591 546.994
192.073 65.5598 3.65577 3.21521 48.9926 1557.55
209.711 63.4502 3.59543 3.17153 75.9476 683.877
211.449 62.8295 3.61206 2.99461 116.807 573.38
211.415 62.9628 3.58103 2.97072 32.8264 582.444
211.462 62.6812 3.60133 2.94872 50.5083 564.712
212.058 62.8349 3.6085 3.05494 65.8916 547.113
211.771 63.0624 3.6088 3.07212 52.2611 573.064
212.26 62.5808 3.62498 2.98528 76.4974 523.568
211.152 62.8331 3.62575 2.99738 89.2787 586.741
211.908 64.4716 3.62126 3.08635 118.054 667.564
207.417 57.7828 3.75326 3.34897 141.17 783.611
212.138 64.8736 3.62064 3.17841 86.3099 692.708
194.656 68.2746 3.66297 3.12933 30.1992 1539.8
196.822 68.4753 3.65175 3.12631 36.0338 1470.06
198.806 68.6483 3.64488 3.14058 39.9996 1410.32
200.413 69.1049 3.63915 3.1438 41.2414 1386.7
205.217 69.1565 3.64907 3.15254 43.0397 1249.67
211.299 69.72 3.66684 3.19308 61.366 1167.83
215.088 69.9175 3.66408 3.13785 62.4973 1137.53
216.289 69.626 3.67796 3.25969 54.6897 1095.04
235.93 69.3475 3.74984 3.22663 101.33 1276.61
196.917 67.6988 3.66748 3.13296 39.0065 1426.91
201.885 68.4946 3.64268 3.13247 77.678 1298.02
203.387 68.7132 3.64681 3.20575 51.3475 1266.88
207.318 68.8799 3.65614 3.16779 50.2217 1171.77
209.319 68.9656 3.65745 3.19202 50.8856 1132.68
211.177 69.1532 3.66372 3.24154 56.3194 1113.44
213.625 69.322 3.65896 3.22083 66.5135 1091.46
219.035 69.243 3.65466 3.14028 38.2232 1037.54
198.174 67.082 3.66305 3.20044 39.7731 1348.52
199.397 67.4213 3.66006 3.17214 63.8501 1318.83
202.768 67.4572 3.65868 3.15155 46.3574 1198.93
203.811 68.2575 3.64374 3.1755 56.2121 1220.12
206.028 68.4414 3.65761 3.16386 24.7604 1168.82
208.187 68.1343 3.65388 3.2044 42.0296 1084.57
210.384 68.0584 3.65792 3.16945 47.8193 1024.1
211.513 68.0748 3.66192 3.20042 57.654 1001.2
214.432 68.1207 3.66164 3.22333 73.9096 954.433
218.405 68.1861 3.6522 3.21334 51.0697 922.604
220.465 68.6043 3.74355 3.48084 35.988 964.418
222.103 68.3889 3.70704 3.19363 49.7002 944.084
223.281 66.3701 3.72615 3.22792 51.5606 729.986
193.671 65.4742 3.64133 3.22312 25.6759 1483.18
195.352 65.7077 3.6483 3.14199 47.0906 1413.9
198.75 66.442 3.66776 3.18422 30.8798 1295.83
200.349 66.6001 3.66618 3.21906 30.1183 1239.12
202.227 66.8332 3.65662 3.21476 58.5804 1179.74
204.275 67.0486 3.64889 3.17337 71.916 1119.56
206.517 67.2221 3.63128 3.24012 70.0919 1057.8
207.821 67.5076 3.64179 3.24212 57.5255 1041.34
212.113 67.5187 3.65948 3.2119 66.3348 934.772
214.357 67.5933 3.66945 3.25103 68.6185 900.7
220.128 67.6136 3.68993 3.29486 55.7003 853.982
224.214 67.6106 3.73298 3.2382 73.7128 874.019
226.258 67.441 3.72637 3.23186 65.5047 883.171
195.961 64.9941 3.65161 3.20552 31.2132 1367.09
197.645 65.3936 3.64044 3.1605 46.2613 1302.38
199.349 65.5011 3.62895 3.18366 53.297 1231.36
201.346 65.895 3.65528 3.17552 47.3588 1163.97
202.913 66.1434 3.65454 3.20018 57.4586 1114.01
206.494 66.5156 3.65205 3.16732 76.5524 1006.15
208.493 66.9214 3.64019 3.19344 46.8609 973.492
209.976 66.7108 3.64328 3.24715 65.1859 912.944
212.525 66.7004 3.65431 3.22174 62.881 846.97
213.899 66.7653 3.66821 3.23093 50.4992 824.334
216.215 66.9498 3.67539 3.33023 83.97 806.422
218.345 66.8088 3.6345 3.12707 78.3039 770.683
221.978 66.9116 3.68889 3.15075 49.011 779.724
223.778 66.9808 3.71659 3.21414 36.6944 801.327
225.729 66.9227 3.68717 3.19212 72.4301 820.999
197.761 64.6379 3.64837 3.25552 40.3383 1274.78
200.087 64.937 3.62897 3.14278 43.0101 1177.8
201.637 65.1527 3.62785 3.1495 46.3201 1117.92
203.551 65.5276 3.64975 3.1644 46.8049 1055.17
205.119 65.4924 3.64606 3.1503 62.1396 990.214
207.195 65.6571 3.63775 3.20477 99.1822 921.498
208.623 65.8937 3.64286 3.21125 89.2849 888.37
210.457 65.8251 3.64602 3.16226 88.6109 823.979
212.122 65.8371 3.65694 3.18042 115.263 776.883
214.18 66.267 3.66243 3.2095 25.3593 768.98
214.181 66.267 3.65067 3.28806 35.5471 768.959
218.473 66.2305 3.64438 3.13966 49.2616 706.059
221.631 66.2191 3.67535 3.13013 48.0073 701.285
225.657 65.8052 3.68503 3.16016 77.9532 705.091
214.843 62.3987 3.55097 2.94569 99.1562 402.823
213.052 64.4091 3.61703 3.14541 91.8839 624.981
205.522 64.7962 3.62869 3.14179 51.5599 935.148
208.018 65.18 3.64024 3.11257 81.3592 858.908
210.64 65.1479 3.6212 3.19399 97.7125 763.479
216.846 65.3064 3.65304 3.32577 86.9637 623.081
218.385 65.6035 3.63004 3.15426 44.9542 637.715
220.064 65.4483 3.6428 3.13736 69.4295 612.631
223.623 65.2225 3.68191 3.13512 85.1006 610.492
196.446 62.7492 3.66421 3.14402 49.0589 1308.82
199.398 63.2842 3.64869 3.15237 25.3132 1166.3
203.285 63.465 3.62087 3.10859 41.9702 980.662
204.379 63.994 3.60839 3.24168 53.1881 947.93
205.853 64.1767 3.61444 3.25143 94.8742 889.758
214.63 64.613 3.62538 3.15642 105.141 598.005
216.436 64.5012 3.66059 3.25936 94.0913 546.193
221.784 64.453 3.712 3.17664 39.2822 506.867
221.784 64.4525 3.65003 3.20939 81.6271 506.807
223.67 64.5753 3.67078 3.14721 98.0938 542.807
195.344 61.9331 3.66234 3.16614 69.2014 1365.07
198.469 62.2938 3.65269 3.15906 83.59 1202.24
201.699 62.7161 3.66976 3.20307 68.1251 1041.32
205.93 63.3569 3.61315 3.05846 40.8756 851.143
214.222 63.8036 3.5989 3.06381 107.315 536.621
217.924 64.0292 3.64577 3.21629 94.5046 471.786
222.48 63.8433 3.66093 3.1618 119.413 447.499
197.317 61.3416 3.65056 3.14874 120.841 1263.46
198.513 61.678 3.64779 3.14867 108.34 1198.62
200.525 61.7105 3.63719 3.13601 100.539 1092.17
201.703 62.1344 3.64628 3.15612 102.953 1033.18
203.311 62.2195 3.64414 3.14662 106.007 950.998
205.146 62.1816 3.64035 3.13778 153.185 856.014
206.12 62.4787 3.65089 3.1579 136.641 813.439
216.652 63.0254 3.5752 3.06301 121.633 395.17
218.173 63.0618 3.60858 3.20376 141.413 365.447
221.871 63.109 3.66048 3.19618 155.782 360.662
193.799 60.3849 3.64913 3.177 104.185 1465.49
196.65 60.4135 3.64951 3.17995 92.2065 1309.74
198.04 60.7515 3.64764 3.17011 105.654 1229.57
199.312 60.6947 3.63949 3.15899 121.009 1161.08
201.041 61.0224 3.63388 3.1504 127.334 1064.98
202.562 61.4009 3.62682 3.09557 132.452 982.977
204.176 61.4907 3.62077 3.0726 139.798 897.477
205.609 61.9037 3.6228 3.11549 156.047 827.083
206.868 61.8823 3.63452 3.11377 138.444 761.364
209.88 61.7531 3.6411 3.13051 155.031 603.303
212.274 61.7929 3.65304 3.13194 164.492 484.453
213.825 62.1067 3.67444 2.95866 131.699 426.871
217.004 62.4013 3.54829 3.10378 114.793 327.134
223.206 62.5763 3.6358 3.08483 210.668 329.629
225.609 62.2024 3.60982 3.16193 345.926 377.934
198.315 59.9237 3.64477 3.19236 100.772 1226.87
199.908 60.1686 3.6415 3.16981 83.118 1134.99
201.231 60.4742 3.63852 3.16493 146.134 1058.51
202.813 60.5269 3.63091 3.14387 119.746 971.368
204.11 60.6801 3.6288 3.11275 147.855 899.536
205.516 60.8132 3.62244 3.08193 195.23 822.639
207.791 61.2001 3.61232 3.05944 124.521 701.961
215.402 61.6061 3.68932 3.0951 170.359 326.934
226.918 61.1512 3.65968 3.12709 226.248 383.421
198.736 59.2533 3.6651 3.22297 92.0026 1218.22
200.175 59.1767 3.67213 3.24746 85.0186 1140.03
201.907 59.5938 3.66363 3.23003 149.529 1034.3
202.905 59.7733 3.65615 3.19692 135.454 975.523
204.792 59.8542 3.65733 3.19659 147.455 869.448
205.68 60.1952 3.63385 3.14501 173.342 816.241
207.376 60.0815 3.64341 3.13339 190.29 723.273
210.276 60.4814 3.63231 3.08866 180.93 561.694
190.452 56.6011 3.7131 3.33517 37.8307 1778
202.009 59.0314 3.67788 3.25947 122.629 1041.45
203.561 59.1953 3.67915 3.24313 147.616 950.755
204.771 59.3922 3.67502 3.24561 224.929 878.797
206.768 59.6524 3.66444 3.2225 192.885 762.5
212.597 59.9979 3.62776 3.16826 204.713 433.452
226.285 59.5898 3.66633 3.28667 224.747 335.075
227.183 60.2114 3.68807 3.31942 445.074 380.497
212.566 65.1171 3.63745 3.1991 97.4023 700.555
203.344 58.6774 3.69114 3.27317 202.556 976.763
204.113 58.2637 3.69077 3.2285 152.883 947.281
204.991 58.6484 3.68609 3.23368 142.085 885.661
206.355 58.9287 3.68253 3.23007 198.857 801.378
207.606 58.6097 3.71052 3.27137 163.253 741.237
213.66 59.4296 3.67962 3.20884 242.519 381.817
227.731 58.9601 3.69418 3.32736 138.67 431.994
202.426 57.5673 3.701 3.21516 145.068 1067.92
203.613 57.6397 3.70214 3.23539 118.482 999.085
205.548 57.5665 3.72187 3.27859 70.1375 895.508
225.482 58.2747 3.80967 3.3391 116.262 347.641
229.033 59.3946 3.66954 3.30706 224.834 492.103
197.939 55.703 3.69356 3.26889 118.945 1405.72
200.447 56.2848 3.70189 3.32379 75.0548 1237.19
223.768 57.9616 3.7813 3.26907 115.685 295.933
225.424 57.4688 3.79078 3.38744 132.693 403.054
228.869 57.9128 3.72977 3.2979 127.745 539.473
227.048 56.8144 3.80047 3.4427 38.7902 524.105
229.75 56.9811 3.72148 3.27294 111.667 639.261
212.138 64.8735 3.6222 3.17922 79.1737 692.706
210.428 68.6408 3.65184 3.19052 89.0755 1078.26
226.879 56.1146 3.81912 3.47885 74.8272 574.792
229.974 55.9154 3.74995 3.4323 44.4567 724.394
218.842 64.7774 3.66974 3.27989 85.588 543.336
227.653 56.4191 3.78668 3.50273 128.868 581.538
211.063 63.7323 3.58991 3.1427 103.582 644.866
211.14 63.4057 3.58623 3.19585 89.9428 620.708
210.84 64.6544 3.63932 3.05039 68.0175 718.65
210.867 64.709 3.63336 3.0649 63.0789 721.83
210.853 64.7716 3.6401 3.12754 66.1143 727.071
210.847 64.8338 3.63797 3.11262 41.2758 732.055
210.819 64.8857 3.62785 3.15549 61.9869 737.028
210.44 64.87 3.62885 3.14774 87.0612 748.927
210.174 64.8537 3.63 3.13806 80.553 757.092
210.069 64.7653 3.63416 3.11642 107.401 754.399
210.917 64.5498 3.63601 3.08179 111.279 708.109
210.782 64.5716 3.632 3.04926 97.0224 714.544
210.554 64.5756 3.63121 3.05863 89.8506 723.045
210.901 64.613 3.6354 3.09076 114.16 713.409
211.172 64.6917 3.63661 3.10259 69.0634 709.928
209.518 60.7352 3.61535 3.07331 105.098 604.46
209.518 60.7351 3.61522 3.07319 105.098 604.438
