# evlo=218.659897 evla=60.964901
194.627 64.5646 3.63139 3.21863 78.1361 1282.38
225.144 58.5792 3.67714 3.15349 78.9176 450.629
209.013 64.0997 3.57291 3.06275 117.255 606.246
209.094 59.7511 3.64526 3.11828 266.034 544.513
209.259 59.7417 3.65005 3.12068 241.452 536.061
210.701 64.1732 3.56739 3.12777 97.7621 542.767
208.846 60.7683 3.58088 3.05102 264.072 533.175
207.916 63.4188 3.6327 3.07433 86.8444 621.678
212.195 64.6453 3.62052 3.13487 112.232 525.816
204.378 55.8218 3.71435 3.35291 65.485 1009.48
200.411 54.831 3.67305 3.17275 163.141 1273.24
207.685 63.8827 3.59288 3.07015 76.4577 652.47
208.763 59.5251 3.65436 3.10208 186.094 570.531
209.796 67.2269 3.65252 3.24819 101.023 819.315
209.738 62.4058 3.58787 3.07278 218.151 498.397
212.624 63.0753 3.56812 2.90015 87.5406 393.707
215.93 63.6482 3.62643 3.11025 119.628 330.808
196.582 54.8564 3.67024 3.21287 83.7575 1465.1
209.784 61.1426 3.58281 3.09921 185.788 479.502
214.766 66.5657 3.64476 3.24182 63.1234 652.926
188.296 63.7758 3.64943 3.23753 54.1729 1586.52
203.121 64.7461 3.60842 3.19374 116.39 893.264
211.074 61.771 3.55389 3.09021 215.05 415.264
212.904 60.8792 3.58867 3.15145 311.554 312.24
213.052 64.4091 3.62221 3.14842 137.069 479.061
208.348 59.6572 3.64457 3.09615 208.196 587.609
225.615 58.2758 3.71046 3.21741 95.1718 493.38
211.542 61.4131 3.58028 3.15543 313.218 385.913
197.4 66.8951 3.65449 3.26868 41.5342 1225.36
209.077 63.5527 3.61015 3.01706 99.0002 574.552
211.063 63.7318 3.54661 3.04884 137.172 499.421
211.768 64.9602 3.62138 3.16174 109.165 565.547
209.256 65.0304 3.63802 3.1555 152.413 656.399
210.931 64.5928 3.62354 3.15728 171.565 564.274
191.145 52.9721 3.6567 3.1985 80.719 1875.78
214.53 62.9699 3.49341 2.95864 145.586 311.101
214.475 65.5174 3.64094 3.23422 113.339 549.007
207.811 62.8962 3.61208 3.11202 161.374 608.163
211.667 60.8584 3.57125 3.08793 263.614 379.446
210.261 61.0889 3.59936 3.11426 314.509 453.957
197.092 68.0541 3.66431 3.12143 69.4875 1291.69
215.154 63.7399 3.55284 3.09118 139.132 358.527
211.14 63.4056 3.5773 3.01117 124.967 476.373
211.668 61.807 3.54465 3.12794 216.86 385.087
212.671 61.832 3.55294 3.14078 175.898 334.108
216.01 63.9761 3.63062 3.14614 108.123 362.316
205.816 56.5593 3.71983 3.2987 214.448 888.339
208.468 61.98 3.56093 3.01237 169.236 554.266
209.777 60.5117 3.61786 3.12661 348.196 486.829
189.752 57.1766 3.69094 3.26033 85.2037 1695.59
209.253 61.4636 3.57469 3.05201 166.701 508.13
210.547 60.1043 3.6429 3.14328 194.709 455.242
192.073 65.5598 3.66197 3.23022 64.7141 1416.77
209.711 63.4502 3.6065 3.01028 100.965 541.182
193.495 53.8452 3.66633 3.21451 100.15 1692.99
211.449 62.8295 3.62326 3.05986 176.707 431.981
211.415 62.9628 3.6047 2.97352 85.9432 440.146
211.462 62.6812 3.62288 3.08511 97.6261 424.503
212.058 62.8349 3.62372 3.10986 82.7482 404.548
211.771 63.0624 3.57622 2.96525 78.3407 429.554
212.26 62.5808 3.58909 3.00373 163.371 382.602
211.152 62.8331 3.62692 3.05088 147.787 445.856
211.908 64.4716 3.61997 3.16127 148.171 521.066
207.417 57.7828 3.67072 3.22462 245.367 729.564
196.917 67.6988 3.66148 3.19279 44.5242 1280.74
201.885 68.4946 3.63129 3.13355 70.703 1151.81
203.387 68.7132 3.63834 3.18382 58.8 1121.35
211.177 69.1532 3.63368 3.17213 59.8881 976.847
213.625 69.322 3.65779 3.30841 85.1592 960.459
219.035 69.243 3.67493 3.23665 54.4528 923.113
221.263 69.3286 3.72325 3.19508 47.411 940.251
198.174 67.082 3.65781 3.21197 45.173 1202.75
199.397 67.4213 3.66494 3.21283 52.3649 1172.51
202.768 67.4572 3.64921 3.15966 61.6149 1052.37
203.811 68.2575 3.62961 3.22533 58.0839 1074.23
206.028 68.4414 3.64349 3.20122 58.2931 1024.3
208.187 68.1343 3.64523 3.19544 57.0167 941.257
210.384 68.0584 3.6531 3.24278 61.7145 883.367
214.432 68.1207 3.6367 3.30292 73.8997 822.677
218.405 68.1861 3.66518 3.25812 106.467 805.148
220.465 68.6043 3.70863 3.19798 69.9221 855.926
223.281 66.3701 3.70318 3.20924 136.372 644.087
193.671 65.4742 3.65931 3.25172 52.7751 1342.29
195.352 65.7077 3.66147 3.19145 57.3395 1271.83
198.75 66.442 3.64501 3.22136 36.5196 1150.87
200.349 66.6001 3.64624 3.2093 37.0411 1093.44
202.227 66.8332 3.65355 3.21196 76.6701 1033.39
204.275 67.0486 3.64651 3.18733 70.0358 972.999
206.517 67.2221 3.64057 3.1612 70.0506 911.816
207.821 67.5076 3.63151 3.20133 69.3686 896.499
214.357 67.5933 3.6414 3.33718 71.6978 767.326
215.855 67.6946 3.66481 3.25667 51.1806 762.207
220.128 67.6136 3.69947 3.19694 53.7538 744.554
224.214 67.6106 3.71524 3.20156 66.0102 787.432
226.258 67.441 3.70269 3.19359 160.37 809.489
195.961 64.9941 3.63907 3.22827 70.7496 1227.18
197.645 65.3936 3.64476 3.18976 55.475 1160.47
199.349 65.5011 3.64662 3.18658 57.0264 1088.41
201.346 65.895 3.66131 3.16483 54.3405 1019.17
202.913 66.1434 3.63913 3.21326 54.5469 968.195
206.494 66.5156 3.65617 3.19923 102.208 859.636
208.493 66.9214 3.63259 3.20308 66.9159 828.164
209.976 66.7108 3.63779 3.18936 79.1311 768.489
213.899 66.7653 3.66962 3.28775 71.5187 687.192
216.215 66.9498 3.65836 3.27346 81.5765 677.712
218.345 66.8088 3.64533 3.18408 80.5984 651.63
221.978 66.9116 3.75086 3.3375 93.2633 682.347
223.778 66.9808 3.70897 3.20931 107.963 715.385
225.729 66.9227 3.69048 3.18516 127.455 748.092
197.761 64.6379 3.61495 3.19816 53.9496 1135.61
200.087 64.937 3.61807 3.20207 81.0879 1036.38
201.637 65.1527 3.6272 3.22899 68.8458 974.944
203.551 65.5276 3.65792 3.13588 87.7381 910.191
205.119 65.4924 3.6591 3.16074 69.3801 844.59
207.195 65.6571 3.62649 3.17086 100.381 775.02
208.623 65.8937 3.62379 3.23864 77.9614 741.923
210.457 65.8251 3.64302 3.19127 94.8903 678.307
212.122 65.8371 3.64578 3.18949 119.006 633.075
214.18 66.267 3.65923 3.29678 47.6758 631.033
214.181 66.267 3.65385 3.34509 67.411 631.015
218.473 66.2305 3.62939 3.15496 91.2108 587.032
221.631 66.2191 3.76538 3.29398 82.3588 603.807
225.657 65.8052 3.6481 3.19324 151.756 642.235
213.052 64.4091 3.62221 3.14842 137.069 479.061
199.305 63.8864 3.63557 3.1551 20.0939 1046.87
205.522 64.7962 3.60858 3.17172 87.3649 790.942
208.018 65.18 3.63711 3.15365 106.643 712.596
210.64 65.1479 3.61518 3.13588 114.278 617.074
216.846 65.3064 3.66234 3.40356 87.5695 492.439
218.385 65.6035 3.61815 3.1636 110.771 517.228
220.064 65.4483 3.70971 3.27252 108.413 504.68
221.694 65.3609 3.68693 3.21458 124.237 513.143
223.623 65.2225 3.61873 3.17911 139.862 536.345
196.446 62.7492 3.64657 3.20178 107.264 1180.05
199.398 63.2842 3.66018 3.1887 64.6461 1033.51
200.922 63.3965 3.662 3.18399 71.4359 959.278
203.285 63.465 3.6593 3.15873 69.5559 844.61
204.379 63.994 3.59596 3.12126 51.5909 807.912
205.853 64.1767 3.58524 3.11192 86.9393 747.601
214.63 64.613 3.60062 3.19364 94.37 455.455
216.201 64.5654 3.67505 3.74072 24.4897 420.421
216.436 64.5012 3.67956 3.35372 125.522 410.154
221.784 64.453 3.61874 3.1367 77.3687 420.247
221.784 64.4525 3.62726 3.14117 89.0958 420.184
223.67 64.5753 3.59744 3.18689 180.467 476.54
195.344 61.9331 3.6392 3.16368 89.4456 1241.59
198.469 62.2938 3.63067 3.13709 107.509 1076.46
201.699 62.7161 3.62482 3.11812 91.2491 911.583
205.93 63.3569 3.6431 3.11821 120.151 713.539
214.222 63.8036 3.55489 3.03845 128.913 390.733
217.924 64.0292 3.61817 3.02565 59.961 343.619
222.48 63.8433 3.58449 3.15306 208.413 376.581
197.317 61.3416 3.62749 3.16239 121.929 1144.88
198.513 61.678 3.62575 3.17628 102.83 1077.63
200.525 61.7105 3.61163 3.16136 153.772 971.144
201.703 62.1344 3.61694 3.14787 215.9 908.286
203.311 62.2195 3.60422 3.11932 139.798 824.828
205.146 62.1816 3.5951 3.12626 165.252 729.28
206.12 62.4787 3.60304 3.12613 195.956 682.959
193.799 60.3849 3.63255 3.2112 129.211 1352.25
196.65 60.4135 3.6239 3.17 140.475 1198.41
198.04 60.7515 3.61419 3.15545 131.812 1116.29
199.312 60.6947 3.60865 3.14799 153.433 1049.09
201.041 61.0224 3.59724 3.12566 139.438 950.665
202.562 61.4009 3.59013 3.10354 163.659 865.131
204.176 61.4907 3.5801 3.06742 157.119 778.664
205.609 61.9037 3.57671 3.06932 205.74 703.094
206.868 61.8823 3.56244 3.04665 208.743 636.833
209.88 61.7531 3.55694 3.05894 185.295 477.467
212.274 61.7929 3.55574 3.16422 147.195 353.497
223.206 62.5763 3.58554 3.25014 296.13 299.654
225.609 62.2024 3.62815 3.1217 257.763 393.783
198.315 59.9237 3.62813 3.18671 111.299 1121.4
199.908 60.1686 3.61958 3.16543 131.329 1028.67
201.231 60.4742 3.60895 3.15615 141.045 950.086
202.813 60.5269 3.61241 3.14935 130.793 863.519
204.11 60.6801 3.60848 3.1289 177.479 790.636
205.516 60.8132 3.59682 3.12377 177.383 712.654
207.791 61.2001 3.57418 3.07704 168.295 586.464
224.22 61.4862 3.61659 3.17086 348.91 304.225
226.918 61.1512 3.63482 3.15452 234.743 446.205
198.736 59.2533 3.6492 3.21468 113.762 1119.82
200.175 59.1767 3.6526 3.1953 119.845 1044.63
201.907 59.5938 3.64548 3.18512 169.341 936.751
202.905 59.7733 3.63809 3.17073 228.625 877.164
204.792 59.8542 3.63454 3.11403 189.065 772.683
205.68 60.1952 3.61756 3.1115 192.202 715.515
207.376 60.0815 3.61194 3.10191 197.036 626.628
210.276 60.4814 3.60684 3.09469 284.178 460.418
190.452 56.6011 3.69607 3.22379 39.4602 1687.29
202.009 59.0314 3.64988 3.15589 137.135 950.973
203.561 59.1953 3.64809 3.12659 110.975 861.21
204.771 59.3922 3.65128 3.12685 158.369 788.871
206.768 59.6524 3.64229 3.11012 193.171 672.427
212.597 59.9979 3.63129 3.16749 230.905 350.215
226.285 59.5898 3.6335 3.15451 159.835 448.568
227.183 60.2114 3.62439 3.2442 255.426 474.229
212.566 65.1171 3.6131 3.15086 118.789 555.582
203.344 58.6774 3.6698 3.13713 94.8951 893.836
204.113 58.2637 3.65594 3.10523 78.3969 872.288
204.991 58.6484 3.66653 3.08716 85.1085 807.618
206.355 58.9287 3.64963 3.06964 172.771 722.861
207.606 58.6097 3.66146 3.07972 134.767 672.89
213.66 59.4296 3.66334 3.12793 274.635 325.71
227.731 58.9601 3.65532 3.12671 106.212 553.178
202.426 57.5673 3.65784 3.16829 88.4166 996.914
203.613 57.6397 3.64547 3.16734 96.4217 931.129
205.548 57.5665 3.64314 3.14907 124.642 836.18
224.26 58.4133 3.70762 3.46424 67.863 424.358
225.482 58.2747 3.7124 3.25094 62.9821 487.517
229.033 59.3946 3.64954 3.23004 163.94 600.918
197.939 55.703 3.64905 3.16267 71.2417 1340.2
200.447 56.2848 3.65621 3.1665 117.14 1174.3
223.768 57.9616 3.69766 3.422 59.9363 442.272
228.869 57.9128 3.65985 3.17726 96.1457 670.633
229.75 56.9811 3.6804 3.27524 77.2423 775.52
212.138 64.8735 3.61681 3.13153 103.544 546.794
210.428 68.6408 3.64624 3.21469 47.8713 939.071
226.879 56.1146 3.73002 3.45469 43.972 720.762
229.974 55.9154 3.82482 3.94599 21.3134 865.716
228.385 55.3279 3.74308 3.51281 39.7686 848.124
218.842 64.7774 3.63623 3.05937 71.0062 425.039
227.653 56.4191 3.73818 3.37016 64.6021 725.715
211.063 63.7323 3.54668 3.0489 137.172 499.431
211.14 63.4057 3.57731 3.01118 124.967 476.373
210.84 64.6544 3.63123 3.1446 80.1029 572.084
210.867 64.709 3.63225 3.15204 121.091 575.265
210.853 64.7716 3.6391 3.16117 82.7703 580.516
210.847 64.8338 3.63457 3.14882 84.0244 585.517
210.819 64.8857 3.62925 3.13283 95.8019 590.506
210.44 64.87 3.64303 3.11954 114.64 602.362
210.174 64.8537 3.64069 3.12407 81.2862 610.532
210.069 64.7653 3.63212 3.13262 98.7959 607.881
210.917 64.5498 3.61816 3.17141 113.981 561.554
210.782 64.5716 3.61622 3.15424 122.663 567.998
210.554 64.5756 3.62434 3.15039 144.621 576.533
210.901 64.613 3.62008 3.1598 135.624 566.844
211.172 64.6917 3.62609 3.14953 111.036 563.386
212.567 65.1173 3.62608 3.18835 37.1876 555.591
212.57 65.1176 3.62299 3.19352 36.0896 555.54
209.518 60.7352 3.58194 3.1103 111.564 497.245
209.518 60.7351 3.5818 3.11017 111.564 497.224
