# evlo=213.401306 evla=60.727699
194.627 64.5646 3.66297 3.21241 103.185 1048.43
220.363 59.9534 3.60101 3.12458 213.602 393.825
225.144 58.5792 3.69332 3.12878 164.691 702.858
209.013 64.0997 3.64146 3.04189 124.26 438.74
210.701 64.1732 3.60704 3.10504 92.7076 408.441
207.916 63.4188 3.63068 3.18208 133.374 414.667
212.195 64.6453 3.71393 3.14461 110.29 440.972
204.378 55.8218 3.65203 2.98036 74.8645 759.625
200.411 54.831 3.66057 3.06821 117.003 1011.11
207.685 63.8827 3.63213 3.13417 95.5696 459.622
209.796 67.2269 3.68369 3.23126 99.4789 745.396
221.785 59.0906 3.67865 3.03685 33.2554 502.842
215.93 63.6482 3.60988 3.13456 200.914 351.054
196.582 54.8564 3.68534 3.22061 71.5282 1189.78
214.766 66.5657 3.675 3.17394 112.27 654.231
188.296 63.7758 3.6701 3.26226 144.787 1338.4
203.121 64.7461 3.65615 3.18576 100.737 689.13
213.052 64.4091 3.67395 3.03404 98.2107 410.701
208.348 59.6572 3.68881 3.13971 233.396 304.526
225.615 58.2758 3.69714 3.17316 177.08 742.354
197.4 66.8951 3.67295 3.19084 44.5304 1040.54
218.995 60.824 3.58326 3.15897 329.813 304.898
211.063 63.7318 3.64834 3.17948 117.364 356.15
211.768 64.9602 3.74667 3.22962 88.9748 478.989
209.256 65.0304 3.71075 3.28026 105.823 523.652
210.931 64.5928 3.60724 3.06184 84.3609 448.935
191.145 52.9721 3.69453 3.21855 130.485 1597.25
219.747 60.0959 3.60679 3.15851 166.229 356.572
220.599 59.667 3.6018 3.08227 225.83 416.094
214.475 65.5174 3.64725 3.18261 129.671 536.6
207.811 62.8962 3.60336 2.99703 132.542 380.926
197.092 68.0541 3.65215 3.17479 90.9933 1127.41
215.154 63.7399 3.62834 3.11718 172.101 347.821
211.14 63.4056 3.62423 3.13536 125.978 320.964
219.217 60.1294 3.61212 3.11732 212.986 327.067
216.01 63.9761 3.61732 3.12168 196.696 386.34
208.468 61.98 3.68388 3.06987 257.316 298.452
189.752 57.1766 3.70324 3.2913 110.784 1408.66
218.856 60.4399 3.59174 3.12352 288.789 300.603
192.073 65.5598 3.66794 3.27217 59.3351 1194.73
209.711 63.4502 3.68938 3.2656 186.927 359.37
193.495 53.8452 3.6774 3.22435 133.474 1415.59
211.908 64.4716 3.7154 3.21471 134.425 424.236
207.417 57.7828 3.67374 3.14244 233.616 473.155
212.138 64.8736 3.72362 3.17045 139.586 466.54
205.026 71.0033 3.64342 3.1004 35.8257 1205.18
234.753 71.9871 3.73534 3.26225 77.2148 1559.63
205.387 69.6211 3.64833 3.14375 65.9376 1058.21
198.806 68.6483 3.64277 3.10377 50.4584 1118.8
205.217 69.1565 3.65962 3.16347 55.3084 1014.22
209.387 69.836 3.65864 3.05696 39.7509 1032.12
211.299 69.72 3.66375 3.17045 75.8672 1007.25
215.088 69.9175 3.6726 3.2013 67.7445 1027.54
216.289 69.626 3.68502 3.18832 77.3849 1001.01
235.93 69.3475 3.76261 3.29718 99.5938 1416.57
196.917 67.6988 3.65776 3.21789 50.614 1109.13
201.885 68.4946 3.6681 3.13424 66.7775 1022.78
203.387 68.7132 3.64483 3.08358 43.7987 1007.31
207.318 68.8799 3.6516 3.19309 34.3178 952.633
211.177 69.1532 3.65012 3.17532 89.9661 945.076
213.625 69.322 3.63054 3.15716 39.2794 958.249
219.035 69.243 3.65486 3.22025 54.6181 984.918
221.263 69.3286 3.67672 3.23398 97.7058 1026.07
199.397 67.4213 3.64917 3.22047 52.693 1007.33
202.768 67.4572 3.67161 3.19819 74.6929 909.303
206.028 68.4414 3.65092 3.18764 55.654 928.158
210.384 68.0584 3.67182 3.21892 56.6193 829.862
211.513 68.0748 3.63264 3.19707 79.1023 824.022
214.432 68.1207 3.69689 3.2451 78.1487 825.659
218.405 68.1861 3.66896 3.23654 59.0195 864.974
220.465 68.6043 3.66081 3.23528 83.4275 939.283
222.103 68.3889 3.67179 3.20287 78.123 948.497
223.281 66.3701 3.67053 3.22524 236.987 796.135
193.671 65.4742 3.66649 3.22221 38.8338 1121.44
195.352 65.7077 3.66346 3.25463 59.5499 1058.4
198.75 66.442 3.67796 3.18162 64.6306 962.796
202.227 66.8332 3.67199 3.23461 51.2027 873.076
204.275 67.0486 3.65474 3.15363 55.9077 833.319
206.517 67.2221 3.66113 3.23732 67.8 797.526
207.821 67.5076 3.65734 3.16282 56.9321 802.465
212.113 67.5187 3.62816 3.15211 43.25 759.606
214.357 67.5933 3.69302 3.21055 101.803 766.758
215.855 67.6946 3.664 3.23212 122.193 785.597
220.128 67.6136 3.65237 3.21201 83.4586 833.314
224.214 67.6106 3.69412 3.19665 120.459 927.379
226.258 67.441 3.71096 3.2284 163.561 972.606
195.961 64.9941 3.67997 3.20203 54.7151 1002.61
197.645 65.3936 3.6553 3.25665 65.8365 947.461
199.349 65.5011 3.65301 3.24801 67.8438 883.463
201.346 65.895 3.65622 3.20826 68.5222 832.313
202.913 66.1434 3.67267 3.18315 48.4436 797.028
206.494 66.5156 3.67954 3.27039 79.722 729.494
208.493 66.9214 3.66096 3.10769 54.9638 730.975
209.976 66.7108 3.69724 3.23168 87.3273 687.841
212.525 66.7004 3.69835 3.22577 49.6009 667.183
213.899 66.7653 3.68028 3.2029 90.4 673.47
216.215 66.9498 3.6699 3.23245 77.351 707.111
218.345 66.8088 3.65197 3.17516 91.6069 719.886
221.978 66.9116 3.68025 3.22844 132.044 806.84
223.778 66.9808 3.69271 3.22655 134.784 861.604
225.729 66.9227 3.69568 3.2336 128.625 916.178
197.761 64.6379 3.67877 3.21582 69.247 908.598
200.087 64.937 3.66994 3.17632 53.913 822.375
201.637 65.1527 3.65909 3.17855 72.669 772.589
203.551 65.5276 3.66928 3.16689 95.6691 728.638
205.119 65.4924 3.65954 3.12163 85.1468 674.789
207.195 65.6571 3.67968 3.31618 91.1693 631.394
208.623 65.8937 3.67704 3.12463 63.0628 623.258
210.457 65.8251 3.65224 3.14908 104.491 586.931
212.122 65.8371 3.71112 3.28885 49.8363 573.099
214.18 66.267 3.70029 3.11252 37.0288 618.666
214.181 66.267 3.65333 3.19113 105.078 618.669
218.473 66.2305 3.62917 3.17201 121.161 662.933
221.631 66.2191 3.67248 3.22325 128.128 735.588
225.657 65.8052 3.67168 3.13264 105.46 833.478
213.052 64.4091 3.67395 3.03404 98.2107 410.701
199.305 63.8864 3.65027 3.19993 59.4474 809.216
205.522 64.7962 3.64419 3.13634 59.6596 605.492
208.018 65.18 3.64901 3.22148 92.4752 566.047
210.64 65.1479 3.6307 3.13168 105.551 512.125
216.846 65.3064 3.64935 3.19039 124.54 539.144
218.385 65.6035 3.62908 3.18855 157.474 598.244
220.064 65.4483 3.63807 3.22446 144.606 623.907
221.694 65.3609 3.64449 3.19296 173.204 664.285
223.623 65.2225 3.65833 3.15043 151.32 719.348
196.446 62.7492 3.65535 3.14185 64.702 920.945
199.398 63.2842 3.63387 3.1098 70.0329 785.006
200.922 63.3965 3.63494 3.08813 47.974 715.591
203.285 63.465 3.62811 3.15857 63.7279 609.185
204.379 63.994 3.66392 3.20198 111.354 591.363
205.853 64.1767 3.65324 3.10397 122.934 546.671
214.63 64.613 3.66469 3.11632 180.334 437.575
216.201 64.5654 3.66876 3.14762 21.7518 451.081
216.436 64.5012 3.63207 3.16101 187.657 448.39
221.784 64.453 3.6276 3.20845 110.841 597.38
221.784 64.4525 3.62722 3.17003 127.15 597.322
223.67 64.5753 3.62227 3.14233 127.752 677.69
195.344 61.9331 3.67035 3.19702 76.3288 972.88
198.469 62.2938 3.66562 3.14494 94.8457 811.897
201.699 62.7161 3.66682 3.05242 59.0019 656.145
205.93 63.3569 3.63145 3.1674 108.249 488.068
214.222 63.8036 3.64669 3.09756 147.235 345.438
217.924 64.0292 3.59357 3.15041 225.617 435.851
222.48 63.8433 3.63325 3.09745 150.472 584.491
197.317 61.3416 3.64923 3.19574 113.884 869.79
198.513 61.678 3.65229 3.1585 145.088 805.58
200.525 61.7105 3.64159 3.15136 128.339 699.301
201.703 62.1344 3.64468 3.1396 138.238 642.777
203.311 62.2195 3.64858 3.0763 118.484 562.226
205.146 62.1816 3.63969 3.03447 216.01 468.755
206.12 62.4787 3.68456 3.06373 141.939 432.606
216.652 63.0254 3.54312 3.07567 266.014 307.845
218.173 63.0618 3.58026 3.13381 333.299 361.202
221.871 63.109 3.59194 3.12742 114.076 517.522
193.799 60.3849 3.6458 3.21408 140.905 1072.08
196.65 60.4135 3.63503 3.17504 131.378 916.752
198.04 60.7515 3.63009 3.16351 102.914 836.049
199.312 60.6947 3.62638 3.14758 101.458 767.803
201.041 61.0224 3.62039 3.12725 194.025 671.229
202.562 61.4009 3.62287 3.11441 153.646 589.363
204.176 61.4907 3.60735 3.07534 140.009 504.222
205.609 61.9037 3.61179 3.03676 193.031 437.23
206.868 61.8823 3.63321 3.04397 175.772 372.791
218.122 62.3579 3.59523 2.94518 238.088 309.767
221.538 62.4435 3.59722 3.03923 144.905 472.098
223.206 62.5763 3.6101 3.12896 146.205 558.278
225.609 62.2024 3.62451 3.12978 164.188 670.18
198.315 59.9237 3.6402 3.18579 118.691 836.459
199.908 60.1686 3.63684 3.17751 130.033 744.008
201.231 60.4742 3.62642 3.14687 143.922 666.39
202.813 60.5269 3.61363 3.13282 128.894 579.393
204.11 60.6801 3.61975 3.13337 162.969 506.99
205.516 60.8132 3.60379 3.09484 210.157 429.565
207.791 61.2001 3.57599 3.02403 233.82 308.323
222.911 61.4593 3.60498 3.09789 163.492 519.013
224.22 61.4862 3.61949 3.07702 190.452 588.811
226.918 61.1512 3.64165 3.12567 168.79 732.96
198.736 59.2533 3.65774 3.20943 136.928 833.001
200.175 59.1767 3.65905 3.20587 141.303 757.585
201.907 59.5938 3.65503 3.219 179.399 649.768
202.905 59.7733 3.6404 3.19315 212.062 590.215
204.792 59.8542 3.64421 3.15136 193.15 485.641
205.68 60.1952 3.6136 3.09174 190.118 428.706
207.376 60.0815 3.61661 3.03762 193.154 339.682
219.809 60.7718 3.58053 3.13812 207.524 349.346
221.424 60.3024 3.59081 3.11195 143.816 442.976
223.909 60.7704 3.58873 3.12 241.102 572.454
190.452 56.6011 3.69948 3.28442 42.3449 1400.31
202.009 59.0314 3.66184 3.16836 142.777 664.404
203.561 59.1953 3.66566 3.16061 143.345 575.01
204.771 59.3922 3.67216 3.1538 175.043 502.781
206.768 59.6524 3.65077 3.08983 178.121 386.819
222.262 59.6304 3.63018 3.12166 162.191 506.285
223.04 60.1218 3.58524 3.10911 110.738 534.721
226.285 59.5898 3.62023 3.15394 142.011 725.39
227.183 60.2114 3.62473 3.15666 221.704 758.846
212.566 65.1171 3.70284 3.17382 126.773 491.067
203.344 58.6774 3.69335 3.14271 155.237 609.766
204.113 58.2637 3.6754 3.10631 107.798 592.704
204.991 58.6484 3.69186 3.09293 134.259 526.779
206.355 58.9287 3.67993 3.07149 224.603 442.807
207.606 58.6097 3.65241 3.08441 162.657 402.702
227.731 58.9601 3.64102 3.14818 88.4128 825.312
202.426 57.5673 3.66355 3.1995 99.8171 718.785
203.613 57.6397 3.64957 3.17399 84.5502 655.902
205.548 57.5665 3.64556 3.09307 93.3238 570.363
224.26 58.4133 3.7047 3.17377 99.8899 664.717
225.482 58.2747 3.70252 3.14166 82.1528 735.429
229.033 59.3946 3.63298 3.18787 150.527 881.004
197.939 55.703 3.66971 3.19216 75.5628 1063.44
200.447 56.2848 3.67603 3.18691 77.7374 900.494
223.768 57.9616 3.70662 3.19533 82.4768 664.489
225.424 57.4688 3.72572 3.29456 80.2061 777.213
228.869 57.9128 3.69101 3.22149 90.2769 932.229
229.75 56.9811 3.70351 3.25455 70.8985 1028.24
212.138 64.8735 3.74537 3.16359 92.2709 466.531
210.428 68.6408 3.66488 3.21058 110.592 893.29
229.974 55.9154 3.73775 3.33469 39.4112 1104.93
218.842 64.7774 3.60456 3.17449 250.189 529.705
211.063 63.7323 3.64877 3.17985 117.364 356.191
211.14 63.4057 3.62428 3.1354 125.978 320.968
210.782 64.5716 3.59838 3.04498 82.1977 448.889
210.554 64.5756 3.61302 3.10118 115.545 452.922
210.901 64.613 3.59824 3.00618 85.264 451.512
211.172 64.6917 3.63591 3.12505 45.4148 456.234
218.995 60.8241 3.58326 3.15897 329.813 304.898
219.217 60.1294 3.61212 3.11732 212.986 327.067
218.856 60.4399 3.59174 3.12352 288.789 300.603
212.567 65.1173 3.67886 3.1831 32.4027 491.088
212.57 65.1176 3.67631 3.21927 29.8603 491.109
