# evlo=216.679001 evla=60.280499
194.627 64.5646 3.66506 3.20836 82.9762 1227.42
225.144 58.5792 3.70521 3.22186 101.032 516.029
209.013 64.0997 3.65012 3.14153 97.6828 582.794
209.094 59.7511 3.64338 3.16948 227.451 426.905
209.259 59.7417 3.64487 3.17752 214.862 418.02
210.701 64.1732 3.61678 3.06748 79.5196 533.266
208.846 60.7683 3.6293 3.14311 141.175 433.295
207.916 63.4188 3.62279 3.17951 91.3509 578.204
212.195 64.6453 3.59555 3.08335 97.9868 538.39
204.378 55.8218 3.73817 3.39733 114.403 877.764
200.411 54.831 3.68555 3.17607 189.096 1142.91
207.685 63.8827 3.66687 3.31808 95.9866 617.154
208.763 59.5251 3.65856 3.19799 226.939 450.657
209.796 67.2269 3.64802 3.10332 64.1299 844.406
209.738 62.4058 3.64975 2.94033 142.4 440.248
221.785 59.0906 3.7473 3.59012 24.5811 316.563
212.624 63.0753 3.6048 3.23652 97.4142 378.133
215.93 63.6482 3.59806 2.85389 104.235 377.356
196.582 54.8564 3.68201 3.19505 70.4837 1338.5
209.784 61.1426 3.61571 3.10889 165.832 388.329
214.766 66.5657 3.64646 3.22527 113.337 706.996
188.296 63.7758 3.67367 3.24644 69.6647 1521.96
203.121 64.7461 3.66963 3.16262 68.2965 854.849
211.074 61.771 3.6754 2.9641 131.013 345.395
213.052 64.4091 3.63625 3.05312 81.2873 496.833
208.348 59.6572 3.65701 3.16874 220.679 470.106
225.615 58.2758 3.69265 3.17779 102.674 555.684
211.542 61.4131 3.63734 2.97479 216.44 306.393
197.4 66.8951 3.67106 3.23213 33.0939 1199.86
209.077 63.5527 3.64061 3.28587 132.613 540.23
211.768 64.9602 3.61165 3.22923 107.614 578.898
209.256 65.0304 3.63705 3.25429 135.866 651.104
210.931 64.5928 3.64562 3.21538 132.59 564.424
191.145 52.9721 3.66391 3.21862 130.553 1750.43
214.53 62.9699 3.5977 3.24071 242.529 320.603
214.475 65.5174 3.65022 3.16757 93.7917 594.268
207.811 62.8962 3.63041 2.96976 100.475 553.156
210.261 61.0889 3.6242 3.08849 204.524 361.917
197.092 68.0541 3.63613 3.2351 53.3299 1277.62
215.154 63.7399 3.58133 3.12094 168.065 393.696
211.14 63.4056 3.65165 3.19434 115.333 453.992
211.668 61.807 3.69126 2.99888 146.056 319.609
216.01 63.9761 3.61198 2.86173 81.3049 413.338
205.816 56.5593 3.73064 3.33031 206.452 756.75
208.468 61.98 3.66144 2.99349 133.473 480.837
209.777 60.5117 3.68503 3.23637 237.963 381.219
189.752 57.1766 3.70365 3.28908 84.3571 1585.67
209.253 61.4636 3.61702 3.03474 208.509 424.118
210.547 60.1043 3.64371 3.16623 211.538 340.598
192.073 65.5598 3.65942 3.28227 43.0311 1369.91
209.711 63.4502 3.63753 3.30999 127.591 508.677
193.495 53.8452 3.66886 3.2466 106.623 1567.16
211.449 62.8295 3.64689 3.20458 105.915 397.243
211.415 62.9628 3.65332 3.12695 42.6511 408.821
211.462 62.6812 3.66416 3.08993 50.7952 385.589
212.058 62.8349 3.61571 3.48996 94.6929 375.808
211.771 63.0624 3.63491 3.37164 102.165 404.33
212.26 62.5808 3.59391 3.24068 125.723 348.185
211.152 62.8331 3.63618 3.11 78.4711 408.67
211.908 64.4716 3.5972 3.19521 167.328 528.006
224.676 57.0569 3.77144 3.57595 20.5289 586.064
231.887 52.1847 3.79777 3.4938 64.0841 1298.87
226.475 68.3065 3.70245 3.18376 73.2018 1009.92
207.417 57.7828 3.6992 3.23367 243.067 599.529
212.138 64.8736 3.60817 3.08699 123.019 562.286
234.753 71.9871 3.75003 3.25008 94.7588 1525.77
205.387 69.6211 3.64341 3.2109 47.7105 1165.86
194.656 68.2746 3.63731 3.21942 29.3361 1376.79
200.413 69.1049 3.64771 3.11502 16.5369 1244.94
209.387 69.836 3.65802 3.16276 49.9542 1117.41
215.088 69.9175 3.68617 3.14831 59.9724 1076.96
216.289 69.626 3.66089 3.13848 70.8299 1042.09
235.93 69.3475 3.74866 3.25777 154.511 1351.42
209.319 68.9656 3.67757 3.15632 54.7065 1028.57
211.177 69.1532 3.62886 3.27908 80.382 1022.39
219.035 69.243 3.68749 3.16925 58.9031 1005.29
221.263 69.3286 3.69061 3.19202 68.1879 1031.3
198.174 67.082 3.67938 3.20933 46.1309 1180.95
211.513 68.0748 3.6295 3.27396 84.8245 903.71
214.432 68.1207 3.67823 3.22207 56.3018 880.664
218.405 68.1861 3.68407 3.16309 76.1128 885.197
220.465 68.6043 3.68138 3.19521 82.0332 945.261
222.103 68.3889 3.69739 3.22113 50.2132 940.326
223.281 66.3701 3.65801 3.18925 130.149 754.16
193.671 65.4742 3.66242 3.28966 16.5561 1296
195.352 65.7077 3.64626 3.20358 31.5344 1229.93
198.75 66.442 3.68609 3.22487 31.5907 1123.19
202.227 66.8332 3.64419 3.23332 23.0292 1019.78
204.275 67.0486 3.65337 3.26756 53.64 969.262
206.517 67.2221 3.65794 3.20364 56.5591 919.667
207.821 67.5076 3.62577 3.1224 36.2041 913.594
212.113 67.5187 3.61011 3.25132 40.9434 836.901
214.357 67.5933 3.68951 3.2684 83.1731 822.967
215.855 67.6946 3.62542 3.1656 88.8515 827.462
220.128 67.6136 3.69506 3.23644 61.6427 834.447
224.214 67.6106 3.6789 3.19788 96.3604 895.249
226.258 67.441 3.68768 3.19968 151.878 924.512
195.961 64.9941 3.68097 3.21284 22.6117 1178.2
197.645 65.3936 3.67258 3.18679 26.1784 1118.42
199.349 65.5011 3.66607 3.14293 23.1911 1050.81
201.346 65.895 3.65417 3.20931 45.8937 991.355
202.913 66.1434 3.65995 3.25018 37.4641 948.393
206.494 66.5156 3.63207 3.22426 53.25 859.251
208.493 66.9214 3.64686 3.13392 51.9621 842.844
212.525 66.7004 3.6278 3.04827 38.4231 744.545
213.899 66.7653 3.69221 3.24415 79.9343 735.793
216.215 66.9498 3.64702 3.17044 45.4513 743.781
218.345 66.8088 3.68058 3.17425 61.9562 732.341
221.978 66.9116 3.66427 3.20221 78.1538 783.894
223.778 66.9808 3.67914 3.2252 112.239 824.455
225.729 66.9227 3.6728 3.18352 121.487 864.068
197.761 64.6379 3.66012 3.20975 36.094 1084.77
200.087 64.937 3.67447 3.15278 34.7398 993.158
201.637 65.1527 3.66856 3.13827 30.0241 938.157
203.551 65.5276 3.63824 3.1953 50.6212 884.358
205.119 65.4924 3.64441 3.2521 42.225 824.233
207.195 65.6571 3.65846 3.21916 76.6457 766.837
212.122 65.8371 3.62983 3.08454 88.0888 660.421
214.181 66.267 3.66062 3.20628 52.5902 678.827
218.473 66.2305 3.69141 3.24619 57.6418 669.244
221.631 66.2191 3.66065 3.22191 139.019 706.632
225.657 65.8052 3.65592 3.17788 119.802 763.697
213.052 64.4091 3.63625 3.05312 81.2873 496.833
199.305 63.8864 3.64274 3.29286 49.3576 988.755
205.522 64.7962 3.65773 3.12335 26.461 761.719
208.018 65.18 3.63973 3.21543 71.5404 701.876
216.846 65.3064 3.65043 3.01172 55.0513 560.24
218.385 65.6035 3.69279 3.22765 111.785 599.534
220.064 65.4483 3.6313 3.18256 134.92 601.016
221.694 65.3609 3.63808 3.17436 138.828 620.841
223.623 65.2225 3.6215 3.1673 112.495 654.414
196.446 62.7492 3.65766 3.13139 52.7199 1106.48
199.398 63.2842 3.63988 3.13748 40.1041 967.804
200.922 63.3965 3.64309 3.1729 58.8108 896.746
203.285 63.465 3.62142 3.14312 54.3793 787.032
204.379 63.994 3.65332 3.17599 59.9722 761.596
205.853 64.1767 3.66624 3.20891 101.543 709.46
214.63 64.613 3.61588 3.19407 111.085 494.251
216.436 64.5012 3.6221 2.93731 82.3237 470.57
221.784 64.453 3.60376 3.10305 108.944 534.503
221.784 64.4525 3.59743 3.16538 99.9978 534.44
223.67 64.5753 3.61549 3.17385 164.47 598.905
195.344 61.9331 3.67424 3.2035 82.1451 1159.66
198.469 62.2938 3.65783 3.14579 79.3089 998.201
201.699 62.7161 3.65705 3.141 63.7745 840.429
205.93 63.3569 3.62763 3.04392 62.5704 661.008
214.222 63.8036 3.60511 3.30074 75.1607 413.079
217.924 64.0292 3.63901 3.14756 164.795 422.777
222.48 63.8433 3.60305 3.16028 170.258 499.265
197.317 61.3416 3.65563 3.13871 99.7553 1056.49
198.513 61.678 3.65181 3.13226 116.638 992.429
200.525 61.7105 3.6425 3.12113 88.5974 886.143
201.703 62.1344 3.64547 3.11126 104.518 829.04
203.311 62.2195 3.64292 3.08507 93.1315 747.861
205.146 62.1816 3.63574 3.05288 160.813 653.664
206.12 62.4787 3.64463 3.03133 126.599 614.422
216.652 63.0254 3.67328 3.03686 122.153 305.894
218.173 63.0618 3.61512 3.0882 180.223 319.86
221.871 63.109 3.5934 3.1669 187.436 417.901
193.799 60.3849 3.65264 3.18769 81.7611 1257.57
196.65 60.4135 3.65036 3.18808 67.9267 1101.73
198.04 60.7515 3.65414 3.21075 85.2082 1021.71
199.312 60.6947 3.6456 3.17315 87.4218 953.129
201.041 61.0224 3.64296 3.17529 92.7963 857.317
202.562 61.4009 3.6432 3.17888 104.251 776.125
204.176 61.4907 3.6353 3.14101 126.842 691.069
205.609 61.9037 3.62488 3.06488 164.681 623.16
206.868 61.8823 3.63433 3.09234 127.677 558.108
209.88 61.7531 3.6495 2.97278 136.576 402.411
221.538 62.4435 3.58808 3.12187 216.121 354.288
223.206 62.5763 3.6096 3.1144 231.416 431.933
225.609 62.2024 3.61964 3.1049 192.482 524.615
198.315 59.9237 3.6559 3.18626 81.0188 1019.03
199.908 60.1686 3.6416 3.16026 159.844 927.058
201.231 60.4742 3.62607 3.13698 140.664 850.48
202.813 60.5269 3.62544 3.10852 64.6023 763.337
204.11 60.6801 3.63195 3.06336 139.282 691.513
205.516 60.8132 3.62114 3.12422 147.991 614.69
207.791 61.2001 3.6016 3.06319 148.335 495.116
222.911 61.4593 3.60993 2.99273 216.552 363.009
224.22 61.4862 3.61396 2.99207 238.892 430.723
226.918 61.1512 3.63331 3.07124 167.184 566.703
198.736 59.2533 3.66572 3.28012 103.814 1011.52
200.175 59.1767 3.68979 3.27762 103.072 934.026
201.907 59.5938 3.66312 3.24276 126.78 827.631
202.905 59.7733 3.66542 3.24253 137.895 768.609
204.792 59.8542 3.66401 3.19989 162.632 662.742
205.68 60.1952 3.64395 3.18801 144.501 608.707
207.376 60.0815 3.64758 3.17267 175.058 516.315
210.276 60.4814 3.6658 3.18982 188.588 353.746
223.909 60.7704 3.60367 3.09538 224.127 400.565
202.009 59.0314 3.67208 3.24028 132.322 836.855
203.561 59.1953 3.67395 3.20444 141.119 746.335
204.771 59.3922 3.66968 3.21042 173.482 674.096
206.768 59.6524 3.65334 3.13743 181.56 557.453
222.262 59.6304 3.63532 3.30908 191.369 320.136
223.04 60.1218 3.60965 3.20322 219.596 353.104
226.285 59.5898 3.65386 3.32839 154.857 542.066
227.183 60.2114 3.64016 3.23982 224.881 581.181
212.566 65.1171 3.62052 3.02767 61.0288 578.433
203.344 58.6774 3.6846 3.2017 138.7 775.09
204.113 58.2637 3.69041 3.19138 146.302 749.551
204.991 58.6484 3.68476 3.18378 113.435 686.14
206.355 58.9287 3.67318 3.17346 186.784 601.361
207.606 58.6097 3.69732 3.20314 116.797 546.818
227.731 58.9601 3.69523 3.34854 102.712 640.028
202.426 57.5673 3.68203 3.17025 124.051 872.751
203.613 57.6397 3.67077 3.17254 66.8248 805.662
205.548 57.5665 3.66303 3.20221 70.5915 707.725
224.26 58.4133 3.72212 3.2125 71.6089 478.502
225.482 58.2747 3.69755 3.136 71.9306 548.81
229.033 59.3946 3.65758 3.30235 166.35 698.648
197.939 55.703 3.65792 3.20178 81.1957 1214.48
200.447 56.2848 3.65897 3.20206 106.584 1047.51
223.768 57.9616 3.75302 3.29275 100.884 480.841
225.424 57.4688 3.73961 3.27723 96.529 593.053
228.869 57.9128 3.69047 3.2294 57.7715 745.432
227.048 56.8144 3.75112 3.37518 69.8225 715.424
229.75 56.9811 3.70805 3.26337 81.8503 841.635
212.138 64.8735 3.59213 3.10345 87.1045 562.28
226.879 56.1146 3.78114 3.44684 70.7509 756.975
229.974 55.9154 3.73941 3.39858 49.7579 920.057
228.385 55.3279 3.78631 3.49302 51.0565 885.919
218.842 64.7774 3.67315 3.1847 190.117 513.343
227.653 56.4191 3.7631 3.41945 113.831 771.765
209.768 62.6893 3.66898 2.97766 61.5711 455.283
211.14 63.4057 3.65167 3.19435 115.333 453.994
236.736 59.4036 3.68118 3.59261 41.364 1124.33
235.766 58.6528 3.70315 3.24227 40.1513 1093.24
234.769 58.8471 3.69325 3.30478 36.8739 1031.67
234.233 58.9305 3.70083 3.26092 42.4144 999.421
232.224 60.0057 3.68637 3.31699 62.9033 862.214
231.195 60.1197 3.67498 3.2887 65.9628 803.693
229.393 60.087 3.66314 3.23681 47.0881 704.74
228.256 59.933 3.65316 3.25061 79.2388 644.223
227.254 60.1694 3.63848 3.25432 15.6212 585.594
226.693 60.4834 3.62751 3.13586 60.5192 552.272
225.753 60.434 3.61299 3.1787 74.6917 500.733
237.286 58.0965 3.70511 3.33401 38.4185 1197.53
237.012 57.7103 3.68883 3.25847 39.5157 1198.09
237.146 57.39 3.67686 3.22864 44.7835 1219.47
237.423 57.0779 3.67061 3.24785 44.0736 1249.13
209.736 66.2066 3.65166 3.17462 53.8796 746.006
209.329 66.7192 3.64969 3.12644 56.4861 804.44
198.722 65.4015 3.65368 3.18772 39.0389 1072.6
211.164 69.0223 3.65525 3.23259 44.1575 1008.61
211.489 65.5114 3.63623 3.27884 92.6077 639.494
194.662 64.5695 3.66133 3.17795 59.5 1225.91
211.554 70.2036 3.64906 3.17591 28.2223 1131.04
204.534 64.74 3.65696 3.20057 42.2056 796.873
211.306 69.424 3.65596 3.19371 53.8692 1049.8
210.41 68.6274 3.66955 3.25146 64.558 977.042
209.89 67.3812 3.65783 3.11433 67.7282 858.024
210.457 65.825 3.6446 3.21089 73.5198 692.759
210.84 64.6544 3.64402 3.18759 42.2844 572.527
210.867 64.709 3.6477 3.24526 63.1933 576.85
210.853 64.7716 3.6643 3.25541 60.0644 583.021
210.819 64.8857 3.64875 3.21716 55.3654 594.563
210.44 64.87 3.63148 3.09751 59.3099 603.132
210.174 64.8537 3.61181 3.1293 47.3612 608.98
210.069 64.7653 3.60686 3.16021 86.6794 604.064
210.917 64.5498 3.64206 3.20827 64.568 560.843
210.782 64.5716 3.63544 3.14004 57.4416 566.531
210.554 64.5756 3.61291 3.11274 61.7141 573.26
210.901 64.613 3.65082 3.2179 109.84 567.089
211.172 64.6917 3.64713 3.30615 102.729 567.28
230.943 53.673 3.8039 3.4853 21.1744 1133.27
231.321 53.9 3.77922 3.44991 29.139 1132.76
231.373 54.036 3.79118 3.45009 24.0168 1124.62
231.376 54.093 3.7857 3.46754 35.1985 1120.36
231.479 54.262 3.7746 3.47616 44.9748 1112.32
231.416 54.467 3.75857 3.45142 25.5882 1093.87
231.434 54.502 3.74841 3.45941 30.9821 1092.12
231.542 54.539 3.74638 3.44296 34.2855 1094.58
231.6 54.636 3.73316 3.42993 35.3203 1090.24
231.677 54.722 3.73041 3.40368 46.7688 1087.71
231.696 54.801 3.73084 3.3896 40.1993 1082.93
231.665 54.851 3.73078 3.38926 34.4331 1077.81
231.681 55.018 3.73198 3.39009 68.5175 1066.7
231.846 55.084 3.73046 3.36292 52.5201 1070.24
232.267 55.179 3.74278 3.35946 53.4218 1084.73
232.385 55.267 3.74129 3.34548 63.3824 1084.69
232.359 55.411 3.73653 3.37138 58.4333 1073.72
233.165 52.3901 3.77517 3.53774 15.5152 1339.37
233.783 52.4386 3.73034 3.49403 26.73 1364.11
233.869 52.4069 3.73882 3.47061 19.9348 1370.72
233.933 52.3681 3.73376 3.47062 19.478 1376.85
234.034 52.3981 3.73943 3.48276 22.9999 1379.16
234.15 52.4019 3.72219 3.45842 19.2188 1384.32
234.223 52.362 3.73271 3.4608 22.3424 1390.97
234.367 52.4126 3.73429 3.46247 23.9109 1393.75
234.492 52.3773 3.74024 3.47909 27.829 1402.49
234.738 52.38 3.7407 3.43545 24.1997 1413.97
234.917 52.3782 3.74038 3.40975 38.1105 1422.68
212.567 65.1173 3.64433 3.04096 33.3237 578.448
212.57 65.1176 3.64498 3.04212 27.8903 578.427
209.768 62.6892 3.66902 2.97769 61.5711 455.288
210.59 60.0084 3.6729 3.19138 171.99 339.49
210.23 59.8351 3.69421 3.17213 108.637 362.471
210.402 60.8738 3.69719 3.21474 159.78 350.27
210.574 60.776 3.67677 3.27615 156.798 339.574
210.502 61.001 3.67868 3.1816 104.796 347.244
209.918 61.8636 3.63806 3.00754 155.887 405.112
210.331 61.4859 3.63018 3.01116 98.843 369.777
209.538 60.4832 3.68807 3.21842 129.691 394.303
210.519 60.6717 3.68733 3.26916 165.507 341.441
210.455 61.3427 3.62144 3.04607 135.833 358.69
210.626 60.4754 3.66852 3.25292 125.164 334.479
209.518 60.7352 3.65213 3.23347 131.071 396.506
209.971 61.6954 3.62686 3.00843 130.449 395.626
208.723 60.6622 3.67042 3.1255 134.741 439.403
211.068 60.8049 3.66171 3.32651 153.848 313.321
209.968 60.4881 3.6883 3.19091 179.149 370.661
210.253 60.4731 3.68927 3.20319 108.235 354.981
208.919 60.4641 3.69345 3.16061 110.956 428.401
210.813 60.8045 3.68242 3.2801 154.218 327.094
209.81 60.4601 3.6839 3.19286 126.37 379.354
211.376 60.7866 3.67307 3.30424 132.021 296.443
209.518 60.7351 3.65192 3.23329 131.071 396.483
