# evlo=216.748993 evla=60.442699
194.627 64.5646 3.66616 3.20758 96.4704 1221.14
225.144 58.5792 3.70008 3.18017 96.6983 518.225
209.013 64.0997 3.6909 2.97261 95.1225 571.563
209.094 59.7511 3.64846 3.15736 265.681 432.569
209.259 59.7417 3.64792 3.163 218.735 423.809
208.846 60.7683 3.61477 3.09731 178.205 434.15
207.916 63.4188 3.62266 3.09749 80.5065 569.492
212.195 64.6453 3.59776 3.10446 120.935 523.454
204.378 55.8218 3.72456 3.36171 105.054 890.01
200.411 54.831 3.67487 3.15583 164.332 1154.1
207.685 63.8827 3.65347 3.35188 129.86 607.456
208.763 59.5251 3.66234 3.16971 228.333 457.112
209.796 67.2269 3.65785 3.11945 84.6843 828.909
209.738 62.4058 3.66553 2.93864 163.884 433.211
221.785 59.0906 3.70956 3.3675 18.4471 320.444
212.624 63.0753 3.5828 3.25212 125.732 365.262
215.93 63.6482 3.55868 2.85478 126.546 359.792
196.582 54.8564 3.68297 3.18607 67.6465 1347.82
209.784 61.1426 3.61208 3.10276 173.541 387.069
214.766 66.5657 3.64336 3.18976 146.974 689.543
188.296 63.7758 3.67412 3.24246 77.0222 1517.29
203.121 64.7461 3.68051 3.20384 59.6612 845.949
211.074 61.771 3.65547 3.03046 150.789 339.789
213.052 64.4091 3.63137 3.08226 103.513 481.376
208.348 59.6572 3.65077 3.14926 203.779 475.807
225.615 58.2758 3.68663 3.14637 119.464 558.475
211.542 61.4131 3.62007 2.98689 214.806 302.293
197.4 66.8951 3.67601 3.24559 33.6324 1189.64
209.077 63.5527 3.6333 3.27217 133.545 530.206
211.063 63.7318 3.62495 3.11226 158.621 471.481
211.768 64.9602 3.61937 3.24446 114.728 563.987
209.256 65.0304 3.63429 3.19798 146.412 638.052
210.931 64.5928 3.62156 3.13506 139.881 550.657
191.145 52.9721 3.66255 3.22659 75.7287 1759.28
214.53 62.9699 3.5821 3.19539 236.828 305.072
214.475 65.5174 3.64933 3.18631 129.944 577.165
207.811 62.8962 3.65072 2.96229 92.4312 546.028
210.261 61.0889 3.63121 3.13597 244.566 360.726
197.092 68.0541 3.64829 3.22973 45.2118 1266.12
215.154 63.7399 3.57851 3.13186 169.034 376.764
211.14 63.4056 3.62698 3.22497 133.726 442.23
211.668 61.807 3.67293 3.04395 223.706 313.069
216.01 63.9761 3.58032 2.86309 135.44 395.662
205.816 56.5593 3.72639 3.33897 218.587 768.87
208.468 61.98 3.63685 3.011 151.961 476.482
209.777 60.5117 3.65632 3.17828 261.429 383.324
189.752 57.1766 3.7012 3.29204 82.2496 1589.84
209.253 61.4636 3.61346 3.06393 261.015 421.531
210.547 60.1043 3.64458 3.14512 249.507 345.123
192.073 65.5598 3.66574 3.27128 54.1635 1362.55
209.711 63.4502 3.62584 3.26463 112.583 498.327
193.495 53.8452 3.66836 3.24575 116.344 1576.18
211.449 62.8295 3.63925 3.07681 118.16 386.707
211.415 62.9628 3.64932 3.07735 49.9329 397.919
211.462 62.6812 3.67979 2.65342 32.4326 375.53
212.058 62.8349 3.60559 3.37294 85.5043 364.412
211.771 63.0624 3.63388 3.35213 100.686 392.673
212.26 62.5808 3.60132 3.11549 128.26 337.313
211.152 62.8331 3.64359 3.02187 90.7339 398.508
211.908 64.4716 3.59222 3.19704 187.227 513.528
231.887 52.1847 3.79318 3.5078 78.9335 1306.83
226.475 68.3065 3.70696 3.17795 92.7337 991.817
207.417 57.7828 3.67726 3.2301 298.048 610.477
212.138 64.8736 3.60815 3.07427 161.672 547.164
234.753 71.9871 3.75204 3.25524 103.483 1507.69
205.387 69.6211 3.643 3.23493 46.8326 1150.61
194.656 68.2746 3.64699 3.21742 29.9785 1365.64
196.822 68.4753 3.64345 3.20984 39.6438 1301.11
198.806 68.6483 3.67503 3.1789 17.01 1246.99
200.413 69.1049 3.63713 3.15126 35.7312 1231.52
209.387 69.836 3.65841 3.1896 83.3455 1100.92
215.088 69.9175 3.68677 3.13501 70.3162 1059.15
216.289 69.626 3.65577 3.12229 97.1342 1024.08
235.93 69.3475 3.74982 3.25664 196.574 1334.26
201.885 68.4946 3.65256 3.17887 39.9683 1141.47
207.318 68.8799 3.6153 3.13471 25.1641 1040.25
209.319 68.9656 3.67803 3.14652 55.7003 1012.4
211.177 69.1532 3.63827 3.29562 72.4044 1005.59
219.035 69.243 3.68443 3.15965 56.4097 986.942
221.263 69.3286 3.69296 3.19413 78.8121 1012.83
198.174 67.082 3.68693 3.19616 37.5149 1170.27
199.397 67.4213 3.67476 3.20615 43.8668 1145.88
208.187 68.1343 3.64863 3.04547 45.6754 950.425
210.384 68.0584 3.68216 3.25924 56.9682 902.246
211.513 68.0748 3.63505 3.28911 79.2016 887.115
214.432 68.1207 3.68252 3.2399 48.8905 863.121
218.405 68.1861 3.67021 3.15892 70.3717 866.873
220.465 68.6043 3.68852 3.21488 72.8438 926.8
222.103 68.3889 3.69532 3.20672 54.6631 921.855
223.281 66.3701 3.66299 3.16899 134.415 736.029
193.671 65.4742 3.65488 3.27121 21.9655 1288.52
195.352 65.7077 3.64954 3.19975 35.6484 1221.82
198.75 66.442 3.69082 3.23554 37.9379 1113.18
200.349 66.6001 3.68982 3.18334 30.564 1060.78
202.227 66.8332 3.65926 3.22774 28.0046 1008.06
204.275 67.0486 3.64816 3.23788 52.2943 956.454
206.517 67.2221 3.65365 3.2127 58.7638 905.695
207.821 67.5076 3.63185 3.16332 70.4924 898.802
212.113 67.5187 3.62698 3.21459 57.2027 820.264
214.357 67.5933 3.68319 3.25115 74.1435 805.51
215.855 67.6946 3.61757 3.14016 97.6912 809.581
220.128 67.6136 3.69425 3.2628 79.5732 815.977
224.214 67.6106 3.68009 3.21335 103.497 876.999
226.258 67.441 3.69138 3.19408 154.729 906.614
195.961 64.9941 3.67458 3.23275 35.7301 1171.03
197.645 65.3936 3.67285 3.19942 23.2108 1110.25
199.349 65.5011 3.66093 3.1566 23.1875 1042
201.346 65.895 3.66003 3.22679 38.4849 981.255
202.913 66.1434 3.66161 3.27087 37.8454 937.305
206.494 66.5156 3.64885 3.23604 71.4768 846.004
208.493 66.9214 3.64616 3.18723 70.1886 828.193
212.525 66.7004 3.62522 3.10685 41.7189 728.026
213.899 66.7653 3.68295 3.21851 87.9008 718.647
216.215 66.9498 3.63543 3.15012 52.2837 725.832
218.345 66.8088 3.67874 3.186 67.4949 713.974
221.978 66.9116 3.67027 3.2031 113.432 765.492
223.778 66.9808 3.6802 3.23494 115.618 806.264
225.729 66.9227 3.6731 3.19222 144.316 846.248
197.761 64.6379 3.65964 3.21735 40.6367 1077.8
200.087 64.937 3.67636 3.11687 41.8413 985.047
201.637 65.1527 3.68172 3.18652 32.5895 929.137
203.551 65.5276 3.63921 3.22862 60.6948 873.911
205.119 65.4924 3.65141 3.23198 37.6142 813.072
207.195 65.6571 3.65507 3.21204 104.251 754.267
208.623 65.8937 3.62463 3.28434 61.3211 731.402
212.122 65.8371 3.61332 3.10211 91.8457 644.554
214.18 66.267 3.64923 3.19616 36.9638 661.685
214.181 66.267 3.66148 3.20207 61.4769 661.675
218.473 66.2305 3.70308 3.22898 66.028 650.839
221.631 66.2191 3.66275 3.21868 123.092 688.268
225.657 65.8052 3.65421 3.18414 141.799 746.408
213.052 64.4091 3.63137 3.08226 103.513 481.376
199.305 63.8864 3.63482 3.19152 55.2208 982.78
205.522 64.7962 3.68639 3.20628 33.6985 751.525
208.018 65.18 3.64305 3.2098 104.62 689.474
210.64 65.1479 3.64981 3.14718 123.202 609.478
216.846 65.3064 3.64385 3.00599 66.6955 542.126
218.385 65.6035 3.69382 3.23206 134.551 581.112
220.064 65.4483 3.64081 3.16525 163.725 582.565
221.694 65.3609 3.63437 3.16662 173.374 602.653
223.623 65.2225 3.62299 3.17146 131.157 636.834
196.446 62.7492 3.66673 3.14972 50.7719 1103.08
199.398 63.2842 3.63867 3.08711 38.5891 962.995
200.922 63.3965 3.63275 3.1202 49.0803 891.364
203.285 63.465 3.6194 3.08243 54.6 780.751
204.379 63.994 3.64441 3.17895 50.2178 753.64
205.853 64.1767 3.65935 3.21253 95.5224 700.313
214.63 64.613 3.61708 3.19729 127.671 477.359
216.201 64.5654 3.51928 2.85962 19.095 460.352
216.436 64.5012 3.60807 2.95883 77.2343 452.618
221.784 64.453 3.59982 3.10084 132.232 516.703
221.784 64.4525 3.60165 3.17999 115.022 516.641
223.67 64.5753 3.61792 3.18158 162.123 581.804
195.344 61.9331 3.67271 3.20576 78.3971 1157.77
198.469 62.2938 3.65963 3.1473 83.4772 995.539
201.699 62.7161 3.6546 3.11763 85.3767 836.387
205.93 63.3569 3.62507 2.98644 60.0503 653.765
214.222 63.8036 3.6156 3.37033 137.781 397.031
217.924 64.0292 3.65092 3.14702 217.648 404.338
222.48 63.8433 3.60286 3.17664 187.559 482.283
197.317 61.3416 3.65228 3.15305 130.386 1055.75
198.513 61.678 3.64741 3.1393 93.6171 991.037
200.525 61.7105 3.64258 3.1342 117.464 884.625
201.703 62.1344 3.64707 3.11025 139.008 826.397
203.311 62.2195 3.63971 3.08984 122.198 744.709
205.146 62.1816 3.6366 3.06951 161.727 650.122
206.12 62.4787 3.64206 3.02537 170.211 609.586
218.173 63.0618 3.61208 3.06636 213.906 301.387
221.871 63.109 3.58989 3.18637 228.75 401.489
193.799 60.3849 3.64677 3.19565 99.2145 1258.2
196.65 60.4135 3.64307 3.18658 82.844 1102.71
198.04 60.7515 3.63875 3.17975 90.1521 1022.2
199.312 60.6947 3.63714 3.1507 113.996 953.861
201.041 61.0224 3.63174 3.1503 97.0486 857.426
202.562 61.4009 3.62588 3.14465 139.246 775.27
204.176 61.4907 3.62074 3.11083 130.251 689.825
205.609 61.9037 3.61966 3.06321 197.108 620.34
206.868 61.8823 3.62545 3.09557 158.813 554.926
209.88 61.7531 3.62894 2.98804 154.494 398.039
221.538 62.4435 3.58828 3.14208 231.567 338.94
223.206 62.5763 3.61382 3.10607 274.802 417.699
225.609 62.2024 3.62372 3.10558 210.948 512.937
198.315 59.9237 3.64301 3.17284 86.2676 1021.21
199.908 60.1686 3.62999 3.15913 88.7305 929.012
201.231 60.4742 3.62335 3.14267 138.807 851.925
202.813 60.5269 3.61909 3.10294 81.8534 764.832
204.11 60.6801 3.62508 3.08734 161.93 692.689
205.516 60.8132 3.61423 3.09756 196.086 615.5
207.791 61.2001 3.59453 3.04046 128.931 494.25
222.911 61.4593 3.61796 3.01903 206.472 352.479
224.22 61.4862 3.6215 2.99436 202.56 420.814
226.918 61.1512 3.63084 3.07548 158.303 558.752
198.736 59.2533 3.67088 3.24201 91.2839 1015.11
200.175 59.1767 3.67214 3.21392 92.61 938.163
201.907 59.5938 3.66084 3.23059 132.242 831.322
202.905 59.7733 3.65232 3.21099 169.239 772.111
204.792 59.8542 3.64973 3.18064 190.216 666.505
205.68 60.1952 3.63737 3.17106 159.969 611.599
207.376 60.0815 3.63207 3.12989 192.024 519.985
210.276 60.4814 3.6283 3.12598 223.299 356.033
223.909 60.7704 3.59151 3.14198 221.958 393.711
202.009 59.0314 3.66607 3.22189 151.581 841.887
203.561 59.1953 3.66787 3.18506 140.601 751.524
204.771 59.3922 3.66723 3.19993 157.5 679.2
206.768 59.6524 3.64403 3.13447 189.052 562.496
222.262 59.6304 3.64851 3.24432 183.535 320.221
223.04 60.1218 3.5987 3.19905 208.928 349.751
226.285 59.5898 3.64757 3.28732 190.694 539.784
227.183 60.2114 3.63548 3.25569 278.507 576.41
212.566 65.1171 3.60832 3.04052 80.8256 562.768
203.344 58.6774 3.68151 3.18354 113.56 781.459
204.113 58.2637 3.68143 3.11919 131.664 757.246
204.991 58.6484 3.68053 3.14031 132.868 693.359
206.355 58.9287 3.66647 3.13177 200.11 608.533
207.606 58.6097 3.68116 3.17011 126.578 555.724
227.731 58.9601 3.69296 3.33723 152.996 639.14
202.426 57.5673 3.67401 3.13619 122.456 881.017
203.613 57.6397 3.65639 3.15396 61.0756 814.419
205.548 57.5665 3.65736 3.17443 73.5277 717.805
224.26 58.4133 3.71132 3.14233 56.8633 482.184
225.482 58.2747 3.68752 3.13989 65.1556 551.728
229.033 59.3946 3.65021 3.28412 157.241 695.898
197.939 55.703 3.65617 3.18937 64.913 1223.42
200.447 56.2848 3.65181 3.1823 110.697 1056.87
223.768 57.9616 3.73316 3.24334 89.5787 486.671
225.424 57.4688 3.72868 3.22947 96.1846 598.411
228.869 57.9128 3.68385 3.22438 74.9284 746.735
227.048 56.8144 3.73928 3.31492 51.0485 720.754
229.75 56.9811 3.69394 3.19034 69.2811 844.437
212.138 64.8735 3.5967 3.10297 111.345 547.159
210.428 68.6408 3.66489 3.20229 107.269 961.774
226.879 56.1146 3.78334 3.4037 68.6594 763.872
229.974 55.9154 3.72728 3.35688 61.3474 924.698
228.385 55.3279 3.77172 3.4429 54.7532 892.796
218.842 64.7774 3.67589 3.18566 198.894 494.863
227.653 56.4191 3.74811 3.38494 129.972 777.366
209.768 62.6893 3.67873 3.00091 99.3162 447.179
211.063 63.7323 3.62513 3.11242 158.621 471.504
211.14 63.4057 3.627 3.22499 133.726 442.232
236.736 59.4036 3.66791 3.5647 32.7054 1119.44
235.766 58.6528 3.69553 3.25852 54.5781 1089.91
234.769 58.8471 3.68994 3.3002 50.5968 1028.29
234.233 58.9305 3.6882 3.25019 52.9156 996.04
232.224 60.0057 3.69252 3.27462 53.801 857.064
231.195 60.1197 3.67433 3.29919 69.1791 798.461
229.393 60.087 3.65852 3.25292 57.0296 699.929
228.256 59.933 3.65515 3.2867 86.388 640.12
227.254 60.1694 3.63713 3.27898 17.8688 580.952
226.693 60.4834 3.62873 3.19948 57.257 546.618
225.753 60.434 3.60818 3.24149 83.4083 495.355
237.286 58.0965 3.69955 3.29275 65.1001 1194.66
237.012 57.7103 3.68539 3.29819 56.0226 1195.92
237.146 57.39 3.67664 3.25366 44.4211 1217.76
237.423 57.0779 3.67095 3.23036 44.8919 1247.78
210.176 67.8516 3.67434 3.11936 62.0683 884.565
209.736 66.2066 3.64969 3.18884 66.9258 731.293
210.418 68.0789 3.67737 3.19305 48.2251 903.795
211.301 69.7162 3.6525 3.17727 44.2799 1064.17
209.329 66.7192 3.66357 3.14266 69.7028 789.526
198.722 65.4015 3.63906 3.17069 44.3229 1064.13
211.164 69.0223 3.65332 3.21437 57.4219 991.853
211.489 65.5114 3.63716 3.30805 129.64 624.277
194.662 64.5695 3.66668 3.20314 75.6689 1219.62
211.554 70.2036 3.6539 3.18861 40.0089 1113.92
204.534 64.74 3.67544 3.21606 41.3001 787.316
211.306 69.424 3.64897 3.19507 79.2974 1032.9
210.41 68.6274 3.66631 3.18077 77.2275 960.642
209.89 67.3812 3.65521 3.0881 63.5155 842.393
210.457 65.825 3.6659 3.16726 87.3334 677.949
210.84 64.6544 3.62868 3.07815 78.0088 558.751
210.867 64.709 3.63598 3.13218 87.265 562.977
210.853 64.7716 3.64545 3.1434 71.6599 569.075
210.847 64.8338 3.65344 3.15631 81.7925 574.958
210.819 64.8857 3.65214 3.16629 96.5653 580.499
210.44 64.87 3.62452 3.13011 81.7345 589.392
210.174 64.8537 3.6046 3.13172 66.6792 595.475
210.069 64.7653 3.60313 3.1701 99.523 590.77
210.917 64.5498 3.61369 3.13125 81.8015 547.149
210.782 64.5716 3.60999 3.08541 82.7256 552.923
210.554 64.5756 3.60794 3.08788 77.7286 559.844
210.901 64.613 3.62368 3.13387 96.9572 553.319
211.172 64.6917 3.64056 3.26574 105.639 553.171
230.745 53.425 3.77383 3.47254 29.286 1151.9
230.943 53.673 3.78495 3.48929 23.3292 1140.35
231.321 53.9 3.76878 3.46324 32.8416 1139.31
231.373 54.036 3.77908 3.43344 18.5744 1130.96
231.376 54.093 3.77809 3.42631 24.7296 1126.63
231.479 54.262 3.76567 3.43193 30.258 1118.31
231.416 54.467 3.7539 3.38701 23.4488 1099.63
231.434 54.502 3.75273 3.38423 28.2723 1097.82
231.542 54.539 3.74412 3.39032 30.9487 1100.16
231.6 54.636 3.7313 3.38585 39.5827 1095.65
231.677 54.722 3.72967 3.39074 48.8669 1092.95
231.696 54.801 3.72307 3.37905 44.842 1088.04
231.665 54.851 3.72568 3.37827 32.6438 1082.88
231.681 55.018 3.72652 3.37237 58.514 1071.52
231.846 55.084 3.72322 3.34943 56.4538 1074.86
232.267 55.179 3.72376 3.3121 64.5664 1088.92
232.385 55.267 3.72685 3.32986 65.7971 1088.68
232.359 55.411 3.71869 3.29327 52.5072 1077.51
232.528 52.1871 3.79525 3.42496 27.385 1334.72
232.744 52.294 3.782 3.43467 35.3858 1335.34
233.165 52.3901 3.77031 3.48345 24.5105 1346.29
233.315 52.3748 3.76579 3.46204 17.6011 1354.39
233.445 52.404 3.75898 3.50503 20.8384 1357.92
233.582 52.4315 3.74192 3.46728 32.0217 1361.95
233.654 52.4412 3.74065 3.45538 26.6635 1364.42
233.783 52.4386 3.74274 3.48248 33.6388 1370.58
233.869 52.4069 3.73881 3.46791 25.2032 1377.17
233.933 52.3681 3.73894 3.46987 29.8409 1383.29
234.034 52.3981 3.74042 3.46955 30.0063 1385.51
234.15 52.4019 3.73612 3.4644 34.0024 1390.59
234.223 52.362 3.73706 3.4694 39.1587 1397.24
234.367 52.4126 3.73399 3.44941 31.7587 1399.88
234.492 52.3773 3.73631 3.46126 39.4401 1408.57
234.738 52.38 3.73607 3.42869 33.4488 1419.9
234.917 52.3782 3.73426 3.41241 35.3396 1428.5
212.567 65.1173 3.65901 2.95179 22.1105 562.782
212.57 65.1176 3.65371 2.9523 19.0565 562.759
209.768 62.6892 3.67877 3.00094 99.3162 447.184
210.331 61.4859 3.63109 3.01921 132.11 366.379
209.538 60.4832 3.66134 3.17091 178.918 396.549
210.519 60.6717 3.6619 3.21272 190.384 342.593
210.455 61.3427 3.6325 3.06012 250.029 355.971
210.626 60.4754 3.65317 3.16679 174.225 336.812
209.518 60.7352 3.63414 3.15065 161.81 397.447
209.971 61.6954 3.61793 3.00277 213.032 391.457
208.723 60.6622 3.63658 3.05481 176.655 440.765
211.068 60.8049 3.6462 3.27027 152.149 313.497
209.968 60.4881 3.66374 3.1662 225.815 372.9
210.253 60.4731 3.65865 3.13859 132.028 357.316
208.919 60.4641 3.66043 3.12082 112.595 430.701
210.813 60.8045 3.6634 3.25497 203.416 327.361
209.81 60.4601 3.6636 3.14336 138.698 381.737
211.376 60.7866 3.65071 3.24482 212.794 296.622
209.518 60.7351 3.63394 3.15048 161.81 397.425
