# evlo=209.255798 evla=65.030403
194.627 64.5646 3.72359 3.41552 218.534 695.717
217.908 60.4896 3.62014 3.13233 135.13 670.82
217.654 61.036 3.60833 3.14275 139.98 614.595
217.507 60.403 3.62977 3.12167 61.4993 665.42
218.338 61.0595 3.63098 3.17112 135.094 636.887
220.363 59.9534 3.62768 3.13311 90.6028 802.905
216.3 60.3932 3.63764 3.20849 116.875 629.325
216.716 60.1205 3.63662 3.24135 88.6221 667.292
215.395 60.9677 3.63898 3.23282 117.284 548.868
209.094 59.7511 3.66246 3.13193 140.14 588.445
209.259 59.7417 3.66305 3.14946 124.398 589.433
208.846 60.7683 3.68804 3.19877 115.544 475.507
204.378 55.8218 3.66897 3.2119 73.8057 1059.83
200.411 54.831 3.70023 3.34906 100.352 1236.54
208.763 59.5251 3.66268 3.1567 136.899 614.093
216.907 60.7523 3.62381 3.14757 136.128 614.63
218.66 60.9649 3.63802 3.1555 152.413 656.399
217.513 60.0823 3.61577 3.1674 94.1638 694.937
214.225 61.1292 3.61509 3.18932 93.2886 501.803
215.93 63.6482 3.85503 3.35328 132.493 357.305
214.25 60.5487 3.62579 3.11607 84.4051 560.401
213.401 60.7277 3.71075 3.28026 105.823 523.652
209.784 61.1426 3.67449 3.11587 88.8133 434.161
214.766 66.5657 3.75855 3.3536 348.704 304.612
188.296 63.7758 3.74359 3.45091 199.318 1015.58
211.074 61.771 3.70014 3.19286 86.9088 374.47
216.188 61.4417 3.60285 3.13159 139.664 529.889
212.904 60.8792 3.67437 3.24251 125.83 498.17
215.271 60.5805 3.67916 3.30174 88.5908 582.65
216.679 60.2805 3.63705 3.25429 135.866 651.104
218.244 60.7315 3.60908 3.14147 113.915 661.189
213.497 60.396 3.7146 3.24727 87.4156 559.967
215.738 60.3351 3.67344 3.17532 50.9483 619.072
208.348 59.6572 3.66887 3.17928 123.036 600.673
217.659 60.6024 3.60938 3.10681 115.532 652.537
225.615 58.2758 3.69292 3.31909 56.8949 1142.1
216.749 60.4427 3.63429 3.19798 146.412 638.052
217.639 60.9231 3.60975 3.14543 141.344 623.797
214.077 61.4924 3.61116 3.19059 141.154 462.477
211.542 61.4131 3.66016 3.13838 91.5087 419.198
197.4 66.8951 3.79111 3.39291 78.9582 576.698
217.277 60.2474 3.62767 3.17171 59.8853 672.353
218.995 60.824 3.63886 3.15992 127.409 680.262
216.976 61.3836 3.62944 3.11469 135.734 561.499
218.049 60.1785 3.61331 3.16754 138.293 703.272
216.031 60.2361 3.64242 3.145 79.3065 636.703
191.145 52.9721 3.74181 3.33994 94.3491 1686.35
214.53 62.9699 3.69001 3.28397 128.129 345.299
219.747 60.0959 3.63025 3.15162 116.419 768.624
220.599 59.667 3.61551 3.1417 84.3082 835.836
217.533 61.1871 3.62511 3.14613 115.908 597.536
211.667 60.8584 3.65956 3.16464 74.5923 480.763
215.323 60.3863 3.66745 3.22494 71.0426 603.002
210.261 61.0889 3.67422 3.10216 85.5409 442.245
197.092 68.0541 3.69096 3.1761 106.175 635.462
215.154 63.7399 3.86461 3.31113 184.595 318.749
218.652 60.2994 3.61695 3.12818 113.621 712.708
219.217 60.1294 3.6247 3.12991 141.819 747.042
211.668 61.807 3.66184 3.18324 127.434 378.906
212.671 61.832 3.68095 3.42975 170.291 395.06
216.01 63.9761 3.83472 3.38002 188.693 344.94
214.792 60.5341 3.62956 3.22845 87.3933 574.86
205.816 56.5593 3.65599 3.17783 106.777 961.942
208.468 61.98 3.70132 3.25106 210.253 342.273
209.777 60.5117 3.65925 3.12531 115.597 504.342
189.752 57.1766 3.74032 3.38092 127.892 1358.43
209.253 61.4636 3.67807 3.19631 150.071 397.575
217.161 60.1791 3.62855 3.1994 131.93 675.118
216.221 60.072 3.63684 3.13168 86.334 657.818
210.547 60.1043 3.65481 3.13219 62.4367 553.008
218.856 60.4399 3.62469 3.09634 103.726 707.594
217.171 60.7541 3.61897 3.11478 145.996 622.968
192.073 65.5598 3.71958 3.31063 139.135 801.293
193.495 53.8452 3.73064 3.38942 100.464 1524.55
216.546 61.2275 3.6023 3.15615 117.005 560.491
212.26 62.5808 3.63479 3.30922 197.254 310.528
217.147 60.448 3.63297 3.14547 108.642 649.883
218.249 60.3583 3.62428 3.11546 118.965 693.839
198.315 59.9237 3.75527 3.38751 139.663 799.424
199.908 60.1686 3.74773 3.2928 136.918 722.561
201.231 60.4742 3.74954 3.37534 197.017 651.721
202.813 60.5269 3.71241 3.43498 152.032 599.475
204.11 60.6801 3.7204 3.34029 157.544 550.746
205.516 60.8132 3.69184 3.25511 171.743 506.788
207.791 61.2001 3.66576 3.23507 154.134 433.261
215.402 61.6061 3.6136 3.13306 153.187 490.044
222.911 61.4593 3.78374 3.26357 42.1461 790.919
224.22 61.4862 3.7582 3.31421 72.0732 846.224
226.918 61.1512 3.76536 3.43095 85.1971 987.004
198.736 59.2533 3.74604 3.31421 94.5832 843.734
200.175 59.1767 3.7492 3.35027 116.801 804.85
201.907 59.5938 3.7259 3.43548 179.188 714.796
202.905 59.7733 3.70597 3.37679 170.784 670.909
204.792 59.8542 3.69769 3.28199 129.1 620.876
205.68 60.1952 3.66394 3.25987 151.587 569.102
207.376 60.0815 3.66878 3.23788 182.559 559.924
210.276 60.4814 3.67447 3.12959 66.3985 509.675
219.809 60.7718 3.65467 3.19853 82.114 714.798
221.424 60.3024 3.66667 3.21534 101.323 814.111
190.452 56.6011 3.75142 3.39624 45.2535 1379.2
202.009 59.0314 3.71651 3.40711 125.68 767.576
203.561 59.1953 3.6995 3.33028 118.77 714.379
204.771 59.3922 3.68642 3.28164 166.052 669.904
206.768 59.6524 3.66593 3.25187 164.839 612.963
212.597 59.9979 3.69327 3.23846 116.924 586.5
222.262 59.6304 3.67054 3.20129 82.438 900.603
223.04 60.1218 3.69442 3.38266 61.5296 892.07
227.183 60.2114 3.76934 3.2639 48.3575 1060.03
203.344 58.6774 3.69481 3.31255 110.631 772.601
204.113 58.2637 3.69357 3.29947 101.604 801.188
204.991 58.6484 3.67897 3.27563 118.103 745.439
206.355 58.9287 3.66557 3.24851 147.977 696.615
207.606 58.6097 3.63421 3.13893 116.658 720.738
213.66 59.4296 3.74937 3.2392 68.1151 664.509
227.731 58.9601 3.70797 3.34774 51.9822 1174.15
202.426 57.5673 3.68488 3.32915 92.079 907.426
203.613 57.6397 3.68037 3.29085 79.0639 876.406
205.548 57.5665 3.67041 3.28442 94.5761 854.778
224.26 58.4133 3.67919 3.28971 41.6402 1078.18
225.482 58.2747 3.69742 3.31585 25.9321 1136.96
229.033 59.3946 3.75949 3.27162 23.2305 1198
200.447 56.2848 3.69499 3.36999 114.065 1084.7
223.768 57.9616 3.66203 3.23253 103.657 1098.65
225.424 57.4688 3.68347 3.28355 39.5766 1203.11
228.869 57.9128 3.68294 3.32679 26.0904 1303.14
227.048 56.8144 3.68926 3.33959 30.4492 1321.59
229.75 56.9811 3.68365 3.28467 42.588 1414.91
210.428 68.6408 3.68618 3.16392 157.41 405.885
226.879 56.1146 3.69722 3.29921 70.0578 1376.75
228.385 55.3279 3.69604 3.33397 65.8452 1503.49
227.653 56.4191 3.68466 3.32186 49.7833 1379.2
218.547 60.1369 3.88163 4.0919 88.0191 723.461
217.908 60.4896 3.62014 3.13233 135.13 670.82
217.507 60.403 3.62977 3.12167 61.4993 665.42
218.338 61.0595 3.631 3.17114 135.094 636.891
216.296 60.3923 3.63756 3.20842 116.875 629.312
216.716 60.1205 3.63662 3.24135 88.6221 667.292
215.271 60.5805 3.67916 3.30174 88.5908 582.65
216.679 60.2805 3.63705 3.25429 135.866 651.104
218.244 60.7315 3.60908 3.14147 113.915 661.189
217.659 60.602 3.60949 3.1069 115.532 652.557
216.749 60.4427 3.63429 3.19798 146.412 638.052
217.639 60.9231 3.60971 3.14539 141.344 623.79
217.277 60.2474 3.62767 3.17171 59.8853 672.353
218.995 60.8241 3.63881 3.15989 127.409 680.253
216.976 61.3836 3.62944 3.11469 135.734 561.499
218.049 60.1785 3.61331 3.16754 138.293 703.272
216.031 60.2361 3.64242 3.145 79.3065 636.703
217.533 61.187 3.6252 3.14621 115.908 597.552
218.652 60.2994 3.61695 3.12818 113.621 712.708
219.217 60.1294 3.6247 3.12991 141.819 747.042
216.221 60.072 3.63684 3.13168 86.334 657.818
218.856 60.4399 3.62469 3.09634 103.726 707.594
216.546 61.2275 3.6023 3.15615 117.005 560.491
209.518 60.7352 3.67199 3.13642 70.2559 478.926
209.518 60.7351 3.67208 3.13649 70.2559 478.937
