# evlo=197.091995 evla=68.0541
194.627 64.5646 3.69422 3.27865 197.933 404.446
217.654 61.036 3.65629 3.11777 56.933 1248.82
217.507 60.403 3.6696 3.12935 32.088 1296.37
218.338 61.0595 3.65884 3.11639 80.2216 1272.08
220.363 59.9534 3.66586 3.12277 71.5232 1438.11
216.3 60.3932 3.64921 3.20169 47.3688 1254.65
225.144 58.5792 3.69015 3.17483 36.2881 1733.04
215.395 60.9677 3.65614 3.18893 57.6836 1173.81
209.013 64.0997 3.66121 3.22231 102.828 694.895
209.094 59.7511 3.66488 3.18192 60.4037 1093.04
209.259 59.7417 3.65709 3.1668 58.4977 1098.23
210.701 64.1732 3.68837 3.3104 59.7387 749.57
208.846 60.7683 3.66481 3.19327 48.6986 986.84
207.916 63.4188 3.65378 3.22992 101.699 714.793
212.195 64.6453 3.70409 3.17234 111.564 772.954
204.378 55.8218 3.6853 3.2286 29.3227 1413.51
200.411 54.831 3.67226 3.30414 21.8155 1483.57
207.685 63.8827 3.66664 3.21005 80.6569 667.873
209.796 67.2269 3.59061 2.95263 222.128 546.355
216.907 60.7523 3.65677 3.14147 52.8882 1245.43
218.66 60.9649 3.66431 3.12143 69.4875 1291.69
209.738 62.4058 3.65183 3.25232 114.587 860.779
217.513 60.0823 3.63663 3.19694 40.1221 1324
212.624 63.0753 3.6859 3.20165 82.8165 902.76
214.225 61.1292 3.6549 3.27372 69.5226 1119.64
215.93 63.6482 3.72804 3.15543 62.3753 984.986
214.25 60.5487 3.65744 3.23472 91.2297 1171.29
196.582 54.8564 3.72485 3.33079 35.0447 1470.91
213.401 60.7277 3.65215 3.17479 90.9933 1127.41
209.784 61.1426 3.65561 3.14888 64.1279 977.444
214.766 66.5657 3.64098 3.06576 139.725 776.106
188.296 63.7758 3.74233 3.31929 200.047 621.834
203.121 64.7461 3.66554 3.10048 107.298 456.378
211.074 61.771 3.65568 3.1963 59.9534 959.386
216.188 61.4417 3.65725 3.1286 60.2545 1162.26
212.904 60.8792 3.64925 3.18826 74.2864 1097.7
215.271 60.5805 3.65015 3.20083 48.3416 1202.91
216.679 60.2805 3.63613 3.2351 53.3299 1277.62
218.244 60.7315 3.65641 3.08827 72.9375 1295.5
213.052 64.4091 3.71967 3.15418 96.0057 821.7
213.497 60.396 3.66281 3.17284 67.9941 1160.29
215.738 60.3351 3.64949 3.21297 67.3293 1240.31
217.659 60.6024 3.66683 3.08569 56.1889 1285.01
225.615 58.2758 3.68967 3.18303 38.6616 1776.61
215.581 59.9268 3.66416 3.21014 43.1159 1271.04
216.749 60.4427 3.64829 3.22973 45.2118 1266.12
217.639 60.9231 3.65702 3.11479 64.638 1257.6
214.077 61.4924 3.65279 3.26389 89.5989 1083.47
211.542 61.4131 3.64996 3.20373 58.0683 1006.19
209.077 63.5527 3.6628 3.16839 85.3989 741.116
217.277 60.2474 3.64543 3.19355 35.5992 1301.47
218.995 60.824 3.66428 3.12776 68.7295 1315.59
216.976 61.3836 3.66213 3.10294 45.9821 1195.65
211.063 63.7318 3.68267 3.27751 107.466 795.804
211.768 64.9602 3.69344 3.13101 102.715 736.123
209.256 65.0304 3.69096 3.1761 106.175 635.462
210.931 64.5928 3.718 3.21178 79.4422 728.237
216.031 60.2361 3.65481 3.2261 59.7134 1259.01
191.145 52.9721 3.71217 3.3878 45.502 1709.96
214.53 62.9699 3.67787 3.23403 78.2714 980.646
219.747 60.0959 3.66025 3.11571 39.0761 1403.49
220.599 59.667 3.66942 3.11714 51.4847 1470.83
214.475 65.5174 3.65464 3.05853 96.9465 812.225
207.811 62.8962 3.65516 3.26344 126.731 757.791
217.533 61.1871 3.65707 3.1251 77.7252 1232.04
211.667 60.8584 3.65487 3.18723 65.6905 1060.35
215.323 60.3863 3.6481 3.1807 36.8047 1221.66
210.261 61.0889 3.64964 3.19175 56.1614 996.469
215.154 63.7399 3.73967 3.17024 44.4208 948.486
218.652 60.2994 3.66352 3.10227 40.5678 1346.38
211.14 63.4056 3.67824 3.22263 77.8392 823.908
219.217 60.1294 3.65953 3.11594 34.2248 1381.24
211.668 61.807 3.65087 3.26215 84.8451 975.401
212.671 61.832 3.65469 3.25741 96.6564 1006.53
216.01 63.9761 3.72805 3.17248 99.4112 965.975
214.792 60.5341 3.65427 3.19646 39.9712 1190.71
208.468 61.98 3.67566 3.22223 87.2122 861.112
209.777 60.5117 3.63546 3.18178 69.124 1037.14
189.752 57.1766 3.72741 3.43293 156.943 1267.43
217.161 60.1791 3.64106 3.19599 46.9075 1303.27
216.221 60.072 3.64273 3.20883 45.0042 1279.91
210.547 60.1043 3.64565 3.22152 54.5563 1097.89
218.856 60.4399 3.66103 3.10465 50.8158 1342.06
217.171 60.7541 3.65632 3.10925 54.4112 1254.71
192.073 65.5598 3.71699 3.27474 328.438 354.825
209.711 63.4502 3.66762 3.19704 89.8748 770.865
193.495 53.8452 3.69141 3.36188 104.568 1594.52
216.546 61.2275 3.65665 3.12944 55.4109 1192.81
212.058 62.8349 3.66694 3.20884 48.1781 901.822
211.771 63.0624 3.6845 3.18541 34.6434 873.445
212.26 62.5808 3.66887 3.18764 58.4112 929.604
211.152 62.8331 3.68223 3.16985 74.4434 870.676
217.147 60.448 3.65217 3.17851 26.1714 1279.74
211.908 64.4716 3.7041 3.18944 106.993 773.58
218.249 60.3583 3.65679 3.15278 34.4477 1326.81
213.052 64.4091 3.71967 3.15418 96.0057 821.7
197.939 55.703 3.72966 3.34125 99.8012 1377.11
200.447 56.2848 3.68014 3.27764 38.6964 1322.76
223.768 57.9616 3.67117 3.21301 27.3109 1733.96
229.75 56.9811 3.68835 3.2688 28.4412 2046.29
212.138 64.8735 3.69857 3.11877 86.6446 756.03
210.428 68.6408 3.6045 2.95097 218.556 552.115
226.879 56.1146 3.67299 3.28542 23.4604 2012.2
228.385 55.3279 3.68443 3.32186 23.2384 2138.93
209.931 62.7622 2.97818 2.35416 91.0356 835.922
211.063 63.7323 3.68258 3.27744 107.466 795.785
211.14 63.4057 3.67823 3.22263 77.8392 823.906
218.547 60.1369 3.79322 3.60904 48.3489 1356.28
217.507 60.403 3.6696 3.12935 32.088 1296.37
218.338 61.0595 3.65886 3.1164 80.2216 1272.08
216.296 60.3923 3.64909 3.20159 47.3688 1254.61
215.271 60.5805 3.65015 3.20083 48.3416 1202.91
216.679 60.2805 3.63613 3.2351 53.3299 1277.62
218.244 60.7315 3.65641 3.08827 72.9375 1295.5
217.659 60.602 3.66687 3.08573 56.1889 1285.03
216.749 60.4427 3.64829 3.22973 45.2118 1266.12
217.639 60.9231 3.657 3.11477 64.638 1257.59
217.277 60.2474 3.64543 3.19355 35.5992 1301.47
218.995 60.8241 3.66425 3.12774 68.7295 1315.59
216.976 61.3836 3.66213 3.10294 45.9821 1195.65
216.031 60.2361 3.65481 3.2261 59.7134 1259.01
217.533 61.187 3.65712 3.12514 77.7252 1232.05
218.652 60.2994 3.66352 3.10227 40.5678 1346.38
219.217 60.1294 3.65953 3.11594 34.2248 1381.24
216.221 60.072 3.64273 3.20883 45.0042 1279.91
218.856 60.4399 3.66103 3.10465 50.8158 1342.06
216.546 61.2275 3.65665 3.12944 55.4109 1192.81
