# evlo=212.259995 evla=62.580799
225.449 60.24 3.6122 3.17772 158.157 749.515
194.627 64.5646 3.68335 3.21505 78.2006 900.208
217.908 60.4896 3.64207 2.90278 85.152 380.027
217.654 61.036 3.62427 3.08435 168.51 332.292
217.507 60.403 3.65064 3.00147 73.5274 369.957
218.338 61.0595 3.59885 3.02242 187.534 362.24
220.363 59.9534 3.62498 2.98528 76.4974 523.568
216.3 60.3932 3.56444 3.30809 137.694 325.069
225.144 58.5792 3.61127 3.06255 123.014 833.045
216.716 60.1205 3.58667 3.25374 141.719 363.178
209.094 59.7511 3.59417 3.18788 297.1 358.33
209.259 59.7417 3.59747 3.17268 297.022 355.148
204.378 55.8218 3.63986 3.05483 119.164 875.966
200.411 54.831 3.58671 2.84254 104.57 1099.62
208.763 59.5251 3.59483 3.14454 316.816 389.264
209.796 67.2269 3.64798 3.31136 92.3715 530.864
216.907 60.7523 3.62796 3.06137 156.261 319.435
218.66 60.9649 3.58909 3.00373 163.371 382.602
217.513 60.0823 3.62253 3.19135 97.776 395.521
221.785 59.0906 3.65715 3.20065 17.6764 646.704
196.582 54.8564 3.66648 3.22135 116.488 1245.14
214.766 66.5657 3.66503 3.24727 205.312 460.114
203.121 64.7461 3.67807 3.20284 102.559 512.255
216.679 60.2805 3.59391 3.24068 125.723 348.185
218.244 60.7315 3.63624 3.08203 97.4461 377.952
215.738 60.3351 3.59696 3.12489 104.056 311.389
208.348 59.6572 3.5924 3.07915 245.561 387.907
217.659 60.6024 3.64879 2.92161 109.5 361.475
225.615 58.2758 3.6126 3.08922 82.0067 875.588
215.581 59.9268 3.62051 2.96943 87.0926 345.216
216.749 60.4427 3.60132 3.11549 128.26 337.313
217.639 60.9231 3.6188 3.03699 150.988 338.773
197.4 66.8951 3.6939 3.34313 55.8897 852.494
217.277 60.2474 3.60555 3.12833 68.8116 373.142
218.995 60.824 3.61106 3.05912 210.055 406.311
218.049 60.1785 3.61746 3.02923 86.901 408.952
209.256 65.0304 3.63479 3.30922 197.254 310.528
216.031 60.2361 3.58567 3.26576 128.768 329.786
191.145 52.9721 3.68152 3.30017 104.789 1636.85
219.747 60.0959 3.61751 2.93749 103.745 486.696
220.599 59.667 3.61301 3.06842 77.2446 553.765
214.475 65.5174 3.64548 3.23872 211.762 344.736
217.533 61.1871 3.61168 3.08631 201.222 317.732
197.092 68.0541 3.66887 3.18764 58.4112 929.604
218.652 60.2994 3.62855 2.95085 81.805 425.086
219.217 60.1294 3.64465 2.95384 97.8022 461.314
205.816 56.5593 3.64086 3.0951 240.409 762.486
189.752 57.1766 3.70709 3.27928 83.5677 1387.27
217.161 60.1791 3.59956 3.20117 132.917 374.35
216.221 60.072 3.6076 3.31674 121.888 350.796
218.856 60.4399 3.63119 2.9546 132.623 424.205
217.171 60.7541 3.63621 3.03132 141.572 330.158
192.073 65.5598 3.70267 3.25812 70.9854 1034.4
193.495 53.8452 3.6704 3.27557 142.641 1461.06
217.147 60.448 3.64072 3.08818 122.016 352.198
218.249 60.3583 3.63695 2.90341 64.4725 403.794
217.908 60.4896 3.64207 2.90278 85.152 380.027
217.507 60.403 3.65064 3.00147 73.5274 369.957
218.338 61.0595 3.5989 3.02246 187.534 362.245
216.296 60.3923 3.56397 3.30765 137.694 325.027
216.716 60.1205 3.58667 3.25374 141.719 363.178
216.679 60.2805 3.59391 3.24068 125.723 348.185
218.244 60.7315 3.63624 3.08203 97.4461 377.952
217.659 60.602 3.64887 2.92168 109.5 361.483
216.749 60.4427 3.60132 3.11549 128.26 337.313
217.639 60.9231 3.6187 3.03691 150.988 338.764
217.277 60.2474 3.60555 3.12833 68.8116 373.142
218.995 60.8241 3.611 3.05908 210.055 406.305
218.049 60.1785 3.61746 3.02923 86.901 408.952
216.031 60.2361 3.58567 3.26576 128.768 329.786
217.533 61.187 3.61185 3.08645 201.222 317.747
218.652 60.2994 3.62855 2.95085 81.805 425.086
219.217 60.1294 3.64465 2.95384 97.8022 461.314
216.221 60.072 3.6076 3.31674 121.888 350.796
218.856 60.4399 3.63119 2.9546 132.623 424.205
