# evlo=235.92970300000002 evla=69.347504
194.627 64.5646 3.70297 3.1802 89.6025 1841.52
217.908 60.4896 3.75414 3.26978 168.338 1294.73
217.654 61.036 3.75741 3.2749 170.259 1251.83
217.507 60.403 3.75579 3.26162 99.9366 1314.86
218.338 61.0595 3.75815 3.2762 219.566 1228.84
220.363 59.9534 3.74984 3.22663 101.33 1276.61
216.3 60.3932 3.74385 3.24662 137.268 1352.74
225.144 58.5792 3.75275 3.16985 31.2649 1307.04
216.716 60.1205 3.74794 3.26591 139.858 1365.16
215.395 60.9677 3.7587 3.30315 156.686 1329.47
209.013 64.0997 3.79353 3.36098 123.115 1309.15
210.701 64.1732 3.80907 3.29986 137.052 1239.67
213.401 60.7277 3.76261 3.29718 99.5938 1416.57
215.271 60.5805 3.75438 3.27763 155.741 1368.22
216.679 60.2805 3.74866 3.25777 154.511 1351.42
218.244 60.7315 3.75678 3.26583 134.839 1262.11
213.052 64.4091 3.81529 3.30674 154.964 1134.5
217.659 60.6024 3.75405 3.26205 173.897 1291.69
216.749 60.4427 3.74982 3.25664 196.574 1334.26
217.639 60.9231 3.75657 3.27046 172.012 1262.64
217.277 60.2474 3.75236 3.27499 114.893 1336.33
218.995 60.824 3.76055 3.27256 156.141 1231.28
216.976 61.3836 3.76436 3.29834 154.39 1241.5
211.063 63.7318 3.81617 3.28356 100.231 1257.41
218.049 60.1785 3.75075 3.25741 159.646 1319.83
216.031 60.2361 3.74471 3.2405 141.683 1375.57
217.533 61.1871 3.76 3.27062 150.97 1241.77
218.652 60.2994 3.7488 3.24917 84.5182 1290.82
211.14 63.4056 3.81177 3.2869 99.0919 1278.49
219.217 60.1294 3.74926 3.23955 131.701 1290.95
216.221 60.072 3.74402 3.25849 140.605 1384.84
218.856 60.4399 3.756 3.25421 125.217 1271.6
216.546 61.2275 3.76071 3.28718 161.032 1269.2
234.753 71.9871 3.88708 3.49862 217.932 297.681
205.387 69.6211 3.67486 2.95767 80.449 1183.04
194.656 68.2746 3.67728 3.00638 84.8327 1638.06
196.822 68.4753 3.67325 2.99517 75.7616 1547.16
198.806 68.6483 3.67187 2.97845 78.9057 1464.7
200.413 69.1049 3.66726 2.96095 86.9532 1386.98
205.217 69.1565 3.67176 2.96025 128.413 1202.21
209.387 69.836 3.66744 2.97274 155.67 1026.62
211.299 69.72 3.6694 2.95701 124.132 955.903
215.088 69.9175 3.65147 2.90874 164.979 808.382
216.289 69.626 3.65382 2.89114 165.005 765.752
196.917 67.6988 3.6654 2.95256 81.0842 1577.61
201.885 68.4946 3.67053 2.98233 117.535 1352.59
203.387 68.7132 3.67074 2.99143 120.413 1286.81
207.318 68.8799 3.66732 2.97478 148.092 1129.65
209.319 68.9656 3.66855 2.97507 229.767 1049.63
211.177 69.1532 3.67382 2.97517 223.573 972.671
213.625 69.322 3.66996 2.96465 193.055 873.979
219.035 69.243 3.6784 2.98297 112.034 664.863
221.263 69.3286 3.67767 2.98629 125.283 576.407
198.174 67.082 3.66676 3.01697 82.7674 1558.55
199.397 67.4213 3.66571 2.99016 86.9003 1494.55
202.768 67.4572 3.67002 3.03474 96.0845 1361.47
203.811 68.2575 3.67348 3.00494 88.5966 1287.16
206.028 68.4414 3.67395 3.00824 96.6289 1194.25
208.187 68.1343 3.68491 3.04539 99.5824 1121.28
210.384 68.0584 3.69687 3.07209 81.801 1037.99
211.513 68.0748 3.70489 3.13152 80.7566 992.991
214.432 68.1207 3.74425 3.20965 133.949 876.476
218.405 68.1861 3.79146 3.20912 96.5799 717.729
220.465 68.6043 3.77426 3.15091 132.405 623.227
222.103 68.3889 3.81019 3.23357 113.021 565.408
223.281 66.3701 3.87578 3.40525 160.997 625.561
198.75 66.442 3.68262 3.14096 70.2841 1569.07
200.349 66.6001 3.68599 3.13844 82.7578 1498.08
202.227 66.8332 3.68037 3.10068 73.0407 1412.48
204.275 67.0486 3.68421 3.1109 72.723 1321.51
206.517 67.2221 3.6824 3.10404 101.389 1225.2
207.821 67.5076 3.68318 3.08995 72.5576 1161.1
212.113 67.5187 3.72918 3.23666 78.3846 991.69
214.357 67.5933 3.76121 3.23807 78.989 900.163
215.855 67.6946 3.78288 3.24611 101.59 837.004
220.128 67.6136 3.80764 3.23223 100.912 673.213
224.214 67.6106 3.8867 3.32258 126.798 516.453
226.258 67.441 3.8998 3.41877 209.336 450.205
195.961 64.9941 3.69825 3.16837 63.1003 1762.1
197.645 65.3936 3.69779 3.14043 56.0023 1671.69
206.494 66.5156 3.73695 3.26638 98.4494 1260.8
208.493 66.9214 3.72971 3.25878 97.5119 1161.69
209.976 66.7108 3.75734 3.27353 121.163 1113.75
212.525 66.7004 3.78347 3.29454 142.263 1014.22
213.899 66.7653 3.79452 3.30073 143.95 957.103
216.215 66.9498 3.80192 3.281 182.43 857.322
218.345 66.8088 3.83307 3.32188 147.118 782.33
221.978 66.9116 3.89004 3.37517 124.21 638.796
223.778 66.9808 3.9054 3.40898 204.544 568.116
225.729 66.9227 3.93033 3.4577 124.462 502.078
197.761 64.6379 3.73477 3.26486 44.2451 1713.53
200.087 64.937 3.74523 3.27883 61.8734 1603.24
201.637 65.1527 3.74518 3.28405 63.2934 1529.04
203.551 65.5276 3.75063 3.28012 64.1985 1431.36
205.119 65.4924 3.7663 3.28091 65.6165 1371.72
207.195 65.6571 3.77351 3.27712 87.8166 1280.54
208.623 65.8937 3.78401 3.28983 85.6276 1210.92
210.457 65.8251 3.7995 3.27907 93.258 1143.12
212.122 65.8371 3.81366 3.30514 184.568 1077.63
214.18 66.267 3.84251 3.28599 27.6662 973.011
214.181 66.267 3.81158 3.30445 73.3477 972.972
218.473 66.2305 3.8427 3.33936 122.793 810.829
221.631 66.2191 3.88148 3.39448 97.1272 694.779
225.657 65.8052 3.86718 3.37783 137.803 588.107
214.843 62.3987 3.80153 3.3645 106.447 1224.52
213.052 64.4091 3.81529 3.30674 154.964 1134.5
199.305 63.8864 3.76487 3.35852 42.6515 1701.63
205.522 64.7962 3.78335 3.32569 70.6541 1398.5
208.018 65.18 3.80009 3.33285 76.3596 1276.97
210.64 65.1479 3.80307 3.3754 114.954 1177.15
216.846 65.3064 3.82118 3.31695 110.409 931.234
218.385 65.6035 3.85481 3.33428 92.0862 854.363
220.064 65.4483 3.87561 3.33692 108.751 804.171
221.694 65.3609 3.87854 3.35517 145.568 753.489
223.623 65.2225 3.86007 3.3902 158.418 699.974
196.446 62.7492 3.75663 3.3698 41.7492 1892.62
203.285 63.465 3.78272 3.36098 66.7714 1574.49
204.379 63.994 3.7777 3.38868 55.5856 1495.61
205.853 64.1767 3.78917 3.39657 85.6633 1425.92
214.63 64.613 3.82534 3.3319 118.282 1061.29
216.436 64.5012 3.86241 3.29076 111.914 1003.05
221.784 64.453 3.83309 3.39184 120.324 822.227
221.784 64.4525 3.84028 3.3464 132.325 822.288
223.67 64.5753 3.85549 3.33955 143.635 752.528
195.344 61.9331 3.75344 3.40304 39.3378 1995.17
198.469 62.2938 3.77033 3.38504 87.3101 1846.15
201.699 62.7161 3.79276 3.38201 80.905 1689.42
205.93 63.3569 3.80423 3.34345 139.331 1479.63
214.222 63.8036 3.80393 3.32316 48.2197 1135.24
217.924 64.0292 3.83854 3.37739 117.479 986.064
222.48 63.8433 3.82732 3.31039 186.457 852.316
197.317 61.3416 3.78597 3.35615 53.1435 1962.38
198.513 61.678 3.78662 3.37538 68.8739 1890.22
200.525 61.7105 3.79508 3.3603 65.6768 1809.59
201.703 62.1344 3.79963 3.36231 68.6032 1732.08
203.311 62.2195 3.79487 3.35048 60.0757 1663.64
205.146 62.1816 3.79083 3.33157 104.372 1596.3
206.12 62.4787 3.79421 3.31174 105.65 1536.74
216.652 63.0254 3.81595 3.37644 116.783 1110.63
218.173 63.0618 3.80916 3.36425 186.62 1056.49
221.871 63.109 3.81183 3.3075 163.848 935.931
193.799 60.3849 3.7632 3.3757 49.7114 2173.93
196.65 60.4135 3.78549 3.38563 44.0589 2060.44
198.04 60.7515 3.78995 3.36893 52.495 1979.89
199.312 60.6947 3.7865 3.34937 60.5207 1935.17
201.041 61.0224 3.79046 3.37732 77.6428 1842.84
202.562 61.4009 3.78445 3.36031 73.0537 1754.95
204.176 61.4907 3.78612 3.3233 66.7849 1686.47
205.609 61.9037 3.78502 3.29978 100.745 1600.07
206.868 61.8823 3.78306 3.29763 89.8337 1554.32
209.88 61.7531 3.78287 3.3179 47.2368 1453.42
213.825 62.1067 3.7941 3.31486 140.1 1284.04
217.004 62.4013 3.79912 3.35284 181.388 1151.29
218.122 62.3579 3.79315 3.32408 195.104 1118.61
221.538 62.4435 3.79716 3.34014 169.63 1006.46
223.206 62.5763 3.80447 3.28279 151.215 947.307
225.609 62.2024 3.79937 3.32216 91.6513 923.639
198.315 59.9237 3.78148 3.35306 40.8341 2035.16
199.908 60.1686 3.78335 3.37458 63.8614 1954.23
201.231 60.4742 3.78344 3.36188 81.9707 1879.07
202.813 60.5269 3.77825 3.29667 57.438 1814.74
204.11 60.6801 3.78193 3.3077 103.098 1753.48
205.516 60.8132 3.77636 3.27287 86.9523 1690.13
207.791 61.2001 3.76764 3.29554 45.708 1574.57
215.402 61.6061 3.77059 3.33434 222.339 1273.01
222.911 61.4593 3.77809 3.26367 102.59 1062.67
224.22 61.4862 3.78293 3.27943 110.568 1027.62
226.918 61.1512 3.79414 3.23954 39.6526 1003.8
198.736 59.2533 3.77779 3.33873 59.1081 2073.85
200.175 59.1767 3.78095 3.32999 47.2222 2025.5
201.907 59.5938 3.77675 3.31091 66.5341 1925.43
202.905 59.7733 3.7768 3.31444 80.4969 1873.06
204.792 59.8542 3.75142 3.27219 68.1712 1796.2
207.376 60.0815 3.7499 3.28204 61.2806 1682.72
219.809 60.7718 3.76287 3.26686 139.766 1212.79
221.424 60.3024 3.76107 3.25302 88.4673 1214.45
223.909 60.7704 3.77424 3.29028 81.0801 1106.69
190.452 56.6011 3.76512 3.33474 30.3614 2617.32
202.009 59.0314 3.77477 3.34815 53.283 1968.79
203.561 59.1953 3.75011 3.27786 53.3111 1897.3
204.771 59.3922 3.747 3.23736 65.7911 1836.04
206.768 59.6524 3.74272 3.28583 70.8864 1741.22
212.597 59.9979 3.7687 3.29226 113.044 1508.14
222.262 59.6304 3.75926 3.28049 67.9555 1260.53
223.04 60.1218 3.76657 3.27796 80.9452 1192.45
226.285 59.5898 3.73369 3.19679 31.6475 1179.34
227.183 60.2114 3.73833 3.13188 35.9059 1097.71
212.566 65.1171 3.80165 3.33888 168.289 1105.06
203.344 58.6774 3.75131 3.28404 75.2504 1949.61
204.113 58.2637 3.72567 3.25939 57.5855 1957.52
204.991 58.6484 3.73912 3.27898 33.5232 1892.13
207.606 58.6097 3.73334 3.24753 79.7233 1802.55
213.66 59.4296 3.73658 3.28873 184.158 1524.79
202.426 57.5673 3.73429 3.28089 40.234 2080.13
203.613 57.6397 3.73158 3.25243 51.131 2030.66
205.548 57.5665 3.72625 3.20777 46.1594 1968.18
225.482 58.2747 3.74891 3.22313 46.2005 1332.95
197.939 55.703 3.75134 3.33647 35.4843 2411.31
200.447 56.2848 3.74226 3.29994 42.5069 2266.67
228.869 57.9128 3.73719 3.19721 57.8315 1319.73
227.048 56.8144 3.73957 3.16641 22.2733 1463.69
212.138 64.8735 3.79894 3.31912 139.632 1137.37
210.428 68.6408 3.67668 3.01803 143.656 1016.2
226.879 56.1146 3.72734 3.17047 45.4421 1541.87
218.842 64.7774 3.8837 3.34833 173.475 896.569
227.653 56.4191 3.73332 3.21351 58.5937 1498.01
209.931 62.7622 3.64423 3.19342 99.5633 1372
211.063 63.7323 3.81601 3.28341 100.231 1257.35
211.14 63.4057 3.81175 3.28689 99.0919 1278.48
218.547 60.1369 3.59271 3.13653 155.699 1309.31
210.84 64.6544 3.79742 3.33959 80.7553 1201.52
210.867 64.709 3.79321 3.3477 97.0117 1196.86
210.853 64.7716 3.79468 3.35427 69.6071 1193.24
210.847 64.8338 3.798 3.36524 69.4175 1189.39
210.819 64.8857 3.79917 3.36239 88.2439 1187.1
210.44 64.87 3.79914 3.36655 86.4426 1202.67
210.174 64.8537 3.79944 3.36888 76.6345 1213.97
210.069 64.7653 3.79736 3.36448 116.214 1223.79
210.917 64.5498 3.79992 3.33417 90.1489 1205.62
210.782 64.5716 3.79594 3.33842 93.2854 1209.29
210.554 64.5756 3.79789 3.34077 118.235 1217.74
210.901 64.613 3.79828 3.34049 116.807 1201.98
211.172 64.6917 3.7973 3.34077 107.753 1186.34
217.908 60.4896 3.75414 3.26978 168.338 1294.73
217.507 60.403 3.75579 3.26162 99.9366 1314.86
218.338 61.0595 3.75815 3.27619 219.566 1228.84
216.296 60.3923 3.74437 3.24707 137.268 1352.93
216.716 60.1205 3.74794 3.26591 139.858 1365.16
215.271 60.5805 3.75438 3.27763 155.741 1368.22
216.679 60.2805 3.74866 3.25777 154.511 1351.42
218.244 60.7315 3.75678 3.26583 134.839 1262.11
217.659 60.602 3.7542 3.26218 173.897 1291.74
216.749 60.4427 3.74982 3.25664 196.574 1334.26
217.639 60.9231 3.75659 3.27047 172.012 1262.64
217.277 60.2474 3.75236 3.27499 114.893 1336.33
218.995 60.8241 3.76052 3.27254 156.141 1231.27
216.976 61.3836 3.76436 3.29834 154.39 1241.5
218.049 60.1785 3.75075 3.25741 159.646 1319.83
216.031 60.2361 3.74471 3.2405 141.683 1375.57
217.533 61.187 3.76001 3.27063 150.97 1241.77
218.652 60.2994 3.7488 3.24917 84.5182 1290.82
219.217 60.1294 3.74926 3.23955 131.701 1290.95
216.221 60.072 3.74402 3.25849 140.605 1384.84
218.856 60.4399 3.756 3.25421 125.217 1271.6
216.546 61.2275 3.76071 3.28718 161.032 1269.2
212.567 65.1173 3.79966 3.32476 102.363 1105.04
212.57 65.1176 3.80025 3.32414 108.808 1104.91
209.518 60.7352 3.75521 3.2732 48.4667 1550.59
209.518 60.7351 3.7552 3.27318 48.4667 1550.59
