# evlo=212.1129 evla=67.5187
194.627 64.5646 3.70545 3.33721 147.477 854.693
217.908 60.4896 3.70404 3.55222 66.141 832.445
217.654 61.036 3.67171 3.33532 83.8967 770.215
217.507 60.403 3.67006 3.36849 75.3065 835.349
218.338 61.0595 3.66912 3.14142 50.2302 779.721
220.363 59.9534 3.65948 3.2119 66.3348 934.772
225.144 58.5792 3.69143 3.34631 60.3896 1189.45
216.716 60.1205 3.62353 3.23711 34.7916 854.717
215.395 60.9677 3.70261 3.28731 117.519 747.197
209.013 64.0997 3.70276 3.29077 162.551 406.634
209.094 59.7511 3.65804 3.19733 178.768 878.437
209.259 59.7417 3.66014 3.18829 165.004 878.147
210.701 64.1732 3.69207 3.27518 148.18 378.549
208.846 60.7683 3.67604 3.24267 97.4628 768.88
207.916 63.4188 3.70632 3.33597 144.957 496.541
212.195 64.6453 3.71713 3.31871 158.105 320.43
204.378 55.8218 3.66447 3.18231 61.1139 1363.85
200.411 54.831 3.70446 3.3199 83.2464 1541.6
207.685 63.8827 3.68965 3.24963 208.325 453.331
208.763 59.5251 3.65846 3.20267 130.548 906.171
216.907 60.7523 3.6406 3.17504 48.2558 789.043
209.738 62.4058 3.69546 3.28573 187.638 580.878
217.513 60.0823 3.66744 3.3173 97.9915 869.835
212.624 63.0753 3.69544 3.20949 108.115 495.994
214.225 61.1292 3.64216 3.15227 87.9918 719.494
215.93 63.6482 3.78336 3.42758 84.614 465.922
214.25 60.5487 3.65539 3.15891 98.3536 783.866
213.401 60.7277 3.62816 3.15211 43.25 759.606
215.271 60.5805 3.69564 3.24854 58.7904 788.426
216.679 60.2805 3.61011 3.25132 40.9434 836.901
213.052 64.4091 3.77194 3.26441 118.511 349.349
216.749 60.4427 3.62698 3.21459 57.2027 820.264
217.639 60.9231 3.67398 3.3367 109.828 781.961
218.995 60.824 3.64382 3.22008 65.183 816.79
216.976 61.3836 3.64623 3.21298 94.2827 722.391
211.063 63.7318 3.68517 3.29755 268.36 424.993
217.533 61.1871 3.66364 3.34124 91.3965 752.187
218.652 60.2994 3.65156 3.16348 46.9699 865.318
211.14 63.4056 3.6938 3.33208 159.56 460.806
219.217 60.1294 3.66071 3.21743 71.9045 893.568
218.856 60.4399 3.64961 3.20959 72.2133 854.246
216.546 61.2275 3.62871 3.10238 53.9844 732.825
212.138 64.8736 3.71039 3.27966 214.819 294.958
198.929 70.2043 3.64003 2.96681 74.1428 607.74
203.383 71.3221 3.66047 3.07225 125.365 544.289
234.753 71.9871 3.58207 2.79902 127.031 998.051
198.198 69.3641 3.65179 2.94934 76.4888 605.191
202.84 70.0079 3.63427 2.95226 73.1703 465.818
205.387 69.6211 3.63811 2.97649 110.582 360.573
206.58 70.34 3.63748 2.9542 85.1091 384.852
194.656 68.2746 3.62963 2.95025 105.174 735.622
196.822 68.4753 3.6313 3.01074 127.565 646.642
198.806 68.6483 3.64642 2.99799 125.892 567.437
200.413 69.1049 3.64367 2.83335 98.7069 513.164
205.217 69.1565 3.6864 2.84826 98.3921 337.563
235.93 69.3475 3.72918 3.23666 78.3846 991.69
196.917 67.6988 3.6016 2.95141 196.781 644.924
201.885 68.4946 3.61187 2.9817 148.933 440.693
203.387 68.7132 3.65271 3.01567 152.13 386.378
219.035 69.243 3.60918 2.97293 160.034 343.303
221.263 69.3286 3.63029 2.98075 197.28 425.901
198.174 67.082 3.65054 3.136 144.31 601.201
199.397 67.4213 3.62331 3.02069 176.005 543.082
202.768 67.4572 3.60993 3.04631 201.484 399.102
203.811 68.2575 3.60769 2.99785 236.135 358.153
220.465 68.6043 3.70323 3.11609 207.959 368.471
222.103 68.3889 3.7116 3.1454 188.396 429.223
223.281 66.3701 3.69366 3.31218 143.122 504.01
193.671 65.4742 3.69944 3.29686 180.81 848.519
195.352 65.7077 3.68942 3.28486 150.224 767.026
198.75 66.442 3.6658 3.18384 194.138 594.351
200.349 66.6001 3.65795 3.20715 177.11 521.212
202.227 66.8332 3.65706 3.1488 207.722 434.378
204.275 67.0486 3.64699 3.14636 224.036 341.71
220.128 67.6136 3.67241 3.31435 213.538 341.408
224.214 67.6106 3.71073 3.29231 243.217 514.85
226.258 67.441 3.73764 3.25093 195.577 603.575
195.961 64.9941 3.71296 3.32128 104.459 775.876
197.645 65.3936 3.72098 3.34923 211.52 685.356
199.349 65.5011 3.71494 3.32095 231.006 609.526
201.346 65.895 3.7004 3.27651 200.023 507.816
202.913 66.1434 3.69822 3.2136 194.431 431.709
221.978 66.9116 3.6769 3.24911 124.086 431.359
223.778 66.9808 3.70264 3.30219 235.268 506.415
225.729 66.9227 3.71495 3.27665 172.844 591.077
197.761 64.6379 3.69932 3.32492 209.619 722.459
200.087 64.937 3.69028 3.27099 161.039 611.552
201.637 65.1527 3.69726 3.2742 147.965 537.512
203.551 65.5276 3.71306 3.22547 148.478 440.258
205.119 65.4924 3.76454 3.25648 150.185 384.269
207.195 65.6571 3.68227 3.30942 246.706 300.978
218.473 66.2305 3.69506 3.1285 159.185 313.506
221.631 66.2191 3.70835 3.36644 115.151 441.332
225.657 65.8052 3.73788 3.26331 93.9769 627.258
214.843 62.3987 3.68469 3.27854 107.174 585.089
213.052 64.4091 3.77194 3.26441 118.511 349.349
199.305 63.8864 3.73037 3.22754 110.615 712.125
205.522 64.7962 3.73517 3.33338 173.609 424.584
208.018 65.18 3.67897 3.24836 156.915 318.678
216.846 65.3064 3.69979 3.17413 104.276 324.726
218.385 65.6035 3.70588 3.11952 176.451 350.697
220.064 65.4483 3.68716 3.13627 138.162 422.324
221.694 65.3609 3.70006 3.1688 150.689 489.841
223.623 65.2225 3.72649 3.20403 93.2466 574.005
196.446 62.7492 3.71762 3.27057 125.684 903.409
199.398 63.2842 3.72348 3.32581 139.42 753.903
200.922 63.3965 3.73186 3.35142 112.164 691.367
203.285 63.465 3.77019 3.49224 173.644 608.329
204.379 63.994 3.73627 3.55471 188.342 528.548
205.853 64.1767 3.6952 3.32971 264.415 469.228
214.63 64.613 3.67265 3.3424 122.04 343.413
216.436 64.5012 3.66165 3.16213 45.8705 389.31
221.784 64.453 3.72169 3.1964 73.4769 555.677
221.784 64.4525 3.69026 3.19755 79.8854 555.694
223.67 64.5753 3.69053 3.22143 90.0355 616.683
195.344 61.9331 3.72213 3.35736 93.1822 1007.68
198.469 62.2938 3.75269 3.45979 111.722 866.416
201.699 62.7161 3.77158 3.30911 99.0087 723.425
205.93 63.3569 3.68837 3.26477 196.841 544.994
214.222 63.8036 3.72958 3.26435 76.741 425.389
217.924 64.0292 3.7073 3.41113 80.882 471.015
222.48 63.8433 3.73538 3.23171 127.046 627.172
197.317 61.3416 3.74445 3.37487 94.6836 986.476
198.513 61.678 3.74349 3.38699 91.6019 917.163
200.525 61.7105 3.76642 3.40035 103.81 849.801
201.703 62.1344 3.76236 3.41337 142.62 775.562
203.311 62.2195 3.72176 3.36401 195.888 721.839
205.146 62.1816 3.69307 3.30909 139.163 679.737
206.12 62.4787 3.70115 3.29833 184.811 628.382
216.652 63.0254 3.67482 3.12219 80.2932 543.643
218.173 63.0618 3.72202 3.34006 90.1352 571.155
193.799 60.3849 3.72481 3.34849 87.6657 1191.07
196.65 60.4135 3.74402 3.41231 95.2906 1090.16
198.04 60.7515 3.73943 3.37675 91.2067 1014.55
199.312 60.6947 3.75222 3.27404 68.6746 980.028
201.041 61.0224 3.75208 3.36743 145.722 898.519
202.562 61.4009 3.71864 3.37715 172.238 820.48
204.176 61.4907 3.69152 3.33185 113.895 771.336
205.609 61.9037 3.69755 3.30886 136.736 697.768
206.868 61.8823 3.69301 3.22903 124.754 675.797
209.88 61.7531 3.68766 3.24712 135.637 651.49
212.274 61.7929 3.69641 3.24429 113.925 638.397
217.004 62.4013 3.66816 3.33109 117.894 615.115
218.122 62.3579 3.72176 3.37079 84.7811 641.042
221.538 62.4435 3.68949 3.37274 80.3875 718.235
223.206 62.5763 3.73873 3.31605 45.0459 757.201
225.609 62.2024 3.74438 3.20584 80.2317 868.962
199.908 60.1686 3.74058 3.32192 82.5324 1012.05
201.231 60.4742 3.7269 3.39519 205.321 945.904
202.813 60.5269 3.70483 3.38121 175.577 900.201
204.11 60.6801 3.70038 3.31198 124.73 854.838
205.516 60.8132 3.6759 3.22995 123.259 812.424
207.791 61.2001 3.68849 3.27082 149.856 734.259
215.402 61.6061 3.69552 3.29445 93.2811 677.531
222.911 61.4593 3.69725 3.38161 87.6238 849.491
224.22 61.4862 3.69695 3.35152 42.2457 886.174
198.736 59.2533 3.74322 3.29035 95.1828 1133.38
200.175 59.1767 3.736 3.3793 125.656 1101.22
201.907 59.5938 3.71307 3.39274 198.237 1015.77
202.905 59.7733 3.70592 3.34572 138.295 974.179
204.792 59.8542 3.67681 3.23129 85.915 926.511
205.68 60.1952 3.67976 3.22178 103.724 874.447
207.376 60.0815 3.6737 3.24477 112.049 860.677
210.276 60.4814 3.67293 3.22589 148.093 789.538
219.809 60.7718 3.66606 3.21532 58.5388 838.845
221.424 60.3024 3.67368 3.2551 78.9208 923.008
223.909 60.7704 3.72153 3.33614 77.2381 943.134
190.452 56.6011 3.73098 3.36871 64.3747 1645.15
202.009 59.0314 3.70282 3.37561 112.334 1070.33
203.561 59.1953 3.67752 3.29354 78.374 1019.59
204.771 59.3922 3.67144 3.26911 119.376 975.5
206.768 59.6524 3.67697 3.25222 134.899 915.32
212.597 59.9979 3.66787 3.2315 65.779 838.697
222.262 59.6304 3.68172 3.28503 60.5241 1010.71
223.04 60.1218 3.68667 3.32695 76.4351 981.515
226.285 59.5898 3.73814 3.3029 42.3922 1124.75
227.183 60.2114 3.69579 3.35302 56.1898 1095.43
203.344 58.6774 3.67836 3.28754 101.506 1077.97
204.113 58.2637 3.68283 3.27435 90.0664 1106.76
204.991 58.6484 3.68858 3.28138 78.3087 1050.52
206.355 58.9287 3.67596 3.23612 106.149 999.255
207.606 58.6097 3.64485 3.2006 133.845 1018.16
213.66 59.4296 3.63998 3.16641 75.7839 904.897
227.731 58.9601 3.73702 3.26688 58.2629 1228.2
202.426 57.5673 3.67696 3.29964 68.9666 1212.69
203.613 57.6397 3.68348 3.31505 101.763 1182.02
205.548 57.5665 3.68514 3.25665 43.3887 1157.97
224.26 58.4133 3.70337 3.31629 31.627 1182.63
225.482 58.2747 3.70222 3.34982 53.9619 1228.66
229.033 59.3946 3.70567 3.37334 57.422 1229.91
197.939 55.703 3.74362 3.42572 71.2444 1508.17
200.447 56.2848 3.70164 3.33018 92.6198 1388.7
223.768 57.9616 3.68083 3.26605 42.5721 1215.96
227.048 56.8144 3.72263 3.37463 29.3216 1416.14
212.138 64.8735 3.76692 3.27597 134.524 294.969
226.879 56.1146 3.71054 3.32212 48.3273 1481.71
229.974 55.9154 3.7023 3.35999 36.0922 1588.7
228.385 55.3279 3.71458 3.32967 52.1134 1601.41
227.653 56.4191 3.72942 3.35735 44.7413 1472.17
209.931 62.7622 2.9767 2.23596 39.0587 540.034
211.063 63.7323 3.68468 3.29711 268.36 424.936
211.14 63.4057 3.69375 3.33203 159.56 460.8
218.547 60.1369 4.12806 3.6284 58.9912 880.634
210.867 64.709 3.69328 3.27021 149.388 318.309
210.853 64.7716 3.68077 3.29103 129.267 311.543
210.847 64.8338 3.67145 3.28676 139.897 304.768
210.819 64.8857 3.66703 3.28758 247.807 299.323
210.44 64.87 3.68496 3.29448 220.135 304.794
210.174 64.8537 3.7002 3.2937 158.068 309.716
210.069 64.7653 3.71055 3.29684 177.106 320.553
210.917 64.5498 3.68927 3.28753 144.956 335.452
210.782 64.5716 3.69093 3.29643 143.279 334.094
210.554 64.5756 3.68906 3.32018 190.103 335.667
210.901 64.613 3.69081 3.27526 140.802 328.611
211.172 64.6917 3.67649 3.28051 146.289 318.083
217.908 60.4896 3.70404 3.55222 66.141 832.445
217.507 60.403 3.67006 3.36849 75.3065 835.349
218.338 61.0595 3.66913 3.14143 50.2302 779.723
216.716 60.1205 3.62353 3.23711 34.7916 854.717
215.271 60.5805 3.69564 3.24854 58.7904 788.426
216.679 60.2805 3.61011 3.25132 40.9434 836.901
216.749 60.4427 3.62698 3.21459 57.2027 820.264
217.639 60.9231 3.67396 3.33668 109.828 781.958
218.995 60.8241 3.64378 3.22004 65.183 816.779
216.976 61.3836 3.64623 3.21298 94.2827 722.391
217.533 61.187 3.66371 3.3413 91.3965 752.201
218.652 60.2994 3.65156 3.16348 46.9699 865.318
219.217 60.1294 3.66071 3.21743 71.9045 893.568
218.856 60.4399 3.64961 3.20959 72.2133 854.246
216.546 61.2275 3.62871 3.10238 53.9844 732.825
209.518 60.7352 3.68803 3.22289 84.5569 766.538
209.518 60.7351 3.68807 3.22293 84.5569 766.546
