# evlo=216.845901 evla=65.306396
194.627 64.5646 3.73343 3.39586 165.097 1048.48
217.908 60.4896 3.59606 3.23238 74.392 539.57
217.654 61.036 3.57359 3.11766 78.6776 477.722
217.507 60.403 3.6052 3.04169 73.909 547.555
218.338 61.0595 3.62189 3.32525 81.1614 479.266
220.363 59.9534 3.65304 3.32577 86.9637 623.081
216.3 60.3932 3.73497 3.1375 36.0025 548.32
225.144 58.5792 3.73596 3.2777 64.4135 865.475
216.716 60.1205 3.6493 2.99685 44.295 578.041
215.395 60.9677 3.6634 3.18443 94.9115 489.078
209.013 64.0997 3.75483 3.42452 283.016 396.797
209.094 59.7511 3.63928 3.18325 140.32 735.507
209.259 59.7417 3.64695 3.18061 168.36 731.905
210.701 64.1732 3.74422 3.35284 250.221 318.643
208.846 60.7683 3.65641 3.17383 83.7623 646.896
207.916 63.4188 3.76468 3.38008 237.015 479.337
204.378 55.8218 3.65382 3.11111 57.3995 1253.75
207.685 63.8827 3.77089 3.42435 239.344 466.038
208.763 59.5251 3.63327 3.1481 147.364 766.609
209.796 67.2269 3.74451 3.23256 109.909 382.007
216.907 60.7523 3.59427 2.98322 41.7556 507.617
218.66 60.9649 3.66234 3.40356 87.5695 492.439
209.738 62.4058 3.72316 3.24193 154.955 475.714
217.513 60.0823 3.60949 3.13104 83.2479 583.251
212.624 63.0753 3.68948 3.32392 261.225 322.287
214.225 61.1292 3.64317 3.20529 148.453 483.805
214.25 60.5487 3.63901 3.1428 123.976 546.327
196.582 54.8564 3.69646 3.26353 51.3453 1606.96
213.401 60.7277 3.64935 3.19039 124.54 539.144
209.784 61.1426 3.663 3.18227 118.279 583.673
188.296 63.7758 3.74186 3.43377 209.736 1368.43
203.121 64.7461 3.75553 3.43213 261.945 648.559
211.074 61.771 3.67696 3.29781 181.35 487.156
216.188 61.4417 3.65751 3.17246 141.189 432.038
212.904 60.8792 3.64302 3.23225 140.344 531.876
215.271 60.5805 3.6696 3.17426 123.234 532.743
216.679 60.2805 3.65043 3.01172 55.0513 560.24
218.244 60.7315 3.64141 3.19928 58.4791 514.786
213.497 60.396 3.64985 3.16485 118.105 573.077
215.738 60.3351 3.68678 3.22944 104.195 556.944
208.348 59.6572 3.63298 3.1469 115.262 765.694
217.659 60.6024 3.59566 3.13308 76.5606 525.921
216.749 60.4427 3.64385 3.00599 66.6955 542.126
217.639 60.9231 3.5817 3.10684 94.7784 490.205
218.995 60.824 3.65806 3.38508 73.4463 511.224
216.976 61.3836 3.67928 3.18106 58.9672 437.31
211.063 63.7318 3.76654 3.28456 283.106 328.363
218.049 60.1785 3.61829 3.24377 69.9247 574.815
216.031 60.2361 3.69757 3.20686 94.971 566.642
217.533 61.1871 3.56415 3.0476 42.3643 460.447
218.652 60.2994 3.6756 3.28235 36.0636 565.567
211.14 63.4056 3.76139 3.24782 203.522 347.475
219.217 60.1294 3.64478 3.13958 69.9364 589.521
216.221 60.072 3.70749 3.19353 52.6872 584.276
218.856 60.4399 3.6652 3.26436 83.3525 551.904
216.546 61.2275 3.67641 3.1713 86.3183 454.905
198.929 70.2043 3.6677 3.0291 47.5324 928.025
203.383 71.3221 3.68209 3.09109 61.8193 867.084
205.026 71.0033 3.67073 3.08686 44.0611 800.141
234.753 71.9871 3.74044 3.18728 115.469 1033.99
198.198 69.3641 3.67903 3.06133 48.8726 915.748
202.84 70.0079 3.7014 3.10446 55.3156 789.336
205.387 69.6211 3.67738 3.09302 47.7222 684.962
206.58 70.34 3.66258 3.11007 78.7335 706.822
194.656 68.2746 3.66008 3.13126 73.5816 1024.15
196.822 68.4753 3.67073 3.09674 97.3971 940.523
198.806 68.6483 3.6821 3.07727 61.0758 867.101
200.413 69.1049 3.69056 3.06121 63.5713 823.639
205.217 69.1565 3.70467 3.1137 71.6063 659.064
209.387 69.836 3.65113 3.05939 79.7318 595.85
211.299 69.72 3.63174 3.10584 73.9909 545.752
215.088 69.9175 3.61332 3.03516 81.1752 519.627
216.289 69.626 3.73844 3.2701 92.9924 482.341
235.93 69.3475 3.82118 3.31695 110.409 931.234
196.917 67.6988 3.6539 3.15568 73.2297 921.637
201.885 68.4946 3.70845 3.15817 52.4678 742.826
203.387 68.7132 3.69488 3.13487 73.0594 696.857
207.318 68.8799 3.69357 3.07226 59.6275 573.509
209.319 68.9656 3.6648 3.13345 68.4602 521.865
211.177 69.1532 3.62209 3.18843 92.9043 493.565
213.625 69.322 3.64045 3.18084 138.179 468.668
219.035 69.243 3.66253 3.27726 123.276 448.997
221.263 69.3286 3.68975 3.18337 111.126 486.933
198.174 67.082 3.7336 3.36397 59.2867 860.761
199.397 67.4213 3.70563 3.29137 63.5277 812.647
202.768 67.4572 3.67253 3.19501 68.2577 671.931
203.811 68.2575 3.69395 3.1861 97.8383 659.489
206.028 68.4414 3.73584 3.22637 77.8639 587.937
208.187 68.1343 3.72346 3.22217 108.405 494.637
210.384 68.0584 3.74065 3.17695 92.4802 418.789
211.513 68.0748 3.68283 3.17641 114.076 388.05
214.432 68.1207 3.57674 3.12453 151.477 331.37
218.405 68.1861 3.71389 3.29715 152.78 328.381
220.465 68.6043 3.67172 3.27295 122.656 400.19
222.103 68.3889 3.68771 3.20045 151.789 413.717
223.281 66.3701 3.78364 3.23797 245.923 316.869
193.671 65.4742 3.73321 3.3699 96.8298 1071.38
195.352 65.7077 3.73818 3.38203 155.138 990.884
198.75 66.442 3.74277 3.35912 115.761 832.307
200.349 66.6001 3.74251 3.32126 102.579 761.791
202.227 66.8332 3.72649 3.31027 111.083 681.726
204.275 67.0486 3.71159 3.22891 93.3786 597.943
206.517 67.2221 3.73813 3.2335 113.777 510.123
207.821 67.5076 3.71946 3.18515 118.912 471.415
212.113 67.5187 3.69979 3.17413 104.276 324.726
220.128 67.6136 3.6504 3.22836 211.474 295.905
224.214 67.6106 3.76853 3.13737 196.398 416.626
226.258 67.441 3.81761 3.18878 150.316 483.014
195.961 64.9941 3.73538 3.40591 111.372 975.833
197.645 65.3936 3.73217 3.38587 124.526 890.524
199.349 65.5011 3.73504 3.38983 191.025 810.636
201.346 65.895 3.73392 3.38382 162.384 715.913
202.913 66.1434 3.74625 3.39803 189.207 644.818
206.494 66.5156 3.72359 3.29535 183.299 489.899
208.493 66.9214 3.75522 3.28455 91.1524 417.894
209.976 66.7108 3.79331 3.32989 142.633 348.68
223.778 66.9808 3.78225 3.18079 187.62 364.163
225.729 66.9227 3.7867 3.25607 203.162 439.624
197.761 64.6379 3.73356 3.4405 144.401 900.867
200.087 64.937 3.73194 3.42199 184.08 785.742
201.637 65.1527 3.73336 3.41179 163.015 709.82
203.551 65.5276 3.73738 3.42543 201.179 616.76
205.119 65.4924 3.73333 3.41796 185.877 544.545
207.195 65.6571 3.73586 3.43093 281.981 448.331
208.623 65.8937 3.72761 3.36234 235.878 384.532
210.457 65.8251 3.70077 3.43604 284.506 300.496
225.657 65.8052 3.7722 3.21803 191.144 410.463
214.843 62.3987 3.67886 3.25359 141.932 338.732
199.305 63.8864 3.73997 3.37939 169.944 851.821
205.522 64.7962 3.75988 3.48715 140.95 535.49
208.018 65.18 3.74036 3.42858 290.026 412.583
223.623 65.2225 3.72309 3.26374 188.811 316.549
196.446 62.7492 3.74413 3.41028 133.058 1031.98
199.398 63.2842 3.75452 3.3867 155.709 871.151
200.922 63.3965 3.74865 3.41991 148.327 795.866
203.285 63.465 3.76354 3.39346 183.9 684.295
204.379 63.994 3.74954 3.4091 196.913 612.419
205.853 64.1767 3.74958 3.41064 206.684 537.764
223.67 64.5753 3.72073 3.25636 284.27 332.578
195.344 61.9331 3.75819 3.45139 124.946 1124.07
198.469 62.2938 3.75821 3.43842 144.839 961.642
201.699 62.7161 3.77067 3.42686 165.527 792.743
205.93 63.3569 3.78022 3.42007 233.982 569.861
222.48 63.8433 3.76832 3.3032 160.709 315.284
197.317 61.3416 3.75727 3.39987 89.5973 1068.02
198.513 61.678 3.75992 3.40099 122.511 994.172
200.525 61.7105 3.74916 3.33874 81.1909 902.539
201.703 62.1344 3.75864 3.37357 97.977 824.967
203.311 62.2195 3.75958 3.35776 118.667 749.237
205.146 62.1816 3.73052 3.33776 195.618 673.117
206.12 62.4787 3.72784 3.33309 196.661 612.791
221.871 63.109 3.76118 3.30216 98.3397 345.604
193.799 60.3849 3.74105 3.41221 108.435 1286.11
196.65 60.4135 3.74547 3.37319 98.193 1156.79
198.04 60.7515 3.74442 3.36787 116.19 1073.14
199.312 60.6947 3.74207 3.33437 96.8899 1021.48
201.041 61.0224 3.7389 3.34646 133.725 924.824
202.562 61.4009 3.74344 3.35678 117.636 834.32
204.176 61.4907 3.73936 3.33676 150.363 760.722
205.609 61.9037 3.71852 3.31404 199.132 672.903
206.868 61.8823 3.70647 3.2471 168.017 624.132
209.88 61.7531 3.69079 3.26285 159.635 525.726
212.274 61.7929 3.63859 3.23016 198.493 452.578
213.825 62.1067 3.64575 3.20608 196.319 386.586
217.004 62.4013 3.72285 3.21904 118.173 323.938
218.122 62.3579 3.66052 3.13944 90.735 334.613
221.538 62.4435 3.71988 3.2494 76.853 393.515
223.206 62.5763 3.77276 3.36229 79.8871 435.393
225.609 62.2024 3.74219 3.26593 82.927 553.119
198.315 59.9237 3.73694 3.34523 93.9201 1118.35
199.908 60.1686 3.73388 3.35153 99.8711 1033.15
201.231 60.4742 3.73937 3.33361 155 955.579
202.813 60.5269 3.72086 3.33205 105.642 886.913
204.11 60.6801 3.70261 3.2794 134.92 823.629
205.516 60.8132 3.68324 3.23741 172.6 759.015
207.791 61.2001 3.68034 3.25234 115.253 644.136
215.402 61.6061 3.64463 3.19453 132.207 418.681
222.911 61.4593 3.70755 3.36236 100.759 524.77
224.22 61.4862 3.74374 3.37443 50.6684 562.496
226.918 61.1512 3.79184 3.29476 55.289 684.826
198.736 59.2533 3.72966 3.31276 98.607 1150.47
200.175 59.1767 3.73039 3.32257 94.8113 1097.75
201.907 59.5938 3.71399 3.32844 164.901 995.774
202.905 59.7733 3.69991 3.32614 128.972 942.48
204.792 59.8542 3.66988 3.24985 145.102 865.15
205.68 60.1952 3.66512 3.24181 84.0413 804.165
207.376 60.0815 3.65519 3.16862 141.505 756.188
210.276 60.4814 3.65632 3.24793 142.487 632.41
219.809 60.7718 3.6222 3.23704 108.073 527.07
221.424 60.3024 3.67901 3.18319 87.151 604.292
223.909 60.7704 3.71885 3.37602 73.7761 618.407
190.452 56.6011 3.73809 3.37119 57.0294 1707.88
202.009 59.0314 3.69611 3.33303 109.191 1037.84
203.561 59.1953 3.67787 3.29198 145.64 966.174
204.771 59.3922 3.66014 3.24053 130.958 905.752
206.768 59.6524 3.6559 3.16201 123.068 814.884
212.597 59.9979 3.65562 3.21503 123.412 630.157
222.262 59.6304 3.67494 3.24902 30.2527 690.977
223.04 60.1218 3.70634 3.34175 81.8249 658.374
226.285 59.5898 3.71807 3.42237 47.0921 800.392
227.183 60.2114 3.75233 3.35749 48.4717 773.637
203.344 58.6774 3.67826 3.24931 108.422 1018.95
204.113 58.2637 3.66147 3.22518 90.6309 1029.29
204.991 58.6484 3.65906 3.1955 93.9834 964.806
206.355 58.9287 3.6414 3.14715 132.432 894.843
207.606 58.6097 3.63098 3.0997 170.331 887.997
213.66 59.4296 3.64023 3.15134 144.123 675.202
227.731 58.9601 3.71503 3.37683 39.1016 904.478
202.426 57.5673 3.67157 3.24111 89.9913 1150.42
203.613 57.6397 3.65811 3.21159 74.9129 1103.37
205.548 57.5665 3.6294 3.11554 88.6313 1048.98
224.26 58.4133 3.6903 3.32096 51.9509 860.317
225.482 58.2747 3.71664 3.26696 37.2885 904.634
229.033 59.3946 3.75529 3.30055 43.9292 909.482
197.939 55.703 3.69279 3.32693 85.1029 1480.07
200.447 56.2848 3.66988 3.25008 72.7413 1336.54
223.768 57.9616 3.69422 3.28372 51.2611 895.793
225.424 57.4688 3.71523 3.29656 40.9835 984.395
228.869 57.9128 3.71055 3.35779 49.0361 1038.47
227.048 56.8144 3.72858 3.42112 34.1777 1091.93
229.75 56.9811 3.71744 3.30789 33.5768 1154.52
210.428 68.6408 3.6784 3.23845 89.4583 465.154
226.879 56.1146 3.71633 3.37635 74.2977 1158.3
228.385 55.3279 3.72888 3.39114 73.4922 1277.15
227.653 56.4191 3.73407 3.41675 57.4263 1147.78
209.931 62.7622 2.98349 2.60813 124.584 440.776
211.063 63.7323 3.76594 3.28404 283.106 328.311
211.14 63.4057 3.76132 3.24777 203.522 347.469
218.547 60.1369 4.01347 3.47181 123.299 582.655
217.908 60.4896 3.59606 3.23238 74.392 539.57
217.507 60.403 3.6052 3.04169 73.909 547.555
218.338 61.0595 3.6219 3.32526 81.1614 479.267
216.296 60.3923 3.73571 3.13812 36.0025 548.429
216.716 60.1205 3.6493 2.99685 44.295 578.041
215.271 60.5805 3.6696 3.17426 123.234 532.743
216.679 60.2805 3.65043 3.01172 55.0513 560.24
218.244 60.7315 3.64141 3.19928 58.4791 514.786
217.659 60.602 3.59595 3.13334 76.5606 525.964
216.749 60.4427 3.64385 3.00599 66.6955 542.126
217.639 60.9231 3.5817 3.10683 94.7784 490.204
218.995 60.8241 3.65798 3.38501 73.4463 511.213
216.976 61.3836 3.67928 3.18106 58.9672 437.31
218.049 60.1785 3.61829 3.24377 69.9247 574.815
216.031 60.2361 3.69757 3.20686 94.971 566.642
217.533 61.187 3.56424 3.04768 42.3643 460.458
218.652 60.2994 3.6756 3.28235 36.0636 565.567
219.217 60.1294 3.64478 3.13958 69.9364 589.521
216.221 60.072 3.70749 3.19353 52.6872 584.276
218.856 60.4399 3.6652 3.26436 83.3525 551.904
216.546 61.2275 3.67641 3.1713 86.3183 454.905
209.518 60.7352 3.66841 3.1887 121.809 629.47
209.518 60.7351 3.66839 3.18869 121.809 629.468
