# evlo=221.693695 evla=65.360901
194.627 64.5646 3.73782 3.3603 166.99 1271.85
217.908 60.4896 3.67337 3.17583 108.232 575.751
217.654 61.036 3.6483 3.19779 117.186 522.944
217.507 60.403 3.64757 3.16848 84.2546 591.927
218.338 61.0595 3.6711 3.20389 148.648 508.136
216.3 60.3932 3.63295 3.12732 122.97 617.486
225.144 58.5792 3.70814 3.23227 70.6239 776.857
216.716 60.1205 3.6459 3.16159 107.747 636.646
215.395 60.9677 3.62128 3.21663 178.719 582.934
209.013 64.0997 3.76445 3.33704 315.755 619.247
209.094 59.7511 3.65429 3.19084 87.0513 897.565
209.259 59.7417 3.65803 3.19208 94.6217 892.356
210.701 64.1732 3.75312 3.30459 209.285 538.834
208.846 60.7683 3.65932 3.19243 148.662 824.47
207.916 63.4188 3.76387 3.32482 171.908 697.482
212.195 64.6453 3.75259 3.28775 295.405 454.658
204.378 55.8218 3.63966 3.07325 45.9455 1415.37
200.411 54.831 3.66356 3.06825 50.6704 1651.29
207.685 63.8827 3.76703 3.3497 209.199 688.588
208.763 59.5251 3.64842 3.18508 104.436 928.842
209.796 67.2269 3.7304 3.20543 119.013 571.975
216.907 60.7523 3.63347 3.18718 111.753 567.487
218.66 60.9649 3.68693 3.21458 124.237 513.143
209.738 62.4058 3.72974 3.3015 172.069 672.016
217.513 60.0823 3.66121 3.15099 100.66 625.673
212.624 63.0753 3.72071 3.23828 192.716 508.063
214.225 61.1292 3.64487 3.19708 148.553 601.95
215.93 63.6482 3.76565 3.26061 230.253 336.166
214.25 60.5487 3.63502 3.17365 210.196 655.133
196.582 54.8564 3.68802 3.25598 49.9845 1800.54
213.401 60.7277 3.64449 3.19296 173.204 664.285
209.784 61.1426 3.67567 3.22444 131.94 758.924
214.766 66.5657 3.75878 3.30718 238.992 342.229
188.296 63.7758 3.74794 3.40171 174.916 1591.5
203.121 64.7461 3.73814 3.34484 166.161 873.913
211.074 61.771 3.69053 3.24674 157.159 660.871
216.188 61.4417 3.61841 3.15298 253.975 515.886
212.904 60.8792 3.66107 3.21502 168.117 666.869
215.271 60.5805 3.6269 3.19697 109.372 623.847
216.679 60.2805 3.63808 3.17436 138.828 620.841
218.244 60.7315 3.67784 3.19433 124.638 544.517
213.052 64.4091 3.75947 3.27961 348.427 422.591
213.497 60.396 3.64867 3.17476 153.254 691.822
215.738 60.3351 3.62062 3.14576 167.241 636.418
208.348 59.6572 3.64341 3.1593 164.673 932.989
217.659 60.6024 3.66107 3.16785 111.817 568.189
216.749 60.4427 3.63437 3.16662 173.374 602.653
217.639 60.9231 3.64588 3.1888 150.768 534.974
218.995 60.824 3.68634 3.20019 125.901 523.624
216.976 61.3836 3.62975 3.23021 149.779 501.932
211.063 63.7318 3.76212 3.29691 243.334 540.593
218.049 60.1785 3.66934 3.15103 121.559 606.614
216.031 60.2361 3.62075 3.15751 157.343 639.538
217.533 61.1871 3.62889 3.20697 168.887 509.712
218.652 60.2994 3.69171 3.16833 57.0128 584.888
211.14 63.4056 3.75385 3.25558 210.551 553.163
219.217 60.1294 3.69332 3.20643 83.3107 596.554
216.221 60.072 3.62033 3.15575 123.388 652.044
218.856 60.4399 3.695 3.19264 106.913 567.013
216.546 61.2275 3.61658 3.17662 206.504 527.786
212.138 64.8736 3.74681 3.30804 230.623 451.631
198.929 70.2043 3.67357 3.05346 42.6705 1092.97
234.753 71.9871 3.83604 3.31208 88.0257 905.483
198.198 69.3641 3.66388 3.10728 47.6961 1094.96
202.84 70.0079 3.67026 3.06627 46.91 946.511
205.387 69.6211 3.65655 3.14525 53.7501 839.363
206.58 70.34 3.6712 3.07208 53.3553 840.36
194.656 68.2746 3.67716 3.10188 69.7502 1220.69
196.822 68.4753 3.68187 3.10947 65.2055 1133.47
198.806 68.6483 3.69227 3.07621 83.43 1055.83
200.413 69.1049 3.66685 3.00208 65.9849 1002.99
205.217 69.1565 3.6596 3.09582 59.1731 823.73
209.387 69.836 3.68344 3.12153 38.6229 720.931
211.299 69.72 3.69168 3.17946 64.6099 656.26
216.289 69.626 3.70273 3.21365 94.9772 528.332
235.93 69.3475 3.87854 3.35517 145.568 753.489
196.917 67.6988 3.65629 3.09933 54.1934 1123.74
201.885 68.4946 3.68256 3.15402 75.9009 929.288
203.387 68.7132 3.67831 3.15317 50.8255 876.2
207.318 68.8799 3.69288 3.12101 56.9944 734.467
211.177 69.1532 3.66309 3.17025 67.3082 618.912
213.625 69.322 3.70074 3.21586 93.4891 560.835
219.035 69.243 3.71411 3.13142 93.5697 447.74
221.263 69.3286 3.78332 3.13224 64.825 442.887
198.174 67.082 3.70631 3.26468 87.1183 1069.13
199.397 67.4213 3.69563 3.24799 56.3623 1016.95
202.768 67.4572 3.70204 3.24077 81.6406 873.36
203.811 68.2575 3.6765 3.17622 88.5408 846.072
206.028 68.4414 3.68867 3.19805 72.0714 764.405
208.187 68.1343 3.68777 3.1882 104.795 668.902
210.384 68.0584 3.69077 3.17759 101.936 581.582
211.513 68.0748 3.70492 3.19951 85.5452 540.64
214.432 68.1207 3.73297 3.12261 102.785 443.556
218.405 68.1861 3.74028 3.33552 86.5446 346.626
220.465 68.6043 3.80839 3.14341 77.2133 365.644
222.103 68.3889 3.81586 3.4004 86.4127 338.157
193.671 65.4742 3.73788 3.39812 96.252 1290.62
195.352 65.7077 3.74298 3.38585 128.898 1209.51
198.75 66.442 3.74479 3.35392 105.271 1046.67
200.349 66.6001 3.72731 3.3366 72.6261 974.764
202.227 66.8332 3.725 3.29983 103.305 891.816
204.275 67.0486 3.72845 3.29879 74.9918 803.892
206.517 67.2221 3.71571 3.2216 124.426 710.062
207.821 67.5076 3.70562 3.23052 117.847 662.072
212.113 67.5187 3.70006 3.1688 150.689 489.841
214.357 67.5933 3.71963 3.11402 124.581 410.46
215.855 67.6946 3.79617 3.16358 92.107 367.329
226.258 67.441 3.79879 3.33324 211.954 308.737
195.961 64.9941 3.72938 3.34822 128.491 1198.18
197.645 65.3936 3.73394 3.35959 100.359 1111.68
199.349 65.5011 3.73954 3.35676 124.076 1031.8
201.346 65.895 3.74714 3.35025 158.331 935.077
202.913 66.1434 3.74466 3.33357 168.06 862.115
206.494 66.5156 3.74329 3.35064 168.987 701.829
208.493 66.9214 3.74834 3.30772 146.207 619.605
209.976 66.7108 3.74534 3.39417 199.995 551.263
212.525 66.7004 3.74027 3.34916 138.639 441.34
213.899 66.7653 3.75156 3.26528 128.575 385.889
216.215 66.9498 3.77286 3.07331 153.021 303.997
197.761 64.6379 3.73075 3.36331 106.943 1125.09
200.087 64.937 3.72363 3.35315 131.209 1009.73
201.637 65.1527 3.7251 3.37587 145.161 933.437
203.551 65.5276 3.73633 3.36932 153.851 838.96
205.119 65.4924 3.73612 3.36302 180.216 767.335
207.195 65.6571 3.72763 3.33404 276.955 670.261
208.623 65.8937 3.72376 3.34345 221.563 603.945
210.457 65.8251 3.72907 3.31641 310.588 520.196
212.122 65.8371 3.73395 3.32448 262.798 444.158
214.18 66.267 3.73709 3.26315 83.6537 357.921
214.181 66.267 3.75058 3.31289 142.25 357.877
214.843 62.3987 3.69713 3.33024 245.02 471.085
213.052 64.4091 3.75947 3.27961 348.427 422.591
199.305 63.8864 3.7387 3.32413 113.577 1077.66
205.522 64.7962 3.75168 3.34828 109.151 761.166
208.018 65.18 3.74642 3.33918 262.94 637.701
210.64 65.1479 3.73974 3.35337 322.907 516.395
196.446 62.7492 3.74149 3.39966 145.137 1257.61
199.398 63.2842 3.75125 3.37382 117.795 1096.74
200.922 63.3965 3.75423 3.38726 127.086 1021.2
203.285 63.465 3.75896 3.40123 178.461 908.716
204.379 63.994 3.76044 3.36229 154.823 837.807
205.853 64.1767 3.75724 3.32913 256.054 763.08
214.63 64.613 3.75078 3.29368 372.963 343.45
195.344 61.9331 3.76202 3.39758 96.6649 1348.97
198.469 62.2938 3.76499 3.44044 120.011 1185.64
201.699 62.7161 3.76512 3.39901 111.662 1015.59
205.93 63.3569 3.76166 3.39231 162.865 791.139
214.222 63.8036 3.76423 3.25093 240.783 397.546
197.317 61.3416 3.7553 3.35308 81.3979 1290.06
198.513 61.678 3.75615 3.35301 84.6932 1216.18
200.525 61.7105 3.73518 3.28922 91.2611 1122.19
201.703 62.1344 3.74454 3.31336 68.7686 1045.07
203.311 62.2195 3.74709 3.3085 70.4937 967.186
205.146 62.1816 3.7327 3.25641 157.922 886.569
206.12 62.4787 3.73468 3.24946 171.487 826.26
216.652 63.0254 3.69748 3.33034 232.752 357.295
218.173 63.0618 3.67657 3.27437 232.179 308.01
193.799 60.3849 3.74608 3.36195 56.7299 1508.62
196.65 60.4135 3.73537 3.33 66.5484 1376.25
198.04 60.7515 3.7336 3.31834 78.6913 1292.01
199.312 60.6947 3.725 3.32132 85.5071 1237.97
201.041 61.0224 3.72699 3.32589 68.7567 1139.7
202.562 61.4009 3.73318 3.28819 93.6434 1048.23
204.176 61.4907 3.72906 3.30524 124.064 970.941
205.609 61.9037 3.72411 3.24851 211.996 882.313
206.868 61.8823 3.71013 3.24284 142.764 828.444
209.88 61.7531 3.68955 3.21462 168.536 709.995
212.274 61.7929 3.69716 3.25024 157.539 613.01
213.825 62.1067 3.69405 3.29997 260.404 530.978
217.004 62.4013 3.66875 3.26836 214.641 402.218
218.122 62.3579 3.67859 3.24373 240.115 377.906
221.538 62.4435 3.7663 3.17792 118.609 325.309
223.206 62.5763 3.65896 3.30825 150.183 319.118
225.609 62.2024 3.73124 3.09812 117.498 401.392
198.315 59.9237 3.72436 3.31675 80.6333 1332.81
199.908 60.1686 3.72625 3.32378 75.4898 1245.44
201.231 60.4742 3.73124 3.30114 104.807 1166.47
202.813 60.5269 3.7209 3.26388 86.2146 1093.51
204.11 60.6801 3.70972 3.23351 128.998 1026.89
205.516 60.8132 3.68848 3.20905 146.206 957.603
207.791 61.2001 3.6942 3.23626 129.867 835.019
215.402 61.6061 3.63045 3.22262 301.465 522.447
222.911 61.4593 3.68392 3.21044 101.55 439.117
224.22 61.4862 3.67648 3.22293 112.66 449.869
226.918 61.1512 3.73644 3.19667 64.2647 537.225
198.736 59.2533 3.72464 3.27876 83.0131 1360.38
200.175 59.1767 3.71439 3.31354 91.6231 1303.15
201.907 59.5938 3.71182 3.27973 110.626 1198.31
202.905 59.7733 3.69936 3.26251 159.045 1142.67
204.792 59.8542 3.66698 3.22287 92.3195 1057.66
205.68 60.1952 3.6705 3.23042 125.426 995.481
207.376 60.0815 3.66111 3.21321 139.342 935.86
210.276 60.4814 3.67837 3.2014 110.554 793.049
219.809 60.7718 3.70102 3.23926 79.7181 520.248
221.424 60.3024 3.65153 3.17317 65.2553 563.979
223.909 60.7704 3.6751 3.21146 97.4577 523.705
190.452 56.6011 3.74101 3.34677 50.611 1923.61
202.009 59.0314 3.68688 3.27102 116.799 1235.79
203.561 59.1953 3.66659 3.22598 125.654 1158.72
204.771 59.3922 3.66702 3.23364 171.276 1094
206.768 59.6524 3.66216 3.21967 171.783 993.835
212.597 59.9979 3.65997 3.16993 135.294 756.409
222.262 59.6304 3.69323 3.25894 46.8022 639.346
223.04 60.1218 3.67932 3.22248 88.1961 587.943
227.183 60.2114 3.72946 3.32929 96.6049 638.135
212.566 65.1171 3.74418 3.30784 306.923 427.218
203.344 58.6774 3.67395 3.24331 115.509 1208.21
204.113 58.2637 3.67109 3.24995 100.733 1211.12
204.991 58.6484 3.67838 3.2451 108.496 1144.96
206.355 58.9287 3.6603 3.16286 113.811 1069.03
207.606 58.6097 3.63809 3.11225 154.796 1049.79
213.66 59.4296 3.62077 3.18101 165.601 779.452
227.731 58.9601 3.72274 3.18936 62.7424 778.851
202.426 57.5673 3.67099 3.25228 57.8787 1335.6
203.613 57.6397 3.66763 3.24074 81.2745 1282.92
224.26 58.4133 3.69191 3.28904 48.4668 785.773
225.482 58.2747 3.70165 3.17627 31.87 814.188
229.033 59.3946 3.74138 3.32387 82.9874 764.643
197.939 55.703 3.6846 3.27517 76.0457 1672.92
200.447 56.2848 3.66676 3.20683 58.0237 1522.44
223.768 57.9616 3.69703 3.29712 63.5873 831.748
225.424 57.4688 3.71262 3.30819 53.6393 901.337
228.869 57.9128 3.71651 3.22105 61.8845 911.695
227.048 56.8144 3.7176 3.31271 30.1949 994.317
229.75 56.9811 3.70613 3.27798 58.4527 1027.63
212.138 64.8735 3.7482 3.29226 230.162 451.642
210.428 68.6408 3.69424 3.05945 109.18 611.11
226.879 56.1146 3.71222 3.34838 48.4563 1067.5
229.974 55.9154 3.70652 3.23609 38.8047 1143.59
228.385 55.3279 3.72046 3.34459 66.3409 1175.75
227.653 56.4191 3.71317 3.32855 75.4168 1046.46
209.931 62.7622 3.52172 3.08542 173.192 641.909
211.063 63.7323 3.7618 3.29664 243.334 540.548
211.14 63.4057 3.75381 3.25555 210.551 553.158
218.547 60.1369 3.51074 3.09461 109.363 603.867
217.908 60.4896 3.67337 3.17583 108.232 575.751
217.507 60.403 3.64757 3.16848 84.2546 591.927
218.338 61.0595 3.67109 3.20388 148.648 508.134
216.296 60.3923 3.63394 3.12813 122.966 617.654
216.716 60.1205 3.6459 3.16159 107.747 636.646
215.271 60.5805 3.6269 3.19697 109.372 623.847
216.679 60.2805 3.63808 3.17436 138.828 620.841
218.244 60.7315 3.67784 3.19433 124.638 544.517
217.659 60.602 3.6614 3.16813 111.817 568.24
216.749 60.4427 3.63437 3.16662 173.374 602.653
217.639 60.9231 3.6459 3.18882 150.768 534.978
218.995 60.8241 3.68627 3.20012 125.901 523.613
216.976 61.3836 3.62975 3.23021 149.779 501.932
218.049 60.1785 3.66934 3.15103 121.559 606.614
216.031 60.2361 3.62075 3.15751 157.343 639.538
217.533 61.187 3.62893 3.20701 168.887 509.718
218.652 60.2994 3.69171 3.16833 57.0128 584.888
219.217 60.1294 3.69332 3.20643 83.3107 596.554
216.221 60.072 3.62033 3.15575 123.388 652.044
218.856 60.4399 3.695 3.19264 106.913 567.013
216.546 61.2275 3.61658 3.17662 206.504 527.786
209.518 60.7352 3.65341 3.24916 102.031 800.957
209.518 60.7351 3.65337 3.24913 102.031 800.949
