# evlo=221.7836 evla=64.452499
194.627 64.5646 3.72932 3.38226 87.88 1294.71
217.908 60.4896 3.60421 3.12371 69.6739 484.6
217.654 61.036 3.58894 3.15538 84.9003 435.188
217.507 60.403 3.59822 3.15331 85.1257 502.244
218.338 61.0595 3.59389 3.19872 113.319 417.008
220.363 59.9534 3.65003 3.20939 81.6271 506.807
216.3 60.3932 3.59171 3.13117 70.3539 533.408
225.144 58.5792 3.6857 3.27045 51.7691 678.269
216.716 60.1205 3.61142 3.14295 67.933 549.419
215.395 60.9677 3.61011 3.20046 162.485 507.204
209.013 64.0997 3.74952 3.40933 156.928 618.926
209.094 59.7511 3.63784 3.17339 93.9125 842.276
209.259 59.7417 3.6393 3.17327 107.392 836.334
210.701 64.1732 3.73444 3.40656 129.282 536.442
208.846 60.7683 3.62965 3.21591 50.3681 778.833
207.916 63.4188 3.71685 3.29462 115.37 688.393
212.195 64.6453 3.73675 3.4155 231.548 460.037
207.685 63.8827 3.73876 3.37255 129.498 687.244
208.763 59.5251 3.62919 3.19666 61.4021 873.21
209.796 67.2269 3.70072 3.21858 65.8734 627.563
216.907 60.7523 3.58943 3.17103 103.184 482.189
218.66 60.9649 3.62726 3.14117 89.0958 420.184
209.738 62.4058 3.69434 3.25658 110.799 642.031
217.513 60.0823 3.60401 3.13583 84.4174 534.909
212.624 63.0753 3.68398 3.23106 135.203 476.826
214.225 61.1292 3.63586 3.16814 116.552 534.152
215.93 63.6482 3.72173 3.32559 100.55 299.5
214.25 60.5487 3.62753 3.13103 138.85 582.385
196.582 54.8564 3.66711 3.22622 35.2106 1758.32
213.401 60.7277 3.62722 3.17003 127.15 597.322
209.784 61.1426 3.66873 3.2448 61.4542 713.173
214.766 66.5657 3.74973 3.17448 79.6816 400.861
188.296 63.7758 3.74642 3.39235 72.6285 1614.68
203.121 64.7461 3.75259 3.40969 140.039 890.955
211.074 61.771 3.67338 3.26026 79.9511 616.637
216.188 61.4417 3.59927 3.2058 196.74 439.354
212.904 60.8792 3.63424 3.17742 160.12 603.796
215.271 60.5805 3.60312 3.17795 123.944 546.04
216.679 60.2805 3.59743 3.16538 99.9978 534.44
218.244 60.7315 3.61418 3.13219 84.8458 452.676
213.052 64.4091 3.72246 3.3724 172.615 420.368
213.497 60.396 3.62631 3.14648 140.66 621.745
215.738 60.3351 3.60845 3.15574 107.975 554.784
208.348 59.6572 3.6149 3.19653 54.0124 879.932
217.659 60.6024 3.59871 3.15509 104.312 478.548
216.749 60.4427 3.60165 3.17999 115.022 516.641
217.639 60.9231 3.58623 3.18064 124.754 446.762
218.995 60.824 3.64557 3.17378 109.974 428.867
216.976 61.3836 3.59333 3.21992 131.721 420.096
211.063 63.7318 3.69926 3.28233 147.088 528.344
218.049 60.1785 3.62106 3.12988 111.949 513.98
216.031 60.2361 3.60885 3.14927 98.7902 555.977
217.533 61.1871 3.57175 3.20079 160.595 423.392
218.652 60.2994 3.63489 3.19975 50.9323 490.272
211.14 63.4056 3.6954 3.27317 152.188 534.336
219.217 60.1294 3.68265 3.15081 68.0532 499.778
216.221 60.072 3.61055 3.15315 99.8062 566.841
218.856 60.4399 3.6647 3.18541 61.6568 471.95
216.546 61.2275 3.58857 3.1959 154.566 447.393
212.138 64.8736 3.75407 3.43034 168.288 462.67
203.383 71.3221 3.67658 3.14858 58.0321 1080.26
234.753 71.9871 3.82621 3.32901 62.435 992.774
198.198 69.3641 3.6734 3.10982 44.3412 1158.6
202.84 70.0079 3.68858 3.06148 32.6138 1019.41
205.387 69.6211 3.66517 3.10645 38.6476 912.785
206.58 70.34 3.67963 3.13821 41.046 920.728
194.656 68.2746 3.68309 3.14056 78.7105 1274.26
196.822 68.4753 3.68611 3.11285 74.8746 1189.34
198.806 68.6483 3.68756 3.11598 66.8049 1114.16
200.413 69.1049 3.68714 3.06763 41.0879 1066.32
205.217 69.1565 3.69528 3.04425 34.058 893.056
211.299 69.72 3.6767 3.18264 47.8688 741.399
215.088 69.9175 3.68892 3.10715 49.326 673.981
216.289 69.626 3.70377 3.14701 68.6478 624.036
235.93 69.3475 3.84028 3.3464 132.325 822.288
196.917 67.6988 3.67318 3.20426 36.8708 1173.13
201.885 68.4946 3.67992 3.14174 76.8955 988.606
203.387 68.7132 3.69476 3.16316 79.5305 939.106
207.318 68.8799 3.68065 3.05609 43.9593 804.729
209.319 68.9656 3.67397 3.06959 50.4195 743.173
211.177 69.1532 3.66276 3.18464 52.3025 699.79
213.625 69.322 3.66427 3.21293 55.2339 648.998
219.035 69.243 3.71419 3.30681 59.7561 547.546
221.263 69.3286 3.75585 3.16211 35.895 544.254
198.174 67.082 3.73482 3.36886 51.0617 1113.19
199.397 67.4213 3.71709 3.30663 42.1429 1064.5
202.768 67.4572 3.69729 3.20903 44.3902 922.961
203.811 68.2575 3.67678 3.18335 66.9807 905.051
206.028 68.4414 3.69701 3.18232 59.8085 828.188
208.187 68.1343 3.69967 3.18371 71.8672 733.072
210.384 68.0584 3.70651 3.16049 67.2946 649.699
211.513 68.0748 3.70749 3.13348 56.7045 611.96
214.432 68.1207 3.647 3.07248 50.1333 524.889
218.405 68.1861 3.71194 3.31828 102.189 442.885
220.465 68.6043 3.73037 3.24431 58.0754 466.657
222.103 68.3889 3.77952 3.09501 43.1817 439.191
193.671 65.4742 3.73789 3.33296 67.0938 1321.74
195.352 65.7077 3.73445 3.32105 71.4154 1241.67
198.75 66.442 3.73036 3.3108 48.5473 1084.57
200.349 66.6001 3.73823 3.29088 82.2335 1014.25
202.227 66.8332 3.72772 3.29188 53.6756 934.218
204.275 67.0486 3.71459 3.26131 59.4418 849.872
206.517 67.2221 3.69452 3.26518 55.4205 760.332
207.821 67.5076 3.68737 3.2281 62.6543 717.915
212.113 67.5187 3.69026 3.19755 79.8854 555.694
214.357 67.5933 3.70965 3.2157 87.5744 485.351
215.855 67.6946 3.72163 3.05525 61.1972 449.876
220.128 67.6136 3.71899 3.29877 64.7459 360.358
224.214 67.6106 3.85528 3.22837 87.2306 368.924
226.258 67.441 3.76075 3.25321 125.641 390.288
195.961 64.9941 3.73297 3.36636 89.1567 1223.66
197.645 65.3936 3.73397 3.34447 96.6495 1139.73
199.349 65.5011 3.73089 3.33614 121.533 1059.99
201.346 65.895 3.72839 3.3361 83.8805 966.793
202.913 66.1434 3.73468 3.32279 104.679 896.578
206.494 66.5156 3.73939 3.27648 78.4327 742.414
208.493 66.9214 3.72782 3.26887 70.3225 668.31
209.976 66.7108 3.74707 3.26311 86.5431 599.029
212.525 66.7004 3.73878 3.18983 80.2183 494.74
213.899 66.7653 3.71797 3.11562 77.4053 445.165
216.215 66.9498 3.72242 3.06914 55.4007 377.835
218.345 66.8088 3.72895 3.13499 88.2863 306.677
223.778 66.9808 3.82821 3.25683 137.072 296.377
225.729 66.9227 3.75501 3.25119 136.675 329.631
197.761 64.6379 3.73985 3.38482 67.2128 1145.8
200.087 64.937 3.73867 3.36791 91.1231 1031.51
201.637 65.1527 3.74628 3.36945 94.0242 956.511
203.551 65.5276 3.73384 3.36358 89.0359 865.64
205.119 65.4924 3.73551 3.38218 124.938 793.044
207.195 65.6571 3.7321 3.34632 93.7271 698.141
208.623 65.8937 3.72736 3.29599 90.4734 636.12
210.457 65.8251 3.74771 3.30569 90.2161 552.297
212.122 65.8371 3.72443 3.25895 121.13 478.316
214.181 66.267 3.74609 3.07596 62.5387 407.188
214.843 62.3987 3.69178 3.27889 128.941 415.006
213.052 64.4091 3.72246 3.3724 172.615 420.368
199.305 63.8864 3.75222 3.43424 103.931 1089.33
205.522 64.7962 3.76195 3.40135 78.4061 776.717
208.018 65.18 3.74126 3.37237 93.903 657.535
210.64 65.1479 3.75676 3.40479 135.008 534.564
196.446 62.7492 3.7283 3.36453 65.3792 1262.98
199.398 63.2842 3.74667 3.3503 74.5432 1102.34
200.922 63.3965 3.74511 3.38524 94.4766 1025.55
203.285 63.465 3.74847 3.37096 110.094 909.872
204.379 63.994 3.75685 3.4234 128.774 843.738
205.853 64.1767 3.76648 3.40265 136.453 769.308
214.63 64.613 3.71013 3.3578 195.32 343.627
195.344 61.9331 3.72916 3.36721 81.2665 1349.65
198.469 62.2938 3.73748 3.34656 89.3362 1183.69
201.699 62.7161 3.73225 3.33225 131.219 1011.46
205.93 63.3569 3.72968 3.34402 132.677 785.771
214.222 63.8036 3.70326 3.31851 198.634 375.125
197.317 61.3416 3.7379 3.35211 100.884 1282.51
198.513 61.678 3.73254 3.32998 79.6288 1208.89
200.525 61.7105 3.71328 3.29787 116.52 1110.88
201.703 62.1344 3.72256 3.30853 121.265 1035.09
203.311 62.2195 3.71986 3.3197 128.223 954.336
205.146 62.1816 3.69953 3.26312 130.591 868.591
206.12 62.4787 3.69155 3.25953 129.033 809.08
216.652 63.0254 3.73794 3.28798 163.25 299.089
193.799 60.3849 3.72733 3.31588 53.4203 1501.31
196.65 60.4135 3.71141 3.32483 91.0221 1363.27
198.04 60.7515 3.71139 3.30226 69.7561 1278.41
199.312 60.6947 3.69923 3.29717 81.8673 1221.02
201.041 61.0224 3.69382 3.3152 98.7162 1121.19
202.562 61.4009 3.68959 3.29456 134.147 1029.18
204.176 61.4907 3.67061 3.26922 122.04 948.378
205.609 61.9037 3.67829 3.21908 102.759 859.915
206.868 61.8823 3.66583 3.21931 100.895 801.902
209.88 61.7531 3.67049 3.25048 113.013 670.793
212.274 61.7929 3.65997 3.26043 116.085 563.211
213.825 62.1067 3.68129 3.25028 105.162 476.884
217.004 62.4013 3.66046 3.38756 215.917 330.355
218.122 62.3579 3.60521 3.27177 236.176 296.535
225.609 62.2024 3.77906 3.13046 89.5684 315.562
198.315 59.9237 3.69484 3.30042 95.6066 1312.61
199.908 60.1686 3.69136 3.29211 104.889 1223.05
201.231 60.4742 3.68428 3.25702 101.324 1142.99
202.813 60.5269 3.67203 3.25765 153.331 1066.11
204.11 60.6801 3.66574 3.2248 99.2992 996.975
205.516 60.8132 3.66481 3.24416 90.7716 924.462
207.791 61.2001 3.67191 3.22294 109.753 797.776
215.402 61.6061 3.61311 3.21054 155.622 452.404
222.911 61.4593 3.62168 3.2542 67.0871 338.485
224.22 61.4862 3.67891 3.34045 89.2821 352.915
226.918 61.1512 3.76664 3.15471 51.2909 451.373
198.736 59.2533 3.6834 3.2868 88.6157 1334.63
200.175 59.1767 3.66977 3.26759 79.6923 1273.13
201.907 59.5938 3.67256 3.25115 79.3201 1166.32
202.905 59.7733 3.66481 3.26253 95.5652 1109.07
204.792 59.8542 3.6572 3.26129 71.5878 1018.79
205.68 60.1952 3.65917 3.25619 71.0207 956.386
207.376 60.0815 3.62759 3.18689 91.2287 889.812
210.276 60.4814 3.63606 3.18014 62.9604 738.768
219.809 60.7718 3.65599 3.23669 105.934 422.518
221.424 60.3024 3.69151 3.28101 69.8686 462.906
223.909 60.7704 3.67608 3.24869 91.3328 424.596
190.452 56.6011 3.70541 3.3349 54.9412 1903.09
202.009 59.0314 3.66595 3.25295 66.7249 1199.63
203.561 59.1953 3.66191 3.25766 65.221 1118.98
204.771 59.3922 3.64916 3.2218 83.6189 1051.76
206.768 59.6524 3.63198 3.19338 88.7364 946.638
212.597 59.9979 3.64662 3.13411 116.457 687.774
222.262 59.6304 3.65645 3.16216 54.791 537.981
223.04 60.1218 3.66457 3.25754 72.5591 487.018
226.285 59.5898 3.7081 3.34343 79.3137 590.623
227.183 60.2114 3.73579 3.31087 78.271 548.858
212.566 65.1171 3.75821 3.36762 141.266 444.119
203.344 58.6774 3.66266 3.25282 56.3632 1165.73
204.113 58.2637 3.63712 3.17057 81.9078 1163.69
204.991 58.6484 3.63572 3.1716 68.3184 1097.01
206.355 58.9287 3.6141 3.1554 86.6995 1018.23
207.606 58.6097 3.63326 3.16915 98.1341 992.533
213.66 59.4296 3.60676 3.16479 118.949 702.599
227.731 58.9601 3.71319 3.29345 58.4584 687.527
202.426 57.5673 3.64689 3.22484 71.2715 1289.51
203.613 57.6397 3.64112 3.19002 30.9966 1233.58
205.548 57.5665 3.63079 3.11895 63.2722 1160.21
224.26 58.4133 3.69171 3.29931 53.6501 685.706
225.482 58.2747 3.69643 3.31417 44.3472 715.977
229.033 59.3946 3.72863 3.21816 26.0218 679.33
197.939 55.703 3.65396 3.25197 58.1467 1630.6
200.447 56.2848 3.64945 3.23714 53.7576 1475.84
223.768 57.9616 3.69015 3.42809 64.863 731.025
225.424 57.4688 3.70002 3.30402 53.8946 802.447
228.869 57.9128 3.73986 3.26204 54.3928 821.256
227.048 56.8144 3.71088 3.28718 33.189 897.751
229.75 56.9811 3.72334 3.20345 32.1332 937.61
210.428 68.6408 3.7019 3.03492 44.7583 685.639
229.974 55.9154 3.69895 3.3161 25.5703 1052.2
228.385 55.3279 3.72314 3.3377 38.6883 1080.28
227.653 56.4191 3.71196 3.28206 39.3757 950.674
209.931 62.7622 3.74355 3.27176 127.15 616.477
211.063 63.7323 3.69899 3.2821 147.088 528.306
211.14 63.4057 3.69537 3.27315 152.188 534.331
218.547 60.1369 3.3608 2.96441 123.57 509.292
217.908 60.4896 3.60421 3.12371 69.6739 484.6
217.507 60.403 3.59822 3.15331 85.1257 502.244
218.338 61.0595 3.59387 3.19871 113.319 417.006
216.296 60.3923 3.59293 3.13223 70.3539 533.588
216.716 60.1205 3.61142 3.14295 67.933 549.419
215.271 60.5805 3.60312 3.17795 123.944 546.04
216.679 60.2805 3.59743 3.16538 99.9978 534.44
218.244 60.7315 3.61418 3.13219 84.8458 452.676
217.659 60.602 3.5991 3.15543 104.312 478.6
216.749 60.4427 3.60165 3.17999 115.022 516.641
217.639 60.9231 3.58626 3.18068 124.754 446.766
218.995 60.8241 3.64548 3.1737 109.974 428.857
216.976 61.3836 3.59333 3.21992 131.721 420.096
218.049 60.1785 3.62106 3.12988 111.949 513.98
216.031 60.2361 3.60885 3.14927 98.7902 555.977
217.533 61.187 3.57179 3.20083 160.595 423.396
218.652 60.2994 3.63489 3.19975 50.9323 490.272
219.217 60.1294 3.68265 3.15081 68.0532 499.778
216.221 60.072 3.61055 3.15315 99.8062 566.841
218.856 60.4399 3.6647 3.18541 61.6568 471.95
216.546 61.2275 3.58857 3.1959 154.566 447.393
