# evlo=200.922302 evla=63.3965
194.627 64.5646 3.66705 3.23917 92.3568 334.456
217.908 60.4896 3.62991 3.06338 21.7133 945.299
217.654 61.036 3.6708 3.23092 31.898 906.35
217.507 60.403 3.65561 3.10966 35.1102 930.222
218.338 61.0595 3.66046 3.17594 35.974 939.082
216.3 60.3932 3.64887 3.13974 43.9376 872.327
225.144 58.5792 3.62889 3.15706 58.3179 1405.94
216.716 60.1205 3.64399 3.20132 56.3027 907.432
215.395 60.9677 3.63489 3.13066 43.1583 798.834
209.013 64.0997 3.72211 3.45457 160.728 406.761
209.094 59.7511 3.65267 3.11945 43.5627 593.752
209.259 59.7417 3.64976 3.12441 50.5123 600.902
210.701 64.1732 3.72277 3.4985 118.486 489.359
208.846 60.7683 3.6601 3.27268 78.2347 506.639
207.916 63.4188 3.71689 3.3397 168.806 349.255
212.195 64.6453 3.73701 3.47041 170.311 567.635
204.378 55.8218 3.69096 3.35398 69.5064 865.794
200.411 54.831 3.72707 3.36203 62.4663 954.606
207.685 63.8827 3.71528 3.5351 176.334 339.343
208.763 59.5251 3.65421 3.12512 41.8917 599.954
209.796 67.2269 3.74962 3.40295 110.221 593.574
216.907 60.7523 3.64702 3.13556 42.4937 883.178
218.66 60.9649 3.662 3.18399 71.4359 959.278
209.738 62.4058 3.72658 3.21045 98.682 461.195
217.513 60.0823 3.65039 3.13387 37.6425 947.875
212.624 63.0753 3.70323 3.23988 113.46 588.438
214.225 61.1292 3.63911 3.15828 31.3819 734.138
215.93 63.6482 3.70929 3.30776 97.4739 745.686
214.25 60.5487 3.63618 3.13172 59.6203 765.775
196.582 54.8564 3.70519 3.34528 42.7905 982.703
213.401 60.7277 3.63494 3.08813 47.974 715.591
209.784 61.1426 3.6071 3.24168 38.5035 523.677
214.766 66.5657 3.76238 3.3467 90.9652 740.707
188.296 63.7758 3.72265 3.26455 42.0471 627.322
211.074 61.771 3.6832 3.15758 57.559 551.578
216.188 61.4417 3.68248 3.19463 53.9527 816.192
212.904 60.8792 3.63036 3.12787 62.4165 683.715
215.271 60.5805 3.62842 3.13556 32.7336 812.742
216.679 60.2805 3.64309 3.1729 58.8108 896.746
218.244 60.7315 3.64685 3.13354 50.3645 949.72
213.052 64.4091 3.74499 3.45485 135.91 605.197
213.497 60.396 3.66912 3.20573 56.652 739.162
215.738 60.3351 3.62299 3.20191 39.1638 848.563
208.348 59.6572 3.67907 3.14656 41.3434 573.571
217.659 60.6024 3.6514 3.11045 27.3738 927.406
216.749 60.4427 3.63275 3.1202 49.0803 891.364
217.639 60.9231 3.66967 3.19924 37.67 910.858
218.995 60.824 3.67223 3.17058 50.8738 982.344
216.976 61.3836 3.67519 3.16315 59.4774 857.628
211.063 63.7318 3.71237 3.35394 130.457 504.75
218.049 60.1785 3.64229 3.1665 39.7912 968.545
216.031 60.2361 3.62924 3.20374 43.6552 868.125
217.533 61.1871 3.66758 3.17497 46.6788 893.618
218.652 60.2994 3.64472 3.00703 33.2766 991.455
211.14 63.4056 3.71212 3.28369 101.198 510.094
219.217 60.1294 3.66015 3.05521 24.9955 1028.01
216.221 60.072 3.63371 3.22941 45.4453 886.564
218.856 60.4399 3.64333 3.01725 29.5828 994.182
216.546 61.2275 3.68323 3.1658 56.5621 843.098
212.138 64.8736 3.74376 3.47649 163.973 569.58
198.929 70.2043 3.63089 3.12497 61.0055 764.135
203.383 71.3221 3.64873 3.08504 84.9472 890.024
205.026 71.0033 3.69545 3.13082 88.4871 866.225
198.198 69.3641 3.64785 3.07786 64.6439 676.354
202.84 70.0079 3.64295 3.10126 94.137 742.035
205.387 69.6211 3.68353 3.12986 106.049 721.539
206.58 70.34 3.70197 3.07522 95.6226 812.284
194.656 68.2746 3.73407 3.37042 74.9463 613.995
196.822 68.4753 3.64646 3.1505 86.0534 595.957
198.806 68.6483 3.67331 3.21284 85.8909 593.345
200.413 69.1049 3.64225 3.199 115.118 636.953
205.217 69.1565 3.68372 3.15765 137.327 670.238
209.387 69.836 3.65231 3.21717 105.641 808.456
211.299 69.72 3.68268 3.25987 92.1292 839.929
215.088 69.9175 3.69502 3.11392 118.901 955.253
216.289 69.626 3.68454 3.18897 97.1767 969.495
196.917 67.6988 3.66119 3.21087 86.3772 513.919
201.885 68.4946 3.66837 3.17874 104.116 570.136
203.387 68.7132 3.69 3.17023 109.001 603.155
207.318 68.8799 3.65978 3.13554 90.109 675.404
209.319 68.9656 3.67551 3.29281 164.693 725.873
211.177 69.1532 3.69434 3.25363 114.492 787.903
213.625 69.322 3.706 3.14193 73.4526 868.358
221.263 69.3286 3.7256 3.23894 62.3779 1116.66
198.174 67.082 3.67244 3.26766 108.894 430.439
199.397 67.4213 3.66701 3.31806 120.367 454.281
202.768 67.4572 3.6914 3.31699 189.955 460.75
203.811 68.2575 3.68911 3.21027 158.078 557.73
206.028 68.4414 3.69604 3.1787 112.603 608.224
208.187 68.1343 3.69754 3.29138 124.745 623.508
210.384 68.0584 3.71737 3.30913 110.955 675.811
211.513 68.0748 3.72874 3.25186 91.3212 711.012
218.405 68.1861 3.73453 3.33042 67.9012 956.892
222.103 68.3889 3.74002 3.3641 61.0378 1106.5
223.281 66.3701 3.77184 3.3744 110.744 1103.12
193.671 65.4742 3.6794 3.39534 73.4501 418.72
195.352 65.7077 3.644 3.21094 80.8189 370.941
198.75 66.442 3.68573 3.28703 77.9233 354.714
200.349 66.6001 3.67031 3.26856 132.911 358.197
202.227 66.8332 3.69959 3.31632 147.226 388.021
204.275 67.0486 3.7006 3.20503 136.105 436.205
206.517 67.2221 3.69941 3.30257 122.478 499.566
207.821 67.5076 3.69867 3.43327 137.775 558.3
212.113 67.5187 3.73186 3.35142 112.164 691.367
214.357 67.5933 3.74939 3.40464 106.063 775.738
215.855 67.6946 3.74466 3.32274 99.4328 836.741
220.128 67.6136 3.74953 3.30996 67.5079 999.825
224.214 67.6106 3.75496 3.27378 76.4241 1166.93
226.258 67.441 3.77291 3.32301 92.3732 1249.05
195.961 64.9941 3.61507 3.33385 85.7646 299.572
202.913 66.1434 3.6973 3.32913 173.319 320.522
206.494 66.5156 3.71244 3.54196 143.011 435.84
208.493 66.9214 3.74622 3.46725 105.495 528.907
209.976 66.7108 3.75558 3.25188 113.289 563.188
212.525 66.7004 3.7699 3.33289 80.2211 657.363
213.899 66.7653 3.76991 3.29878 97.721 714.602
216.215 66.9498 3.76281 3.31402 102.76 815.933
218.345 66.8088 3.76165 3.33772 103.115 898.855
221.978 66.9116 3.76433 3.34758 89.0104 1056.09
223.778 66.9808 3.76966 3.35251 122.954 1134.85
225.729 66.9227 3.77323 3.34667 101.558 1218.23
205.119 65.4924 3.78868 3.31374 160.587 308.803
207.195 65.6571 3.81933 3.33571 144.784 392.379
208.623 65.8937 3.79207 3.27561 114.61 460.999
210.457 65.8251 3.77081 3.43007 152.627 529.818
212.122 65.8371 3.76131 3.36212 151.178 599.884
214.181 66.267 3.77111 3.40266 90.0131 704.238
218.473 66.2305 3.758 3.41695 140.691 887.962
221.631 66.2191 3.76274 3.41606 116.727 1027.5
225.657 65.8052 3.77132 3.3926 158.055 1205.8
214.843 62.3987 3.69919 3.24566 81.6 715.09
213.052 64.4091 3.74499 3.45485 135.91 605.197
208.018 65.18 3.76915 3.38518 143.746 396.671
210.64 65.1479 3.74028 3.36144 194.479 509.076
216.846 65.3064 3.74865 3.41991 148.327 795.866
218.385 65.6035 3.74614 3.42343 189.416 871.245
220.064 65.4483 3.74263 3.37992 134.03 946.368
221.694 65.3609 3.75423 3.38726 127.086 1021.2
223.623 65.2225 3.75658 3.40739 113.466 1110.82
214.63 64.613 3.74848 3.44579 132.955 682.781
216.436 64.5012 3.75208 3.44457 124.001 768.415
221.784 64.453 3.74953 3.41495 42.8781 1025.57
221.784 64.4525 3.74511 3.38524 94.4766 1025.55
223.67 64.5753 3.72933 3.31916 95.3107 1115.21
195.344 61.9331 3.68408 3.32382 186.27 328.975
214.222 63.8036 3.72269 3.3464 90.8862 660.397
217.924 64.0292 3.72832 3.37194 78.0973 840.884
222.48 63.8433 3.72805 3.36021 104.086 1065.22
197.317 61.3416 3.78208 3.3391 137.842 295.336
216.652 63.0254 3.70112 3.30002 106.546 790.405
218.173 63.0618 3.71609 3.33283 118.165 865.433
221.871 63.109 3.72355 3.35787 118.166 1048.14
193.799 60.3849 3.7382 3.3505 134.035 502.442
196.65 60.4135 3.73227 3.68952 150.495 400.988
198.04 60.7515 3.77365 3.38012 152.702 330.97
199.312 60.6947 3.71497 3.36123 166.404 312.651
206.868 61.8823 3.66909 3.18135 139.142 348.394
209.88 61.7531 3.65915 3.14896 66.8365 495.046
212.274 61.7929 3.68213 3.1342 79.1225 609.006
213.825 62.1067 3.69995 3.26844 113.942 673.611
217.004 62.4013 3.66514 3.28351 110.75 822.959
218.122 62.3579 3.66679 3.28116 114.304 880.108
221.538 62.4435 3.69676 3.35204 71.5407 1048.25
223.206 62.5763 3.70468 3.3638 75.9122 1127.66
225.609 62.2024 3.70989 3.34867 77.7282 1258.59
198.315 59.9237 3.73962 3.30861 156.792 410.843
199.908 60.1686 3.73515 3.35553 180.431 363.673
201.231 60.4742 3.76065 3.41953 125.452 326.076
202.813 60.5269 3.7105 3.32581 106.799 334.8
204.11 60.6801 3.74037 3.44777 147.812 345.564
205.516 60.8132 3.71216 3.07163 75.5094 374.558
207.791 61.2001 3.64738 3.24406 89.9514 432.008
215.402 61.6061 3.69079 3.17262 59.1691 770.561
222.911 61.4593 3.69246 3.28061 56.7992 1150.31
224.22 61.4862 3.70109 3.31584 75.9008 1214.69
226.918 61.1512 3.7064 3.33861 56.5265 1362.95
198.736 59.2533 3.73947 3.31126 166.366 476.236
200.175 59.1767 3.73262 3.39465 99.9252 471.921
201.907 59.5938 3.71521 3.47128 115.915 426.981
202.905 59.7733 3.6887 3.33393 114.532 417.224
205.68 60.1952 3.73143 3.19071 55.4141 435.937
207.376 60.0815 3.67279 3.30855 54.5935 502.323
210.276 60.4814 3.65569 3.21286 76.5143 587.958
219.809 60.7718 3.64879 3.158 35.0015 1025.04
221.424 60.3024 3.61322 3.07183 52.257 1127.6
223.909 60.7704 3.66724 3.24789 61.5968 1229.01
190.452 56.6011 3.72714 3.39273 65.2529 953.862
202.009 59.0314 3.71109 3.40353 99.1921 489.891
203.561 59.1953 3.69112 3.29973 97.694 488.946
212.597 59.9979 3.65823 3.29399 75.9331 723.062
222.262 59.6304 3.60214 3.04066 36.3735 1204.09
223.04 60.1218 3.64528 3.14078 80.4324 1216.65
226.285 59.5898 3.67466 3.21835 54.3678 1405.24
227.183 60.2114 3.68999 3.30108 55.9466 1418.48
212.566 65.1171 3.74672 3.4631 161.476 595.207
203.344 58.6774 3.68191 3.30883 87.4989 541.796
204.113 58.2637 3.70389 3.40705 128.428 597.506
207.606 58.6097 3.66165 3.36182 64.759 643.675
213.66 59.4296 3.66952 3.20931 66.7027 809.087
227.731 58.9601 3.6698 3.2354 55.4597 1511.48
202.426 57.5673 3.7062 3.41569 46.7294 654.683
225.482 58.2747 3.64367 3.16783 39.7521 1441
229.033 59.3946 3.68809 3.27705 43.8611 1552.43
197.939 55.703 3.75455 3.22923 55.3256 873.295
200.447 56.2848 3.70973 3.37934 80.2915 792.749
223.768 57.9616 3.69208 3.28798 49.9557 1377.59
225.424 57.4688 3.70418 3.33608 47.0467 1489.68
228.869 57.9128 3.65474 3.19266 67.4756 1629.7
227.048 56.8144 3.71538 3.36194 35.891 1612.04
229.75 56.9811 3.6635 3.21182 69.1424 1732.52
212.138 64.8735 3.75152 3.42213 73.135 569.568
210.428 68.6408 3.71196 3.27988 87.7949 724.916
226.879 56.1146 3.73314 3.34974 32.2082 1652.83
228.385 55.3279 3.74134 3.38031 37.622 1781.68
227.653 56.4191 3.7295 3.40331 26.5227 1668.5
209.931 62.7622 2.726 1.9861 47.9423 460.31
211.063 63.7323 3.71255 3.35411 130.457 504.776
211.14 63.4057 3.71214 3.2837 101.198 510.096
218.547 60.1369 3.94848 3.83875 32.5496 994.955
217.908 60.4896 3.62991 3.06338 21.7133 945.299
217.507 60.403 3.65561 3.10966 35.1102 930.222
218.338 61.0595 3.66048 3.17596 35.974 939.087
216.296 60.3923 3.64839 3.13932 43.9376 872.212
216.716 60.1205 3.64399 3.20132 56.3027 907.432
215.271 60.5805 3.62842 3.13556 32.7336 812.742
216.679 60.2805 3.64309 3.1729 58.8108 896.746
218.244 60.7315 3.64685 3.13354 50.3645 949.72
217.659 60.602 3.65139 3.11044 27.3738 927.403
216.749 60.4427 3.63275 3.1202 49.0803 891.364
217.639 60.9231 3.66963 3.1992 37.67 910.848
218.995 60.8241 3.67221 3.17056 50.8738 982.339
216.976 61.3836 3.67519 3.16315 59.4774 857.628
218.049 60.1785 3.64229 3.1665 39.7912 968.545
216.031 60.2361 3.62924 3.20374 43.6552 868.125
217.533 61.187 3.66764 3.17502 46.6788 893.632
218.652 60.2994 3.64472 3.00703 33.2766 991.455
219.217 60.1294 3.66015 3.05521 24.9955 1028.01
216.221 60.072 3.63371 3.22941 45.4453 886.564
218.856 60.4399 3.64333 3.01725 29.5828 994.182
216.546 61.2275 3.68323 3.1658 56.5621 843.098
