# evlo=216.436401 evla=64.501198
194.627 64.5646 3.7369 3.393 156.611 1041.68
217.908 60.4896 3.6161 3.1674 142.419 453.467
217.654 61.036 3.57104 3.08694 114.32 391.177
217.507 60.403 3.59264 3.07838 72.8476 460.068
218.338 61.0595 3.65257 3.35739 161.81 395.651
220.363 59.9534 3.66059 3.25936 94.0913 546.193
216.3 60.3932 3.7066 3.0142 42.9812 457.901
225.144 58.5792 3.6725 3.29811 93.2774 804.698
216.716 60.1205 3.6298 2.94498 58.8485 488.444
215.395 60.9677 3.63412 3.08393 139.271 397.404
209.013 64.0997 3.76367 3.44627 431.044 361.913
209.094 59.7511 3.62204 3.15236 154.203 652.619
209.259 59.7417 3.6282 3.19003 174.077 648.536
208.846 60.7683 3.63357 3.14963 146.917 569.138
207.916 63.4188 3.75505 3.34723 348.34 434.239
204.378 55.8218 3.63932 3.0708 72.9596 1171.98
200.411 54.831 3.62064 2.99865 74.2321 1397.7
207.685 63.8827 3.7654 3.42145 277.799 430.485
208.763 59.5251 3.60977 3.06708 173.751 683.891
209.796 67.2269 3.71532 3.26592 131.832 428.814
216.907 60.7523 3.60248 2.98981 36.8536 418.531
218.66 60.9649 3.67956 3.35372 125.522 410.154
209.738 62.4058 3.69308 3.24944 211.239 407.388
217.513 60.0823 3.60264 3.09849 103.946 495.626
214.225 61.1292 3.62463 3.21941 200.604 392.329
214.25 60.5487 3.62791 3.15094 186.962 454.613
196.582 54.8564 3.67889 3.22904 83.7504 1538.69
213.401 60.7277 3.63207 3.16101 187.657 448.39
209.784 61.1426 3.6445 3.1429 159.306 504.637
188.296 63.7758 3.75164 3.45733 169.454 1361.22
203.121 64.7461 3.74647 3.42849 193.613 636.403
211.074 61.771 3.67297 3.26009 165.54 406.867
216.188 61.4417 3.65609 3.14504 176.675 341.247
212.904 60.8792 3.62569 3.1523 186.844 442.208
215.271 60.5805 3.65247 3.13464 101.82 441.057
216.679 60.2805 3.6221 2.93731 82.3237 470.57
218.244 60.7315 3.64961 3.19808 96.2275 430.236
213.497 60.396 3.63755 3.17606 133.57 481.925
215.738 60.3351 3.68677 3.14831 97.5824 465.715
208.348 59.6572 3.61024 3.05595 97.7735 684.563
217.659 60.6024 3.59279 3.11945 134.089 439.048
216.749 60.4427 3.60807 2.95883 77.2343 452.618
217.639 60.9231 3.57057 3.08876 117.049 403.509
217.277 60.2474 3.51749 3.03613 22.4311 476.071
218.995 60.824 3.65248 3.28084 100.258 430.233
216.976 61.3836 3.65993 2.98618 70.191 348.565
218.049 60.1785 3.62401 3.20627 116.198 488.923
216.031 60.2361 3.69441 3.12864 93.4004 475.812
217.533 61.1871 3.57167 2.98405 109.272 373.57
218.652 60.2994 3.66837 3.36372 46.5394 482.036
219.217 60.1294 3.63202 3.16837 100.243 508.008
216.221 60.072 3.67977 3.06168 80.6204 493.76
218.856 60.4399 3.66983 3.32706 87.0931 469.449
216.546 61.2275 3.67288 3.11681 126.271 364.926
198.929 70.2043 3.678 3.11982 57.7374 979.144
203.383 71.3221 3.67308 3.10815 79.1466 933.356
205.026 71.0033 3.66306 3.15931 61.089 867.835
234.753 71.9871 3.77151 3.25418 142.659 1118.61
198.198 69.3641 3.68503 3.05875 57.9913 958.79
202.84 70.0079 3.66239 3.13098 62.0561 845.82
205.387 69.6211 3.66332 3.12769 47.7523 744.184
206.58 70.34 3.64624 3.09982 64.118 774.157
194.656 68.2746 3.70509 3.15225 89.933 1053.67
196.822 68.4753 3.70673 3.126 64.4551 973.671
198.806 68.6483 3.70094 3.08499 77.68 904.177
200.413 69.1049 3.68621 3.11981 45.6884 867.583
205.217 69.1565 3.66363 3.15923 63.3995 713.749
211.299 69.72 3.63257 3.1755 61.5876 622.784
215.088 69.9175 3.6189 3.00465 54.2081 606.82
216.289 69.626 3.68797 3.22408 61.8985 571.565
235.93 69.3475 3.86241 3.29076 111.914 1003.05
196.917 67.6988 3.69086 3.24918 40.0227 947.056
201.885 68.4946 3.70565 3.08925 68.7835 783.073
203.387 68.7132 3.69103 3.10998 38.2656 742.551
207.318 68.8799 3.65613 3.23176 53.6949 631.695
209.319 68.9656 3.64669 3.15185 89.1869 587.704
211.177 69.1532 3.62453 3.14997 93.3473 567.436
213.625 69.322 3.64164 3.18812 145.972 551.381
219.035 69.243 3.67379 3.22627 114.297 540.821
221.263 69.3286 3.69406 3.23147 101.261 577.909
198.174 67.082 3.75737 3.37621 74.1582 880.271
199.397 67.4213 3.73283 3.24234 33.4987 837.028
202.768 67.4572 3.69815 3.21505 53.9537 701.076
203.811 68.2575 3.71303 3.14881 70.6384 700.971
208.187 68.1343 3.69207 3.14397 54.5568 547.726
210.384 68.0584 3.64773 3.34351 79.2578 480.39
211.513 68.0748 3.61657 3.20038 96.6621 455.367
214.432 68.1207 3.63863 3.12364 110.198 413.452
218.405 68.1861 3.70906 3.28296 137.201 420.211
220.465 68.6043 3.69681 3.25577 138.467 491.061
222.103 68.3889 3.68583 3.21404 191.772 501.402
223.281 66.3701 3.80284 3.2129 252.081 379.567
193.671 65.4742 3.72827 3.31335 86.5956 1073.95
195.352 65.7077 3.72857 3.29538 89.5117 995.053
198.75 66.442 3.7327 3.32073 101.074 844.533
200.349 66.6001 3.74297 3.33041 67.7857 776.718
204.275 67.0486 3.74553 3.2976 77.6758 623.87
206.517 67.2221 3.728 3.22246 94.3141 544.114
207.821 67.5076 3.71915 3.21537 90.8602 514.34
212.113 67.5187 3.66165 3.16213 45.8705 389.31
214.357 67.5933 3.64315 3.22572 159.626 357.391
215.855 67.6946 3.76346 3.34144 121.03 357.06
220.128 67.6136 3.67222 3.19809 202.893 385.101
224.214 67.6106 3.77867 3.2422 148.208 493.677
226.258 67.441 3.8082 3.27117 173.921 552.871
195.961 64.9941 3.73858 3.35366 107.078 972.285
197.645 65.3936 3.73654 3.35146 111.85 890.398
199.349 65.5011 3.74106 3.35427 109.423 811.182
201.346 65.895 3.74879 3.31547 115.637 721.608
202.913 66.1434 3.76418 3.28848 86.0591 654.859
206.494 66.5156 3.76299 3.26997 137.608 511.233
208.493 66.9214 3.73897 3.25565 94.3417 453.191
209.976 66.7108 3.73796 3.24028 113.632 386.217
212.525 66.7004 3.70171 3.23016 121.469 304.297
221.978 66.9116 3.74707 3.32515 199.965 369.877
223.778 66.9808 3.79757 3.24891 201.068 435.234
225.729 66.9227 3.83676 3.25573 121.106 504.192
197.761 64.6379 3.73814 3.38292 170.314 892.066
200.087 64.937 3.73394 3.38551 167.394 778.689
201.637 65.1527 3.7373 3.41719 139.326 704.794
203.551 65.5276 3.75248 3.37106 157.324 617.098
205.119 65.4924 3.74501 3.36269 148.113 544.48
207.195 65.6571 3.75713 3.33627 203.883 452.903
208.623 65.8937 3.77886 3.32189 224.313 397.13
210.457 65.8251 3.78686 3.25487 211.967 316.676
221.631 66.2191 3.79459 3.2864 242.3 308.279
225.657 65.8052 3.79563 3.27549 159.098 455.798
199.305 63.8864 3.74264 3.45415 162.131 832.714
205.522 64.7962 3.74793 3.42401 118.694 522.044
208.018 65.18 3.74231 3.37098 226.336 406.299
223.623 65.2225 3.7588 3.31412 235.851 349.946
196.446 62.7492 3.73586 3.37905 149.992 1005.84
199.398 63.2842 3.74345 3.38956 174.367 845.178
200.922 63.3965 3.75208 3.44457 124.001 768.415
203.285 63.465 3.75149 3.43895 185.459 652.966
204.379 63.994 3.76475 3.45499 255.154 586.612
205.853 64.1767 3.76102 3.47301 250.869 512.246
223.67 64.5753 3.68859 3.24457 250.718 347.019
195.344 61.9331 3.75299 3.38684 144.346 1093.07
198.469 62.2938 3.75982 3.45564 189.521 927.612
201.699 62.7161 3.75872 3.37277 201.308 755.87
205.93 63.3569 3.746 3.37549 215.085 530.273
222.48 63.8433 3.72076 3.46841 306.292 302.782
197.317 61.3416 3.74846 3.35859 138.353 1028.49
198.513 61.678 3.7519 3.36543 172.836 954.695
200.525 61.7105 3.72977 3.27666 110.329 858.606
201.703 62.1344 3.74422 3.31678 159.348 782.008
203.311 62.2195 3.73781 3.27489 140.209 702.795
205.146 62.1816 3.71761 3.23627 254.046 620.633
206.12 62.4787 3.72488 3.21759 265.02 560.413
221.871 63.109 3.78772 3.34474 239.993 309.351
193.799 60.3849 3.73742 3.32174 89.3213 1247.33
196.65 60.4135 3.71733 3.32027 83.8821 1112.19
198.04 60.7515 3.71782 3.29609 120.315 1027.65
199.312 60.6947 3.70694 3.31609 114.884 972.537
201.041 61.0224 3.70684 3.32922 131.641 873.863
202.562 61.4009 3.71031 3.2851 168.408 782.232
204.176 61.4907 3.70265 3.26916 215.812 704.563
205.609 61.9037 3.68517 3.23331 287.379 615.927
206.868 61.8823 3.66739 3.21699 209.804 562.38
209.88 61.7531 3.67984 3.17004 227.259 450.446
212.274 61.7929 3.62139 3.28415 265.892 367.499
213.825 62.1067 3.61476 3.24776 192.544 297.241
221.538 62.4435 3.77687 3.24175 163.217 342.283
223.206 62.5763 3.77011 3.26955 183.689 398.969
225.609 62.2024 3.75704 3.38432 168.778 525.183
198.315 59.9237 3.7072 3.29767 114.593 1066.77
199.908 60.1686 3.70491 3.29946 147.974 979.125
201.231 60.4742 3.70641 3.29107 153.071 900.095
202.813 60.5269 3.69961 3.25618 192.464 827.332
204.11 60.6801 3.68153 3.23199 240.089 761.218
205.516 60.8132 3.66708 3.20128 204.301 693.042
207.791 61.2001 3.6697 3.21449 155.532 572.976
215.402 61.6061 3.64318 3.21828 221.443 326.899
222.911 61.4593 3.70485 3.27889 91.0458 471.541
224.22 61.4862 3.76818 3.21751 122.726 517.63
226.918 61.1512 3.76159 3.28989 90.5475 650.58
198.736 59.2533 3.71233 3.29915 120.323 1094
200.175 59.1767 3.70279 3.27492 119.616 1037.25
201.907 59.5938 3.6933 3.2769 171.946 932.95
202.905 59.7733 3.67785 3.26617 150.529 877.884
204.792 59.8542 3.64238 3.21706 110.148 795.491
205.68 60.1952 3.65232 3.22062 105.532 733.69
207.376 60.0815 3.64285 3.16794 180.857 679.752
210.276 60.4814 3.66067 3.22344 175.08 548.643
219.809 60.7718 3.61521 3.26966 156.807 450.092
221.424 60.3024 3.62743 3.19958 116.062 533.968
223.909 60.7704 3.67639 3.32183 100.358 564.883
190.452 56.6011 3.72154 3.33258 54.4938 1657.68
202.009 59.0314 3.67098 3.2475 146.895 971.804
203.561 59.1953 3.64835 3.22602 120.036 896.706
204.771 59.3922 3.65313 3.23032 164.856 833.811
206.768 59.6524 3.64851 3.1709 205.15 738.318
212.597 59.9979 3.64421 3.21317 147.112 539.864
222.262 59.6304 3.6377 3.22056 90.1499 621.872
226.285 59.5898 3.71323 3.39396 118.221 750.147
227.183 60.2114 3.77448 3.21622 57.0553 732.004
203.344 58.6774 3.65155 3.23273 138.224 947.739
204.113 58.2637 3.66558 3.26327 114.04 954.473
204.991 58.6484 3.66049 3.24423 119.112 889.125
206.355 58.9287 3.64422 3.16741 140.119 816.568
207.606 58.6097 3.61664 3.05128 191.693 805.537
213.66 59.4296 3.63492 3.11616 115.326 583.524
227.731 58.9601 3.72866 3.33759 93.6533 856.563
202.426 57.5673 3.66861 3.27895 84.7929 1077.35
203.613 57.6397 3.66197 3.21512 83.8056 1027.69
205.548 57.5665 3.61873 3.0742 104.838 968.565
224.26 58.4133 3.67681 3.29018 63.146 795.164
225.482 58.2747 3.67491 3.31855 59.0813 843.934
229.033 59.3946 3.6967 3.26053 45.3885 869.644
197.939 55.703 3.67601 3.26896 81.8018 1411.31
200.447 56.2848 3.66294 3.21767 72.0986 1264.04
223.768 57.9616 3.66537 3.32221 94.4176 827.109
225.424 57.4688 3.68499 3.33841 52.4391 920.414
228.869 57.9128 3.73118 3.38142 66.678 989.39
227.048 56.8144 3.70284 3.36547 47.323 1031.64
229.75 56.9811 3.70149 3.36089 53.1901 1104.42
210.428 68.6408 3.64338 3.28468 136.895 532.595
226.879 56.1146 3.69649 3.40378 72.3599 1095.25
229.974 55.9154 3.72009 3.32085 34.7613 1210.73
228.385 55.3279 3.70488 3.37736 83.0317 1216.79
227.653 56.4191 3.70885 3.34651 78.0636 1088.29
209.931 62.7622 3.04594 2.65037 187.872 376.026
218.547 60.1369 4.12787 3.54605 102.008 498.491
217.908 60.4896 3.6161 3.1674 142.419 453.467
217.507 60.403 3.59264 3.07838 72.8476 460.068
218.338 61.0595 3.65258 3.3574 161.81 395.652
216.296 60.3923 3.70744 3.01488 42.9812 458.004
216.716 60.1205 3.6298 2.94498 58.8485 488.444
215.271 60.5805 3.65247 3.13464 101.82 441.057
216.679 60.2805 3.6221 2.93731 82.3237 470.57
218.244 60.7315 3.64961 3.19808 96.2275 430.236
217.659 60.602 3.59313 3.11974 134.089 439.089
216.749 60.4427 3.60807 2.95883 77.2343 452.618
217.639 60.9231 3.57056 3.08875 117.049 403.507
217.277 60.2474 3.51749 3.03613 22.4311 476.071
218.995 60.8241 3.65239 3.28076 100.258 430.223
216.976 61.3836 3.65993 2.98618 70.191 348.565
218.049 60.1785 3.62401 3.20627 116.198 488.923
216.031 60.2361 3.69441 3.12864 93.4004 475.812
217.533 61.187 3.57179 2.98415 109.272 373.583
218.652 60.2994 3.66837 3.36372 46.5394 482.036
219.217 60.1294 3.63202 3.16837 100.243 508.008
216.221 60.072 3.67977 3.06168 80.6204 493.76
218.856 60.4399 3.66983 3.32706 87.0931 469.449
216.546 61.2275 3.67288 3.11681 126.271 364.926
209.518 60.7352 3.63583 3.14514 101.388 549.224
209.518 60.7351 3.6358 3.14511 101.388 549.22
