# evlo=216.201004 evla=64.565399
217.908 60.4896 3.6311 3.23487 23.0238 462.65
217.654 61.036 3.57818 3.27112 25.8873 400.275
218.338 61.0595 3.63431 3.54411 20.1884 405.614
215.395 60.9677 3.71758 3.19399 28.0712 403.091
209.013 64.0997 3.814 3.61642 48.0938 351.21
209.094 59.7511 3.63496 3.10042 27.9702 651.187
209.259 59.7417 3.64578 3.13355 29.513 647.276
208.846 60.7683 3.65675 3.12767 19.2632 566.035
207.916 63.4188 3.76322 3.43651 25.3705 424.84
207.685 63.8827 3.77312 3.48926 31.8956 419.984
209.796 67.2269 3.74912 3.11212 19.2063 415.948
216.907 60.7523 3.51487 3.19236 25.4704 426.526
218.66 60.9649 3.67505 3.74072 24.4897 420.421
217.513 60.0823 3.54951 3.11351 15.7007 504.223
214.225 61.1292 3.6886 3.04907 17.9121 395.951
214.25 60.5487 3.67529 3.06249 30.202 458.734
196.582 54.8564 3.70067 3.22746 16.0988 1533.6
213.401 60.7277 3.66876 3.14762 21.7518 451.081
212.904 60.8792 3.64674 3.20093 27.234 443.977
215.271 60.5805 3.70457 3.62572 15.336 446.69
218.244 60.7315 3.66986 3.54427 26.4593 439.911
213.497 60.396 2.98346 3.10318 19.0565 485.062
208.348 59.6572 3.76866 3.96875 16.7447 682.545
217.659 60.6024 3.5569 3.09 33.9262 447.978
216.749 60.4427 3.51928 2.85962 19.095 460.352
217.639 60.9231 3.57599 3.2976 21.2593 412.539
217.277 60.2474 3.587 3.14025 15.6446 484.433
216.976 61.3836 3.42417 2.93253 20.2849 356.811
218.049 60.1785 3.61238 3.32148 16.8544 498.144
217.533 61.1871 3.55555 3.24171 24.7761 382.572
218.856 60.4399 3.7416 4.00607 21.2058 479.617
223.281 66.3701 3.84471 3.11442 24.0574 384.604
210.457 65.8251 3.74747 3.33851 22.6012 303.31
208.018 65.18 3.71003 3.33792 30.3038 393.596
205.853 64.1767 3.7302 3.36166 38.7244 500.918
205.93 63.3569 3.76899 3.45128 45.8701 520.347
205.146 62.1816 3.71796 3.23418 33.2549 612.473
206.12 62.4787 3.72021 3.21973 29.7929 552.18
205.609 61.9037 3.67947 3.29081 36.153 608.458
206.868 61.8823 3.66694 3.30572 28.5615 555.679
213.825 62.1067 3.53101 3.06487 33.0716 298.739
204.11 60.6801 3.69186 3.03247 23.2732 754.782
215.402 61.6061 3.63812 3.08003 34.0085 332.308
207.376 60.0815 3.70301 3.10442 31.4466 676.348
210.276 60.4814 3.62727 3.21886 30.2241 547.49
213.66 59.4296 3.67861 3.06114 26.4866 587.524
210.428 68.6408 3.73456 3.33345 17.5258 521.085
209.931 62.7622 3.00658 2.57775 21.8614 369.628
217.908 60.4896 3.6311 3.23487 23.0238 462.65
218.338 61.0595 3.63432 3.54412 20.1884 405.615
215.271 60.5805 3.70457 3.62572 15.336 446.69
218.244 60.7315 3.66986 3.54427 26.4593 439.911
217.659 60.602 3.55722 3.09028 33.9262 448.018
216.749 60.4427 3.51928 2.85962 19.095 460.352
217.639 60.9231 3.57597 3.29758 21.2593 412.537
217.277 60.2474 3.587 3.14025 15.6446 484.433
216.976 61.3836 3.42417 2.93253 20.2849 356.811
218.049 60.1785 3.61238 3.32148 16.8544 498.144
217.533 61.187 3.55567 3.24182 24.7761 382.585
218.856 60.4399 3.7416 4.00607 21.2058 479.617
