# evlo=205.608505 evla=61.903702
194.627 64.5646 3.70695 3.35601 151.251 625.495
217.908 60.4896 3.60818 3.08049 222.864 678.787
217.654 61.036 3.58688 3.11448 203.419 648.361
217.507 60.403 3.61424 3.04701 120.186 661.102
218.338 61.0595 3.5727 3.0975 199.775 683.655
220.363 59.9534 3.6228 3.11549 156.047 827.083
216.3 60.3932 3.6285 3.07686 141.621 599.076
225.144 58.5792 3.65096 3.20439 117.799 1138.57
216.716 60.1205 3.62728 3.06281 121.152 631.84
215.395 60.9677 3.59138 3.04112 254.767 532.019
209.013 64.0997 3.69851 3.40906 258.891 299.353
209.094 59.7511 3.61845 3.0686 151.362 305.655
209.259 59.7417 3.60827 3.01216 140.19 312.115
210.701 64.1732 3.70486 3.33136 208.573 360.914
212.195 64.6453 3.72495 3.34989 200.361 449.803
204.378 55.8218 3.68399 3.24153 110.833 681.158
200.411 54.831 3.69422 3.30074 125.164 843.833
208.763 59.5251 3.6801 3.24984 113.497 315.98
209.796 67.2269 3.71324 3.31848 165.532 626.155
216.907 60.7523 3.5961 3.06392 149.714 617.647
218.66 60.9649 3.57671 3.06932 205.74 703.094
217.513 60.0823 3.62441 3.03238 183.645 674.341
212.624 63.0753 3.66507 3.23302 315.02 384.304
214.225 61.1292 3.59068 3.07841 247.238 466.317
215.93 63.6482 3.68909 3.11814 194.569 560.997
214.25 60.5487 3.61279 3.04766 203.468 487.744
196.582 54.8564 3.70109 3.28585 95.4986 944.17
213.401 60.7277 3.61179 3.03676 193.031 437.23
214.766 66.5657 3.74943 3.39904 190.581 682.406
188.296 63.7758 3.69659 3.38062 150.911 903.343
203.121 64.7461 3.68406 3.2212 162.691 340.41
216.188 61.4417 3.58611 3.14545 273.751 561.998
212.904 60.8792 3.60602 3.03887 275.589 406.001
215.271 60.5805 3.62098 3.05213 178.965 538.788
216.679 60.2805 3.62488 3.06488 164.681 623.16
218.244 60.7315 3.59731 3.10764 199.172 688.173
213.052 64.4091 3.68196 3.24767 249.78 467.21
213.497 60.396 3.65721 3.05929 131.194 456.441
215.738 60.3351 3.63562 3.05644 144.379 572.606
217.659 60.6024 3.60504 3.0759 264.427 661.86
225.615 58.2758 3.67097 3.24056 93.3304 1178.69
215.581 59.9268 3.62471 3.04844 92.7937 583.41
216.749 60.4427 3.61966 3.06321 197.108 620.34
217.639 60.9231 3.5919 3.10986 250.447 650.732
214.077 61.4924 3.58993 3.13446 310.139 450.148
211.542 61.4131 3.55505 3.08675 315.492 318.955
197.4 66.8951 3.67036 3.212 38.5254 681.746
217.277 60.2474 3.60007 3.02543 55.2381 655.287
218.995 60.824 3.5808 3.08155 224.993 724.705
216.976 61.3836 3.57865 3.12448 243.609 604.577
211.063 63.7318 3.69991 3.0527 302.023 344.572
218.049 60.1785 3.61854 3.04459 172.652 697.99
216.031 60.2361 3.63682 3.05524 143.713 591.805
217.533 61.1871 3.57558 3.11113 297.547 638.187
218.652 60.2994 3.61543 3.0954 126.941 724.495
211.14 63.4056 3.66742 3.1024 297.86 329.151
219.217 60.1294 3.62907 3.08657 167.242 760.457
216.221 60.072 3.62611 3.05459 113.644 608.777
218.856 60.4399 3.61413 3.10862 170.991 729.925
216.546 61.2275 3.5809 3.11239 221.803 585.372
207.417 57.7828 3.6191 3.05639 90.9001 470.116
212.138 64.8736 3.74551 3.37159 219.393 464.522
203.383 71.3221 3.63581 3.12327 64.0665 1054.73
202.84 70.0079 3.64355 3.12375 95.066 912.158
205.387 69.6211 3.6768 3.25762 69.9747 860.57
206.58 70.34 3.68777 3.23578 67.9778 941.707
196.822 68.4753 3.64576 3.2159 48.8677 838.542
200.413 69.1049 3.7049 3.28478 75.8544 837.446
205.217 69.1565 3.69104 3.29192 55.9689 808.883
209.387 69.836 3.6885 3.24779 120.398 900.715
211.299 69.72 3.69534 3.19841 124.757 908.637
215.088 69.9175 3.65834 3.16746 82.1896 989.849
216.289 69.626 3.68214 3.25885 104.238 987.225
235.93 69.3475 3.78502 3.29978 100.745 1600.07
196.917 67.6988 3.65622 3.24504 48.5632 765.295
201.885 68.4946 3.672 3.26821 81.0012 754.911
203.387 68.7132 3.66136 3.13909 67.6522 766.144
207.318 68.8799 3.69701 3.2223 73.8767 781.8
209.319 68.9656 3.70285 3.25473 134.256 805.637
211.177 69.1532 3.68862 3.21737 112.097 847.5
213.625 69.322 3.6851 3.16292 83.9851 904.174
219.035 69.243 3.70674 3.32487 83.7303 1021.87
198.174 67.082 3.65706 3.32607 52.0889 677.946
202.768 67.4572 3.66381 3.25183 90.2047 633.649
203.811 68.2575 3.66956 3.1635 78.6808 713.352
206.028 68.4414 3.68962 3.27064 53.399 729.177
208.187 68.1343 3.71261 3.25092 122.453 705.062
210.384 68.0584 3.69709 3.24249 127.007 721.761
211.513 68.0748 3.69535 3.20141 106.572 741.532
214.432 68.1207 3.69591 3.36872 150.798 806.698
218.405 68.1861 3.75117 3.36799 86.5326 920.423
222.103 68.3889 3.72954 3.35273 75.2167 1052.97
223.281 66.3701 3.73535 3.29224 181.136 989.189
193.671 65.4742 3.68637 3.33943 57.5178 710.428
195.352 65.7077 3.68917 3.33032 85.2867 658.335
198.75 66.442 3.65932 3.2489 67.7175 605.224
202.227 66.8332 3.68583 3.32399 87.9654 573.087
204.275 67.0486 3.69451 3.36131 65.0285 577.116
206.517 67.2221 3.73991 3.36247 133.127 594.505
207.821 67.5076 3.71377 3.32634 139.605 633.512
212.113 67.5187 3.69755 3.30886 136.736 697.768
214.357 67.5933 3.70369 3.40738 133.106 757.345
215.855 67.6946 3.73405 3.38849 137.513 806.554
220.128 67.6136 3.73632 3.35785 98.2447 935.48
224.214 67.6106 3.72288 3.266 111.155 1083.62
226.258 67.441 3.74655 3.2754 144.987 1154.99
195.961 64.9941 3.6811 3.21106 73.4267 590.909
197.645 65.3936 3.68522 3.28593 81.2909 553.32
202.913 66.1434 3.67947 3.26305 99.08 490.547
206.494 66.5156 3.73622 3.38223 169.449 515.918
208.493 66.9214 3.72156 3.27358 159.786 576.257
209.976 66.7108 3.70842 3.36892 150.91 575.746
212.525 66.7004 3.70814 3.33403 120.435 630.071
213.899 66.7653 3.73773 3.40587 111.065 672.908
216.215 66.9498 3.75382 3.37772 175.625 758.076
218.345 66.8088 3.71575 3.32027 144.766 820.418
221.978 66.9116 3.71976 3.27273 85.2095 962.108
223.778 66.9808 3.73175 3.27853 122.009 1036.21
225.729 66.9227 3.75044 3.29541 102.728 1112.49
197.761 64.6379 3.68805 3.00854 23.4671 497.517
201.637 65.1527 3.74798 3.26729 76.2569 412.391
203.551 65.5276 3.68427 3.25712 81.2492 416.519
205.119 65.4924 3.72874 3.39211 90.5878 400.769
207.195 65.6571 3.7412 3.33064 195.162 425.622
208.623 65.8937 3.71044 3.32088 166.932 468.639
210.457 65.8251 3.70912 3.3132 155.034 497.585
212.122 65.8371 3.72325 3.39383 264.544 542.355
214.18 66.267 3.75479 3.41737 37.8857 640.333
214.181 66.267 3.73599 3.39615 134.692 640.365
218.473 66.2305 3.70472 3.29695 155.3 789.387
221.631 66.2191 3.73173 3.28849 84.7054 914.462
225.657 65.8052 3.73875 3.28658 115.576 1071.72
214.843 62.3987 3.62251 3.22384 275.844 484.21
213.052 64.4091 3.68196 3.24767 249.78 467.21
199.305 63.8864 3.6873 3.32585 106.766 389.086
205.522 64.7962 3.7454 3.39249 100.715 322.448
208.018 65.18 3.73505 3.28597 178.605 384.293
210.64 65.1479 3.69851 3.30115 235.279 439.544
216.846 65.3064 3.71852 3.31404 199.132 672.903
218.385 65.6035 3.71512 3.30464 202.719 751.441
220.064 65.4483 3.71264 3.26244 129.794 814.723
221.694 65.3609 3.72411 3.24851 211.996 882.313
223.623 65.2225 3.71 3.24744 111.696 964.407
196.446 62.7492 3.70519 3.23817 136.114 483.772
199.398 63.2842 3.68954 3.09659 95.578 354.037
214.63 64.613 3.68974 3.28673 225.029 543.769
216.201 64.5654 3.67947 3.29081 36.153 608.458
216.436 64.5012 3.68517 3.23331 287.379 615.927
221.784 64.453 3.68399 3.21157 122.557 859.954
221.784 64.4525 3.67829 3.21908 102.759 859.915
223.67 64.5753 3.68281 3.22426 139.78 951.452
195.344 61.9331 3.68474 3.3122 128.836 538.702
198.469 62.2938 3.6809 3.29197 213.843 375.206
214.222 63.8036 3.69269 3.13207 254.091 486.556
217.924 64.0292 3.68337 3.14753 173.422 666.883
222.48 63.8433 3.69323 3.22665 116.778 882.538
197.317 61.3416 3.69598 3.29798 244.447 443.944
198.513 61.678 3.68913 3.27292 217.319 374.988
216.652 63.0254 3.6433 3.23322 230.949 582.608
218.173 63.0618 3.66581 3.24352 285.055 659.491
221.871 63.109 3.68098 3.28103 138.465 846.279
193.799 60.3849 3.68544 3.33076 119.003 657.186
196.65 60.4135 3.69299 3.4056 246.767 509.593
198.04 60.7515 3.68436 3.3382 224.573 424.852
199.312 60.6947 3.69616 3.30588 304.94 363.211
212.274 61.7929 3.59489 3.19561 272.673 351.048
213.825 62.1067 3.61362 3.21202 290.847 430.761
217.004 62.4013 3.5909 3.21608 195.477 595.9
218.122 62.3579 3.59064 3.22077 204.365 653.8
221.538 62.4435 3.63452 3.25309 136.691 829.958
223.206 62.5763 3.65643 3.26978 173.534 915.037
225.609 62.2024 3.6667 3.27431 178.125 1042.56
198.315 59.9237 3.70333 3.32296 231.532 452.7
199.908 60.1686 3.69879 3.2905 221.356 363.545
215.402 61.6061 3.58878 3.15815 270.218 517.836
222.911 61.4593 3.59417 3.18582 179.088 914.712
224.22 61.4862 3.60959 3.20598 185.572 982.683
226.918 61.1512 3.62222 3.20159 144.281 1131.81
198.736 59.2533 3.69429 3.25224 215.56 478.293
200.175 59.1767 3.70709 3.35496 219.476 425.473
201.907 59.5938 3.71269 3.49822 379.453 326.997
210.276 60.4814 3.60127 3.02151 224.407 296.755
219.809 60.7718 3.5752 3.08398 183.898 768.982
223.909 60.7704 3.58943 3.13821 180.016 984.452
190.452 56.6011 3.7126 3.35478 77.2255 1043.3
202.009 59.0314 3.71881 3.38286 213.395 376.199
203.561 59.1953 3.70703 3.37079 243.437 321.978
212.597 59.9979 3.67138 3.02444 108.153 433.866
222.262 59.6304 3.6309 3.15613 100.839 939.394
223.04 60.1218 3.58555 3.05355 157.737 960.362
226.285 59.5898 3.61495 3.133 205.529 1151.43
227.183 60.2114 3.61736 3.17418 191.817 1174.7
212.566 65.1171 3.75253 3.3773 232.299 497.771
203.344 58.6774 3.71237 3.32079 177.24 380.596
204.113 58.2637 3.69775 3.39941 163.956 413.966
204.991 58.6484 3.69889 3.41653 138.56 364.295
206.355 58.9287 3.72781 3.24779 136.103 334.011
207.606 58.6097 3.63475 2.98367 96.0227 383.259
213.66 59.4296 3.64196 3.10529 109.824 518.865
227.731 58.9601 3.62496 3.1134 107.776 1254.8
202.426 57.5673 3.69912 3.30468 123.318 515.055
203.613 57.6397 3.68152 3.30629 134.285 488.038
205.548 57.5665 3.64797 3.38135 86.9214 483.209
224.26 58.4133 3.68351 3.1739 60.5817 1101.63
225.482 58.2747 3.67508 3.21269 53.1085 1171.87
229.033 59.3946 3.63053 3.1843 208.077 1303.84
197.939 55.703 3.73251 3.34948 121.813 819.527
200.447 56.2848 3.67202 3.34235 122.167 691.819
225.424 57.4688 3.69854 3.25707 99.6625 1214.32
228.869 57.9128 3.64538 3.17086 65.0732 1366.55
227.048 56.8144 3.71705 3.24833 58.6442 1336.47
229.75 56.9811 3.67961 3.28537 80.3093 1464.67
212.138 64.8735 3.75247 3.37721 166.998 464.508
210.428 68.6408 3.69302 3.23355 140.513 783.56
229.974 55.9154 3.72194 3.35554 50.4664 1542.13
227.653 56.4191 3.72636 3.27875 90.7837 1392.05
211.063 63.7323 3.70046 3.05316 302.023 344.623
211.14 63.4057 3.66748 3.10245 297.86 329.156
218.547 60.1369 4.10247 4.11573 178.813 725.411
217.908 60.4896 3.60818 3.08049 222.864 678.787
217.507 60.403 3.61424 3.04701 120.186 661.102
218.338 61.0595 3.57273 3.09752 199.775 683.661
216.296 60.3923 3.62765 3.07615 141.621 598.936
216.716 60.1205 3.62728 3.06281 121.152 631.84
215.271 60.5805 3.62098 3.05213 178.965 538.788
216.679 60.2805 3.62488 3.06488 164.681 623.16
218.244 60.7315 3.59731 3.10764 199.172 688.173
217.659 60.602 3.60497 3.07585 264.427 661.849
216.749 60.4427 3.61966 3.06321 197.108 620.34
217.639 60.9231 3.59184 3.10981 250.447 650.722
217.277 60.2474 3.60007 3.02543 55.2381 655.287
218.995 60.8241 3.58079 3.08154 224.993 724.702
216.976 61.3836 3.57865 3.12448 243.609 604.577
218.049 60.1785 3.61854 3.04459 172.652 697.99
216.031 60.2361 3.63682 3.05524 143.713 591.805
217.533 61.187 3.57565 3.11119 297.547 638.199
218.652 60.2994 3.61543 3.0954 126.941 724.495
219.217 60.1294 3.62907 3.08657 167.242 760.457
216.221 60.072 3.62611 3.05459 113.644 608.777
218.856 60.4399 3.61413 3.10862 170.991 729.925
216.546 61.2275 3.5809 3.11239 221.803 585.372
