# evlo=215.401794 evla=61.606098
225.449 60.24 3.57869 3.13605 207.691 565.163
194.627 64.5646 3.64868 3.25219 83.5916 1094.46
220.363 59.9534 3.68932 3.0951 170.359 326.934
225.144 58.5792 3.61673 3.04034 93.4206 637.481
209.013 64.0997 3.5918 3.24262 161.428 427.582
209.094 59.7511 3.65516 3.07728 280.435 401.72
209.259 59.7417 3.65154 3.08018 326.223 394.622
210.701 64.1732 3.57654 3.25435 174.852 372.689
208.846 60.7683 3.58471 3.05494 308.9 364.596
207.916 63.4188 3.70155 3.1291 185.772 435.01
212.195 64.6453 3.61282 3.24083 198.97 375.311
204.378 55.8218 3.64724 3.03572 74.0391 905.102
207.685 63.8827 3.65865 3.11361 95.2981 468.556
208.763 59.5251 3.66014 3.09009 247.451 431.372
209.796 67.2269 3.64969 3.2324 100.141 681.758
209.738 62.4058 3.61232 3.16825 234.689 309.719
196.582 54.8564 3.6648 3.15652 94.7765 1329.39
209.784 61.1426 3.57226 3.12274 324.417 304.71
214.766 66.5657 3.73091 3.39929 78.2918 553.75
188.296 63.7758 3.66426 3.31007 62.0713 1397.83
203.121 64.7461 3.64817 3.24002 102.813 709.036
213.052 64.4091 3.57516 3.18613 135.726 334.285
208.348 59.6572 3.65912 3.06644 180.482 442.599
225.615 58.2758 3.62531 3.11162 50.4231 679.749
197.4 66.8951 3.68111 3.2852 43.363 1047.45
209.077 63.5527 3.69165 3.11329 191.454 390.59
211.063 63.7318 3.52025 3.18785 189.96 324.79
211.768 64.9602 3.66901 3.3864 165.509 415.807
209.256 65.0304 3.6136 3.13306 153.187 490.044
211.14 63.4056 3.57956 3.16648 204.464 297.301
207.417 57.7828 3.65814 3.09873 241.991 618.596
212.138 64.8736 3.64053 3.29646 179 399.312
203.383 71.3221 3.6535 3.09087 75.4538 1203.53
234.753 71.9871 3.74853 3.27307 83.6839 1422.87
198.198 69.3641 3.64028 3.14654 73.0924 1168.04
196.822 68.4753 3.64737 3.17349 70.862 1154.72
198.806 68.6483 3.64328 3.20115 57.9226 1099.43
200.413 69.1049 3.64705 3.13554 48.6441 1083.04
205.217 69.1565 3.63003 3.13406 27.1874 963.109
209.387 69.836 3.64408 3.21601 35.6367 957.167
215.088 69.9175 3.63231 3.12476 78.4293 926.852
216.289 69.626 3.70398 3.25337 48.3154 895.133
235.93 69.3475 3.77059 3.33434 222.339 1273.01
196.917 67.6988 3.67637 3.21181 43.0926 1107.09
201.885 68.4946 3.64126 3.19047 81.8227 993.051
203.387 68.7132 3.6422 3.12707 64.9361 968.653
207.318 68.8799 3.66398 3.23011 53.3879 892.984
209.319 68.9656 3.64353 3.23171 67.1407 867.265
213.625 69.322 3.64162 3.15709 157.507 864.153
219.035 69.243 3.66665 3.22761 91.1762 867.668
221.263 69.3286 3.66504 3.22218 92.6802 901.906
198.174 67.082 3.68392 3.2665 56.2912 1026.8
199.397 67.4213 3.6759 3.2334 55.3236 1000.46
202.768 67.4572 3.64755 3.2342 75.789 887.398
206.028 68.4414 3.64593 3.13144 55.8058 878.742
208.187 68.1343 3.65567 3.1974 70.0087 802.952
210.384 68.0584 3.6288 3.13492 51.0855 757.181
211.513 68.0748 3.71381 3.24354 87.1867 744.065
214.432 68.1207 3.58426 3.06145 44.991 727.742
218.405 68.1861 3.66668 3.23418 119.117 747.044
220.465 68.6043 3.66711 3.23626 81.1772 815.058
222.103 68.3889 3.66337 3.23312 117.422 818.546
223.281 66.3701 3.66181 3.23774 190.15 655.326
193.671 65.4742 3.67998 3.27663 54.3012 1156.27
195.352 65.7077 3.67222 3.23591 51.061 1087.04
198.75 66.442 3.67528 3.29113 63.5938 971.74
200.349 66.6001 3.67356 3.26581 77.0734 917.235
202.227 66.8332 3.66828 3.26531 74.7112 862.118
204.275 67.0486 3.64463 3.18134 70.3058 808.629
206.517 67.2221 3.6398 3.22435 116.228 757.009
207.821 67.5076 3.65102 3.2397 74.4306 750.474
212.113 67.5187 3.69552 3.29445 93.2811 677.531
215.855 67.6946 3.69229 3.25302 87.8075 679.127
220.128 67.6136 3.65519 3.20307 94.8839 706.434
224.214 67.6106 3.69627 3.25542 141.938 789.559
226.258 67.441 3.70636 3.26687 175.232 831.178
195.961 64.9941 3.66342 3.26984 62.7507 1040.37
197.645 65.3936 3.67747 3.29798 56.2292 975.503
199.349 65.5011 3.68352 3.25315 52.6107 904.872
201.346 65.895 3.66575 3.19668 55.1255 839.725
202.913 66.1434 3.65899 3.29636 74.0888 792.949
206.494 66.5156 3.64252 3.20187 110.303 697.709
208.493 66.9214 3.66165 3.27833 107.551 679.734
209.976 66.7108 3.63217 3.26583 91.2609 626.776
212.525 66.7004 3.65517 3.29311 78.2978 584.759
216.215 66.9498 3.67757 3.2312 82.1021 597.01
218.345 66.8088 3.65339 3.21844 97.6941 597.189
221.978 66.9116 3.66875 3.2417 142.652 671.084
223.778 66.9808 3.69287 3.23367 189.262 722.21
225.729 66.9227 3.70948 3.253 128.442 773.821
197.761 64.6379 3.64787 3.23622 67.2658 948.314
200.087 64.937 3.64875 3.2166 83.621 850.868
201.637 65.1527 3.66845 3.29391 65.7655 791.499
203.551 65.5276 3.68006 3.21133 55.8844 731.486
205.119 65.4924 3.65355 3.24987 71.0479 668.694
207.195 65.6571 3.63087 3.25137 159.388 606.881
208.623 65.8937 3.65215 3.16024 119.022 582.789
210.457 65.8251 3.61041 3.18618 112.072 529.659
212.122 65.8371 3.67829 3.33406 151.84 498.55
214.18 66.267 3.58667 3.14685 19.1205 522.995
214.181 66.267 3.77566 3.44716 61.4794 522.989
218.473 66.2305 3.6328 3.16785 171.849 536.936
221.631 66.2191 3.65363 3.26578 160.57 597.64
225.657 65.8052 3.66974 3.16192 170.27 688.599
213.052 64.4091 3.57516 3.18613 135.726 334.285
199.305 63.8864 3.69107 3.17343 60.4939 858.421
205.522 64.7962 3.65992 3.32069 67.4983 610.205
208.018 65.18 3.62681 3.16183 132.932 542.434
210.64 65.1479 3.59734 3.2335 174.657 460.803
216.846 65.3064 3.64463 3.19453 132.207 418.681
218.385 65.6035 3.64437 3.2405 163.059 469.406
220.064 65.4483 3.62005 3.22395 155.072 486.794
221.694 65.3609 3.63045 3.22262 301.465 522.447
223.623 65.2225 3.64701 3.17501 182.548 574.639
196.446 62.7492 3.65975 3.24681 109.106 991.957
199.398 63.2842 3.68447 3.22065 95.9711 844.81
200.922 63.3965 3.69079 3.17262 59.1691 770.561
203.285 63.465 3.6839 3.21722 89.7259 656.072
204.379 63.994 3.68344 3.08724 64.708 621.117
205.853 64.1767 3.63741 3.14361 70.8099 563.045
214.63 64.613 3.73876 3.28186 92.8422 337.408
216.201 64.5654 3.63812 3.08003 34.0085 332.308
216.436 64.5012 3.64318 3.21828 221.443 326.899
221.784 64.453 3.60244 3.22027 171.816 452.462
221.784 64.4525 3.61311 3.21054 155.622 452.404
223.67 64.5753 3.62532 3.1253 176.965 532.195
195.344 61.9331 3.65226 3.24027 100.349 1055.3
198.469 62.2938 3.63606 3.22414 116.056 889.419
201.699 62.7161 3.64121 3.21805 131.456 723.422
205.93 63.3569 3.66813 3.14031 169.897 525.371
217.924 64.0292 3.5876 3.15029 293.041 299.081
222.48 63.8433 3.64527 3.13324 245.202 439.22
197.317 61.3416 3.63231 3.20626 167.689 961.257
198.513 61.678 3.62515 3.1922 120.838 892.825
200.525 61.7105 3.6199 3.19315 167.374 786.587
201.703 62.1344 3.62005 3.17024 174.241 721.893
203.311 62.2195 3.60727 3.16412 180.126 638.045
205.146 62.1816 3.61113 3.20348 243.077 542.488
206.12 62.4787 3.62528 3.21671 189.299 494.844
221.871 63.109 3.6104 3.08708 235.987 374.31
193.799 60.3849 3.63793 3.22178 134.827 1171.43
196.65 60.4135 3.64293 3.22582 121.348 1019.33
198.04 60.7515 3.63437 3.19549 182.054 936.134
199.312 60.6947 3.6272 3.19164 172.595 870.141
201.041 61.0224 3.6143 3.19648 249.872 770.517
202.562 61.4009 3.60362 3.16522 222.001 682.952
204.176 61.4907 3.59412 3.12964 196.568 596.31
205.609 61.9037 3.58878 3.15815 270.218 517.836
206.868 61.8823 3.57857 3.13399 264.208 451.612
221.538 62.4435 3.60783 3.13516 343.873 334.379
223.206 62.5763 3.6315 3.11752 276.742 421.53
225.609 62.2024 3.65752 3.19049 228.101 540.063
198.315 59.9237 3.63488 3.20988 144.777 947.111
199.908 60.1686 3.62524 3.2181 184.349 854.26
201.231 60.4742 3.61349 3.20609 279.89 774.487
202.813 60.5269 3.61224 3.17715 184.19 689.125
204.11 60.6801 3.60604 3.17653 363.645 616.079
205.516 60.8132 3.58843 3.12955 360.014 538.106
207.791 61.2001 3.56331 3.12819 223.69 408.838
222.911 61.4593 3.55635 3.10457 250.103 399.622
224.22 61.4862 3.57739 3.14623 222.549 468.77
226.918 61.1512 3.61689 3.20934 192.887 616.962
198.736 59.2533 3.64226 3.18564 151.745 951.56
200.175 59.1767 3.6544 3.20241 114.518 879.737
201.907 59.5938 3.6416 3.17228 197.676 770.973
202.905 59.7733 3.63383 3.15926 271.874 711.343
204.792 59.8542 3.63168 3.12763 195.741 610.134
205.68 60.1952 3.61688 3.10464 219.318 549.991
207.376 60.0815 3.6162 3.03116 224.118 467.905
210.276 60.4814 3.6667 3.18017 358.834 303.894
221.424 60.3024 3.54001 2.90533 198.96 357.041
223.909 60.7704 3.55568 3.12861 231.597 466.618
190.452 56.6011 3.67196 3.23205 46.9948 1522.83
202.009 59.0314 3.6417 3.11887 131.857 791.965
203.561 59.1953 3.63897 3.09839 146.025 704.569
204.771 59.3922 3.63479 3.05914 149.512 633.257
206.768 59.6524 3.62141 3.0326 174.68 519.783
223.04 60.1218 3.56104 3.04036 239.503 446.467
226.285 59.5898 3.62225 3.12402 244.719 636.286
227.183 60.2114 3.6044 3.18707 203.368 656.877
212.566 65.1171 3.63901 3.21715 142.105 416.188
203.344 58.6774 3.63325 3.11027 124.142 743.663
204.113 58.2637 3.64182 3.15 168.443 731.366
204.991 58.6484 3.63609 3.10078 129.656 664.833
206.355 58.9287 3.62181 3.14169 178.271 582.099
207.606 58.6097 3.63685 3.1658 326.423 546.633
227.731 58.9601 3.6346 3.12984 151.688 741.583
202.426 57.5673 3.64519 3.20352 224.289 857.891
203.613 57.6397 3.65116 3.17501 126.742 796.867
205.548 57.5665 3.6315 3.08578 119.425 714.593
224.26 58.4133 3.64972 3.25141 41.229 608.05
225.482 58.2747 3.62323 3.25482 29.0506 673.619
229.033 59.3946 3.64005 3.1838 210.42 786.845
197.939 55.703 3.65637 3.20132 59.0536 1202.47
200.447 56.2848 3.64565 3.16031 61.8555 1041.39
223.768 57.9616 3.70636 3.30618 75.2437 620.174
225.424 57.4688 3.72672 3.27274 37.7776 729.37
228.869 57.9128 3.63883 3.15231 103.346 859.241
229.75 56.9811 3.64283 3.16656 80.6046 963.323
212.138 64.8735 3.64963 3.32179 155.539 399.306
210.428 68.6408 3.64102 3.16553 71.1613 817.721
226.879 56.1146 3.73491 3.3825 43.9556 899.273
228.385 55.3279 3.72052 3.48472 46.7616 1027.72
211.063 63.7323 3.52047 3.18805 189.96 324.81
211.14 63.4057 3.57958 3.16649 204.464 297.302
