# evlo=202.905396 evla=59.7733
225.449 60.24 3.643 3.19147 66.3508 1252.63
194.627 64.5646 3.67771 3.3177 113.283 685.342
217.908 60.4896 3.64089 3.16769 111.132 835.82
217.654 61.036 3.63507 3.18038 172.981 823.134
217.507 60.403 3.64456 3.20831 110.75 813.93
218.338 61.0595 3.63096 3.17769 188.3 860.175
220.363 59.9534 3.65615 3.19692 135.454 975.523
216.3 60.3932 3.65559 3.22831 143.781 747.403
225.144 58.5792 3.73345 3.38639 104.989 1272.49
216.716 60.1205 3.67216 3.22379 112.75 771.418
215.395 60.9677 3.63871 3.17045 217.391 700.7
209.013 64.0997 3.708 3.40274 213.287 578.502
209.094 59.7511 3.64955 3.29341 224.661 347.665
209.259 59.7417 3.64938 3.28621 259.905 356.981
210.701 64.1732 3.72671 3.35849 177.515 637.516
208.846 60.7683 3.67465 3.24252 300.907 346.82
207.916 63.4188 3.69921 3.35849 223.226 485.272
212.195 64.6453 3.71655 3.27046 152.534 725.561
200.411 54.831 3.69609 3.23284 154.441 570.471
207.685 63.8827 3.71067 3.37413 189.038 522.316
208.763 59.5251 3.66772 3.35206 301.48 331.337
209.796 67.2269 3.70706 3.27965 103.131 897.658
216.907 60.7523 3.64247 3.18535 134.426 781.207
218.66 60.9649 3.63809 3.17073 228.625 877.164
209.738 62.4058 3.63873 3.20996 196.468 470.693
217.513 60.0823 3.65561 3.22668 105.255 815.927
212.624 63.0753 3.65962 3.3094 184.497 635.02
214.225 61.1292 3.62624 3.1429 191.626 640.181
215.93 63.6482 3.65811 3.24701 102.631 810.848
214.25 60.5487 3.6437 3.21587 247.015 635.031
196.582 54.8564 3.68442 3.25757 102.464 666.454
213.401 60.7277 3.6404 3.19315 212.062 590.215
209.784 61.1426 3.64419 3.16085 284.204 407.834
214.766 66.5657 3.75709 3.36482 94.5962 961.193
188.296 63.7758 3.70699 3.32457 78.1449 887.891
203.121 64.7461 3.73496 3.34486 141.38 554.328
211.074 61.771 3.63998 3.17554 247.928 497.227
216.188 61.4417 3.62919 3.13883 185.768 749.438
212.904 60.8792 3.63639 3.18572 248.367 565.397
215.271 60.5805 3.64202 3.20693 146.662 691.118
216.679 60.2805 3.66542 3.24253 137.895 768.609
218.244 60.7315 3.63773 3.16958 116.411 854.061
213.052 64.4091 3.68996 3.25464 173.344 738.596
213.497 60.396 3.65755 3.21185 168.075 592.887
215.738 60.3351 3.65802 3.21912 166.826 716.459
208.348 59.6572 3.64325 3.3165 302.503 306.518
217.659 60.6024 3.64634 3.17065 132.096 822.031
215.581 59.9268 3.67939 3.27122 141.865 709.628
216.749 60.4427 3.65232 3.21099 169.239 772.111
217.639 60.9231 3.63723 3.16992 183.178 821.721
214.077 61.4924 3.6337 3.17225 254.309 639.817
211.542 61.4131 3.63422 3.15229 291.054 506.813
197.4 66.8951 3.70373 3.41206 41.1843 839.598
209.077 63.5527 3.69711 3.3691 211.7 532.686
218.995 60.824 3.64167 3.17074 184.779 895.059
216.976 61.3836 3.63049 3.16839 194.152 790.293
211.063 63.7318 3.68116 3.21199 220.317 615.781
211.768 64.9602 3.74454 3.436 181.575 736.635
218.049 60.1785 3.64865 3.17612 137.798 844.997
209.256 65.0304 3.70597 3.37679 170.784 670.909
210.931 64.5928 3.7285 3.42309 177.867 679.539
216.031 60.2361 3.66658 3.22665 122.666 732.888
191.145 52.9721 3.7174 3.32636 142.176 1046.64
217.533 61.1871 3.63519 3.16839 184.838 817.8
218.652 60.2994 3.63217 3.16227 76.7677 877.561
211.14 63.4056 3.66139 3.21341 176.576 595.037
219.217 60.1294 3.64794 3.19123 153.521 910.076
216.221 60.072 3.67603 3.23491 152.019 744.224
218.856 60.4399 3.63547 3.15793 143.747 888.067
216.546 61.2275 3.63487 3.17077 241.222 765.39
207.417 57.7828 3.5905 3.18767 128.897 342.293
212.138 64.8736 3.73218 3.34772 135.573 741.643
198.929 70.2043 3.64874 3.18162 75.6537 1177.39
203.383 71.3221 3.7067 3.21553 85.1452 1287.85
205.026 71.0033 3.69484 3.2566 146.709 1255.79
234.753 71.9871 3.70247 3.28073 53.3573 1947.9
198.198 69.3641 3.66769 3.25504 84.8876 1091.98
202.84 70.0079 3.69756 3.23471 66.5163 1141.05
205.387 69.6211 3.68051 3.26249 104.728 1104.03
206.58 70.34 3.68721 3.22584 113.607 1190.2
194.656 68.2746 3.70221 3.24178 50.8666 1027.85
196.822 68.4753 3.71251 3.36378 86.996 1013.15
198.806 68.6483 3.67053 3.26352 103.055 1008.66
200.413 69.1049 3.66582 3.17283 56.7512 1047
205.217 69.1565 3.68127 3.26459 84.3798 1051.78
209.387 69.836 3.70978 3.2112 118.28 1161.82
211.299 69.72 3.70082 3.22388 86.5517 1176.2
215.088 69.9175 3.67894 3.23807 73.6888 1264.67
216.289 69.626 3.70145 3.29321 147.325 1264.19
235.93 69.3475 3.7768 3.31444 80.4969 1873.06
196.917 67.6988 3.71223 3.3062 69.334 930.639
203.387 68.7132 3.69526 3.32415 108.823 996.883
207.318 68.8799 3.71653 3.24567 99.0693 1036.74
209.319 68.9656 3.71015 3.27208 116.826 1069.15
211.177 69.1532 3.69594 3.19839 91.0054 1116.54
213.625 69.322 3.68471 3.2341 77.7567 1178.26
219.035 69.243 3.72207 3.36075 70.761 1300.92
198.174 67.082 3.69422 3.36072 106.005 847.65
199.397 67.4213 3.67439 3.23956 71.6978 869.778
202.768 67.4572 3.70796 3.37244 93.114 856.553
203.811 68.2575 3.69897 3.32497 80.5781 946.799
206.028 68.4414 3.70846 3.27537 90.1322 977.9
208.187 68.1343 3.71776 3.29859 97.4671 966.468
210.384 68.0584 3.69903 3.27182 85.804 992.157
211.513 68.0748 3.69774 3.26074 111.027 1015.01
214.432 68.1207 3.71424 3.41494 173.978 1084.75
218.405 68.1861 3.74677 3.40185 92.1432 1199.44
222.103 68.3889 3.70889 3.38324 58.7909 1330.62
223.281 66.3701 3.7085 3.31714 148.167 1256.12
193.671 65.4742 3.68421 3.34193 58.3469 791.01
198.75 66.442 3.68232 3.33792 130.16 771.933
200.349 66.6001 3.67653 3.24542 73.8827 771.59
202.227 66.8332 3.71263 3.44755 103.96 787.659
204.275 67.0486 3.71484 3.32503 128.592 813.788
206.517 67.2221 3.72066 3.33408 126.518 849.214
207.821 67.5076 3.71908 3.30052 117.99 895.223
212.113 67.5187 3.70592 3.34572 138.295 974.179
214.357 67.5933 3.727 3.4524 113.961 1036.11
215.855 67.6946 3.73667 3.43795 113.462 1085.71
220.128 67.6136 3.71526 3.36967 52.9072 1212.55
224.214 67.6106 3.7265 3.2825 119.692 1356.92
226.258 67.441 3.7342 3.29847 115.696 1425.48
199.349 65.5011 3.68192 3.25912 108.667 663.696
201.346 65.895 3.7065 3.36137 91.6585 686.872
202.913 66.1434 3.71773 3.35763 110.142 710.014
206.494 66.5156 3.72673 3.32913 177.489 772.681
208.493 66.9214 3.73868 3.2935 118.054 843.651
209.976 66.7108 3.7093 3.30315 123.802 849.777
212.525 66.7004 3.71168 3.47927 186.221 908.761
213.899 66.7653 3.73568 3.45316 97.6841 952.067
216.215 66.9498 3.74734 3.3406 86.0736 1036.58
218.345 66.8088 3.7207 3.31134 105.314 1096.53
221.978 66.9116 3.71588 3.2998 120.941 1234.28
223.778 66.9808 3.72214 3.30777 125.544 1306.64
225.729 66.9227 3.72972 3.2953 93.3038 1380.38
200.087 64.937 3.67401 3.19415 108.574 593.566
201.637 65.1527 3.7171 3.35795 108.668 603.08
203.551 65.5276 3.72822 3.38613 119.259 642.193
205.119 65.4924 3.73329 3.32776 164.515 647.363
207.195 65.6571 3.73639 3.35467 212.709 691.152
208.623 65.8937 3.71776 3.35862 157.55 741.073
210.457 65.8251 3.6986 3.37282 125.943 775.59
212.122 65.8371 3.73939 3.43232 179.018 821.512
214.181 66.267 3.76333 3.38883 100.897 919.066
218.473 66.2305 3.6971 3.32227 126.117 1062.53
221.631 66.2191 3.71173 3.2995 122.758 1182.6
225.657 65.8052 3.71247 3.29377 73.2901 1330.83
214.843 62.3987 3.62089 3.14831 227.335 706.126
213.052 64.4091 3.68996 3.25464 173.344 738.596
199.305 63.8864 3.69391 3.29074 101.101 495.892
205.522 64.7962 3.74168 3.34911 117.67 575.916
208.018 65.18 3.72029 3.33808 102.91 657.259
210.64 65.1479 3.72531 3.43945 211.608 718.698
216.846 65.3064 3.69991 3.32614 128.972 942.48
218.385 65.6035 3.6991 3.32895 167.064 1020.31
220.064 65.4483 3.70083 3.27276 112.653 1078.91
221.694 65.3609 3.69936 3.26251 159.045 1142.67
223.623 65.2225 3.69066 3.25965 86.548 1220.25
196.446 62.7492 3.6586 3.4192 97.8276 479.295
199.398 63.2842 3.72138 3.34341 126.037 433.324
200.922 63.3965 3.6887 3.33393 114.532 417.224
203.285 63.465 3.72803 3.34662 165.362 411.89
204.379 63.994 3.70999 3.33846 167.776 476.676
205.853 64.1767 3.71572 3.34583 127.257 514.373
214.63 64.613 3.68422 3.29936 165.943 812.388
216.436 64.5012 3.67785 3.26617 150.529 877.884
221.784 64.453 3.66716 3.26043 79.6754 1109.12
221.784 64.4525 3.66481 3.26253 95.5652 1109.07
223.67 64.5753 3.65802 3.24342 117.967 1199.43
195.344 61.9331 3.6599 3.30413 116.416 475.844
198.469 62.2938 3.69608 3.11118 82.426 369.125
201.699 62.7161 3.71419 3.29698 104.236 334.25
205.93 63.3569 3.74497 3.37778 205.851 430.369
214.222 63.8036 3.66156 3.26746 206.504 745.405
217.924 64.0292 3.65661 3.26784 144.188 917.713
222.48 63.8433 3.66268 3.27895 129.268 1121.53
197.317 61.3416 3.66509 3.18132 114.416 352.704
198.513 61.678 3.62939 3.30797 137.298 320.034
205.146 62.1816 3.73259 3.45186 326.399 294.454
206.12 62.4787 3.72731 3.38941 307.008 347.609
216.652 63.0254 3.63714 3.23296 152.315 816.793
218.173 63.0618 3.63839 3.25723 181.024 890.947
221.871 63.109 3.64494 3.21941 151.038 1073.19
193.799 60.3849 3.71291 3.28262 146.313 511.067
196.65 60.4135 3.72008 3.29 215.007 355.155
206.868 61.8823 3.66126 3.38973 316.311 318.791
209.88 61.7531 3.66497 3.28666 269.298 439.199
212.274 61.7929 3.63384 3.12671 260.044 557.112
213.825 62.1067 3.61975 3.11572 222.366 645.503
217.004 62.4013 3.61459 3.14271 217.936 813.098
218.122 62.3579 3.61204 3.12138 265.622 868.189
221.538 62.4435 3.62048 3.15946 199.356 1043.63
223.206 62.5763 3.6321 3.19533 144.363 1130.81
225.609 62.2024 3.6378 3.19206 184.059 1251.4
207.791 61.2001 3.6706 3.2614 302.271 312.012
215.402 61.6061 3.63383 3.15926 271.874 711.343
222.911 61.4593 3.61533 3.12141 132.809 1106.92
224.22 61.4862 3.61863 3.13212 175.692 1176.71
226.918 61.1512 3.63536 3.13472 148.921 1322.45
210.276 60.4814 3.63515 3.21291 268.058 416.984
219.809 60.7718 3.63232 3.15655 179.224 939.402
221.424 60.3024 3.64082 3.14165 134.383 1030.46
223.909 60.7704 3.62803 3.13343 152.331 1162.65
190.452 56.6011 3.74151 3.37145 115.891 811.653
212.597 59.9979 3.67227 3.27333 278.066 542.741
222.262 59.6304 3.66936 3.2583 129.243 1086.04
223.04 60.1218 3.64428 3.18018 147.101 1121.61
226.285 59.5898 3.66444 3.2447 120.364 1310.44
227.183 60.2114 3.65011 3.21429 128.373 1348.21
212.566 65.1171 3.73301 3.38124 139.042 775.182
207.606 58.6097 3.73553 3.23854 174.051 298.203
213.66 59.4296 3.69327 3.30551 145.189 607.85
227.731 58.9601 3.70161 3.31623 85.1804 1406.26
229.033 59.3946 3.67116 3.2661 97.4241 1467.21
197.939 55.703 3.71764 3.3667 213.947 540.976
200.447 56.2848 3.69364 3.25471 169.419 414.739
223.768 57.9616 3.78065 3.47881 87.2319 1215.22
225.424 57.4688 3.79249 3.50814 131.359 1326.56
228.869 57.9128 3.74177 3.41493 108.9 1503.36
227.048 56.8144 3.8141 3.55587 69.0444 1444.97
229.75 56.9811 3.77389 3.47485 69.4001 1589.57
212.138 64.8735 3.73414 3.34211 123.576 741.628
210.428 68.6408 3.69888 3.23962 128.237 1052.07
226.879 56.1146 3.84293 3.64217 74.1288 1467.98
229.974 55.9154 3.81611 3.55481 52.8498 1651.12
228.385 55.3279 3.84746 3.66785 83.4545 1592.22
227.653 56.4191 3.81927 3.59104 95.3795 1496.84
209.931 62.7622 3.09937 2.71865 212.03 502.507
211.063 63.7323 3.68149 3.21228 220.317 615.837
211.14 63.4057 3.66143 3.21344 176.576 595.043
218.547 60.1369 4.00839 4.0508 146.515 872.874
217.908 60.4896 3.64089 3.16769 111.132 835.82
217.507 60.403 3.64456 3.20831 110.75 813.93
218.338 61.0595 3.63099 3.17771 188.3 860.181
216.296 60.3923 3.65468 3.2275 143.781 747.217
216.716 60.1205 3.67216 3.22379 112.75 771.418
215.271 60.5805 3.64202 3.20693 146.662 691.118
216.679 60.2805 3.66542 3.24253 137.895 768.609
218.244 60.7315 3.63773 3.16958 116.411 854.061
217.659 60.602 3.64622 3.17055 132.096 822.004
216.749 60.4427 3.65232 3.21099 169.239 772.111
217.639 60.9231 3.63718 3.16988 183.178 821.71
218.995 60.8241 3.64167 3.17074 184.779 895.059
216.976 61.3836 3.63049 3.16839 194.152 790.293
218.049 60.1785 3.64865 3.17612 137.798 844.997
216.031 60.2361 3.66658 3.22665 122.666 732.888
217.533 61.187 3.63523 3.16843 184.838 817.81
218.652 60.2994 3.63217 3.16227 76.7677 877.561
219.217 60.1294 3.64794 3.19123 153.521 910.076
216.221 60.072 3.67603 3.23491 152.019 744.224
218.856 60.4399 3.63547 3.15793 143.747 888.067
216.546 61.2275 3.63487 3.17077 241.222 765.39
