# evlo=213.660095 evla=59.4296
194.627 64.5646 3.68941 3.25108 77.337 1143.45
218.338 61.0595 3.65072 3.20477 339.609 316.275
220.363 59.9534 3.67962 3.20884 242.519 381.817
225.144 58.5792 3.78256 3.62577 119.466 665.867
209.013 64.0997 3.68738 3.20111 60.3464 575.04
210.701 64.1732 3.6528 3.06203 74.5713 551.044
208.846 60.7683 3.76301 3.18972 284.816 306.444
207.916 63.4188 3.67297 3.25904 87.2 539.608
212.195 64.6453 3.69653 3.23125 49.9436 586.264
204.378 55.8218 3.73291 3.32771 123.102 683.894
200.411 54.831 3.6757 3.16414 147.92 949.332
207.685 63.8827 3.67927 3.3014 110.571 588.108
209.796 67.2269 3.69176 3.17727 70.8373 890.006
218.66 60.9649 3.66334 3.12793 274.635 325.71
209.738 62.4058 3.7553 3.28023 129.618 393.873
212.624 63.0753 3.73794 3.15344 76.7578 410.026
215.93 63.6482 3.62459 3.09809 150.228 485.293
196.582 54.8564 3.68747 3.20469 61.7189 1148.05
214.766 66.5657 3.69678 3.18902 84.6955 797.334
188.296 63.7758 3.69949 3.26529 67.4083 1419.32
203.121 64.7461 3.65351 3.20817 75.6366 806.887
211.074 61.771 3.65623 3.2364 154.003 296.821
213.052 64.4091 3.67598 3.19989 62.0575 555.848
208.348 59.6572 3.6779 3.32197 244.595 301.448
197.4 66.8951 3.66323 3.25266 48.6521 1161.1
209.077 63.5527 3.70643 3.17112 73.9792 520.009
218.995 60.824 3.6778 3.10654 356.086 334.65
211.063 63.7318 3.63063 3.09358 99.6052 498.783
209.256 65.0304 3.74937 3.2392 68.1151 664.509
210.931 64.5928 3.62876 3.10636 100.108 592.771
214.53 62.9699 3.64384 3.07201 170.643 397.257
219.747 60.0959 3.66198 3.2233 250.657 349.931
220.599 59.667 3.67531 3.26811 198.286 393.144
214.475 65.5174 3.69076 3.16696 81.1603 679.789
207.811 62.8962 3.65761 3.12164 100.988 497.968
218.652 60.2994 3.66094 3.13271 171.289 295.922
211.14 63.4056 3.65333 3.15926 74.2822 462.965
219.217 60.1294 3.67207 3.20942 273.217 321.629
218.856 60.4399 3.67387 3.1115 227.054 311.426
207.417 57.7828 3.73486 3.18778 196.697 406.445
212.138 64.8736 3.67026 3.21396 57.2175 611.84
203.383 71.3221 3.67671 3.18393 57.9442 1404.85
205.026 71.0033 3.63883 3.17113 36.9665 1348.96
234.753 71.9871 3.7219 3.21368 92.4151 1682.57
205.387 69.6211 3.65556 3.14974 39.258 1201.05
194.656 68.2746 3.65822 3.20522 47.0598 1347.7
200.413 69.1049 3.674 3.18464 33.2202 1249.18
205.217 69.1565 3.66338 3.17596 45.996 1156.33
211.299 69.72 3.68003 3.12416 87.461 1152.57
215.088 69.9175 3.67829 3.27413 32.5009 1171.16
216.289 69.626 3.69592 3.20866 50.646 1143.45
235.93 69.3475 3.73658 3.28873 184.158 1524.79
201.885 68.4946 3.67991 3.14717 48.9797 1159.17
209.319 68.9656 3.6919 3.04919 47.4788 1083.11
211.177 69.1532 3.67282 3.13707 100.537 1090.41
213.625 69.322 3.63336 3.18412 44.5591 1102.82
219.035 69.243 3.6526 3.18483 60.9745 1123.39
221.263 69.3286 3.66365 3.19967 65.8819 1160.88
198.174 67.082 3.64876 3.21222 40.9165 1148.12
199.397 67.4213 3.66935 3.25158 43.0987 1134.9
202.768 67.4572 3.68435 3.17511 57.8921 1043.61
206.028 68.4414 3.66223 3.14982 39.3559 1070.15
208.187 68.1343 3.66478 3.14066 32.6614 1006.22
210.384 68.0584 3.68818 3.15387 69.5563 975.04
211.513 68.0748 3.65515 3.16341 83.856 969.362
214.432 68.1207 3.70969 3.26956 42.5129 969.547
218.405 68.1861 3.66369 3.18914 61.7933 1002.99
220.465 68.6043 3.65158 3.1919 96.6307 1073.98
222.103 68.3889 3.6587 3.1518 83.5502 1079.01
223.281 66.3701 3.65259 3.18655 254.814 913.037
193.671 65.4742 3.68565 3.28605 58.6552 1224.02
195.352 65.7077 3.66256 3.2208 47.0745 1165.84
198.75 66.442 3.64684 3.21311 47.3152 1082.94
204.275 67.0486 3.69605 3.20184 41.7493 969.075
206.517 67.2221 3.67378 3.22335 75.1765 938.023
207.821 67.5076 3.65748 3.24039 51.5189 945.332
212.113 67.5187 3.63998 3.16641 75.7839 904.897
214.357 67.5933 3.71349 3.21343 65.07 910.643
215.855 67.6946 3.68992 3.20012 79.0552 927.579
220.128 67.6136 3.64733 3.16031 103.108 966.147
224.214 67.6106 3.67696 3.17281 97.9832 1049.15
226.258 67.441 3.6822 3.18823 171.928 1087.78
195.961 64.9941 3.66369 3.2209 44.5303 1104.35
197.645 65.3936 3.6579 3.21499 56.585 1056.49
199.349 65.5011 3.65451 3.18093 33.1838 997.407
201.346 65.895 3.6396 3.21456 37.3124 954.616
202.913 66.1434 3.68579 3.21186 30.6441 925.162
206.494 66.5156 3.69157 3.27477 67.2513 868.129
208.493 66.9214 3.67439 3.15576 56.3388 873.958
209.976 66.7108 3.71006 3.20014 119.5 832.309
213.899 66.7653 3.71933 3.23394 85.8912 817.741
216.215 66.9498 3.67996 3.19248 75.7179 847.862
218.345 66.8088 3.64744 3.18351 99.861 855.225
221.978 66.9116 3.65677 3.16715 132.916 931.479
223.778 66.9808 3.67196 3.18926 128.171 980.974
225.729 66.9227 3.67739 3.17813 111.861 1029.22
197.761 64.6379 3.66653 3.21231 74.2781 1010.15
200.087 64.937 3.66195 3.16389 52.5254 932.792
201.637 65.1527 3.65997 3.22351 50.6274 889.512
203.551 65.5276 3.66851 3.2213 49.4797 854.465
205.119 65.4924 3.66054 3.20176 46.8427 805.223
207.195 65.6571 3.69457 3.34121 84.2408 768.782
210.457 65.8251 3.67938 3.18019 126.823 731.282
212.122 65.8371 3.64315 3.2334 53.3034 718.441
214.181 66.267 3.68799 3.21393 90.4897 762.541
218.473 66.2305 3.62595 3.12317 111.903 796.158
221.631 66.2191 3.64003 3.17293 123.748 857.419
225.657 65.8052 3.6447 3.17477 119.41 937.224
214.843 62.3987 3.65186 3.07117 196.439 336.994
213.052 64.4091 3.67598 3.19989 62.0575 555.848
199.305 63.8864 3.66956 3.23413 75.7486 905.289
208.018 65.18 3.67732 3.27011 99.7874 703.907
210.64 65.1479 3.65449 3.16002 127.311 656.112
216.846 65.3064 3.64023 3.15134 144.123 675.202
218.385 65.6035 3.62178 3.12376 156.125 729.375
220.064 65.4483 3.61571 3.15822 130.415 747.033
221.694 65.3609 3.62077 3.18101 165.601 779.452
223.623 65.2225 3.62946 3.1386 136.744 824.822
196.446 62.7492 3.66559 3.21338 61.6933 995.944
199.398 63.2842 3.67773 3.20864 92.0253 872.902
200.922 63.3965 3.66952 3.20931 66.7027 809.087
203.285 63.465 3.64559 3.18014 74.0114 711.692
204.379 63.994 3.63361 3.0806 57.7994 705.607
205.853 64.1767 3.65419 3.14086 103.376 669.366
214.63 64.613 3.68395 3.16086 109.3 579.878
216.201 64.5654 3.67861 3.06114 26.4866 587.524
216.436 64.5012 3.63492 3.11616 115.326 583.524
221.784 64.453 3.60428 3.14001 136.49 702.661
221.784 64.4525 3.60676 3.16479 118.949 702.599
223.67 64.5753 3.61757 3.14598 151.713 775.373
195.344 61.9331 3.67078 3.219 43.1899 1035.13
198.469 62.2938 3.65624 3.17229 82.0488 882.481
201.699 62.7161 3.67056 3.21217 76.567 740.727
205.93 63.3569 3.64889 3.12498 97.4587 601.016
214.222 63.8036 3.67176 3.14997 128.134 488.339
217.924 64.0292 3.57934 3.0846 181.207 559.663
222.48 63.8433 3.62116 3.18271 175.726 677.537
197.317 61.3416 3.7029 3.26066 70.2082 923.472
198.513 61.678 3.70855 3.19086 43.9026 865.685
200.525 61.7105 3.68465 3.17342 72.5307 762.2
201.703 62.1344 3.65654 3.09978 71.8928 716.35
203.311 62.2195 3.644 3.14071 80.0615 642.119
205.146 62.1816 3.6455 3.13912 163.243 555.092
206.12 62.4787 3.66414 3.2362 118.334 530.794
216.652 63.0254 3.5883 2.99655 127.883 431.614
218.173 63.0618 3.56054 3.03751 228.878 471.459
221.871 63.109 3.61613 3.20219 245.484 600.969
193.799 60.3849 3.69177 3.24111 80.6149 1112.16
196.65 60.4135 3.68949 3.25033 109.045 954.986
198.04 60.7515 3.69332 3.22599 107.074 879.42
199.312 60.6947 3.68464 3.27281 91.7917 809.772
201.041 61.0224 3.69683 3.22456 115.526 720.264
202.562 61.4009 3.71799 3.12639 77.458 648.747
204.176 61.4907 3.70206 3.06389 55.0557 569.472
205.609 61.9037 3.64196 3.10529 109.824 518.865
206.868 61.8823 3.63294 3.19167 171.128 460.788
213.825 62.1067 3.74191 3.10887 142.278 298.431
217.004 62.4013 3.5512 2.95615 209.661 377.444
218.122 62.3579 3.56314 3.07945 288.008 406.18
221.538 62.4435 3.61223 3.16501 213.406 542.69
223.206 62.5763 3.62242 3.1663 203.871 623.302
225.609 62.2024 3.63453 3.14927 213.778 718.528
198.315 59.9237 3.67526 3.26822 127.054 864.41
199.908 60.1686 3.67732 3.29135 127.202 774.968
201.231 60.4742 3.67997 3.28176 139.584 703.131
202.813 60.5269 3.66862 3.25751 117.326 617.109
204.11 60.6801 3.69299 3.21524 167.245 549.387
205.516 60.8132 3.69364 3.16175 152.786 477.91
207.791 61.2001 3.71246 3.04771 112.142 379.442
222.911 61.4593 3.61547 3.09372 182.793 556.607
224.22 61.4862 3.62416 3.11664 255.942 623.771
226.918 61.1512 3.6598 3.17842 105.554 756.513
198.736 59.2533 3.67119 3.27485 101.261 847.693
200.175 59.1767 3.67772 3.28144 122.44 767.413
201.907 59.5938 3.68267 3.31301 159.595 664.857
202.905 59.7733 3.69327 3.30551 145.189 607.85
204.792 59.8542 3.67784 3.31794 156.23 502.028
205.68 60.1952 3.68239 3.20594 214.514 455.566
207.376 60.0815 3.68425 3.19054 232.456 360.477
219.809 60.7718 3.65905 3.10063 301.886 373.16
221.424 60.3024 3.65652 3.13127 257.279 445.457
223.909 60.7704 3.65724 3.15411 208.482 588.748
190.452 56.6011 3.72259 3.35596 49.9301 1399.73
202.009 59.0314 3.67731 3.26403 194.06 665.767
203.561 59.1953 3.67708 3.2878 158.214 575.242
204.771 59.3922 3.67269 3.30864 201.463 504.456
206.768 59.6524 3.67123 3.24617 221.671 390.501
222.262 59.6304 3.6654 3.32818 175.424 486.945
223.04 60.1218 3.65101 3.19774 250.137 532.096
226.285 59.5898 3.68418 3.33427 123.592 714.03
227.183 60.2114 3.67932 3.24682 170.998 762.257
212.566 65.1171 3.69261 3.19108 75.9819 636.383
203.344 58.6774 3.67945 3.24084 192.517 597.256
204.113 58.2637 3.67925 3.18176 215.95 565.687
204.991 58.6484 3.66671 3.18001 223.614 504.844
206.355 58.9287 3.65739 3.16325 274.746 421.149
207.606 58.6097 3.70845 3.22156 291.508 359.425
227.731 58.9601 3.72942 3.50491 138.394 804.338
202.426 57.5673 3.69089 3.16056 220.97 686.144
203.613 57.6397 3.69227 3.12951 114.014 617.552
205.548 57.5665 3.68374 3.14104 84.0722 516.12
224.26 58.4133 3.81439 3.68825 118.021 620.335
229.033 59.3946 3.69523 3.34277 159.12 871.03
197.939 55.703 3.66591 3.17847 103.168 1025.11
200.447 56.2848 3.66389 3.21598 114.88 857.177
225.424 57.4688 3.85876 3.68936 102.817 719.648
212.138 64.8735 3.61114 3.22293 25.7778 611.83
210.428 68.6408 3.68067 3.13855 63.7827 1038.56
229.974 55.9154 3.861 3.80755 53.1422 1045.84
211.063 63.7323 3.63096 3.09386 99.6052 498.828
211.14 63.4057 3.65337 3.15929 74.2822 462.97
218.338 61.0595 3.65077 3.20482 339.609 316.28
218.995 60.8241 3.67785 3.10659 356.086 334.655
218.652 60.2994 3.66094 3.13271 171.289 295.922
219.217 60.1294 3.67207 3.20942 273.217 321.629
218.856 60.4399 3.67387 3.1115 227.054 311.426
