# evlo=218.6521 evla=60.159199
226.475 68.3065 3.73664 3.17105 57.1314 982.579
207.417 57.7828 3.70667 3.23541 100.671 697.32
212.138 64.8736 3.60993 3.22153 86.3155 622.728
209.518 60.7352 3.64497 3.21512 54.803 506.463
208.723 60.6622 3.64041 3.11148 30.6883 549.491
212.047 60.7098 3.61428 3.17707 63.661 368.716
209.968 60.4881 3.62246 3.15508 48.6193 480.855
208.919 60.4641 3.64389 3.12362 48.1847 538.596
210.813 60.8045 3.65139 3.16905 66.2476 436.737
209.518 60.7351 3.64481 3.21497 54.803 506.44
