# evlo=226.693298 evla=60.483398
217.507 60.403 3.63837 3.2201 42.2848 505.398
216.3 60.3932 3.62099 3.16098 78.6655 571.773
216.679 60.2805 3.62751 3.13586 60.5192 552.272
216.749 60.4427 3.62873 3.19948 57.257 546.618
216.031 60.2361 3.62913 3.11837 44.7444 588.495
216.221 60.072 3.65019 3.16144 49.7885 580.641
235.766 58.6528 3.72999 3.37628 72.3603 551.346
235.227 58.6614 3.73857 3.35854 53.7255 522.817
234.769 58.8471 3.72076 3.38825 110.29 489.894
234.233 58.9305 3.70992 3.36803 87.2133 458.007
233.891 59.4223 3.71983 3.36423 30.163 418.983
233.05 59.6548 3.71399 3.44405 41.7567 365.637
232.224 60.0057 3.72875 3.4659 107.907 310.835
237.284 58.3883 3.73681 3.37191 33.5737 643.821
237.286 58.0965 3.74163 3.34111 38.5662 658.701
237.012 57.7103 3.74195 3.3202 89.0877 666.221
237.146 57.39 3.72876 3.29565 60.3191 692.416
237.423 57.0779 3.72745 3.2731 49.0349 726.082
198.722 65.4015 3.7455 3.32166 17.7878 1506.76
211.164 69.0223 3.74403 3.2541 18.2804 1198.14
211.449 65.522 3.72244 3.37543 38.0715 951.013
211.554 70.2036 3.70157 3.20051 50.9379 1284.93
204.534 64.74 3.75576 3.36621 28.5217 1224.61
231.479 54.262 3.66964 3.23978 16.5682 749.821
231.681 55.018 3.68933 3.15322 19.1111 676.831
232.267 55.179 3.64675 3.16626 15.0199 676.706
232.385 55.267 3.65339 3.21315 19.5712 671.457
232.359 55.411 3.66069 3.30179 24.5475 656.533
232.644 52.2602 3.68058 3.2471 21.0197 985.743
232.744 52.294 3.67285 3.26373 21.7465 984.502
232.847 52.3171 3.67342 3.26572 29.0187 984.479
233.021 52.3437 3.64687 3.34715 15.6495 985.847
233.165 52.3901 3.66388 3.37635 16.6354 984.536
217.507 60.403 3.63837 3.2201 42.2848 505.398
216.296 60.3923 3.62223 3.16207 78.6655 571.97
216.679 60.2805 3.62751 3.13586 60.5192 552.272
216.749 60.4427 3.62873 3.19948 57.257 546.618
216.031 60.2361 3.62913 3.11837 44.7444 588.495
216.221 60.072 3.65019 3.16144 49.7885 580.641
