# evlo=210.418304 evla=68.078903
217.908 60.4896 3.67662 3.17946 21.7059 919.016
217.507 60.403 3.66275 3.10959 17.7659 920.816
218.338 61.0595 3.64567 3.27029 32.835 868.184
216.3 60.3932 3.66046 3.20694 23.0151 902.097
218.244 60.7315 3.66168 3.24318 29.4807 900.235
217.659 60.6024 3.6798 3.10429 20.8204 902.574
216.749 60.4427 3.67737 3.19305 48.2251 903.795
217.639 60.9231 3.65189 3.15781 25.4475 868.607
216.976 61.3836 3.68394 3.21137 21.8037 808.158
216.031 60.2361 3.64424 3.21258 35.7643 915.056
217.533 61.1871 3.67087 3.14824 30.6054 839.033
219.217 60.1294 3.66449 3.17968 35.7252 982.334
218.856 60.4399 3.6841 3.16047 21.581 942.775
216.546 61.2275 3.67165 3.26242 28.7543 817.094
235.766 58.6528 3.72711 3.20987 18.6927 1626.39
235.227 58.6614 3.71802 3.24111 19.536 1605.85
234.769 58.8471 3.72229 3.26444 57.0765 1573.04
233.891 59.4223 3.48225 3.09113 16.0551 1491.65
232.224 60.0057 3.71806 3.24978 35.8814 1381.46
229.393 60.087 4.05012 3.29828 26.8638 1274.9
228.256 59.933 3.67972 3.35047 19.9797 1250.47
227.254 60.1694 3.70437 3.3731 23.3188 1196.47
225.753 60.434 3.71696 3.34386 42.4377 1124.72
237.284 58.3883 3.71912 3.17953 30.9515 1705.49
237.286 58.0965 3.71623 3.23325 22.2029 1730.66
237.012 57.7103 3.7259 3.27372 45.0032 1754.12
198.722 65.4015 3.64929 3.21964 125.568 594.477
194.662 64.5695 3.68625 3.25367 83.8997 804.259
204.534 64.74 3.64989 3.43882 50.3462 455.369
217.908 60.4896 3.67662 3.17946 21.7059 919.016
217.507 60.403 3.66275 3.10959 17.7659 920.816
218.338 61.0595 3.64568 3.2703 32.835 868.186
216.296 60.3923 3.66064 3.20711 23.0151 902.143
218.244 60.7315 3.66168 3.24318 29.4807 900.235
217.659 60.602 3.67993 3.10441 20.8204 902.607
216.749 60.4427 3.67737 3.19305 48.2251 903.795
217.639 60.9231 3.65187 3.15779 25.4475 868.603
216.976 61.3836 3.68394 3.21137 21.8037 808.158
216.031 60.2361 3.64424 3.21258 35.7643 915.056
217.533 61.187 3.67093 3.14829 30.6054 839.047
219.217 60.1294 3.66449 3.17968 35.7252 982.334
218.856 60.4399 3.6841 3.16047 21.581 942.775
216.546 61.2275 3.67165 3.26242 28.7543 817.094
210.574 60.776 3.67675 3.22276 29.3489 814.183
209.971 61.6954 3.71609 3.20777 35.8315 712.009
211.068 60.8049 3.68636 3.27642 21.593 811.522
