# evlo=209.889999 evla=67.381203
217.908 60.4896 3.65668 3.19911 62.0194 861.467
217.507 60.403 3.65453 3.22951 54.8081 861.742
218.338 61.0595 3.6411 3.16073 52.248 813.78
216.3 60.3932 3.66254 3.23355 71.3233 839.187
216.716 60.1205 3.65635 3.14975 42.3215 875.495
216.679 60.2805 3.65783 3.11433 67.7282 858.024
218.244 60.7315 3.66574 3.16879 52.2083 844.483
217.659 60.6024 3.66687 3.20201 41.3947 844.503
216.749 60.4427 3.65521 3.0881 63.5155 842.393
217.639 60.9231 3.64583 3.16808 38.6697 811.353
217.277 60.2474 3.66864 3.11984 31.0255 873.112
218.995 60.824 3.64211 3.20291 22.6195 853.285
216.976 61.3836 3.67731 3.18634 30.9328 749.929
216.031 60.2361 3.66898 3.28334 78.7143 851.034
217.533 61.1871 3.64498 3.20665 59.3789 782.194
218.652 60.2994 3.65289 3.1931 56.218 897.588
219.217 60.1294 3.66006 3.21749 67.7095 928.047
216.221 60.072 3.68593 3.28977 51.555 871.697
218.856 60.4399 3.68095 3.13708 20.7159 888.208
216.546 61.2275 3.67904 3.30838 81.5982 756.901
231.887 52.1847 3.70853 3.3919 17.4012 2071.33
226.475 68.3065 3.72173 3.1806 137.017 703.638
207.417 57.7828 3.65626 3.14318 77.1503 1077.09
212.138 64.8736 3.67929 3.34986 136.897 297.453
218.842 64.7774 3.69473 3.39101 82.1923 497.742
227.653 56.4191 3.71582 3.37736 38.38 1525.89
235.766 58.6528 3.73305 3.23551 36.2303 1612.2
234.769 58.8471 3.73581 3.25066 32.6743 1557.36
234.233 58.9305 3.73729 3.25537 41.0088 1529.76
232.224 60.0057 3.72665 3.2368 31.3418 1364.51
231.195 60.1197 3.72776 3.26765 19.0398 1315.91
225.753 60.434 3.69481 3.31446 23.0334 1092.27
237.286 58.0965 3.73248 3.27902 42.6749 1717.78
237.012 57.7103 3.73882 3.26268 36.2981 1739.38
237.146 57.39 3.7399 3.26607 26.0698 1771.74
237.423 57.0779 3.74486 3.25811 22.6335 1809.14
198.722 65.4015 3.71769 3.32609 188.551 544.931
194.662 64.5695 3.72046 3.30594 112.109 757.24
211.554 70.2036 3.64831 2.98799 91.6514 321.893
204.534 64.74 3.71292 3.28491 136.98 381.306
217.908 60.4896 3.65668 3.19911 62.0194 861.467
217.507 60.403 3.65453 3.22951 54.8081 861.742
218.338 61.0595 3.64111 3.16074 52.248 813.782
216.296 60.3923 3.66269 3.23367 71.3233 839.221
216.716 60.1205 3.65635 3.14975 42.3215 875.495
216.679 60.2805 3.65783 3.11433 67.7282 858.024
218.244 60.7315 3.66574 3.16879 52.2083 844.483
217.659 60.602 3.66701 3.20213 41.3947 844.533
216.749 60.4427 3.65521 3.0881 63.5155 842.393
217.639 60.9231 3.64581 3.16807 38.6697 811.348
217.277 60.2474 3.66864 3.11984 31.0255 873.112
218.995 60.8241 3.64207 3.20287 22.6195 853.275
216.976 61.3836 3.67731 3.18634 30.9328 749.929
216.031 60.2361 3.66898 3.28334 78.7143 851.034
217.533 61.187 3.64505 3.20671 59.3789 782.208
218.652 60.2994 3.65289 3.1931 56.218 897.588
219.217 60.1294 3.66006 3.21749 67.7095 928.047
216.221 60.072 3.68593 3.28977 51.555 871.697
218.856 60.4399 3.68095 3.13708 20.7159 888.208
216.546 61.2275 3.67904 3.30838 81.5982 756.901
