# evlo=210.457108 evla=65.824997
217.908 60.4896 3.63728 3.11849 58.3212 702.32
217.507 60.403 3.6238 3.16844 74.9204 700.383
218.338 61.0595 3.64894 3.15139 71.703 659.918
216.3 60.3932 3.66434 3.36899 71.0416 672.809
216.716 60.1205 3.67304 3.20167 56.6682 709.876
216.679 60.2805 3.6446 3.21089 73.5198 692.759
218.244 60.7315 3.63483 3.11466 51.4171 688.194
217.659 60.6024 3.6293 3.15922 71.3443 684.715
216.749 60.4427 3.6659 3.16726 87.3334 677.949
217.639 60.9231 3.59395 3.19864 46.9755 653.059
217.277 60.2474 3.62555 3.13516 39.2644 710.153
218.995 60.824 3.62638 3.18132 17.1198 701.442
216.976 61.3836 3.63201 3.07191 39.9967 590.737
216.031 60.2361 3.66452 3.30741 98.813 683.243
217.533 61.1871 3.63309 3.10695 70.3711 624.813
218.652 60.2994 3.64138 3.09948 58.6004 741.032
219.217 60.1294 3.63922 3.14132 45.6247 773.322
216.221 60.072 3.68218 3.34806 70.5364 704.149
218.856 60.4399 3.65217 3.11478 40.8822 733.373
216.546 61.2275 3.62568 3.22528 47.5882 594.727
210.869 61.5922 3.73413 3.06799 41.2661 472.277
231.887 52.1847 3.7017 3.35427 36.9036 1935.35
226.475 68.3065 3.74862 3.24134 136.903 747.052
207.417 57.7828 3.63697 3.12911 158.353 910.196
218.842 64.7774 3.76328 3.43907 138.71 407.812
227.653 56.4191 3.69708 3.24303 19.9525 1389.86
236.736 59.4036 3.50156 3.20425 22.9 1511.38
235.766 58.6528 3.75318 3.30844 22.846 1523.67
234.769 58.8471 3.74809 3.38496 17.4335 1466.31
234.233 58.9305 3.74487 3.31972 15.1626 1437.18
232.224 60.0057 3.73927 3.35928 35.431 1272.66
231.195 60.1197 3.74746 3.30609 24.5262 1220.58
229.393 60.087 3.78434 3.38551 15.9746 1147.27
228.256 59.933 3.72561 3.37474 23.0594 1112.32
225.753 60.434 3.7177 3.36906 21.0489 973.713
237.012 57.7103 3.74058 3.29197 15.8537 1648.92
211.301 69.7162 3.70533 2.97129 68.6703 435.447
198.722 65.4015 3.69199 3.41451 209.469 542.134
211.164 69.0223 3.71932 3.10892 112.882 357.866
194.662 64.5695 3.7075 3.42943 162.197 750.671
211.554 70.2036 3.70278 3.05292 57.2196 490.498
204.534 64.74 3.6935 3.32743 201.134 301.63
211.306 69.424 3.70007 2.99992 87.7789 403.006
210.41 68.6274 3.73871 3.10145 118.058 312.544
217.908 60.4896 3.63728 3.11849 58.3212 702.32
217.507 60.403 3.6238 3.16844 74.9204 700.383
218.338 61.0595 3.64895 3.15141 71.703 659.921
216.296 60.3923 3.66444 3.36908 71.0416 672.826
216.716 60.1205 3.67304 3.20167 56.6682 709.876
216.679 60.2805 3.6446 3.21089 73.5198 692.759
218.244 60.7315 3.63483 3.11466 51.4171 688.194
217.659 60.602 3.62944 3.15934 71.3443 684.741
216.749 60.4427 3.6659 3.16726 87.3334 677.949
217.639 60.9231 3.59392 3.19862 46.9755 653.054
217.277 60.2474 3.62555 3.13516 39.2644 710.153
218.995 60.8241 3.62633 3.18128 17.1198 701.433
216.976 61.3836 3.63201 3.07191 39.9967 590.737
216.031 60.2361 3.66452 3.30741 98.813 683.243
217.533 61.187 3.63318 3.10703 70.3711 624.828
218.652 60.2994 3.64138 3.09948 58.6004 741.032
219.217 60.1294 3.63922 3.14132 45.6247 773.322
216.221 60.072 3.68218 3.34806 70.5364 704.149
218.856 60.4399 3.65217 3.11478 40.8822 733.373
216.546 61.2275 3.62568 3.22528 47.5882 594.727
