# evlo=231.434006 evla=54.501999
217.507 60.403 3.41508 3.16778 16.9971 1059.86
216.3 60.3932 3.75843 3.44828 34.3407 1116.54
216.716 60.1205 3.757 3.47897 27.7723 1081.64
216.679 60.2805 3.74841 3.45941 30.9821 1092.12
216.749 60.4427 3.75273 3.38423 28.2723 1097.82
217.277 60.2474 3.74296 3.35014 17.4441 1061.67
216.031 60.2361 3.76483 3.50296 56.7044 1121.21
216.221 60.072 3.76246 3.4333 49.2947 1103.36
210.176 67.8516 3.71106 3.31614 15.051 1856.08
234.15 52.4019 3.72045 3.19573 62.7301 295.21
234.223 52.362 3.71517 3.13016 60.7268 301.744
234.367 52.4126 3.73208 3.15763 71.4053 303.326
234.492 52.3773 3.7368 3.17521 75.6543 311.73
234.738 52.38 3.73962 3.23629 68.7532 322.38
234.917 52.3782 3.75329 3.27125 73.6976 330.742
217.507 60.403 3.41508 3.16778 16.9971 1059.86
216.296 60.3923 3.75881 3.44863 34.3407 1116.65
216.716 60.1205 3.757 3.47897 27.7723 1081.64
216.679 60.2805 3.74841 3.45941 30.9821 1092.12
216.749 60.4427 3.75273 3.38423 28.2723 1097.82
217.277 60.2474 3.74296 3.35014 17.4441 1061.67
216.031 60.2361 3.76483 3.50296 56.7044 1121.21
216.221 60.072 3.76246 3.4333 49.2947 1103.36
210.574 60.776 3.80297 3.48909 23.6313 1419.54
