# evlo=233.653503 evla=52.4412
217.659 60.6024 3.74558 3.43423 15.2972 1333.29
216.749 60.4427 3.74065 3.45538 26.6635 1364.42
234.233 58.9305 3.66396 3.19634 22.1724 723.402
228.256 59.933 3.62989 3.38054 16.747 898.267
210.176 67.8516 3.68671 3.36411 20.8573 2127.74
231.665 54.851 3.73009 3.28825 51.2535 298.68
231.681 55.018 3.72246 3.26785 64.9576 314.931
231.846 55.084 3.70407 3.30683 54.147 317.353
232.267 55.179 3.69812 3.37999 54.1768 318.098
232.385 55.267 3.70034 3.35311 57.7395 325.391
232.359 55.411 3.69678 3.30408 58.1304 341.296
217.659 60.602 3.74556 3.43422 15.2972 1333.29
216.749 60.4427 3.74065 3.45538 26.6635 1364.42
