# evlo=232.744202 evla=52.293999
217.908 60.4896 3.79162 3.32394 15.3782 1287.59
216.3 60.3932 3.80303 3.46733 24.7734 1352.44
217.659 60.6024 3.79205 3.38519 17.8918 1306.11
216.749 60.4427 3.782 3.43467 35.3858 1335.34
217.639 60.9231 3.78154 3.37923 17.7381 1329.4
216.031 60.2361 3.78139 3.44299 24.0733 1355.01
218.652 60.2994 3.80116 3.45364 22.3465 1242.39
219.217 60.1294 3.79596 3.37546 19.1926 1206.21
234.769 58.8471 3.65342 3.40515 26.477 740.583
234.233 58.9305 3.62623 3.33316 17.1027 744.754
232.224 60.0057 3.63783 3.30794 16.6227 859.252
228.256 59.933 3.65552 3.29421 26.4311 894.705
226.693 60.4834 3.67285 3.26373 21.7465 984.502
210.176 67.8516 3.70793 3.37007 19.9906 2114.29
231.681 55.018 3.67392 3.38878 111.841 311.21
231.846 55.084 3.6689 3.40013 100.443 316.136
232.267 55.179 3.67489 3.41881 71.4402 322.639
232.385 55.267 3.67014 3.41517 81.2524 331.742
232.359 55.411 3.68149 3.42427 86.6713 347.852
217.908 60.4896 3.79162 3.32394 15.3782 1287.59
216.296 60.3923 3.80331 3.46753 24.7729 1352.53
217.659 60.602 3.79203 3.38518 17.8918 1306.1
216.749 60.4427 3.782 3.43467 35.3858 1335.34
217.639 60.9231 3.78156 3.37925 17.7381 1329.41
216.031 60.2361 3.78139 3.44299 24.0733 1355.01
218.652 60.2994 3.80116 3.45364 22.3465 1242.39
219.217 60.1294 3.79596 3.37546 19.1926 1206.21
