# evlo=231.681 evla=55.018002
216.3 60.3932 3.74055 3.39705 57.0211 1091.06
216.716 60.1205 3.74271 3.40397 76.7773 1056.97
216.679 60.2805 3.73198 3.39009 68.5175 1066.7
216.749 60.4427 3.72652 3.37237 58.514 1071.52
217.277 60.2474 3.7375 3.44474 32.2404 1035.61
216.031 60.2361 3.75445 3.4123 59.3695 1096.83
216.221 60.072 3.76155 3.40644 52.9445 1079.57
231.887 52.1847 3.69212 3.48518 62.6247 315.633
236.736 59.4036 3.13582 3.14737 16.2447 575.678
235.766 58.6528 3.74654 3.23394 30.2573 475.211
231.195 60.1197 3.61086 3.30627 16.4634 568.913
228.256 59.933 3.65305 3.1639 24.7268 584.487
226.693 60.4834 3.68933 3.15322 19.1111 676.831
225.753 60.434 3.66777 3.13257 26.0519 698.388
210.176 67.8516 3.69419 3.35058 48.2527 1813.6
232.425 52.1577 3.67327 3.37222 52.8549 322.126
232.528 52.1871 3.66174 3.3277 45.4782 320.012
232.644 52.2602 3.66651 3.35569 64.5714 313.465
232.742 52.2882 3.69649 3.15543 29.4981 311.805
232.744 52.294 3.67392 3.38878 111.841 311.21
232.847 52.3171 3.67589 3.38705 93.3167 310.316
233.021 52.3437 3.64864 3.42137 48.0458 310.522
233.165 52.3901 3.68087 3.38402 69.5894 308.448
233.315 52.3748 3.6902 3.37948 59.4833 313.344
233.445 52.404 3.70547 3.3032 54.8546 313.37
233.582 52.4315 3.71426 3.30392 69.0714 314.02
233.654 52.4412 3.72246 3.26785 64.9576 314.931
233.783 52.4386 3.72618 3.24931 61.8794 318.802
233.869 52.4069 3.72774 3.25323 63.3753 324.503
233.933 52.3681 3.72343 3.24751 66.6701 330.277
234.034 52.3981 3.741 3.2344 66.8648 330.347
234.15 52.4019 3.72607 3.22831 55.1848 333.643
234.223 52.362 3.74411 3.23674 60.5503 339.917
234.367 52.4126 3.73643 3.25476 68.9046 339.859
234.492 52.3773 3.73225 3.28041 81.6695 347.577
234.738 52.38 3.72117 3.35896 75.8217 356.249
234.917 52.3782 3.72656 3.3866 76.9643 363.242
216.296 60.3923 3.74098 3.39744 57.0211 1091.18
216.716 60.1205 3.74271 3.40397 76.7773 1056.97
216.679 60.2805 3.73198 3.39009 68.5175 1066.7
216.749 60.4427 3.72652 3.37237 58.514 1071.52
217.277 60.2474 3.7375 3.44474 32.2404 1035.61
216.031 60.2361 3.75445 3.4123 59.3695 1096.83
216.221 60.072 3.76155 3.40644 52.9445 1079.57
209.971 61.6954 3.76496 3.19758 22.8033 1462.32
