# evlo=217.908493 evla=60.489601
194.627 64.5646 3.66377 3.26271 67.5887 1273.01
225.144 58.5792 3.72484 3.09453 104.962 461.078
209.013 64.0997 3.63444 3.22328 115.551 611.391
209.094 59.7511 3.63443 3.08047 178.676 496.544
209.259 59.7417 3.63426 3.08141 182.957 487.77
210.701 64.1732 3.60528 3.05091 68.2942 554.41
208.846 60.7683 3.60881 3.0933 132.08 496.626
207.916 63.4188 3.64937 3.00924 53.1293 616.701
212.195 64.6453 3.60802 3.10064 115.75 548.029
204.378 55.8218 3.73442 3.36713 106.536 948.546
200.411 54.831 3.68227 3.2058 123.016 1214.31
207.685 63.8827 3.61482 3.2355 72.066 651.86
208.763 59.5251 3.6484 3.08571 206.057 520.958
209.796 67.2269 3.65675 3.183 88.7258 848.845
209.738 62.4058 3.66993 3.05311 132.727 484.911
212.624 63.0753 3.58112 3.14603 106.794 400.756
215.93 63.6482 3.60098 3.27608 149.049 366.848
196.582 54.8564 3.67797 3.219 76.1237 1410.17
209.784 61.1426 3.61151 3.09503 142.923 447.8
188.296 63.7758 3.67158 3.28481 81.7318 1572.16
203.121 64.7461 3.65608 3.25468 69.7 891.948
211.074 61.771 3.61327 3.0153 145.574 394.759
213.052 64.4091 3.61465 3.18441 134.873 503.356
208.348 59.6572 3.6476 3.09232 179.5 539.781
225.615 58.2758 3.71988 3.18282 87.3063 502.236
211.542 61.4131 3.59552 3.04596 201.27 359.879
197.4 66.8951 3.66219 3.2398 29.1944 1231.32
209.077 63.5527 3.61472 3.14929 71.2603 573.994
211.063 63.7318 3.60723 3.13107 125.826 507.723
211.768 64.9602 3.61883 3.12435 116.765 588.418
209.256 65.0304 3.62014 3.13233 135.13 670.82
210.931 64.5928 3.6022 3.14818 144.651 580.791
191.145 52.9721 3.66555 3.22085 85.6579 1822.02
214.53 62.9699 3.51597 3.02165 179.234 328.984
214.475 65.5174 3.6515 3.11122 54.2823 586.565
207.811 62.8962 3.64314 2.99986 67.4121 597.071
211.667 60.8584 3.62247 3.17432 249.955 343.521
210.261 61.0889 3.61307 3.08804 203.232 421.591
215.154 63.7399 3.60801 3.06116 92.8132 389.648
211.14 63.4056 3.59985 3.15804 103.708 481.039
211.668 61.807 3.63439 3.09957 175.021 366.534
212.671 61.832 3.66681 3.10658 201.596 319.048
216.01 63.9761 3.62165 3.2686 154.122 400.872
205.816 56.5593 3.7336 3.32878 156.587 827.652
208.468 61.98 3.62532 3.06681 154.151 532.95
209.777 60.5117 3.63982 3.14863 223.199 446.592
189.752 57.1766 3.6969 3.24781 81.8923 1653.7
209.253 61.4636 3.59723 3.0788 168.01 480.667
210.547 60.1043 3.61335 3.05187 178.768 409.102
192.073 65.5598 3.66825 3.25077 36.3416 1411.88
209.711 63.4502 3.64047 3.08626 74.3414 541.311
193.495 53.8452 3.66635 3.20914 102.767 1638.79
211.449 62.8295 3.65981 2.98869 84.9438 429.927
211.415 62.9628 3.61056 3.10853 16.5838 439.919
211.462 62.6812 3.6552 3.08807 28.1077 420.232
212.058 62.8349 3.61841 2.94791 36.0814 405.167
211.771 63.0624 3.59478 3.09195 42.2471 432.272
212.26 62.5808 3.64207 2.90278 85.152 380.027
211.152 62.8331 3.66428 2.95272 71.9919 442.72
211.908 64.4716 3.59488 3.05135 146.056 540.54
231.887 52.1847 3.78578 3.51097 61.4022 1260.87
226.475 68.3065 3.72448 3.20543 83.4403 962.367
207.417 57.7828 3.67267 3.24165 253.321 671.062
212.138 64.8736 3.61887 3.11956 177.075 570.554
203.383 71.3221 3.66235 3.18043 40.5605 1369.05
234.753 71.9871 3.76634 3.26093 57.4554 1477.36
198.198 69.3641 3.65063 3.11875 43.722 1347.51
202.84 70.0079 3.64374 3.1238 34.766 1265.94
196.822 68.4753 3.64643 3.15266 36.0797 1337.08
198.806 68.6483 3.64677 3.20718 42.1962 1280.36
200.413 69.1049 3.63441 3.10183 31.1594 1261.3
205.217 69.1565 3.64102 3.13098 29.5818 1133.84
215.088 69.9175 3.62545 3.08372 49.2446 1059.14
216.289 69.626 3.65912 3.13978 38.89 1021.39
235.93 69.3475 3.75414 3.26978 168.338 1294.73
196.917 67.6988 3.67694 3.16369 18.3109 1290.54
201.885 68.4946 3.65339 3.1443 43.8738 1171.71
203.387 68.7132 3.6487 3.10631 33.9479 1144.53
209.319 68.9656 3.63621 3.15418 47.0842 1027.53
213.625 69.322 3.62536 3.21118 81.7709 1004.78
219.035 69.243 3.65627 3.23135 36.7346 977.328
221.263 69.3286 3.74116 3.1994 36.0072 997.8
198.174 67.082 3.67382 3.22182 22.573 1210.54
199.397 67.4213 3.66539 3.15845 49.9441 1183.56
202.768 67.4572 3.64373 3.19113 51.0856 1068.36
203.811 68.2575 3.64558 3.13956 41.2091 1096.01
206.028 68.4414 3.62758 3.14525 32.1234 1050.85
210.384 68.0584 3.64513 3.15315 39.4839 917.623
214.432 68.1207 3.63702 3.02517 31.325 866.859
218.405 68.1861 3.64719 3.23322 39.1769 858.345
220.465 68.6043 3.70736 3.14321 39.4869 912.742
222.103 68.3889 3.74836 3.2708 34.3925 902.998
223.281 66.3701 3.68849 3.16816 143.519 707.632
193.671 65.4742 3.64868 3.22515 27.0522 1337.63
195.352 65.7077 3.65149 3.20093 18.8558 1269.4
198.75 66.442 3.66115 3.22229 28.7715 1155.61
200.349 66.6001 3.67626 3.15113 30.1802 1100.98
202.227 66.8332 3.67919 3.19984 46.1005 1044.97
204.275 67.0486 3.63488 3.17633 45.2145 989.284
206.517 67.2221 3.63793 3.21825 99.5519 933.524
207.821 67.5076 3.63621 3.1499 47.2764 922.532
212.113 67.5187 3.70404 3.55222 66.141 832.445
214.357 67.5933 3.61791 3.10338 45.3409 810.358
215.855 67.6946 3.66401 3.28118 62.9327 809.308
220.128 67.6136 3.71486 3.16399 23.5901 801.4
224.214 67.6106 3.71253 3.20278 51.1762 850.449
226.258 67.441 3.69945 3.20411 108.6 874.526
195.961 64.9941 3.67018 3.23943 36.1974 1220.95
197.645 65.3936 3.657 3.21886 29.88 1157.8
199.349 65.5011 3.63367 3.18664 32.9735 1087.94
201.346 65.895 3.65209 3.22894 39.1755 1023.59
202.913 66.1434 3.67521 3.20802 49.4716 976.543
206.494 66.5156 3.64815 3.17922 80.8001 877.245
208.493 66.9214 3.63619 3.19611 70.861 852.866
209.976 66.7108 3.652 3.20345 74.4894 796.048
213.899 66.7653 3.64273 3.13212 58.6479 726.892
216.215 66.9498 3.6352 3.21035 79.5353 724.911
218.345 66.8088 3.63727 3.16504 37.8945 704.736
221.978 66.9116 3.73545 3.23838 40.5803 743.232
223.778 66.9808 3.70167 3.19252 89.6865 778.71
225.729 66.9227 3.69146 3.1955 89.5896 813.329
197.761 64.6379 3.65815 3.23232 39.733 1128.26
200.087 64.937 3.65139 3.16925 32.6573 1032.89
201.637 65.1527 3.65191 3.19592 29.4074 974.67
203.551 65.5276 3.66525 3.194 40.3947 915.359
205.119 65.4924 3.64286 3.20249 41.0081 852.325
207.195 65.6571 3.64217 3.19131 116.596 788.549
208.623 65.8937 3.64269 3.16388 89.6046 760.858
210.457 65.8251 3.64535 3.16966 96.8526 702.338
214.18 66.267 3.68339 3.24947 15.4165 670.15
214.181 66.267 3.63949 3.14815 45.0193 670.137
218.473 66.2305 3.63019 3.07974 39.4089 640.537
221.631 66.2191 3.73435 3.2091 46.7492 664.99
225.657 65.8052 3.64745 3.16321 90.447 708.592
213.052 64.4091 3.61465 3.18441 134.873 503.356
205.522 64.7962 3.67278 3.18463 40.8907 794.028
208.018 65.18 3.6332 3.11874 90.783 724.626
210.64 65.1479 3.64004 3.1561 136.942 637.061
216.846 65.3064 3.59606 3.23238 74.392 539.57
220.064 65.4483 3.71501 3.25549 74.0518 563.333
221.694 65.3609 3.67337 3.17583 108.232 575.751
223.623 65.2225 3.62728 3.14729 86.5343 601.926
196.446 62.7492 3.65948 3.1583 58.1675 1160.26
199.398 63.2842 3.64774 3.0876 33.5129 1017.92
200.922 63.3965 3.62991 3.06338 21.7133 945.299
203.285 63.465 3.6321 3.09608 32.2938 833.052
204.379 63.994 3.61862 3.1259 30.6314 802.23
205.853 64.1767 3.6423 3.21785 74.4539 745.961
214.63 64.613 3.64543 3.13923 126.679 489.383
216.201 64.5654 3.6311 3.23487 23.0238 462.65
216.436 64.5012 3.6161 3.1674 142.419 453.467
221.784 64.453 3.61762 3.15952 113.434 484.663
221.784 64.4525 3.60421 3.12371 69.6739 484.6
223.67 64.5753 3.60873 3.18714 132.153 542.969
195.344 61.9331 3.6697 3.21583 85.356 1217.05
198.469 62.2938 3.65602 3.17126 112.667 1053.87
201.699 62.7161 3.65516 3.15515 78.0442 892.745
205.93 63.3569 3.63192 3.04518 50.2815 704.247
214.222 63.8036 3.60747 3.06556 106.398 416.224
217.924 64.0292 3.68031 3.01831 42.6487 394.487
222.48 63.8433 3.58706 3.14457 157.759 442.986
197.317 61.3416 3.64687 3.15622 104.321 1116.44
198.513 61.678 3.6432 3.14393 100.386 1051.01
200.525 61.7105 3.64036 3.15125 98.2496 944.498
201.703 62.1344 3.64005 3.13207 90.1283 884.868
203.311 62.2195 3.63216 3.10452 120.048 802.533
205.146 62.1816 3.62692 3.08617 174.337 707.489
206.12 62.4787 3.64209 3.11657 186.972 664.93
221.871 63.109 3.57225 3.14587 190.045 358.873
193.799 60.3849 3.64513 3.18923 105.858 1320.14
196.65 60.4135 3.6374 3.16498 109.124 1164.96
198.04 60.7515 3.63282 3.15951 130.495 1084.07
199.312 60.6947 3.61989 3.1411 89.5174 1015.96
201.041 61.0224 3.61523 3.13099 122.114 919.019
202.562 61.4009 3.61766 3.11583 101.589 835.956
204.176 61.4907 3.61667 3.09748 142.513 750.149
205.609 61.9037 3.60818 3.08049 222.864 678.787
206.868 61.8823 3.60918 3.08591 190.345 612.973
209.88 61.7531 3.6131 3.04597 219.903 454.748
212.274 61.7929 3.64594 3.11819 163.929 336.33
223.206 62.5763 3.59447 3.16457 275.215 365.197
225.609 62.2024 3.62374 3.13514 205.797 453.817
198.315 59.9237 3.63158 3.15152 73.2711 1084.3
199.908 60.1686 3.63126 3.1546 91.3395 991.98
201.231 60.4742 3.61988 3.1271 119.786 914.584
202.813 60.5269 3.60945 3.10037 73.9188 827.55
204.11 60.6801 3.61202 3.07835 122.069 755.216
205.516 60.8132 3.60707 3.09487 190.088 677.797
207.791 61.2001 3.58561 3.04603 154.492 555.185
224.22 61.4862 3.63476 3.02588 245.284 359.076
226.918 61.1512 3.65341 3.12339 182.433 495.345
198.736 59.2533 3.65309 3.18136 94.6939 1078.83
200.175 59.1767 3.66077 3.18823 91.0532 1002.03
201.907 59.5938 3.64626 3.17015 130.592 895.083
202.905 59.7733 3.64089 3.16769 111.132 835.82
204.792 59.8542 3.64006 3.15452 229.161 730.304
205.68 60.1952 3.62731 3.11694 161.238 675.113
207.376 60.0815 3.62028 3.08485 179.066 583.782
210.276 60.4814 3.62711 3.08899 214.384 419.409
223.909 60.7704 3.59092 3.15543 259.71 329.833
202.009 59.0314 3.65637 3.16875 136.87 905.88
203.561 59.1953 3.65342 3.12819 123.192 815.524
204.771 59.3922 3.65623 3.1347 170.392 743.198
206.768 59.6524 3.63795 3.0946 177.822 626.494
212.597 59.9979 3.62495 3.23318 214.069 299.174
226.285 59.5898 3.64209 3.28653 182.102 477.155
227.183 60.2114 3.63343 3.23712 318.496 512.522
212.566 65.1171 3.65917 3.26696 109.175 582.875
203.344 58.6774 3.67061 3.12803 110.862 845.349
204.113 58.2637 3.67444 3.06585 77.2766 820.678
204.991 58.6484 3.67715 3.09351 112.174 756.993
206.355 58.9287 3.66008 3.08893 177.818 672.178
207.606 58.6097 3.67926 3.16385 119.816 618.392
227.731 58.9601 3.67462 3.2602 131.469 577.672
202.426 57.5673 3.669 3.14362 71.3042 944.142
203.613 57.6397 3.65705 3.12379 58.4841 877.212
205.548 57.5665 3.65611 3.21061 73.8591 779.413
224.26 58.4133 3.76907 3.0863 53.4199 427.862
225.482 58.2747 3.73779 3.10187 58.1779 495.732
229.033 59.3946 3.65627 3.2915 163.313 632.858
197.939 55.703 3.65433 3.17022 83.5442 1286.08
200.447 56.2848 3.66268 3.16767 76.0223 1119.18
223.768 57.9616 3.73098 3.20543 87.561 437.038
225.424 57.4688 3.74575 3.24638 69.2589 547.202
227.048 56.8144 3.74429 3.27065 37.7585 669.159
229.75 56.9811 3.70074 3.16661 55.2696 787.74
212.138 64.8735 3.62561 3.12756 141.168 570.55
210.428 68.6408 3.64722 3.13734 68.242 975.282
226.879 56.1146 3.79007 3.37897 56.4658 715.898
229.974 55.9154 3.72274 3.36546 46.0552 871.318
228.385 55.3279 3.77534 3.34319 44.3153 844.519
218.842 64.7774 3.70976 3.21217 90.3701 480.278
209.768 62.6893 3.64935 3.1103 45.8388 496.427
211.063 63.7323 3.60735 3.13118 125.826 507.741
211.14 63.4057 3.59987 3.15805 103.708 481.041
210.176 67.8516 3.67156 3.21448 38.7364 901.167
209.736 66.2066 3.6435 3.14235 47.8283 755.965
210.418 68.0789 3.67662 3.17946 21.7059 919.016
211.301 69.7162 3.64926 3.1234 32.2298 1073.04
209.329 66.7192 3.6468 3.22197 58.9975 812.919
198.722 65.4015 3.64521 3.21795 37.4646 1110.95
211.164 69.0223 3.65577 3.12062 26.5538 1002.59
211.489 65.5114 3.63057 3.11307 65.3587 646.674
194.662 64.5695 3.66833 3.27822 28.3278 1271.46
211.554 70.2036 3.66348 3.14634 33.918 1121.3
211.306 69.424 3.63524 3.10961 29.6798 1042.38
210.41 68.6274 3.64466 3.19915 34.8364 974.23
209.89 67.3812 3.65668 3.19911 62.0194 861.467
210.457 65.825 3.63728 3.11849 58.3212 702.32
210.84 64.6544 3.60352 3.15848 74.8529 588.797
210.867 64.709 3.61113 3.19345 112.337 592.553
210.853 64.7716 3.61711 3.24109 81.8731 598.283
210.847 64.8338 3.62236 3.20045 90.5568 603.779
210.819 64.8857 3.62565 3.21484 111.072 609.087
210.44 64.87 3.62257 3.1014 91.7707 619.428
210.174 64.8537 3.61215 3.0686 74.6219 626.522
210.069 64.7653 3.60366 3.07721 108.704 622.751
210.917 64.5498 3.6058 3.10837 75.0915 577.634
210.782 64.5716 3.59828 3.14263 77.9926 583.755
210.554 64.5756 3.60737 3.05254 91.1449 591.469
210.901 64.613 3.60827 3.11128 91.3568 583.425
211.172 64.6917 3.60678 3.15656 118.491 581.709
230.943 53.673 3.75514 3.46375 19.0877 1092.27
231.373 54.036 3.73046 3.42858 15.8936 1081.09
231.424 54.17 3.73078 3.36628 15.4917 1072.52
232.385 55.267 3.71075 3.23872 16.8 1033.88
232.744 52.294 3.79162 3.32394 15.3782 1287.59
232.847 52.3171 3.78931 3.31844 18.34 1290.02
233.165 52.3901 3.78938 3.38102 15.9416 1297.61
233.783 52.4386 3.74239 3.34535 15.7041 1320.82
234.367 52.4126 3.72646 3.36879 21.3686 1349.32
210.183 61.5919 3.59857 3.0357 148.778 434.887
209.296 60.5169 3.63767 3.12696 147.642 472.931
211.583 60.7746 3.63169 3.15659 216.078 347.53
209.768 62.6892 3.64939 3.11034 45.8388 496.433
209.947 62.0056 3.61319 3.05056 101.454 459.244
211.822 60.7458 3.63612 3.03558 31.2427 334.374
208.982 60.799 3.64424 3.07918 55.8249 489.194
210.406 60.5508 3.64195 3.0837 210.403 411.888
210.644 60.2564 3.63283 3.02324 81.3907 401.417
210.59 60.0084 3.61585 3.01054 147.335 408.585
210.23 59.8351 3.65136 3.03443 97.2146 432.274
210.402 60.8738 3.65171 3.12602 193.071 412.197
210.574 60.776 3.63662 3.14389 168.085 402.451
210.502 61.001 3.64564 3.14187 128.922 407.719
209.918 61.8636 3.60497 3.02526 163.885 456.018
210.331 61.4859 3.59954 3.02999 64.6849 424.631
209.538 60.4832 3.64463 3.10237 146.611 459.874
210.519 60.6717 3.64479 3.0943 195.112 405.38
211.909 60.5183 3.63775 3.04427 107.146 329.591
210.455 61.3427 3.60813 3.07014 103.165 415.146
210.626 60.4754 3.63654 3.07365 134.706 400.225
209.518 60.7352 3.62011 3.12217 161.248 460.025
209.971 61.6954 3.60545 3.04315 185.393 448.501
208.723 60.6622 3.6267 3.11565 127.34 503.572
212.047 60.7098 3.61186 3.10064 224.144 321.983
211.068 60.8049 3.62896 3.15513 171.607 375.669
209.968 60.4881 3.64939 3.11437 137.436 436.24
210.253 60.4731 3.64561 3.08103 92.345 420.711
208.919 60.4641 3.6463 3.10825 99.7942 494.029
210.813 60.8045 3.64752 3.15728 212.658 389.572
209.81 60.4601 3.64476 3.09838 101.135 445.136
211.376 60.7866 3.64594 3.12466 114.557 358.837
209.518 60.7351 3.61994 3.12202 161.248 460.004
