# evlo=217.639297 evla=60.9231
194.627 64.5646 3.64261 3.26577 80.3943 1236.15
225.144 58.5792 3.68328 3.08699 107.656 495.744
209.013 64.0997 3.59528 3.20272 146.232 567.411
209.094 59.7511 3.66535 3.14485 287.883 489.316
209.259 59.7417 3.66877 3.12458 319.956 480.912
210.701 64.1732 3.59487 3.15009 125.602 508.071
208.846 60.7683 3.59299 3.05603 213.166 478.036
207.916 63.4188 3.64308 3.0419 110.733 577.144
212.195 64.6453 3.60872 3.13922 142.882 498.977
204.378 55.8218 3.7099 3.2932 108.852 958.964
200.411 54.831 3.66895 3.11963 174.298 1221.19
207.685 63.8827 3.60917 3.11531 85.5317 610.318
208.763 59.5251 3.67297 3.11817 242.298 515.558
209.796 67.2269 3.64222 3.22686 106.37 798.823
209.738 62.4058 3.62188 3.11179 205.177 449.656
221.785 59.0906 3.70547 3.34801 19.2915 308.384
212.624 63.0753 3.55666 3.03827 103.619 355.614
215.93 63.6482 3.54883 3.19986 183.215 316.374
196.582 54.8564 3.6727 3.16431 68.4161 1411.16
209.784 61.1426 3.59418 3.07861 172.821 425.06
214.766 66.5657 3.68143 3.26057 88.6387 644.63
188.296 63.7758 3.6594 3.27576 71.6901 1538.15
203.121 64.7461 3.63598 3.25722 84.2492 850.952
211.074 61.771 3.56495 3.11155 202.57 363.655
213.052 64.4091 3.58071 3.15708 142.668 453.879
208.348 59.6572 3.65881 3.13477 289.778 532.372
225.615 58.2758 3.71889 3.19576 70.9098 537.836
211.542 61.4131 3.58259 3.18426 349.349 332.574
197.4 66.8951 3.67254 3.22571 35.5119 1187.46
209.077 63.5527 3.63504 3.07127 133.304 532.313
211.063 63.7318 3.5703 3.22103 188.221 462.41
211.768 64.9602 3.61406 3.1169 116.953 539.28
209.256 65.0304 3.60971 3.14539 141.344 623.79
210.931 64.5928 3.60641 3.10564 149.358 533.082
214.475 65.5174 3.66859 3.22793 94.5889 536.086
207.811 62.8962 3.62727 3.06349 142.056 560.663
211.667 60.8584 3.59027 3.10955 223.243 324.245
210.261 61.0889 3.60356 3.12807 337.866 399.361
197.092 68.0541 3.657 3.11477 64.638 1257.59
215.154 63.7399 3.64871 3.20518 195.638 339.275
211.14 63.4056 3.59197 3.08054 127.624 437.006
211.668 61.807 3.57176 3.11506 206.83 334.061
216.01 63.9761 3.56787 3.26562 232.666 350.484
205.816 56.5593 3.71364 3.25325 140.761 837.699
208.468 61.98 3.58686 3.07201 293.363 502.672
209.777 60.5117 3.6206 3.11673 189.236 431.365
189.752 57.1766 3.69177 3.26525 100.7 1640.15
209.253 61.4636 3.584 3.10845 187.763 454.664
210.547 60.1043 3.6637 3.15488 333.536 399.9
192.073 65.5598 3.6667 3.21693 53.7241 1372.79
209.711 63.4502 3.62538 3.0562 134.917 499.27
193.495 53.8452 3.67674 3.21751 106.075 1638.77
211.449 62.8295 3.66039 3.11468 149.216 388.594
211.415 62.9628 3.62067 3.04041 59.9578 397.798
211.462 62.6812 3.63329 3.09885 75.6429 379.911
212.058 62.8349 3.62506 3.0718 82.6641 362.571
211.771 63.0624 3.59225 2.96162 73.9435 388.885
212.26 62.5808 3.6187 3.03691 150.988 338.764
211.152 62.8331 3.65919 3.10135 132.746 401.927
211.908 64.4716 3.58951 3.0291 124.554 492.057
231.887 52.1847 3.78122 3.48903 38.3962 1303.84
226.475 68.3065 3.69824 3.15438 97.1275 923.305
207.417 57.7828 3.66027 3.20929 263.474 677.564
212.138 64.8736 3.61571 3.22642 213.825 521.238
203.383 71.3221 3.65703 3.15484 67.1824 1318.8
234.753 71.9871 3.7595 3.26179 105.457 1438.96
198.198 69.3641 3.6436 3.15546 59.5278 1299.54
194.656 68.2746 3.6589 3.09658 49.6897 1358.64
196.822 68.4753 3.65129 3.11974 73.5316 1290.65
200.413 69.1049 3.63435 3.15316 63.7862 1212.94
205.217 69.1565 3.63417 3.12607 64.4946 1084.08
211.299 69.72 3.67489 3.24263 67.4611 1023.05
215.088 69.9175 3.62831 3.08797 35.6148 1009.61
216.289 69.626 3.65492 3.17806 80.976 972.32
235.93 69.3475 3.75659 3.27047 172.012 1262.64
196.917 67.6988 3.67403 3.15755 38.1125 1245.31
201.885 68.4946 3.63959 3.17226 60.8605 1123.5
203.387 68.7132 3.64198 3.14786 76.1955 1095.6
209.319 68.9656 3.64226 3.10875 45.4017 977.105
213.625 69.322 3.59892 3.15008 83.0566 954.701
219.035 69.243 3.68888 3.20875 43.0179 929.866
221.263 69.3286 3.71413 3.18749 61.3642 952.066
198.174 67.082 3.6687 3.23151 49.6873 1166
199.397 67.4213 3.65404 3.18576 66.1119 1137.88
202.768 67.4572 3.64139 3.17852 58.0774 1021.13
203.811 68.2575 3.62992 3.16073 67.8553 1047.36
208.187 68.1343 3.65287 3.229 56.7606 920.854
214.432 68.1207 3.62637 3.12108 49.4883 816.79
218.405 68.1861 3.66326 3.20188 60.5173 810.531
220.465 68.6043 3.70347 3.17406 67.732 866.628
222.103 68.3889 3.73684 3.2373 68.2614 858.678
223.281 66.3701 3.67 3.17823 210.776 667.819
193.671 65.4742 3.66461 3.25946 43.8537 1298.4
195.352 65.7077 3.66461 3.2096 37.9083 1229.1
198.75 66.442 3.64711 3.19858 56.9381 1112.2
200.349 66.6001 3.65059 3.19208 48.8233 1056.49
202.227 66.8332 3.66429 3.21185 59.0081 999.056
204.275 67.0486 3.64416 3.17689 66.2138 941.94
206.517 67.2221 3.63336 3.23725 106.036 884.831
207.821 67.5076 3.64004 3.19013 83.5576 873.019
212.113 67.5187 3.67396 3.33668 109.828 781.958
214.357 67.5933 3.63176 3.12831 52.8136 760.167
215.855 67.6946 3.63919 3.22748 95.655 759.74
220.128 67.6136 3.70842 3.24171 55.3196 755.399
224.214 67.6106 3.69503 3.23084 98.1253 809.714
226.258 67.441 3.6983 3.19645 178.18 837.033
195.961 64.9941 3.65704 3.23868 60.9354 1182.45
197.645 65.3936 3.66001 3.23619 49.211 1117.57
199.349 65.5011 3.6504 3.25483 53.7213 1046.68
201.346 65.895 3.64305 3.17908 40.9596 980.244
202.913 66.1434 3.65281 3.23947 59.0414 931.699
206.494 66.5156 3.64509 3.18864 93.6005 829.494
208.493 66.9214 3.64237 3.29224 98.8387 803.554
209.976 66.7108 3.63729 3.2716 98.2276 746.262
212.525 66.7004 3.66613 3.28256 90.0166 691.002
213.899 66.7653 3.6605 3.16256 51.925 676.464
216.215 66.9498 3.60416 3.16478 68.9569 675.406
218.345 66.8088 3.63027 3.07652 89.6083 657.013
221.978 66.9116 3.69751 3.22013 79.8456 700.29
223.778 66.9808 3.70327 3.19133 129.649 738.476
225.729 66.9227 3.67237 3.19341 223.165 776.343
197.761 64.6379 3.63216 3.22493 53.9701 1090.3
200.087 64.937 3.64075 3.24978 60.6666 992.983
201.637 65.1527 3.64164 3.23317 51.1053 933.262
203.551 65.5276 3.66437 3.11722 49.9864 871.66
205.119 65.4924 3.64061 3.13691 78.9041 807.624
207.195 65.6571 3.63077 3.19551 133.351 741.883
208.623 65.8937 3.63336 3.19086 105.363 712.706
210.457 65.8251 3.63097 3.20407 106.802 653.072
212.122 65.8371 3.66257 3.30741 136.285 612.798
214.18 66.267 3.68781 3.01214 16.2404 619.706
214.181 66.267 3.65084 3.26164 52.3625 619.692
218.473 66.2305 3.65998 3.15595 50.467 593.053
221.631 66.2191 3.69622 3.17848 132.506 622.46
225.657 65.8052 3.6491 3.19637 179.535 675.027
213.052 64.4091 3.58071 3.15708 142.668 453.879
199.305 63.8864 3.64505 3.16123 26.9324 999.605
205.522 64.7962 3.65051 3.25264 69.9653 751.066
208.018 65.18 3.62019 3.13939 149.303 678.368
210.64 65.1479 3.60172 3.22994 178.855 588.566
216.846 65.3064 3.5817 3.10683 94.7784 490.204
218.385 65.6035 3.6689 3.18884 73.4695 523.034
220.064 65.4483 3.6819 3.17993 107.449 518.872
221.694 65.3609 3.6459 3.18882 150.768 534.978
223.623 65.2225 3.61666 3.20716 140.602 566.157
196.446 62.7492 3.65561 3.19327 100.294 1129.44
199.398 63.2842 3.66249 3.185 52.8414 984.452
200.922 63.3965 3.66963 3.1992 37.67 910.848
203.285 63.465 3.66653 3.15052 64.0721 797.155
205.853 64.1767 3.62067 3.1624 74.6096 704.989
214.63 64.613 3.65086 3.23883 138.882 438.924
216.201 64.5654 3.57597 3.29758 21.2593 412.537
216.436 64.5012 3.57056 3.08875 117.049 403.507
221.784 64.453 3.60575 3.11627 125.818 446.829
221.784 64.4525 3.58626 3.18068 124.754 446.766
223.67 64.5753 3.6017 3.1772 254.065 510.116
195.344 61.9331 3.65633 3.18014 92.2353 1189.41
198.469 62.2938 3.64126 3.17538 140.049 1024.84
201.699 62.7161 3.63798 3.13794 90.2626 861.201
205.93 63.3569 3.64039 3.07127 88.0469 667.001
214.222 63.8036 3.5998 3.03554 114.981 366.452
217.924 64.0292 3.67363 3.15715 96.6642 346.495
222.48 63.8433 3.59668 3.18897 389.173 410.435
197.317 61.3416 3.63884 3.19487 201.928 1091.57
198.513 61.678 3.63757 3.18394 99.2293 1024.79
200.525 61.7105 3.62331 3.16362 172.313 918.255
201.703 62.1344 3.62717 3.18666 192.299 856.328
203.311 62.2195 3.62005 3.16037 134.808 773.183
205.146 62.1816 3.60975 3.15145 257.801 677.729
206.12 62.4787 3.62387 3.17704 210.619 632.694
221.871 63.109 3.56078 3.20673 308.082 329.201
193.799 60.3849 3.63955 3.2148 113.933 1298.12
196.65 60.4135 3.63011 3.16462 199.329 1143.99
198.04 60.7515 3.62518 3.16721 158.566 1062.09
199.312 60.6947 3.61807 3.13934 156.831 994.69
201.041 61.0224 3.60701 3.13879 167.179 896.539
202.562 61.4009 3.59975 3.0971 159.379 811.534
204.176 61.4907 3.59492 3.06587 162.454 725.184
205.609 61.9037 3.59184 3.10981 250.447 650.722
206.868 61.8823 3.57418 3.08273 202.509 584.533
209.88 61.7531 3.58589 3.10004 228.997 425.288
212.274 61.7929 3.58072 3.16875 188.064 302.858
223.206 62.5763 3.60203 3.18729 374.791 346.868
225.609 62.2024 3.63094 3.07814 260.593 446.595
198.315 59.9237 3.63475 3.16551 143.423 1066.37
199.908 60.1686 3.62749 3.16599 107.805 973.683
201.231 60.4742 3.61886 3.15114 199.904 895.252
202.813 60.5269 3.61909 3.15377 145.374 808.593
204.11 60.6801 3.61223 3.13577 194.233 735.768
205.516 60.8132 3.60343 3.1101 195.052 657.842
207.791 61.2001 3.58298 3.09209 210.616 532.217
224.22 61.4862 3.61357 3.10474 289.605 359.152
226.918 61.1512 3.61905 3.16498 261.1 501.693
198.736 59.2533 3.65238 3.2103 142.7 1064.4
200.175 59.1767 3.65685 3.1826 125.682 989.133
201.907 59.5938 3.64294 3.17314 180.147 881.287
202.905 59.7733 3.63718 3.16988 183.178 821.71
204.792 59.8542 3.63844 3.13359 165.917 717.183
205.68 60.1952 3.61561 3.11429 171.243 660.093
207.376 60.0815 3.61462 3.09364 173.965 571.115
210.276 60.4814 3.61449 3.11493 226.354 404.92
223.909 60.7704 3.54989 3.16295 235.357 341.186
190.452 56.6011 3.70115 3.224 46.8398 1631.77
202.009 59.0314 3.65378 3.18367 144.741 895.475
203.561 59.1953 3.6578 3.14929 130.363 805.739
204.771 59.3922 3.66752 3.15042 225.579 733.406
206.768 59.6524 3.64611 3.132 284.717 616.994
212.597 59.9979 3.63555 3.17932 357.248 295.886
223.04 60.1218 3.57177 3.12369 264.56 309.649
226.285 59.5898 3.61151 3.1407 172.79 500.795
227.183 60.2114 3.62278 3.22547 243.878 528.859
212.566 65.1171 3.63271 3.29459 229.795 533.019
203.344 58.6774 3.67786 3.16598 139.584 838.587
204.113 58.2637 3.6665 3.08718 115.89 817.564
204.991 58.6484 3.67399 3.08958 137.285 752.717
206.355 58.9287 3.65723 3.05724 144.213 668.006
207.606 58.6097 3.65833 3.06283 176.446 619.094
227.731 58.9601 3.64515 3.17406 121.413 604.249
202.426 57.5673 3.66554 3.16871 86.4146 942.429
203.613 57.6397 3.65188 3.15112 80.3659 876.99
205.548 57.5665 3.63839 3.11967 103.191 783.18
224.26 58.4133 3.74203 3.21483 66.2106 465.919
225.482 58.2747 3.73503 3.21869 47.8555 531.647
229.033 59.3946 3.63817 3.21504 175.839 654.278
197.939 55.703 3.65733 3.1759 91.2309 1286.01
200.447 56.2848 3.65484 3.16889 98.8169 1120.48
223.768 57.9616 3.74358 3.37412 98.2861 478.969
225.424 57.4688 3.76835 3.40316 55.6059 587.528
228.869 57.9128 3.66517 3.20938 89.9407 719.104
227.048 56.8144 3.76116 3.40345 45.0833 708.839
229.75 56.9811 3.68502 3.24875 58.0765 821.951
212.138 64.8735 3.62305 3.21812 155.508 521.235
210.428 68.6408 3.65948 3.14519 80.0747 924.808
226.879 56.1146 3.76477 3.33226 50.0929 758.157
229.974 55.9154 3.74762 3.31525 25.1704 909.035
228.385 55.3279 3.7702 3.44906 65.7428 886.379
218.842 64.7774 3.68974 3.20788 222.941 433.92
227.653 56.4191 3.7727 3.43046 82.3128 766.225
209.768 62.6893 3.63026 3.17228 89.7611 458.955
211.063 63.7323 3.57042 3.22113 188.221 462.425
211.14 63.4057 3.59198 3.08055 127.624 437.007
210.176 67.8516 3.63559 3.16793 34.8494 850.833
209.736 66.2066 3.616 3.23344 40.7237 706.714
210.418 68.0789 3.65187 3.15779 25.4475 868.603
211.301 69.7162 3.64487 3.16357 24.1039 1022.62
209.329 66.7192 3.63559 3.22492 38.4549 763.402
198.722 65.4015 3.60454 3.19197 32.971 1070.26
211.489 65.5114 3.60507 3.06188 38.828 597.105
194.662 64.5695 3.64822 3.26653 29.9723 1234.58
211.554 70.2036 3.65318 3.18924 22.6031 1070.96
210.41 68.6274 3.66975 3.14416 23.9435 923.758
209.89 67.3812 3.64581 3.16807 38.6697 811.348
210.457 65.825 3.59392 3.19862 46.9755 653.054
210.84 64.6544 3.61964 3.09159 63.515 541.047
210.867 64.709 3.6128 3.11551 91.5773 544.659
210.853 64.7716 3.61702 3.12627 88.5432 550.276
210.847 64.8338 3.60123 3.16936 77.0274 555.656
210.819 64.8857 3.59697 3.18192 83.6633 560.893
210.44 64.87 3.60364 3.15962 113.852 571.622
210.174 64.8537 3.60711 3.11821 92.9829 579.007
210.069 64.7653 3.60556 3.10422 121.29 575.541
210.917 64.5498 3.61596 3.10631 101.717 530.037
210.782 64.5716 3.61731 3.0897 83.8266 536.253
210.554 64.5756 3.61429 3.07649 120.147 544.203
210.901 64.613 3.61329 3.09342 122.233 535.703
211.172 64.6917 3.61118 3.11031 112.997 533.546
232.425 52.1577 3.78275 3.47865 17.0738 1328.19
232.644 52.2602 3.77962 3.37446 17.9173 1328.18
232.744 52.294 3.78156 3.37925 17.7381 1329.41
232.847 52.3171 3.78322 3.39181 18.1592 1331.69
212.567 65.1173 3.63938 3.30823 50.3273 533.03
212.57 65.1176 3.63972 3.29476 50.8013 532.991
209.768 62.6892 3.63031 3.17232 89.7611 458.962
210.331 61.4859 3.6011 3.1057 134.042 397.633
209.538 60.4832 3.63172 3.11849 175.51 444.826
210.519 60.6717 3.61251 3.12247 232.7 388.53
211.909 60.5183 3.61352 3.16468 176.379 315.923
210.455 61.3427 3.58265 3.10928 158.758 389.731
210.626 60.4754 3.64561 3.09985 156.184 386.093
209.518 60.7352 3.60128 3.09233 189.722 442.009
209.971 61.6954 3.58297 3.07954 204.658 419.545
208.723 60.6622 3.58882 2.98976 133.118 486.072
212.047 60.7098 3.60285 3.14595 236.577 305.184
211.068 60.8049 3.60509 3.07177 172.845 357.146
209.968 60.4881 3.62588 3.13198 215.58 421.437
210.253 60.4731 3.64209 3.11607 103.172 406.312
208.919 60.4641 3.61955 3.1254 160.077 478.775
210.813 60.8045 3.60924 3.13048 244.457 371.012
209.81 60.4601 3.63327 3.10699 178.665 430.561
211.376 60.7866 3.61159 3.09194 198.335 340.635
209.518 60.7351 3.60111 3.09219 189.722 441.989
