# evlo=209.296005 evla=60.516899
217.908 60.4896 3.63767 3.12696 147.642 472.931
217.507 60.403 3.63679 3.1269 109.473 451.678
218.338 61.0595 3.6046 3.11822 145.444 495.774
216.3 60.3932 3.66747 3.19309 137.679 385.486
216.716 60.1205 3.6597 3.23693 136.643 412.19
217.908 60.4896 3.63767 3.12696 147.642 472.931
217.507 60.403 3.63679 3.1269 109.473 451.678
218.338 61.0595 3.60464 3.11826 145.444 495.78
216.296 60.3923 3.66578 3.19161 137.679 385.308
216.716 60.1205 3.6597 3.23693 136.643 412.19
