# evlo=209.918304 evla=61.863602
217.908 60.4896 3.60497 3.02526 163.885 456.018
217.507 60.403 3.61976 3.00051 109.158 439.756
218.338 61.0595 3.57207 3.10565 134.688 457.442
216.3 60.3932 3.64445 2.96736 107.296 380.705
216.716 60.1205 3.66275 3.01338 155.534 415.737
215.271 60.5805 3.65841 2.99362 100.028 321.037
216.679 60.2805 3.63806 3.00754 155.887 405.112
218.244 60.7315 3.58926 3.07018 121.576 463.394
217.659 60.6024 3.61108 3.00702 174.006 438.572
226.475 68.3065 3.73016 3.25302 67.6136 1053.19
212.138 64.8736 3.67555 3.22849 149.073 353.371
218.842 64.7774 3.69612 3.19233 175.219 551.921
218.594 60.1556 3.59128 3.14278 22.7295 505.917
218.628 60.118 3.59021 3.17135 29.8168 509.462
218.674 60.1912 3.63416 3.12612 21.1101 508.232
218.614 60.172 3.61368 3.12475 50.5464 506.129
218.547 60.1369 3.50118 4.77987 61.7339 504.477
218.545 60.2663 3.61442 3.06054 45.3491 498.21
217.908 60.4896 3.60497 3.02526 163.885 456.018
217.507 60.403 3.61976 3.00051 109.158 439.756
218.338 61.0595 3.57211 3.10568 134.688 457.448
216.296 60.3923 3.64332 2.96644 107.296 380.588
216.716 60.1205 3.66275 3.01338 155.534 415.737
215.271 60.5805 3.65841 2.99362 100.028 321.037
216.679 60.2805 3.63806 3.00754 155.887 405.112
218.244 60.7315 3.58926 3.07018 121.576 463.394
217.659 60.602 3.61102 3.00696 174.006 438.564
