# evlo=209.970596 evla=61.6954
217.908 60.4896 3.60545 3.04315 185.393 448.501
217.507 60.403 3.61492 3.01423 165.836 431.559
218.338 61.0595 3.57052 3.12288 173.386 452.596
216.3 60.3932 3.62034 2.96146 104.313 371.286
216.716 60.1205 3.637 3.0536 151.156 405.664
215.271 60.5805 3.60259 2.96594 47.4426 311.276
216.679 60.2805 3.62686 3.00843 130.449 395.626
218.244 60.7315 3.59581 3.08906 130.832 457.102
217.659 60.6024 3.60968 3.03564 187.868 431.319
216.749 60.4427 3.61793 3.00277 213.032 391.457
217.639 60.9231 3.58306 3.07962 204.658 419.556
217.277 60.2474 3.62048 2.99672 146.174 427.004
218.995 60.824 3.58849 3.09433 80.1681 493.517
216.976 61.3836 3.55035 3.13761 181.718 374.032
218.049 60.1785 3.61638 3.05388 100.589 469.091
231.887 52.1847 3.74329 3.14336 18.7992 1689.11
226.475 68.3065 3.7364 3.2238 94.7954 1065.87
207.417 57.7828 3.57121 2.96209 162.263 458.862
212.138 64.8736 3.63877 3.18814 103.358 370.531
218.842 64.7774 3.67432 3.19777 160.828 562.058
218.547 60.1369 3.48397 4.69546 31.4198 496.168
210.176 67.8516 3.68571 3.16856 38.293 686.415
209.736 66.2066 3.72359 3.2821 47.4177 503.021
210.418 68.0789 3.71609 3.20777 35.8315 712.009
211.301 69.7162 3.68077 3.03603 36.8224 896.367
209.329 66.7192 3.67571 3.22181 30.3802 560.912
198.722 65.4015 3.66572 3.21707 58.1326 693.695
211.164 69.0223 3.71264 3.15859 31.6886 818.774
211.489 65.5114 3.68339 3.28246 115.438 431.96
231.681 55.018 3.76496 3.19758 22.8033 1462.32
231.846 55.084 3.76434 3.19498 27.4152 1465.87
232.267 55.179 3.74418 3.24879 31.5349 1480.23
232.359 55.411 3.7318 3.26312 22.8915 1468.96
233.933 52.3681 3.76626 3.62346 17.3192 1770.94
234.917 52.3782 3.74333 3.38745 19.3391 1817.66
217.908 60.4896 3.60545 3.04315 185.393 448.501
217.507 60.403 3.61492 3.01423 165.836 431.559
218.338 61.0595 3.57056 3.12291 173.386 452.602
216.296 60.3923 3.61912 2.96046 104.313 371.16
216.716 60.1205 3.637 3.0536 151.156 405.664
215.271 60.5805 3.60259 2.96594 47.4426 311.276
216.679 60.2805 3.62686 3.00843 130.449 395.626
218.244 60.7315 3.59581 3.08906 130.832 457.102
217.659 60.602 3.6096 3.03557 187.868 431.309
216.749 60.4427 3.61793 3.00277 213.032 391.457
217.639 60.9231 3.58297 3.07954 204.658 419.545
217.277 60.2474 3.62048 2.99672 146.174 427.004
218.995 60.8241 3.58847 3.09432 80.1681 493.515
216.976 61.3836 3.55035 3.13761 181.718 374.032
218.049 60.1785 3.61638 3.05388 100.589 469.091
