# evlo=209.968399 evla=60.488098
221.171 59.4924 3.65867 3.21238 37.4803 634.245
217.908 60.4896 3.64939 3.11437 137.436 436.24
217.507 60.403 3.64576 3.10444 159.347 414.861
218.338 61.0595 3.60785 3.09208 177.748 460.161
216.3 60.3932 3.65997 3.19221 133.435 348.599
216.716 60.1205 3.68785 3.22653 180.186 375.121
216.679 60.2805 3.6883 3.19091 179.149 370.661
218.244 60.7315 3.62686 3.11912 183.099 453.773
217.659 60.6024 3.64174 3.12719 198.213 422.027
216.749 60.4427 3.66374 3.1662 225.815 372.9
217.639 60.9231 3.62597 3.13206 215.58 421.447
217.277 60.2474 3.67275 3.17526 165.684 403.945
218.995 60.824 3.6145 3.10804 173.054 494.711
216.976 61.3836 3.61196 3.07826 164.868 392.598
218.049 60.1785 3.66943 3.14838 189.383 447.429
216.031 60.2361 3.68941 3.26158 158.507 335.635
217.533 61.1871 3.6184 3.05484 255.39 418.437
218.652 60.2994 3.66236 3.12594 125.518 478.9
231.887 52.1847 4.13229 3.86634 16.0354 1628.53
226.475 68.3065 3.69758 3.18131 64.9001 1173.14
207.417 57.7828 3.60375 3.0339 236.852 334.848
212.138 64.8736 3.62761 3.12182 106.542 501.196
218.842 64.7774 3.66563 3.22429 124.338 659.032
218.594 60.1556 3.61557 3.10738 37.7035 477.723
218.628 60.118 3.63421 3.13639 40.827 480.217
218.674 60.1912 3.60815 3.15438 32.7022 481.595
218.614 60.172 3.61772 3.1537 46.4826 478.571
218.545 60.2663 3.61849 3.06823 45.2558 473.441
218.45 60.2235 3.62875 3.12968 54.219 468.794
218.652 60.1592 3.62246 3.15508 48.6193 480.855
217.908 60.4896 3.64939 3.11437 137.436 436.24
217.507 60.403 3.64576 3.10444 159.347 414.861
218.338 61.0595 3.60789 3.09212 177.748 460.167
216.296 60.3923 3.65809 3.19057 133.435 348.419
216.716 60.1205 3.68785 3.22653 180.186 375.121
216.679 60.2805 3.6883 3.19091 179.149 370.661
218.244 60.7315 3.62686 3.11912 183.099 453.773
217.659 60.602 3.64152 3.127 198.213 422.002
216.749 60.4427 3.66374 3.1662 225.815 372.9
217.639 60.9231 3.62588 3.13198 215.58 421.437
217.277 60.2474 3.67275 3.17526 165.684 403.945
218.995 60.8241 3.6145 3.10804 173.054 494.712
216.976 61.3836 3.61196 3.07826 164.868 392.598
218.049 60.1785 3.66943 3.14838 189.383 447.429
216.031 60.2361 3.68941 3.26158 158.507 335.635
217.533 61.187 3.61848 3.0549 255.39 418.446
218.652 60.2994 3.66236 3.12594 125.518 478.9
