# evlo=211.376205 evla=60.786598
217.908 60.4896 3.64594 3.12466 114.557 358.837
217.507 60.403 3.64344 3.18919 151.545 338.514
218.338 61.0595 3.59025 3.04687 165.371 378.627
216.716 60.1205 3.65677 3.34926 135.599 302.999
216.679 60.2805 3.67307 3.30424 132.021 296.443
218.244 60.7315 3.61728 3.11747 149.593 374.301
217.659 60.6024 3.63249 3.11339 145.044 343.709
216.749 60.4427 3.65071 3.24482 212.794 296.622
217.639 60.9231 3.61171 3.09204 198.335 340.646
217.277 60.2474 3.65557 3.17947 107.028 329.494
218.995 60.824 3.6163 3.06695 143.054 414.553
216.976 61.3836 3.59852 3.23364 132.684 309.311
218.049 60.1785 3.65797 3.13741 101.911 372.965
217.533 61.1871 3.60774 3.06707 136.711 336.102
218.652 60.2994 3.64901 3.15395 107.371 402.788
219.217 60.1294 3.58008 3.12439 32.8032 437.36
218.856 60.4399 3.62605 3.17981 37.1961 411.199
226.475 68.3065 3.70694 3.23528 42.2527 1101.95
207.417 57.7828 3.65845 3.03331 192.224 403.471
212.138 64.8736 3.64799 3.05981 82.9962 457.176
218.842 64.7774 3.67437 3.30089 98.3109 584.998
209.329 66.7192 3.62427 3.37978 21.3191 668.909
211.489 65.5114 3.73019 3.19316 38.5384 526.674
217.908 60.4896 3.64594 3.12466 114.557 358.837
217.507 60.403 3.64344 3.18919 151.545 338.514
218.338 61.0595 3.59031 3.04692 165.371 378.633
216.716 60.1205 3.65677 3.34926 135.599 302.999
216.679 60.2805 3.67307 3.30424 132.021 296.443
218.244 60.7315 3.61728 3.11747 149.593 374.301
217.659 60.602 3.63226 3.11319 145.044 343.687
216.749 60.4427 3.65071 3.24482 212.794 296.622
217.639 60.9231 3.61159 3.09194 198.335 340.635
217.277 60.2474 3.65557 3.17947 107.028 329.494
218.995 60.8241 3.61629 3.06694 143.054 414.552
216.976 61.3836 3.59852 3.23364 132.684 309.311
218.049 60.1785 3.65797 3.13741 101.911 372.965
217.533 61.187 3.60785 3.06716 136.711 336.112
218.652 60.2994 3.64901 3.15395 107.371 402.788
219.217 60.1294 3.58008 3.12439 32.8032 437.36
218.856 60.4399 3.62605 3.17981 37.1961 411.199
